64,170,2,2,119,0,1953125,12,0,0,0.84,0,0,NaN,0,0,115,106,109,119,97,120,101,107,121,101,127,105,110,110,90,120,91,110,113,98,115,79,107,111,92,118,100,129,89,116,144,60,199,154,63,159,139,120,87,108,152,92,398,356,332,410,220,164,76,200,350,202,247,406,457,1000,840,665,462,208,218,341,133,150,177,115,68,184,198,70,169,109,140,155,92,168,119,127,161,98,147,124,119,136,107
64,170,1,2,119,0,1953125,12,0,0,0.8,0,0,NaN,0,0,43,28,17,40,18,21,35,8,30,30,14,39,27,25,35,22,29,16,33,42,9,47,56,5,54,47,26,67,19,61,54,55,116,109,32,134,122,68,116,87,39,108,287,278,308,283,270,455,492,421,564,483,590,882,1000,929,932,371,64,328,365,379,337,262,110,111,83,38,34,31,44,89,51,54,71,43,45,50,17,35,40,11,38,33,19
64,170,1,2,119,0,1953125,12,0,0,0.85,0,0,NaN,0,0,46,18,27,29,14,39,11,36,41,5,33,26,28,18,30,41,20,27,20,37,27,35,78,45,56,68,36,86,31,92,97,41,115,131,79,137,132,84,133,21,217,174,393,574,665,559,548,266,334,397,292,436,615,871,890,918,1000,485,254,452,437,461,359,261,105,63,121,137,108,110,70,44,91,51,48,74,39,46,40,32,47,14,33,39,14
64,170,2,2,119,0,1953125,12,0,0,0.95,0,0,NaN,0,0,157,142,167,140,181,132,185,124,195,119,198,117,191,113,200,118,185,118,186,156,158,164,151,203,113,211,108,214,111,310,42,269,84,317,192,254,230,138,275,295,174,557,500,255,460,444,753,427,628,380,511,409,800,927,878,1000,602,720,142,138,540,521,310,552,142,294,101,309,182,257,230,207,246,159,272,124,254,123,267,104,256,117,237,131,231
64,170,2,2,119,0,1953125,12,0,0,0.86,0,0,NaN,0,0,48,40,19,48,12,42,28,31,52,17,42,40,49,43,39,49,39,60,39,67,52,51,93,53,104,80,75,114,33,85,44,87,149,141,309,369,299,345,413,610,550,305,239,381,404,489,193,280,518,619,588,510,479,791,881,999,980,709,462,716,764,636,444,180,137,84,166,68,149,121,115,149,74,107,110,79,114,73,81,87,46,77,57,57,61
64,170,2,2,119,0,1953125,12,0,0,0.95,0,0,NaN,0,0,117,95,113,102,111,110,111,113,103,123,94,131,82,133,73,138,69,136,63,136,73,134,69,139,98,127,129,104,147,79,201,34,145,111,188,19,254,85,175,124,213,112,401,405,272,316,46,333,133,352,227,56,277,710,775,1000,921,713,396,121,140,293,415,145,282,92,202,53,219,121,159,111,175,150,129,175,103,174,89,179,77,171,84,162,82
64,170,2,2,119,0,1953125,12,0,8106,2.41,0,0,NaN,0,0,25,22,24,22,29,31,22,20,21,27,13,16,14,23,11,12,23,13,7,10,26,22,29,28,50,45,65,63,60,136,84,178,169,57,168,180,83,149,182,231,83,110,233,65,52,135,375,269,106,362,436,631,283,84,619,198,1000,692,334,437,543,357,473,151,110,85,162,19,70,56,23,48,19,46,14,7,3,6,3,12,4,7,5,19,13
64,170,2,2,119,0,1953125,12,0,7581,2.32,0,0,NaN,0,0,95,50,38,74,67,66,12,75,66,38,9,51,57,41,34,71,43,23,13,93,95,9,44,66,159,87,32,37,198,250,166,242,274,180,92,217,402,405,348,401,210,203,255,276,410,355,632,785,864,884,513,130,236,684,1000,928,794,662,555,429,470,404,145,72,204,333,214,101,94,123,203,74,31,46,154,115,12,13,112,140,76,46,34,76,69
64,170,2,2,119,0,1953125,12,0,7676,2.34,0,0,NaN,0,0,15,48,43,56,6,43,50,40,2,23,48,26,3,21,39,13,7,45,45,25,1,49,72,62,18,55,116,108,86,100,55,106,13,76,55,88,50,83,97,119,204,54,80,332,492,340,126,414,671,548,310,420,918,1000,800,362,303,489,520,301,190,221,111,31,213,205,120,70,82,99,43,60,80,80,71,65,62,59,53,27,15,54,42,15,39
64,170,2,2,119,0,1953125,12,0,0,0.84,0,0,NaN,0,0,126,133,113,143,113,133,132,114,149,112,138,136,107,150,99,128,136,101,143,99,129,128,92,140,101,136,139,100,148,76,195,161,86,245,174,53,261,172,102,253,193,83,256,558,269,425,437,167,403,563,528,756,480,614,821,838,1000,369,392,444,149,233,290,167,70,232,240,30,217,226,73,205,159,141,200,105,188,153,133,190,116,171,150,134,165
64,170,1,2,119,0,1953125,12,0,0,0.73,0,0,NaN,0,0,137,124,136,139,122,133,136,116,127,133,114,125,133,114,128,138,120,133,141,126,131,144,112,127,146,106,125,137,97,114,157,83,145,163,144,121,318,129,163,266,166,126,230,319,101,260,496,442,457,614,129,210,179,584,596,1000,735,444,334,323,38,228,287,133,155,289,137,152,252,148,139,195,178,137,185,181,139,175,164,135,168,158,131,155,150
64,170,1,2,119,0,1953125,12,0,0,0.72,0,0,NaN,0,0,27,15,39,34,2,29,34,13,19,28,22,20,21,22,30,20,21,46,30,8,46,51,25,46,76,27,36,71,61,36,90,122,98,121,97,89,143,198,141,134,134,149,172,548,588,328,250,136,161,198,349,593,595,559,1000,889,541,113,279,562,666,529,304,266,238,196,154,186,204,110,68,117,113,38,73,100,50,24,72,65,8,50,64,30,22
64,170,2,2,119,0,1953125,12,0,7256,2.26,0,0,NaN,0,0,28,32,15,27,20,26,15,15,18,23,14,13,8,13,10,5,31,12,9,6,37,16,15,15,37,47,14,39,68,128,79,99,58,74,55,94,144,183,171,179,221,316,175,314,184,104,176,199,362,699,462,798,1000,728,123,685,834,610,567,536,314,360,249,249,56,80,166,73,75,64,25,37,17,20,33,24,20,13,15,16,14,14,10,15,5
64,170,2,2,119,0,1953125,12,0,0,0.83,0,0,NaN,0,0,217,209,203,194,183,152,149,150,139,118,108,91,72,38,35,57,78,99,108,113,139,170,165,220,238,249,265,298,311,288,404,282,280,315,418,446,323,357,434,314,422,437,349,475,228,168,198,1000,619,614,339,453,612,873,670,499,524,329,439,559,421,289,293,212,177,230,216,262,265,252,225,202,198,170,154,151,135,140,138,145,155,124,103,82,73
64,170,2,2,119,0,1953125,12,0,0,0.86,0,0,NaN,0,0,39,31,57,6,53,42,30,61,21,51,44,35,52,36,55,41,60,44,49,63,37,88,60,74,90,29,127,94,102,166,149,284,247,82,176,93,115,16,353,344,279,244,332,605,904,786,490,424,615,765,722,753,902,934,758,742,959,1000,767,97,221,415,359,266,108,184,204,87,40,30,102,119,70,139,118,69,96,63,76,67,50,80,56,55,67
64,170,2,2,119,0,1953125,12,0,0,0.88,0,0,NaN,0,0,194,160,176,183,158,201,156,207,167,182,188,150,206,148,198,156,166,189,135,205,127,198,165,150,199,132,201,145,208,181,158,271,123,208,235,247,99,384,195,430,503,93,326,256,149,406,97,605,648,814,908,541,683,172,585,614,999,644,356,736,426,334,430,100,359,26,415,286,206,385,93,310,203,217,253,159,279,172,245,195,202,219,181,236,172
64,170,2,2,119,0,1953125,12,0,0,0.88,0,0,NaN,0,0,39,50,10,56,26,35,42,11,46,15,36,29,27,31,17,25,16,36,12,38,15,53,58,16,53,20,64,44,78,134,77,187,161,116,105,69,135,33,166,97,196,406,408,420,471,192,386,605,752,978,787,1000,892,698,321,111,374,117,294,645,603,610,548,338,161,123,56,140,101,177,144,42,111,52,63,46,47,81,25,49,45,21,29,25,43
64,170,2,2,119,0,1953125,12,0,0,0.86,0,0,NaN,0,0,67,15,80,38,57,71,24,77,44,65,74,51,80,65,81,60,79,74,72,105,65,126,94,81,138,76,170,137,144,227,134,106,69,177,326,209,448,492,520,620,537,733,921,846,932,864,758,883,671,932,836,980,837,633,699,566,492,211,693,1000,881,696,504,379,146,142,94,99,204,170,212,191,122,169,95,87,128,85,116,91,98,110,62,92,92
64,170,2,2,119,0,1953125,12,0,0,0.71,0,0,NaN,0,0,19,11,29,27,2,24,31,18,10,26,24,12,18,21,22,28,25,30,40,32,9,25,29,16,33,61,30,51,68,33,38,13,45,62,141,70,24,58,179,336,169,152,373,537,372,211,236,338,278,481,523,532,243,428,852,942,1000,307,36,258,331,185,43,124,231,126,97,128,111,33,41,92,75,17,47,74,41,17,61,61,16,34,56,39,9
64,170,2,2,119,0,1953125,12,0,0,0.87,0,0,NaN,0,0,163,145,171,144,164,162,151,173,146,176,155,160,161,137,170,142,172,134,151,166,115,183,123,171,162,123,180,112,199,193,128,168,119,296,174,213,280,158,429,264,164,359,569,325,290,314,183,399,845,824,626,693,125,790,625,1000,612,599,703,564,498,454,140,266,120,414,226,228,351,94,253,186,181,232,138,260,170,198,202,159,230,150,205,179,175
64,170,2,2,119,0,1953125,12,0,0,0.86,0,0,NaN,0,0,111,90,110,97,94,109,94,119,94,110,107,90,116,78,116,99,98,116,65,118,80,106,95,89,131,73,114,67,109,130,96,136,68,149,186,37,225,105,185,262,32,98,186,372,219,231,462,335,127,265,86,377,241,393,632,1000,987,435,267,264,121,157,53,231,152,151,223,48,226,145,138,149,78,168,74,157,144,100,166,85,138,113,113,143,91
64,170,2,2,119,0,1953125,12,0,0,0.87,0,0,NaN,0,0,192,145,193,172,178,198,158,210,153,194,179,168,212,145,206,144,182,185,140,216,112,223,155,169,218,102,287,102,265,227,177,370,12,328,235,184,298,4,378,330,385,647,467,900,660,298,474,30,510,114,299,431,554,1000,874,553,454,553,720,440,618,328,573,519,117,402,256,175,264,108,340,160,278,263,152,291,143,273,198,213,253,150,256,163,225
64,170,2,2,119,0,1953125,12,0,0,0.88,0,0,NaN,0,0,50,49,23,57,8,58,42,30,52,20,42,23,46,38,33,37,39,50,29,67,25,50,34,43,56,32,79,4,89,74,140,189,107,200,138,42,104,41,142,244,198,401,619,859,899,760,703,520,348,125,92,390,346,522,787,703,715,524,668,1000,919,947,649,464,433,278,217,175,139,244,185,166,168,91,119,63,84,89,53,88,56,67,58,46,63
64,170,2,2,119,0,1953125,12,0,0,0.86,0,0,NaN,0,0,29,13,33,9,27,25,14,30,5,25,19,22,27,20,31,22,38,30,45,35,31,56,20,60,45,51,69,33,90,52,106,134,83,154,124,150,276,226,163,146,169,275,315,387,415,389,438,477,381,563,573,438,525,698,1000,823,698,542,168,255,335,265,126,109,168,169,172,198,132,99,114,77,97,75,80,93,46,61,58,40,55,36,46,40,32
64,170,2,2,119,0,1953125,12,0,0,0.82,0,0,NaN,0,0,25,30,9,28,21,9,25,9,19,22,3,22,18,8,13,16,24,11,25,24,9,33,18,19,32,7,40,26,18,23,64,56,36,16,56,74,183,189,127,173,241,231,349,360,155,207,249,308,176,329,214,116,623,724,904,964,1000,663,304,353,450,375,229,186,121,19,20,16,34,37,15,57,67,23,49,50,19,35,22,33,38,13,35,37,18
64,170,2,2,119,0,1953125,12,0,0,0.86,0,0,NaN,0,0,25,29,27,22,26,28,30,11,21,20,24,14,16,19,15,11,14,14,24,17,28,32,23,56,24,66,31,44,50,57,66,36,45,31,64,28,230,180,132,363,92,312,340,274,137,281,194,85,255,226,141,638,144,257,387,801,1000,208,340,206,332,121,233,169,103,71,135,95,38,83,29,36,15,14,38,11,12,9,21,4,10,19,18,15,18
64,170,2,2,119,0,1953125,12,0,4283,1.75,0,0,NaN,0,0,25,29,27,22,26,28,30,11,21,20,24,14,16,19,15,11,14,14,24,17,28,32,23,56,24,66,31,44,50,57,66,36,45,31,64,28,230,180,132,363,92,312,340,274,137,281,194,85,255,226,141,638,144,257,387,801,1000,208,340,206,332,121,233,169,103,71,135,95,38,83,29,36,15,14,38,11,12,9,21,4,10,19,18,15,18
64,170,2,2,119,0,1953125,12,0,0,0.89,0,0,NaN,0,0,597,617,613,612,608,621,630,643,640,631,613,611,615,615,612,604,588,581,576,581,589,582,585,572,567,595,614,628,587,657,595,672,642,758,626,615,744,746,686,649,819,784,698,603,814,777,642,678,787,733,478,925,718,879,667,469,592,1000,779,593,779,722,629,726,787,666,699,720,779,734,760,744,750,735,745,751,758,740,733,724,708,724,720,716,705
64,170,2,2,119,0,1953125,12,0,0,0.96,0,0,NaN,0,0,142,171,147,180,147,182,149,181,153,179,149,177,145,183,134,178,138,173,137,169,151,157,140,169,151,167,148,185,187,149,249,86,217,174,219,125,255,187,289,169,528,279,850,841,925,1000,362,486,171,628,301,335,90,512,357,719,530,463,359,484,352,750,471,236,276,194,327,64,322,103,270,145,264,139,238,183,228,178,203,184,209,201,180,186,177
64,170,2,2,119,0,1953125,12,0,0,0.47,0,0,NaN,0,0,3,4,9,12,14,12,8,3,4,8,12,14,12,3,6,13,19,23,20,19,12,7,16,31,49,41,35,36,18,22,30,27,128,86,28,58,13,40,217,264,82,112,124,312,422,261,144,540,189,558,599,340,148,411,248,927,1000,196,609,504,327,189,137,28,142,149,150,96,58,62,19,46,62,63,52,42,35,34,42,51,55,49,40,31,29
