64,170,2,2,119,0,1953125,12,0,0,0.91,0,0,NaN,0,0,16,35,12,35,25,21,27,10,28,2,24,9,19,10,16,8,22,14,27,29,22,37,17,66,27,37,27,51,60,43,141,65,102,52,103,184,98,205,135,112,171,254,306,159,122,23,258,325,393,686,915,1000,975,480,469,614,365,82,209,204,295,331,288,244,258,168,113,87,18,39,56,56,1,32,21,54,37,26,50,23,34,23,44,38,11
64,170,2,2,119,0,1953125,12,0,4533,1.8,0,0,NaN,0,0,34,28,12,23,21,16,7,19,11,7,1,7,18,16,25,23,19,9,15,37,37,12,17,36,50,18,71,46,24,8,44,97,91,94,140,209,176,75,191,162,101,145,347,532,532,447,643,309,797,466,636,178,839,323,787,771,1000,795,691,743,365,179,307,55,104,117,41,73,112,20,68,59,55,33,47,50,47,25,35,46,29,9,24,36,29
64,170,2,2,119,0,1953125,12,0,4488,1.79,0,0,NaN,0,0,73,72,39,33,77,54,50,24,80,42,47,38,88,28,39,40,67,22,39,58,54,80,45,91,46,136,68,123,22,214,111,56,163,329,234,307,107,205,61,193,320,592,514,345,261,323,342,487,617,651,586,373,406,833,1000,907,715,458,557,537,639,530,591,398,402,250,280,121,171,105,189,53,124,72,143,31,100,55,92,45,111,78,79,61,95
64,170,2,2,119,0,1953125,12,0,5499,1.96,0,0,NaN,0,0,6,35,44,17,42,32,9,58,11,21,40,20,44,38,33,45,26,37,44,42,9,19,51,17,63,34,56,58,79,73,131,123,187,84,96,205,73,146,200,40,133,68,413,668,515,285,427,478,303,39,186,219,589,740,642,766,1000,644,223,337,265,137,181,225,163,80,81,64,38,145,57,71,90,18,71,44,27,76,22,54,53,43,67,33,54
64,170,2,2,119,0,1953125,12,0,0,0.98,0,0,NaN,0,0,171,183,160,186,170,185,164,179,162,188,164,168,160,174,164,169,156,168,170,170,163,162,179,196,171,173,198,215,164,214,250,143,202,318,189,426,601,222,543,167,266,125,448,130,488,300,125,403,784,567,1000,612,953,745,810,682,559,609,533,790,374,540,168,203,243,312,128,410,117,259,178,299,149,255,170,264,181,247,156,258,185,234,174,232,180
64,170,2,2,119,0,1953125,12,0,7665,2.33,0,0,NaN,0,0,37,33,21,39,36,28,17,35,34,18,19,22,41,17,20,27,43,23,36,32,65,16,48,36,77,27,40,75,30,53,78,44,175,56,42,27,245,28,193,131,50,215,141,472,299,598,215,381,93,475,495,401,747,758,155,412,468,1000,582,257,352,310,197,261,119,99,78,10,60,28,27,34,11,29,30,50,14,18,19,35,24,8,20,31,22
64,170,2,2,119,0,1953125,12,0,0,0.79,0,0,NaN,0,0,723,734,746,746,746,736,727,718,697,690,689,693,690,696,699,691,683,672,671,666,668,675,708,735,747,775,797,791,776,775,781,816,800,840,866,917,855,858,887,822,948,705,726,768,751,932,904,796,753,1000,645,637,518,767,998,952,921,953,684,953,686,804,856,897,895,943,931,921,906,885,876,864,878,895,902,905,911,908,887,873,855,833,825,848,849
64,170,2,2,119,0,1953125,12,0,0,0.64,0,0,NaN,0,0,14,10,13,17,13,10,14,18,12,11,17,17,10,15,19,19,18,26,28,20,21,29,36,27,28,41,32,20,21,2,27,28,4,48,20,29,128,62,144,58,156,235,209,123,270,661,579,245,303,462,411,296,394,928,1000,291,90,535,431,233,250,285,347,175,68,25,114,110,41,31,76,81,31,38,76,60,11,49,70,52,14,47,64,43,14
64,170,2,2,119,0,1953125,12,0,0,0.8,0,0,NaN,0,0,31,18,47,26,22,46,19,24,36,11,28,30,19,30,21,26,17,21,33,15,41,50,18,74,63,35,99,67,39,98,61,93,169,128,237,287,260,291,398,377,447,442,444,385,675,573,550,545,688,806,999,768,788,417,530,514,446,132,163,227,244,208,159,97,99,122,92,122,145,73,48,69,12,63,63,16,54,52,13,40,30,19,40,19,27
64,170,2,2,119,0,1953125,12,0,0,0.95,0,0,NaN,0,0,21,58,14,53,18,49,18,51,34,44,46,46,54,36,45,44,55,55,71,51,83,43,99,22,85,5,106,39,163,116,93,73,119,183,225,282,150,328,283,483,543,647,756,743,929,835,634,237,360,589,666,410,255,721,865,1000,657,387,492,443,582,428,315,262,115,205,125,85,138,106,66,101,42,106,74,105,72,63,72,38,44,35,58,35,43
64,170,2,2,119,0,1953125,12,0,0,0.84,0,0,NaN,0,0,86,123,78,119,103,90,126,69,118,100,83,129,63,118,99,77,126,55,127,98,84,138,52,136,101,95,141,52,170,136,85,220,78,164,181,63,186,97,134,178,19,236,151,207,313,79,379,374,498,840,760,966,999,801,793,685,764,363,361,278,107,283,124,105,209,41,193,189,60,230,136,118,198,53,177,128,108,175,70,160,121,105,155,73,154
64,170,2,2,119,0,1953125,12,0,0,0.86,0,0,NaN,0,0,49,20,55,12,48,45,21,56,14,39,30,27,33,19,42,24,46,31,58,44,34,75,18,84,61,49,98,11,87,26,160,160,182,210,201,178,265,88,31,181,195,356,337,410,380,163,454,564,702,856,1000,955,730,513,778,890,762,399,405,359,292,274,304,223,366,325,270,294,226,195,164,86,145,104,91,118,75,98,80,68,95,58,72,72,48
64,170,2,2,119,0,1953125,12,0,0,0.86,0,0,NaN,0,0,104,124,122,109,139,100,137,109,116,127,94,141,92,129,113,101,135,77,151,90,130,134,90,165,69,166,143,102,183,111,137,108,190,138,156,314,60,306,180,161,342,165,178,154,149,434,363,388,491,604,1000,787,727,442,277,269,235,716,634,470,404,65,332,119,253,242,95,313,124,209,257,36,231,98,188,189,103,212,83,182,134,137,188,89,187
64,170,2,2,119,0,1953125,12,0,7680,2.34,0,0,NaN,0,0,41,39,38,16,36,30,31,7,27,27,12,9,20,27,13,1,21,45,22,25,10,98,27,23,45,90,27,10,137,78,167,56,124,47,398,360,305,128,211,114,553,484,488,270,585,762,403,999,423,422,527,518,599,625,889,562,636,761,492,42,198,78,319,48,246,63,188,91,127,54,33,94,44,54,33,58,40,35,13,37,40,25,14,31,38
64,170,2,2,119,0,1953125,12,0,0,0.86,0,0,NaN,0,0,284,262,228,204,185,196,200,207,184,163,99,55,49,70,107,86,69,77,105,164,215,249,240,253,251,254,272,313,388,428,414,422,368,327,399,513,535,372,349,577,496,356,319,399,328,546,619,888,271,180,1000,446,637,167,585,547,166,456,760,258,278,414,400,278,280,244,322,258,284,267,255,242,230,218,228,214,204,173,162,141,129,125,131,114,104
64,170,1,2,119,0,1953125,12,0,0,0.84,0,0,NaN,0,0,178,177,197,158,198,166,175,199,156,201,163,167,190,136,195,151,178,185,142,206,131,188,189,152,237,128,236,244,108,265,185,198,276,188,291,12,392,315,217,520,299,469,625,375,731,618,650,906,803,646,949,781,762,364,683,1000,549,495,203,473,289,295,312,43,338,329,79,371,276,161,304,141,283,241,189,284,166,248,221,189,258,170,253,217,189
64,170,1,2,119,0,1953125,12,0,7778,2.35,0,0,NaN,0,0,28,31,27,35,25,29,18,41,25,15,22,19,27,10,23,22,27,9,42,13,26,14,45,39,49,9,52,76,70,112,175,119,158,53,139,80,142,332,287,472,385,190,456,312,614,826,653,232,298,210,473,1000,573,406,740,597,843,375,120,120,404,151,173,224,191,215,100,89,16,69,46,34,44,42,21,15,24,13,10,18,8,16,6,24,25
64,170,1,2,119,0,1953125,12,0,0,0.85,0,0,NaN,0,0,661,662,662,667,668,672,675,661,650,642,629,630,627,629,633,620,620,613,611,614,635,650,654,673,679,671,685,708,726,737,751,791,747,782,751,728,870,756,793,814,740,832,745,661,702,858,934,766,654,557,796,498,1000,943,571,671,541,925,846,793,711,776,756,761,811,825,817,823,827,828,816,812,815,821,820,829,813,799,792,777,784,785,796,801,791
64,170,1,2,119,0,1953125,12,0,0,0.91,0,0,NaN,0,0,47,22,36,31,27,46,9,49,19,43,24,42,42,30,33,34,41,28,52,27,54,6,61,30,44,54,24,33,96,156,113,224,181,207,243,214,334,401,503,485,418,397,354,276,370,216,329,336,516,620,870,873,706,667,637,999,833,350,157,301,396,274,371,367,335,372,219,151,110,31,64,49,93,26,75,58,50,52,41,64,29,64,55,49,44
64,170,1,2,119,0,1953125,12,0,0,0.81,0,0,NaN,0,0,26,40,11,30,31,3,30,19,18,31,12,27,30,23,31,29,40,29,30,49,21,36,49,18,67,65,50,91,79,42,93,80,50,116,73,117,68,119,187,124,219,343,407,320,355,206,275,479,692,927,1000,798,775,467,171,182,218,111,178,377,287,183,228,175,207,208,117,119,107,25,47,26,24,36,6,36,28,15,39,17,25,38,15,25,33
64,170,1,2,119,0,1953125,12,0,0,0.78,0,0,NaN,0,0,31,12,42,29,13,41,27,15,35,19,22,34,25,29,30,30,37,27,41,46,22,48,36,15,55,48,47,125,115,83,173,158,129,195,189,166,330,292,219,218,195,104,231,281,290,442,599,623,774,958,1000,974,923,491,571,558,595,492,298,425,231,121,128,168,255,233,200,191,161,105,130,111,51,103,102,36,73,76,30,58,64,33,45,38,27
64,170,1,2,119,0,1953125,12,0,0,0.78,0,0,NaN,0,0,51,36,11,44,26,21,46,21,29,40,10,31,34,18,31,22,36,35,28,62,43,21,64,46,49,95,39,55,106,65,161,226,143,186,142,126,305,284,268,275,238,294,353,552,563,523,599,674,750,877,790,670,400,551,1000,876,622,539,505,356,99,118,179,273,294,228,172,174,115,74,92,66,60,91,67,23,60,51,29,54,38,25,44,21,35
64,170,1,2,119,0,1953125,12,0,0,0.87,0,0,NaN,0,0,171,196,163,199,163,188,178,169,192,148,195,159,172,166,153,187,138,195,140,181,186,147,220,123,201,196,177,178,219,306,44,375,216,397,632,244,498,399,225,600,296,220,364,254,487,70,458,295,510,718,353,667,507,436,870,1000,793,240,640,412,647,592,74,399,205,291,455,121,291,237,222,274,169,298,159,264,224,204,276,161,257,189,216,235,198
64,170,2,2,119,0,1953125,12,0,0,0.83,0,0,NaN,0,0,33,51,8,48,42,16,51,27,34,46,25,43,33,41,47,40,60,45,67,64,53,88,49,77,105,72,142,116,91,181,143,118,157,80,117,165,70,262,249,265,327,379,521,621,571,532,618,658,815,1000,863,919,638,592,650,595,561,47,107,143,64,61,100,106,111,29,50,91,85,57,100,88,59,82,56,54,71,34,55,66,31,47,41,30,44
64,170,2,2,119,0,1953125,12,0,0,0.84,0,0,NaN,0,0,189,176,170,192,148,189,166,164,196,148,188,159,154,177,136,188,144,176,179,129,202,130,182,193,143,255,124,223,239,109,219,186,248,114,297,354,127,487,427,383,572,215,330,441,226,664,634,595,981,577,182,290,174,863,610,1000,982,860,549,239,490,219,175,292,49,421,349,105,359,192,229,277,147,305,174,237,260,155,269,179,227,237,167,257,177
64,170,2,2,119,0,1953125,12,0,0,0.96,0,0,NaN,0,0,162,137,166,134,173,131,177,116,178,115,179,105,176,101,180,100,172,101,182,90,192,96,198,93,206,143,178,110,243,118,250,144,251,178,303,412,217,415,35,264,104,435,143,391,241,357,336,91,316,871,776,854,380,385,715,999,673,401,452,631,673,315,480,119,413,50,395,121,322,169,255,161,223,170,230,179,200,182,195,198,176,197,160,201,166
64,170,2,2,119,0,1953125,12,0,4183,1.74,0,0,NaN,0,0,25,24,21,9,24,17,3,11,11,10,9,12,22,25,19,22,31,24,18,23,41,30,30,18,48,32,11,25,34,16,11,58,88,24,60,201,323,208,481,327,131,423,168,447,317,270,542,384,357,289,721,917,683,1000,743,719,719,467,462,212,40,335,87,131,92,101,107,46,114,111,37,63,59,64,52,75,53,48,40,41,43,40,34,29,48
64,170,2,2,119,0,1953125,12,0,0,0.96,0,0,NaN,0,0,255,269,265,251,200,190,205,210,171,135,113,107,128,89,57,85,127,129,122,144,210,236,225,251,255,322,339,327,311,363,390,387,365,369,373,584,389,295,497,533,375,286,932,866,780,696,262,668,514,287,922,295,752,589,924,1000,710,42,682,538,354,338,362,498,160,436,244,279,295,285,245,234,228,178,217,197,168,137,141,120,96,95,78,33,36
64,170,2,2,119,0,1953125,12,0,0,0.91,0,0,NaN,0,0,7,30,10,50,34,33,27,17,19,24,50,13,23,22,39,8,39,32,32,16,44,56,28,33,5,40,63,74,30,77,75,74,102,78,136,166,271,339,444,505,316,186,86,80,83,103,112,30,159,368,587,684,300,552,951,999,660,210,506,536,375,150,251,362,232,112,58,67,41,66,143,96,45,51,86,81,9,81,61,27,21,63,62,4,44
64,170,2,2,119,0,1953125,12,0,0,0.85,0,0,NaN,0,0,37,14,26,25,16,42,20,24,32,6,19,7,22,15,16,24,16,24,15,46,35,16,49,14,63,73,68,90,38,49,48,92,79,74,146,179,201,284,321,205,288,209,186,288,129,360,410,308,290,180,168,199,441,931,1000,698,456,444,301,162,54,123,230,191,211,188,152,172,100,42,71,19,70,58,44,72,30,46,49,16,53,33,25,36,19
