64,170,2,2,119,0,1953125,12,0,0,0.96,0,0,NaN,0,0,55,27,39,22,35,29,36,36,21,26,22,38,6,15,24,22,21,22,42,29,48,58,17,36,64,62,53,84,90,165,105,250,238,265,228,89,203,206,267,134,134,69,156,104,390,463,676,867,1000,736,712,626,755,791,314,175,576,598,506,338,358,242,83,28,211,229,133,108,46,114,37,73,23,65,27,83,64,41,40,45,54,13,28,20,16
64,170,2,2,119,0,1953125,12,0,0,0.96,0,0,NaN,0,0,55,27,39,22,35,29,36,36,21,26,22,38,6,15,24,22,21,22,42,29,48,58,17,36,64,62,53,84,90,165,105,250,238,265,228,89,203,206,267,134,134,69,156,104,390,463,676,867,1000,736,712,626,755,791,314,175,576,598,506,338,358,242,83,28,211,229,133,108,46,114,37,73,23,65,27,83,64,41,40,45,54,13,28,20,16
64,170,2,2,119,0,1953125,12,0,0,0.96,0,0,NaN,0,0,137,183,153,185,146,173,146,190,148,166,142,168,154,165,139,156,140,179,149,154,158,154,197,149,146,179,198,179,237,138,339,72,499,236,342,236,300,355,160,348,120,208,230,279,346,308,525,927,729,861,587,762,983,1000,836,32,285,541,551,251,529,80,301,156,407,101,352,245,237,197,244,221,210,236,208,228,181,247,177,246,152,241,167,236,175
64,170,2,2,119,0,1953125,12,0,0,0.95,0,0,NaN,0,0,214,173,202,173,203,189,191,195,174,191,175,206,153,207,135,224,123,240,98,239,125,237,157,221,107,290,170,270,209,276,360,211,536,103,458,108,462,317,246,333,261,108,372,379,455,260,507,856,679,782,380,777,760,1000,678,531,570,763,755,315,697,91,385,147,456,64,443,252,295,243,287,262,237,292,215,302,175,303,176,302,162,299,160,290,184
64,170,2,2,119,0,1953125,12,0,0,0.95,0,0,NaN,0,0,184,136,181,132,190,141,183,140,168,143,177,144,162,145,155,167,141,178,115,200,101,215,118,179,114,252,96,258,52,310,163,334,353,183,365,139,431,92,374,215,213,148,384,146,601,159,542,616,618,632,220,543,428,851,134,502,728,1000,647,627,571,303,360,198,292,195,401,43,302,106,296,117,277,155,260,167,236,205,205,210,185,224,165,235,148
64,170,2,2,119,0,1953125,12,0,0,0.95,0,0,NaN,0,0,26,48,36,39,47,28,54,10,45,6,44,13,47,27,55,34,64,43,80,39,86,51,65,26,93,72,76,87,112,164,116,251,200,247,156,103,192,151,165,42,168,115,273,289,581,584,792,1000,938,881,702,562,847,994,523,293,589,757,777,480,616,412,247,124,202,282,183,201,80,123,72,111,91,62,78,75,105,60,93,60,68,52,57,58,40
64,170,2,2,119,0,1953125,12,0,0,0.86,0,0,NaN,0,0,183,165,162,180,153,183,153,179,175,146,186,129,176,157,151,182,120,186,130,174,171,137,222,118,192,184,166,223,103,276,193,185,362,49,292,200,281,281,103,348,180,190,348,76,445,306,535,809,417,658,417,635,947,1000,833,521,524,919,491,545,460,142,307,146,387,115,275,313,114,283,212,234,236,174,278,164,242,225,193,245,161,245,188,211,226
64,170,2,2,119,0,1953125,12,0,0,0.85,0,0,NaN,0,0,17,47,25,34,41,8,44,22,24,36,7,38,20,24,23,30,33,20,49,23,59,55,32,78,24,54,64,47,119,62,100,164,107,178,146,44,145,136,264,160,83,159,151,168,329,272,425,625,503,539,426,459,907,999,688,638,702,825,729,410,466,256,119,52,104,151,86,99,126,58,60,53,26,70,39,52,72,33,39,27,22,40,10,32,32
64,170,2,2,119,0,1953125,12,0,0,0.96,0,0,NaN,0,0,136,175,147,180,138,173,134,187,138,164,134,162,144,166,123,160,124,180,127,169,129,172,187,143,142,179,178,180,198,161,268,151,453,113,334,123,370,211,222,301,186,118,368,339,557,473,485,891,488,664,392,647,751,857,505,490,604,1000,766,611,747,204,400,105,414,71,379,186,244,157,271,169,233,192,235,203,191,233,180,222,162,219,167,224,164
64,170,2,2,119,0,1953125,12,0,0,0.96,0,0,NaN,0,0,33,55,28,55,9,41,17,56,15,34,6,41,14,25,13,33,14,47,16,48,26,99,43,40,17,86,23,104,55,122,125,241,354,254,300,114,286,230,224,232,99,26,106,278,347,310,306,595,460,292,381,629,1000,880,481,171,782,670,812,568,553,405,149,137,210,283,191,68,48,84,101,76,102,26,81,44,85,33,51,36,45,31,34,39,7
64,170,2,2,119,0,1953125,12,0,6977,2.22,0,0,NaN,0,0,22,24,24,23,20,19,22,25,9,13,13,4,15,9,18,9,7,14,20,33,4,29,43,20,30,56,31,63,33,58,99,108,199,90,203,48,186,157,132,181,97,126,194,296,432,605,175,488,472,107,642,57,917,703,249,119,1000,757,542,276,366,85,150,27,71,82,47,15,45,21,67,7,36,41,37,4,26,25,24,10,4,27,20,10,5
64,170,2,2,119,0,1953125,12,0,0,0.91,0,0,NaN,0,0,334,357,353,309,278,251,242,252,244,190,150,111,116,125,113,112,82,148,212,243,274,265,261,298,395,461,422,390,404,511,488,476,538,500,595,468,534,510,459,770,517,421,409,552,496,816,501,910,460,860,717,704,688,257,116,1000,502,455,559,404,430,438,406,396,336,417,421,405,334,342,375,330,330,291,277,242,239,226,217,190,191,153,100,99,74
64,170,2,2,119,0,1953125,12,0,0,0.89,0,0,NaN,0,0,33,57,62,27,70,3,75,44,49,59,35,61,25,58,38,57,30,61,43,62,64,47,99,65,178,119,161,163,98,201,111,264,246,259,287,31,246,309,519,466,385,538,520,599,734,709,878,779,863,296,214,856,838,988,729,753,1000,933,867,778,804,776,637,480,350,57,142,73,217,150,158,163,79,148,82,114,103,65,87,39,85,61,62,72,60
64,170,2,2,119,0,1953125,12,0,0,0.89,0,0,NaN,0,0,17,60,52,33,70,12,63,31,47,53,27,55,30,56,36,62,38,59,55,54,74,30,120,70,122,138,65,129,28,135,113,168,251,175,232,62,245,352,358,440,297,314,415,350,470,486,513,605,640,280,235,763,1000,957,872,532,661,589,556,582,483,484,523,359,306,174,48,89,92,171,138,130,127,62,118,79,81,90,48,71,39,65,62,39,65
64,170,2,2,119,0,1953125,12,0,0,0.88,0,0,NaN,0,0,54,28,35,49,8,47,17,39,37,20,44,21,41,28,39,31,36,42,33,53,21,66,54,51,74,13,67,21,86,104,72,183,163,197,209,65,176,183,241,221,102,99,119,116,219,297,442,449,540,461,391,738,945,1000,850,404,113,59,109,156,97,151,190,174,201,153,58,60,28,91,72,80,95,49,73,54,38,59,35,54,48,30,48,29,35
64,170,2,2,119,0,1953125,12,0,0,0.86,0,0,NaN,0,0,34,21,48,9,40,27,25,45,11,39,28,34,37,28,41,29,48,35,53,43,45,66,26,70,40,45,70,40,116,91,100,176,139,205,180,71,151,148,238,158,55,60,53,126,224,347,486,477,603,500,400,700,927,1000,835,419,150,228,99,166,114,68,108,117,178,160,76,85,30,52,46,57,92,56,63,65,36,54,37,48,53,26,45,39,30
64,170,2,2,119,0,1953125,12,0,0,0.87,0,0,NaN,0,0,113,151,112,145,131,120,141,106,151,111,138,127,107,144,90,147,102,133,135,95,155,82,157,130,120,160,99,189,82,200,204,91,324,106,247,210,148,315,38,237,214,127,201,72,319,275,445,584,436,581,288,797,983,1000,945,352,240,373,82,358,145,191,143,200,293,65,222,186,168,168,155,232,104,208,177,143,206,124,203,136,172,175,136,194,123
64,170,2,2,119,0,1953125,12,0,0,0.87,0,0,NaN,0,0,41,20,30,38,6,38,13,30,30,14,33,14,30,19,29,24,28,33,27,42,12,48,38,37,54,5,60,22,68,83,48,138,118,165,172,70,164,158,197,192,83,75,97,98,212,235,325,357,382,237,201,643,905,1000,861,470,203,214,147,212,135,78,125,124,158,130,47,49,12,70,57,68,86,45,59,46,29,48,28,43,40,26,43,28,34
64,170,1,2,119,0,1953125,12,0,0,0.88,0,0,NaN,0,0,89,112,105,101,126,84,123,89,109,110,90,120,75,119,82,103,102,86,126,67,123,83,112,121,80,142,79,140,92,131,156,85,227,34,223,139,160,277,65,266,174,97,194,32,291,182,291,363,210,176,175,713,754,1000,896,464,394,172,235,282,41,205,13,258,214,58,186,119,170,74,201,148,110,187,87,166,112,148,142,111,158,95,156,113,132
64,170,1,2,119,0,1953125,12,0,0,0.9,0,0,NaN,0,0,125,112,119,128,102,129,100,133,103,124,109,106,122,93,130,85,125,94,119,104,113,129,97,147,67,178,84,164,138,126,199,70,214,56,210,119,223,182,222,374,103,278,235,203,421,213,502,382,383,217,312,509,689,1000,728,679,340,299,316,48,260,49,271,254,46,167,130,191,59,228,152,133,171,126,175,107,182,110,159,132,143,153,126,156,109
64,170,1,2,119,0,1953125,12,0,0,0.95,0,0,NaN,0,0,152,119,152,122,155,125,155,115,149,118,153,116,144,110,144,129,131,134,117,141,128,161,113,165,101,235,54,237,71,244,189,156,227,108,182,205,237,14,262,259,59,282,327,266,580,389,745,618,749,420,156,411,739,1000,753,767,371,594,216,377,269,271,318,140,128,223,274,85,208,147,229,105,252,116,219,114,226,143,193,159,174,168,168,172,154
64,170,1,2,119,0,1953125,12,0,7496,2.31,0,0,NaN,0,0,48,14,40,20,48,10,32,13,35,13,13,17,15,20,13,25,14,9,30,10,48,17,52,9,77,32,81,23,95,60,36,53,157,124,226,157,132,56,134,149,244,197,119,137,182,274,225,286,302,305,351,243,142,332,759,976,1000,901,562,320,97,176,82,112,86,161,104,5,41,83,10,72,41,53,68,29,8,16,42,15,25,28,57,34,26
64,170,1,2,119,0,1953125,12,0,7640,2.33,0,0,NaN,0,0,3,42,18,31,10,23,22,18,21,6,28,12,11,9,14,18,12,31,8,29,3,23,30,25,34,6,75,17,98,62,96,63,87,130,192,117,152,11,93,215,309,219,184,165,253,167,137,262,289,299,281,254,252,505,834,1000,991,685,393,128,169,155,65,38,104,121,66,58,47,71,34,61,91,115,31,12,51,45,23,41,54,24,32,39,24
64,170,1,2,119,0,1953125,12,0,7022,2.22,0,0,NaN,0,0,23,41,46,28,45,14,57,24,33,21,43,46,8,14,26,44,13,22,28,54,17,46,32,59,34,52,58,63,73,92,166,91,138,147,61,117,144,159,221,313,238,184,146,217,360,385,439,385,226,172,37,218,430,738,931,991,1000,807,543,327,57,242,243,238,179,26,101,122,183,104,28,18,57,59,24,57,64,102,52,34,41,77,84,48,32
64,170,2,2,119,0,1953125,12,0,0,0.96,0,0,NaN,0,0,121,144,129,146,114,146,119,156,112,139,111,143,120,137,97,142,100,158,100,137,104,159,132,131,109,164,137,175,161,150,247,102,361,72,285,149,222,127,161,94,288,55,370,268,544,430,630,1000,753,978,539,183,198,706,434,155,23,390,206,434,360,251,353,121,244,112,318,93,232,121,224,111,224,158,184,136,192,176,163,173,141,177,153,178,136
64,170,2,2,119,0,1953125,12,0,0,0.95,0,0,NaN,0,0,39,20,39,12,48,9,41,11,35,12,33,18,24,14,43,25,44,33,60,34,52,50,47,41,59,77,43,88,86,172,100,200,207,205,198,36,117,33,85,69,152,138,295,330,501,474,688,1000,941,948,649,252,492,738,580,220,140,144,277,260,354,322,189,95,119,208,119,149,70,95,59,95,95,57,63,51,87,45,68,48,61,38,39,46,35
64,170,2,2,119,0,1953125,12,0,0,0.95,0,0,NaN,0,0,156,119,154,116,154,126,151,129,136,130,138,137,128,134,117,156,101,168,80,169,84,188,93,165,84,203,109,203,104,222,209,177,339,43,288,116,240,117,162,152,269,30,402,201,545,335,688,941,805,1000,471,467,502,988,607,349,104,304,138,452,330,302,371,65,279,87,312,87,259,124,248,130,225,190,184,175,178,206,149,217,122,215,120,216,118
64,170,2,2,119,0,1953125,12,0,0,0.95,0,0,NaN,0,0,143,108,145,107,145,115,143,117,128,120,130,124,122,120,112,141,97,155,73,157,79,174,85,151,83,187,92,199,71,233,183,200,321,82,299,92,231,80,195,116,193,121,283,156,591,391,760,949,822,1000,476,430,385,838,489,294,47,337,191,407,356,241,336,107,195,131,312,54,245,119,223,109,214,169,173,154,174,179,145,193,116,196,114,198,109
64,170,2,2,119,0,1953125,12,0,0,0.96,0,0,NaN,0,0,50,46,35,32,34,42,28,46,9,32,16,45,6,15,21,30,23,31,45,47,33,67,18,57,39,74,20,74,70,179,108,245,269,292,313,135,250,117,192,118,127,56,115,220,480,394,632,1000,885,940,574,39,413,753,812,427,324,234,467,257,428,334,164,66,191,259,182,188,51,82,40,120,84,71,52,61,80,40,57,32,57,19,36,31,32
64,170,2,2,119,0,1953125,12,0,7400,2.29,0,0,NaN,0,0,32,45,25,25,25,40,27,21,21,31,21,8,9,25,24,5,34,19,19,11,31,29,49,21,64,28,61,46,78,89,87,134,251,108,355,80,315,43,194,209,178,213,223,385,493,635,147,843,443,556,550,120,772,866,1000,654,417,461,480,622,198,173,31,89,55,132,55,86,57,10,49,67,53,18,13,44,37,5,13,8,23,17,12,12,5
