64,170,2,2,119,0,1953125,12,0,7753,2.35,0,0,NaN,0,0,76,79,88,61,97,52,64,67,51,51,32,48,24,51,22,64,31,67,63,105,37,75,63,95,122,62,108,169,83,102,157,61,220,133,74,246,193,64,151,145,271,185,484,388,476,433,276,502,668,1000,828,617,374,130,118,198,231,714,650,615,403,235,328,225,223,136,117,145,135,99,108,74,32,164,66,79,6,88,46,71,27,43,52,81,53
64,170,2,2,119,0,1953125,12,0,4228,1.75,0,0,NaN,0,0,582,547,502,487,513,494,410,357,375,348,259,210,217,237,165,192,289,308,274,363,449,481,447,535,634,630,631,650,742,780,682,763,801,826,808,724,769,830,730,775,549,824,765,657,536,790,657,514,865,589,542,543,746,737,339,1000,583,677,797,575,621,761,492,656,685,558,619,559,564,600,527,481,484,494,444,366,361,357,302,221,218,174,195,98,52
64,170,2,2,119,0,1953125,12,0,4283,1.75,0,0,NaN,0,0,96,84,39,35,97,88,29,24,85,77,16,27,94,58,16,49,105,29,28,75,118,22,51,95,123,69,116,117,125,137,239,225,231,104,308,245,251,149,411,488,528,266,471,429,290,108,718,941,1000,752,155,314,388,376,451,830,926,835,353,490,523,552,278,155,273,379,234,127,184,185,117,120,155,125,72,112,137,78,30,104,119,48,28,105,107
64,170,2,2,119,0,1953125,12,0,7741,2.35,0,0,NaN,0,0,33,29,17,9,25,33,28,6,19,22,21,5,20,19,14,17,21,14,16,19,24,32,45,10,55,33,31,31,66,41,68,36,34,98,111,56,71,154,169,53,127,64,11,144,65,285,241,176,418,387,492,389,1000,413,363,408,316,529,45,32,264,25,102,161,70,69,74,29,66,23,33,50,39,34,14,29,37,27,6,23,30,20,4,30,22
64,170,2,2,119,0,1953125,12,0,0,0.78,0,0,NaN,0,0,304,292,276,232,205,176,157,132,134,106,121,130,105,108,89,42,5,42,107,164,206,262,291,307,350,348,324,319,319,332,364,386,397,408,439,503,523,662,684,640,568,458,639,412,342,167,314,534,671,1000,869,686,657,769,677,387,153,329,360,487,558,734,531,460,393,321,316,247,249,213,191,203,211,209,240,253,239,228,232,226,188,163,167,128,110
64,170,2,2,119,0,1953125,12,0,0,0.72,0,0,NaN,0,0,40,66,83,43,57,84,48,47,86,55,38,85,60,33,85,65,29,94,85,19,96,100,16,86,112,29,81,114,70,84,153,82,57,136,168,179,238,193,82,371,392,256,233,463,466,352,316,443,554,714,710,526,470,707,800,999,707,355,497,522,241,191,342,239,131,142,147,68,151,145,38,124,167,73,87,165,105,47,141,123,44,117,121,41,86
64,170,2,2,119,0,1953125,12,0,0,0.76,0,0,NaN,0,0,29,38,55,31,22,42,29,6,27,27,28,18,13,37,26,12,47,40,13,37,34,25,21,24,64,65,24,94,109,76,132,166,64,136,233,144,78,229,278,198,164,367,679,724,564,294,651,1000,506,91,630,545,328,405,455,872,768,686,558,760,705,248,112,151,117,147,166,113,77,136,128,77,57,29,19,48,46,43,53,34,28,57,45,4,53
64,170,2,2,119,0,1953125,12,0,0,0.47,0,0,NaN,0,0,21,15,8,1,11,16,20,17,12,6,5,14,22,24,18,10,0,21,26,36,42,27,9,8,31,61,88,95,63,83,61,91,162,147,58,225,320,319,197,12,284,514,501,307,283,60,449,817,482,350,477,657,647,910,773,120,695,1000,851,312,173,391,202,83,96,187,163,179,169,120,73,2,34,51,83,85,68,40,29,39,51,66,66,56,39
64,170,2,2,119,0,1953125,12,0,0,0.3,0,0,NaN,0,0,16,16,17,17,19,17,18,20,19,19,20,21,20,19,19,21,21,21,19,23,29,20,26,27,13,22,33,20,25,59,21,36,62,83,69,119,56,40,146,182,63,319,352,124,191,319,302,203,514,302,105,502,894,126,865,1000,312,596,636,393,250,389,192,206,165,159,150,129,127,97,107,99,95,87,83,79,77,71,71,69,67,64,64,62,61
64,170,2,2,119,0,1953125,12,0,0,0.74,0,0,NaN,0,0,64,52,94,84,68,107,98,72,109,104,58,95,92,44,84,84,30,70,68,17,82,62,39,106,84,32,141,132,29,213,182,65,100,270,149,145,208,176,205,304,400,566,497,87,416,805,791,249,699,758,340,270,19,674,1000,359,523,657,788,310,342,404,147,52,101,96,199,198,23,139,177,102,97,183,126,106,172,120,84,130,94,54,99,64,55
64,170,2,2,119,0,1953125,12,0,0,0.42,0,0,NaN,0,0,1,4,9,12,13,16,14,11,8,2,6,11,16,19,23,23,19,12,9,10,16,25,24,43,54,37,32,27,40,65,89,9,155,168,82,69,175,269,190,71,317,350,312,209,196,616,563,187,236,295,617,594,112,795,999,697,592,573,820,562,138,22,85,114,129,91,94,139,90,90,67,51,33,5,17,40,56,58,61,55,44,30,17,14,28
64,170,2,2,119,0,1953125,12,0,0,0.75,0,0,NaN,0,0,38,18,49,44,10,37,42,12,26,38,21,15,26,37,40,16,40,58,24,28,59,38,15,66,59,16,44,28,55,70,30,70,187,144,125,149,193,78,216,332,185,277,381,443,288,388,624,586,248,188,342,625,743,558,999,665,580,278,651,846,527,216,55,166,230,235,162,117,105,92,68,84,97,67,59,61,25,37,61,43,9,56,55,8,36
64,170,2,2,119,0,1953125,12,0,0,0.32,0,0,NaN,0,0,10,11,12,12,13,12,15,12,13,16,14,14,12,15,15,13,15,19,18,19,21,28,23,26,39,45,70,73,101,107,114,112,147,207,145,192,114,294,221,376,325,365,434,360,553,282,450,464,508,455,396,613,284,1000,459,986,619,686,738,295,347,237,337,151,146,116,86,88,57,79,62,54,36,45,41,34,38,32,30,29,28,25,24,23,21
64,170,2,2,119,0,1953125,12,0,0,0.39,0,0,NaN,0,0,11,14,16,17,15,13,11,8,7,6,9,11,16,17,18,17,18,9,7,9,8,25,25,28,32,43,45,43,68,82,48,94,29,110,120,76,239,172,166,301,203,333,157,285,422,156,421,355,374,717,328,915,1000,481,694,285,706,315,481,241,54,63,45,61,151,108,61,108,116,87,67,91,70,41,47,37,29,37,42,45,52,52,52,50,45
64,170,2,2,119,0,1953125,12,0,0,0.73,0,0,NaN,0,0,115,102,75,117,108,76,123,119,74,120,123,72,117,130,59,113,139,54,101,142,64,89,161,65,92,170,103,61,196,153,120,249,158,81,291,421,116,380,412,276,276,459,349,430,464,328,325,503,810,986,947,845,475,460,914,828,1000,756,784,466,304,66,165,293,198,103,223,163,110,295,266,97,182,253,126,131,205,118,94,167,98,80,147,88,70
64,170,2,2,119,0,1953125,12,0,0,0.35,0,0,NaN,0,0,19,21,21,22,20,19,18,17,14,14,13,14,18,20,22,26,25,25,25,21,18,13,14,9,16,13,14,28,68,53,92,85,208,208,186,230,173,147,88,137,105,102,157,335,459,286,267,584,325,309,371,732,853,345,1000,434,558,265,557,325,187,128,65,98,24,32,40,52,37,51,59,85,53,47,60,49,50,50,53,46,42,35,30,28,27
64,170,2,2,119,0,1953125,12,0,0,0.33,0,0,NaN,0,0,11,11,15,18,20,22,24,25,27,27,28,27,25,23,22,21,18,13,8,5,5,16,17,31,35,44,54,69,86,73,116,73,194,133,187,207,161,263,272,359,187,335,381,302,403,470,536,561,792,905,727,844,633,955,636,978,1000,985,857,529,554,439,413,241,304,280,177,186,169,134,97,118,104,73,79,72,62,43,43,29,21,16,13,16,21
64,170,2,2,119,0,1953125,12,0,0,0.77,0,0,NaN,0,0,92,94,74,83,73,63,81,67,76,97,79,99,114,80,91,94,54,70,71,33,73,44,67,99,70,94,110,66,94,126,21,114,70,47,165,163,27,168,43,206,295,119,229,338,275,209,145,379,582,403,306,315,902,951,999,643,490,459,546,213,446,489,176,207,283,137,178,182,48,204,172,82,194,178,91,157,120,46,110,51,91,132,77,119,139
64,170,2,2,119,0,1953125,12,0,0,0.73,0,0,NaN,0,0,65,24,64,74,34,73,89,45,70,99,58,67,109,74,47,98,77,28,88,75,6,74,63,33,103,78,26,131,134,14,107,179,78,145,267,264,75,183,294,221,302,250,217,458,531,483,404,489,203,599,829,628,394,700,1000,996,585,290,177,413,303,137,226,208,126,112,234,149,26,123,121,23,110,98,22,120,111,35,111,128,57,106,133,72,79
64,170,2,2,119,0,1953125,12,0,0,0.74,0,0,NaN,0,0,57,25,54,48,25,69,67,40,82,91,55,84,102,62,66,94,56,35,74,43,33,66,22,59,98,54,64,154,111,48,167,199,110,99,216,188,106,127,170,294,394,231,387,520,461,214,333,681,512,326,516,1000,752,644,524,507,561,240,118,193,192,68,67,39,52,116,118,37,115,138,56,96,144,96,65,129,107,42,98,88,25,73,70,19,74
64,170,2,2,119,0,1953125,12,0,0,0.74,0,0,NaN,0,0,60,64,36,67,75,48,70,80,44,64,80,41,54,74,33,46,68,23,54,72,30,49,80,32,56,80,46,69,98,75,30,109,56,67,96,44,159,293,186,69,185,178,175,249,218,236,417,351,256,293,891,923,586,96,510,771,1000,799,640,395,231,162,243,136,137,195,97,87,146,100,65,166,125,28,124,114,33,103,109,29,78,89,28,74,78
64,170,2,2,119,0,1953125,12,0,0,0.74,0,0,NaN,0,0,15,20,7,12,19,9,8,19,11,10,19,15,9,14,14,17,16,7,21,27,11,10,23,10,18,32,2,32,42,14,12,56,82,45,19,146,219,234,205,141,234,245,204,127,22,240,342,210,108,62,396,632,631,485,325,478,788,1000,634,50,186,201,158,96,29,98,96,47,9,29,62,59,23,22,40,30,15,32,33,15,26,34,18,16,30
64,170,2,2,119,0,1953125,12,0,0,0.36,0,0,NaN,0,0,6,7,10,13,15,18,19,20,21,20,20,16,12,8,4,6,8,18,19,28,30,40,37,44,51,44,55,33,47,43,57,71,44,50,117,120,207,269,306,367,318,292,366,433,409,520,597,409,433,506,614,825,445,661,530,542,763,536,1000,449,446,394,168,170,88,128,56,91,63,61,32,27,24,2,11,13,22,22,30,33,37,37,37,35,34
64,170,2,2,119,0,1953125,12,0,0,0.95,0,0,NaN,0,0,52,104,56,112,53,116,50,122,51,118,53,115,56,112,55,112,57,109,71,102,75,104,95,100,108,91,121,83,116,113,186,143,277,93,217,66,196,91,371,300,332,317,71,75,325,389,416,616,728,929,770,886,762,641,221,420,556,1000,767,582,307,163,97,151,145,239,282,131,236,68,237,24,206,10,209,49,186,72,160,84,141,96,122,104,104
64,170,2,2,119,0,1953125,12,0,0,0.95,0,0,NaN,0,0,28,35,38,25,40,18,42,13,41,19,45,22,43,32,49,39,56,35,57,34,73,43,95,74,108,89,69,72,92,147,158,234,148,145,59,107,120,188,238,221,224,80,161,139,220,189,265,355,467,381,288,197,126,507,781,1000,950,924,522,180,55,203,354,288,259,177,145,146,105,135,97,133,79,116,93,98,77,74,80,67,79,60,68,45,52
64,170,2,2,119,0,1953125,12,0,0,0.95,0,0,NaN,0,0,66,12,61,15,55,16,63,47,38,34,44,41,42,55,58,48,56,61,58,61,86,110,43,83,54,131,71,190,107,156,86,176,150,205,248,310,428,293,362,260,137,90,381,537,722,811,693,722,480,444,321,469,919,954,1000,387,329,643,664,243,225,281,392,377,242,246,135,179,93,189,180,162,139,81,133,78,126,92,115,78,81,81,68,67,63
64,170,2,2,119,0,1953125,12,0,0,0.95,0,0,NaN,0,0,47,38,52,33,64,15,62,17,56,22,63,36,56,39,64,45,75,57,86,48,100,68,95,62,111,110,123,157,105,151,84,227,210,320,218,212,143,86,164,305,475,375,456,346,342,235,329,647,757,789,676,869,1000,684,327,606,782,771,509,185,144,90,130,115,214,148,194,199,149,174,116,172,85,114,91,124,98,84,99,72,83,67,88,59,61
64,170,2,2,119,0,1953125,12,0,0,0.34,0,0,NaN,0,0,32,31,32,33,33,34,34,34,35,34,35,33,33,31,31,32,31,36,29,41,34,42,43,52,45,62,57,50,78,23,113,42,119,53,135,75,175,128,125,98,237,101,310,253,161,319,299,369,297,504,249,534,332,993,711,593,1000,539,572,592,563,220,382,217,182,139,147,145,86,122,82,66,64,64,56,61,61,63,64,67,65,63,65,63,58
64,170,2,2,119,0,1953125,12,0,0,0.85,0,0,NaN,0,0,68,72,55,82,59,74,80,61,83,64,77,67,63,76,51,84,56,57,74,39,71,50,63,59,54,77,24,117,67,80,133,31,160,81,76,107,43,176,201,173,303,74,240,154,302,350,287,582,411,534,628,500,752,1000,973,945,500,292,230,195,230,163,86,129,63,166,36,145,110,89,121,45,144,83,94,122,65,96,75,84,89,78,103,60,93
64,170,1,2,119,0,1953125,12,0,0,0.86,0,0,NaN,0,0,52,19,32,30,35,51,22,48,34,21,32,24,51,22,37,39,36,27,41,71,6,75,66,76,104,23,105,89,56,72,48,79,8,140,177,115,219,273,296,526,592,882,774,609,775,822,759,738,666,410,409,190,843,995,1000,597,401,146,948,817,465,200,151,89,169,318,236,129,131,75,72,39,68,106,44,62,81,45,60,27,60,65,10,57,53
