34928	35048	35167	35286	35405	35524	35644	35763	35882	36001	36120	36240	36359	36478	36597	36716	36836	36955	37074	37193	37313	37432	37551	37670	37789	37909	38028	38147	38266	38385	38505	38624	38743	38862	38981	39101	39220	39339	39458	39577	39697	39816	39935	40054	40174	40293	40412	40531	40650	40770	40889	41008	41127	41246	41366	41485	41604	41723	41842	41962	42081	42200	42319	42439	42558	42677	42796	42915	43035	43154	43273	43392	43511	43631	43750	43869	43988	44107	44227	44346	44465	44584	44703	44823	44942
64	170	2	2	119	0	1953125	12	0.0	7555	2.32	0	0	V0.2	0	0	10	51	20	70	14	42	18	39	35	33	35	17	40	29	33	14	40	20	23	56	65	29	21	80	70	23	24	98	38	73	14	122	58	64	51	24	109	129	7	42	259	333	269	239	91	203	320	634	811	929	605	137	504	992	999	676	396	531	737	751	522	281	283	150	100	133	153	96	65	76	91	33	46	115	58	41	54	87	13	87	84	82	19	59	65
64	170	2	2	119	0	1953125	12	0.0	7535	2.31	0	0	V0.2	0	0	52	39	53	30	35	44	37	39	17	58	22	44	25	47	9	37	45	40	62	59	70	36	82	53	85	25	100	37	108	22	146	69	135	54	85	101	68	60	80	128	201	290	346	241	215	52	389	731	1000	877	546	136	637	900	899	571	247	418	725	652	434	361	242	208	23	104	122	117	73	129	54	69	86	47	21	27	70	11	44	56	97	60	75	61	63
64	170	2	2	119	0	1953125	12	0.0	7947	2.38	0	0	V0.2	0	0	34	37	17	53	17	40	30	33	36	20	27	15	17	20	15	49	16	26	35	18	50	9	47	36	48	21	39	62	44	26	46	82	175	175	275	192	271	137	169	153	178	64	218	468	399	239	265	773	999	999	557	186	567	939	813	489	229	347	503	623	464	306	179	69	42	173	103	135	57	91	47	45	53	39	64	30	51	26	75	36	33	17	10	22	19
64	170	2	2	119	0	1953125	12	0.0	7306	2.27	0	0	V0.2	0	0	41	33	55	63	23	30	39	60	18	24	21	45	16	18	20	65	46	70	42	50	57	73	110	3	90	38	153	103	72	75	177	283	210	323	269	292	340	160	220	170	406	441	344	286	135	440	653	911	910	550	242	300	706	964	1000	896	561	199	121	431	528	406	332	188	48	82	61	82	69	171	99	128	76	63	83	66	88	12	91	78	99	71	32	62	80
64	170	2	2	119	0	1953125	12	0.0	7306	2.27	0	0	V0.2	0	0	75	5	80	27	78	5	56	36	66	21	32	42	31	28	17	59	13	48	80	94	42	48	100	77	87	51	115	29	159	66	117	147	454	390	460	231	297	236	230	27	349	350	372	160	321	382	726	793	873	602	173	278	729	898	1000	958	749	649	101	221	489	595	319	223	50	169	58	28	151	98	95	84	124	59	107	85	107	48	126	91	92	68	110	74	61
64	170	2	2	119	0	1953125	12	0.0	0	0.99	0	0	V0.2	0	0	381	357	327	295	322	309	266	233	205	212	182	140	117	146	130	90	138	178	215	237	254	304	343	334	365	380	424	452	444	498	481	479	653	431	498	583	463	517	436	451	581	300	327	727	547	468	501	531	289	618	463	194	450	530	559	783	158	1000	599	204	349	490	474	396	341	378	441	371	343	303	352	336	313	261	246	264	250	210	163	144	200	118	100	74	47
64	170	2	2	119	0	1953125	12	0.0	0	0.98	0	0	V0.2	0	0	29	54	6	54	19	62	8	39	14	61	13	39	38	57	14	46	58	72	17	57	31	52	43	86	2	27	77	119	26	121	119	221	35	165	191	386	368	277	227	141	295	373	333	119	354	443	384	124	573	790	896	602	449	345	365	464	954	1000	841	368	267	774	834	646	241	236	297	225	89	165	191	96	77	146	169	37	69	74	95	4	66	47	29	33	72
64	170	2	2	119	0	1953125	12	0.0	0	0.69	0	0	V0.2	0	0	129	141	141	129	136	142	130	135	144	133	125	143	141	120	133	141	123	125	144	126	112	150	135	101	122	145	96	82	153	100	108	119	145	69	113	94	70	108	169	134	115	52	202	150	11	180	167	83	378	194	39	97	383	229	630	776	1000	814	579	459	223	85	260	391	206	35	111	144	53	73	86	49	54	97	51	28	78	68	22	75	85	43	59	87	61
64	170	2	2	119	0	1953125	12	0.0	0	0.68	0	0	V0.2	0	0	154	162	148	148	164	156	146	164	168	147	154	172	157	149	167	164	141	159	168	143	137	177	154	129	151	172	108	115	160	142	70	163	187	72	128	166	53	73	133	179	57	52	253	267	46	143	137	182	353	351	83	138	313	419	710	777	1000	903	527	472	269	160	145	379	263	128	63	185	140	37	99	132	45	92	125	82	36	96	92	42	69	93	56	47	81
64	170	2	2	119	0	1953125	12	0.0	0	0.68	0	0	V0.2	0	0	13	12	10	12	18	16	10	17	21	13	11	25	17	2	21	32	17	15	31	34	13	32	49	22	14	55	75	26	25	105	111	42	69	87	59	75	120	127	86	116	197	99	188	280	152	215	87	384	471	360	145	216	356	617	1000	846	852	754	508	413	258	141	174	260	186	92	27	107	135	51	12	79	72	19	56	78	48	10	55	61	26	25	56	46	8
64	170	1	2	119	0	1953125	12	0.0	0	0.94	0	0	V0.2	0	0	21	26	34	18	40	3	26	2	37	15	20	15	30	16	27	30	35	15	40	34	32	36	32	50	24	75	46	60	24	100	57	71	75	69	93	6	80	42	116	65	70	174	171	42	257	456	533	621	471	355	300	562	863	1000	838	307	187	409	546	552	243	151	93	44	19	80	60	37	47	29	74	39	20	51	45	78	25	46	18	58	35	44	29	36	36
64	170	1	2	119	0	1953125	12	0.0	0	0.96	0	0	V0.2	0	0	33	14	34	12	29	7	31	4	31	9	25	7	27	12	21	9	33	9	37	12	48	16	73	46	34	5	79	67	28	33	53	83	81	144	60	107	60	176	230	180	136	133	251	164	60	259	529	582	651	506	276	371	673	1000	877	563	96	322	524	566	336	189	128	144	170	107	128	57	88	81	94	85	20	51	45	78	25	46	18	58	35	44	29	36	36
64	170	1	2	119	0	1953125	12	0.0	0	0.68	0	0	V0.2	0	0	15	23	11	9	25	22	1	20	27	13	13	31	23	1	24	32	13	18	37	35	10	34	52	26	18	59	67	17	34	87	70	10	50	76	38	50	52	65	173	225	192	219	272	198	107	162	407	424	382	227	183	217	686	1000	581	256	317	294	181	449	353	359	120	123	94	82	39	103	108	47	25	91	95	31	32	69	57	7	55	68	37	21	54	47	16
64	170	1	2	119	0	1953125	12	0.0	7406	2.29	0	0	V0.2	0	0	50	37	32	47	46	40	21	41	44	37	15	45	34	30	15	47	43	22	24	55	54	25	56	50	61	41	66	89	92	144	48	145	195	134	98	162	134	209	247	224	126	369	426	380	315	440	660	406	566	467	165	379	507	1000	949	644	222	497	495	339	207	138	300	196	235	234	40	62	104	89	34	22	68	20	35	58	28	19	33	52	35	5	25	34	40
64	170	2	2	119	0	1953125	12	0.0	0	0.69	0	0	V0.2	0	0	1000	996	984	971	972	963	959	951	940	932	916	911	896	893	886	869	854	847	840	822	811	809	802	797	775	804	770	778	761	768	769	777	708	739	771	708	755	638	799	717	651	852	871	752	525	800	550	941	704	382	732	895	788	827	552	593	879	559	888	487	589	830	674	593	554	571	573	545	543	552	555	512	502	486	474	480	472	464	446	433	421	416	404	397	383
64	170	2	2	119	0	1953125	12	0.0	0	0.98	0	0	V0.2	0	0	182	189	205	205	183	188	207	210	195	191	192	212	202	201	172	204	196	205	157	179	182	194	155	160	162	150	189	172	133	159	213	284	65	138	284	386	223	363	82	323	199	584	326	422	425	385	435	580	230	330	493	946	712	246	233	1000	775	817	791	521	456	147	286	370	427	29	148	176	306	71	136	105	213	81	185	49	151	104	175	67	126	87	151	95	106
64	170	2	2	119	0	1953125	12	0.0	0	0.69	0	0	V0.2	0	0	31	45	49	37	37	51	46	29	45	53	38	32	53	51	30	45	58	42	38	60	45	30	48	55	23	49	60	63	20	76	55	58	27	49	60	26	52	81	73	162	126	338	314	246	87	253	302	383	404	69	94	435	813	1000	491	312	476	461	488	339	234	359	170	107	174	141	138	61	99	88	62	42	94	78	16	47	79	56	5	46	60	35	15	53	54
64	170	2	2	119	0	1953125	12	0.0	0	0.69	0	0	V0.2	0	0	62	56	34	50	64	45	39	64	60	32	53	72	50	31	66	63	30	49	74	44	33	65	70	23	54	78	50	43	90	50	24	88	117	102	82	112	140	178	131	50	105	350	451	348	277	333	136	375	547	159	330	145	674	899	724	682	1000	894	366	310	239	364	219	177	115	73	59	153	169	79	21	104	115	56	49	74	54	18	62	69	32	29	65	53	5
64	170	2	2	119	0	1953125	12	0.0	0	0.70	0	0	V0.2	0	0	47	28	33	47	41	26	40	46	25	33	52	43	15	42	49	25	24	53	41	10	47	44	19	24	60	47	32	63	72	21	26	97	117	45	46	90	87	141	229	171	84	345	458	466	349	345	147	343	530	284	293	214	498	438	421	604	1000	986	406	122	50	235	227	182	92	30	6	78	103	61	18	65	80	53	41	42	34	29	37	34	22	29	31	12	22
64	170	1	2	119	0	1953125	12	0.0	0	0.69	0	0	V0.2	0	0	45	44	26	36	49	35	24	42	43	25	36	51	36	22	50	51	28	37	61	44	30	49	54	27	47	67	20	40	91	53	21	77	123	35	41	82	54	54	151	207	68	138	287	404	241	347	307	379	265	289	296	369	598	461	423	429	857	1000	692	177	91	275	223	244	205	108	79	73	158	100	16	89	125	52	52	103	95	24	65	93	61	30	79	81	40
64	170	1	2	119	0	1953125	12	0.0	7641	2.33	0	0	V0.2	0	0	17	6	16	22	26	7	7	16	31	9	7	9	18	9	3	13	16	12	19	20	21	2	22	30	31	52	65	37	67	18	27	50	79	122	104	141	284	212	419	97	231	146	429	464	207	99	320	575	459	521	521	485	819	288	993	581	714	1000	211	728	313	651	539	232	202	211	148	103	118	95	40	24	51	80	42	30	49	24	27	3	27	20	17	6	25
64	170	1	2	119	0	1953125	12	0.0	7641	2.33	0	0	V0.2	0	0	17	6	16	22	26	7	7	16	31	9	7	9	18	9	3	13	16	12	19	20	21	2	22	30	31	52	65	37	67	18	27	50	79	122	104	141	284	212	419	97	231	146	429	464	207	99	320	575	459	521	521	485	819	288	993	581	714	1000	211	728	313	651	539	232	202	211	148	103	118	95	40	24	51	80	42	30	49	24	27	3	27	20	17	6	25
64	170	2	2	119	0	1953125	12	0.0	7751	2.35	0	0	V0.2	0	0	61	118	30	74	54	96	39	48	31	69	70	17	44	59	66	62	34	102	86	97	56	114	44	87	59	184	12	183	79	288	209	85	300	375	199	323	218	187	586	979	950	1000	821	394	286	763	972	866	644	258	351	445	610	592	664	838	509	317	117	282	239	253	381	262	146	145	92	149	132	89	171	119	103	90	108	60	121	93	75	31	84	61	20	23	48
64	170	2	2	119	0	1953125	12	0.0	6052	2.06	0	0	V0.2	0	0	29	15	22	33	27	14	18	25	19	16	8	23	26	12	18	28	18	12	24	32	28	13	26	59	32	46	26	85	51	33	43	52	110	10	96	68	121	154	283	222	129	194	247	232	120	184	276	317	150	376	380	493	35	54	522	426	538	1000	194	354	543	267	166	88	135	173	107	54	21	51	61	29	17	27	37	31	10	28	36	33	16	13	22	25	21
64	170	2	2	119	0	1953125	12	0.0	6052	2.06	0	0	V0.2	0	0	29	15	22	33	27	14	18	25	19	16	8	23	26	12	18	28	18	12	24	32	28	13	26	59	32	46	26	85	51	33	43	52	110	10	96	68	121	154	283	222	129	194	247	232	120	184	276	317	150	376	380	493	35	54	522	426	538	1000	194	354	543	267	166	88	135	173	107	54	21	51	61	29	17	27	37	31	10	28	36	33	16	13	22	25	21
64	170	2	2	119	0	1953125	12	0.0	6127	2.07	0	0	V0.2	0	0	73	25	63	40	64	30	33	62	40	50	25	68	23	46	43	55	40	41	81	43	77	24	77	13	102	10	66	107	160	75	97	135	175	56	33	211	189	208	175	186	98	153	301	625	662	729	476	104	281	674	670	316	198	768	1000	994	759	646	629	581	463	274	243	153	160	208	190	100	95	171	119	60	55	129	42	84	70	103	17	89	68	62	33	73	58
64	170	2	2	119	0	1953125	12	0.0	7750	2.35	0	0	V0.2	0	0	15	46	32	17	26	49	9	31	32	30	4	38	29	34	15	39	45	45	42	44	36	19	55	55	30	38	126	38	62	82	65	63	99	93	103	76	98	222	129	191	56	97	129	270	253	206	325	349	244	539	660	538	206	518	917	999	599	422	360	415	256	146	65	145	107	62	39	13	57	49	27	43	92	15	36	15	49	13	45	13	33	5	45	19	11
64	170	2	2	119	0	1953125	12	0.0	7661	2.33	0	0	V0.2	0	0	54	65	96	22	51	51	76	24	34	40	57	35	38	84	59	33	28	83	56	54	33	115	110	78	75	152	84	73	36	67	200	232	185	206	74	217	170	332	181	361	184	15	221	429	321	123	277	733	859	997	1000	758	830	769	724	931	897	830	625	649	507	355	340	387	278	114	92	137	219	47	60	65	121	24	97	62	112	40	79	60	80	76	65	42	18
64	170	2	2	119	0	1953125	12	0.0	7731	2.35	0	0	V0.2	0	0	79	53	66	37	98	37	55	28	96	12	47	41	59	46	48	113	62	85	31	104	15	105	38	85	114	146	130	153	72	117	60	104	361	218	205	22	307	242	334	195	161	76	437	487	641	404	139	504	975	1000	835	696	452	387	499	616	623	929	837	698	580	405	319	391	401	128	216	93	168	39	151	62	125	41	113	20	36	100	106	32	39	54	36	39	49
64	170	2	2	119	0	1953125	12	0.0	0	0.98	0	0	V0.2	0	0	377	386	413	420	340	294	315	331	272	211	173	197	191	117	94	168	212	180	209	283	341	343	354	372	451	511	519	463	527	574	633	613	453	564	788	639	602	578	717	489	543	594	370	401	1000	94	489	340	649	248	822	739	501	656	880	284	254	792	653	225	509	483	340	627	476	408	460	431	468	413	390	382	364	346	348	294	255	238	223	189	163	117	121	101	48
64	170	2	2	119	0	1953125	12	0.0	0	0.71	0	0	V0.2	0	0	224	223	244	227	213	235	224	198	220	221	194	207	216	185	194	219	190	180	224	203	174	203	209	195	191	196	176	246	187	178	225	216	165	202	259	157	275	298	329	191	384	302	110	268	490	273	149	230	608	603	626	1000	881	334	965	978	489	627	762	560	427	492	232	228	253	296	71	111	190	143	54	178	128	57	166	171	96	135	174	118	102	158	128	91	133
64	170	2	2	119	0	1953125	12	0.0	7689	2.34	0	0	V0.2	0	0	36	33	26	16	32	25	15	16	16	21	13	14	8	21	10	8	20	31	8	33	22	35	33	23	61	40	100	76	106	40	42	93	129	92	42	57	113	120	394	358	266	341	384	358	323	44	209	327	364	397	517	146	1000	372	748	978	104	841	584	491	609	485	279	168	144	160	132	15	47	12	82	34	52	38	34	38	32	24	29	25	29	20	11	18	22
64	170	1	2	119	0	1953125	12	0.0	7710	2.34	0	0	V0.2	0	0	75	10	63	14	71	11	52	25	49	22	34	22	5	46	26	39	26	59	32	39	56	58	42	21	95	76	33	24	98	38	94	127	251	122	149	22	153	80	175	97	23	151	254	168	177	222	288	275	371	510	675	978	983	777	492	238	688	884	1000	843	604	316	28	78	234	160	133	48	79	18	75	23	82	40	78	61	95	53	68	32	43	55	68	50	27
64	170	1	2	119	0	1953125	12	0.0	7716	2.34	0	0	V0.2	0	0	55	30	21	56	45	31	17	44	34	28	6	27	23	40	33	32	42	47	48	21	76	58	63	26	104	93	51	71	84	103	75	211	272	151	177	105	76	131	242	176	194	326	413	392	443	399	322	318	384	493	532	674	564	462	537	571	768	801	1000	974	767	472	56	128	266	203	99	115	87	87	42	56	9	59	72	7	37	47	79	15	33	34	50	10	15
64	170	2	2	119	0	1953125	12	0.0	7560	2.32	0	0	V0.2	0	0	89	39	75	5	90	22	81	41	74	36	51	33	44	35	23	3	30	52	28	25	30	111	47	74	5	170	113	98	69	234	289	171	215	144	114	160	283	187	347	466	448	590	583	423	311	351	171	130	289	684	829	803	838	664	683	697	766	861	855	1000	672	471	321	223	177	230	76	196	89	134	59	129	85	32	8	80	38	55	42	89	42	36	34	54	27
64	170	2	2	119	0	1953125	12	0.0	7630	2.33	0	0	V0.2	0	0	68	71	50	59	78	63	58	31	84	59	31	16	71	3	40	38	62	35	7	71	36	85	19	72	94	52	118	74	109	44	376	393	475	358	91	219	530	520	531	692	554	696	678	477	257	270	585	556	320	327	628	519	354	307	853	978	805	932	1000	888	671	494	314	216	232	43	209	74	67	65	119	88	96	138	122	84	117	127	87	89	94	71	50	115	100
64	170	2	2	119	0	1953125	12	0.0	7878	2.37	0	0	V0.2	0	0	70	28	67	29	79	2	31	63	66	28	16	64	3	50	55	50	31	18	45	46	88	32	25	110	62	114	71	158	25	170	132	224	270	180	198	56	223	275	555	603	640	517	280	367	408	197	404	637	638	258	140	178	250	62	104	226	656	1000	963	624	243	332	334	203	42	223	144	34	76	146	54	46	65	61	90	61	26	56	90	36	14	49	9	59	69
64	170	2	2	119	0	1953125	12	0.0	7655	2.33	0	0	V0.2	0	0	30	99	37	55	25	84	31	48	9	86	46	36	28	92	51	31	30	85	28	36	48	98	25	18	104	118	47	91	89	159	117	281	187	263	100	188	208	353	474	464	605	791	634	541	325	290	515	578	677	447	264	543	881	1000	906	557	240	555	832	820	425	166	379	513	301	160	102	313	221	58	54	180	104	46	84	189	122	36	77	144	110	61	110	139	111
64	170	2	2	119	0	1953125	12	0.0	7813	2.36	0	0	V0.2	0	0	81	67	32	106	44	84	42	94	18	82	42	35	94	80	51	35	96	24	36	117	91	76	38	137	7	147	38	94	135	258	110	161	302	148	205	202	479	410	669	685	656	598	608	745	668	265	637	826	924	757	873	590	202	536	1000	802	373	582	894	716	377	221	425	284	145	193	217	52	25	185	63	145	109	140	27	140	87	79	92	130	63	87	135	93	65
64	170	2	2	119	0	1953125	12	0.0	7731	2.35	0	0	V0.2	0	0	5	81	36	62	19	82	37	51	30	77	9	50	33	44	33	61	58	37	64	60	61	32	97	65	50	66	153	72	87	85	169	134	251	139	211	73	284	283	357	258	194	324	509	382	260	309	568	645	638	688	493	444	711	944	1000	877	441	409	541	601	268	118	224	348	177	62	134	235	134	55	67	125	20	103	61	70	29	105	51	60	82	141	88	48	61
64	170	2	2	119	0	1953125	12	0.0	7786	2.36	0	0	V0.2	0	0	67	17	27	61	54	37	25	65	36	43	39	67	18	32	39	34	39	42	54	14	78	36	51	37	105	39	12	123	163	85	123	266	168	155	100	208	150	281	322	274	189	206	252	313	142	165	298	393	379	302	393	596	799	1000	948	702	542	685	540	361	110	277	334	192	135	214	176	77	55	121	52	45	20	68	59	71	53	49	47	84	50	23	41	49	19
64	170	2	2	119	0	1953125	12	0.0	7741	2.35	0	0	V0.2	0	0	33	82	74	63	51	57	75	59	27	48	48	55	23	40	34	83	50	60	54	72	12	52	134	85	32	56	234	159	23	136	374	325	400	362	180	226	153	175	275	492	437	347	361	362	375	485	702	566	359	213	367	634	952	1000	851	662	752	884	686	552	105	326	303	307	233	297	240	256	128	193	133	145	59	152	101	50	62	134	81	21	70	105	44	13	51
64	170	1	2	119	0	1953125	12	0.0	7631	2.33	0	0	V0.2	0	0	32	74	32	40	38	55	39	64	41	46	46	71	67	42	50	59	72	24	59	36	68	19	97	30	79	52	175	69	47	119	298	257	306	174	126	62	203	211	294	343	160	91	105	264	225	245	322	258	177	288	424	629	919	999	935	868	651	613	537	452	168	120	214	284	124	90	153	232	124	25	40	107	42	69	39	62	35	66	37	19	45	71	37	13	28
64	170	2	2	119	0	1953125	12	0.0	0	0.99	0	0	V0.2	0	0	15	54	27	59	20	45	14	52	20	35	11	53	11	43	27	50	9	52	30	56	23	64	28	50	50	80	50	117	88	193	70	234	190	301	157	316	328	227	59	349	390	230	190	350	375	198	232	663	857	790	442	228	586	646	407	347	966	1000	772	616	546	590	360	290	226	342	207	86	61	135	66	100	112	110	84	41	78	31	31	29	48	5	26	32	35
64	170	2	2	119	0	1953125	12	0.0	0	0.99	0	0	V0.2	0	0	15	54	27	59	20	45	14	52	20	35	11	53	11	43	27	50	9	52	30	56	23	64	28	50	50	80	50	117	88	193	70	234	190	301	157	316	328	227	59	349	390	230	190	350	375	198	232	663	857	790	442	228	586	646	407	347	966	1000	772	616	546	590	360	290	226	342	207	86	61	135	66	100	112	110	84	41	78	31	31	29	48	5	26	32	35
64	170	2	2	119	0	1953125	12	0.0	7706	2.34	0	0	V0.2	0	0	27	19	40	37	31	16	29	33	30	5	31	36	12	8	32	38	27	37	31	46	28	20	65	40	39	23	69	81	58	109	78	116	142	170	120	341	325	292	218	314	324	205	81	330	267	57	278	545	526	874	571	262	519	419	610	291	1000	987	839	400	395	201	230	217	175	145	126	76	35	35	84	19	33	15	87	52	17	35	50	48	8	30	46	39	11
64	170	2	2	119	0	1953125	12	0.0	7636	2.33	0	0	V0.2	0	0	61	48	29	27	67	48	22	12	60	29	25	28	77	28	22	41	72	13	3	64	57	37	30	75	51	88	68	106	55	159	174	269	226	63	79	141	157	189	285	187	171	128	248	295	367	303	137	118	155	188	185	349	362	284	373	472	743	994	999	744	473	110	210	192	143	25	174	149	108	65	71	63	27	11	65	52	30	17	45	35	46	33	38	3	38
64	170	2	2	119	0	1953125	12	0.0	7898	2.37	0	0	V0.2	0	0	44	65	30	31	36	58	35	21	39	34	36	6	16	48	50	20	14	70	21	21	93	87	38	25	108	18	133	62	125	37	202	161	166	299	208	142	62	126	17	280	249	189	199	605	706	669	399	219	286	391	241	84	134	142	165	33	527	814	1000	878	507	213	76	140	30	47	89	114	66	81	32	86	53	36	24	82	50	39	45	33	48	28	33	43	74
64	170	2	2	119	0	1953125	12	0.0	7305	2.27	0	0	V0.2	0	0	46	38	33	25	36	33	35	11	29	18	37	14	33	24	14	6	36	33	16	18	46	60	21	76	12	85	49	71	87	56	132	77	14	87	189	151	178	175	11	121	127	270	299	259	293	187	108	257	463	578	657	732	505	249	220	501	831	927	999	831	537	321	89	150	143	174	124	37	93	67	112	36	61	42	91	84	22	48	15	47	13	41	41	48	39
64	170	2	2	119	0	1953125	12	0.0	7781	2.35	0	0	V0.2	0	0	53	40	43	5	55	30	37	26	19	55	12	25	41	24	29	35	40	37	30	53	21	57	35	34	136	39	100	89	158	31	102	7	80	226	165	162	185	96	138	61	60	129	361	410	463	260	157	384	505	587	489	310	223	71	113	381	768	936	1000	663	294	39	187	110	173	87	54	146	109	74	46	105	6	15	87	30	77	45	60	32	53	20	24	37	6
64	170	2	2	119	0	1953125	12	0.0	6147	2.07	0	0	V0.2	0	0	46	110	115	13	107	138	54	73	109	50	46	67	12	77	78	60	122	101	53	134	95	41	147	104	96	234	193	123	317	316	166	362	418	243	369	530	406	393	591	577	466	613	612	461	496	583	400	342	532	561	424	702	729	726	839	953	938	834	986	1000	796	726	811	645	442	475	428	209	164	201	63	109	162	64	112	161	87	59	106	54	55	104	84	87	115
64	170	2	2	119	0	1953125	12	0.0	134	1.04	0	0	V0.2	0	0	435	404	362	376	362	361	284	281	278	245	192	164	184	162	129	160	207	195	214	283	319	330	344	412	459	461	461	515	487	571	493	545	655	657	448	600	699	631	441	785	328	492	643	327	397	1000	362	661	360	759	279	604	558	502	701	433	194	975	334	914	301	520	334	499	445	563	395	399	439	446	397	340	359	363	309	266	253	278	248	166	137	142	123	81	30
64	170	2	2	119	0	1953125	12	0.0	6152	2.08	0	0	V0.2	0	0	27	38	30	33	26	37	18	29	16	31	18	17	17	20	12	14	15	36	11	19	44	23	37	15	88	26	92	36	140	73	93	88	62	55	130	70	260	187	414	279	492	195	254	234	316	121	404	242	392	1000	672	183	255	617	402	407	946	420	671	433	659	236	313	114	117	174	133	113	28	51	14	67	42	26	27	11	48	14	15	6	18	18	3	12	9
64	170	2	2	119	0	1953125	12	0.0	7726	2.35	0	0	V0.2	0	0	27	25	31	32	20	29	26	24	24	38	14	13	21	18	11	8	32	29	8	27	35	27	28	44	55	29	74	59	47	91	59	63	10	193	147	229	258	315	183	235	200	225	213	408	339	359	255	286	479	560	262	274	245	201	418	356	670	999	844	479	181	117	167	119	112	82	60	44	24	72	32	39	18	28	37	68	26	15	30	48	17	22	43	11	28
64	170	2	2	119	0	1953125	12	0.0	7987	2.39	0	0	V0.2	0	0	33	21	40	18	37	13	39	21	39	31	34	20	23	14	32	30	43	40	12	62	37	76	21	80	9	26	83	57	78	46	162	64	109	133	291	220	191	143	307	440	447	204	141	332	310	289	206	285	338	495	538	508	528	647	923	998	1000	871	538	480	470	341	144	42	175	102	41	45	107	52	55	62	69	21	39	22	34	62	16	33	45	32	42	60	48
64	170	2	2	119	0	1953125	12	0.0	7681	2.34	0	0	V0.2	0	0	13	35	31	62	14	32	19	70	35	36	9	46	28	22	14	60	36	43	14	61	21	55	16	112	69	82	44	90	72	81	66	112	167	112	161	131	104	165	276	247	223	290	258	246	267	122	206	368	574	624	415	238	344	768	982	1000	959	870	716	712	590	317	70	131	275	211	64	10	113	127	43	46	121	158	75	11	40	78	45	16	31	56	45	31	36
64	170	2	2	119	0	1953125	12	0.0	7681	2.34	0	0	V0.2	0	0	34	54	29	61	22	62	4	74	36	69	14	50	23	36	34	37	45	24	49	11	54	39	87	37	106	60	103	51	110	124	166	96	177	167	253	92	52	162	249	237	312	291	195	182	84	374	503	653	569	457	409	274	380	683	981	926	839	881	909	1000	811	348	35	279	369	166	136	112	172	42	69	87	104	44	96	26	14	84	87	25	16	76	59	18	40
64	170	2	2	119	0	1953125	12	0.0	6127	2.07	0	0	V0.2	0	0	42	69	108	46	58	94	30	59	90	29	62	77	28	70	60	47	96	67	71	129	72	65	123	54	77	125	29	136	195	84	169	254	147	191	319	233	265	408	372	385	547	530	413	504	570	409	378	475	378	348	482	484	454	748	810	752	807	1000	811	823	782	694	524	531	469	277	232	251	118	166	214	127	152	195	111	76	113	46	75	110	89	118	142	118	105
64	170	2	2	119	0	1953125	12	0.0	7656	2.33	0	0	V0.2	0	0	67	17	46	91	18	45	70	69	42	67	52	31	52	52	56	12	62	32	40	29	109	73	66	74	185	90	68	185	119	162	221	149	118	239	80	104	38	466	520	336	238	380	150	142	298	283	876	984	630	902	419	183	308	598	753	393	189	702	1000	782	86	313	206	234	151	288	142	95	137	81	68	108	128	46	109	79	95	54	141	71	105	92	83	86	72
64	170	2	2	119	0	1953125	12	0.0	159	1.05	0	0	V0.2	0	0	414	398	369	359	380	354	312	279	261	256	208	165	169	163	127	164	199	205	207	296	298	321	358	435	430	425	496	509	521	565	590	510	609	445	662	583	598	571	614	346	678	477	609	427	720	440	526	609	735	241	778	298	492	733	868	518	430	999	569	444	661	595	292	475	549	415	450	392	448	473	344	336	372	360	337	252	246	281	238	182	147	139	139	60	17
64	170	1	2	119	0	1953125	12	0.0	7686	2.34	0	0	V0.2	0	0	29	31	30	42	28	32	19	32	20	27	22	24	20	17	14	16	21	25	13	37	32	32	21	38	68	24	104	7	116	17	40	39	34	108	11	204	367	105	389	67	473	271	298	161	398	286	510	341	325	65	250	426	621	418	896	643	479	1000	509	164	477	141	254	206	93	162	116	76	59	66	49	72	38	42	5	24	19	16	25	22	23	10	18	26	23
64	170	2	2	119	0	1953125	12	0.0	6077	2.06	0	0	V0.2	0	0	42	85	40	61	98	47	59	108	66	44	88	49	49	75	43	84	95	58	110	114	38	93	101	7	110	96	45	180	176	88	231	255	144	238	339	218	250	362	283	261	368	315	175	233	294	179	280	384	401	510	713	712	698	943	963	849	891	1000	841	724	728	660	474	382	365	223	71	142	68	121	205	151	127	197	159	64	91	72	20	89	86	86	127	126	107
64	170	2	2	119	0	1953125	12	0.0	7008	2.22	0	0	V0.2	0	0	72	18	49	54	5	61	40	24	54	15	26	47	24	37	48	20	26	65	48	76	75	15	81	66	44	123	27	65	108	11	134	215	205	112	38	101	168	379	583	343	346	456	284	86	97	186	632	635	280	207	405	184	242	17	554	838	1000	896	961	615	375	431	356	134	48	68	105	47	88	78	40	116	60	63	62	35	40	33	7	63	16	30	54	16	35
64	170	2	2	119	0	1953125	12	0.0	6077	2.06	0	0	V0.2	0	0	121	13	86	41	95	89	35	100	21	82	61	79	102	38	67	43	127	102	115	122	19	112	37	163	130	91	171	127	351	315	303	415	224	353	410	380	618	463	406	417	124	359	386	630	793	789	918	1000	846	884	691	448	373	53	335	431	509	805	704	738	711	513	553	476	263	297	123	125	140	110	208	92	111	99	70	149	68	112	90	64	115	73	98	78	57
64	170	2	2	119	0	1953125	12	0.0	0	0.97	0	0	V0.2	0	0	181	197	210	204	172	139	153	160	146	114	87	87	93	67	49	64	100	104	89	114	157	184	188	175	186	240	284	243	266	242	331	372	253	346	276	364	334	332	149	345	320	359	197	293	242	343	283	549	299	294	446	356	118	346	440	1000	322	317	120	626	347	263	242	320	206	293	215	206	194	203	207	203	177	168	142	160	136	116	96	85	94	83	50	39	31
64	170	2	2	119	0	1953125	12	0.0	7525	2.31	0	0	V0.2	0	0	28	17	18	31	22	15	12	19	14	15	4	23	17	3	6	23	21	9	25	32	34	3	20	53	26	37	27	56	63	29	27	46	43	36	102	105	164	234	236	244	306	223	163	274	172	104	262	251	148	245	357	78	364	562	407	472	428	1000	709	284	343	192	180	95	145	165	147	33	16	55	58	7	26	24	55	31	13	22	31	20	2	12	21	19	8
64	170	2	2	119	0	1953125	12	0.0	7439	2.30	0	0	V0.2	0	0	26	39	48	48	19	25	46	39	16	16	44	14	27	37	49	11	26	63	60	28	45	35	78	64	42	102	34	155	60	141	93	265	221	99	102	230	167	132	86	193	319	324	437	575	428	250	367	635	600	570	553	665	784	631	711	764	1000	728	374	10	431	491	376	210	93	154	91	75	143	120	49	28	85	104	35	31	51	56	58	45	54	36	47	39	22
64	170	2	2	119	0	1953125	12	0.0	0	0.96	0	0	V0.2	0	0	422	411	380	339	370	360	321	262	227	236	212	193	130	104	147	163	139	174	210	284	306	284	355	406	399	500	482	461	555	558	584	657	600	531	618	697	615	419	692	617	617	412	740	480	592	557	555	655	371	797	680	279	657	151	473	999	379	405	884	723	473	434	604	532	491	405	426	506	410	423	319	359	346	337	339	260	223	235	236	242	139	129	104	98	92
64	170	2	2	119	0	1953125	12	0.0	7356	2.28	0	0	V0.2	0	0	34	21	20	30	28	18	18	28	33	22	11	24	19	11	7	23	22	17	15	28	33	12	18	13	79	10	76	37	105	59	48	175	135	101	97	216	249	324	257	313	351	319	189	199	126	230	48	556	601	570	374	333	69	913	188	1000	511	394	652	350	477	404	331	257	92	174	106	58	36	47	38	24	29	35	19	4	17	0	23	9	7	2	4	14	14
64	170	2	2	119	0	1953125	12	0.0	7626	2.33	0	0	V0.2	0	0	37	107	42	81	6	86	34	69	47	42	59	29	47	24	43	31	14	94	19	51	45	17	132	84	154	79	67	121	157	173	160	163	153	373	257	320	219	347	135	294	371	663	497	390	62	411	360	263	512	867	1000	843	261	442	895	928	907	667	266	223	355	573	553	647	488	142	95	196	161	72	49	103	60	121	37	46	118	110	40	41	111	42	59	59	60
64	170	2	2	119	0	1953125	12	0.0	7823	2.36	0	0	V0.2	0	0	70	29	57	62	46	50	12	84	19	53	17	54	23	26	50	16	51	23	50	65	66	84	69	65	39	113	40	168	98	39	76	91	254	116	225	276	650	554	535	431	842	881	631	224	428	702	727	803	729	605	508	489	501	850	1000	976	848	505	330	550	516	568	574	363	268	47	159	94	153	93	52	67	103	141	34	21	73	57	39	22	28	27	64	10	40
64	170	2	2	119	0	1953125	12	0.0	0	0.98	0	0	V0.2	0	0	412	400	394	426	396	339	312	322	301	242	191	176	182	145	136	154	211	205	216	284	345	355	387	431	421	556	541	479	562	620	629	504	540	663	721	716	452	703	640	788	652	460	948	687	396	259	883	817	576	394	797	428	638	818	448	459	404	1000	448	843	401	401	554	459	373	531	602	465	376	444	443	465	393	316	345	368	338	250	214	223	208	196	120	53	87
64	170	2	2	119	0	1953125	12	0.0	0	0.97	0	0	V0.2	0	0	47	26	44	33	34	25	32	29	30	33	24	23	27	30	25	13	32	18	35	13	49	20	48	13	55	14	89	62	124	142	121	158	130	208	154	263	165	163	56	164	202	305	284	321	245	135	93	392	806	987	1000	833	410	93	308	383	17	256	685	671	470	334	131	189	130	168	145	155	162	63	69	30	73	36	67	25	72	30	54	24	50	33	24	16	30
64	170	2	2	119	0	1953125	12	0.0	0	0.97	0	0	V0.2	0	0	39	37	33	41	27	34	20	37	19	39	12	25	20	34	18	18	24	25	26	23	37	29	43	30	52	26	85	91	90	164	100	170	80	194	131	212	147	94	76	123	190	298	346	347	280	95	88	404	829	1000	979	827	383	70	376	467	27	297	649	682	510	290	109	138	153	150	184	123	153	46	69	3	73	32	71	26	66	41	46	31	43	40	17	19	25
64	170	2	2	119	0	1953125	12	0.0	0	0.98	0	0	V0.2	0	0	192	171	203	165	191	174	210	173	196	168	213	173	201	158	207	166	201	152	191	148	190	154	162	138	161	167	145	137	206	102	238	110	221	125	335	65	218	56	348	160	189	264	608	290	282	83	363	338	814	806	837	750	217	160	595	638	95	286	838	1000	613	489	197	228	206	295	25	218	16	167	90	129	71	169	56	143	65	150	65	128	69	125	79	103	65
64	170	2	2	119	0	1953125	12	0.0	0	0.98	0	0	V0.2	0	0	24	43	6	44	19	42	19	24	11	38	17	23	6	35	14	27	11	37	4	37	6	36	23	51	25	19	54	71	36	138	69	105	47	214	189	214	131	199	255	224	132	230	359	349	219	28	200	294	529	739	772	704	488	178	203	432	111	417	778	1000	650	340	28	231	243	173	138	113	155	50	45	42	82	46	81	22	60	25	52	18	34	21	24	9	25
64	170	2	2	119	0	1953125	12	0.0	7546	2.31	0	0	V0.2	0	0	21	23	32	27	31	10	32	29	20	12	18	22	17	8	27	22	22	19	25	45	17	19	29	58	40	27	70	80	70	98	68	124	82	78	155	95	246	198	255	268	289	231	67	322	44	141	188	552	137	908	172	494	484	349	404	528	128	441	760	1000	467	245	156	131	169	147	112	11	61	81	64	43	50	57	24	15	22	37	33	25	4	25	35	19	12
64	170	2	2	119	0	1953125	12	0.0	7555	2.32	0	0	V0.2	0	0	76	32	73	25	49	44	60	26	26	41	30	30	0	31	28	34	43	34	41	14	67	60	150	51	122	57	162	36	145	132	209	74	204	413	526	433	558	485	571	317	414	405	493	336	8	131	338	374	155	114	140	369	401	482	576	809	1000	917	823	490	483	350	288	157	47	54	26	174	215	94	114	86	160	39	44	36	51	50	38	52	20	54	43	35	25
64	170	2	2	119	0	1953125	12	0.0	7621	2.33	0	0	V0.2	0	0	16	54	46	73	17	31	50	42	37	13	56	19	35	19	41	37	24	53	30	43	50	18	108	87	53	42	117	75	121	115	212	87	190	238	389	218	243	303	446	298	289	311	234	72	398	549	620	486	168	75	82	154	127	369	722	791	1000	736	408	323	527	424	174	119	328	284	68	42	186	93	67	75	144	77	58	33	44	68	92	29	5	85	80	19	52
64	170	2	2	119	0	1953125	12	0.0	8093	2.41	0	0	V0.2	0	0	67	62	85	35	36	62	73	61	37	51	55	31	18	76	49	26	63	51	71	46	45	127	116	110	76	186	14	239	168	199	147	308	193	231	309	180	396	621	766	548	656	671	634	377	561	694	810	678	826	738	560	409	389	373	538	814	1000	874	574	356	360	103	211	396	294	92	110	158	172	136	34	82	208	86	27	37	87	88	22	23	111	126	32	33	63
64	170	2	2	119	0	1953125	12	0.0	7680	2.34	0	0	V0.2	0	0	44	72	59	36	60	37	66	17	41	16	67	36	38	33	25	20	33	56	31	16	64	70	16	102	46	75	56	134	126	189	264	66	239	247	534	538	471	500	311	515	455	454	338	386	643	696	841	665	426	317	174	277	539	691	940	998	1000	770	788	450	396	394	243	226	220	106	176	66	194	96	95	40	111	109	59	70	44	76	34	63	32	86	63	56	33
64	170	2	2	119	0	1953125	12	0.0	7551	2.32	0	0	V0.2	0	0	44	9	47	29	41	13	36	23	38	10	32	9	45	28	33	17	35	24	18	64	58	79	58	68	77	44	39	94	84	111	107	143	177	140	186	107	199	78	77	85	262	216	142	149	317	442	566	722	652	546	358	13	397	691	991	1000	967	709	405	134	135	166	42	31	66	140	57	5	67	106	33	18	33	44	31	43	24	39	34	34	30	22	34	47	32
64	170	2	2	119	0	1953125	12	0.0	7993	2.39	0	0	V0.2	0	0	60	43	60	59	53	48	20	64	15	30	64	42	46	27	56	60	50	91	28	73	33	29	136	68	126	33	106	72	100	57	58	192	45	32	211	236	352	367	322	125	333	383	303	435	817	919	831	676	622	701	620	762	1000	845	746	463	819	793	719	270	240	358	386	82	72	48	35	145	37	119	83	158	33	85	29	23	87	24	48	39	48	44	51	64	40
64	170	2	2	119	0	1953125	12	0.0	159	1.05	0	0	V0.2	0	0	497	501	441	419	454	420	349	319	306	309	223	180	218	202	137	174	228	267	243	315	390	415	415	448	553	573	558	557	639	665	617	797	623	599	748	742	564	708	694	639	698	419	741	576	501	991	734	363	632	1000	392	615	595	666	797	225	788	589	321	491	819	635	277	596	692	540	461	512	624	507	435	415	475	437	367	314	333	300	241	188	214	185	146	90	43
64	170	2	2	119	0	1953125	12	0.0	0	0.98	0	0	V0.2	0	0	35	49	31	54	49	35	41	34	55	13	42	24	42	9	39	22	27	39	57	36	59	30	78	19	107	53	134	141	34	40	157	87	93	92	106	151	218	449	590	790	724	639	467	351	453	673	980	849	969	636	570	791	667	348	764	996	1000	850	695	605	513	325	267	218	346	218	270	134	150	120	129	128	78	111	51	115	40	64	7	71	36	48	26	53	41
64	170	2	2	119	0	1953125	12	0.0	7346	2.28	0	0	V0.2	0	0	23	22	26	11	17	23	23	10	5	16	19	2	2	3	18	12	13	23	6	3	24	11	0	13	38	38	107	58	53	45	27	53	83	64	88	76	253	287	368	267	395	151	353	355	412	259	533	366	499	419	762	747	371	713	466	330	601	751	1000	917	339	132	350	335	326	99	119	55	111	37	68	40	73	40	44	36	33	33	11	16	25	19	3	5	26
64	170	2	2	119	0	1953125	12	0.0	7802	2.36	0	0	V0.2	0	0	79	25	58	47	50	38	30	57	27	40	13	32	37	18	49	15	34	12	44	66	14	81	18	114	24	120	8	92	114	125	191	262	156	155	213	75	332	428	586	296	69	219	437	204	66	394	821	922	1000	946	687	502	519	628	846	898	578	296	549	793	598	452	140	222	126	193	30	126	53	97	77	69	117	63	101	42	118	63	126	59	68	35	77	69	68
64	170	2	2	119	0	1953125	12	0.0	7802	2.36	0	0	V0.2	0	0	79	25	58	47	50	38	30	57	27	40	13	32	37	18	49	15	34	12	44	66	14	81	18	114	24	120	8	92	114	125	191	262	156	155	213	75	332	428	586	296	69	219	437	204	66	394	821	922	1000	946	687	502	519	628	846	898	578	296	549	793	598	452	140	222	126	193	30	126	53	97	77	69	117	63	101	42	118	63	126	59	68	35	77	69	68
64	170	2	2	119	0	1953125	12	0.0	7711	2.34	0	0	V0.2	0	0	47	37	22	64	48	33	13	54	53	8	13	35	9	33	18	48	33	9	32	33	61	51	66	78	48	89	33	102	116	102	84	168	120	59	58	140	173	128	182	194	72	235	229	308	384	340	523	767	820	799	774	542	332	233	522	653	788	1000	937	756	591	358	132	98	158	153	87	42	74	93	79	59	59	101	48	21	19	27	39	39	30	33	47	22	4
64	170	2	2	119	0	1953125	12	0.0	7756	2.35	0	0	V0.2	0	0	46	51	17	23	43	47	17	16	26	35	34	21	39	27	24	38	17	52	42	58	27	62	33	58	38	56	45	30	56	126	101	71	160	148	50	96	214	302	187	117	33	207	309	305	307	55	269	545	863	966	1000	743	254	236	753	908	720	610	481	445	384	228	152	207	108	62	139	170	71	41	102	98	75	76	86	72	29	42	45	35	27	9	17	30	53
64	170	2	2	119	0	1953125	12	0.0	0	0.82	0	0	V0.2	0	0	190	206	197	185	173	155	130	118	108	93	90	86	78	64	51	33	41	69	102	127	148	174	180	186	181	205	223	249	277	287	311	364	315	306	314	299	388	375	333	387	348	449	245	374	500	308	228	626	287	44	472	142	437	327	1000	120	114	507	287	193	422	291	347	256	304	212	246	181	139	164	151	165	190	183	183	179	167	142	123	98	84	74	79	68	77
64	170	2	2	119	0	1953125	12	0.0	0	0.81	0	0	V0.2	0	0	175	208	179	188	200	166	199	183	181	216	178	210	213	168	202	170	166	199	146	197	182	153	208	131	153	187	80	199	91	171	221	152	206	200	30	230	68	225	362	191	252	308	187	348	238	310	793	592	215	542	321	257	282	902	848	576	557	1000	952	708	462	252	201	329	86	239	171	166	183	70	132	148	62	174	105	71	129	66	124	108	89	133	79	100	99
64	170	2	2	119	0	1953125	12	0.0	0	0.81	0	0	V0.2	0	0	9	34	35	6	33	26	8	31	16	18	27	20	27	21	18	27	24	28	20	30	40	8	52	55	12	68	69	44	87	48	24	34	48	157	173	68	177	251	185	99	65	211	321	151	176	344	497	280	201	488	369	376	222	829	639	554	457	863	999	686	307	174	181	277	176	152	211	129	101	72	29	74	71	50	92	68	24	54	30	30	47	21	29	29	17
64	170	2	2	119	0	1953125	12	0.0	0	0.79	0	0	V0.2	0	0	124	148	127	130	147	122	145	149	132	155	137	135	148	120	141	136	117	144	128	122	145	106	120	130	86	124	100	107	160	51	103	114	79	174	96	126	139	89	191	278	117	351	434	23	83	184	271	333	200	292	552	413	337	382	472	870	1000	366	365	45	144	218	167	93	233	82	108	131	29	104	124	29	142	95	59	121	65	70	104	56	89	89	51	88	64
64	170	2	2	119	0	1953125	12	0.0	0	0.97	0	0	V0.2	0	0	129	124	126	127	135	128	126	135	129	140	123	133	125	142	120	130	118	132	115	136	95	130	98	148	61	134	72	161	33	159	25	181	8	211	94	247	174	119	25	248	127	208	131	196	18	272	270	330	268	324	388	292	496	322	474	756	1000	601	637	318	390	226	309	154	176	101	193	151	108	122	91	87	100	111	82	113	64	114	50	113	42	103	36	92	39
64	170	1	2	119	0	1953125	12	0.0	0	0.98	0	0	V0.2	0	0	182	176	165	175	181	179	177	174	181	187	177	183	172	184	176	181	160	165	179	163	155	151	169	162	141	143	141	147	151	239	128	245	115	256	103	350	99	226	114	120	248	360	334	469	355	561	195	572	596	1000	817	673	537	293	506	608	351	355	565	675	520	173	240	311	385	120	221	63	212	57	111	93	169	53	156	46	168	48	133	58	126	69	107	63	110
64	170	2	2	119	0	1953125	12	0.0	7731	2.35	0	0	V0.2	0	0	34	15	23	28	33	16	10	30	26	15	7	28	22	3	12	35	28	13	29	49	28	12	50	43	33	10	17	77	77	126	91	137	69	59	109	175	238	155	33	66	327	324	267	561	87	321	226	523	186	257	629	242	464	592	505	523	204	999	897	416	219	135	271	260	264	61	123	50	42	72	81	18	63	24	70	54	21	23	37	39	3	16	31	26	8
64	170	2	2	119	0	1953125	12	0.0	7705	2.34	0	0	V0.2	0	0	39	32	73	76	37	24	55	60	38	7	49	35	45	40	76	20	46	29	83	49	52	54	121	55	62	35	150	102	39	121	39	151	177	56	152	42	103	112	27	171	201	16	75	264	502	569	888	956	1000	926	569	301	448	520	35	222	755	976	827	404	192	524	608	501	331	99	195	164	163	164	152	75	88	143	127	29	21	107	107	22	36	115	116	41	21
64	170	2	2	119	0	1953125	12	0.0	7695	2.34	0	0	V0.2	0	0	10	57	31	78	4	51	21	54	19	17	38	29	32	30	57	7	46	59	69	33	47	88	68	78	81	70	44	123	99	65	39	181	134	89	44	164	108	58	85	294	220	134	101	193	392	409	428	461	352	513	576	483	464	601	790	1000	845	676	566	567	316	315	292	372	250	168	168	190	148	33	45	70	23	125	102	66	27	63	47	14	14	49	19	35	49
64	170	2	2	119	0	1953125	12	0.0	7771	2.35	0	0	V0.2	0	0	70	30	93	19	36	55	55	51	40	75	20	85	77	96	39	88	69	36	112	105	114	33	155	64	92	63	170	40	180	229	312	65	48	157	100	218	283	375	311	392	534	405	268	227	363	550	616	645	801	664	547	476	709	878	1000	982	454	413	626	644	405	511	460	428	92	175	212	247	51	149	66	73	112	136	6	32	132	78	58	68	88	8	94	96	58
