64,170,2,2,119,0,1953125,12,0,6808,2.19,0,0,NaN,0,0,25,78,24,81,37,66,33,59,40,42,39,16,53,26,40,19,51,24,26,78,68,73,60,84,19,129,59,82,31,164,65,74,178,268,53,146,302,476,283,278,319,571,427,548,603,793,604,619,681,1000,824,354,251,784,897,535,69,606,795,785,613,253,184,54,61,249,210,151,121,204,170,98,76,141,75,99,82,135,55,104,92,117,58,90,85
64,170,2,2,119,0,1953125,12,0,6808,2.19,0,0,NaN,0,0,35,64,28,72,43,51,41,53,38,33,34,15,45,13,28,32,42,35,27,75,54,71,54,80,15,129,56,72,46,151,63,65,192,247,56,130,329,460,281,253,319,541,409,519,587,754,557,584,670,1000,816,346,218,741,830,485,8,625,779,779,584,244,181,42,48,247,193,133,86,203,157,87,44,126,57,85,64,121,30,88,76,96,37,74,64
64,170,2,2,119,0,1953125,12,0,6808,2.19,0,0,NaN,0,0,27,77,26,82,34,70,33,63,38,48,36,22,54,28,43,18,56,32,39,70,74,73,69,75,23,124,66,81,15,160,74,65,157,257,33,123,277,451,265,265,295,542,397,524,589,782,602,610,676,1000,849,390,218,755,893,548,94,559,762,768,616,265,193,48,54,242,208,146,121,201,172,100,73,136,76,99,84,134,58,108,96,114,58,86,78
64,170,2,2,119,0,1953125,12,0,6808,2.19,0,0,NaN,0,0,24,76,16,76,35,72,30,59,43,54,41,26,60,36,42,22,71,31,48,68,93,67,80,66,41,112,85,71,7,145,94,76,140,262,37,135,261,467,264,255,264,540,387,511,568,756,583,571,688,1000,873,340,223,769,936,537,72,569,804,762,624,256,200,38,68,228,236,119,132,184,189,78,89,121,90,90,96,116,56,100,108,119,63,87,82
64,170,1,2,119,0,1953125,12,0,6808,2.19,0,0,NaN,0,0,52,49,64,47,52,28,62,25,45,11,51,13,29,34,26,38,17,68,2,73,38,106,32,46,92,130,27,46,138,134,40,23,244,167,157,42,369,349,383,197,425,483,538,483,680,717,654,604,739,1000,791,454,291,744,812,572,59,582,744,823,486,344,124,69,114,260,157,181,100,238,115,126,68,156,39,81,101,125,40,80,110,97,62,82,81
64,170,1,2,119,0,1953125,12,0,6808,2.19,0,0,NaN,0,0,35,65,41,68,46,45,52,44,48,28,48,14,48,14,34,29,37,42,23,74,43,83,49,73,29,137,36,70,70,154,37,44,199,231,77,108,336,431,291,243,351,534,440,514,592,739,564,612,685,999,779,354,257,775,834,520,18,620,761,800,570,266,174,41,42,247,164,154,80,212,136,93,27,137,41,96,67,124,24,103,93,112,51,83,73
64,170,1,2,119,0,1953125,12,0,6808,2.19,0,0,NaN,0,0,26,77,18,79,35,72,29,63,34,51,31,20,57,35,38,21,59,27,43,66,81,62,68,77,33,117,76,74,6,148,80,76,146,256,26,138,281,477,273,264,281,555,409,526,569,758,589,589,682,1000,871,359,195,734,885,497,30,602,809,772,615,250,199,36,68,236,231,131,131,190,184,78,76,129,84,94,86,121,55,113,107,115,63,87,78
64,170,1,2,119,0,1953125,12,0,6808,2.19,0,0,NaN,0,0,34,82,3,81,34,70,16,60,36,57,28,30,47,33,32,16,62,19,41,65,90,54,71,81,57,117,96,73,16,151,98,94,126,273,47,149,268,498,280,273,273,564,399,523,595,784,621,576,701,999,896,341,247,778,974,537,77,574,833,763,636,256,192,51,88,222,245,111,148,181,200,73,102,126,102,96,112,133,83,95,101,109,68,84,84
64,170,1,2,119,0,1953125,12,0,6808,2.19,0,0,NaN,0,0,25,81,20,82,35,74,34,68,35,53,38,27,51,32,38,16,62,27,42,68,79,67,73,74,27,125,74,79,10,163,85,76,157,275,35,131,289,492,293,288,289,568,407,522,568,768,590,589,674,1000,857,361,234,780,925,533,66,587,792,760,612,256,210,36,75,248,242,134,129,201,190,92,86,136,93,93,90,132,63,99,93,115,64,87,81
64,170,1,2,119,0,1953125,12,0,6808,2.19,0,0,NaN,0,0,28,94,6,87,27,94,17,74,35,76,32,41,61,54,43,12,85,25,58,63,122,51,85,79,92,109,124,73,48,148,124,116,105,284,81,176,258,524,314,312,305,613,462,563,634,783,656,589,749,999,924,317,276,753,955,458,98,647,922,781,650,266,207,47,141,219,288,106,188,171,225,57,125,115,123,96,139,133,106,106,133,115,86,91,94
64,170,1,2,119,0,1953125,12,0,7635,2.33,0,0,NaN,0,0,40,24,47,25,46,14,27,40,11,28,21,15,27,2,10,30,6,7,41,27,46,76,38,59,39,83,46,3,76,64,85,32,119,146,52,60,261,245,149,86,187,312,265,283,329,331,204,234,353,846,1000,764,426,914,968,603,397,791,667,428,130,64,133,114,135,142,30,43,15,113,65,47,30,81,29,58,45,29,46,10,19,56,15,28,18
64,170,1,2,119,0,1953125,12,0,7906,2.38,0,0,NaN,0,0,58,48,41,65,20,88,32,72,34,85,36,53,69,44,50,43,68,45,59,94,51,79,12,70,52,93,80,86,122,75,133,79,132,44,134,155,285,218,323,163,141,264,238,355,398,309,343,386,508,759,811,870,928,886,1000,834,843,677,502,311,115,107,112,176,205,163,135,94,60,105,43,137,67,65,10,63,36,33,47,23,52,32,30,44,79
64,170,1,2,119,0,1953125,12,0,7705,2.34,0,0,NaN,0,0,59,33,46,39,37,39,30,30,28,30,25,24,30,24,25,27,28,26,28,27,24,67,14,84,42,86,71,69,82,62,97,16,80,122,105,188,290,197,299,236,165,304,333,328,471,356,264,361,539,694,948,1000,938,987,956,990,923,707,582,288,72,46,101,161,109,125,161,91,29,100,83,35,71,34,94,25,48,36,4,39,56,31,41,13,8
64,170,1,2,119,0,1953125,12,0,7635,2.33,0,0,NaN,0,0,53,40,38,35,55,27,36,21,40,22,32,15,35,13,14,22,20,30,13,43,25,81,11,80,12,96,26,68,48,92,42,32,108,135,98,222,140,252,260,160,290,268,311,425,383,402,377,356,560,784,835,994,946,952,1000,870,911,723,619,385,72,41,183,227,125,122,172,120,47,85,23,82,53,47,46,48,77,30,51,58,27,28,19,33,36
64,170,2,2,119,0,1953125,12,0,6808,2.19,0,0,NaN,0,0,96,83,47,107,39,84,39,74,87,8,55,21,83,46,52,32,56,50,80,113,7,100,31,113,100,65,127,31,161,71,115,66,185,255,138,351,271,361,514,371,602,550,544,730,712,914,999,920,969,843,724,785,568,646,664,503,624,544,700,756,547,580,339,34,43,253,370,223,252,176,114,216,107,178,106,94,139,112,175,99,70,84,96,136,106
64,170,2,2,119,0,1953125,12,0,6808,2.19,0,0,NaN,0,0,35,78,10,74,38,70,21,59,39,58,32,32,54,40,34,16,66,24,56,60,98,50,75,74,61,110,103,71,20,147,101,116,127,279,59,164,263,498,280,273,275,567,410,541,613,768,611,569,730,999,908,322,250,752,963,507,63,548,816,722,610,250,175,67,96,200,241,89,152,158,198,50,100,102,103,73,93,95,63,93,101,97,66,79,76
64,170,2,2,119,0,1953125,12,0,6808,2.19,0,0,NaN,0,0,28,81,25,79,39,71,38,66,39,50,40,25,54,29,40,17,56,32,44,70,84,68,71,72,27,125,71,82,12,160,86,72,159,277,49,123,263,460,265,264,290,571,441,563,588,773,610,616,686,999,874,421,193,702,859,494,77,539,730,705,568,225,181,44,62,234,221,138,126,193,182,90,77,124,81,89,76,119,48,112,107,122,65,87,84
64,170,2,2,119,0,1953125,12,0,6808,2.19,0,0,NaN,0,0,36,90,5,87,32,95,20,77,34,78,31,38,60,56,49,9,81,27,64,47,114,40,84,77,87,104,120,73,43,154,127,113,102,286,90,164,246,506,288,282,310,638,493,580,650,804,692,584,739,999,953,368,231,710,953,484,71,585,876,758,642,269,185,60,133,210,281,109,196,170,230,57,132,113,130,84,130,122,108,95,121,101,74,80,85
64,170,2,2,119,0,1953125,12,0,8485,2.48,0,0,NaN,0,0,13,46,44,20,37,43,21,7,43,40,11,9,28,32,29,10,39,24,22,16,61,38,24,55,28,57,42,52,25,82,18,145,202,55,176,143,237,434,216,148,101,221,208,316,367,410,109,69,405,834,903,457,272,646,1000,756,647,831,370,216,347,90,99,248,167,115,61,15,74,110,86,64,22,29,31,76,48,33,62,10,31,25,22,9,34
64,170,2,2,119,0,1953125,12,0,6808,2.19,0,0,NaN,0,0,125,132,38,94,133,66,52,102,49,48,85,33,62,96,46,79,100,27,79,102,13,111,130,16,140,192,75,109,199,98,108,186,36,210,340,257,320,575,615,493,694,861,775,769,1000,968,859,930,992,964,849,975,942,745,821,838,699,539,568,612,374,386,459,308,166,297,248,88,224,221,89,202,234,129,162,224,150,113,179,141,99,150,142,119,145
64,170,2,2,119,0,1953125,12,0,7852,2.37,0,0,NaN,0,0,28,44,23,30,51,18,21,38,12,35,14,9,23,22,19,28,34,12,27,50,36,13,63,27,49,69,69,72,36,94,94,99,110,113,73,101,187,347,161,139,136,274,215,310,332,399,253,177,345,735,996,724,549,928,1000,563,429,723,583,340,233,79,40,144,115,159,45,27,39,71,114,39,44,84,1,74,18,23,30,44,20,24,22,10,28
64,170,1,2,119,0,1953125,12,0,6808,2.19,0,0,NaN,0,0,95,84,50,94,34,79,72,26,74,23,59,48,30,53,8,60,11,83,66,50,109,17,109,87,68,151,40,128,121,72,142,27,206,149,197,366,263,395,502,330,544,582,549,782,814,789,994,927,858,1000,836,728,675,430,576,569,554,769,698,630,657,508,216,181,97,231,202,240,330,175,139,145,44,175,107,113,140,48,139,116,109,142,82,70,70
64,170,1,2,119,0,1953125,12,0,6808,2.19,0,0,NaN,0,0,33,72,30,72,40,63,34,47,49,48,42,15,61,32,41,24,61,33,41,73,80,65,64,81,33,125,74,76,13,160,76,74,155,267,39,136,278,469,271,267,293,570,427,542,570,751,580,597,687,1000,862,378,206,726,862,482,51,584,775,740,594,254,220,17,46,229,218,129,126,195,186,79,74,126,89,89,82,110,44,94,95,116,60,81,74
64,170,1,2,119,0,1953125,12,0,6803,2.19,0,0,NaN,0,0,82,35,84,21,74,16,81,3,57,31,68,26,37,50,31,44,22,79,11,74,64,129,12,39,115,136,35,55,138,110,48,64,253,138,177,52,392,353,432,175,417,452,560,456,704,692,691,571,767,1000,836,463,297,711,848,574,106,594,819,871,492,342,82,84,141,238,179,182,130,227,123,115,102,145,69,75,135,120,70,90,137,106,83,93,96
64,170,2,2,119,0,1953125,12,0,6808,2.19,0,0,NaN,0,0,48,109,43,80,91,20,87,46,50,78,14,71,49,34,48,21,73,29,86,98,15,112,62,76,124,13,136,116,57,142,38,179,140,123,303,227,294,468,369,454,592,496,660,780,751,882,996,903,941,1000,793,751,643,417,620,586,569,753,669,566,584,467,177,165,25,219,260,200,328,264,118,181,79,119,168,83,155,128,68,133,107,130,157,116,113
64,170,2,2,119,0,1953125,12,0,6808,2.19,0,0,NaN,0,0,59,77,38,65,36,81,19,56,22,66,7,39,48,57,28,14,77,25,59,32,120,21,68,72,127,62,121,85,113,105,125,165,140,270,148,207,290,500,388,304,375,589,549,559,735,746,736,593,876,1000,967,341,338,697,976,473,143,566,931,779,595,325,143,77,162,148,272,85,206,132,218,41,133,64,124,42,145,75,97,82,148,104,90,62,84
64,170,2,2,119,0,1953125,12,0,6808,2.19,0,0,NaN,0,0,59,76,49,65,34,83,30,55,14,69,4,44,35,59,18,12,72,28,57,29,125,34,80,53,114,48,123,66,108,95,134,149,129,269,170,176,264,472,384,273,357,571,543,522,709,749,771,598,862,997,994,404,307,686,1000,537,110,512,905,786,600,332,148,77,150,142,281,104,189,126,221,58,133,70,131,35,143,89,119,71,130,80,79,66,94
64,170,2,2,119,0,1953125,12,0,6808,2.19,0,0,NaN,0,0,59,81,48,68,36,88,30,61,12,77,10,43,36,61,18,9,73,29,58,28,124,29,74,62,119,51,123,74,102,101,131,156,115,259,142,189,265,490,368,273,336,591,552,566,727,757,759,606,870,999,985,374,284,665,950,457,165,603,971,819,641,344,168,67,164,158,294,103,209,131,225,53,140,67,128,54,162,99,119,77,144,95,89,73,94
64,170,2,2,119,0,1953125,12,0,6808,2.19,0,0,NaN,0,0,78,49,84,28,59,57,64,36,32,60,40,36,8,58,7,27,48,55,41,28,103,81,43,37,128,39,101,60,136,18,110,144,192,164,188,138,331,375,417,158,389,468,575,450,740,669,724,519,846,1000,931,463,303,666,931,586,81,515,861,853,524,375,79,102,146,167,217,155,149,173,155,101,110,100,91,38,138,98,86,63,129,93,85,74,94
64,170,2,2,119,0,1953125,12,0,7745,2.35,0,0,NaN,0,0,30,43,27,21,44,24,28,10,31,13,31,17,24,28,14,14,34,7,23,43,29,35,36,44,55,29,69,70,53,83,52,132,46,84,103,80,158,288,162,144,122,231,208,240,331,310,251,112,348,654,917,653,540,847,1000,533,447,627,573,251,133,115,40,143,144,114,63,51,40,27,92,11,63,46,23,72,28,14,12,34,55,18,2,17,8
64,170,2,2,119,0,1953125,12,0,6808,2.19,0,0,NaN,0,0,55,111,21,102,82,44,93,3,93,61,41,60,23,73,28,71,26,65,50,79,134,32,108,74,96,132,23,170,91,104,100,120,212,64,263,244,256,466,365,461,552,456,694,704,801,971,919,968,1000,858,860,810,540,590,551,520,667,599,703,729,487,512,305,25,102,157,351,265,236,263,78,174,129,132,179,54,133,99,145,182,129,149,115,103,123
64,170,2,2,119,0,1953125,12,0,6808,2.19,0,0,NaN,0,0,57,81,49,64,36,85,31,62,10,78,12,43,32,59,25,18,80,38,60,26,129,40,77,62,131,54,127,76,121,100,141,151,136,262,172,185,281,481,399,277,365,580,565,546,737,748,773,611,886,1000,979,372,340,694,990,510,162,551,921,780,590,335,170,74,176,163,298,112,216,150,236,67,149,84,143,37,154,91,111,52,127,83,98,80,96
64,170,2,2,119,0,1953125,12,0,6808,2.19,0,0,NaN,0,0,68,44,73,45,60,21,73,23,52,5,57,6,35,33,31,37,16,69,9,66,45,114,24,47,92,131,24,54,126,120,44,39,237,154,157,22,360,338,388,166,379,432,515,440,657,679,646,569,738,1000,819,458,273,728,858,626,35,519,720,804,464,321,103,75,128,241,163,182,106,224,113,113,77,144,49,75,119,122,58,94,132,115,70,80,84
64,170,2,2,119,0,1953125,12,0,6808,2.19,0,0,NaN,0,0,46,75,24,62,56,68,32,45,49,43,36,10,60,22,34,33,66,27,43,77,90,64,72,71,31,131,91,70,6,163,100,104,144,299,73,152,257,500,280,267,270,578,434,554,608,755,630,595,756,1000,935,350,215,696,943,487,61,543,845,731,606,250,187,27,115,172,280,100,178,139,234,50,109,80,127,53,126,101,104,71,129,113,96,70,92
64,170,2,2,119,0,1953125,12,0,7957,2.39,0,0,NaN,0,0,40,22,26,35,41,16,47,19,27,29,18,14,37,11,6,41,31,31,63,63,55,64,46,33,55,86,77,93,85,110,108,105,137,106,88,119,247,303,170,50,111,229,237,310,327,325,175,204,320,713,852,684,482,917,999,668,446,744,527,276,185,63,23,127,166,176,28,33,57,133,94,82,66,63,52,20,11,57,21,52,19,35,49,32,39
64,170,2,2,119,0,1953125,12,0,7750,2.35,0,0,NaN,0,0,50,34,40,35,48,29,39,16,42,28,17,22,12,30,4,25,17,31,6,38,46,26,45,59,41,80,25,97,17,110,20,109,79,62,63,218,184,254,289,153,217,259,238,387,463,340,350,365,472,724,982,969,1000,952,941,981,822,697,515,213,107,85,100,142,109,172,137,47,52,132,71,68,58,77,95,12,42,20,16,42,61,47,56,26,14
64,170,2,2,119,0,1953125,12,0,6808,2.19,0,0,NaN,0,0,76,87,33,102,47,72,71,36,91,20,63,40,47,59,29,62,5,76,27,104,106,32,112,31,124,90,88,165,40,118,62,159,146,108,281,173,336,429,318,480,438,462,667,618,854,930,861,1000,925,813,889,746,584,615,512,556,578,550,690,630,475,520,245,41,5,221,319,203,282,224,70,173,65,164,141,63,127,64,160,147,111,126,73,91,96
64,170,2,2,119,0,1953125,12,0,6808,2.19,0,0,NaN,0,0,71,46,65,54,50,49,42,57,39,42,14,63,24,41,13,50,25,41,53,54,75,75,55,41,123,85,91,61,157,93,85,105,242,138,162,65,375,330,377,147,411,438,520,467,687,692,615,578,735,1000,778,447,247,731,821,599,45,533,697,811,537,270,127,92,22,247,187,204,82,215,165,130,38,147,88,88,55,150,76,79,87,144,86,81,94
64,170,2,2,119,0,1953125,12,0,6808,2.19,0,0,NaN,0,0,38,60,47,60,53,48,56,41,54,26,50,4,57,22,41,42,54,57,30,88,56,95,49,88,37,154,39,89,60,185,45,51,194,264,75,114,316,454,309,274,340,568,481,573,612,779,610,635,670,1000,811,413,206,735,827,512,25,596,726,751,535,243,182,47,34,260,196,164,90,230,163,104,42,153,65,96,78,150,55,102,90,114,45,74,69
64,170,2,2,119,0,1953125,12,0,6808,2.19,0,0,NaN,0,0,662,634,609,555,604,572,461,418,445,444,282,258,286,262,209,243,307,351,321,419,533,547,542,638,706,746,714,799,796,888,880,801,939,949,898,860,925,893,880,834,879,829,758,803,766,735,783,693,852,666,582,806,763,712,667,708,999,573,636,804,873,662,681,739,843,730,632,701,761,655,612,543,588,578,501,412,435,425,364,209,251,248,198,92,59
64,170,2,2,119,0,1953125,12,0,6808,2.19,0,0,NaN,0,0,44,64,52,68,49,41,61,47,43,16,50,6,45,18,35,38,41,59,23,79,39,102,44,71,41,144,28,72,76,152,26,24,214,222,108,90,334,412,316,219,348,517,479,517,598,735,597,610,672,999,787,418,235,758,821,532,42,640,764,821,529,276,162,74,52,271,183,188,76,239,140,121,46,165,51,103,86,142,33,115,117,134,57,93,93
64,170,2,2,119,0,1953125,12,0,6808,2.19,0,0,NaN,0,0,60,79,31,75,38,83,16,60,27,71,11,39,42,57,23,7,71,16,49,46,119,20,67,83,120,72,115,86,89,120,121,153,114,289,136,196,253,508,355,288,319,618,548,584,702,790,762,621,820,979,975,376,339,720,1000,492,82,576,920,762,604,276,192,54,141,166,294,85,196,140,235,35,126,78,128,60,141,87,86,100,151,112,92,82,100
64,170,2,2,119,0,1953125,12,0,6808,2.19,0,0,NaN,0,0,49,93,40,78,25,101,30,72,11,89,24,56,39,66,29,18,85,42,63,30,137,47,85,58,133,57,133,64,115,92,142,140,111,246,148,182,261,482,368,250,327,591,555,533,697,744,761,563,798,933,946,366,261,619,885,381,191,664,1000,822,606,292,180,44,169,168,303,102,209,145,241,52,149,90,144,42,156,92,98,63,137,106,95,78,99
64,170,2,2,119,0,1953125,12,0,6808,2.19,0,0,NaN,0,0,68,74,61,58,43,80,42,55,5,83,21,42,30,70,13,21,77,53,50,21,133,59,73,43,143,30,131,51,135,45,131,151,145,208,167,172,298,446,409,199,343,526,557,476,721,722,781,549,842,982,1000,460,259,610,925,500,120,575,947,829,560,321,108,79,152,139,269,123,184,138,203,78,125,73,116,17,142,79,83,46,133,90,87,67,93
64,170,2,2,119,0,1953125,12,0,7555,2.32,0,0,NaN,0,0,24,55,23,25,55,22,38,23,27,37,11,15,27,18,11,21,17,32,14,7,77,24,41,52,56,29,52,58,46,14,109,71,59,163,61,151,167,265,164,78,125,302,284,273,329,305,310,197,451,751,983,642,481,822,1000,497,472,750,713,310,145,188,61,119,96,107,145,29,86,44,52,73,20,13,62,23,79,43,36,60,41,13,31,12,34
64,170,2,2,119,0,1953125,12,0,6808,2.19,0,0,NaN,0,0,110,35,81,21,113,64,52,55,52,91,20,61,10,67,38,69,43,55,55,88,145,32,81,29,148,118,69,138,59,150,25,164,61,196,224,205,408,261,419,414,425,647,530,672,781,748,999,948,887,924,676,700,577,508,659,402,524,530,617,770,573,511,337,97,131,226,364,223,179,155,136,242,119,128,63,120,157,107,153,72,129,134,128,120,67
64,170,2,2,119,0,1953125,12,0,6808,2.19,0,0,NaN,0,0,66,78,56,66,37,89,45,54,16,77,16,43,27,63,19,18,72,39,54,27,131,49,73,55,128,37,124,61,119,66,126,159,139,241,156,199,302,489,421,255,350,550,556,527,732,723,743,559,854,965,940,347,336,662,919,410,207,663,999,817,550,282,134,51,189,177,299,113,203,149,225,63,130,65,118,41,154,78,96,88,162,107,90,74,99
64,170,2,2,119,0,1953125,12,0,6808,2.19,0,0,NaN,0,0,60,84,52,65,35,94,40,66,11,76,16,49,37,72,21,23,77,47,55,19,130,50,77,41,131,34,130,50,121,61,136,140,125,229,168,172,279,470,413,240,346,546,560,505,719,736,776,553,834,975,1000,434,264,629,941,487,109,579,951,816,571,305,131,62,171,161,294,120,202,149,225,70,136,80,134,31,149,84,106,68,139,81,85,89,114
64,170,2,2,119,0,1953125,12,0,6808,2.19,0,0,NaN,0,0,56,85,36,75,28,94,24,62,17,81,12,40,46,60,29,14,80,33,56,41,130,31,79,59,123,55,124,64,92,97,127,148,107,263,137,199,279,522,398,275,325,584,540,539,703,760,748,565,830,991,1000,385,272,661,956,446,119,622,968,793,581,269,156,48,175,186,316,104,206,147,243,52,140,84,142,40,152,97,113,66,129,78,77,69,91
64,170,2,2,119,0,1953125,12,0,6808,2.19,0,0,NaN,0,0,75,61,79,37,51,70,67,40,27,67,36,37,14,65,0,27,62,60,43,25,117,79,56,23,144,45,112,49,145,24,120,135,195,181,207,132,332,404,454,183,396,496,610,479,757,700,784,574,872,1000,958,476,349,692,941,580,93,533,876,838,501,335,69,81,173,190,247,164,173,185,181,111,126,113,106,44,150,103,103,80,148,101,84,78,101
64,170,2,2,119,0,1953125,12,0,6808,2.19,0,0,NaN,0,0,52,86,28,76,34,88,13,64,27,75,18,42,45,59,29,5,81,25,55,49,134,34,79,72,115,69,124,65,83,114,121,135,97,281,129,178,242,507,362,275,301,604,531,552,655,757,736,607,818,1000,992,394,282,685,974,458,97,628,974,806,621,272,178,43,149,182,306,97,201,149,241,40,139,91,136,62,144,99,100,110,164,119,98,89,106
64,170,2,2,119,0,1953125,12,0,6808,2.19,0,0,NaN,0,0,56,84,37,76,34,92,25,68,14,80,15,42,38,60,24,6,79,35,49,35,126,31,72,69,120,57,123,68,93,105,129,136,94,260,138,182,250,502,369,264,308,597,544,557,690,767,763,592,810,976,1000,421,274,633,943,456,104,584,934,774,597,282,169,51,159,170,301,98,209,143,240,49,139,73,128,51,146,92,103,95,153,107,88,79,103
64,170,2,2,119,0,1953125,12,0,6808,2.19,0,0,NaN,0,0,43,77,11,81,33,77,8,66,30,59,23,31,49,42,27,19,68,15,44,68,103,38,71,86,70,102,91,84,31,144,95,119,121,293,72,170,248,508,304,291,280,604,465,568,608,785,675,639,752,1000,932,376,237,697,911,429,66,642,889,752,595,203,182,32,105,221,276,108,163,170,218,47,101,118,115,91,117,124,89,113,127,109,71,85,88
64,170,2,2,119,0,1953125,12,0,6808,2.19,0,0,NaN,0,0,43,56,60,60,58,36,68,42,57,23,60,8,49,21,40,29,37,55,24,79,38,103,46,70,38,140,29,69,76,152,29,9,210,205,91,54,341,397,326,209,343,496,481,515,612,735,608,616,673,1000,811,476,175,677,760,500,58,607,726,788,510,244,132,50,74,259,156,177,75,237,127,119,39,159,39,90,83,136,25,98,109,127,59,89,85
64,170,2,2,119,0,1953125,12,0,6808,2.19,0,0,NaN,0,0,49,79,19,76,33,86,6,67,24,72,14,36,47,53,32,2,78,23,51,46,114,25,71,81,93,89,112,76,68,129,121,126,101,284,107,174,242,512,330,285,291,608,505,568,647,781,713,618,788,1000,979,399,246,662,921,427,102,626,926,765,605,243,193,36,125,187,288,87,182,151,229,41,128,98,131,71,135,113,103,88,124,95,77,82,83
64,170,2,2,119,0,1953125,12,0,6808,2.19,0,0,NaN,0,0,53,84,40,75,32,89,24,61,15,78,10,44,41,59,25,17,85,38,53,32,128,31,76,60,120,57,125,64,103,97,132,142,111,257,151,170,250,484,362,257,322,583,537,541,706,757,749,572,830,993,1000,403,251,622,909,407,151,631,961,784,572,273,170,61,153,164,297,99,206,143,232,48,140,83,139,38,144,86,103,67,133,90,92,93,105
64,170,2,2,119,0,1953125,12,0,6808,2.19,0,0,NaN,0,0,36,88,44,62,25,71,30,58,7,52,18,51,22,40,29,20,49,10,70,18,103,22,86,47,111,46,137,68,126,63,136,174,193,210,188,173,340,416,421,186,414,495,584,467,773,700,752,550,851,1000,921,498,270,633,852,569,90,537,814,865,491,331,45,114,115,221,201,222,80,209,130,148,56,146,68,77,92,137,62,81,124,146,68,61,94
64,170,1,2,119,0,1953125,12,0,6808,2.19,0,0,NaN,0,0,86,37,86,26,61,52,77,32,47,52,47,36,18,62,10,41,43,67,38,47,94,95,46,21,136,80,89,50,158,56,98,119,248,154,202,100,376,371,448,145,434,487,616,458,756,710,754,559,813,1000,884,476,305,677,851,541,147,596,839,846,452,312,54,86,166,238,214,191,139,217,143,124,105,139,79,62,136,128,68,60,126,101,85,86,101
64,170,1,2,119,0,1953125,12,0,6808,2.19,0,0,NaN,0,0,46,90,36,76,28,96,24,63,20,82,17,44,46,63,31,11,83,33,58,39,135,39,79,66,119,63,128,69,92,106,123,147,111,272,148,180,254,495,362,259,324,616,566,559,688,748,740,580,821,986,999,410,226,605,881,378,171,652,968,775,572,252,184,45,156,174,305,98,198,137,231,42,128,71,124,50,139,91,91,83,141,114,102,86,97
64,170,1,2,119,0,1953125,12,0,6808,2.19,0,0,NaN,0,0,54,84,38,69,33,88,26,59,19,76,12,40,40,58,20,6,75,25,53,39,128,33,75,64,119,61,126,67,95,102,133,139,112,260,151,174,258,482,359,237,319,587,534,514,683,749,745,548,799,974,1000,426,203,583,873,386,147,618,937,761,557,264,152,49,162,163,288,91,196,132,219,38,128,66,118,50,143,69,84,91,153,99,81,66,86
64,170,1,2,119,0,1953125,12,0,6803,2.19,0,0,NaN,0,0,63,78,62,58,34,89,49,56,9,83,25,50,31,71,16,34,73,59,49,24,126,70,70,29,135,29,124,49,128,39,129,139,158,201,193,140,285,417,406,159,335,504,567,463,718,689,752,515,833,986,1000,500,223,573,881,489,121,537,884,796,504,311,105,83,163,161,263,139,174,149,185,83,129,86,112,23,143,86,105,73,141,91,81,64,88
64,170,1,2,119,0,1953125,12,0,6803,2.19,0,0,NaN,0,0,26,87,16,86,35,79,29,64,46,64,42,32,70,50,47,18,85,35,55,69,113,61,82,75,63,116,98,78,27,154,99,92,122,284,70,142,248,495,287,264,268,582,440,548,599,788,651,608,714,1000,925,392,167,661,853,411,47,619,824,712,557,181,169,46,92,232,256,114,150,185,203,68,96,118,95,93,106,119,59,105,118,128,78,89,86
64,170,1,2,119,0,1953125,12,0,6803,2.19,0,0,NaN,0,0,46,77,16,73,42,78,17,58,41,57,30,26,53,37,33,21,78,18,46,77,119,50,75,87,82,114,104,80,39,149,99,131,124,309,92,178,255,531,328,287,279,613,485,575,628,793,694,615,755,1000,963,399,204,664,901,426,60,619,881,739,594,213,182,33,105,198,274,90,164,156,222,35,99,101,113,72,111,112,90,87,106,86,58,75,81
64,170,1,2,119,0,1953125,12,0,7635,2.33,0,0,NaN,0,0,36,45,9,37,46,28,37,21,39,35,18,34,26,25,16,28,19,33,28,19,75,42,70,53,54,78,23,72,41,21,120,30,23,176,56,127,186,283,114,81,87,313,266,316,323,344,264,181,395,740,1000,701,525,843,965,533,480,769,651,290,130,151,62,143,84,128,89,26,38,49,92,17,35,57,23,75,34,27,34,45,15,20,32,10,22
64,170,1,2,119,0,1953125,12,0,7635,2.33,0,0,NaN,0,0,45,52,26,45,25,55,28,31,17,44,15,20,16,32,9,6,35,26,18,34,67,13,68,16,79,24,67,37,62,56,83,49,27,138,145,142,221,111,216,188,177,330,294,368,423,283,332,427,548,820,936,966,1000,854,917,772,804,723,530,372,111,79,129,205,161,88,145,127,18,60,18,76,72,21,44,41,74,16,23,25,3,41,36,32,23
64,170,1,2,119,0,1953125,12,0,7705,2.34,0,0,NaN,0,0,50,48,42,42,32,48,29,26,19,34,34,12,15,32,23,12,23,36,12,18,56,27,58,26,82,41,79,39,78,28,98,43,50,82,162,113,251,162,225,201,137,282,299,339,459,315,311,397,524,775,949,944,1000,856,916,810,789,728,490,340,131,97,99,205,207,97,107,120,47,51,38,69,74,23,37,31,62,41,19,43,12,52,23,6,29
64,170,1,2,119,0,1953125,12,0,6808,2.19,0,0,NaN,0,0,102,34,102,29,97,96,27,90,14,78,55,52,67,22,58,21,78,25,85,68,71,124,10,107,50,119,128,39,161,66,125,68,158,211,81,307,241,352,501,330,522,516,505,740,749,851,999,888,935,945,783,841,631,481,592,380,574,619,584,748,561,420,334,99,141,128,305,320,162,222,115,151,184,90,164,75,106,119,102,159,109,115,118,106,129
64,170,1,2,119,0,1953125,12,0,6803,2.19,0,0,NaN,0,0,34,96,15,88,26,91,11,72,27,77,21,39,53,53,32,4,79,22,50,54,111,28,70,84,89,97,111,77,53,146,119,113,99,285,92,167,250,526,335,294,275,603,478,562,627,796,709,622,763,1000,973,402,237,679,927,441,81,611,891,746,612,242,201,44,111,197,277,92,182,164,230,43,119,102,117,77,123,122,100,88,115,97,73,82,86
64,170,1,2,119,0,1953125,12,0,7861,2.37,0,0,NaN,0,0,51,42,3,46,49,25,43,35,38,41,10,16,33,7,13,39,23,19,35,48,51,18,53,43,50,65,75,84,45,105,85,93,84,121,95,131,210,357,158,122,91,268,246,336,348,390,240,175,374,728,1000,747,598,911,986,560,488,757,570,263,178,84,10,129,119,173,35,44,42,64,126,45,55,87,15,76,7,21,30,36,13,2,32,13,41
64,170,1,2,119,0,1953125,12,0,7675,2.34,0,0,NaN,0,0,56,23,53,28,43,27,37,29,38,18,32,18,35,21,30,16,19,25,19,32,24,52,14,78,7,85,26,79,41,77,40,58,61,131,86,240,226,194,263,132,177,307,291,395,464,307,321,410,541,787,1000,951,952,831,834,861,735,680,459,198,121,128,122,91,150,184,85,21,94,113,20,83,36,117,52,75,46,44,38,41,39,70,47,25,20
64,170,1,2,119,0,1953125,12,0,7982,2.39,0,0,NaN,0,0,26,59,15,54,34,43,39,16,64,21,61,33,59,32,28,56,15,48,55,70,82,62,78,9,109,44,127,109,152,114,134,171,122,125,83,290,250,392,266,199,157,200,360,470,444,423,313,368,643,783,875,1000,915,967,918,883,851,661,483,129,132,259,89,163,202,253,44,107,150,163,108,140,88,64,55,29,57,69,95,23,47,46,34,62,67
64,170,1,2,119,0,1953125,12,0,7680,2.34,0,0,NaN,0,0,38,48,23,43,46,25,32,21,35,23,18,11,31,20,19,9,33,17,18,31,56,6,71,21,85,61,59,69,52,74,39,76,61,57,105,190,133,249,233,144,246,278,272,404,412,308,345,407,532,800,1000,953,950,840,825,863,745,673,494,198,100,91,113,88,57,131,136,55,52,114,75,35,48,54,97,30,46,13,35,7,36,23,43,37,15
64,170,1,2,119,0,1953125,12,0,7680,2.34,0,0,NaN,0,0,49,42,37,37,41,38,26,26,31,29,14,21,22,24,14,10,33,14,26,31,20,52,38,53,49,63,66,46,58,71,66,37,62,120,50,197,176,214,274,147,251,277,283,420,385,352,361,362,548,821,886,1000,925,812,829,701,776,607,493,297,69,70,130,170,119,106,138,85,15,67,17,85,51,57,37,63,66,9,27,49,17,33,19,21,14
64,170,2,2,119,0,1953125,12,0,7720,2.34,0,0,NaN,0,0,44,34,41,32,47,27,32,25,31,28,18,8,33,13,20,8,33,3,30,27,18,59,23,77,43,80,56,73,50,90,45,76,53,105,53,211,158,271,247,153,215,180,255,392,385,426,361,309,532,762,859,1000,889,852,809,725,736,558,473,255,76,106,140,179,131,159,113,70,53,106,13,104,38,82,14,81,32,19,34,40,17,35,27,21,17
64,170,2,2,119,0,1953125,12,0,6803,2.19,0,0,NaN,0,0,45,107,26,95,82,40,92,5,88,53,51,67,25,74,29,70,24,64,50,79,125,23,111,67,96,117,35,164,77,107,93,122,166,50,259,186,297,446,335,481,490,450,682,636,831,938,871,1000,970,839,899,757,505,512,375,460,532,554,715,652,497,527,229,50,16,238,326,197,279,203,88,176,68,165,122,75,122,78,168,138,115,127,81,111,108
64,170,2,2,119,0,1953125,12,0,7660,2.33,0,0,NaN,0,0,30,39,29,40,45,6,44,29,29,33,13,31,34,20,26,32,16,16,38,19,45,64,58,65,30,98,32,29,78,50,97,51,80,156,49,60,257,265,157,81,162,305,279,322,368,381,222,244,356,824,1000,803,493,906,930,562,415,771,589,339,147,101,125,107,129,143,31,39,13,101,65,37,30,75,32,53,48,29,37,22,20,39,5,25,9
64,170,2,2,119,0,1953125,12,0,7660,2.33,0,0,NaN,0,0,43,56,24,51,19,62,16,41,15,54,2,36,24,45,9,13,40,21,32,20,75,20,95,17,102,5,105,4,87,28,108,30,48,113,120,132,226,138,255,187,167,313,284,390,477,358,394,434,536,812,948,959,1000,844,898,741,736,667,458,330,142,96,101,182,184,100,137,123,49,39,51,58,99,20,68,30,92,40,31,19,23,17,32,28,36
64,170,2,2,119,0,1953125,12,0,6803,2.19,0,0,NaN,0,0,85,109,25,89,39,86,70,35,73,20,64,21,70,50,34,35,50,79,17,92,30,92,74,63,122,30,136,65,118,128,75,135,64,246,136,236,336,249,502,399,444,589,479,698,816,787,1000,923,830,910,710,710,610,419,588,389,525,632,553,712,581,380,295,131,181,156,290,314,130,188,101,153,181,67,128,34,137,132,111,150,72,114,112,119,118
64,170,2,2,119,0,1953125,12,0,7730,2.35,0,0,NaN,0,0,48,16,40,37,36,14,33,26,32,17,8,29,16,12,33,13,25,23,19,42,24,48,67,39,14,104,8,49,75,51,85,46,97,136,49,64,240,291,198,98,177,288,269,318,359,379,209,216,329,810,1000,809,483,905,912,534,424,756,562,345,178,63,92,107,146,155,21,33,21,112,73,49,43,78,41,47,41,33,28,28,26,25,23,7,16
64,170,2,2,119,0,1953125,12,0,7705,2.34,0,0,NaN,0,0,37,55,21,41,36,38,29,23,29,21,30,2,33,2,32,9,31,18,30,14,29,65,14,67,13,94,43,67,40,94,31,66,49,95,50,195,145,265,242,143,234,222,286,424,396,403,364,329,544,806,883,1000,895,790,808,688,740,559,439,281,82,50,113,194,149,102,123,108,48,96,45,90,69,56,43,52,50,14,15,64,35,44,27,21,7
64,170,2,2,119,0,1953125,12,0,6808,2.19,0,0,NaN,0,0,107,31,89,41,74,86,17,75,12,74,56,39,61,12,51,17,74,20,75,61,63,123,13,105,52,111,127,31,151,66,127,78,150,218,77,294,255,338,505,337,508,525,502,741,763,844,999,892,907,933,756,794,611,449,572,368,549,610,552,704,542,371,293,110,161,143,295,318,152,202,112,125,175,68,142,58,107,131,106,160,103,108,113,101,123
64,170,2,2,119,0,1953125,12,0,6803,2.19,0,0,NaN,0,0,35,80,7,79,34,83,17,63,34,64,27,25,53,44,38,13,76,23,49,63,109,36,66,83,72,103,91,84,45,141,102,97,98,272,74,145,237,494,305,296,279,590,456,555,617,804,702,634,745,1000,961,421,184,643,876,429,32,585,835,713,574,207,173,51,93,214,264,96,156,170,212,54,106,110,108,82,112,114,82,115,132,117,79,78,82
64,170,2,2,119,0,1953125,12,0,6808,2.19,0,0,NaN,0,0,51,50,68,57,56,28,69,31,56,13,57,3,49,27,38,38,34,59,8,93,44,103,41,77,54,142,12,77,91,150,20,17,220,205,121,61,353,400,370,236,380,523,511,515,636,763,662,647,684,1000,813,486,172,668,741,488,78,626,729,787,479,229,108,61,88,268,160,177,73,235,116,109,46,159,36,89,85,134,29,89,92,100,58,93,81
64,170,2,2,119,0,1953125,12,0,7817,2.36,0,0,NaN,0,0,24,44,32,21,56,9,25,42,17,28,15,6,29,16,15,27,33,16,29,44,43,9,56,33,40,64,60,68,23,83,79,63,82,114,77,91,174,329,172,148,127,287,231,324,339,395,233,185,363,738,1000,774,620,910,927,527,465,719,535,268,163,88,43,151,114,143,47,10,47,84,106,46,39,81,26,75,15,19,32,39,40,44,4,16,14
64,170,2,2,119,0,1953125,12,0,6808,2.19,0,0,NaN,0,0,95,32,88,33,90,76,34,93,28,64,51,44,72,20,54,8,69,51,68,109,14,103,58,84,126,6,135,85,94,133,31,167,45,182,213,150,378,328,366,485,388,545,648,599,851,840,820,1000,903,839,892,701,471,453,355,498,563,571,697,646,448,473,233,40,62,177,328,232,233,249,72,150,105,118,175,69,132,103,110,167,123,128,118,81,98
64,170,2,2,119,0,1953125,12,0,7750,2.35,0,0,NaN,0,0,33,40,23,22,45,24,18,25,25,22,13,17,16,29,15,17,36,9,20,38,44,14,49,26,59,48,58,67,11,65,82,78,48,110,95,91,159,311,146,120,96,265,241,296,345,386,262,147,350,687,1000,749,569,829,924,451,396,647,530,252,181,114,20,133,105,126,67,26,52,55,103,31,45,67,10,70,15,13,18,48,42,31,16,19,22
64,170,2,2,119,0,1953125,12,0,7967,2.39,0,0,NaN,0,0,59,36,50,26,45,37,45,43,50,45,39,48,17,63,32,42,49,34,60,52,131,44,91,46,80,103,117,177,121,172,114,195,83,182,86,278,273,422,259,198,153,202,403,513,483,425,287,358,654,823,890,1000,877,879,911,915,951,695,484,159,186,231,110,192,233,229,91,152,134,194,78,153,61,84,26,66,34,51,63,27,59,59,78,50,59
64,170,2,2,119,0,1953125,12,0,7957,2.39,0,0,NaN,0,0,43,46,38,44,13,66,22,51,10,60,18,52,25,48,23,35,52,34,77,57,103,49,79,20,97,27,146,73,162,53,182,99,191,43,156,135,320,255,288,204,83,206,393,387,477,372,207,301,601,780,910,1000,860,835,879,829,847,588,370,132,163,128,98,74,228,149,130,28,155,102,143,47,121,63,67,19,48,12,62,28,39,22,50,56,56
64,170,2,2,119,0,1953125,12,0,6803,2.19,0,0,NaN,0,0,65,65,97,13,108,90,33,98,37,65,77,37,91,52,57,53,45,90,37,115,107,36,120,42,110,134,19,164,113,74,137,29,189,137,158,319,225,345,484,327,502,592,505,711,822,741,951,1000,848,959,900,645,575,446,430,577,547,609,696,588,451,478,231,70,91,124,307,246,214,281,144,106,138,50,169,129,93,143,72,119,136,112,146,125,97
64,170,2,2,119,0,1953125,12,0,7705,2.34,0,0,NaN,0,0,48,11,37,42,29,23,28,25,32,18,8,38,5,21,35,5,26,28,10,47,14,36,65,31,9,97,6,50,74,44,86,53,94,117,42,55,217,255,184,101,166,280,269,314,351,344,183,218,344,811,1000,835,554,922,904,577,490,747,522,293,155,55,81,83,132,146,15,24,19,108,67,54,54,88,39,47,40,30,30,32,41,52,12,20,3
64,170,2,2,119,0,1953125,12,0,7725,2.35,0,0,NaN,0,0,33,56,29,48,32,44,20,35,20,31,18,21,34,29,29,12,43,7,51,3,38,43,53,44,55,64,78,51,59,88,81,55,67,96,28,179,161,232,266,135,212,233,244,402,385,365,338,321,523,817,900,1000,920,806,845,722,760,575,426,276,115,72,90,172,165,123,132,82,37,80,46,85,77,63,55,57,64,4,5,55,35,33,24,21,9
64,170,2,2,119,0,1953125,12,0,6803,2.19,0,0,NaN,0,0,41,100,74,62,117,22,85,55,62,83,13,71,11,65,38,59,55,40,75,31,126,70,78,93,67,150,33,143,133,77,125,69,206,79,222,267,217,477,408,437,585,461,689,757,800,983,953,943,1000,871,839,828,522,516,498,439,628,580,702,750,493,496,300,38,95,179,362,262,220,243,56,180,117,129,159,41,143,100,153,174,107,124,94,103,120
64,170,2,2,119,0,1953125,12,0,6808,2.19,0,0,NaN,0,0,44,63,55,72,58,42,71,50,52,29,55,8,59,27,48,34,48,51,29,87,53,90,58,76,29,142,32,81,68,163,29,35,203,235,84,77,330,434,338,264,345,542,472,539,613,775,623,641,667,999,814,444,153,651,711,405,103,679,756,760,491,211,146,55,66,287,188,174,78,233,139,106,37,156,45,97,79,138,27,97,90,110,55,99,85
64,170,2,2,119,0,1953125,12,0,6803,2.19,0,0,NaN,0,0,38,68,18,75,44,68,27,54,47,55,41,28,54,32,37,24,73,24,36,78,98,59,67,86,57,118,82,85,16,148,87,83,126,266,49,142,247,480,291,281,268,581,450,568,587,771,633,614,698,999,926,440,142,614,799,391,29,607,792,696,546,182,185,28,67,227,243,116,138,180,190,64,84,120,95,89,93,120,59,103,106,117,68,86,79
64,170,2,2,119,0,1953125,12,0,6803,2.19,0,0,NaN,0,0,73,36,79,39,81,26,74,16,76,20,59,15,68,30,37,48,43,53,7,98,46,102,33,75,38,140,17,71,90,158,6,20,216,227,103,70,329,410,329,235,327,510,464,530,599,739,590,632,677,1000,815,460,163,662,740,443,33,627,745,759,535,208,155,51,28,254,200,169,96,212,167,94,40,151,81,84,71,144,59,94,97,130,58,65,75
64,170,2,2,119,0,1953125,12,0,6808,2.19,0,0,NaN,0,0,44,59,52,61,60,49,65,47,60,33,53,6,63,31,47,33,59,51,32,87,66,93,57,80,17,135,39,87,37,153,45,32,181,230,71,89,304,428,313,254,295,512,449,539,587,747,590,608,654,1000,851,476,95,614,716,422,58,615,731,743,518,202,153,35,45,256,182,153,69,215,142,102,38,152,58,101,77,139,40,97,85,102,40,87,80
64,170,1,2,119,0,1953125,12,0,6808,2.19,0,0,NaN,0,0,42,85,14,80,35,86,5,61,36,69,23,36,47,46,26,13,74,12,45,64,114,26,67,82,80,88,94,81,41,138,105,117,106,287,88,165,243,518,321,276,267,598,474,563,637,814,730,615,748,1000,993,435,150,610,881,419,48,570,841,704,580,232,194,75,97,203,266,76,165,152,211,30,110,103,114,76,117,97,72,108,130,98,63,76,83
64,170,1,2,119,0,1953125,12,0,6808,2.19,0,0,NaN,0,0,37,79,8,83,33,80,14,61,37,63,28,26,61,48,37,14,72,20,45,68,109,42,69,84,69,100,86,85,32,145,97,93,109,270,57,147,243,490,290,279,274,597,461,571,616,812,695,633,720,1000,958,465,208,636,870,450,71,521,758,654,545,198,187,57,82,219,252,98,152,172,204,52,97,107,101,83,103,109,69,96,99,91,58,91,82
64,170,1,2,119,0,1953125,12,0,6808,2.19,0,0,NaN,0,0,82,30,94,16,78,16,100,8,60,33,73,19,34,59,38,42,32,89,8,77,74,135,8,47,116,136,45,56,145,115,63,59,239,135,191,26,363,338,438,164,408,449,584,472,738,727,753,612,788,1000,861,509,294,696,812,533,133,595,774,804,408,299,73,81,169,252,203,180,146,231,135,114,116,148,73,70,143,119,78,87,144,110,97,99,99
64,170,1,2,119,0,1953125,12,0,7725,2.35,0,0,NaN,0,0,41,26,24,37,32,35,16,20,41,11,18,37,3,35,28,4,42,19,1,45,39,24,75,29,60,88,28,82,43,55,111,51,60,140,69,115,193,317,136,114,115,288,234,323,333,387,245,192,369,739,999,756,570,872,934,528,419,692,535,259,172,119,66,134,87,136,66,17,29,70,89,31,29,74,2,72,21,30,24,37,29,37,30,13,23
64,170,1,2,119,0,1953125,12,0,7730,2.35,0,0,NaN,0,0,50,36,41,35,42,29,32,19,37,18,18,20,27,22,21,30,20,32,15,31,44,37,43,60,51,77,49,87,46,75,60,89,48,27,138,137,217,274,183,235,175,183,346,346,453,429,299,370,592,730,951,1000,910,901,808,842,728,613,470,188,82,143,156,124,143,174,92,25,108,89,51,82,52,82,17,67,11,34,50,36,24,16,20,6,15
64,170,1,2,119,0,1953125,12,0,7560,2.32,0,0,NaN,0,0,39,51,42,31,40,43,36,23,31,26,24,13,20,22,11,25,20,32,29,50,29,77,9,65,23,66,58,45,55,77,57,58,80,141,46,177,146,140,264,181,275,362,319,432,402,297,409,520,649,922,989,1000,975,790,872,757,794,716,475,319,94,147,138,201,139,76,107,167,75,50,44,43,74,21,45,20,59,69,13,26,34,32,27,37,40
64,170,1,2,119,0,1953125,12,0,6803,2.19,0,0,NaN,0,0,90,55,83,33,122,52,66,51,59,85,21,65,7,74,46,84,43,53,44,95,133,14,94,26,146,93,91,130,67,151,7,168,46,199,178,218,382,217,431,365,461,647,539,726,776,774,1000,923,932,939,702,713,510,452,569,386,574,544,657,757,528,506,294,68,104,240,348,189,205,140,144,216,84,132,42,142,143,112,140,62,139,130,138,130,77
64,170,1,2,119,0,1953125,12,0,7535,2.31,0,0,NaN,0,0,50,31,33,51,21,29,37,26,32,14,24,32,5,20,34,12,34,36,33,54,29,74,32,35,52,60,48,43,42,98,11,20,153,102,80,32,222,199,194,112,259,341,353,290,349,313,267,353,456,911,1000,822,518,917,916,606,496,781,590,310,132,115,169,89,123,136,67,83,68,119,9,5,57,50,36,23,56,54,33,38,39,31,17,23,32
64,170,2,2,119,0,1953125,12,0,7680,2.34,0,0,NaN,0,0,42,56,24,42,45,41,32,12,54,14,40,15,45,7,25,31,22,40,6,32,51,71,35,55,77,92,43,50,94,67,72,35,86,54,170,129,276,167,222,209,178,356,327,378,430,298,361,453,611,909,967,1000,995,924,998,809,828,647,532,306,72,126,231,228,127,135,140,57,46,45,63,108,2,51,44,100,34,21,11,32,37,22,18,26,15
64,170,2,2,119,0,1953125,12,0,6808,2.19,0,0,NaN,0,0,118,47,79,67,59,108,11,88,51,52,65,32,74,12,53,7,76,39,73,78,37,119,20,115,77,91,146,6,152,83,120,83,146,223,75,301,258,322,493,325,525,544,534,774,775,856,1000,880,917,918,739,781,553,420,542,390,636,651,641,775,548,420,314,84,141,132,312,279,148,214,72,172,149,90,152,39,143,118,123,155,80,114,97,106,115
64,170,2,2,119,0,1953125,12,0,6808,2.19,0,0,NaN,0,0,37,78,46,77,54,70,55,56,62,50,60,19,72,40,55,31,76,45,43,84,83,89,70,82,28,142,61,95,17,169,70,58,157,258,39,110,288,454,274,254,310,570,447,560,608,805,625,623,663,1000,850,403,150,672,754,395,100,714,837,782,563,200,174,51,46,262,215,152,108,223,175,96,57,157,70,112,91,147,55,126,114,132,61,80,74
64,170,2,2,119,0,1953125,12,0,6808,2.19,0,0,NaN,0,0,39,91,28,96,38,83,34,63,51,69,44,28,68,49,47,21,84,28,49,84,114,62,79,88,62,123,90,95,30,158,99,90,124,286,52,149,256,506,287,287,297,642,496,612,632,834,694,638,699,1000,936,418,129,628,791,361,126,714,901,776,610,217,210,37,92,245,268,114,151,184,206,58,89,132,99,94,103,130,71,107,107,107,60,97,88
64,170,2,2,119,0,1953125,12,0,7755,2.35,0,0,NaN,0,0,31,39,36,26,50,25,11,36,31,19,18,23,16,30,29,18,46,18,24,53,32,4,70,25,49,82,63,76,35,90,91,64,93,120,84,92,189,355,180,150,156,290,214,324,352,437,275,203,348,729,1000,756,557,910,954,602,560,803,555,264,190,92,58,152,125,163,37,28,50,81,123,52,51,100,21,89,23,17,46,27,40,42,12,18,11
64,170,2,2,119,0,1953125,12,0,7706,2.34,0,0,NaN,0,0,57,29,46,28,45,41,15,45,11,41,9,28,12,32,18,31,22,34,22,45,46,6,73,11,94,47,83,58,72,38,85,62,59,38,152,106,253,242,189,233,165,220,358,337,465,406,284,387,614,752,980,1000,880,861,798,883,797,666,511,196,73,153,147,108,106,168,107,29,72,121,16,94,35,99,25,77,31,46,11,62,38,48,12,24,8
64,170,2,2,119,0,1953125,12,0,7610,2.33,0,0,NaN,0,0,58,39,56,22,63,20,53,10,48,10,47,8,36,10,23,22,19,35,16,50,5,88,39,67,32,83,62,48,44,92,49,60,56,133,37,193,155,182,269,149,251,324,294,448,425,359,426,468,615,894,945,1000,953,808,928,823,911,765,552,358,75,106,151,223,159,74,142,128,32,43,52,42,78,9,70,20,96,54,40,23,36,8,36,29,48
64,170,2,2,119,0,1953125,12,0,7635,2.33,0,0,NaN,0,0,46,55,33,49,32,58,30,38,18,53,15,27,15,42,0,13,36,27,27,30,87,10,79,7,99,22,75,37,71,53,83,61,36,134,140,132,229,122,257,230,226,385,322,412,462,336,410,499,621,906,979,1000,996,856,959,820,901,785,604,408,98,85,174,230,139,83,154,118,13,69,1,95,65,39,35,74,89,18,37,17,24,26,23,36,35
64,170,2,2,119,0,1953125,12,0,7750,2.35,0,0,NaN,0,0,41,56,40,44,30,53,29,36,18,34,27,14,13,21,25,9,15,43,27,37,39,42,29,56,45,76,51,98,42,87,68,108,30,63,135,88,258,248,277,292,161,254,313,327,524,428,395,457,555,760,988,940,999,890,957,912,831,778,492,323,178,98,91,197,271,125,67,105,118,38,88,71,113,22,79,31,71,51,16,50,16,48,31,3,26
64,170,2,2,119,0,1953125,12,0,7680,2.34,0,0,NaN,0,0,37,44,37,43,31,51,10,53,15,41,4,38,2,33,18,32,27,30,29,34,52,11,78,25,82,31,86,47,83,25,100,51,80,23,155,97,247,235,193,254,202,266,390,356,495,410,301,426,622,756,998,1000,928,909,839,900,787,711,557,241,122,115,174,134,161,186,99,26,106,98,28,73,45,96,8,76,26,56,43,28,14,32,5,23,16
64,170,2,2,119,0,1953125,12,0,6803,2.19,0,0,NaN,0,0,121,29,95,45,89,103,17,96,28,73,58,58,78,25,64,21,85,38,86,77,64,127,16,113,57,114,133,51,181,67,121,66,162,208,85,296,217,374,498,348,551,500,529,737,742,897,1000,898,952,885,719,755,479,412,510,413,647,629,681,773,517,442,290,83,137,173,353,271,179,215,59,191,135,112,137,37,147,107,145,147,76,112,91,119,118
64,170,2,2,119,0,1953125,12,0,7770,2.35,0,0,NaN,0,0,36,26,57,22,37,44,21,42,11,19,26,25,4,15,32,7,4,46,13,45,30,45,74,30,23,113,24,47,111,40,61,105,106,85,114,63,272,271,291,82,209,215,305,297,448,416,317,254,343,816,999,891,565,974,1000,614,505,768,641,398,113,66,130,91,204,109,32,61,43,120,43,40,82,51,50,32,67,34,30,15,36,27,6,15,21
64,170,2,2,119,0,1953125,12,0,7750,2.35,0,0,NaN,0,0,50,40,44,27,45,35,35,19,35,21,31,7,22,26,24,26,13,44,22,32,40,58,14,68,38,115,24,104,25,99,12,87,44,74,94,191,172,313,217,202,229,173,318,424,421,466,388,341,561,778,876,1000,859,805,842,791,845,639,509,330,94,39,89,207,163,107,114,116,64,97,56,85,80,61,66,32,57,19,10,59,40,18,13,10,8
64,170,2,2,119,0,1953125,12,0,7630,2.33,0,0,NaN,0,0,50,41,37,50,29,51,15,42,23,34,16,26,23,31,18,24,26,12,24,33,71,25,85,6,91,19,83,55,66,26,91,51,69,56,148,82,239,205,202,262,197,297,385,340,474,377,310,465,640,766,1000,963,902,852,794,871,780,744,556,234,112,155,154,70,122,181,117,60,96,76,22,59,36,109,31,92,54,89,57,20,8,43,19,35,40
64,170,2,2,119,0,1953125,12,0,7877,2.37,0,0,NaN,0,0,58,60,30,66,9,97,14,56,30,52,33,28,64,15,37,33,31,59,42,98,18,72,22,54,88,74,127,91,129,50,132,28,133,62,181,178,313,234,355,181,185,321,293,464,501,409,444,479,638,923,960,1000,949,826,930,805,904,749,585,356,82,83,144,202,172,135,139,95,47,106,46,130,72,75,31,89,54,7,38,32,28,22,21,34,65
64,170,2,2,119,0,1953125,12,0,7952,2.38,0,0,NaN,0,0,24,72,16,66,26,65,36,72,44,67,43,47,53,29,58,34,69,45,83,91,107,78,78,98,63,135,80,185,102,185,98,208,93,137,78,316,275,405,293,174,192,284,372,561,491,387,381,467,661,959,1000,954,925,751,926,923,941,857,489,228,162,200,17,48,245,232,73,16,179,157,117,91,126,111,49,41,42,7,85,55,60,13,43,31,32
64,170,2,2,119,0,1953125,12,0,7741,2.35,0,0,NaN,0,0,39,61,19,56,31,40,27,40,27,57,14,39,15,36,27,32,46,59,45,57,28,30,61,51,86,108,69,128,7,96,24,94,39,88,81,225,169,289,280,166,260,288,285,446,465,373,410,441,557,839,1000,905,880,735,829,888,780,718,503,231,151,133,103,103,109,162,103,49,75,142,61,58,29,75,77,12,40,15,28,29,28,18,30,24,17
64,170,2,2,119,0,1953125,12,0,7641,2.33,0,0,NaN,0,0,50,40,38,46,38,49,16,49,16,40,9,29,17,33,13,15,35,24,28,22,77,23,85,22,104,56,86,71,66,36,82,57,85,21,171,109,238,257,185,264,231,263,410,368,494,444,336,453,667,784,997,1000,873,865,807,902,819,730,574,224,91,166,164,70,88,186,148,42,84,100,16,80,22,110,55,84,68,82,65,24,29,58,45,35,42
64,170,2,2,119,0,1953125,12,0,7635,2.33,0,0,NaN,0,0,46,47,59,31,55,27,56,21,34,33,40,26,23,42,28,25,6,37,27,19,60,57,55,67,68,86,53,84,53,65,74,82,58,20,172,118,221,254,210,302,246,293,391,341,508,426,368,512,655,780,1000,929,953,898,918,934,824,825,549,299,126,204,138,139,192,182,101,127,76,49,47,10,100,65,65,63,107,91,15,18,55,28,60,65,67
64,170,2,2,119,0,1953125,12,0,7630,2.33,0,0,NaN,0,0,38,63,31,47,28,65,16,49,12,58,10,37,20,44,12,18,43,34,20,30,64,12,77,22,104,2,94,28,74,51,92,39,46,131,122,157,241,160,304,218,235,362,293,425,465,378,445,469,582,861,931,983,990,889,1000,838,889,731,561,356,65,69,152,180,130,105,175,101,2,52,33,79,88,50,66,67,105,38,48,23,38,25,43,56,58
64,170,2,2,119,0,1953125,12,0,7655,2.33,0,0,NaN,0,0,40,62,15,61,19,66,11,47,20,60,11,40,34,47,18,12,49,20,33,26,75,23,83,35,109,15,97,25,74,61,88,54,48,138,129,179,248,181,321,223,262,369,299,436,440,359,416,456,608,885,928,1000,973,894,993,859,924,735,573,350,75,72,154,200,133,109,152,86,6,61,7,101,62,62,45,82,82,22,24,40,28,31,37,52,50
64,170,2,2,119,0,1953125,12,0,7700,2.34,0,0,NaN,0,0,73,32,54,24,52,38,31,22,37,26,26,13,18,32,2,18,29,33,16,45,38,38,70,28,97,12,104,11,81,48,98,20,68,113,93,164,233,182,310,196,231,345,290,430,457,363,409,449,605,908,978,1000,952,807,906,778,839,669,486,337,126,66,104,192,159,91,123,110,40,74,23,96,61,53,36,52,62,27,39,60,20,53,21,16,24
64,170,2,2,119,0,1953125,12,0,7755,2.35,0,0,NaN,0,0,43,46,30,53,44,35,30,33,30,25,11,23,17,25,19,14,30,10,39,8,49,43,17,58,32,80,67,70,77,69,49,71,79,62,41,177,136,279,259,178,248,194,281,399,392,429,362,335,581,815,895,1000,859,832,830,788,786,567,464,260,81,92,119,177,116,127,107,98,73,115,29,113,38,76,9,65,16,21,64,67,39,44,39,35,42
64,170,2,2,119,0,1953125,12,0,6808,2.19,0,0,NaN,0,0,83,53,107,25,92,74,42,91,6,80,51,54,66,34,71,15,70,20,91,91,54,136,38,104,83,84,172,43,133,102,96,134,74,220,94,259,353,276,507,413,408,590,503,680,869,780,979,1000,825,928,807,611,576,364,485,499,493,705,632,593,625,438,195,139,121,257,192,278,287,91,169,84,149,183,71,135,68,122,155,109,144,97,75,96,97
64,170,2,2,119,0,1953125,12,0,6803,2.19,0,0,NaN,0,0,57,92,63,66,37,94,42,63,3,87,19,55,41,77,21,34,82,57,58,29,139,64,79,29,148,25,130,47,151,57,152,134,151,214,189,167,309,475,462,237,378,514,557,481,768,768,827,567,862,993,1000,448,287,632,939,484,171,582,937,818,517,303,118,79,179,170,281,131,188,149,198,69,150,94,124,24,158,93,108,66,150,92,88,73,94
64,170,2,2,119,0,1953125,12,0,7780,2.35,0,0,NaN,0,0,39,31,18,36,42,13,25,33,34,22,4,30,12,21,17,23,25,4,13,48,32,15,57,26,35,69,37,68,32,75,77,47,96,115,51,81,183,320,172,123,119,257,202,300,340,419,237,171,303,723,1000,768,529,921,968,552,402,673,469,260,224,75,45,106,105,160,44,11,29,79,95,40,28,80,21,66,21,23,28,32,30,38,18,22,23
64,170,2,2,119,0,1953125,12,0,6803,2.19,0,0,NaN,0,0,47,117,46,79,91,32,100,31,79,75,24,68,22,82,48,63,50,54,94,39,130,80,71,107,38,159,80,108,144,51,148,18,173,136,153,310,217,415,482,342,550,503,563,773,771,874,1000,895,915,929,730,732,543,365,578,459,655,725,599,711,581,355,284,88,172,200,224,345,213,164,181,61,192,119,128,144,62,157,128,144,165,102,115,98,104
64,170,2,2,119,0,1953125,12,0,6808,2.19,0,0,NaN,0,0,35,72,32,75,51,66,42,55,50,52,44,18,63,34,42,29,72,27,33,82,84,66,57,93,36,121,60,95,4,160,61,70,142,261,48,114,265,464,293,285,286,570,446,566,597,789,633,647,705,1000,872,357,189,718,841,438,22,632,790,710,527,165,182,30,49,254,230,127,110,201,179,67,60,132,77,90,82,124,39,100,98,114,56,93,85
64,170,2,2,119,0,1953125,12,0,6803,2.19,0,0,NaN,0,0,37,77,15,79,40,76,26,64,39,60,29,21,59,39,36,20,72,25,44,74,94,49,57,98,58,114,72,103,24,175,84,92,127,294,74,140,243,490,307,325,311,619,483,606,630,821,679,660,730,1000,901,375,210,708,861,442,110,628,826,709,559,194,201,33,89,236,253,117,148,192,199,71,96,132,97,96,104,124,69,114,114,106,56,90,87
64,170,2,2,119,0,1953125,12,0,6803,2.19,0,0,NaN,0,0,26,84,27,87,45,82,46,72,52,64,45,27,68,46,51,21,79,39,51,81,106,73,74,89,59,125,83,88,11,170,77,86,128,285,63,137,250,481,304,314,302,612,487,611,624,815,670,675,729,1000,885,366,177,676,798,381,113,685,844,726,552,189,203,39,84,257,254,123,141,204,199,66,79,140,93,95,95,132,58,110,108,117,65,100,94
64,170,2,2,119,0,1953125,12,0,7670,2.34,0,0,NaN,0,0,40,36,13,44,33,33,28,16,39,24,12,38,29,34,34,32,41,31,25,47,54,42,87,35,68,91,23,79,37,47,102,18,29,163,66,123,190,296,126,121,110,304,250,330,320,352,235,209,416,768,1000,734,595,907,941,566,514,746,538,225,151,113,64,112,75,143,82,33,24,66,86,26,28,67,7,74,26,29,26,35,27,39,22,24,27
64,170,2,2,119,0,1953125,12,0,7730,2.35,0,0,NaN,0,0,35,68,25,54,27,49,29,34,28,35,20,23,9,24,16,14,13,37,24,30,52,8,68,30,75,48,76,68,55,43,87,61,48,54,158,96,256,201,255,251,158,281,323,344,502,375,349,445,578,794,1000,953,995,866,899,825,733,674,402,241,161,153,77,151,217,121,63,108,111,20,78,47,101,1,67,22,62,38,28,19,16,36,16,12,34
64,170,2,2,119,0,1953125,12,0,6803,2.19,0,0,NaN,0,0,74,64,87,25,92,54,54,64,25,84,31,51,36,44,51,34,70,13,87,27,97,106,25,104,21,146,108,77,158,43,143,49,170,182,103,297,219,379,486,331,531,503,542,764,774,872,1000,880,899,902,721,765,567,417,553,364,555,597,531,677,516,343,277,115,164,143,279,320,151,190,120,108,168,66,140,73,99,143,102,156,114,86,101,80,109
64,170,1,2,119,0,1953125,12,0,7575,2.32,0,0,NaN,0,0,46,25,62,21,66,32,17,63,4,30,36,3,44,19,2,50,12,8,52,22,53,78,42,61,39,74,53,13,60,83,58,36,115,164,72,50,236,243,176,131,200,352,322,345,383,386,246,297,406,867,1000,773,491,955,959,584,451,803,592,322,182,111,134,74,107,189,75,63,47,90,63,17,23,80,10,65,68,54,65,61,26,38,36,31,40
64,170,2,2,119,0,1953125,12,0,6808,2.19,0,0,NaN,0,0,56,84,71,54,107,26,78,22,89,85,29,59,28,84,38,71,17,77,53,104,121,11,91,19,147,85,90,121,67,159,22,156,35,204,188,184,352,213,437,403,438,621,503,673,780,766,1000,935,871,917,689,697,563,445,585,344,500,525,559,714,517,421,295,111,147,193,344,235,161,176,86,215,116,105,82,89,152,95,149,96,111,134,113,127,84
64,170,2,2,119,0,1953125,12,0,6808,2.19,0,0,NaN,0,0,39,97,17,88,31,102,13,73,30,81,22,41,61,65,33,9,93,33,60,54,135,32,82,72,113,70,113,80,73,132,126,116,75,273,109,166,220,504,339,316,309,612,500,575,686,828,774,619,789,987,1000,402,191,618,898,395,94,596,897,709,554,213,168,78,145,215,307,81,189,154,232,23,124,87,114,76,137,100,83,108,152,114,85,88,100
64,170,2,2,119,0,1953125,12,0,6808,2.19,0,0,NaN,0,0,56,83,37,71,38,87,23,63,16,77,16,29,41,58,15,11,69,21,41,44,118,19,62,71,104,57,102,76,80,112,124,123,78,265,130,151,203,473,336,283,291,570,497,545,681,791,779,606,797,961,1000,444,195,571,891,446,52,485,814,664,516,233,150,87,144,180,294,82,187,130,218,30,120,69,113,54,137,84,92,88,136,92,74,72,91
64,170,2,2,119,0,1953125,12,0,6808,2.19,0,0,NaN,0,0,56,94,41,82,28,103,32,68,16,84,8,48,48,70,30,20,86,38,61,38,146,40,78,57,127,40,118,74,119,101,147,140,111,276,182,156,233,493,400,292,358,608,584,566,751,806,844,618,847,964,1000,419,266,612,918,440,133,553,902,731,530,267,159,71,191,189,324,108,216,147,236,50,145,77,130,46,163,100,126,88,157,97,84,70,96
64,170,2,2,119,0,1953125,12,0,7655,2.33,0,0,NaN,0,0,61,27,26,44,22,64,28,19,62,5,39,36,8,51,28,15,54,8,15,33,55,44,66,23,95,55,51,81,14,41,106,65,12,139,111,121,166,301,178,143,153,323,307,326,375,337,287,172,424,729,999,697,523,780,913,457,497,695,598,229,125,149,33,135,128,120,97,52,30,15,106,20,74,55,47,82,55,31,21,18,56,54,47,25,34
64,170,2,2,119,0,1953125,12,0,7641,2.33,0,0,NaN,0,0,53,49,40,45,45,62,19,47,28,47,17,11,41,19,39,12,53,11,25,50,55,71,92,69,107,43,100,34,58,86,72,75,23,163,116,180,223,151,280,197,243,398,348,494,521,403,453,496,641,941,1000,994,935,752,861,744,826,685,487,342,155,107,130,187,176,110,162,120,43,65,71,58,100,25,67,46,105,35,55,7,33,5,27,22,34
64,170,2,2,119,0,1953125,12,0,7591,2.32,0,0,NaN,0,0,34,58,27,54,25,46,40,24,27,19,29,24,9,20,21,11,18,25,54,21,80,18,78,35,64,54,48,59,62,46,83,55,87,58,165,65,160,183,148,284,292,337,416,338,457,345,306,514,703,822,1000,904,871,785,762,772,664,680,455,241,137,211,150,155,174,145,84,136,100,22,53,12,70,43,50,27,69,54,29,31,52,42,22,40,41
64,170,2,2,119,0,1953125,12,0,7730,2.35,0,0,NaN,0,0,59,32,66,18,56,24,44,29,25,27,17,37,4,18,34,25,28,7,63,20,34,55,34,63,25,99,54,89,42,98,25,102,43,56,106,197,158,292,199,259,266,224,384,368,481,469,333,415,647,790,1000,966,925,905,835,816,639,630,424,239,244,213,99,147,269,170,35,86,134,12,110,59,110,19,97,40,55,46,58,19,6,49,25,23,49
64,170,2,2,119,0,1953125,12,0,7756,2.35,0,0,NaN,0,0,52,28,51,26,52,20,42,25,30,18,22,23,9,26,12,38,14,38,26,59,6,34,58,18,78,24,107,66,74,39,98,58,74,40,120,83,270,230,289,267,159,275,311,339,502,375,317,399,546,747,1000,971,988,889,864,853,701,646,410,198,180,157,83,95,211,176,37,50,143,75,87,59,102,69,57,52,38,32,58,34,37,30,23,7,20
64,170,1,2,119,0,1953125,12,0,7686,2.34,0,0,NaN,0,0,49,42,31,38,33,44,26,33,31,29,31,21,19,27,14,28,6,44,12,26,47,57,27,58,48,94,14,77,44,84,27,58,73,64,109,166,143,273,205,199,286,235,369,405,380,382,304,330,598,800,894,1000,844,805,793,768,799,606,503,287,76,79,124,177,130,134,146,82,29,91,43,77,65,60,52,50,69,15,31,54,38,37,28,18,14
64,170,1,2,119,0,1953125,12,0,7705,2.34,0,0,NaN,0,0,50,37,49,43,36,26,40,16,46,3,41,10,36,15,26,26,18,36,18,40,42,21,48,55,51,68,53,87,41,59,63,77,59,7,144,112,203,244,172,242,207,231,376,344,464,396,272,394,632,773,1000,996,921,870,779,820,696,642,482,227,168,177,133,106,184,169,59,37,135,81,74,68,84,67,54,58,41,37,60,45,63,28,47,28,7
64,170,1,2,119,0,1953125,12,0,6803,2.19,0,0,NaN,0,0,57,93,29,97,53,61,74,24,85,29,56,45,38,54,31,69,8,71,22,99,97,37,115,31,114,76,95,160,31,121,46,172,140,113,247,116,329,375,346,512,438,518,660,598,860,872,837,1000,864,787,840,617,478,438,343,508,499,639,738,611,566,523,170,82,63,277,280,207,289,132,128,138,96,186,75,117,106,117,184,116,124,97,72,112,108
64,170,1,2,119,0,1953125,12,0,7639,2.33,0,0,NaN,0,0,49,36,23,46,19,51,15,16,39,22,11,20,20,24,9,19,20,33,22,25,72,43,72,42,74,68,21,81,19,28,115,35,3,150,82,118,153,284,142,136,133,333,288,319,305,292,262,225,477,764,1000,716,599,804,867,477,529,721,575,225,127,127,33,136,106,129,92,37,38,35,96,19,50,57,24,80,37,25,44,38,26,30,39,23,40
64,170,1,2,119,0,1953125,12,0,7755,2.35,0,0,NaN,0,0,45,48,42,28,41,40,30,30,17,43,25,24,15,35,27,23,10,49,11,38,36,40,45,42,75,59,88,77,89,64,99,72,69,59,145,105,279,214,333,263,183,288,269,360,491,377,390,412,534,836,994,987,1000,825,903,780,802,668,431,320,220,111,58,200,236,116,103,105,79,73,62,102,91,49,56,59,69,34,21,52,7,38,16,7,29
64,170,2,2,119,0,1953125,12,0,7660,2.33,0,0,NaN,0,0,43,38,38,30,50,13,52,22,47,31,35,22,24,11,21,15,37,14,34,34,46,49,64,47,81,50,99,22,75,36,81,44,53,94,121,127,244,153,221,210,157,307,341,350,459,304,264,422,592,777,1000,947,917,812,777,818,713,690,477,212,121,156,135,82,147,160,77,57,98,67,26,40,42,69,12,56,19,60,35,17,15,35,13,11,10
64,170,2,2,119,0,1953125,12,0,7660,2.33,0,0,NaN,0,0,47,51,38,45,23,62,25,36,14,49,7,29,21,40,9,14,36,25,26,23,61,23,85,12,89,14,95,24,69,53,97,47,31,135,147,137,240,141,263,223,196,348,311,397,481,344,395,498,605,867,976,960,1000,848,929,792,790,724,497,357,136,101,115,206,186,93,128,144,50,51,34,70,85,12,47,32,86,48,27,43,11,30,26,12,26
64,170,2,2,119,0,1953125,12,0,7632,2.33,0,0,NaN,0,0,35,43,30,49,32,39,27,43,33,34,24,37,20,28,8,44,13,46,25,47,44,71,56,85,49,92,40,83,50,73,54,68,80,58,141,164,162,263,178,236,278,240,387,358,408,377,268,372,635,760,950,1000,912,916,811,845,756,688,548,235,117,142,155,98,146,179,84,29,84,75,41,72,59,92,41,101,63,92,17,44,11,24,31,55,41
64,170,2,2,119,0,1953125,12,0,7900,2.38,0,0,NaN,0,0,53,64,47,78,34,78,17,65,28,74,27,33,54,19,50,49,62,48,43,76,19,66,35,71,81,83,126,93,163,73,154,63,146,47,135,196,315,260,353,159,175,314,296,464,482,386,407,436,589,874,925,1000,980,889,990,878,962,762,562,308,142,129,109,210,219,185,115,106,65,136,71,169,67,112,54,94,28,31,45,15,57,29,43,60,91
64,170,2,2,119,0,1953125,12,0,7660,2.33,0,0,NaN,0,0,41,35,35,43,29,38,25,28,26,37,4,38,5,29,1,26,12,25,21,16,51,45,44,65,39,86,12,83,43,68,27,74,54,108,67,215,174,194,256,142,215,331,305,407,460,311,331,424,548,784,1000,948,932,846,827,878,760,685,500,201,95,130,138,71,68,142,136,53,87,120,43,58,35,69,82,17,45,18,19,31,48,44,61,30,14
64,170,2,2,119,0,1953125,12,0,6803,2.19,0,0,NaN,0,0,116,45,87,87,36,109,33,68,50,43,62,22,62,7,55,17,71,49,51,69,36,108,25,97,61,104,140,23,168,80,115,101,131,233,81,298,277,340,531,373,541,574,534,764,784,849,1000,878,878,879,686,725,520,391,534,405,651,670,656,778,564,428,317,54,163,147,317,303,164,228,99,167,166,88,152,51,132,116,103,138,82,128,125,128,132
64,170,2,2,119,0,1953125,12,0,6803,2.19,0,0,NaN,0,0,43,61,60,84,42,50,56,56,46,34,46,18,51,24,45,33,52,49,43,70,43,82,56,84,25,134,32,97,58,173,41,46,180,227,71,100,332,444,338,295,348,560,465,552,620,814,666,676,667,1000,844,487,110,614,693,404,95,693,787,789,541,226,167,57,41,271,191,170,91,239,159,107,41,166,62,110,81,137,28,102,94,112,49,102,95
64,170,2,2,119,0,1953125,12,0,7705,2.34,0,0,NaN,0,0,20,60,22,24,52,21,24,30,24,28,13,17,24,22,13,24,29,19,24,23,52,8,44,40,45,51,37,68,7,52,93,48,29,143,66,116,171,303,136,112,91,283,244,292,344,396,301,196,386,691,1000,751,529,761,920,515,427,666,598,298,164,104,35,151,110,128,78,14,69,62,118,13,51,55,18,55,26,12,28,41,47,21,4,13,26
64,170,2,2,119,0,1953125,12,0,7705,2.34,0,0,NaN,0,0,24,57,19,44,28,46,18,26,31,22,32,14,50,21,40,17,47,3,36,18,34,49,35,58,34,86,62,77,58,84,53,63,54,96,33,194,159,266,264,145,220,199,247,395,388,412,369,311,507,767,857,1000,935,876,885,745,771,576,460,274,88,86,121,159,131,130,146,75,30,99,49,98,83,68,60,56,59,8,3,59,43,33,28,25,22
64,170,2,2,119,0,1953125,12,0,7705,2.34,0,0,NaN,0,0,29,58,30,45,24,56,18,37,22,30,21,13,30,15,27,6,40,11,29,20,26,61,38,64,41,89,70,72,63,86,62,56,61,98,28,195,160,270,277,153,242,228,282,434,415,425,369,308,509,768,852,1000,926,872,896,777,823,629,513,327,103,70,112,195,159,141,144,88,34,99,31,105,71,66,41,62,45,25,20,72,40,27,19,27,21
64,170,2,2,119,0,1953125,12,0,7797,2.36,0,0,NaN,0,0,58,28,53,17,51,20,56,9,51,6,35,10,14,30,3,26,21,35,29,37,30,40,49,15,59,34,100,17,100,29,108,14,101,63,38,165,227,240,335,179,213,251,238,419,458,395,377,323,465,791,917,1000,984,825,883,746,782,632,436,325,160,50,67,208,203,92,91,108,70,70,59,71,86,12,44,18,55,44,22,47,22,17,29,24,44
64,170,2,2,119,0,1953125,12,0,6803,2.19,0,0,NaN,0,0,109,87,44,99,20,96,78,35,86,18,61,31,63,71,29,59,14,91,56,86,114,9,98,28,125,133,29,156,67,118,122,85,156,18,252,238,261,467,361,414,530,430,665,731,772,945,943,925,999,907,799,798,478,368,450,382,644,644,645,768,551,406,325,96,144,124,288,336,184,223,163,90,181,85,151,125,70,146,99,160,156,112,127,101,108
64,170,2,2,119,0,1953125,12,0,7650,2.33,0,0,NaN,0,0,33,30,63,6,46,39,32,42,19,36,47,22,30,40,24,31,40,28,44,17,6,95,18,42,94,60,67,35,87,61,15,102,84,50,127,60,258,220,249,46,214,258,384,287,450,340,318,266,405,813,1000,851,592,911,973,548,539,730,651,328,79,118,97,84,175,89,81,41,76,95,68,51,82,43,56,38,68,18,33,15,61,41,25,26,23
64,170,2,2,119,0,1953125,12,0,6783,2.18,0,0,NaN,0,0,114,25,102,42,98,91,26,90,18,77,40,70,71,35,64,37,96,36,98,64,80,111,30,129,29,142,108,91,176,30,164,46,226,231,163,358,243,449,525,398,616,520,618,786,780,962,1000,912,977,853,758,777,477,474,483,427,632,596,753,792,547,548,318,19,71,195,362,230,244,224,98,233,134,181,166,67,153,86,162,133,100,127,98,132,126
64,170,2,2,119,0,1953125,12,0,7610,2.33,0,0,NaN,0,0,37,48,12,58,37,30,36,24,44,30,15,41,19,25,19,28,29,11,34,28,58,29,56,65,43,71,32,77,24,42,104,26,33,159,26,106,174,289,151,160,152,371,294,356,334,392,289,289,425,770,1000,802,606,897,952,606,494,807,621,319,118,94,102,123,91,157,69,56,23,101,85,25,12,86,6,73,34,33,41,35,24,51,31,43,36
64,170,2,2,119,0,1953125,12,0,7720,2.34,0,0,NaN,0,0,70,17,66,25,42,34,41,28,29,24,20,27,14,20,29,21,33,7,46,19,28,45,33,53,17,88,37,84,42,84,28,78,50,57,111,190,170,297,203,253,256,222,382,368,453,432,299,391,621,753,990,1000,979,947,867,887,773,776,563,323,225,130,93,118,222,142,32,90,116,30,118,55,113,9,89,33,55,44,21,34,25,47,37,10,26
64,170,2,2,119,0,1953125,12,0,7705,2.34,0,0,NaN,0,0,32,59,19,41,36,44,20,31,25,25,25,5,33,5,25,17,34,12,30,14,41,48,13,51,32,86,5,77,38,75,28,61,55,76,83,163,143,279,210,205,254,198,339,376,368,381,304,326,579,767,885,999,860,828,782,770,791,616,519,266,63,87,134,162,106,132,117,71,48,106,20,107,50,82,34,68,37,24,6,51,17,26,8,19,12
64,170,2,2,119,0,1953125,12,0,7711,2.34,0,0,NaN,0,0,34,58,43,36,41,36,39,22,36,39,23,30,22,20,29,11,52,10,48,19,26,59,43,67,64,84,106,41,75,73,76,58,46,120,69,197,224,234,319,173,235,317,296,461,466,374,381,400,561,872,960,1000,949,777,876,779,855,701,491,339,146,66,68,175,186,85,104,108,83,72,87,59,102,14,55,31,66,15,28,29,41,18,3,14,19
64,170,2,2,119,0,1953125,12,0,7666,2.34,0,0,NaN,0,0,44,32,46,33,38,37,28,42,13,41,5,29,13,12,26,20,22,23,19,41,40,36,70,22,85,13,96,46,46,49,71,58,55,84,131,95,231,161,208,247,197,326,368,367,486,328,294,461,621,800,1000,927,907,776,765,783,696,684,441,217,123,169,125,107,167,135,57,87,131,45,78,42,85,64,37,31,55,42,36,31,30,20,29,26,7
64,170,2,2,119,0,1953125,12,0,7761,2.35,0,0,NaN,0,0,43,35,39,38,40,33,37,31,47,13,37,10,37,0,18,23,39,18,36,22,35,39,13,69,13,92,19,110,33,90,10,93,48,64,92,173,168,310,224,252,241,183,346,374,448,460,316,339,577,724,923,1000,901,898,791,827,729,635,485,192,117,176,126,88,137,177,92,31,107,67,61,67,52,63,29,48,2,35,50,5,30,11,28,22,29
64,170,2,2,119,0,1953125,12,0,7720,2.34,0,0,NaN,0,0,40,47,39,44,35,40,29,32,29,23,13,38,12,36,23,33,19,24,36,34,31,18,54,21,69,15,99,10,95,5,100,27,76,53,94,108,260,196,289,239,176,305,315,352,463,307,262,372,533,754,1000,971,975,843,834,843,744,692,434,194,128,138,88,74,172,158,43,41,117,65,70,58,88,80,40,57,33,40,48,41,61,43,19,20,3
64,170,2,2,119,0,1953125,12,0,7636,2.33,0,0,NaN,0,0,38,49,20,59,20,59,7,64,12,55,19,48,5,36,18,35,16,29,23,17,63,20,73,19,97,54,78,59,64,34,76,37,104,30,178,128,229,260,176,265,268,279,428,372,461,386,276,416,663,794,995,1000,873,841,760,844,770,696,553,230,110,148,159,106,130,194,121,36,87,85,17,75,29,96,15,69,30,62,31,33,32,60,38,59,46
64,170,2,2,119,0,1953125,12,0,7660,2.33,0,0,NaN,0,0,59,46,29,42,38,47,19,32,32,37,15,23,27,32,14,15,28,17,20,40,55,30,59,39,75,34,71,33,58,69,54,60,39,132,76,179,184,161,259,153,235,323,283,420,402,343,375,403,576,853,907,1000,936,836,862,706,757,587,478,278,76,98,173,177,107,119,152,80,28,74,0,96,50,59,27,76,63,22,17,37,28,14,12,32,36
64,170,1,2,119,0,1953125,12,0,7720,2.34,0,0,NaN,0,0,57,27,55,17,61,20,39,19,32,33,6,32,2,36,8,30,24,33,26,34,33,33,39,31,58,37,85,19,89,35,79,24,66,108,47,179,193,223,309,182,263,287,275,420,398,371,355,338,528,805,875,1000,936,870,891,765,800,598,478,283,77,67,120,193,139,129,121,85,39,102,28,117,51,74,28,78,45,16,11,43,21,4,12,2,32
64,170,1,2,119,0,1953125,12,0,6803,2.19,0,0,NaN,0,0,100,77,54,114,22,88,65,42,72,5,69,23,54,38,44,51,33,72,14,95,50,74,89,41,110,11,138,110,71,140,32,162,45,172,180,142,355,277,417,469,380,582,586,625,883,789,893,1000,808,886,855,626,577,398,379,453,454,679,656,585,606,438,157,106,136,279,204,271,272,89,193,103,164,175,58,137,69,154,165,115,146,83,100,111,107
64,170,1,2,119,0,1953125,12,0,7636,2.33,0,0,NaN,0,0,39,18,50,28,39,28,31,44,19,25,18,17,30,20,11,35,6,17,36,29,28,77,20,71,50,85,42,25,51,86,47,46,104,142,72,42,251,219,168,103,185,328,333,335,389,374,248,300,386,850,1000,824,459,853,875,557,434,756,584,361,165,82,119,70,131,142,31,45,25,106,69,39,30,79,20,36,45,22,58,14,11,45,8,25,23
64,170,2,2,119,0,1953125,12,0,7655,2.33,0,0,NaN,0,0,49,46,18,54,22,55,4,45,20,58,25,47,24,44,25,17,40,19,36,21,56,26,68,36,82,45,93,30,76,56,69,50,49,119,67,181,182,187,265,141,235,285,277,432,411,393,382,346,530,794,863,1000,932,869,853,698,722,542,458,243,76,127,161,141,109,157,157,35,30,76,5,103,53,77,26,87,52,38,6,67,36,47,39,65,44
64,170,2,2,119,0,1953125,12,0,7725,2.35,0,0,NaN,0,0,56,19,54,19,48,23,34,19,45,5,32,0,35,12,26,5,28,9,24,33,12,61,25,76,37,83,45,79,44,84,26,73,44,98,64,199,140,265,210,166,244,210,342,420,424,440,288,268,529,718,873,999,896,904,812,806,746,609,518,258,126,110,131,151,145,169,82,31,109,77,80,88,62,62,44,58,7,15,62,32,40,19,9,22,44
64,170,1,2,119,0,1953125,12,0,7535,2.31,0,0,NaN,0,0,55,50,34,44,40,38,30,31,30,33,15,13,27,9,18,19,41,13,43,28,75,11,51,27,72,40,34,66,75,41,63,65,105,36,155,81,151,219,154,256,300,289,436,362,416,370,302,433,680,788,965,1000,866,850,743,788,755,673,577,251,83,122,217,127,93,143,160,72,114,67,34,52,6,68,51,41,50,57,81,25,38,15,33,35,59
64,170,1,2,119,0,1953125,12,0,7730,2.35,0,0,NaN,0,0,41,51,19,61,21,55,2,53,19,29,16,11,37,6,24,25,36,20,13,46,42,20,42,45,66,44,81,59,78,46,67,48,75,73,85,158,247,168,277,151,227,309,280,427,397,386,368,327,556,828,888,999,880,886,829,777,754,630,554,273,124,161,180,159,171,174,71,14,86,23,102,63,57,12,91,56,18,21,26,35,39,35,23,25,25
64,170,1,2,119,0,1953125,12,0,7535,2.31,0,0,NaN,0,0,44,56,26,45,28,48,25,29,31,35,25,36,34,46,13,17,33,21,44,26,62,58,34,53,34,66,57,23,95,33,88,29,113,80,115,157,72,183,223,157,315,306,356,433,361,346,379,425,641,873,913,1000,870,751,786,703,798,638,506,286,42,102,190,178,67,56,168,146,42,63,30,54,43,15,49,24,50,43,31,28,33,29,45,41,50
64,170,1,2,119,0,1953125,12,0,7705,2.34,0,0,NaN,0,0,37,51,39,43,39,20,47,23,33,17,21,31,15,27,6,29,7,21,28,33,40,40,81,22,70,49,96,39,52,68,56,81,40,85,59,218,148,221,187,116,269,275,395,446,416,433,305,385,702,854,1000,986,872,886,799,807,646,649,476,246,172,192,176,183,241,138,41,104,86,68,103,58,65,63,77,16,31,73,27,33,22,49,16,29,38
64,170,1,2,119,0,1953125,12,0,7680,2.34,0,0,NaN,0,0,70,16,57,21,47,26,35,27,18,35,19,30,11,28,9,37,15,40,14,27,51,15,82,40,92,52,100,66,75,38,99,54,73,30,130,77,236,200,210,237,166,278,356,358,509,375,307,409,561,753,998,975,1000,893,871,848,718,673,399,181,117,172,98,98,199,163,55,68,113,48,84,45,103,66,65,54,81,63,21,11,45,22,43,33,18
64,170,2,2,119,0,1953125,12,0,6803,2.19,0,0,NaN,0,0,122,35,95,62,72,112,6,89,45,60,65,34,70,12,64,26,87,53,63,72,45,117,15,107,67,105,129,34,168,70,124,80,154,220,87,311,258,364,531,356,545,536,517,749,751,867,1000,883,924,893,722,774,530,434,546,404,640,637,651,766,526,417,295,85,160,168,352,291,181,231,84,194,160,112,158,44,149,115,143,167,108,145,127,131,134
64,170,2,2,119,0,1953125,12,0,6803,2.19,0,0,NaN,0,0,61,44,92,64,65,33,84,41,64,18,66,4,51,40,54,32,36,72,35,66,26,111,42,64,59,134,21,77,104,159,16,28,203,175,117,34,356,379,387,234,370,493,516,505,647,764,687,642,674,999,846,554,126,626,725,510,62,605,731,805,486,246,104,62,103,270,159,187,88,254,124,117,60,171,45,91,95,138,26,88,117,118,75,110,106
64,170,2,2,119,0,1953125,12,0,7728,2.35,0,0,NaN,0,0,45,34,35,33,50,22,13,37,26,16,18,41,18,37,37,21,51,27,26,59,22,17,68,36,39,64,47,80,31,87,81,61,87,115,64,91,182,337,172,141,122,302,253,342,356,430,256,198,356,720,1000,780,601,897,931,553,477,719,523,273,190,79,38,165,133,167,26,27,51,87,125,50,49,94,19,77,22,9,27,47,53,44,2,25,8
64,170,2,2,119,0,1953125,12,0,6803,2.19,0,0,NaN,0,0,43,95,69,52,109,34,71,53,49,80,3,52,10,59,38,54,58,35,78,18,110,75,57,85,60,149,48,126,136,64,146,11,190,113,181,288,201,446,435,367,549,441,611,739,756,936,971,924,1000,917,812,817,509,427,464,369,606,583,630,725,486,406,294,97,114,137,315,260,166,223,77,159,144,90,156,47,112,97,95,139,79,115,108,102,113
64,170,2,2,119,0,1953125,12,0,7630,2.33,0,0,NaN,0,0,17,38,52,34,45,22,32,54,14,45,33,36,27,11,17,36,9,14,47,14,32,69,43,55,41,86,46,19,74,74,50,36,121,144,85,53,268,235,175,95,170,318,317,329,402,426,301,331,399,850,1000,841,486,896,943,635,445,765,591,361,183,102,134,82,139,169,43,49,44,95,68,40,23,89,11,51,69,23,64,26,15,45,15,45,42
64,170,2,2,119,0,1953125,12,0,6803,2.19,0,0,NaN,0,0,104,74,63,109,17,94,39,77,79,16,58,16,74,31,59,27,65,54,64,99,9,101,22,106,85,69,117,31,165,62,118,94,130,188,85,292,211,338,454,318,530,466,531,706,719,915,987,934,1000,882,780,786,510,520,502,391,544,496,649,664,465,483,255,42,53,242,329,190,247,166,125,197,89,163,87,100,125,101,160,85,89,92,105,137,115
64,170,1,2,119,0,1953125,12,0,6803,2.19,0,0,NaN,0,0,56,49,82,76,50,36,76,42,56,20,61,12,44,27,43,35,35,68,27,74,33,110,38,73,50,141,14,82,90,162,15,35,201,205,115,65,339,398,363,235,357,512,511,521,640,795,715,703,691,1000,828,528,150,655,726,493,52,624,733,786,475,228,115,86,74,282,177,201,91,262,141,126,51,181,59,104,87,146,52,119,109,118,48,98,94
64,170,1,2,119,0,1953125,12,0,6803,2.19,0,0,NaN,0,0,51,54,74,75,53,35,73,48,50,12,59,9,50,32,50,31,39,71,40,67,25,107,48,70,60,146,20,81,95,167,19,31,205,198,105,75,367,415,366,250,383,532,532,561,663,788,683,698,699,1000,797,479,144,616,645,397,165,724,794,813,487,230,115,80,76,280,164,184,81,254,127,116,50,172,43,101,92,145,54,129,124,124,47,95,95
64,170,1,2,119,0,1953125,12,0,7983,2.39,0,0,NaN,0,0,53,13,38,54,19,19,46,27,40,49,27,39,40,29,13,60,24,21,75,65,70,99,57,65,75,87,82,128,114,140,127,123,166,128,116,155,322,366,228,28,89,278,336,403,438,408,231,294,385,815,961,804,454,888,999,708,576,859,561,299,250,74,21,157,226,181,64,77,68,179,95,75,88,45,51,20,34,62,45,39,35,51,27,52,41
64,170,2,2,119,0,1953125,12,0,7611,2.33,0,0,NaN,0,0,58,22,56,38,38,43,26,36,19,39,4,31,12,19,10,16,25,14,41,51,27,75,6,85,29,75,59,52,53,68,64,62,62,87,154,86,212,204,128,215,259,237,399,407,401,417,382,395,632,894,949,1000,932,778,911,827,821,734,447,258,81,154,124,98,126,134,102,93,136,83,7,59,35,57,73,28,64,7,53,32,17,16,43,43,41
64,170,2,2,119,0,1953125,12,0,6803,2.19,0,0,NaN,0,0,36,109,71,66,115,18,83,25,74,69,17,37,33,68,20,55,7,79,36,90,93,33,78,39,135,51,113,96,94,165,12,159,20,216,191,198,367,234,455,417,424,611,499,671,805,770,1000,948,860,925,707,662,543,372,538,366,565,627,610,751,566,422,310,79,167,162,328,285,155,214,86,202,160,99,133,36,140,86,119,106,88,135,107,124,99
64,170,2,2,119,0,1953125,12,0,6783,2.18,0,0,NaN,0,0,89,22,107,42,78,13,91,14,76,17,64,27,69,46,42,59,48,74,14,90,38,104,38,88,68,145,25,94,100,170,22,36,207,196,101,71,377,419,353,237,374,516,493,527,646,784,663,665,666,1000,828,493,92,558,630,386,136,683,769,811,522,258,161,60,53,268,174,185,72,248,156,126,34,174,69,108,80,157,55,116,105,131,54,107,113
64,170,2,2,119,0,1953125,12,0,7680,2.34,0,0,NaN,0,0,40,41,32,18,48,34,14,20,43,18,44,33,34,37,20,13,48,16,18,40,34,50,40,28,87,24,58,78,49,54,65,91,12,78,98,98,155,282,172,102,99,258,279,267,343,356,316,180,385,680,1000,758,542,800,996,544,473,689,615,257,146,125,29,120,113,129,92,42,44,32,109,4,70,60,30,87,33,37,34,19,42,24,27,41,25
64,170,2,2,119,0,1953125,12,0,6803,2.19,0,0,NaN,0,0,103,32,112,37,97,88,32,89,20,67,32,56,52,25,44,42,81,28,93,45,77,82,51,117,25,138,67,123,169,28,154,27,186,133,190,306,197,448,437,404,587,459,639,731,767,967,960,952,1000,834,774,718,414,456,453,534,692,646,802,766,536,553,277,41,58,237,359,209,271,202,107,210,101,186,126,86,145,100,181,130,101,118,95,141,131
64,170,2,2,119,0,1953125,12,0,7921,2.38,0,0,NaN,0,0,32,41,29,55,35,11,36,45,10,42,39,12,34,35,21,52,41,37,59,57,32,51,84,35,60,113,57,115,122,99,114,105,136,104,73,95,304,311,240,45,145,238,301,342,407,370,214,256,353,814,971,836,504,930,999,709,568,854,620,330,174,84,65,81,190,172,45,33,25,156,93,91,108,83,77,36,36,39,25,30,15,35,30,35,51
64,170,2,2,119,0,1953125,12,0,6803,2.19,0,0,NaN,0,0,58,122,39,83,101,14,88,50,52,78,8,58,26,46,47,38,74,13,81,57,57,107,25,103,80,74,152,33,147,148,37,168,27,204,230,148,384,349,346,505,437,520,694,627,816,915,859,981,1000,870,842,781,452,437,520,491,740,711,658,771,570,390,337,115,134,156,211,344,251,183,230,77,152,152,99,182,111,98,130,81,152,138,112,126,91
64,170,2,2,119,0,1953125,12,0,7594,2.32,0,0,NaN,0,0,11,41,40,40,31,25,24,41,8,32,26,18,27,15,7,45,19,14,56,15,25,57,55,31,34,72,38,27,49,92,32,33,125,134,96,55,255,216,176,88,185,296,310,305,356,350,250,313,398,847,1000,866,549,939,979,684,512,835,664,375,90,88,151,70,112,152,65,82,63,125,24,29,45,72,27,42,66,21,49,12,18,58,29,61,62
64,170,2,2,119,0,1953125,12,0,6803,2.19,0,0,NaN,0,0,97,25,99,64,59,84,21,77,15,71,48,31,32,45,58,25,52,21,89,29,84,66,65,82,56,142,29,133,90,110,153,44,157,48,259,224,254,380,286,450,448,464,603,527,772,807,832,1000,841,782,770,542,543,456,456,481,412,632,615,614,645,430,210,106,188,270,215,309,178,142,181,124,218,98,105,84,127,172,92,119,70,113,131,108,104
64,170,2,2,119,0,1953125,12,0,6803,2.19,0,0,NaN,0,0,47,56,67,72,46,42,64,46,49,21,55,16,41,24,46,27,30,60,34,61,20,98,47,61,49,133,20,79,91,161,12,26,198,192,101,61,339,390,358,247,346,487,483,520,642,779,677,672,678,1000,839,529,86,590,673,442,103,646,752,804,491,245,124,92,60,278,178,198,80,247,134,126,48,170,48,96,93,150,46,104,106,121,69,112,104
64,170,2,2,119,0,1953125,12,0,7750,2.35,0,0,NaN,0,0,37,22,36,42,28,18,27,33,18,24,11,35,13,15,35,9,25,32,16,41,8,37,60,30,7,102,6,68,79,64,72,50,90,116,42,69,258,291,200,70,151,228,236,315,388,443,272,240,313,764,1000,881,566,951,988,666,521,817,606,344,138,75,115,96,133,136,20,45,1,118,68,54,36,74,27,37,34,35,28,31,29,30,8,23,34
64,170,2,2,119,0,1953125,12,0,6803,2.19,0,0,NaN,0,0,36,121,53,84,110,11,96,36,75,85,19,59,8,72,39,70,52,50,81,36,122,65,73,80,69,150,35,139,129,71,144,23,171,77,190,261,207,449,411,364,530,416,612,735,770,955,985,932,1000,910,810,828,543,467,513,359,586,561,608,722,496,426,318,51,132,124,321,309,184,247,122,148,177,92,175,87,108,133,100,165,117,109,118,99,121
64,170,2,2,119,0,1953125,12,0,6803,2.19,0,0,NaN,0,0,75,68,57,70,77,55,49,60,55,50,34,43,13,56,25,39,36,85,33,49,69,116,8,32,142,155,25,39,176,195,16,32,258,224,63,69,383,422,304,279,365,526,408,586,666,827,648,719,767,1000,872,398,204,601,805,395,98,553,841,740,630,263,125,14,149,121,293,145,201,104,234,108,96,52,168,63,101,76,136,61,114,112,125,58,86
64,170,2,2,119,0,1953125,12,0,6803,2.19,0,0,NaN,0,0,66,35,93,48,60,23,85,23,55,10,58,12,31,47,41,31,18,76,13,62,47,118,34,38,101,126,46,50,142,132,50,45,227,129,161,34,382,356,439,188,409,469,595,505,725,754,760,655,745,1000,865,572,165,600,720,497,139,609,780,843,461,313,76,83,137,258,177,194,128,246,126,127,86,151,57,81,118,118,67,89,116,92,77,101,98
64,170,2,2,119,0,1953125,12,0,7655,2.33,0,0,NaN,0,0,49,14,50,42,29,19,41,21,31,15,13,33,8,7,25,21,9,16,45,13,27,67,54,43,29,94,23,35,75,76,42,38,129,116,77,43,268,231,187,83,171,291,314,328,410,402,259,278,354,818,987,865,555,968,1000,678,515,819,631,344,125,106,153,84,131,157,50,69,47,120,38,37,53,72,44,41,51,20,52,13,32,64,16,41,41
64,170,2,2,119,0,1953125,12,0,7594,2.32,0,0,NaN,0,0,36,32,40,32,46,22,44,27,62,15,47,24,48,24,35,43,41,35,19,51,22,58,20,63,28,66,34,51,66,55,43,49,80,97,90,178,104,224,208,170,289,240,337,382,358,382,341,377,622,775,881,1000,887,897,807,762,741,624,550,242,64,113,200,133,102,167,144,43,75,46,43,61,14,68,13,59,27,41,18,39,15,40,37,72,62
64,170,2,2,119,0,1953125,12,0,7661,2.33,0,0,NaN,0,0,19,61,30,41,28,43,38,14,44,8,55,25,34,11,40,21,26,38,42,13,36,62,16,56,43,96,15,77,27,78,58,51,51,34,161,110,206,204,150,230,205,288,396,354,492,371,314,456,617,803,1000,929,943,817,846,800,769,747,494,324,170,132,77,160,218,123,103,93,64,33,71,68,108,20,81,58,87,7,40,31,32,45,60,38,19
64,170,2,2,119,0,1953125,12,0,7922,2.38,0,0,NaN,0,0,58,42,32,49,19,61,10,49,31,63,36,44,43,17,43,26,43,53,53,86,40,86,13,74,42,88,85,108,120,93,127,88,146,45,112,105,286,221,322,164,106,270,299,439,529,374,362,438,592,882,1000,990,989,808,880,756,802,682,436,251,162,147,91,170,236,134,117,89,109,100,99,119,107,71,60,61,29,61,40,68,21,41,15,41,71
64,170,2,2,119,0,1953125,12,0,7661,2.33,0,0,NaN,0,0,45,42,33,44,33,44,38,35,41,34,48,25,34,28,35,38,37,34,32,35,20,66,48,65,62,65,94,22,75,47,84,25,62,81,129,98,232,168,167,213,181,243,381,341,428,398,297,372,615,785,918,1000,824,784,791,747,790,583,434,254,79,65,94,131,139,82,128,119,66,31,98,42,66,60,59,69,22,60,18,35,12,44,32,42,25
64,170,2,2,119,0,1953125,12,0,7580,2.32,0,0,NaN,0,0,75,22,65,23,65,30,45,12,52,19,33,1,41,9,17,20,21,30,0,62,21,65,30,68,44,63,58,39,65,69,40,50,82,107,64,181,116,171,248,151,291,313,325,436,378,363,397,425,635,868,899,1000,874,798,821,763,855,687,591,306,20,84,203,176,80,122,177,77,57,54,32,61,40,47,43,58,75,44,55,12,30,24,40,64,75
64,170,2,2,119,0,1953125,12,0,7691,2.34,0,0,NaN,0,0,22,61,42,37,30,34,44,27,33,21,44,26,28,4,42,16,34,35,54,14,30,58,10,73,23,115,15,95,12,85,38,88,23,35,139,143,185,248,155,235,221,244,384,345,485,418,334,455,624,779,1000,940,936,844,822,804,724,724,476,288,191,162,81,145,230,133,63,83,107,19,104,57,120,7,77,45,76,19,59,38,42,45,63,32,12
64,170,2,2,119,0,1953125,12,0,6803,2.19,0,0,NaN,0,0,115,26,97,63,64,101,3,85,40,53,49,32,61,8,56,16,79,39,65,64,46,99,11,107,51,108,113,50,160,56,122,65,150,179,96,294,209,372,479,331,531,479,537,746,754,907,1000,901,951,890,749,781,516,438,499,366,605,591,663,760,520,457,313,73,108,159,333,253,179,210,58,186,132,116,140,37,142,96,139,143,85,124,105,128,125
64,170,2,2,119,0,1953125,12,0,7636,2.33,0,0,NaN,0,0,41,25,42,38,39,19,40,43,30,35,10,32,20,12,22,33,19,29,29,29,16,61,34,60,39,91,34,35,68,71,43,35,106,118,71,44,251,227,181,99,174,304,323,331,368,366,247,303,394,848,999,854,534,938,972,667,506,834,665,398,128,79,132,78,131,149,38,52,24,105,76,56,18,90,15,50,54,18,61,12,10,57,20,45,40
64,170,2,2,119,0,1953125,12,0,7745,2.35,0,0,NaN,0,0,47,48,36,30,54,39,34,28,33,41,12,27,19,31,18,35,10,41,8,43,32,36,39,23,79,20,89,19,103,35,86,17,92,79,70,151,239,195,316,175,197,266,227,401,447,404,425,369,502,803,890,1000,977,889,953,813,867,685,555,357,93,36,131,240,174,142,121,93,39,98,22,114,48,67,21,74,51,9,20,27,22,11,12,26,43
64,170,2,2,119,0,1953125,12,0,7655,2.33,0,0,NaN,0,0,51,40,26,59,21,51,13,45,13,53,18,51,6,38,29,43,22,34,24,25,56,18,76,27,85,40,95,64,64,43,78,54,71,31,141,86,241,226,186,240,183,242,370,347,499,430,325,424,577,715,967,1000,964,966,875,899,788,719,574,260,137,110,164,118,154,192,111,42,110,98,31,88,47,112,24,74,28,66,28,33,23,51,23,38,33
64,170,2,2,119,0,1953125,12,0,7705,2.34,0,0,NaN,0,0,44,17,46,43,24,40,18,41,14,24,10,41,6,15,41,11,17,37,20,39,0,52,51,36,23,97,21,42,84,60,70,50,107,121,55,45,270,279,229,95,179,276,296,338,405,433,285,279,338,801,1000,894,544,937,997,687,477,795,632,392,139,78,141,115,171,142,10,33,21,123,73,72,58,94,49,50,61,18,48,12,23,43,13,24,12
64,170,2,2,119,0,1953125,12,0,6803,2.19,0,0,NaN,0,0,81,54,97,24,104,61,56,75,25,84,28,62,37,40,44,40,71,10,77,17,100,84,53,98,40,151,67,122,155,49,151,3,199,140,175,297,209,467,474,399,586,455,618,749,778,976,997,948,1000,872,769,770,454,435,471,443,660,614,718,763,497,464,293,81,105,195,365,248,213,224,54,190,119,135,154,49,144,90,140,141,93,132,107,124,124
64,170,2,2,119,0,1953125,12,0,7630,2.33,0,0,NaN,0,0,52,33,16,45,33,31,20,22,32,27,23,35,12,30,19,13,39,4,22,28,51,14,53,45,33,56,37,60,21,47,98,35,38,148,39,100,160,289,146,139,125,341,269,332,327,371,281,238,428,747,1000,731,538,822,956,563,456,730,617,286,156,159,88,149,79,131,82,34,40,58,104,11,45,72,30,76,27,31,36,20,41,41,33,36,33
64,170,2,2,119,0,1953125,12,0,7745,2.35,0,0,NaN,0,0,44,64,26,41,46,39,40,16,44,26,26,20,33,30,30,41,16,40,5,40,39,35,44,29,74,28,95,39,104,43,91,37,83,91,83,148,250,201,333,196,201,281,242,408,476,418,438,383,506,818,917,1000,976,871,947,816,868,673,507,323,113,69,128,230,180,138,134,92,27,90,18,116,50,75,28,80,42,15,18,42,9,43,20,23,39
64,170,2,2,119,0,1953125,12,0,7705,2.34,0,0,NaN,0,0,64,16,50,38,34,29,31,27,29,22,16,29,5,27,9,26,15,26,16,30,44,10,64,6,84,19,85,40,71,29,79,38,72,47,104,78,239,179,216,224,149,271,338,344,485,361,298,420,582,761,1000,957,913,813,773,824,726,690,474,208,117,141,132,93,169,167,66,57,114,60,59,57,68,79,21,52,9,38,40,22,27,25,10,15,19
64,170,2,2,119,0,1953125,12,0,6803,2.19,0,0,NaN,0,0,58,74,88,28,109,51,63,66,31,79,15,64,32,52,46,51,69,23,83,14,104,81,56,101,39,145,59,125,149,43,149,2,189,124,166,272,190,439,430,388,559,441,609,717,753,947,963,938,1000,882,790,767,449,417,423,402,608,573,692,729,489,474,293,37,81,170,336,235,211,224,61,178,113,126,149,39,132,81,130,139,82,120,93,114,117
64,170,2,2,119,0,1953125,12,0,7655,2.33,0,0,NaN,0,0,36,25,47,40,43,4,47,32,27,38,16,45,22,24,47,18,26,34,29,29,20,51,59,43,18,101,21,47,79,59,64,51,104,100,39,27,253,256,215,104,203,289,300,320,376,389,270,310,400,855,1000,842,518,928,949,633,528,836,626,334,154,109,145,84,139,153,26,36,40,103,69,55,40,100,43,72,81,11,62,10,17,66,25,45,31
64,170,2,2,119,0,1953125,12,0,7641,2.33,0,0,NaN,0,0,47,26,50,24,58,17,52,14,58,22,44,8,40,9,35,21,41,13,26,39,5,70,13,90,27,95,44,75,52,74,23,72,58,91,69,188,116,247,230,170,296,257,342,422,389,421,371,382,635,812,898,1000,846,849,809,840,846,699,596,258,59,142,188,119,91,174,146,25,60,72,16,85,31,83,18,77,42,60,14,48,28,39,23,54,44
64,170,2,2,119,0,1953125,12,0,7680,2.34,0,0,NaN,0,0,67,46,39,30,48,35,40,17,33,37,26,30,15,37,15,34,10,39,7,32,50,22,53,13,88,18,92,27,89,36,89,32,72,93,90,126,228,149,280,196,189,324,280,402,466,361,402,429,554,857,960,996,1000,866,967,834,883,726,529,330,89,78,129,202,170,112,146,91,22,73,41,95,84,55,57,73,77,7,6,53,24,49,45,41,29
64,170,2,2,119,0,1953125,12,0,7811,2.36,0,0,NaN,0,0,57,21,58,15,56,23,39,14,37,22,16,22,6,35,8,28,16,26,24,25,31,31,51,27,65,46,92,49,102,40,90,32,87,72,6,180,166,250,281,142,211,224,243,417,412,422,382,314,503,775,860,1000,924,860,873,752,786,591,478,283,76,64,118,184,134,131,131,78,36,97,20,107,50,71,29,66,47,8,26,35,7,18,9,13,48
64,170,2,2,119,0,1953125,12,0,7680,2.34,0,0,NaN,0,0,45,35,46,25,57,15,44,16,44,6,33,6,34,5,26,14,26,17,17,51,26,64,40,66,55,62,72,47,69,49,51,64,50,104,65,173,230,152,251,178,155,311,309,357,457,297,293,428,565,776,1000,954,960,874,869,906,782,737,516,237,122,110,155,97,144,159,103,70,135,71,45,48,49,82,7,46,9,35,40,33,28,44,25,16,29
64,170,2,2,119,0,1953125,12,0,6803,2.19,0,0,NaN,0,0,77,63,102,19,105,59,62,81,19,74,12,59,27,46,33,52,61,34,83,3,103,56,77,98,59,141,18,151,123,91,142,65,208,71,235,249,247,485,399,494,577,466,693,681,814,970,898,1000,979,822,879,751,534,568,447,539,580,615,775,668,550,548,197,68,47,300,328,218,311,158,152,174,101,196,83,114,106,115,176,108,134,107,108,138,118
64,170,2,2,119,0,1953125,12,0,7544,2.31,0,0,NaN,0,0,64,6,73,26,41,44,17,53,7,30,28,27,14,1,31,16,17,36,40,44,22,79,29,50,58,68,55,21,52,105,31,37,128,132,73,32,263,253,232,135,253,336,331,282,329,325,274,369,452,904,1000,823,513,964,993,679,529,890,725,433,113,94,157,83,135,154,53,71,71,113,34,23,42,73,18,41,49,61,30,33,27,32,12,29,41
64,170,2,2,119,0,1953125,12,0,7680,2.34,0,0,NaN,0,0,48,45,53,19,43,38,38,32,36,47,22,38,28,20,34,14,38,17,48,4,28,74,31,52,12,120,43,68,26,95,48,51,53,14,174,177,213,253,143,233,217,286,411,340,450,326,251,400,610,802,1000,912,949,859,917,832,781,755,524,366,177,125,113,210,212,93,102,99,47,63,52,101,82,51,54,75,58,35,24,15,33,60,28,12,25
64,170,2,2,119,0,1953125,12,0,8063,2.4,0,0,NaN,0,0,49,45,31,54,31,54,26,38,27,23,29,11,33,10,27,33,21,34,25,18,76,47,92,23,96,21,79,124,139,151,110,194,108,178,70,261,296,455,314,276,107,175,454,496,569,402,182,404,736,825,965,945,863,913,883,1000,907,800,492,108,162,230,57,168,279,209,41,74,190,76,95,26,43,66,19,58,35,79,15,55,55,44,50,31,18
64,170,2,2,119,0,1953125,12,0,7630,2.33,0,0,NaN,0,0,47,47,34,45,34,68,6,59,10,54,26,38,16,38,26,37,21,28,9,45,5,76,49,74,81,38,86,16,84,34,93,24,73,22,168,150,179,264,184,151,274,273,325,453,414,340,353,413,555,838,1000,921,900,797,815,876,749,655,498,194,73,91,127,103,59,120,171,80,16,71,116,34,58,23,94,94,37,53,18,57,19,44,36,64,56
64,170,2,2,119,0,1953125,12,0,7666,2.34,0,0,NaN,0,0,48,41,32,48,40,59,26,51,32,54,25,30,36,27,41,14,59,17,38,31,38,52,50,81,80,68,79,60,75,68,46,75,50,123,51,202,168,210,266,142,261,281,279,417,384,409,401,382,599,828,873,1000,898,897,904,805,818,632,554,282,48,112,197,163,101,163,155,42,57,73,17,89,35,75,24,66,40,39,23,38,11,27,17,43,32
64,170,2,2,119,0,1953125,12,0,7645,2.33,0,0,NaN,0,0,46,54,30,55,20,65,28,45,1,63,17,51,21,53,11,29,32,39,22,13,64,0,81,11,101,12,96,22,80,32,97,37,51,104,134,128,246,155,267,216,178,328,307,374,465,317,344,448,569,832,979,955,1000,852,939,831,808,734,484,337,153,95,72,158,188,106,123,119,60,34,66,47,110,24,76,24,85,37,13,26,45,21,53,40,46
64,170,2,2,119,0,1953125,12,0,7649,2.33,0,0,NaN,0,0,51,36,58,28,48,27,49,17,48,24,56,21,38,29,28,29,6,46,7,44,27,62,36,69,52,87,55,95,43,72,70,84,54,10,167,128,234,272,214,298,244,278,396,350,507,413,313,439,621,764,1000,964,974,934,921,941,809,793,547,294,176,155,124,141,252,191,77,84,98,32,83,32,118,56,87,67,91,60,33,21,33,0,55,43,35
64,170,2,2,119,0,1953125,12,0,6803,2.19,0,0,NaN,0,0,100,21,105,52,69,68,34,81,14,64,27,52,47,32,40,30,63,20,86,26,84,74,61,104,30,123,39,132,134,57,136,41,188,76,222,258,213,444,375,449,545,430,648,643,784,947,895,1000,970,810,855,720,528,570,459,516,522,560,716,609,536,530,192,53,81,294,282,214,287,108,158,145,121,184,51,121,84,136,161,85,114,76,109,126,106
64,170,2,2,119,0,1953125,12,0,7585,2.32,0,0,NaN,0,0,46,16,71,16,33,48,26,43,13,30,31,16,13,21,27,13,18,30,38,30,15,90,21,25,79,70,37,35,72,89,6,50,150,78,111,60,265,208,273,118,267,317,408,315,437,331,290,328,444,888,1000,840,506,918,991,656,573,841,727,397,77,109,167,90,182,127,71,52,77,101,31,55,61,82,45,39,92,21,54,15,16,56,17,44,55
