64,170,1,2,119,0,1953125,12,0,36,1.03,0,0,NaN,0,0,70,26,65,28,64,26,49,32,41,32,22,40,16,43,20,52,29,55,48,60,43,57,55,49,64,28,104,13,165,89,263,202,351,259,385,286,357,290,348,372,287,227,180,290,120,71,248,209,324,369,495,501,693,914,812,625,890,1000,851,632,449,484,355,340,204,257,128,195,111,167,84,146,88,135,60,108,67,97,50,79,58,61,43,51,41
64,170,1,2,119,0,1953125,12,0,36,1.03,0,0,NaN,0,0,29,76,16,65,25,66,17,44,34,42,27,20,43,17,48,28,60,27,61,49,70,47,57,60,46,86,21,124,45,214,163,326,235,387,296,388,271,356,360,364,310,191,290,199,195,149,142,300,233,472,407,576,654,964,767,610,947,1000,885,630,524,431,434,286,303,188,214,142,187,118,145,115,141,93,112,82,104,71,77,66,66,54,53,49,38
64,170,1,2,119,0,1953125,12,0,36,1.03,0,0,NaN,0,0,72,18,66,20,68,17,52,25,45,24,30,37,23,41,19,55,19,57,39,69,32,65,47,59,62,40,103,31,164,107,255,220,348,275,369,303,339,317,324,392,269,247,173,288,115,113,243,193,310,381,472,510,656,910,756,622,854,1000,816,645,436,493,343,345,191,261,121,203,100,178,73,155,75,145,53,117,56,103,42,81,47,64,35,51,39
64,170,1,2,119,0,1953125,12,0,36,1.03,0,0,NaN,0,0,73,16,67,20,67,16,51,25,48,25,28,38,23,40,20,54,19,58,38,69,33,65,46,59,62,41,102,34,162,109,254,220,344,278,370,308,342,321,326,390,268,245,170,279,105,111,250,207,319,387,479,526,668,917,767,643,858,1000,813,633,424,479,341,341,192,258,120,201,102,177,76,155,77,141,53,115,57,103,40,81,48,66,37,52,38
64,170,1,2,119,0,1953125,12,0,36,1.03,0,0,NaN,0,0,72,18,62,16,66,13,51,12,50,14,33,30,31,32,22,55,18,59,25,73,12,71,25,66,49,60,85,60,145,141,221,248,312,310,328,338,302,348,287,400,233,250,170,264,91,119,235,235,307,413,460,565,638,929,743,655,836,1000,786,641,410,473,338,332,194,243,127,192,97,170,75,154,75,137,56,112,54,101,41,79,40,65,33,52,35
64,170,1,2,119,0,1953125,12,0,36,1.03,0,0,NaN,0,0,70,23,66,27,64,24,48,31,42,31,25,42,18,44,21,54,26,55,46,63,45,58,58,51,65,30,107,18,172,101,267,212,359,271,390,300,365,307,348,378,291,238,184,281,119,94,251,209,329,382,508,533,710,929,807,633,881,1000,838,626,441,487,360,340,202,258,128,200,113,176,88,152,87,140,63,112,66,100,48,79,53,61,42,52,40
64,170,1,2,119,0,1953125,12,0,36,1.03,0,0,NaN,0,0,72,18,67,13,68,12,55,13,53,14,38,32,32,35,25,56,18,62,28,77,14,76,27,75,49,65,84,67,148,144,227,255,321,317,338,348,315,357,294,412,255,272,181,286,117,160,207,194,270,398,436,545,632,932,720,639,825,1000,781,642,416,488,344,342,203,256,137,204,107,181,83,160,80,142,61,118,56,102,41,87,45,68,35,54,38
64,170,1,2,119,0,1953125,12,0,36,1.03,0,0,NaN,0,0,66,48,56,36,64,39,48,16,54,14,42,13,46,20,38,50,35,57,32,75,25,77,13,80,29,94,44,113,101,203,171,318,265,382,285,401,264,392,291,410,256,264,235,253,158,193,159,255,224,455,402,588,624,967,717,625,870,1000,799,621,457,456,392,304,258,217,191,171,163,153,132,136,124,113,100,96,88,82,66,74,60,62,46,51,40
64,170,1,2,119,0,1953125,12,0,36,1.03,0,0,NaN,0,0,76,13,66,14,71,9,56,16,52,17,34,35,30,41,24,59,17,64,33,75,23,72,38,69,57,58,93,57,160,135,242,244,337,303,354,334,330,346,306,406,267,269,181,292,129,173,217,182,281,391,451,534,644,927,731,639,832,1000,778,634,410,491,337,345,195,268,133,214,110,188,83,168,79,146,59,119,56,104,39,85,46,68,37,55,40
64,170,1,2,119,0,1953125,12,0,36,1.03,0,0,NaN,0,0,75,19,65,18,65,17,49,20,52,18,39,37,36,39,27,58,17,59,25,72,16,71,33,68,58,66,91,67,155,148,230,252,328,310,337,338,314,350,290,397,252,268,174,281,123,166,206,195,270,393,440,550,636,931,722,632,826,1000,764,632,412,492,338,341,202,266,139,211,111,186,83,158,75,139,56,113,53,97,39,84,45,69,40,60,40
64,170,1,2,119,0,1953125,12,0,36,1.03,0,0,NaN,0,0,76,20,70,25,69,20,54,30,48,28,26,39,21,41,20,59,23,61,43,68,41,64,55,58,71,40,109,29,175,110,269,223,368,279,391,310,366,320,339,389,299,253,185,289,155,158,236,173,304,378,486,519,682,915,764,617,856,1000,801,615,415,486,342,341,201,273,131,217,121,193,86,165,87,150,59,119,62,101,45,85,53,62,43,57,43
64,170,1,2,119,0,1953125,12,0,36,1.03,0,0,NaN,0,0,77,13,69,14,71,11,54,20,52,21,35,36,29,41,25,59,17,60,34,74,28,73,42,66,62,54,98,53,164,131,248,238,346,295,363,332,341,339,312,400,281,268,177,292,147,179,222,174,277,389,467,533,648,912,729,622,836,1000,777,631,414,490,335,345,200,274,134,220,115,195,86,172,82,148,57,121,56,103,42,84,47,70,42,58,42
64,170,1,2,119,0,1953125,12,0,36,1.03,0,0,NaN,0,0,68,33,61,23,67,26,52,6,55,8,40,19,41,26,33,50,26,61,27,75,9,78,5,75,35,81,57,91,119,179,185,286,281,343,291,370,271,370,270,403,246,268,210,267,141,167,161,214,228,411,407,563,601,907,678,615,837,1000,762,624,415,460,355,314,228,230,162,183,134,161,104,143,99,122,80,103,73,88,55,79,48,63,40,51,35
64,170,1,2,119,0,1953125,12,0,36,1.03,0,0,NaN,0,0,73,17,64,19,68,16,53,22,53,19,33,34,26,36,20,55,14,59,32,69,25,70,40,65,57,53,93,42,156,120,240,227,337,281,349,312,324,329,301,395,259,265,187,304,131,133,200,167,269,356,445,508,622,881,699,603,827,1000,772,629,408,487,331,336,190,259,121,203,96,178,69,156,72,141,50,115,54,103,38,83,42,65,37,55,37
64,170,1,2,119,0,1953125,12,0,61,1.03,0,0,NaN,0,0,62,46,52,36,58,37,42,17,50,15,36,13,40,17,25,41,23,46,15,64,15,65,4,69,43,64,62,61,126,138,193,239,289,300,304,332,286,357,284,409,247,277,190,293,136,166,187,189,253,389,429,542,608,900,696,620,816,1000,764,641,399,475,334,338,195,254,129,204,104,177,73,152,65,127,44,102,40,90,31,75,40,64,33,49,33
64,170,1,2,119,0,1953125,12,0,61,1.03,0,0,NaN,0,0,51,63,42,50,49,55,37,35,43,35,35,13,41,2,37,24,39,37,42,54,49,63,46,64,47,79,20,104,53,200,134,321,233,383,271,406,273,393,346,405,325,248,302,241,239,171,115,273,210,453,425,598,671,939,769,593,955,1000,898,620,532,415,454,264,313,173,228,122,208,101,169,89,156,66,121,54,107,43,82,46,67,36,55,38,39
64,170,1,2,119,0,1953125,12,0,36,1.03,0,0,NaN,0,0,73,19,65,11,69,15,54,10,51,14,39,27,32,35,27,52,16,63,25,73,5,78,9,72,42,75,65,82,128,171,188,279,284,340,291,368,273,374,268,396,244,259,219,255,154,143,160,242,229,420,413,592,608,922,711,625,857,1000,802,642,445,436,387,296,262,202,192,156,161,133,130,119,121,96,104,81,93,74,76,66,63,53,49,46,39
64,170,1,2,119,0,1953125,12,0,36,1.03,0,0,NaN,0,0,71,22,63,15,68,16,51,12,53,12,36,26,34,33,25,52,14,60,24,73,6,75,19,71,46,65,76,63,139,145,208,247,305,310,317,335,296,351,271,391,236,264,192,284,133,136,191,200,263,375,432,546,608,889,697,603,804,1000,773,647,401,473,339,332,208,247,133,190,103,164,75,147,74,128,58,107,53,92,39,81,40,63,34,53,35
64,170,1,2,119,0,1953125,12,0,36,1.03,0,0,NaN,0,0,70,15,64,17,66,11,50,17,50,19,30,32,26,36,20,54,16,59,32,68,23,69,36,63,53,51,86,42,151,118,227,221,326,278,340,310,324,332,295,377,253,264,183,287,120,115,202,192,282,351,456,539,640,885,738,619,822,1000,791,647,408,475,338,341,199,256,124,201,95,170,70,148,69,132,50,112,53,97,38,77,43,62,34,51,36
64,170,1,2,119,0,1953125,12,0,41,1.03,0,0,NaN,0,0,67,31,57,22,66,23,51,7,52,7,38,20,36,25,30,51,24,60,25,74,8,76,6,74,34,73,57,78,117,159,176,262,275,325,287,352,276,369,269,392,242,279,232,286,166,139,145,202,222,360,385,556,583,881,685,611,798,1000,787,657,423,463,365,329,240,238,168,182,129,151,97,135,89,115,74,100,67,89,47,75,45,61,37,50,35
64,170,1,2,119,0,1953125,12,0,41,1.03,0,0,NaN,0,0,64,38,55,26,62,31,46,11,50,9,38,16,38,23,34,48,27,58,30,72,19,78,12,75,26,76,41,87,98,173,159,274,260,342,273,366,272,379,276,386,254,279,264,279,185,124,123,219,216,367,377,578,587,873,690,624,824,1000,805,660,446,456,390,321,263,225,184,165,143,137,109,122,101,105,82,89,74,79,60,70,51,61,42,47,33
64,170,1,2,119,0,1953125,12,0,41,1.03,0,0,NaN,0,0,52,56,42,44,48,48,38,28,43,23,37,9,44,11,44,40,43,49,46,63,44,69,40,67,27,81,12,101,59,192,135,299,234,365,265,387,277,382,318,377,310,269,325,264,244,97,83,253,186,375,363,593,598,875,731,622,882,1000,869,658,512,439,449,299,312,194,221,135,181,101,141,95,133,76,108,70,96,60,76,61,66,51,53,42,40
64,170,1,2,119,0,1953125,12,0,61,1.03,0,0,NaN,0,0,33,61,23,53,30,57,21,41,27,39,22,16,32,6,32,19,37,29,43,46,51,51,52,48,52,56,32,73,41,163,109,275,213,342,242,364,257,368,316,374,313,273,341,279,256,78,106,266,204,384,380,608,589,877,738,622,871,1000,861,650,499,433,435,283,288,177,196,116,150,91,112,89,107,74,85,65,75,60,60,60,48,46,37,37,25
64,170,1,2,119,0,1953125,12,0,86,1.03,0,0,NaN,0,0,52,41,51,40,45,40,43,38,34,37,27,32,9,29,8,21,24,20,44,22,61,26,70,36,57,47,48,66,65,114,178,212,275,265,340,283,369,284,427,322,396,241,370,308,269,63,103,298,243,349,466,570,722,847,855,582,971,1000,951,603,536,438,453,286,271,193,166,114,148,75,116,59,119,50,88,38,85,28,69,29,56,17,45,22,23
64,170,1,2,119,0,1953125,12,0,61,1.03,0,0,NaN,0,0,65,20,60,12,66,12,52,6,51,10,35,18,27,23,16,38,3,52,19,65,6,77,7,71,32,63,50,41,114,112,174,222,281,296,291,345,299,387,299,427,285,331,289,331,225,132,122,207,217,328,365,586,587,885,729,644,825,1000,826,663,458,441,425,309,283,194,199,130,146,102,118,91,106,77,90,63,79,59,62,48,52,46,43,35,29
64,170,1,2,119,0,1953125,12,0,41,1.03,0,0,NaN,0,0,56,42,50,45,51,39,37,39,31,36,14,41,5,41,26,46,36,51,54,54,55,54,62,45,63,26,86,9,151,79,236,188,344,246,371,287,380,318,353,376,321,297,252,343,182,132,147,172,246,268,441,513,645,847,784,616,825,1000,832,663,438,491,370,366,218,271,140,206,95,164,69,140,64,130,50,106,50,96,39,78,45,66,35,53,38
64,170,1,2,119,0,1953125,12,0,41,1.03,0,0,NaN,0,0,66,31,56,20,63,25,49,7,50,6,38,17,37,25,32,49,25,59,29,75,16,77,9,73,27,71,47,75,102,155,162,257,264,324,278,358,282,378,280,398,264,298,266,303,196,122,129,194,218,338,386,566,582,872,709,624,809,1000,798,662,437,466,382,335,255,232,175,174,130,139,98,126,87,107,73,94,66,81,51,75,45,61,38,50,36
64,170,1,2,119,0,1953125,12,0,41,1.03,0,0,NaN,0,0,41,63,33,56,39,55,32,35,36,31,34,14,41,8,47,34,50,42,58,57,57,60,57,58,38,77,13,104,42,192,131,299,233,363,276,384,302,372,357,362,349,256,366,267,278,67,70,267,176,375,380,596,626,887,772,604,925,1000,900,638,543,433,470,282,326,184,230,121,189,82,146,76,141,62,114,58,105,49,84,52,72,40,59,43,41
64,170,1,2,119,0,1953125,12,0,36,1.03,0,0,NaN,0,0,62,32,57,36,59,31,44,35,36,32,19,39,9,43,25,48,37,50,55,56,57,52,63,44,62,24,89,13,148,76,241,186,346,241,381,275,390,300,382,366,353,296,304,360,213,126,132,211,259,283,457,505,680,839,821,588,899,1000,895,652,507,494,414,355,251,271,156,196,124,150,92,126,95,116,71,93,73,84,62,69,59,54,50,47,39
64,170,1,2,119,0,1953125,12,0,0,0.96,0,0,NaN,0,0,39,67,43,54,37,53,46,39,39,33,38,30,39,29,29,42,35,43,35,63,66,63,82,69,128,58,159,55,192,74,223,223,324,275,324,337,266,360,309,513,321,434,485,589,413,274,326,374,397,260,402,496,538,834,653,503,780,1000,712,572,277,344,221,192,205,109,186,61,161,78,128,77,110,85,68,80,45,80,32,86,36,65,33,59,42
64,170,1,2,119,0,1953125,12,0,0,0.96,0,0,NaN,0,0,47,73,37,70,26,69,25,63,6,55,1,52,8,49,24,52,25,56,32,75,32,103,29,129,36,164,58,183,112,189,213,256,350,293,400,290,403,256,494,419,484,383,586,605,477,318,229,566,341,403,362,580,670,807,758,426,1000,948,907,492,424,284,338,195,200,202,109,192,62,176,72,147,79,111,72,81,76,58,89,51,81,42,70,35,59
64,170,1,2,119,0,1953125,12,0,0,0.96,0,0,NaN,0,0,70,37,70,23,60,23,66,16,51,4,52,8,45,18,48,16,55,21,62,23,92,16,104,23,144,41,161,81,173,138,172,288,272,336,278,395,239,385,323,516,350,409,515,568,460,270,342,396,436,278,389,524,566,833,650,517,793,1000,736,600,288,354,227,224,203,133,182,84,168,64,147,57,130,63,95,63,73,71,61,77,48,65,42,67,37
64,170,1,2,119,0,1953125,12,0,0,0.96,0,0,NaN,0,0,52,74,43,66,30,64,24,67,9,56,8,56,10,47,26,49,29,55,40,73,43,103,38,125,40,167,53,196,102,203,196,274,341,321,396,319,412,269,504,414,504,363,599,602,512,324,263,585,349,404,362,621,673,832,772,416,999,968,929,511,434,276,354,189,222,193,125,192,65,180,65,155,68,120,64,89,71,65,79,57,78,48,70,37,58
64,170,1,2,119,0,1953125,12,0,0,0.97,0,0,NaN,0,0,128,171,133,181,150,186,145,187,157,194,152,184,151,188,146,176,129,171,128,172,93,172,82,189,47,203,26,241,48,260,129,387,214,438,265,476,267,431,461,518,494,389,670,560,596,254,505,361,602,233,573,481,730,849,872,460,942,1000,985,519,481,334,378,238,252,261,148,246,104,265,84,247,81,234,103,228,99,208,98,219,95,194,89,185,98
64,170,1,2,119,0,1953125,12,0,0,0.96,0,0,NaN,0,0,49,76,39,68,28,68,24,64,6,55,4,57,10,48,26,51,22,56,36,77,34,103,31,130,33,163,56,187,108,195,211,262,344,298,396,299,406,254,498,424,495,362,571,601,487,311,247,575,339,403,380,584,659,834,782,389,1000,972,931,506,428,273,331,191,206,196,105,190,65,173,68,147,75,111,71,85,76,64,84,48,82,42,71,37,57
64,170,1,2,119,0,1953125,12,0,61,1.03,0,0,NaN,0,0,59,38,57,34,51,40,47,32,31,37,23,29,1,35,12,25,42,29,55,23,71,26,74,16,63,37,62,62,85,131,196,232,280,296,356,320,370,309,441,342,411,238,394,296,300,52,47,285,187,363,406,561,669,888,823,539,948,1000,956,652,584,439,483,290,339,185,226,114,187,72,138,78,132,56,104,58,88,50,75,52,54,48,50,36,28
64,170,1,2,119,0,1953125,12,0,61,1.03,0,0,NaN,0,0,59,38,57,34,51,40,47,32,31,37,23,29,1,35,12,25,42,29,55,23,71,26,74,16,63,37,62,62,85,131,196,232,280,296,356,320,370,309,441,342,411,238,394,296,300,52,47,285,187,363,406,561,669,888,823,539,948,1000,956,652,584,439,483,290,339,185,226,114,187,72,138,78,132,56,104,58,88,50,75,52,54,48,50,36,28
64,170,1,2,119,0,1953125,12,0,61,1.03,0,0,NaN,0,0,62,40,52,27,61,35,46,17,49,21,34,2,36,10,24,35,20,46,18,68,19,73,17,74,36,69,41,64,94,141,143,250,247,321,268,369,275,390,305,437,299,328,310,342,251,150,99,171,166,333,342,527,542,878,686,547,809,1000,837,674,487,472,423,324,290,218,205,150,158,119,121,104,109,88,88,71,76,67,61,60,52,48,40,41,31
64,170,1,2,119,0,1953125,12,0,61,1.03,0,0,NaN,0,0,64,18,58,13,66,10,50,8,50,7,33,18,28,23,11,40,3,49,23,65,16,69,23,70,32,55,58,29,122,79,193,187,298,253,321,309,330,346,314,413,297,323,258,356,194,149,131,144,227,298,408,499,572,850,720,575,784,1000,807,688,451,504,368,357,227,257,147,187,101,156,74,134,63,114,50,94,44,86,34,70,35,56,26,41,26
64,170,1,2,119,0,1953125,12,0,61,1.03,0,0,NaN,0,0,49,57,45,50,48,55,39,40,39,35,33,16,33,3,38,20,37,37,50,50,56,59,67,55,56,63,35,88,23,178,118,295,227,364,290,397,331,381,414,390,417,271,411,300,335,83,17,235,154,349,405,544,657,882,846,539,960,1000,988,647,603,468,501,315,327,226,222,155,182,113,143,89,130,81,100,63,93,57,75,49,69,39,51,36,39
64,170,1,2,119,0,1953125,12,0,0,0.97,0,0,NaN,0,0,134,125,135,138,142,145,136,148,143,156,138,147,136,153,135,137,120,136,120,139,94,133,91,154,62,164,44,201,6,228,86,334,161,380,221,400,224,344,422,394,445,274,615,405,544,147,435,316,431,279,408,509,447,834,599,491,668,1000,691,579,261,415,148,295,63,256,95,218,126,164,162,149,165,135,165,128,167,105,169,97,170,84,158,81,151
64,170,1,2,119,0,1953125,12,0,0,0.97,0,0,NaN,0,0,141,118,141,125,154,132,152,133,159,139,159,130,153,134,152,126,139,121,137,112,135,99,136,96,157,84,171,85,211,46,272,107,389,143,422,161,413,152,487,338,479,293,559,494,494,261,269,536,261,437,239,623,401,849,522,495,687,1000,634,618,227,403,157,288,156,217,165,182,176,127,188,121,186,119,174,113,172,102,169,98,167,86,159,84,147
64,170,1,2,119,0,1953125,12,0,0,0.96,0,0,NaN,0,0,39,81,34,73,25,70,24,64,13,55,11,53,16,48,17,60,18,64,21,86,15,107,20,131,50,158,93,170,146,160,252,222,382,263,433,276,413,266,493,474,465,409,549,655,459,358,250,555,354,359,412,536,680,810,828,394,995,999,955,526,428,319,298,225,168,217,82,196,77,154,94,127,106,88,97,65,93,43,95,34,81,37,72,44,55
64,170,1,2,119,0,1953125,12,0,61,1.03,0,0,NaN,0,0,60,30,60,27,58,30,51,27,36,31,27,28,6,34,9,31,34,34,49,34,65,34,71,33,57,36,68,48,93,106,209,207,294,270,360,293,375,293,443,340,413,245,392,314,311,85,33,250,183,326,395,518,659,849,807,510,949,1000,955,632,596,454,490,291,340,197,228,120,196,76,145,69,138,46,108,52,95,41,84,49,60,42,53,34,28
64,170,1,2,119,0,1953125,12,0,61,1.03,0,0,NaN,0,0,55,43,48,32,57,40,43,23,47,24,34,4,37,7,26,31,26,43,27,64,27,72,28,70,37,68,30,66,73,146,126,254,227,322,248,363,262,388,311,425,306,318,330,334,269,147,78,166,152,324,325,521,534,851,678,544,826,1000,846,653,503,463,439,312,301,206,214,136,168,105,129,90,114,74,92,65,79,55,62,56,57,44,40,38,32
64,170,1,2,119,0,1953125,12,0,61,1.03,0,0,NaN,0,0,60,33,52,24,61,31,46,14,49,16,36,5,34,12,24,35,18,47,20,66,14,77,15,72,31,68,35,57,89,131,143,234,247,305,262,352,277,383,304,430,299,335,307,347,254,166,87,151,162,303,326,513,527,847,671,557,800,1000,822,666,485,481,417,328,282,224,200,154,153,121,115,106,99,87,81,77,71,67,55,62,48,49,37,40,30
64,170,1,2,119,0,1953125,12,0,61,1.03,0,0,NaN,0,0,59,29,53,35,58,27,47,30,41,24,26,29,14,29,9,37,22,38,43,49,47,51,57,52,50,38,65,26,119,51,214,160,317,217,358,265,379,297,387,375,366,305,305,364,236,157,96,151,220,245,415,442,612,803,765,534,846,1000,873,656,494,510,397,366,233,277,142,200,108,163,73,131,73,117,49,91,52,80,43,68,48,49,39,43,33
64,170,1,2,119,0,1953125,12,0,61,1.03,0,0,NaN,0,0,30,63,21,54,28,60,18,42,28,42,22,19,32,9,33,20,41,29,47,46,55,51,56,52,51,61,27,75,31,164,105,269,204,339,246,368,270,376,344,393,340,288,360,292,286,103,82,224,165,344,339,546,561,862,723,568,868,1000,874,654,533,459,450,298,308,196,215,128,172,94,125,86,116,67,88,66,82,55,62,54,51,46,41,37,26
64,170,1,2,119,0,1953125,12,0,61,1.03,0,0,NaN,0,0,56,31,51,33,56,27,45,31,40,24,23,30,14,29,10,36,23,36,42,48,46,49,58,50,47,37,66,26,122,54,215,159,315,218,356,262,373,292,380,369,356,295,292,351,219,141,116,184,246,262,432,462,634,824,793,547,852,1000,872,657,491,511,396,361,226,272,138,194,100,156,68,126,70,114,49,92,55,79,44,67,49,52,38,43,32
64,170,1,2,119,0,1953125,12,0,61,1.03,0,0,NaN,0,0,60,24,56,29,59,20,49,24,46,19,28,29,18,28,8,39,16,42,39,53,41,57,50,59,45,44,65,21,128,52,215,160,319,219,350,265,363,300,359,378,333,296,267,347,202,142,132,159,250,270,434,464,616,831,768,531,818,1000,842,658,467,513,378,362,214,273,132,197,93,161,62,133,61,118,40,92,42,83,34,70,40,49,33,43,29
64,170,1,2,119,0,1953125,12,0,61,1.03,0,0,NaN,0,0,58,30,53,32,59,26,47,29,42,25,23,31,14,30,11,37,22,39,42,48,48,53,55,53,51,38,70,23,129,54,222,163,323,218,359,264,376,290,373,366,352,284,273,338,211,132,137,158,252,282,449,472,644,853,798,524,836,1000,860,648,477,507,385,355,218,273,137,196,105,166,73,132,76,119,47,92,54,84,43,65,48,51,38,43,32
64,170,1,2,119,0,1953125,12,0,61,1.03,0,0,NaN,0,0,60,25,56,32,60,22,45,27,44,23,24,30,17,29,10,37,19,41,42,52,42,54,52,56,49,40,73,18,133,57,222,166,330,225,356,269,369,297,353,372,332,292,261,343,201,141,147,154,261,289,446,477,630,855,774,516,814,1000,835,643,457,508,370,356,208,274,129,196,97,167,66,136,65,122,41,96,46,85,33,68,41,52,33,43,30
64,170,1,2,119,0,1953125,12,0,61,1.03,0,0,NaN,0,0,26,72,22,65,12,72,11,52,8,52,9,31,25,19,36,13,49,11,64,24,73,27,81,25,62,54,52,84,46,174,160,279,251,348,308,359,337,340,416,343,389,228,383,256,301,86,60,270,198,385,407,563,676,912,825,495,941,1000,950,601,573,437,484,266,321,185,228,112,200,81,152,66,148,49,111,44,102,31,77,38,66,30,54,33,32
64,170,1,2,119,0,1953125,12,0,61,1.03,0,0,NaN,0,0,31,70,18,60,25,67,15,50,26,47,22,23,34,14,36,15,46,27,54,44,62,51,65,51,55,68,32,85,22,183,119,291,215,362,260,382,281,375,352,378,336,265,349,265,273,140,60,246,181,394,362,570,617,924,761,522,875,1000,889,624,525,438,447,276,307,189,220,125,190,102,146,91,135,66,102,62,92,50,68,53,55,43,48,42,28
64,170,1,2,119,0,1953125,12,0,61,1.03,0,0,NaN,0,0,54,39,51,43,52,39,41,40,35,33,19,36,7,32,17,36,31,35,54,40,57,40,70,40,58,29,72,39,124,72,224,181,330,235,370,266,391,271,388,333,364,257,297,318,223,93,153,206,275,310,472,491,683,867,845,528,888,1000,901,626,499,476,390,327,229,254,144,179,127,150,94,123,96,107,66,86,66,72,51,56,50,41,44,40,33
64,170,1,2,119,0,1953125,12,0,61,1.03,0,0,NaN,0,0,29,68,26,64,16,65,17,54,5,48,7,35,17,22,33,15,49,6,65,14,74,13,81,12,63,47,50,83,57,158,168,263,265,330,322,341,348,311,408,316,382,204,364,248,273,31,94,306,237,387,434,570,704,897,860,532,964,1000,965,601,559,416,465,263,304,183,207,111,190,80,143,67,140,52,105,45,100,33,79,39,67,25,53,29,33
64,170,1,2,119,0,1953125,12,0,61,1.03,0,0,NaN,0,0,63,22,56,25,64,16,49,23,47,19,26,27,19,28,8,39,14,43,34,56,34,60,43,58,45,42,68,18,133,59,214,168,325,228,347,274,356,298,325,360,294,272,218,308,159,110,183,196,285,311,458,517,650,869,792,567,811,1000,824,641,426,475,339,337,190,255,113,183,88,162,64,137,62,118,39,97,42,82,35,70,37,52,30,43,29
64,170,1,2,119,0,1953125,12,0,61,1.03,0,0,NaN,0,0,64,31,55,20,62,25,48,9,49,12,36,10,33,19,22,37,13,52,16,64,5,75,5,69,34,66,51,49,110,127,160,231,270,301,275,341,277,355,259,388,245,277,227,280,173,135,165,223,240,372,405,572,583,902,731,574,794,1000,796,641,426,446,362,303,232,212,161,155,130,135,97,121,91,99,67,84,58,69,45,66,39,51,30,41,27
64,170,1,2,119,0,1953125,12,0,61,1.03,0,0,NaN,0,0,65,26,57,30,61,21,48,28,46,22,27,32,17,33,11,39,17,43,40,53,42,55,50,57,51,38,71,20,138,59,227,168,332,225,360,268,367,280,334,347,309,259,220,308,177,121,194,176,280,317,470,501,652,871,793,532,810,1000,821,619,422,473,337,329,186,255,117,193,98,167,70,142,68,122,42,95,46,82,35,69,40,49,34,43,30
64,170,1,2,119,0,1953125,12,0,61,1.03,0,0,NaN,0,0,60,39,55,42,58,35,45,38,37,32,20,36,9,34,15,39,29,36,52,43,56,44,68,46,59,29,80,35,133,68,232,177,340,231,376,264,393,262,379,330,354,241,275,312,228,114,181,176,278,314,487,489,682,859,827,512,859,1000,876,608,474,475,380,329,223,260,144,191,130,165,97,136,94,116,61,89,65,78,51,61,51,44,46,41,36
64,170,1,2,119,0,1953125,12,0,61,1.03,0,0,NaN,0,0,58,36,54,41,56,31,45,38,40,30,22,36,10,33,16,37,27,37,48,46,53,47,66,47,58,31,74,33,133,66,227,173,338,230,372,264,388,268,370,330,350,253,272,315,216,112,172,185,274,306,484,499,669,853,817,531,858,1000,866,613,464,474,370,323,210,253,133,184,120,159,90,131,86,114,58,91,60,77,47,66,50,45,42,39,31
64,170,1,2,119,0,1953125,12,0,61,1.03,0,0,NaN,0,0,66,18,60,17,67,13,51,16,51,12,32,24,26,27,10,43,7,48,26,63,24,69,33,66,41,50,65,24,132,77,204,181,317,242,329,285,334,317,299,378,279,288,219,325,170,153,166,161,254,317,433,506,587,858,724,553,776,1000,780,624,394,473,328,324,184,243,118,184,87,161,63,138,57,119,39,97,39,83,25,67,30,56,27,45,26
64,170,1,2,119,0,1953125,12,0,61,1.03,0,0,NaN,0,0,51,43,44,48,48,40,35,43,34,34,17,35,7,31,18,33,31,33,47,39,53,44,63,43,56,35,69,32,129,56,220,164,331,214,357,255,370,272,354,349,330,265,247,326,202,138,170,148,250,292,450,474,619,851,755,535,791,1000,805,621,407,479,335,328,181,254,119,189,86,168,66,140,57,125,38,96,38,86,26,68,36,57,24,45,29
64,170,1,2,119,0,1953125,12,0,61,1.03,0,0,NaN,0,0,61,28,55,32,60,22,49,29,45,23,25,32,18,30,10,38,19,40,40,53,45,58,55,58,48,41,69,23,127,50,219,162,329,222,360,264,376,294,365,370,346,298,288,363,229,158,130,133,233,264,441,463,621,825,759,535,818,1000,838,639,455,495,362,344,206,263,126,194,97,164,70,134,68,120,46,95,49,83,37,68,42,50,34,43,30
64,170,1,2,119,0,1953125,12,0,61,1.03,0,0,NaN,0,0,33,64,27,60,21,63,20,51,8,47,7,33,16,23,30,13,45,6,63,13,73,9,83,8,66,40,56,73,57,145,167,252,265,320,327,334,357,313,422,334,415,237,402,297,322,79,44,256,185,333,407,528,659,843,806,516,953,1000,954,593,560,434,468,269,309,195,206,116,181,84,138,64,136,54,102,45,99,32,78,38,67,25,55,31,32
64,170,1,2,119,0,1953125,12,0,7857,2.37,0,0,NaN,0,0,24,21,23,20,28,14,14,11,24,11,16,4,18,5,3,10,13,8,11,12,16,28,18,26,30,41,38,50,51,36,133,143,234,109,181,131,147,69,156,270,204,135,309,397,333,260,192,194,52,190,194,243,227,844,725,246,837,1000,823,474,174,199,197,110,27,71,22,55,24,38,35,34,24,12,32,11,22,21,16,13,10,8,11,6,8
64,170,1,2,119,0,1953125,12,0,81,1.03,0,0,NaN,0,0,416,396,358,373,355,321,291,285,262,232,201,167,169,139,136,137,182,210,210,258,308,345,338,400,438,431,471,500,516,515,512,585,527,556,551,583,587,616,453,448,639,499,423,665,419,615,425,519,446,453,397,210,682,730,342,499,1000,769,478,561,553,523,340,434,521,477,394,424,445,458,385,305,378,395,317,241,271,274,234,147,120,169,138,71,33
64,170,1,2,119,0,1953125,12,0,7877,2.37,0,0,NaN,0,0,23,24,19,21,19,25,21,18,13,19,10,15,3,10,12,9,13,17,16,18,18,5,23,29,32,20,12,40,12,16,137,190,204,174,171,191,123,7,212,239,263,100,369,388,417,252,195,239,78,216,252,270,280,879,846,256,902,1000,893,481,215,172,243,78,58,46,13,43,58,7,28,24,44,16,23,28,2,28,16,15,4,12,8,8,8
64,170,1,2,119,0,1953125,12,0,86,1.03,0,0,NaN,0,0,56,31,49,34,57,27,47,32,46,23,30,28,22,24,2,30,18,29,37,43,44,51,53,58,42,53,45,50,103,37,194,148,310,205,351,257,378,276,363,368,360,302,292,370,234,159,126,173,252,279,488,523,659,847,826,583,813,1000,844,659,444,486,353,343,192,249,104,174,74,146,50,122,52,108,31,84,32,71,30,61,34,42,27,34,25
64,170,1,2,119,0,1953125,12,0,86,1.03,0,0,NaN,0,0,56,31,49,34,57,27,47,32,46,23,30,28,22,24,2,30,18,29,37,43,44,51,53,58,42,53,45,50,103,37,194,148,310,205,351,257,378,276,363,368,360,302,292,370,234,159,126,173,252,279,488,523,659,847,826,583,813,1000,844,659,444,486,353,343,192,249,104,174,74,146,50,122,52,108,31,84,32,71,30,61,34,42,27,34,25
64,170,1,2,119,0,1953125,12,0,86,1.03,0,0,NaN,0,0,56,35,48,38,54,32,45,38,43,30,28,34,18,26,3,28,19,27,41,37,50,46,61,54,49,49,50,53,99,51,194,156,308,213,357,259,391,274,388,358,383,295,315,371,259,160,110,174,237,270,486,515,675,845,836,565,828,1000,865,648,460,486,369,344,200,255,114,176,87,148,61,119,63,104,37,79,43,72,34,57,41,43,33,34,28
64,170,1,2,119,0,1953125,12,0,86,1.03,0,0,NaN,0,0,53,37,46,41,49,36,43,37,39,28,27,33,16,25,5,25,23,26,44,34,54,40,65,49,51,47,49,54,94,56,192,164,308,218,358,261,392,272,392,355,389,289,324,365,264,155,111,189,240,278,495,524,688,850,853,579,844,1000,880,647,476,488,378,342,207,254,118,175,93,146,68,117,70,102,45,77,47,68,39,59,44,39,33,34,29
64,170,1,2,119,0,1953125,12,0,148,1.05,0,0,NaN,0,0,24,53,20,47,31,37,29,27,42,25,40,15,48,21,42,19,47,18,29,39,26,51,10,83,25,89,30,96,62,36,122,75,227,135,268,209,313,293,349,406,366,365,331,416,282,226,65,86,191,260,447,529,660,875,819,636,799,1000,837,677,456,480,346,329,175,218,82,142,69,123,60,97,61,72,54,55,54,38,56,39,52,31,56,41,51
64,170,1,2,119,0,1953125,12,0,75,1.03,0,0,NaN,0,0,61,32,59,16,65,20,59,11,54,12,44,4,34,11,24,24,14,48,19,59,19,80,32,72,42,68,53,50,70,133,108,261,226,341,256,404,294,403,346,430,380,313,398,322,353,103,63,275,177,377,431,634,697,926,898,627,932,1000,979,635,579,435,486,294,300,199,194,128,153,91,124,70,114,66,85,47,75,46,60,36,55,32,38,28,33
64,170,1,2,119,0,1953125,12,0,0,0.97,0,0,NaN,0,0,180,132,182,147,192,152,189,159,196,168,190,159,188,162,186,145,174,141,175,130,164,116,170,124,170,131,180,173,165,236,136,385,239,460,255,512,196,525,291,658,310,568,543,736,500,456,461,413,565,188,639,484,795,855,1000,441,928,988,994,482,466,353,367,264,213,296,114,285,60,279,65,264,75,243,100,237,117,205,121,207,138,176,134,163,143
64,170,2,2,119,0,1953125,12,0,148,1.05,0,0,NaN,0,0,26,58,25,43,33,38,39,18,45,5,50,18,45,23,44,34,28,43,17,41,20,57,34,63,58,85,49,86,27,98,80,161,155,234,241,267,292,301,416,369,428,309,450,345,376,161,45,186,123,331,381,601,664,920,825,645,868,1000,895,676,538,440,423,293,263,167,142,121,101,110,61,107,32,90,24,73,24,68,33,54,46,50,44,45,54
64,170,1,2,119,0,1953125,12,0,148,1.05,0,0,NaN,0,0,39,55,36,48,27,51,18,46,12,54,13,45,31,47,30,35,43,30,40,11,57,17,74,16,99,14,109,14,89,78,35,199,136,272,193,335,274,362,400,427,451,345,466,372,418,172,59,174,116,317,429,588,718,927,933,626,933,1000,989,652,588,449,472,292,274,183,169,96,140,71,117,45,107,28,82,22,77,18,68,35,63,31,59,46,53
64,170,1,2,119,0,1953125,12,0,148,1.05,0,0,NaN,0,0,49,45,45,42,35,47,22,45,7,54,9,50,19,50,23,43,28,41,32,25,51,14,74,12,96,23,102,50,66,90,29,199,144,258,225,309,311,313,428,385,467,307,454,366,405,169,70,176,167,296,475,565,740,907,949,616,905,1000,958,651,540,473,426,319,223,208,125,126,110,103,94,69,90,58,72,36,71,31,65,33,61,26,57,45,54
64,170,1,2,119,0,1953125,12,0,148,1.05,0,0,NaN,0,0,55,45,43,34,51,30,46,7,53,2,51,18,53,17,45,29,46,24,33,40,26,63,17,82,34,99,59,81,83,27,130,123,235,208,260,315,295,387,325,490,371,408,374,424,358,232,6,163,120,355,409,648,673,985,898,675,881,1000,955,657,572,424,478,265,286,143,185,69,148,51,124,31,103,24,82,26,70,28,64,33,60,35,55,48,54
64,170,1,2,119,0,1953125,12,0,148,1.05,0,0,NaN,0,0,35,55,26,42,39,37,36,19,49,22,42,15,52,18,41,20,50,12,33,35,32,52,20,76,41,86,53,77,83,22,123,106,237,184,257,276,296,354,315,462,351,397,335,427,310,244,40,118,149,321,397,607,623,959,814,662,782,1000,849,674,488,450,415,291,245,168,155,99,111,101,81,86,60,75,37,70,29,62,24,58,28,55,35,55,43
64,170,1,2,119,0,1953125,12,0,148,1.05,0,0,NaN,0,0,35,61,30,51,27,55,19,48,22,54,21,45,40,46,36,32,52,24,44,6,60,28,72,33,96,33,110,6,92,78,48,202,156,286,200,358,278,394,391,458,442,366,456,382,425,208,75,181,126,350,443,630,736,974,949,634,913,1000,997,653,593,441,485,282,287,165,181,82,156,61,125,32,110,19,83,26,76,24,68,42,60,38,58,47,53
64,170,1,2,119,0,1953125,12,0,66,1.03,0,0,NaN,0,0,70,30,66,27,66,30,60,25,51,18,44,6,36,12,37,32,35,53,44,63,51,75,62,63,50,66,36,94,19,176,123,305,250,368,319,405,378,360,429,372,454,262,414,330,370,122,55,237,178,299,472,547,727,907,942,556,871,1000,959,652,527,507,439,378,247,284,154,211,105,171,77,139,58,127,41,92,36,95,32,72,40,66,26,43,33
64,170,1,2,119,0,1953125,12,0,148,1.05,0,0,NaN,0,0,55,34,44,36,38,43,21,40,8,53,10,44,21,51,26,32,40,33,33,9,57,16,61,32,92,25,92,19,93,65,64,169,168,254,199,324,256,392,332,469,371,408,395,426,357,269,24,114,109,317,358,590,608,940,787,658,788,999,847,693,498,476,404,324,239,199,134,133,95,120,51,108,34,85,18,76,16,63,34,61,37,52,45,48,50
64,170,1,2,119,0,1953125,12,0,148,1.05,0,0,NaN,0,0,54,39,49,36,38,42,27,43,14,50,14,50,17,50,20,46,21,44,26,32,46,19,72,26,91,36,92,63,51,91,50,191,160,244,250,290,342,306,450,390,486,326,467,397,416,206,92,134,160,253,458,528,720,891,924,614,874,1000,942,671,523,495,411,344,208,227,111,142,91,117,75,83,76,70,58,46,63,41,57,41,58,33,55,46,55
64,170,1,2,119,0,1953125,12,0,148,1.05,0,0,NaN,0,0,31,65,26,51,28,53,19,42,27,49,25,39,41,40,39,26,53,21,42,9,54,34,62,45,88,46,104,23,100,63,73,186,170,270,198,349,263,401,371,481,423,393,453,411,428,228,59,155,83,322,382,601,674,946,880,625,907,1000,983,650,584,436,487,274,295,151,187,71,153,49,122,35,105,21,78,33,70,31,62,39,54,40,51,48,49
64,170,1,2,119,0,1953125,12,0,8031,2.4,0,0,NaN,0,0,27,29,27,24,20,21,15,25,11,20,5,19,8,12,6,21,1,29,13,30,27,28,21,21,51,11,42,14,16,30,102,202,186,178,166,189,138,26,227,248,270,112,372,411,475,298,211,259,132,170,241,289,310,969,894,173,752,1000,913,459,187,214,246,120,45,75,6,67,28,34,32,38,21,13,33,15,27,23,20,5,11,11,18,4,12
64,170,1,2,119,0,1953125,12,0,148,1.05,0,0,NaN,0,0,443,410,353,381,390,348,291,279,301,248,192,164,201,158,129,175,192,194,213,302,326,315,358,431,458,467,459,504,565,563,535,548,653,578,545,557,623,721,495,505,580,571,455,672,464,663,484,491,380,427,566,472,439,656,741,317,814,1000,213,412,629,512,468,398,603,569,450,365,487,485,419,362,354,392,336,275,253,262,250,159,138,146,128,70,25
64,170,1,2,119,0,1953125,12,0,7902,2.38,0,0,NaN,0,0,29,26,30,22,30,17,19,22,21,19,15,16,17,11,8,20,9,28,12,27,31,39,23,17,58,25,54,7,34,45,84,215,185,187,156,204,117,52,231,270,268,113,404,394,485,290,171,304,152,157,195,330,282,982,876,146,796,1000,952,470,222,192,282,91,72,54,15,58,50,11,31,28,38,5,28,25,11,24,13,11,4,8,10,6,8
64,170,1,2,119,0,1953125,12,0,7715,2.34,0,0,NaN,0,0,22,19,36,31,25,13,30,31,18,23,31,45,10,15,17,34,17,18,31,18,37,13,53,41,54,34,92,55,55,38,101,93,32,51,66,92,34,101,65,120,169,147,129,113,126,295,299,326,186,240,365,374,394,485,677,897,1000,849,592,338,73,117,125,149,155,94,25,35,64,73,81,77,123,95,5,21,50,60,21,28,35,44,27,35,41
64,170,1,2,119,0,1953125,12,0,8012,2.39,0,0,NaN,0,0,33,43,25,7,30,32,34,6,28,15,35,17,24,21,17,20,47,44,12,20,53,43,46,29,65,60,38,21,23,95,35,73,48,122,20,102,95,157,35,53,44,56,177,180,89,174,323,388,226,157,231,409,433,447,700,994,1000,845,546,140,69,113,175,150,26,18,78,88,68,73,107,54,56,60,32,56,63,18,30,65,48,15,36,34,16
64,170,1,2,119,0,1953125,12,0,7982,2.39,0,0,NaN,0,0,30,36,49,25,3,46,36,29,12,40,28,24,15,31,38,29,29,18,52,40,34,43,76,39,44,51,67,19,28,70,118,14,91,63,135,7,129,124,186,150,99,112,153,35,249,305,353,305,197,343,383,424,395,435,642,927,1000,845,660,379,101,32,92,191,194,87,41,84,105,7,61,93,153,94,21,34,56,49,48,42,38,30,53,43,25
64,170,1,2,119,0,1953125,12,0,7721,2.34,0,0,NaN,0,0,28,42,45,26,3,51,48,16,7,47,49,3,11,35,51,23,24,38,34,25,32,75,56,23,41,100,48,45,22,109,98,25,50,66,102,31,81,66,146,157,122,139,152,27,238,298,374,314,207,337,395,457,416,455,683,971,1000,852,687,373,78,42,130,208,159,69,66,83,76,18,29,90,151,94,46,18,68,61,11,15,59,52,12,13,41
64,170,1,2,119,0,1953125,12,0,7893,2.37,0,0,NaN,0,0,25,25,55,19,20,17,37,24,7,14,21,34,15,22,15,35,20,28,23,35,9,38,62,40,10,63,61,35,30,70,61,62,81,61,60,91,103,103,103,3,72,95,96,172,39,217,308,418,303,173,317,420,471,493,681,948,1000,779,519,203,79,162,149,153,61,55,38,57,90,104,58,63,7,82,71,39,46,51,43,31,42,37,24,29,33
64,170,1,2,119,0,1953125,12,0,8053,2.4,0,0,NaN,0,0,25,15,45,29,17,19,24,27,18,11,14,33,12,12,11,22,14,20,35,16,22,20,23,52,47,16,50,72,20,30,66,127,25,77,60,132,39,142,94,117,134,145,130,106,149,319,317,332,177,231,358,391,400,414,604,872,1000,840,573,306,80,76,96,163,169,43,33,65,64,68,113,101,104,47,19,9,23,69,36,9,26,48,20,22,32
64,170,1,2,119,0,1953125,12,0,7791,2.36,0,0,NaN,0,0,51,31,20,45,50,27,8,32,50,25,13,11,49,41,32,22,34,33,32,53,57,23,35,60,64,7,40,28,108,55,64,38,108,123,11,42,108,214,139,107,141,133,26,80,197,375,336,294,281,361,530,474,345,405,697,915,1000,977,717,405,207,64,153,130,141,154,96,43,47,73,35,93,88,116,111,36,18,33,63,52,33,32,32,28,37
64,170,1,2,119,0,1953125,12,0,7746,2.35,0,0,NaN,0,0,40,36,33,16,20,30,41,13,7,35,40,4,5,40,45,18,19,36,31,7,40,60,27,2,50,44,46,45,51,51,66,92,57,73,65,96,71,112,15,91,103,91,170,123,125,254,377,426,229,229,332,466,416,386,644,971,1000,858,634,253,55,97,168,159,50,7,38,68,72,62,73,107,31,51,43,60,48,33,34,39,51,38,18,9,27
64,170,1,2,119,0,1953125,12,0,7938,2.38,0,0,NaN,0,0,33,13,30,36,27,24,18,24,31,23,11,29,20,14,23,57,32,11,16,54,39,18,50,63,40,4,43,38,84,13,64,43,128,30,45,71,154,66,89,39,55,136,126,116,82,238,368,364,307,167,371,422,376,431,695,912,999,857,511,233,30,155,152,114,94,44,91,27,17,96,120,51,53,32,74,38,14,31,34,54,44,31,20,43,30
64,170,1,2,119,0,1953125,12,0,7646,2.33,0,0,NaN,0,0,35,50,32,36,15,55,33,27,13,50,35,9,8,34,39,23,35,34,31,33,48,70,43,36,61,106,33,53,27,115,75,43,42,82,95,36,85,72,156,174,130,146,137,39,239,301,383,314,190,308,385,477,418,397,618,937,1000,894,740,392,84,72,163,189,102,48,89,101,41,47,33,86,121,85,50,46,46,65,42,41,22,39,32,19,23
64,170,1,2,119,0,1953125,12,0,8067,2.4,0,0,NaN,0,0,54,19,23,22,39,41,12,19,36,38,5,7,42,23,3,20,25,36,21,28,37,39,11,24,84,50,18,49,57,81,42,73,39,135,39,77,131,198,62,35,52,14,155,146,141,147,332,374,283,181,236,432,407,375,647,956,1000,859,458,101,48,131,165,95,29,59,130,50,64,100,96,28,74,44,67,76,22,24,60,55,16,34,30,34,47
64,170,1,2,119,0,1953125,12,0,159,1.05,0,0,NaN,0,0,412,397,331,339,372,345,287,239,268,244,179,143,179,168,97,142,202,218,189,257,332,330,316,367,450,462,442,451,543,556,507,521,519,608,552,534,487,638,516,397,506,509,617,500,249,656,466,292,449,276,568,769,236,277,643,999,58,590,832,368,395,528,501,563,338,422,451,435,366,388,380,353,352,292,290,280,246,197,188,164,137,122,100,67,57
64,170,1,2,119,0,1953125,12,0,7590,2.32,0,0,NaN,0,0,21,23,14,19,24,23,20,10,22,12,17,4,18,10,6,4,19,5,10,2,13,30,17,27,20,49,35,53,47,49,124,142,229,103,190,146,168,52,145,312,182,148,321,422,363,270,133,235,162,125,116,270,240,924,728,127,790,1000,865,487,180,196,259,121,85,38,44,9,55,46,13,13,33,38,3,35,19,13,8,16,10,9,2,10,6
64,170,1,2,119,0,1953125,12,0,7963,2.39,0,0,NaN,0,0,46,6,19,46,24,29,18,30,33,38,22,28,30,20,32,56,16,22,49,57,26,15,39,30,56,30,22,86,44,65,62,117,20,96,54,56,110,184,101,92,94,24,84,132,199,119,307,379,375,189,240,370,369,416,695,933,1000,812,421,146,77,191,139,56,8,120,118,42,65,116,31,77,82,100,72,46,16,32,63,27,25,48,50,18,34
64,170,1,2,119,0,1953125,12,0,7740,2.35,0,0,NaN,0,0,43,38,23,26,45,46,15,26,27,43,24,26,17,38,31,40,33,25,11,31,60,55,12,44,90,71,29,45,69,114,36,83,18,113,41,71,26,153,158,81,116,179,88,93,190,380,424,321,303,308,468,451,291,377,725,974,1000,949,693,340,147,58,169,150,110,121,86,59,12,30,56,134,107,96,71,38,44,23,31,48,45,14,11,49,54
64,170,1,2,119,0,1953125,12,0,7620,2.33,0,0,NaN,0,0,35,13,49,16,34,0,36,20,26,6,25,28,12,5,19,43,24,29,15,58,28,35,35,70,27,61,14,77,27,55,18,72,52,21,38,107,66,25,58,46,78,141,97,134,78,279,316,351,246,143,291,330,373,468,663,893,1000,831,565,280,44,176,136,122,61,71,32,19,81,116,66,54,36,40,70,38,39,32,52,39,30,25,34,28,16
64,170,1,2,119,0,1953125,12,0,7696,2.34,0,0,NaN,0,0,29,44,32,14,12,42,36,12,16,45,28,10,19,38,32,21,25,33,43,35,34,37,42,18,6,95,76,24,12,113,78,30,17,101,48,77,73,131,109,70,57,57,117,201,137,194,282,420,285,165,200,361,359,405,699,1000,977,786,497,112,117,127,141,88,56,34,60,98,93,45,48,17,93,97,67,51,48,55,33,27,35,32,21,29,33
64,170,1,2,119,0,1953125,12,0,7807,2.36,0,0,NaN,0,0,41,35,6,35,43,23,8,22,35,13,20,27,40,3,15,30,41,11,3,25,47,41,13,46,77,49,32,21,87,71,45,30,96,84,36,43,141,127,24,32,27,64,149,121,147,180,380,393,313,201,329,416,329,434,781,1000,997,854,499,183,25,139,169,83,42,39,88,63,44,86,101,8,52,35,64,62,47,25,22,60,53,20,16,49,38
64,170,1,2,119,0,1953125,12,0,8022,2.4,0,0,NaN,0,0,11,30,33,32,11,20,33,29,10,19,28,17,11,21,33,14,13,9,46,23,19,28,48,6,33,20,40,56,9,49,23,112,44,62,38,143,69,122,59,103,95,87,108,121,102,279,325,385,236,241,344,390,370,397,639,928,1000,775,514,239,57,67,101,185,132,9,38,73,48,95,90,100,58,27,28,11,50,54,12,23,41,28,25,28,20
64,170,1,2,119,0,1953125,12,0,7851,2.37,0,0,NaN,0,0,20,52,51,7,19,45,50,10,14,38,35,4,7,46,48,23,16,37,57,24,40,58,57,18,60,57,39,41,26,95,53,52,43,80,85,53,108,115,192,133,48,88,91,73,248,303,386,318,321,436,452,457,358,460,728,1000,992,819,666,393,140,38,93,217,181,82,58,104,90,24,46,91,142,78,31,49,67,37,19,44,57,18,18,29,38
64,170,1,2,119,0,1953125,12,0,7862,2.37,0,0,NaN,0,0,32,41,44,4,36,36,36,5,28,25,24,13,21,38,19,10,13,46,26,24,29,35,21,24,15,54,73,14,47,38,98,53,70,33,102,70,96,74,119,152,81,100,163,76,135,247,400,399,266,313,389,480,404,446,733,1000,967,810,587,245,45,55,168,194,87,49,42,75,51,48,82,123,58,21,12,31,54,33,20,6,42,49,23,9,30
64,170,1,2,119,0,1953125,12,0,7671,2.34,0,0,NaN,0,0,28,21,21,54,29,17,12,45,24,15,3,32,28,10,22,19,25,21,48,39,23,22,36,30,60,65,61,74,44,81,53,99,44,74,44,107,20,87,78,59,162,198,107,106,127,349,360,345,268,245,405,404,407,563,780,928,1000,863,558,299,73,138,161,134,145,94,33,13,35,80,104,79,92,79,15,47,31,46,28,33,20,18,26,39,27
64,170,1,2,119,0,1953125,12,0,7671,2.34,0,0,NaN,0,0,42,12,17,50,52,9,14,43,42,9,3,37,35,9,13,21,29,18,35,15,46,21,35,52,79,38,61,41,86,30,60,31,92,17,31,59,131,75,47,88,15,136,146,162,129,222,357,367,316,135,301,369,404,558,790,955,1000,790,444,175,67,191,133,89,62,55,83,51,67,94,66,18,30,75,106,40,2,47,75,33,17,39,41,17,32
64,170,1,2,119,0,1953125,12,0,7746,2.35,0,0,NaN,0,0,25,19,30,40,38,12,29,30,32,5,8,32,39,16,9,30,30,13,30,29,28,19,41,52,63,37,71,28,86,44,80,9,110,45,60,44,156,100,67,53,26,96,125,158,129,207,367,404,360,170,319,367,364,507,782,969,1000,757,398,133,80,163,119,97,74,49,98,57,62,87,71,20,29,83,101,33,14,53,59,38,31,32,20,45,44
64,170,1,2,119,0,1953125,12,0,7765,2.35,0,0,NaN,0,0,37,18,36,30,29,15,16,34,30,6,7,39,17,12,25,51,19,14,24,56,29,14,49,66,22,40,19,69,55,42,34,75,88,21,24,110,131,50,73,14,80,153,127,165,93,291,382,408,320,199,368,391,398,529,763,951,1000,773,458,202,49,162,137,134,96,40,67,33,59,106,87,55,39,49,77,27,16,48,45,36,43,53,22,33,44
64,170,1,2,119,0,1953125,12,0,7671,2.34,0,0,NaN,0,0,39,12,29,23,39,29,7,24,38,23,5,23,26,17,19,50,36,10,15,72,56,11,10,80,51,48,30,83,69,47,48,77,85,48,61,97,121,19,59,50,92,208,167,136,113,301,408,366,296,178,352,399,385,549,812,966,1000,846,499,211,11,180,170,97,87,67,61,47,40,92,103,44,45,6,65,62,14,15,44,46,19,21,34,22,24
64,170,1,2,119,0,1953125,12,0,7645,2.33,0,0,NaN,0,0,35,28,4,54,40,26,12,45,21,29,16,27,28,32,30,11,45,44,47,9,68,43,29,33,107,60,59,19,112,54,57,11,104,40,54,45,142,115,30,79,33,136,183,144,142,206,388,384,317,159,291,392,387,544,830,993,1000,823,439,125,75,208,165,73,53,46,94,90,62,83,71,18,32,45,104,72,3,26,75,59,11,17,39,31,25
64,170,1,2,119,0,1953125,12,0,7651,2.33,0,0,NaN,0,0,41,12,15,43,48,9,5,42,45,10,7,29,35,26,32,23,30,29,50,24,38,20,30,38,87,47,56,41,95,44,53,42,87,29,28,46,124,98,51,115,50,134,173,174,148,189,355,370,332,148,271,353,389,580,831,976,1000,794,425,143,82,203,153,94,56,59,103,61,59,90,72,13,39,85,111,34,19,64,80,19,25,42,38,24,49
64,170,1,2,119,0,1953125,12,0,7651,2.33,0,0,NaN,0,0,47,21,20,18,51,30,14,21,44,24,12,20,35,30,17,21,27,39,28,31,36,48,14,11,81,84,32,23,89,95,24,27,78,85,23,35,99,142,67,65,73,68,175,147,146,133,333,381,308,199,224,388,408,539,824,1000,978,818,451,97,78,201,180,71,27,32,90,110,60,62,60,41,46,50,94,77,25,34,66,57,27,27,32,31,38
64,170,1,2,119,0,1953125,12,0,7837,2.36,0,0,NaN,0,0,44,6,18,34,51,13,2,38,40,11,3,26,36,27,26,14,35,30,37,28,32,19,14,43,66,46,44,55,67,73,66,59,77,95,52,36,144,171,84,66,34,57,120,141,166,127,349,414,391,217,291,372,335,494,826,1000,988,748,360,97,64,177,169,104,61,57,114,52,38,94,69,32,56,81,83,47,31,40,49,46,18,11,34,35,18
64,170,1,2,119,0,1953125,12,0,7626,2.33,0,0,NaN,0,0,33,23,24,48,38,18,22,38,30,16,17,19,32,31,41,23,29,33,58,47,21,21,53,43,48,64,48,69,39,88,42,92,47,83,43,109,64,38,62,41,140,197,106,108,112,327,356,324,259,202,384,432,457,605,804,931,999,861,549,278,28,190,192,128,112,90,49,15,28,100,111,58,65,55,22,46,25,42,29,35,27,31,25,22,22
64,170,1,2,119,0,1953125,12,0,7837,2.36,0,0,NaN,0,0,46,18,25,13,52,28,6,21,44,24,6,21,32,29,24,26,27,31,31,40,29,20,5,34,61,55,25,54,56,91,51,74,47,107,34,52,117,194,92,80,15,62,127,144,180,133,353,440,398,239,278,411,371,489,822,1000,971,741,343,77,85,191,188,90,36,61,128,72,38,86,67,41,69,76,81,54,35,31,53,50,13,22,46,40,21
64,170,1,2,119,0,1953125,12,0,7701,2.34,0,0,NaN,0,0,21,26,36,39,14,31,30,33,13,27,12,30,24,27,25,16,3,14,46,35,34,30,38,29,39,22,81,72,40,45,86,110,12,45,86,137,38,95,36,93,135,122,140,133,145,321,354,407,255,277,367,393,427,536,736,958,1000,762,512,214,67,158,140,172,140,42,20,34,95,83,56,79,103,25,49,36,64,32,30,28,29,28,43,36,20
64,170,1,2,119,0,1953125,12,0,7721,2.34,0,0,NaN,0,0,27,54,17,18,36,46,9,13,22,31,17,8,29,24,10,13,44,34,9,8,51,58,17,15,84,68,25,19,88,82,31,42,72,68,64,87,108,136,32,49,74,111,216,160,156,216,393,429,294,225,276,418,407,499,792,999,939,771,455,98,97,159,199,126,30,19,67,108,72,51,83,45,40,52,61,67,38,39,41,52,44,25,12,26,39
64,170,1,2,119,0,1953125,12,0,7740,2.35,0,0,NaN,0,0,39,37,15,25,34,28,29,14,26,26,34,24,24,20,25,24,25,24,11,7,51,62,15,27,70,49,28,9,84,64,44,43,74,62,72,78,115,122,0,65,66,142,224,151,155,221,408,415,303,239,302,411,382,505,813,1000,927,762,451,115,57,139,204,138,52,16,82,98,48,50,106,63,41,55,66,59,38,37,34,39,57,45,24,15,47
64,170,1,2,119,0,1953125,12,0,7796,2.36,0,0,NaN,0,0,46,4,43,28,29,15,10,36,29,13,14,36,10,20,28,44,17,2,19,45,50,25,50,53,47,31,36,64,91,41,66,71,117,6,42,111,153,53,78,15,78,182,170,206,141,305,418,429,355,246,406,400,377,569,842,994,1000,746,403,164,48,164,161,150,123,21,90,49,55,95,101,53,53,39,86,38,10,42,51,33,27,38,21,29,37
64,170,1,2,119,0,1953125,12,0,7987,2.39,0,0,NaN,0,0,29,12,31,23,45,24,23,27,40,12,8,28,28,13,30,49,8,19,42,59,22,10,56,45,27,18,24,54,63,25,41,91,115,20,52,119,143,57,108,57,118,160,135,169,114,304,407,421,367,293,441,410,351,552,853,1000,983,699,346,138,60,119,178,176,157,11,91,39,25,99,122,58,46,25,51,34,21,37,24,57,41,29,22,35,16
64,170,1,2,119,0,1953125,12,0,7771,2.35,0,0,NaN,0,0,14,33,24,59,23,19,16,45,30,6,24,21,23,28,43,42,3,8,30,55,42,21,54,59,52,33,71,28,92,47,105,48,90,73,80,58,102,158,96,133,162,120,112,121,249,401,358,392,323,447,523,450,445,632,837,973,1000,774,482,266,96,90,114,138,202,146,23,9,58,65,76,74,99,110,50,17,29,50,59,45,34,17,37,48,34
64,170,1,2,119,0,1953125,12,0,7620,2.33,0,0,NaN,0,0,65,23,29,10,50,25,22,6,41,26,16,18,31,21,30,52,41,21,32,59,56,26,19,75,59,40,45,59,71,39,65,31,69,66,71,35,83,79,7,103,112,242,233,155,197,303,442,378,301,236,352,465,472,617,877,1000,950,795,463,147,52,158,186,110,64,65,53,98,69,77,85,59,14,37,43,95,50,15,26,78,57,14,16,47,34
64,170,1,2,119,0,1953125,12,0,7670,2.34,0,0,NaN,0,0,40,24,35,17,54,42,22,21,50,27,11,19,47,23,15,32,29,17,34,51,15,25,17,38,70,59,51,42,84,67,47,29,96,72,29,11,128,124,51,94,59,110,190,196,206,184,380,410,379,214,299,417,449,634,891,1000,966,707,314,66,111,193,142,72,46,56,135,87,51,67,71,22,61,103,117,22,42,70,70,12,50,51,24,39,62
64,170,1,2,119,0,1953125,12,0,7665,2.33,0,0,NaN,0,0,24,24,8,59,36,14,12,50,24,16,14,40,24,7,18,17,40,32,46,12,59,25,38,52,93,48,63,45,108,39,59,46,104,12,36,65,133,74,48,99,34,191,202,228,171,260,403,423,375,202,350,427,487,672,880,999,1000,728,374,127,116,210,137,94,66,58,103,70,85,78,46,14,18,75,104,48,11,44,67,37,19,33,33,29,41
64,170,1,2,119,0,1953125,12,0,7770,2.35,0,0,NaN,0,0,33,14,23,51,42,3,16,40,39,5,4,42,40,11,6,40,23,5,31,27,37,28,54,43,72,48,87,20,98,52,87,12,129,54,74,58,180,111,82,61,18,143,172,219,178,241,405,452,418,261,406,453,474,642,870,1000,987,690,335,100,119,209,154,120,65,73,122,64,68,83,57,20,27,85,91,30,17,50,62,46,31,23,32,48,37
64,170,1,2,119,0,1953125,12,0,7715,2.34,0,0,NaN,0,0,36,23,14,39,37,22,11,21,40,27,7,20,28,22,14,31,32,9,10,51,46,11,15,79,55,41,31,77,76,44,57,75,97,36,71,78,124,41,53,83,105,251,216,201,194,333,441,383,338,276,442,490,478,662,910,1000,976,772,420,177,50,189,206,131,110,19,104,76,39,66,102,47,56,25,82,59,4,12,49,36,37,43,49,9,38
64,170,1,2,119,0,1953125,12,0,7620,2.33,0,0,NaN,0,0,38,3,43,26,43,9,41,11,40,14,23,16,35,16,11,34,39,25,5,58,49,25,16,89,61,56,19,89,70,49,30,84,87,19,15,88,113,42,63,76,94,218,187,226,150,298,376,393,338,240,401,457,522,679,853,980,1000,737,421,176,154,239,145,105,83,45,77,70,115,93,22,11,26,28,83,66,46,18,60,60,33,19,39,34,13
64,170,1,2,119,0,1953125,12,0,7685,2.34,0,0,NaN,0,0,11,33,29,32,28,25,27,34,25,24,16,31,14,9,32,32,12,13,60,30,36,14,65,12,47,52,90,15,64,65,92,28,80,55,64,65,113,66,91,105,34,135,158,266,187,228,321,432,380,224,302,378,495,640,825,1000,957,646,357,83,214,212,132,104,61,88,77,88,102,62,16,16,72,104,61,26,42,62,47,26,28,33,48,47,36
64,170,1,2,119,0,1953125,12,0,164,1.05,0,0,NaN,0,0,358,341,327,306,313,302,257,240,245,206,168,143,145,134,119,138,157,183,191,222,266,291,330,344,365,398,402,428,448,477,477,447,527,487,494,490,488,403,485,474,533,427,492,546,325,619,294,454,467,324,463,86,666,745,313,756,1000,397,550,450,495,450,280,501,410,416,322,334,444,407,297,293,349,324,268,194,230,254,202,119,103,146,127,57,22
64,170,1,2,119,0,1953125,12,0,7679,2.34,0,0,NaN,0,0,22,21,13,18,16,22,15,16,13,13,10,9,10,10,8,5,15,7,13,11,8,14,15,25,4,42,11,50,33,25,135,150,236,123,218,153,215,8,126,285,217,115,247,394,340,303,220,229,105,142,254,344,256,1000,802,66,573,928,797,485,137,182,221,123,70,67,37,30,40,64,12,21,18,39,12,28,30,12,14,11,8,12,6,15,10
64,170,1,2,119,0,1953125,12,0,164,1.05,0,0,NaN,0,0,391,364,313,305,336,326,260,223,256,241,157,127,168,158,87,141,183,197,170,227,326,316,282,341,414,431,387,421,496,508,457,477,474,574,495,485,495,625,493,436,366,522,413,444,500,212,573,554,326,499,363,720,463,230,935,1000,345,693,495,435,349,348,516,395,444,364,445,433,349,340,372,340,310,287,262,282,237,207,176,170,166,116,83,75,55
64,170,2,2,119,0,1953125,12,0,6817,2.19,0,0,NaN,0,0,24,21,15,20,13,23,15,20,11,15,7,11,5,6,9,8,14,9,15,15,11,9,17,25,13,35,6,51,26,16,134,157,233,128,215,150,205,19,147,272,212,117,246,385,332,283,245,240,58,130,247,333,275,1000,815,77,562,932,794,482,138,173,197,111,55,58,38,34,32,67,16,25,12,37,18,23,30,11,16,12,9,12,10,14,9
64,170,2,2,119,0,1953125,12,0,6806,2.19,0,0,NaN,0,0,25,36,13,31,21,27,12,6,33,25,6,6,28,4,10,22,26,13,9,31,16,43,27,66,24,42,14,60,18,52,24,63,39,83,25,63,61,111,49,81,23,44,99,140,129,89,142,291,362,313,81,312,607,861,937,1000,838,584,271,109,266,330,240,29,87,169,105,46,48,91,34,92,76,80,26,52,33,37,10,49,25,39,40,48,24
64,170,2,2,119,0,1953125,12,0,91,1.04,0,0,NaN,0,0,330,330,302,282,291,288,239,219,216,188,166,126,123,126,111,123,149,158,183,212,237,271,299,292,344,373,391,400,409,456,453,408,429,475,450,438,423,421,504,405,500,391,346,454,628,167,348,373,652,145,328,508,628,278,1000,627,972,680,298,286,616,431,231,388,553,297,307,364,413,313,290,281,307,295,241,205,219,216,174,109,99,136,111,35,32
64,170,2,2,119,0,1953125,12,0,91,1.04,0,0,NaN,0,0,63,26,57,20,69,12,56,11,55,7,38,16,33,20,8,36,6,43,21,60,19,73,22,75,31,66,50,32,120,63,196,179,323,261,353,317,368,335,309,410,289,306,212,337,178,154,176,198,271,346,482,614,642,980,841,705,744,1000,807,686,415,473,348,332,209,219,128,167,93,150,71,129,56,105,38,81,29,72,22,61,24,47,18,37,22
64,170,2,2,119,0,1953125,12,0,66,1.03,0,0,NaN,0,0,30,71,20,70,20,66,14,56,8,47,4,35,18,27,36,22,53,20,75,17,80,11,86,9,71,34,67,78,104,132,210,240,333,309,401,330,430,292,420,322,396,204,303,284,240,72,177,265,288,346,564,593,765,963,983,657,892,1000,955,652,518,479,419,339,257,245,157,179,138,145,108,123,105,109,73,82,70,73,56,59,57,45,48,41,38
64,170,2,2,119,0,1953125,12,0,66,1.03,0,0,NaN,0,0,70,18,63,20,69,15,52,19,52,17,35,30,25,34,14,46,10,54,35,67,32,72,38,70,48,57,72,23,137,84,215,195,341,271,369,318,382,327,314,392,294,285,195,321,165,158,191,177,268,332,496,584,648,954,840,669,753,1000,814,678,424,493,347,356,206,252,126,195,92,165,66,143,57,123,38,97,38,87,31,74,34,55,29,44,28
64,170,2,2,119,0,1953125,12,0,41,1.03,0,0,NaN,0,0,61,42,52,46,56,41,39,45,33,42,16,45,7,48,28,54,40,56,57,58,60,61,66,48,74,32,97,10,166,84,244,199,369,269,397,310,401,301,324,369,299,258,190,316,159,135,208,177,282,328,514,560,656,947,852,657,769,1000,821,663,423,495,349,361,210,266,133,209,100,177,73,153,69,135,47,109,49,98,39,85,45,67,37,52,36
64,170,2,2,119,0,1953125,12,0,41,1.03,0,0,NaN,0,0,76,15,66,15,71,12,54,19,53,21,34,34,28,39,25,59,20,66,34,78,27,80,35,73,53,62,81,51,145,127,212,234,335,309,356,346,359,346,286,394,255,278,182,314,156,151,190,183,268,346,487,579,639,969,832,674,748,1000,802,672,419,492,345,359,215,259,136,205,100,168,73,153,70,132,48,112,51,97,42,84,45,69,38,53,33
64,170,2,2,119,0,1953125,12,0,41,1.03,0,0,NaN,0,0,19,79,13,66,13,68,10,51,18,47,24,28,42,25,52,31,68,24,78,38,82,28,80,39,63,71,54,113,77,192,186,297,288,374,355,385,364,340,390,323,353,190,323,230,264,43,104,311,230,415,486,643,718,1000,922,686,904,988,929,627,547,414,466,272,330,165,228,115,202,77,158,81,152,58,120,59,110,48,90,54,74,47,64,46,38
64,170,2,2,119,0,1953125,12,0,41,1.03,0,0,NaN,0,0,73,19,68,26,68,20,52,29,45,31,24,41,18,49,27,61,31,65,47,72,46,68,52,62,66,41,96,19,161,95,239,208,362,281,393,321,401,319,330,382,295,270,203,332,164,128,198,196,291,330,533,577,694,966,901,680,796,1000,843,664,446,498,357,361,216,264,130,203,101,164,76,143,77,129,55,106,58,91,46,77,50,57,43,54,39
64,170,2,2,119,0,1953125,12,0,41,1.03,0,0,NaN,0,0,68,34,63,35,61,33,48,36,37,38,19,43,11,46,26,57,37,58,56,63,58,59,65,49,68,25,99,12,161,83,251,198,376,268,414,308,422,299,362,368,327,265,240,344,182,120,187,215,295,319,542,567,719,950,920,669,843,1000,883,651,475,499,389,356,236,264,140,197,121,157,91,133,96,122,67,98,73,85,60,73,62,56,49,51,39
64,170,2,2,119,0,1953125,12,0,66,1.03,0,0,NaN,0,0,67,30,66,22,71,21,57,8,57,7,40,18,36,25,20,51,15,60,23,78,9,80,16,83,36,64,64,41,129,106,203,219,331,298,359,345,372,353,313,414,279,303,213,347,171,146,184,195,286,344,516,604,675,974,864,693,766,1000,811,672,427,497,343,353,201,248,112,191,84,158,60,140,59,120,38,95,38,80,36,70,42,52,35,41,30
64,170,1,2,119,0,1953125,12,0,66,1.03,0,0,NaN,0,0,70,19,63,19,71,12,55,17,52,15,32,28,24,34,16,51,13,56,35,69,30,73,35,71,43,55,69,20,138,83,215,195,336,271,365,323,379,331,316,397,281,291,205,332,163,129,189,207,290,349,519,605,678,979,866,701,763,1000,806,669,412,488,340,345,198,238,117,182,80,156,60,136,55,119,36,95,36,83,27,71,35,53,25,43,29
64,170,1,2,119,0,1953125,12,0,66,1.03,0,0,NaN,0,0,71,29,62,17,68,22,56,5,56,9,39,16,38,26,25,47,13,57,19,73,1,82,8,82,30,74,51,57,115,131,172,247,297,326,315,376,328,377,280,421,258,303,232,326,201,135,158,218,241,388,475,640,629,997,828,705,749,1000,802,684,442,473,374,330,245,213,165,163,121,137,93,128,81,104,61,87,56,79,44,67,37,54,29,41,22
64,170,1,2,119,0,1953125,12,0,41,1.03,0,0,NaN,0,0,66,35,56,38,60,30,44,35,36,36,20,42,7,47,26,55,34,63,48,63,47,65,46,53,64,37,89,15,157,91,226,204,348,273,367,317,367,314,290,372,251,266,186,311,147,97,216,243,319,362,537,625,686,967,873,715,776,1000,812,685,429,492,345,349,209,241,133,185,87,153,66,137,61,124,47,99,46,94,39,76,42,67,33,48,35
64,170,1,2,119,0,1953125,12,0,41,1.03,0,0,NaN,0,0,66,35,56,38,60,30,44,35,36,36,20,42,7,47,26,55,34,63,48,63,47,65,46,53,64,37,89,15,157,91,226,204,348,273,367,317,367,314,290,372,251,266,186,311,147,97,216,243,319,362,537,625,686,967,873,715,776,1000,812,685,429,492,345,349,209,241,133,185,87,153,66,137,61,124,47,99,46,94,39,76,42,67,33,48,35
64,170,1,2,119,0,1953125,12,0,66,1.03,0,0,NaN,0,0,68,19,65,15,68,13,57,7,52,8,35,22,26,29,14,50,12,56,28,70,20,73,29,69,39,52,68,22,135,81,215,190,333,265,369,311,375,319,324,389,282,280,214,337,154,115,195,229,314,344,544,599,720,951,890,696,818,1000,846,681,458,501,361,357,209,247,115,185,89,148,70,130,71,112,53,90,53,75,46,65,49,47,40,38,30
64,170,1,2,119,0,1953125,12,0,0,0.97,0,0,NaN,0,0,175,126,175,146,190,152,179,157,192,162,183,153,181,160,182,141,164,143,171,135,151,112,171,131,157,118,181,176,147,217,144,387,221,436,261,505,188,481,270,646,260,503,471,690,454,394,439,422,571,195,618,494,807,866,1000,533,924,891,927,466,449,350,336,265,204,301,107,279,48,277,66,254,74,236,97,226,115,200,118,199,137,173,133,156,141
64,170,1,2,119,0,1953125,12,0,66,1.03,0,0,NaN,0,0,64,22,59,21,62,14,50,22,49,18,27,25,20,31,10,45,13,49,35,60,30,65,37,64,44,46,69,13,134,70,208,182,330,257,357,303,368,310,300,369,261,270,201,319,145,103,202,236,306,343,527,609,689,941,847,693,801,1000,812,675,440,505,352,353,203,241,119,178,77,150,57,133,53,118,38,98,39,86,32,71,31,52,27,41,24
64,170,1,2,119,0,1953125,12,0,41,1.03,0,0,NaN,0,0,70,22,60,26,65,18,49,24,45,27,29,35,18,45,25,56,21,64,37,71,28,72,29,64,52,53,80,39,143,117,202,227,319,304,333,348,339,347,262,380,231,270,208,298,169,84,200,249,295,369,492,627,651,965,823,723,795,1000,800,688,456,498,373,345,245,226,163,169,116,140,88,126,81,111,68,94,62,82,51,71,45,59,37,46,31
64,170,1,2,119,0,1953125,12,0,0,0.97,0,0,NaN,0,0,167,140,177,160,181,159,175,171,190,172,175,167,182,172,172,149,164,156,163,141,144,132,161,143,143,133,170,196,134,222,127,405,211,448,257,523,191,483,259,654,248,509,467,736,436,414,418,451,539,190,621,471,805,825,1000,488,990,880,971,437,504,275,381,185,265,248,179,236,125,264,91,251,89,241,103,226,100,217,102,216,94,195,98,182,103
64,170,2,2,119,0,1953125,12,0,0,0.97,0,0,NaN,0,0,79,39,66,34,68,35,60,33,51,27,48,30,43,24,57,24,56,15,76,22,90,38,114,62,125,97,142,154,120,194,113,338,230,402,282,450,272,372,382,473,401,315,577,553,542,222,341,463,398,337,375,635,567,958,720,629,793,1000,746,593,337,311,268,167,240,89,209,79,161,111,122,111,96,110,69,97,39,98,34,90,38,82,41,62,46
64,170,2,2,119,0,1953125,12,0,0,0.97,0,0,NaN,0,0,132,143,139,152,150,151,147,160,157,161,152,158,152,161,139,151,134,146,127,140,117,143,108,144,109,159,121,173,156,155,235,218,351,279,396,299,405,212,510,290,505,156,647,405,592,117,388,455,425,376,388,629,499,947,670,630,677,1000,707,593,268,411,166,311,45,274,38,256,83,220,112,205,116,195,122,183,128,171,136,161,133,147,133,134,128
64,170,2,2,119,0,1953125,12,0,46,1.03,0,0,NaN,0,0,26,68,14,61,26,60,17,40,35,36,27,12,46,10,43,33,57,36,54,58,56,51,44,60,36,73,12,104,51,185,122,289,232,369,268,387,279,369,269,356,243,243,269,254,201,59,164,289,261,400,450,627,627,935,766,683,792,1000,795,681,461,480,359,336,241,228,145,174,108,142,71,138,67,116,51,105,45,89,40,77,35,63,34,48,27
64,170,2,2,119,0,1953125,12,0,46,1.03,0,0,NaN,0,0,62,39,57,41,55,36,42,38,33,36,14,42,8,44,26,51,39,52,58,53,57,47,64,40,67,18,93,28,153,79,242,192,365,257,395,289,412,272,339,324,308,229,223,313,152,85,209,284,323,359,565,571,738,910,896,646,878,1000,893,653,515,496,393,336,246,247,144,178,125,143,97,122,100,109,75,92,77,76,63,68,60,48,49,45,35
64,170,2,2,119,0,1953125,12,0,46,1.03,0,0,NaN,0,0,70,23,62,11,67,18,50,5,52,8,36,24,33,34,30,56,22,66,30,76,6,75,9,71,39,63,62,64,123,145,175,251,295,328,304,361,318,356,247,371,223,264,210,281,161,86,187,254,276,385,475,609,635,945,788,690,776,1000,793,683,451,491,356,337,233,232,150,176,111,147,80,136,75,114,57,101,57,85,42,75,42,62,31,48,29
64,170,1,2,119,0,1953125,12,0,46,1.03,0,0,NaN,0,0,72,22,63,12,67,18,50,7,51,11,35,24,33,33,31,57,23,65,28,76,7,76,9,70,40,65,67,66,128,147,176,252,297,328,302,356,319,351,238,364,218,256,198,271,146,85,200,260,280,400,492,618,644,959,797,691,772,1000,788,678,443,489,351,334,226,230,146,177,109,150,82,141,76,118,58,103,56,87,42,78,43,62,35,49,31
64,170,1,2,119,0,1953125,12,0,46,1.03,0,0,NaN,0,0,59,45,54,49,53,46,38,46,28,43,12,47,10,48,34,53,48,49,66,49,65,41,72,31,73,14,102,42,161,92,251,202,375,268,410,293,431,268,357,306,329,201,216,281,152,53,225,287,322,380,600,595,780,959,949,650,886,1000,913,645,532,493,412,324,264,245,165,176,156,145,122,121,122,109,91,88,90,74,72,64,66,47,57,44,38
64,170,1,2,119,0,1953125,12,0,21,1.02,0,0,NaN,0,0,76,18,62,22,64,23,49,31,45,36,35,46,27,55,38,67,27,74,42,78,30,74,37,62,67,65,97,74,157,151,202,256,319,328,319,354,329,340,222,347,205,239,163,249,123,86,216,263,283,404,508,621,651,966,815,697,761,1000,781,673,431,491,347,337,229,238,158,187,120,158,95,143,90,126,73,109,72,96,56,84,52,70,47,58,43
64,170,1,2,119,0,1953125,12,0,21,1.02,0,0,NaN,0,0,76,10,65,11,67,13,51,23,51,26,40,45,36,50,39,70,30,73,39,79,25,75,35,67,65,65,98,73,156,150,208,250,324,324,332,346,342,333,236,344,215,236,143,251,102,85,225,252,298,384,530,607,681,953,842,696,782,1000,802,676,445,502,341,350,215,256,134,206,107,170,78,156,78,136,58,118,61,101,51,90,50,70,46,60,41
64,170,1,2,119,0,1953125,12,0,21,1.02,0,0,NaN,0,0,73,25,61,13,65,16,53,9,55,14,45,34,44,43,44,66,35,72,36,82,10,78,16,76,46,84,73,104,131,181,174,281,288,357,299,379,309,360,226,346,204,234,173,231,131,84,199,274,272,411,498,635,658,970,810,699,764,1000,794,682,444,490,349,341,233,238,155,191,118,157,87,148,86,127,69,113,66,97,54,87,50,71,46,60,41
64,170,1,2,119,0,1953125,12,0,0,0.97,0,0,NaN,0,0,119,159,125,172,139,171,138,174,149,177,141,171,142,174,134,165,124,162,119,158,92,162,75,175,53,187,31,221,68,228,143,336,244,400,303,438,308,362,458,410,449,258,621,437,570,154,424,359,466,309,498,621,646,991,844,644,759,1000,817,567,339,385,223,292,82,284,7,263,59,236,90,222,106,205,114,198,124,178,133,169,130,159,132,140,128
64,170,1,2,119,0,1953125,12,0,0,0.97,0,0,NaN,0,0,76,37,65,33,65,36,55,31,48,25,47,30,39,21,52,23,55,11,70,20,86,34,109,60,123,91,135,147,118,193,116,335,231,400,283,447,279,379,370,464,376,308,537,506,491,212,314,427,343,342,403,682,629,1000,781,680,784,995,756,604,303,282,244,152,221,85,202,78,151,109,120,113,90,104,63,95,37,91,33,86,36,78,39,61,45
64,170,1,2,119,0,1953125,12,0,0,0.97,0,0,NaN,0,0,76,33,68,26,65,27,61,20,53,11,50,17,44,16,53,15,55,16,68,9,90,17,113,30,137,60,159,112,154,162,153,308,250,380,293,444,271,394,334,501,329,353,504,543,468,254,328,398,384,300,436,638,637,978,791,681,755,1000,748,618,276,319,207,194,203,108,200,69,165,76,144,79,118,85,90,78,66,85,50,83,46,80,39,65,43
64,170,1,2,119,0,1953125,12,0,0,0.97,0,0,NaN,0,0,75,36,67,28,64,32,63,19,51,16,50,17,42,15,52,14,54,12,69,4,89,16,114,29,132,61,155,114,148,165,143,311,245,384,284,443,267,392,328,489,327,344,500,534,465,247,314,380,346,295,426,635,607,978,780,650,732,999,756,626,284,320,207,188,198,91,192,62,158,74,136,80,111,83,84,79,59,87,44,84,41,76,36,61,41
64,170,1,2,119,0,1953125,12,0,16,1.02,0,0,NaN,0,0,25,71,20,56,31,53,33,35,45,32,46,26,55,22,59,43,67,43,68,60,56,58,51,70,17,102,30,139,70,213,146,307,258,388,295,397,311,355,283,307,264,193,246,178,185,49,138,328,256,468,493,689,677,973,815,703,831,1000,858,692,516,455,408,317,295,202,197,160,166,126,123,129,115,105,95,99,87,87,73,82,61,71,55,57,40
64,170,1,2,119,0,1953125,12,0,21,1.02,0,0,NaN,0,0,72,18,60,27,63,25,44,37,42,40,30,51,25,56,36,67,35,68,48,70,44,61,55,48,82,35,116,49,178,119,240,225,363,298,379,326,386,307,278,326,256,221,137,260,89,65,228,241,340,404,589,617,732,944,882,668,823,1000,870,694,494,493,365,357,234,261,141,205,121,164,94,149,93,128,73,112,73,96,65,85,64,70,56,61,46
64,170,1,2,119,0,1953125,12,0,21,1.02,0,0,NaN,0,0,74,18,63,9,66,12,53,16,53,21,42,37,39,46,40,64,30,73,36,79,15,75,23,67,60,75,91,93,150,170,191,270,311,345,315,368,323,341,215,328,193,213,137,207,92,71,229,286,341,457,550,666,698,971,818,695,775,1000,804,691,429,468,326,333,215,237,130,191,103,162,77,152,75,131,62,120,61,101,50,88,47,70,44,59,40
64,170,1,2,119,0,1953125,12,0,0,1.02,0,0,NaN,0,0,70,25,61,33,56,37,49,45,41,51,42,58,34,67,43,72,40,79,47,75,48,68,56,59,98,72,130,100,187,168,225,266,336,335,336,356,334,322,209,310,186,194,94,186,65,59,253,287,361,469,574,674,727,997,853,705,786,1000,811,696,436,475,322,340,217,252,138,203,114,175,87,164,91,147,73,131,80,113,60,101,60,80,54,71,52
64,170,2,2,119,0,1953125,12,0,0,1.02,0,0,NaN,0,0,67,33,59,19,65,15,61,7,63,15,61,37,56,45,58,63,45,74,46,80,15,87,18,90,47,124,74,159,122,226,159,314,270,384,279,390,281,340,190,282,172,182,128,115,74,117,206,331,325,517,531,699,691,1000,811,690,763,961,773,664,424,436,330,312,234,225,162,192,139,164,110,159,109,137,91,126,87,107,72,97,64,78,56,70,53
64,170,2,2,119,0,1953125,12,0,0,1.02,0,0,NaN,0,0,74,25,63,9,67,7,63,15,64,22,61,42,52,50,53,67,41,79,41,83,19,90,29,90,64,120,93,148,142,218,174,307,285,377,287,385,286,327,167,281,162,185,87,114,34,140,247,334,355,529,559,704,700,1000,817,685,751,952,754,654,401,433,301,314,210,233,141,205,127,176,100,173,99,145,79,135,79,113,65,102,64,83,56,72,49
64,170,2,2,119,0,1953125,12,0,0,1.02,0,0,NaN,0,0,71,33,61,17,70,13,64,14,65,15,64,40,58,45,59,63,46,77,47,84,19,93,27,97,52,132,80,163,127,233,163,310,265,377,270,379,270,327,167,263,160,194,61,81,13,184,242,359,358,554,547,702,698,1000,804,669,730,914,730,625,391,407,304,298,216,222,154,200,142,177,113,168,113,143,93,130,89,110,71,98,63,82,59,71,52
64,170,1,2,119,0,1953125,12,0,0,1.02,0,0,NaN,0,0,72,27,63,13,69,10,63,13,64,15,62,37,56,47,58,66,43,76,45,86,21,95,30,101,56,133,83,162,129,228,165,307,261,369,265,371,264,316,152,256,155,193,42,85,36,217,258,359,372,575,554,688,691,1000,791,662,723,907,710,611,391,412,296,299,213,231,153,209,146,186,122,178,116,150,96,136,91,114,74,101,68,85,62,74,55
64,170,1,2,119,0,1953125,12,0,0,1.02,0,0,NaN,0,0,70,27,63,10,69,7,65,15,66,20,63,40,54,49,56,65,41,79,42,85,22,95,31,96,64,132,90,158,136,226,169,307,270,369,272,372,265,307,146,254,145,177,50,85,27,203,274,367,386,573,566,704,704,1000,791,666,739,920,714,615,379,403,281,296,202,226,139,208,135,184,111,179,109,148,89,136,84,115,69,103,64,84,59,73,51
64,170,1,2,119,0,1953125,12,0,0,1.02,0,0,NaN,0,0,78,26,65,10,75,6,67,16,68,19,64,42,56,50,56,68,42,81,46,89,22,97,35,105,64,135,92,164,141,232,177,313,275,374,273,373,267,313,147,260,148,193,40,102,42,223,267,354,377,568,542,673,701,1000,771,643,723,926,711,615,369,409,280,299,198,234,139,215,139,191,111,183,111,154,87,137,86,116,67,103,64,84,58,72,52
64,170,1,2,119,0,1953125,12,0,0,1.02,0,0,NaN,0,0,73,28,64,10,72,8,65,14,67,20,63,39,51,47,54,65,38,77,41,85,20,94,32,99,64,131,89,159,134,230,172,315,270,371,268,370,253,299,146,257,134,167,59,89,17,201,275,360,376,567,550,681,702,1000,774,653,748,939,715,614,365,398,271,289,191,221,131,205,131,184,107,177,105,149,87,136,85,115,68,105,61,82,58,72,50
64,170,1,2,119,0,1953125,12,0,21,1.02,0,0,NaN,0,0,39,70,30,52,48,54,39,33,54,31,50,25,61,22,60,46,63,52,62,72,44,76,40,92,11,128,49,164,86,242,164,325,251,388,272,383,258,321,214,264,174,193,110,95,78,236,230,371,353,577,513,666,711,1000,762,616,770,937,745,610,398,389,307,277,228,210,164,197,160,174,132,169,123,132,96,120,84,97,69,91,56,74,53,60,41
64,170,1,2,119,0,1953125,12,0,21,1.02,0,0,NaN,0,0,64,48,56,51,50,53,35,58,27,57,21,62,22,61,42,63,54,57,75,51,76,33,91,21,114,27,155,71,215,130,296,229,400,281,416,288,398,226,296,237,268,105,104,134,137,131,356,296,473,528,676,618,846,1000,923,609,885,968,867,587,473,390,351,264,258,205,187,177,198,156,169,145,158,123,124,108,114,85,95,78,82,57,71,56,53
64,170,1,2,119,0,1953125,12,0,21,1.02,0,0,NaN,0,0,80,14,68,18,71,18,57,31,57,33,41,47,35,52,35,67,26,74,41,79,35,74,52,66,90,74,124,91,187,174,241,266,348,324,347,337,333,295,211,306,194,179,49,174,61,152,303,285,399,512,578,622,737,991,798,633,798,1000,766,628,376,427,272,302,173,238,113,211,117,190,97,180,93,153,71,132,69,111,56,97,52,70,47,64,43
64,170,1,2,119,0,1953125,12,0,21,1.02,0,0,NaN,0,0,81,15,67,17,72,16,55,26,56,29,41,46,36,53,36,67,24,72,38,79,30,74,48,72,84,77,118,97,177,176,231,275,339,333,334,340,316,301,213,318,179,183,66,181,38,146,294,278,378,505,564,622,722,998,783,639,795,1000,753,623,371,429,264,299,167,231,106,207,111,189,92,176,89,150,66,131,65,112,52,96,54,74,48,62,40
64,170,1,2,119,0,1953125,12,0,46,1.03,0,0,NaN,0,0,67,39,60,28,67,27,54,7,59,4,42,21,45,29,34,56,25,61,24,80,2,75,17,76,52,78,86,91,144,171,206,272,315,335,319,347,309,326,231,347,191,213,97,219,64,161,264,259,359,491,533,600,704,985,755,622,778,1000,752,628,378,436,269,303,168,235,103,205,113,186,91,173,83,142,59,121,56,101,46,85,46,62,42,49,35
64,170,1,2,119,0,1953125,12,0,46,1.03,0,0,NaN,0,0,75,19,66,15,70,15,54,17,56,19,38,34,31,39,24,57,13,61,27,72,20,70,32,66,65,60,95,62,160,144,223,249,334,310,333,332,323,318,242,350,199,213,113,234,61,133,261,246,340,468,528,586,689,975,743,609,767,1000,749,624,366,434,271,302,167,225,100,192,95,180,80,166,74,137,54,118,53,97,38,86,42,63,34,51,31
64,170,1,2,119,0,1953125,12,0,71,1.03,0,0,NaN,0,0,61,45,52,34,61,38,49,16,54,16,38,8,42,15,26,42,23,48,17,67,15,68,7,69,43,65,62,66,122,152,181,259,295,325,301,355,301,346,249,378,205,240,159,253,94,135,227,256,315,479,512,609,673,980,738,628,765,1000,753,637,383,435,287,294,173,211,101,181,93,168,75,155,70,126,45,105,42,88,29,71,29,53,24,40,26
64,170,1,2,119,0,1953125,12,0,71,1.03,0,0,NaN,0,0,70,22,63,19,69,13,52,15,51,15,31,24,26,31,14,46,5,52,28,64,22,67,27,62,51,47,81,16,153,98,224,211,344,281,358,322,354,315,280,369,233,236,146,281,92,96,249,230,341,460,562,598,692,976,780,623,758,1000,763,644,376,444,282,304,162,215,91,180,87,171,75,154,64,127,42,99,38,84,24,70,28,53,25,41,26
64,170,1,2,119,0,1953125,12,0,71,1.03,0,0,NaN,0,0,68,20,61,18,67,14,52,16,52,14,32,25,25,33,15,47,8,52,27,63,20,69,26,61,50,45,80,12,151,95,221,208,340,278,356,322,354,314,271,364,223,227,153,270,83,54,264,269,372,471,585,634,723,986,810,656,770,1000,768,648,372,436,278,291,154,199,82,164,77,163,68,148,62,122,41,97,38,79,24,67,28,51,21,38,22
64,170,1,2,119,0,1953125,12,0,46,1.03,0,0,NaN,0,0,67,27,60,29,63,25,47,30,40,35,26,39,14,48,24,56,27,64,39,64,35,64,36,51,69,38,99,40,171,120,229,236,350,307,358,352,353,328,255,358,212,225,147,254,95,44,260,280,350,473,578,658,711,1000,815,674,764,996,772,653,387,435,299,296,183,200,111,166,95,158,85,149,79,126,63,101,58,88,44,76,39,60,33,45,30
64,170,2,2,119,0,1953125,12,0,46,1.03,0,0,NaN,0,0,77,15,67,19,70,16,53,24,49,28,32,39,22,47,27,62,23,66,40,73,34,67,39,54,71,42,104,43,176,126,245,236,369,310,382,353,390,330,277,358,249,228,123,250,75,79,267,263,368,466,614,648,746,995,853,669,779,1000,801,655,404,458,300,317,175,228,98,194,103,178,86,165,79,137,57,116,52,95,42,79,41,60,36,49,34
64,170,2,2,119,0,1953125,12,0,21,1.02,0,0,NaN,0,0,64,46,51,49,50,46,34,51,24,53,20,55,15,59,37,61,46,64,60,59,62,51,68,29,103,24,137,55,207,126,266,229,390,297,399,334,401,298,266,322,242,194,96,234,50,51,285,271,384,464,635,651,764,995,861,647,784,1000,805,634,395,453,299,318,178,233,106,200,107,183,93,170,87,150,65,127,65,110,52,94,53,73,47,63,44
64,170,2,2,119,0,1953125,12,0,46,1.03,0,0,NaN,0,0,74,25,66,16,70,16,55,10,55,13,40,33,37,40,34,62,23,68,31,79,16,71,29,68,66,59,100,69,168,152,229,257,352,329,365,364,374,333,248,339,227,210,87,210,43,108,295,285,395,505,647,679,764,1000,858,655,770,985,794,631,395,439,291,307,175,225,108,196,120,176,107,166,96,134,71,112,61,89,55,76,54,57,48,46,40
64,170,2,2,119,0,1953125,12,0,21,1.02,0,0,NaN,0,0,64,45,53,49,50,47,32,52,25,54,20,58,17,61,38,60,44,67,62,59,64,51,71,30,107,29,138,57,208,129,263,230,384,292,387,322,384,280,240,295,221,166,66,198,27,79,315,289,407,501,659,663,764,1000,853,625,757,976,773,603,366,429,275,300,165,226,101,198,110,186,94,172,89,149,64,126,62,107,51,93,50,70,43,60,45
64,170,2,2,119,0,1953125,12,0,21,1.02,0,0,NaN,0,0,75,22,63,32,67,28,48,39,45,40,33,50,23,57,33,66,32,73,51,70,49,65,63,49,100,51,131,65,198,144,252,244,373,303,369,327,367,285,229,295,207,169,66,195,31,88,326,297,422,509,658,664,783,1000,847,625,801,985,785,602,389,431,283,294,172,220,108,191,126,176,108,165,104,146,81,128,78,108,67,91,59,70,52,56,44
64,170,2,2,119,0,1953125,12,0,21,1.02,0,0,NaN,0,0,78,15,66,14,70,15,55,23,54,29,44,44,37,51,39,68,27,74,36,78,26,75,38,69,81,79,110,97,172,183,217,275,327,334,322,351,313,309,189,304,164,172,84,167,9,134,312,323,410,540,618,679,742,1000,787,643,774,981,737,611,370,428,264,292,163,217,95,197,106,183,89,178,87,148,66,130,65,106,52,93,46,70,45,60,38
64,170,2,2,119,0,1953125,12,0,21,1.02,0,0,NaN,0,0,73,27,64,37,60,34,43,46,39,46,27,58,22,59,36,67,38,67,58,65,56,55,73,38,103,36,138,58,206,132,272,233,385,285,384,304,373,263,247,280,221,141,60,178,64,100,358,318,474,525,686,661,817,999,873,633,852,1000,809,593,415,433,300,285,191,216,121,185,144,168,126,160,121,141,91,123,89,98,72,86,66,64,62,58,48
64,170,2,2,119,0,1953125,12,0,21,1.02,0,0,NaN,0,0,79,15,65,13,69,14,53,24,54,27,43,44,37,50,39,66,25,73,35,76,25,74,38,68,79,82,108,99,166,182,213,275,320,327,309,340,298,303,183,297,152,161,78,152,17,151,329,339,424,554,622,681,733,1000,786,651,788,995,732,608,368,429,265,291,162,217,97,193,102,180,89,175,86,148,68,130,66,106,54,91,49,72,43,59,42
64,170,2,2,119,0,1953125,12,0,21,1.02,0,0,NaN,0,0,77,13,65,21,68,19,50,32,49,34,37,49,30,53,36,68,26,70,42,73,37,67,54,58,90,65,124,81,186,162,237,257,347,304,336,319,319,282,201,286,165,143,56,159,45,138,355,330,459,544,647,666,759,993,802,639,804,1000,758,606,376,435,272,293,160,219,97,191,109,178,93,169,92,146,68,127,67,106,54,88,50,67,46,59,43
64,170,1,2,119,0,1953125,12,0,21,1.02,0,0,NaN,0,0,31,74,27,62,34,56,38,45,44,34,47,32,55,25,65,38,68,39,76,50,63,59,63,77,42,118,64,158,108,227,204,317,297,361,326,356,310,269,300,218,234,86,161,58,105,206,286,428,430,606,633,700,812,1000,853,598,930,960,864,551,496,350,381,201,275,124,198,104,210,97,178,103,174,75,139,75,128,54,103,59,87,45,71,48,48
64,170,1,2,119,0,1953125,12,0,21,1.02,0,0,NaN,0,0,51,61,45,61,36,59,22,62,10,60,12,58,26,55,49,54,64,46,83,36,81,13,92,12,106,46,144,87,200,143,290,238,393,278,415,284,391,212,322,223,268,64,121,134,129,148,366,369,507,567,711,653,872,1000,913,610,968,999,900,563,503,388,374,239,268,169,189,136,211,118,178,117,174,98,137,92,129,68,104,68,87,45,76,52,51
64,170,1,2,119,0,1953125,12,0,21,1.02,0,0,NaN,0,0,75,25,65,11,69,14,57,10,59,17,49,36,46,44,43,63,30,71,35,81,13,82,23,80,61,101,87,122,144,207,189,297,290,347,284,355,264,310,186,302,139,162,90,138,24,193,310,358,405,568,582,677,703,1000,756,667,793,993,733,613,382,423,282,289,180,209,118,192,114,177,96,170,94,143,75,124,70,103,56,90,48,71,44,59,40
64,170,1,2,119,0,1953125,12,0,21,1.02,0,0,NaN,0,0,77,13,65,11,69,12,54,23,53,27,42,42,39,49,39,67,27,71,36,78,25,76,44,70,78,84,108,104,165,184,215,275,319,325,313,338,292,300,194,302,152,154,62,150,39,171,333,340,432,558,611,669,723,1000,784,676,793,994,747,614,374,429,277,301,170,221,105,198,109,183,93,174,89,149,70,128,64,107,54,90,49,73,45,60,42
64,170,1,2,119,0,1953125,12,0,21,1.02,0,0,NaN,0,0,75,16,64,26,64,26,45,35,47,38,33,51,28,55,35,66,29,69,47,70,43,62,59,51,95,53,127,70,191,150,248,242,353,293,350,306,332,272,224,291,180,141,63,167,42,108,354,336,466,529,649,670,782,999,845,696,844,1000,788,614,400,436,291,298,173,217,103,186,116,168,103,161,98,138,76,123,74,102,62,88,55,67,51,58,43
64,170,1,2,119,0,1953125,12,0,21,1.02,0,0,NaN,0,0,77,12,64,11,70,14,52,25,55,29,41,45,35,50,39,67,26,72,39,77,28,73,45,67,80,77,109,99,169,176,219,268,321,320,316,334,300,297,196,301,158,154,78,165,19,136,317,326,423,541,609,667,731,1000,795,675,791,973,746,617,380,428,278,301,170,218,99,191,104,176,88,170,85,143,66,126,64,106,52,91,47,69,43,58,41
64,170,1,2,119,0,1953125,12,0,21,1.02,0,0,NaN,0,0,75,14,64,15,68,16,52,25,51,30,39,45,33,51,38,65,23,71,37,76,27,70,44,62,81,72,112,87,169,166,222,264,326,314,318,330,302,288,196,308,160,159,104,185,6,106,324,321,419,527,608,664,728,1000,797,673,815,999,761,619,385,440,282,300,166,216,94,184,94,165,79,161,78,137,62,125,62,105,53,91,47,69,44,58,39
64,170,1,2,119,0,1953125,12,0,21,1.02,0,0,NaN,0,0,67,38,58,44,54,41,36,48,29,48,18,56,17,59,37,62,44,60,64,55,63,40,74,21,100,16,137,51,200,115,276,218,385,261,393,279,379,233,287,282,233,142,125,216,39,50,333,334,466,501,663,642,823,976,894,666,934,1000,870,610,464,436,345,284,214,203,128,158,142,129,124,127,126,112,100,104,98,83,80,74,70,52,62,52,43
64,170,1,2,119,0,1953125,12,0,21,1.02,0,0,NaN,0,0,80,12,67,18,68,17,51,27,50,31,37,44,33,51,36,67,26,72,39,77,31,70,45,62,82,66,115,81,179,161,232,258,339,311,334,332,324,305,227,329,186,192,118,213,23,77,290,284,398,486,579,637,735,982,787,682,837,1000,783,652,413,463,302,319,181,231,101,190,98,168,81,162,81,139,63,126,65,105,52,91,49,71,46,58,41
64,170,1,2,119,0,1953125,12,0,46,1.03,0,0,NaN,0,0,67,40,58,30,67,29,52,9,57,5,42,19,46,29,34,56,25,61,27,78,4,76,14,76,48,81,78,91,137,176,200,275,306,328,306,348,292,322,228,352,185,200,121,223,64,162,284,275,388,532,571,624,694,983,726,641,816,1000,755,635,395,450,281,306,170,225,96,193,97,177,85,169,78,138,57,119,53,97,46,83,39,60,39,49,33
64,170,1,2,119,0,1953125,12,0,46,1.03,0,0,NaN,0,0,73,18,64,13,68,14,53,12,52,15,36,29,30,37,27,54,14,63,25,69,13,70,25,63,57,64,88,65,148,148,213,249,312,299,312,327,295,310,236,357,197,209,135,235,63,132,272,251,362,497,538,599,658,948,695,639,817,1000,750,634,393,440,281,295,170,213,102,179,91,167,76,157,74,132,56,114,53,94,40,81,40,62,31,50,30
64,170,1,2,119,0,1953125,12,0,46,1.03,0,0,NaN,0,0,72,23,63,14,68,15,53,11,53,15,38,26,34,37,27,54,15,63,24,71,10,73,20,64,54,67,84,69,143,155,201,255,303,309,302,334,279,320,236,359,179,208,156,231,54,112,264,275,370,500,531,622,663,954,698,648,821,1000,747,632,379,431,286,285,169,199,100,167,88,158,70,150,72,128,57,111,54,92,40,78,34,59,29,47,28
64,170,1,2,119,0,1953125,12,0,46,1.03,0,0,NaN,0,0,69,37,59,24,66,26,51,6,54,8,42,19,39,29,35,49,24,60,26,72,8,76,3,69,41,83,59,95,118,183,169,287,272,343,273,364,253,337,239,362,190,205,192,211,87,132,233,304,336,517,505,651,652,964,696,647,848,1000,765,625,404,411,312,261,199,175,129,148,113,144,94,141,94,114,77,100,72,86,54,75,43,56,36,47,29
64,170,2,2,119,0,1953125,12,0,41,1.03,0,0,NaN,0,0,74,19,64,14,70,15,54,14,55,16,36,30,35,37,27,55,13,59,25,73,14,71,27,65,57,61,89,63,152,150,216,249,313,305,318,332,295,321,244,363,192,209,135,224,42,121,267,262,375,494,539,622,695,972,721,671,835,1000,752,633,365,431,278,290,162,206,94,174,86,167,73,159,72,136,55,117,55,96,38,81,40,62,29,50,30
64,170,1,2,119,0,1953125,12,0,46,1.03,0,0,NaN,0,0,77,17,69,22,69,19,53,26,50,28,31,39,23,43,21,57,18,61,39,67,36,63,45,55,73,45,110,38,176,119,251,224,354,275,363,307,341,289,281,349,229,204,128,244,92,127,290,235,412,491,578,596,729,969,741,649,854,1000,759,614,370,438,271,291,148,219,87,183,99,178,85,164,82,144,59,120,58,100,43,81,43,62,36,50,35
64,170,1,2,119,0,1953125,12,0,41,1.03,0,0,NaN,0,0,77,26,67,15,74,18,55,10,55,14,42,29,38,38,29,56,16,65,24,75,8,77,20,71,57,76,86,80,145,168,209,272,310,325,312,350,283,332,246,370,190,221,148,241,68,170,262,271,386,527,530,630,687,988,687,672,851,1000,722,615,367,418,270,273,163,199,98,175,93,170,78,164,78,136,64,114,58,97,43,83,40,64,32,50,31
64,170,1,2,119,0,1953125,12,0,66,1.03,0,0,NaN,0,0,75,21,72,21,73,14,61,18,55,18,35,32,28,35,12,51,8,50,30,63,33,62,48,59,61,39,103,6,166,87,267,201,365,247,395,285,372,276,354,357,297,208,190,271,186,152,295,208,439,476,591,567,781,976,778,644,900,1000,803,601,409,435,299,285,176,220,118,179,144,169,121,152,114,127,76,101,73,83,60,67,57,42,50,41,37
64,170,1,2,119,0,1953125,12,0,66,1.03,0,0,NaN,0,0,67,43,61,45,58,38,48,43,38,39,23,42,11,41,16,43,30,39,49,42,57,43,64,36,70,25,101,35,162,85,268,202,370,243,411,277,392,261,392,338,334,193,224,260,206,127,292,201,432,452,591,558,792,972,806,654,926,1000,816,600,418,433,307,285,181,221,120,177,139,170,115,154,109,135,74,102,68,88,52,69,57,50,43,42,38
64,170,1,2,119,0,1953125,12,0,66,1.03,0,0,NaN,0,0,73,21,66,23,71,16,55,22,54,18,35,30,27,35,15,51,6,50,27,63,27,66,39,61,56,52,91,26,155,103,238,214,345,266,361,309,344,321,319,397,270,248,176,302,158,187,251,199,368,464,511,573,698,975,707,668,842,1000,740,635,379,437,277,304,166,234,101,198,101,188,82,168,73,142,50,112,45,96,33,74,32,63,29,46,32
64,170,1,2,119,0,1953125,12,0,41,1.03,0,0,NaN,0,0,68,44,58,50,59,42,43,46,34,43,18,49,10,50,26,53,36,54,56,53,60,54,71,38,87,29,117,22,183,100,274,214,378,260,396,298,380,298,341,369,291,232,178,289,162,152,261,180,370,432,515,546,716,968,728,648,844,1000,748,621,374,441,281,310,165,241,103,199,100,191,80,171,79,151,55,121,55,106,39,88,46,68,32,53,37
64,170,1,2,119,0,1953125,12,0,41,1.03,0,0,NaN,0,0,79,21,70,28,71,23,56,31,51,29,31,41,24,47,20,59,21,61,43,69,43,66,56,57,79,47,113,37,178,117,264,223,367,271,386,311,370,313,334,384,285,237,178,299,166,165,257,171,364,427,515,535,715,956,730,630,845,1000,770,618,395,448,297,318,182,249,111,204,115,189,93,169,89,146,60,120,63,101,48,84,48,64,42,54,39
64,170,1,2,119,0,1953125,12,0,41,1.03,0,0,NaN,0,0,74,38,67,42,67,36,49,45,43,44,25,49,14,51,26,61,38,55,61,59,63,54,77,40,87,20,124,23,187,99,289,216,394,262,425,297,414,292,395,369,339,224,228,298,208,137,259,163,375,409,546,525,766,956,798,621,901,1000,834,612,445,453,341,311,215,243,140,195,151,178,121,157,117,140,84,113,84,96,65,77,64,58,53,50,42
64,170,1,2,119,0,1953125,12,0,66,1.03,0,0,NaN,0,0,29,75,17,67,25,71,16,50,31,50,24,22,42,15,39,20,52,25,45,51,61,54,48,68,47,85,10,115,45,206,133,315,227,379,268,401,255,387,320,414,264,260,251,264,183,230,150,255,270,500,434,616,669,1000,689,627,834,983,750,621,419,417,333,289,221,209,148,182,134,170,103,158,92,123,65,106,58,86,40,77,31,61,30,45,28
64,170,1,2,119,0,1953125,12,0,66,1.03,0,0,NaN,0,0,69,34,64,36,67,29,51,37,45,32,27,38,18,38,11,46,21,47,47,53,50,54,62,48,70,34,96,12,166,77,266,197,379,251,411,293,405,298,383,378,331,235,205,293,183,136,273,186,370,421,563,567,766,985,814,620,841,1000,804,629,412,464,318,320,181,245,115,198,122,185,97,162,90,138,55,106,53,90,43,70,45,52,36,44,34
64,170,2,2,119,0,1953125,12,0,66,1.03,0,0,NaN,0,0,71,36,63,40,67,32,51,36,47,33,27,39,16,40,12,46,25,47,49,52,53,53,61,48,69,33,99,17,167,77,267,200,383,250,415,293,409,291,373,366,319,226,192,282,158,106,280,212,383,425,580,579,783,1000,842,609,831,997,809,623,407,451,317,319,180,240,112,197,122,182,97,161,88,136,54,104,54,90,42,69,44,50,36,43,32
64,170,2,2,119,0,1953125,12,0,66,1.03,0,0,NaN,0,0,64,46,58,51,60,45,47,47,36,39,19,44,3,41,21,41,35,40,59,42,64,41,73,34,71,26,100,44,162,89,269,213,388,257,428,296,424,270,396,332,344,191,208,251,174,90,297,243,402,438,608,591,819,1000,890,596,860,981,849,606,442,438,341,303,210,233,138,185,155,172,122,149,114,125,72,94,70,79,55,63,55,41,43,40,34
64,170,2,2,119,0,1953125,12,0,46,1.03,0,0,NaN,0,0,48,65,38,69,40,61,24,60,16,53,5,52,15,47,39,45,55,42,76,34,78,28,85,12,92,16,119,63,188,111,286,227,407,270,435,306,434,271,378,312,331,177,182,240,159,89,304,247,407,432,597,588,811,1000,892,598,844,980,838,606,432,438,338,317,212,248,139,204,151,191,115,164,107,145,68,114,71,99,53,79,53,59,43,51,40
64,170,2,2,119,0,1953125,12,0,46,1.03,0,0,NaN,0,0,76,28,65,15,73,17,59,10,58,12,42,30,39,37,34,57,20,67,30,79,8,81,19,77,53,82,81,92,143,177,197,286,310,343,313,373,309,362,247,368,211,236,130,219,94,193,238,272,322,472,475,632,679,1000,752,629,738,955,717,617,378,420,305,311,197,237,136,202,129,184,100,165,91,133,68,111,61,92,46,81,38,64,35,52,32
64,170,2,2,119,0,1953125,12,0,46,1.03,0,0,NaN,0,0,77,15,67,11,71,10,56,17,57,20,41,37,32,42,30,61,18,68,35,76,24,75,36,68,65,70,96,74,163,153,224,258,334,314,342,352,338,345,269,359,232,230,108,221,100,190,265,255,346,459,500,614,700,1000,781,632,742,956,722,610,368,431,297,324,189,249,125,211,121,195,93,170,85,144,59,115,52,99,40,83,38,64,37,52,34
64,170,2,2,119,0,1953125,12,0,21,1.02,0,0,NaN,0,0,74,26,64,38,65,34,49,44,46,45,35,53,25,58,38,68,33,74,51,77,49,75,60,63,94,70,125,82,189,162,242,265,352,320,350,350,339,333,251,343,212,212,90,202,74,170,269,262,343,452,496,615,696,1000,790,645,749,967,731,616,369,433,302,325,192,250,132,214,125,195,99,174,94,149,72,126,71,107,54,93,52,74,46,62,43
64,170,2,2,119,0,1953125,12,0,21,1.02,0,0,NaN,0,0,78,28,64,11,75,14,57,12,64,13,51,38,48,43,45,66,32,74,40,88,13,88,28,86,59,104,88,123,145,205,195,306,300,362,302,380,294,362,230,345,190,219,113,182,75,182,237,283,316,465,472,629,676,1000,777,652,753,964,721,610,370,423,305,319,200,242,138,211,127,189,101,171,96,144,74,124,70,108,56,93,49,74,48,62,41
64,170,2,2,119,0,1953125,12,0,46,1.03,0,0,NaN,0,0,73,28,68,16,70,17,56,6,58,9,41,31,41,36,32,62,24,66,31,82,16,76,33,74,60,65,97,74,160,156,230,261,340,316,355,350,353,343,279,357,241,227,112,221,91,158,275,249,365,446,542,625,744,1000,843,657,787,972,763,617,402,439,311,329,202,250,128,213,135,188,106,168,95,136,64,114,63,91,57,78,50,58,51,52,38
64,170,1,2,119,0,1953125,12,0,21,1.02,0,0,NaN,0,0,71,33,61,40,61,37,42,46,36,46,28,53,20,58,36,65,36,68,54,67,53,64,64,49,96,49,126,61,191,141,252,248,362,300,362,332,352,317,255,330,213,202,99,214,57,104,266,247,349,429,530,625,726,1000,829,646,763,969,739,610,373,435,297,323,184,244,119,208,112,187,89,172,88,149,64,122,66,110,48,91,51,74,42,60,44
64,170,1,2,119,0,1953125,12,0,21,1.02,0,0,NaN,0,0,77,15,66,13,70,14,54,22,55,27,42,43,36,51,38,68,27,75,38,81,25,78,38,71,75,78,106,93,167,174,218,273,327,331,327,358,320,337,231,335,189,206,113,200,58,103,255,255,334,435,519,639,716,1000,824,649,755,959,727,605,377,433,293,318,182,236,112,204,111,182,85,168,83,144,62,124,60,106,50,90,45,70,44,59,42
64,170,1,2,119,0,1953125,12,0,21,1.02,0,0,NaN,0,0,76,12,66,16,66,16,51,27,52,30,38,45,35,54,35,66,25,73,43,78,32,73,48,64,81,66,114,81,176,162,230,259,339,316,343,347,335,328,241,332,201,204,102,207,50,89,261,245,342,424,531,630,729,1000,843,646,765,956,734,597,381,433,295,319,182,238,111,202,111,180,89,166,86,144,65,122,63,104,52,93,55,71,46,60,42
64,170,1,2,119,0,1953125,12,0,21,1.02,0,0,NaN,0,0,77,16,65,11,71,12,53,19,55,24,45,41,38,48,39,67,27,72,38,82,24,80,37,75,70,83,105,101,163,180,214,279,322,335,321,365,318,340,229,336,191,207,108,192,55,118,250,261,330,440,514,648,713,1000,819,657,756,961,728,606,377,431,295,318,185,237,117,202,113,183,89,167,85,144,64,122,61,104,49,92,48,72,45,61,42
64,170,1,2,119,0,1953125,12,0,21,1.02,0,0,NaN,0,0,77,18,67,9,69,11,55,18,56,22,45,41,41,49,43,66,28,74,39,82,20,80,34,77,70,89,99,104,158,185,207,283,313,336,313,365,311,341,223,330,189,210,103,183,53,138,245,266,326,450,514,651,707,1000,809,648,753,959,722,596,365,423,291,318,184,236,120,204,116,185,93,171,87,144,66,125,62,105,51,92,51,74,47,62,42
64,170,1,2,119,0,1953125,12,0,21,1.02,0,0,NaN,0,0,74,25,63,12,69,15,56,10,59,14,50,36,42,43,43,63,31,74,38,84,14,85,24,84,57,99,86,118,141,196,187,296,294,350,292,373,287,343,216,325,175,203,121,175,65,154,233,285,318,467,500,664,697,1000,790,646,750,956,719,595,368,414,294,307,191,224,126,196,121,178,95,167,92,141,73,121,69,101,52,91,49,72,44,59,41
64,170,1,2,119,0,1953125,12,0,21,1.02,0,0,NaN,0,0,77,17,67,10,71,12,53,19,55,24,43,41,39,48,38,66,26,73,39,82,22,81,39,76,70,86,102,101,159,181,211,276,314,328,310,350,303,333,219,324,177,196,116,192,52,129,260,268,339,449,522,647,711,1000,800,632,763,966,718,587,363,424,284,310,174,227,105,194,103,177,83,167,83,142,63,125,62,102,48,89,49,71,42,58,40
