64,170,1,2,119,0,1953125,12,0,6863,2.2,0,0,NaN,0,0,19,64,43,82,30,63,35,51,38,38,41,17,46,28,52,18,50,31,37,52,29,84,28,83,31,157,54,148,92,252,176,110,128,171,31,51,218,358,251,261,259,457,402,602,716,900,682,331,113,464,387,69,550,1000,945,685,179,444,592,531,331,163,214,146,97,218,208,82,58,196,152,66,57,149,85,67,64,104,29,79,85,84,13,74,78
64,170,1,2,119,0,1953125,12,0,6813,2.19,0,0,NaN,0,0,86,13,93,23,75,0,71,13,78,19,51,42,68,54,42,59,39,63,11,100,51,116,18,121,89,189,56,167,122,268,140,81,190,197,64,68,307,404,297,281,308,478,440,659,789,979,729,357,80,494,448,106,535,1000,973,754,214,403,587,576,399,179,246,165,116,212,255,123,75,188,200,97,77,154,146,61,79,144,118,51,78,107,65,48,88
64,170,1,2,119,0,1953125,12,0,6813,2.19,0,0,NaN,0,0,14,65,37,92,28,45,57,63,44,51,57,24,72,61,72,13,76,58,56,80,108,91,53,133,127,155,75,173,172,206,191,51,89,212,36,156,197,419,286,318,214,463,416,632,706,867,728,335,45,422,450,82,482,977,1000,727,225,408,631,554,376,116,242,133,88,214,247,91,59,200,190,73,75,168,124,66,93,145,82,74,91,102,34,72,84
64,170,1,2,119,0,1953125,12,0,6883,2.2,0,0,NaN,0,0,18,92,10,62,39,87,15,46,46,47,36,36,38,16,57,32,27,57,55,24,36,111,35,28,96,162,43,97,179,278,156,172,67,69,90,43,198,213,350,223,294,311,494,536,784,848,758,463,174,448,488,215,517,860,1000,748,143,347,594,543,215,176,204,149,144,199,191,86,153,149,122,25,141,91,54,36,117,38,37,62,81,14,61,67,44
64,170,1,2,119,0,1953125,12,0,6908,2.21,0,0,NaN,0,0,77,45,69,27,82,23,80,27,64,19,78,32,45,33,45,34,12,60,23,48,24,64,26,56,67,53,109,66,160,168,237,220,7,17,142,108,165,231,337,146,306,333,480,486,816,868,787,427,242,468,455,125,587,907,1000,728,178,386,595,541,212,181,204,186,149,218,175,111,136,166,113,59,126,110,58,29,109,58,46,57,86,22,51,73,68
64,170,1,2,119,0,1953125,12,0,6883,2.2,0,0,NaN,0,0,80,15,77,20,80,22,77,14,56,34,57,17,21,39,16,42,7,48,14,38,50,44,68,44,101,65,144,57,195,189,248,219,54,47,144,96,229,264,366,163,348,354,503,531,857,907,762,426,228,490,422,109,604,949,1000,791,165,400,579,607,263,211,173,230,97,252,168,163,81,218,121,117,78,162,57,63,88,120,17,58,102,87,28,81,104
64,170,1,2,119,0,1953125,12,0,6853,2.2,0,0,NaN,0,0,67,46,75,40,68,42,63,28,27,58,40,32,18,69,27,46,42,64,28,28,83,56,74,16,129,70,152,53,213,172,238,178,54,83,154,78,227,299,384,182,343,357,501,509,838,844,759,374,236,449,462,111,557,875,1000,764,217,340,565,558,247,192,178,189,116,212,183,143,114,183,143,109,104,137,81,52,119,118,56,49,99,80,26,61,96
64,170,1,2,119,0,1953125,12,0,6908,2.21,0,0,NaN,0,0,87,14,61,27,93,19,63,38,70,23,43,54,41,27,26,57,1,40,44,60,36,13,69,40,73,48,113,46,164,161,272,121,83,91,139,19,54,289,263,231,216,368,385,534,725,826,782,350,232,466,550,83,410,860,1000,674,262,328,592,454,306,81,221,90,149,175,216,41,122,155,148,49,98,101,64,79,79,62,4,87,61,38,44,89,57
64,170,1,2,119,0,1953125,12,0,6878,2.2,0,0,NaN,0,0,70,20,76,14,87,31,66,6,70,20,55,13,44,25,33,53,33,50,19,58,15,80,24,72,70,127,85,112,153,277,202,223,108,114,64,70,253,284,300,238,335,412,398,557,797,979,731,408,194,568,470,94,518,989,1000,801,223,343,509,543,319,138,165,193,91,215,184,128,49,188,135,89,41,141,76,66,57,112,34,73,82,97,21,61,78
64,170,1,2,119,0,1953125,12,0,6883,2.2,0,0,NaN,0,0,80,21,72,26,73,25,73,20,43,41,57,25,15,45,22,41,19,55,15,31,57,40,62,24,98,42,138,34,189,151,252,181,3,66,141,89,169,273,338,176,324,341,452,476,802,807,736,333,260,449,462,161,581,882,1000,706,147,298,569,507,239,162,193,155,145,181,182,105,128,143,132,62,112,93,67,9,103,57,35,41,89,27,41,69,76
64,170,1,2,119,0,1953125,12,0,6853,2.2,0,0,NaN,0,0,79,5,95,12,87,9,75,5,67,26,60,23,41,56,46,58,29,70,12,59,37,95,31,67,95,134,97,111,174,258,176,205,113,80,89,55,273,279,348,227,352,381,460,563,808,918,674,373,190,514,392,47,596,1000,992,826,214,391,523,583,300,200,143,194,67,249,160,143,49,221,123,116,54,169,68,84,75,136,31,76,93,108,17,62,87
64,170,1,2,119,0,1953125,12,0,6883,2.2,0,0,NaN,0,0,78,35,69,21,84,23,66,18,59,7,61,21,24,41,39,39,1,66,18,30,57,76,34,32,106,77,112,56,193,187,219,192,20,25,125,78,172,234,341,176,317,312,449,464,775,786,715,342,241,452,483,128,539,856,1000,728,186,304,571,523,247,161,189,145,159,191,198,99,149,155,148,60,130,99,82,28,121,60,50,58,109,40,41,69,78
64,170,1,2,119,0,1953125,12,0,6883,2.2,0,0,NaN,0,0,60,43,72,38,74,34,70,29,59,15,64,11,32,24,39,36,22,53,18,46,26,79,24,65,79,120,97,116,166,260,203,234,70,79,88,97,224,240,332,221,353,381,454,557,841,976,757,441,216,575,488,149,542,961,1000,828,187,373,525,584,274,192,137,203,87,263,164,153,70,220,104,105,71,161,44,74,88,120,19,76,88,78,23,72,81
64,170,1,2,119,0,1953125,12,0,6883,2.2,0,0,NaN,0,0,71,31,81,28,80,27,69,18,58,13,66,10,33,31,34,35,14,55,15,43,32,71,31,52,90,106,105,100,176,241,201,225,71,55,96,89,232,240,340,204,360,362,451,523,825,926,735,417,201,513,427,95,586,963,1000,804,144,352,529,581,259,195,138,203,97,254,158,151,79,214,106,104,73,151,39,64,87,107,17,64,101,80,33,72,82
64,170,1,2,119,0,1953125,12,0,6883,2.2,0,0,NaN,0,0,75,26,66,34,67,31,58,26,33,47,44,25,2,52,23,40,31,54,24,20,68,35,75,14,101,47,144,41,199,158,273,156,34,61,147,87,131,276,316,200,316,345,433,484,795,799,747,322,248,432,477,137,540,848,1000,698,179,256,558,483,269,149,186,127,165,165,198,92,134,126,146,54,118,82,82,14,108,56,42,37,85,26,37,65,75
64,170,1,2,119,0,1953125,12,0,6883,2.2,0,0,NaN,0,0,73,53,103,24,100,104,11,79,33,59,69,24,60,10,47,28,69,80,17,65,19,94,77,66,140,27,167,186,148,301,262,124,214,131,129,81,238,349,221,370,465,498,758,861,873,1000,900,679,556,352,235,499,548,768,860,780,781,655,444,462,360,262,340,201,201,227,120,238,197,143,207,95,126,133,69,148,91,70,87,35,100,80,82,94,67
64,170,2,2,119,0,1953125,12,0,6858,2.2,0,0,NaN,0,0,84,14,92,13,85,10,75,10,49,32,50,27,22,56,28,51,20,63,12,41,70,81,59,46,129,118,137,91,214,236,210,200,86,52,116,74,274,279,384,217,392,386,502,540,833,893,702,382,217,508,429,111,587,945,1000,824,180,325,512,582,275,220,136,205,87,247,156,157,67,207,110,118,62,152,49,65,81,120,23,53,84,81,18,60,83
64,170,2,2,119,0,1953125,12,0,6813,2.19,0,0,NaN,0,0,80,51,94,28,62,57,67,46,46,66,42,60,46,90,38,67,52,83,36,68,111,107,70,68,171,153,131,111,227,246,125,150,178,96,136,66,348,328,421,253,411,401,506,558,832,906,695,389,162,476,410,125,586,945,1000,841,181,348,545,648,341,233,127,211,54,249,174,187,30,208,130,149,50,179,85,92,71,153,63,68,77,116,39,49,83
64,170,2,2,119,0,1953125,12,0,6858,2.2,0,0,NaN,0,0,83,17,52,54,80,14,33,47,39,37,19,40,12,48,41,38,39,40,48,19,94,48,82,40,132,83,130,84,220,172,250,84,24,122,101,91,119,336,295,285,271,388,394,536,724,786,732,284,173,421,496,104,459,882,1000,664,232,303,574,452,342,113,227,80,156,181,235,41,116,153,167,51,109,107,90,69,95,77,33,81,78,50,19,71,58
64,170,2,2,119,0,1953125,12,0,6883,2.2,0,0,NaN,0,0,53,59,63,54,68,51,59,40,54,19,61,21,24,32,50,35,23,64,35,42,29,99,10,57,89,143,89,127,182,287,203,228,71,87,95,77,228,255,357,249,364,380,449,536,836,965,779,461,181,517,439,127,590,962,1000,791,126,378,554,588,260,230,154,198,122,266,157,135,109,214,103,99,105,147,37,56,105,93,36,71,104,66,40,66,71
64,170,2,2,119,0,1953125,12,0,6908,2.21,0,0,NaN,0,0,38,59,53,50,60,55,55,40,52,26,57,21,35,14,39,38,33,49,34,46,24,70,14,69,64,109,84,112,159,270,226,259,62,80,89,102,219,247,343,246,368,388,431,534,843,986,780,460,222,548,428,81,611,999,1000,782,122,398,544,572,253,244,166,214,130,280,159,138,89,211,89,95,80,138,22,61,84,85,35,63,84,43,61,79,68
64,170,1,2,119,0,1953125,12,0,6853,2.2,0,0,NaN,0,0,66,60,71,63,71,52,58,54,45,59,34,47,21,68,37,65,40,66,43,40,79,66,92,38,136,90,169,65,238,220,253,202,79,62,140,86,279,302,414,247,434,391,512,559,907,950,775,425,241,507,429,92,593,948,1000,813,159,352,552,621,300,233,152,241,115,267,171,178,65,222,131,143,63,170,73,92,78,139,43,71,94,118,33,56,92
64,170,1,2,119,0,1953125,12,0,6853,2.2,0,0,NaN,0,0,77,37,67,54,73,38,53,48,34,59,43,41,7,66,40,47,45,65,46,19,90,55,79,8,136,68,146,50,226,168,259,133,21,96,125,101,185,326,351,254,349,375,446,519,817,818,773,320,254,423,489,100,516,840,1000,675,217,265,576,467,312,156,222,112,189,171,238,84,150,128,183,53,142,92,113,28,126,69,67,54,116,66,42,51,72
64,170,1,2,119,0,1953125,12,0,6833,2.19,0,0,NaN,0,0,65,59,62,59,58,52,44,46,15,67,25,39,32,79,43,44,56,54,45,15,115,60,87,25,161,83,157,63,241,164,230,137,58,114,138,110,219,325,366,244,373,378,476,523,835,812,751,319,248,413,461,136,545,845,1000,704,209,256,566,500,316,203,201,134,170,187,225,123,138,141,174,82,134,110,110,32,129,92,76,39,118,81,57,52,85
64,170,1,2,119,0,1953125,12,0,6813,2.19,0,0,NaN,0,0,82,33,88,18,60,50,71,41,41,65,52,45,38,94,47,53,54,91,31,57,114,112,61,58,178,144,117,92,238,228,116,130,162,79,152,74,316,292,405,242,405,366,506,530,824,837,681,361,192,426,398,115,588,899,1000,795,184,308,544,589,295,248,149,182,107,233,189,172,95,188,140,125,108,163,89,71,115,134,59,55,121,116,59,54,84
64,170,1,2,119,0,1953125,12,0,6877,2.2,0,0,NaN,0,0,71,31,50,65,70,43,35,69,46,45,19,64,10,39,58,54,42,45,90,31,64,54,111,27,89,117,137,95,175,233,280,88,72,136,90,69,89,324,237,317,246,434,375,602,722,878,720,349,212,533,494,69,459,968,1000,738,261,421,585,527,336,186,202,153,127,263,193,111,98,225,121,115,95,166,51,113,92,116,29,107,86,68,34,79,63
64,170,1,2,119,0,1953125,12,0,6813,2.19,0,0,NaN,0,0,28,92,17,70,34,74,29,56,51,63,42,43,77,58,63,38,81,30,64,57,115,63,93,84,145,119,153,103,203,156,226,110,55,187,112,150,202,375,314,259,322,411,436,529,793,768,709,251,209,374,433,99,541,844,1000,692,282,291,610,547,369,225,193,147,135,152,215,142,110,120,176,103,113,112,134,67,112,108,99,48,105,97,70,40,88
64,170,1,2,119,0,1953125,12,0,6813,2.19,0,0,NaN,0,0,55,74,52,73,44,69,32,64,5,75,29,50,48,89,49,30,75,62,51,25,137,66,80,57,189,92,141,73,250,151,194,136,75,133,115,141,211,344,350,243,311,375,462,525,778,744,716,284,168,361,470,131,491,828,1000,682,267,288,623,528,375,197,229,119,132,137,246,99,133,125,201,60,136,102,136,22,129,89,86,42,121,83,67,60,89
64,170,1,2,119,0,1953125,12,0,6833,2.19,0,0,NaN,0,0,57,47,58,51,53,44,41,16,58,24,39,14,58,28,51,40,51,46,29,71,42,99,38,100,63,188,89,149,118,261,218,62,112,207,38,92,208,404,248,306,265,456,343,579,731,866,728,265,121,430,456,63,468,906,1000,695,302,304,603,524,440,158,214,87,159,130,251,88,143,118,213,70,117,87,153,37,108,83,101,32,102,89,79,36,77
64,170,1,2,119,0,1953125,12,0,6858,2.2,0,0,NaN,0,0,24,73,20,73,17,70,12,55,11,62,8,33,30,40,39,29,49,21,54,8,73,34,88,30,101,96,151,73,193,175,268,115,3,138,133,96,164,324,307,230,320,357,383,464,762,768,709,258,236,421,478,121,524,843,1000,708,227,245,560,521,323,188,176,146,147,163,199,131,124,135,164,102,110,107,103,47,106,93,67,30,94,73,45,46,88
64,170,1,2,119,0,1953125,12,0,6858,2.2,0,0,NaN,0,0,18,71,43,108,3,77,27,76,19,70,38,46,45,69,68,38,67,63,79,27,108,70,95,35,173,103,141,39,280,240,247,169,99,45,87,85,291,245,353,278,428,353,401,585,866,960,654,344,210,538,391,6,529,998,1000,816,296,316,545,598,470,132,177,182,201,138,240,130,142,101,208,104,112,64,159,68,83,56,120,43,61,64,89,29,66
64,170,1,2,119,0,1953125,12,0,6833,2.19,0,0,NaN,0,0,586,541,491,485,527,478,403,387,387,341,266,204,253,179,168,174,278,292,282,388,408,451,472,546,598,646,617,681,699,753,737,716,818,731,790,773,724,756,779,800,705,607,647,1000,498,641,688,877,569,345,752,794,719,439,602,751,787,387,683,650,586,603,650,683,668,581,626,595,632,560,518,511,549,480,405,377,383,349,273,222,231,179,172,81,66
64,170,1,2,119,0,1953125,12,0,6853,2.2,0,0,NaN,0,0,69,43,50,67,65,43,37,55,23,62,32,44,18,66,54,46,52,57,61,8,99,57,92,21,135,85,149,72,225,176,265,107,22,115,112,98,148,328,320,283,325,383,413,527,763,769,709,254,240,431,497,34,477,846,1000,671,256,282,596,482,366,148,222,92,192,167,246,66,152,135,192,48,139,97,119,53,130,82,71,71,116,75,46,67,82
64,170,2,2,119,0,1953125,12,0,6833,2.19,0,0,NaN,0,0,80,11,95,22,78,11,70,5,58,26,60,21,31,58,42,47,22,76,6,56,67,116,30,67,123,163,95,126,190,280,148,169,143,87,102,28,303,304,377,276,378,386,446,558,812,916,672,368,193,530,440,112,536,951,1000,856,228,319,496,604,329,249,145,197,71,258,170,175,63,230,132,142,75,190,88,102,90,157,56,80,101,126,48,68,91
64,170,2,2,119,0,1953125,12,0,6808,2.19,0,0,NaN,0,0,39,74,32,82,33,67,21,68,5,70,27,41,51,76,55,24,79,59,62,25,122,51,72,70,169,86,127,93,229,138,191,113,46,148,86,165,194,353,324,286,306,369,399,509,731,723,677,235,176,381,477,100,454,826,1000,695,258,199,529,445,357,150,216,85,137,132,242,75,129,123,200,52,130,96,134,28,121,90,88,45,113,85,66,56,82
64,170,2,2,119,0,1953125,12,0,6808,2.19,0,0,NaN,0,0,77,45,84,50,57,14,91,29,68,26,82,27,58,79,81,47,43,101,35,84,78,154,12,111,134,218,48,161,187,304,130,85,160,127,119,84,309,331,371,321,348,386,448,582,755,854,608,334,159,472,386,75,569,966,1000,841,187,346,528,618,320,269,153,182,59,253,163,156,74,216,116,120,93,179,63,80,114,145,38,72,115,108,52,78,87
64,170,2,2,119,0,1953125,12,0,6877,2.2,0,0,NaN,0,0,74,13,48,53,80,30,39,61,50,45,32,68,17,48,57,68,29,47,79,40,68,50,107,17,109,99,147,76,196,210,289,95,79,105,105,59,73,310,250,307,254,398,358,559,700,818,699,297,230,528,533,69,425,917,999,708,255,346,552,479,339,160,207,117,137,229,201,95,110,206,138,102,95,146,58,103,88,104,17,91,65,55,29,72,53
64,170,2,2,119,0,1953125,12,0,6858,2.2,0,0,NaN,0,0,81,13,90,13,87,11,74,3,66,19,59,18,32,53,48,61,25,72,17,63,43,108,39,75,102,158,103,127,187,288,194,208,101,101,92,33,269,296,358,277,366,403,426,555,805,944,703,394,202,561,458,113,520,972,1000,848,228,375,540,631,366,243,164,212,93,254,173,163,58,225,139,134,53,169,73,86,69,135,35,75,94,114,36,71,91
64,170,2,2,119,0,1953125,12,0,6833,2.19,0,0,NaN,0,0,10,82,12,81,7,71,10,54,32,60,24,31,57,51,55,29,76,32,59,42,96,59,87,74,119,126,142,115,192,186,246,69,20,175,101,128,174,387,310,281,293,405,391,520,737,752,680,208,197,404,454,90,520,868,1000,661,238,281,601,497,388,186,232,116,170,138,234,91,137,113,187,62,126,89,128,25,119,79,84,39,116,84,67,50,87
64,170,2,2,119,0,1953125,12,0,6808,2.19,0,0,NaN,0,0,47,63,65,75,45,42,66,42,67,43,60,16,82,56,64,39,77,67,51,89,88,109,45,129,99,177,76,178,153,243,198,27,111,210,28,152,229,430,289,349,264,458,364,597,702,843,675,262,108,454,436,33,475,953,1000,731,259,327,563,545,434,168,230,118,136,182,240,96,102,173,200,94,111,146,147,66,100,131,104,56,87,103,66,54,79
64,170,2,2,119,0,1953125,12,0,6858,2.2,0,0,NaN,0,0,75,27,52,64,82,26,35,59,42,44,28,52,4,54,51,48,39,51,61,19,91,58,94,28,135,89,139,75,219,183,262,97,29,119,89,106,132,342,308,292,277,382,393,525,700,741,684,248,186,421,478,43,460,888,1000,676,250,322,596,484,378,144,232,88,162,180,231,56,133,167,175,65,119,123,98,80,107,96,50,90,89,62,27,80,70
64,170,1,2,119,0,1953125,12,0,6858,2.2,0,0,NaN,0,0,19,75,10,93,9,75,12,64,19,60,28,36,37,38,56,17,59,30,60,32,71,67,77,72,87,143,123,132,164,240,268,80,73,171,82,79,136,380,277,326,267,428,359,568,734,841,731,266,159,451,485,5,448,894,1000,686,266,325,603,517,421,154,235,109,181,160,243,74,145,148,200,62,122,110,127,55,108,91,75,77,111,88,49,68,87
64,170,1,2,119,0,1953125,12,0,6883,2.2,0,0,NaN,0,0,22,74,4,90,12,76,15,69,17,56,37,46,28,27,58,22,47,27,62,26,41,80,71,58,33,155,88,135,112,282,248,152,102,149,50,45,167,352,262,332,266,438,335,566,711,904,710,322,144,512,449,38,489,983,1000,746,236,381,563,555,387,171,189,157,133,215,184,110,92,196,137,96,73,138,64,84,69,102,18,93,82,77,24,79,73
64,170,1,2,119,0,1953125,12,0,6858,2.2,0,0,NaN,0,0,38,63,45,65,48,67,37,41,49,45,36,10,47,25,53,25,47,38,46,45,28,92,48,79,35,165,80,144,115,278,231,115,112,163,24,74,195,381,256,326,260,423,298,537,682,837,664,236,156,479,452,33,478,937,1000,716,269,293,550,504,420,149,211,113,170,148,220,71,126,140,184,67,112,97,114,46,93,88,75,67,100,86,50,57,82
64,170,1,2,119,0,1953125,12,0,6853,2.2,0,0,NaN,0,0,16,69,13,90,8,73,11,58,24,61,32,38,43,45,59,25,68,42,72,26,75,67,89,59,84,132,125,119,157,234,266,88,68,155,80,82,134,366,267,314,269,406,325,518,688,803,688,239,189,475,487,52,450,885,1000,705,301,291,571,489,406,164,236,109,178,162,237,74,138,144,193,72,128,103,121,57,110,87,71,65,97,79,48,70,88
64,170,1,2,119,0,1953125,12,0,6808,2.19,0,0,NaN,0,0,50,74,63,51,38,71,40,55,12,72,22,49,48,88,35,43,74,73,48,39,130,81,79,39,185,104,140,69,251,193,162,159,129,97,152,105,293,305,409,228,359,300,435,441,736,717,608,279,217,406,420,81,539,854,1000,815,216,254,547,612,348,254,139,201,93,202,169,178,72,168,144,143,86,154,102,88,86,123,68,61,114,129,77,60,90
64,170,1,2,119,0,1953125,12,0,6858,2.2,0,0,NaN,0,0,75,29,40,69,68,35,25,64,34,40,18,51,9,47,54,42,43,42,69,14,85,55,91,52,131,115,140,100,215,211,271,71,38,135,94,97,113,342,279,318,270,394,356,543,701,798,710,284,175,459,502,46,409,885,1000,720,295,324,581,509,400,149,223,102,141,190,223,77,111,174,162,77,100,130,88,79,89,100,33,85,77,76,35,83,70
64,170,1,2,119,0,1953125,12,0,6883,2.2,0,0,NaN,0,0,41,62,16,85,25,74,17,69,3,59,26,49,18,37,49,27,50,24,64,9,52,55,85,38,53,128,113,114,134,244,275,120,100,143,91,39,119,343,242,302,243,409,314,529,687,839,705,271,168,477,463,24,475,935,1000,691,253,356,590,513,399,149,216,119,167,186,222,80,125,166,168,71,100,114,90,77,93,97,52,71,71,57,20,74,70
64,170,1,2,119,0,1953125,12,0,6858,2.2,0,0,NaN,0,0,70,43,78,46,75,42,65,23,65,23,56,7,46,35,53,47,39,60,29,61,18,112,26,82,61,175,70,149,137,308,195,179,119,148,48,39,238,338,295,314,297,420,343,554,712,894,649,315,152,511,400,67,514,1000,995,787,247,364,549,595,422,201,187,170,135,216,200,125,88,195,162,107,74,147,99,81,67,117,50,86,92,111,47,73,90
64,170,1,2,119,0,1953125,12,0,6878,2.2,0,0,NaN,0,0,25,65,3,81,12,70,9,62,12,58,30,46,26,31,57,24,55,31,70,10,47,62,79,47,46,130,96,119,118,250,248,123,94,138,59,59,131,338,247,324,251,396,289,511,648,809,641,257,193,504,450,85,477,952,999,725,268,345,564,526,398,161,204,139,153,194,208,97,107,173,154,83,85,127,83,81,83,107,50,81,76,70,16,67,67
64,170,1,2,119,0,1953125,12,0,6853,2.2,0,0,NaN,0,0,85,9,89,10,86,3,76,16,67,34,68,33,41,67,58,65,30,86,30,66,51,118,46,82,113,169,109,132,194,294,196,208,100,90,110,22,262,290,373,297,357,367,393,508,740,847,605,311,227,530,411,95,557,992,1000,840,206,383,566,665,384,244,147,222,97,245,164,171,60,218,127,138,60,173,79,94,68,135,39,83,97,119,41,70,94
64,170,1,2,119,0,1953125,12,0,6883,2.2,0,0,NaN,0,0,30,73,39,72,47,66,42,52,45,33,55,31,34,17,56,29,37,56,54,37,2,99,27,71,57,170,60,142,142,309,201,209,82,114,49,53,215,291,324,317,320,392,378,542,731,877,631,337,212,551,428,94,537,995,1000,824,212,400,560,639,365,260,157,200,91,250,149,141,67,212,100,112,68,155,37,74,75,102,25,80,94,75,29,69,72
64,170,1,2,119,0,1953125,12,0,6883,2.2,0,0,NaN,0,0,15,70,6,81,10,82,12,62,19,60,24,40,25,26,43,16,51,18,55,18,46,62,70,54,43,141,108,125,130,257,265,114,86,160,91,65,112,351,262,326,266,400,314,522,680,796,671,249,217,470,467,83,480,898,1000,679,269,317,599,514,417,145,224,122,195,151,232,74,142,125,178,47,110,86,109,47,95,68,56,69,99,72,40,62,74
64,170,1,2,119,0,1953125,12,0,6878,2.2,0,0,NaN,0,0,22,72,2,80,9,82,12,61,21,68,27,42,33,36,53,25,58,27,68,15,57,57,86,45,59,134,124,115,141,252,286,119,90,148,94,59,116,357,266,327,285,409,326,530,712,815,700,251,232,479,495,52,465,879,1000,679,272,293,586,491,399,132,213,112,196,141,221,61,143,120,179,51,123,84,111,47,109,74,65,47,78,55,35,63,78
64,170,1,2,119,0,1953125,12,0,6858,2.2,0,0,NaN,0,0,67,50,75,53,68,50,53,25,62,22,49,0,46,32,51,43,38,62,30,61,22,116,26,89,65,188,67,157,142,321,205,162,131,171,43,44,246,368,309,352,316,447,347,586,739,921,667,310,178,546,443,70,493,991,1000,765,239,369,561,584,422,179,201,181,158,210,215,117,96,186,171,99,80,139,106,76,72,122,67,91,99,111,48,62,87
64,170,1,2,119,0,1953125,12,0,6883,2.2,0,0,NaN,0,0,81,51,67,26,89,36,67,21,68,4,61,20,29,43,46,46,4,69,26,43,55,92,39,42,119,120,117,77,223,252,242,218,37,31,134,56,201,231,382,248,387,328,457,492,810,822,711,359,265,475,472,97,550,878,1000,760,189,357,625,618,328,235,182,186,159,211,176,118,145,170,142,80,131,111,91,44,123,71,67,68,126,65,55,69,84
64,170,1,2,119,0,1953125,12,0,6858,2.2,0,0,NaN,0,0,14,79,14,81,13,75,8,53,29,59,22,29,39,25,50,22,56,20,58,26,57,66,79,65,76,144,129,118,162,244,285,91,63,166,98,91,140,371,270,309,300,409,340,521,739,799,710,229,249,461,507,24,474,844,1000,666,257,268,595,501,394,171,213,109,179,131,223,80,137,108,186,59,123,79,125,27,112,63,66,37,105,70,52,50,86
64,170,1,2,119,0,1953125,12,0,6853,2.2,0,0,NaN,0,0,5,82,23,98,8,76,24,69,35,68,43,40,43,40,67,28,70,39,70,30,62,77,79,76,71,157,112,142,147,271,269,99,93,170,64,75,158,384,258,327,258,438,331,571,722,865,702,257,210,530,516,34,446,929,1000,692,252,333,577,501,398,144,231,116,165,176,233,77,127,162,188,69,109,118,116,63,92,95,55,85,103,90,40,68,82
64,170,1,2,119,0,1953125,12,0,6858,2.2,0,0,NaN,0,0,46,59,65,72,55,53,54,44,51,22,56,11,35,36,58,31,35,69,42,51,29,121,23,83,75,190,64,161,160,326,195,167,108,162,68,61,232,338,316,323,293,409,377,568,730,894,640,348,205,559,435,133,511,1000,985,789,192,430,598,641,380,214,185,222,111,248,187,156,71,236,152,137,70,186,91,96,77,146,51,95,94,110,30,72,85
64,170,1,2,119,0,1953125,12,0,6833,2.19,0,0,NaN,0,0,35,72,49,82,37,60,41,39,59,47,50,11,71,49,69,31,70,50,48,70,69,109,63,116,88,184,101,168,157,277,243,64,92,205,47,103,190,417,277,332,244,444,350,594,715,835,662,224,202,516,494,25,465,934,1000,682,246,367,627,537,429,139,239,118,168,160,244,75,127,148,200,58,111,119,141,48,98,97,82,73,113,105,68,60,89
64,170,1,2,119,0,1953125,12,0,6883,2.2,0,0,NaN,0,0,7,85,24,90,36,84,28,70,45,51,52,49,33,13,73,31,38,53,67,28,2,113,52,62,63,193,55,148,164,344,215,208,70,145,58,67,210,285,329,312,328,404,429,587,812,965,726,420,202,563,469,122,554,995,1000,783,101,480,643,667,302,239,168,217,117,278,162,143,123,235,106,98,118,161,49,68,120,106,32,64,101,52,62,77,77
64,170,1,2,119,0,1953125,12,0,6883,2.2,0,0,NaN,0,0,14,71,19,80,22,82,14,54,33,59,25,28,41,25,47,18,55,24,55,26,33,81,64,64,28,162,101,142,117,291,269,141,98,168,77,43,171,382,250,314,258,449,328,568,724,880,698,251,201,505,450,74,546,988,1000,634,195,446,662,537,394,137,241,139,188,183,232,69,130,159,180,64,112,111,103,63,92,89,56,87,96,70,30,75,75
64,170,1,2,119,0,1953125,12,0,6883,2.2,0,0,NaN,0,0,25,70,2,85,6,81,7,59,16,64,22,38,25,25,43,14,50,17,58,18,48,65,76,57,56,145,116,128,148,269,289,107,72,176,111,70,129,382,277,319,281,435,349,553,744,860,744,278,237,474,484,46,519,923,1000,622,195,398,676,525,389,126,263,135,200,151,243,65,149,137,195,44,119,92,117,48,112,81,76,66,102,57,30,66,82
64,170,1,2,119,0,1953125,12,0,6833,2.19,0,0,NaN,0,0,61,67,57,63,55,50,49,30,67,36,51,23,72,37,61,42,64,52,53,71,62,106,65,106,80,193,117,161,152,275,252,58,85,217,56,130,212,449,296,333,281,461,363,570,733,829,704,233,201,435,447,74,527,915,1000,631,226,375,683,549,420,142,254,134,195,133,250,84,139,117,215,73,130,85,144,26,114,79,94,42,122,100,83,41,89
64,170,1,2,119,0,1953125,12,0,6883,2.2,0,0,NaN,0,0,81,36,54,67,74,41,39,58,41,44,20,52,8,37,44,40,41,34,60,28,69,43,94,41,102,113,142,105,203,235,311,101,71,143,121,70,117,378,298,320,285,444,394,574,756,867,773,309,230,487,517,6,479,926,1000,629,194,436,676,530,381,139,259,127,178,197,240,66,131,182,177,69,113,131,97,82,97,90,39,84,73,64,27,85,69
64,170,1,2,119,0,1953125,12,0,6883,2.2,0,0,NaN,0,0,30,76,10,86,16,88,20,63,12,67,17,39,25,33,45,23,52,18,59,7,51,53,81,46,61,139,134,115,157,260,310,113,79,164,118,65,133,387,286,311,291,447,384,570,775,866,766,293,257,461,486,40,522,901,999,625,256,413,703,547,397,129,249,124,198,141,235,61,154,127,188,40,129,89,123,36,110,70,75,67,106,55,31,66,81
64,170,1,2,119,0,1953125,12,0,6833,2.19,0,0,NaN,0,0,79,41,76,40,70,30,57,3,71,11,47,25,59,39,48,49,41,63,26,75,34,124,31,102,70,202,73,163,128,308,208,105,150,204,13,81,277,435,291,339,290,478,350,602,739,915,695,274,154,492,439,70,531,994,1000,670,189,434,670,585,453,138,239,134,168,159,243,82,121,154,208,71,114,127,155,57,113,114,111,43,93,99,74,58,96
64,170,1,2,119,0,1953125,12,0,6853,2.2,0,0,NaN,0,0,28,72,8,103,20,73,15,78,13,63,39,47,44,53,77,29,69,49,79,30,83,87,93,74,96,162,125,148,179,278,277,86,72,176,70,84,150,390,273,347,273,462,362,596,732,885,711,297,207,518,473,31,512,989,1000,656,163,467,666,564,384,147,235,146,138,214,218,93,106,211,172,94,96,161,101,96,103,134,61,78,75,83,31,82,75
64,170,1,2,119,0,1953125,12,0,6872,2.2,0,0,NaN,0,0,27,60,47,69,45,57,51,47,53,32,62,28,47,34,67,40,54,67,62,47,14,110,44,76,45,169,67,145,132,303,200,203,84,128,61,53,219,307,309,290,314,415,399,550,740,895,652,361,220,535,386,80,581,1000,940,702,132,514,622,611,291,217,175,207,93,259,152,134,89,231,106,112,94,178,54,92,98,129,21,80,93,83,38,77,81
64,170,1,2,119,0,1953125,12,0,6858,2.2,0,0,NaN,0,0,87,21,87,22,82,21,70,26,49,44,48,33,18,66,32,57,33,75,22,39,82,83,74,40,153,126,157,89,244,247,237,204,93,68,156,48,286,296,404,227,401,379,487,511,846,890,724,376,237,483,404,28,642,978,1000,744,118,489,695,707,332,243,180,240,99,245,160,160,98,224,134,127,93,170,77,79,101,128,36,67,120,109,42,72,101
64,170,1,2,119,0,1953125,12,0,6833,2.19,0,0,NaN,0,0,57,51,78,66,58,44,58,23,63,26,53,11,63,46,58,39,48,64,32,76,48,120,32,111,72,190,67,169,133,285,178,77,133,193,48,108,264,418,297,337,293,465,360,578,694,848,612,242,179,504,396,70,552,1000,954,658,147,480,654,593,404,156,223,168,141,195,214,100,84,189,175,99,92,151,119,75,93,136,87,59,78,100,44,69,86
64,170,1,2,119,0,1953125,12,0,6858,2.2,0,0,NaN,0,0,26,75,7,103,19,66,15,75,15,56,35,45,33,36,63,16,57,40,64,39,67,91,80,84,80,167,105,154,156,279,252,83,81,190,48,103,173,402,278,347,277,478,374,601,724,895,697,301,192,536,464,57,518,1000,981,655,158,531,704,609,398,197,255,170,134,242,226,104,94,231,175,105,91,167,89,91,90,132,40,106,102,104,35,92,91
64,170,1,2,119,0,1953125,12,0,6833,2.19,0,0,NaN,0,0,53,56,67,61,57,46,54,30,56,23,47,9,58,40,55,44,50,60,31,77,43,114,27,114,77,198,71,166,130,291,188,85,134,205,46,101,253,414,292,337,303,483,368,593,716,881,646,271,180,519,408,79,538,1000,961,675,198,488,661,585,404,188,257,173,148,201,225,103,99,202,188,99,98,156,125,82,103,141,89,72,96,116,60,73,94
64,170,1,2,119,0,1953125,12,0,6853,2.2,0,0,NaN,0,0,12,78,34,97,24,65,38,69,36,41,52,36,44,36,74,26,55,60,68,41,42,115,58,83,64,191,74,158,133,298,197,117,99,164,42,84,218,358,291,326,283,435,376,567,679,833,582,284,213,544,402,116,555,1000,933,675,122,562,683,649,346,211,204,213,87,253,169,132,80,242,126,117,91,192,69,105,105,149,47,112,112,104,28,84,84
64,170,1,2,119,0,1953125,12,0,6808,2.19,0,0,NaN,0,0,92,47,103,26,71,52,77,51,60,64,52,65,56,94,46,75,55,95,30,73,106,126,71,87,174,184,123,127,224,275,125,150,207,125,161,74,385,366,416,279,408,412,470,556,821,903,638,315,226,527,399,46,621,1000,972,758,75,480,643,697,364,260,188,242,70,246,171,166,27,225,137,146,56,199,100,105,81,178,85,77,74,121,47,63,90
64,170,1,2,119,0,1953125,12,0,6833,2.19,0,0,NaN,0,0,54,70,62,75,52,45,70,46,51,2,75,26,48,55,80,35,28,91,50,58,58,147,24,96,127,225,65,161,184,317,145,114,146,140,126,76,300,335,378,318,351,389,452,555,758,850,613,323,223,514,400,41,623,1000,981,724,57,514,687,666,276,263,218,237,97,262,167,138,129,233,126,105,138,179,74,75,143,131,66,82,118,75,59,83,90
64,170,1,2,119,0,1953125,12,0,6808,2.19,0,0,NaN,0,0,73,36,94,53,63,12,86,16,77,28,71,29,77,68,66,58,60,88,29,100,72,139,22,139,107,209,56,186,153,290,152,57,167,195,95,129,303,418,326,339,300,447,386,589,707,858,597,259,148,489,363,43,567,1000,928,666,66,505,644,638,383,215,225,210,109,224,195,127,51,221,163,126,71,184,111,89,75,147,65,88,105,134,58,69,90
64,170,1,2,119,0,1953125,12,0,6833,2.19,0,0,NaN,0,0,28,73,4,99,20,55,27,78,13,52,44,44,47,51,76,23,67,51,70,48,94,98,82,99,112,174,107,159,178,259,231,31,70,199,35,154,202,424,299,370,280,461,368,596,701,846,647,260,162,492,411,78,537,1000,960,642,126,526,676,590,367,219,265,184,123,230,206,98,80,230,156,108,85,180,86,102,90,131,33,114,110,111,47,97,90
64,170,1,2,119,0,1953125,12,0,6808,2.19,0,0,NaN,0,0,67,56,86,70,57,31,76,30,76,33,67,21,83,63,71,52,72,80,40,99,79,131,32,142,104,207,63,191,155,284,183,35,151,228,70,151,265,442,315,366,280,461,366,603,703,858,625,256,138,482,383,78,539,1000,957,664,116,506,683,637,432,182,242,190,141,207,221,119,87,219,199,119,91,176,139,91,90,151,92,84,100,128,70,77,92
64,170,1,2,119,0,1953125,12,0,6833,2.19,0,0,NaN,0,0,22,80,7,102,19,59,24,77,15,48,45,41,47,50,74,14,63,56,75,47,83,100,75,106,114,181,110,165,179,272,239,39,84,207,34,134,201,424,306,379,276,456,356,602,717,881,680,292,163,524,463,0,512,1000,979,671,115,526,690,629,395,205,249,190,113,240,207,114,74,234,154,118,93,197,94,107,99,152,54,119,113,114,40,92,92
64,170,1,2,119,0,1953125,12,0,6858,2.2,0,0,NaN,0,0,38,71,6,100,25,68,11,78,3,56,29,42,36,42,62,19,64,38,68,33,75,82,83,77,88,159,118,151,166,266,263,81,80,195,67,105,166,414,292,347,268,471,365,583,724,890,710,280,213,555,510,6,512,999,1000,650,147,507,691,576,385,196,279,170,150,214,219,89,106,216,173,96,100,162,93,98,99,128,43,94,94,101,47,95,87
64,170,1,2,119,0,1953125,12,0,6833,2.19,0,0,NaN,0,0,46,66,60,72,49,52,54,37,65,39,51,11,70,48,66,39,63,57,45,76,58,110,48,115,75,201,94,170,132,285,212,74,119,219,42,122,237,444,296,345,283,489,368,594,727,889,675,261,209,538,464,45,533,1000,983,635,158,526,729,612,435,170,277,169,170,189,247,85,108,187,203,86,113,151,137,75,114,135,100,59,88,101,54,77,100
64,170,1,2,119,0,1953125,12,0,6808,2.19,0,0,NaN,0,0,60,69,75,76,57,48,71,42,70,36,63,22,86,55,65,45,74,65,41,96,79,122,42,139,95,199,78,179,137,259,192,38,154,242,65,171,273,472,311,360,282,495,383,617,722,870,652,235,174,521,453,63,539,1000,964,638,109,512,697,615,438,193,274,167,147,191,236,93,88,192,192,91,98,166,145,79,99,141,105,64,80,103,57,74,88
64,170,1,2,119,0,1953125,12,0,6808,2.19,0,0,NaN,0,0,28,80,54,99,25,50,70,65,55,48,77,32,76,61,80,24,78,76,65,85,97,126,58,139,122,201,81,193,174,273,209,38,135,236,65,200,278,486,339,405,298,498,407,662,761,920,687,286,152,540,469,35,499,1000,977,684,103,541,713,669,433,224,271,206,128,235,225,119,64,235,178,121,87,204,125,102,94,167,79,108,112,131,58,89,93
64,170,1,2,119,0,1953125,12,0,6808,2.19,0,0,NaN,0,0,22,80,45,99,20,53,58,68,47,49,59,26,75,62,76,17,77,62,61,78,95,106,54,138,123,184,89,176,170,237,204,55,121,235,59,206,260,476,321,388,291,497,398,630,723,855,656,250,172,518,460,25,514,1000,987,665,120,515,707,631,427,192,274,186,139,219,234,102,76,219,188,102,88,186,125,93,100,156,76,104,123,140,66,86,101
64,170,1,2,119,0,1953125,12,0,6808,2.19,0,0,NaN,0,0,81,54,90,56,63,12,98,36,70,23,88,31,70,82,85,51,49,109,39,88,84,171,20,123,135,231,49,175,191,320,137,80,196,163,162,129,357,402,420,374,377,448,505,658,820,925,644,349,196,536,428,85,582,1000,989,782,57,511,686,725,353,274,204,249,52,261,167,155,82,248,133,132,109,212,81,87,117,160,41,78,125,120,54,90,105
64,170,1,2,119,0,1953125,12,0,6808,2.19,0,0,NaN,0,0,40,78,57,86,38,46,78,62,62,43,75,27,79,65,89,39,77,80,63,90,91,135,58,139,116,210,80,182,159,278,194,27,140,228,62,178,286,462,327,390,315,501,416,665,766,919,667,278,141,516,411,38,537,1000,943,658,89,567,711,672,416,238,263,207,105,238,212,128,54,236,165,118,74,199,109,98,89,169,78,108,103,125,44,81,89
64,170,1,2,119,0,1953125,12,0,6808,2.19,0,0,NaN,0,0,47,72,63,82,40,39,77,52,59,29,79,25,71,63,86,37,65,85,60,83,76,142,45,128,109,215,62,184,159,291,177,28,157,221,92,172,299,447,345,395,329,489,421,654,764,916,643,300,178,546,433,67,521,1000,962,710,84,532,688,683,394,250,258,241,102,248,208,147,45,242,160,126,63,198,101,98,84,152,44,99,116,136,50,89,99
64,170,1,2,119,0,1953125,12,0,6808,2.19,0,0,NaN,0,0,17,79,46,98,24,55,64,75,45,45,63,24,79,69,88,25,78,72,69,77,95,118,59,139,129,194,86,184,178,252,196,50,116,239,62,210,258,468,324,401,304,502,418,666,751,878,654,266,162,498,419,79,522,1000,975,665,126,541,729,654,428,180,263,201,137,212,224,110,73,227,186,109,83,190,121,83,85,155,73,105,114,130,56,88,98
64,170,1,2,119,0,1953125,12,0,6808,2.19,0,0,NaN,0,0,41,71,60,87,37,42,75,60,54,30,78,24,73,64,87,32,64,81,54,87,84,142,48,136,112,210,58,179,155,275,175,34,161,234,87,177,291,450,341,396,316,486,431,665,754,893,630,288,157,514,404,50,533,1000,950,683,75,557,711,687,406,199,224,215,85,240,198,133,44,242,162,122,66,203,104,95,91,167,59,81,102,132,53,86,97
64,170,1,2,119,0,1953125,12,0,6808,2.19,0,0,NaN,0,0,31,79,56,97,30,48,71,68,49,39,71,23,75,63,84,24,69,77,60,83,90,133,53,139,117,210,81,182,160,272,202,40,150,233,66,173,268,451,321,387,312,520,459,700,777,923,683,318,112,485,403,27,532,1000,948,679,113,579,734,690,427,201,240,205,102,236,209,125,52,242,167,122,76,209,114,103,94,167,67,79,93,126,54,90,95
64,170,1,2,119,0,1953125,12,0,6827,2.19,0,0,NaN,0,0,23,77,10,107,13,66,25,80,15,50,46,40,49,50,79,16,64,58,78,54,94,110,82,109,123,196,117,169,188,281,243,30,92,236,48,141,216,451,318,390,294,516,445,696,790,931,722,328,141,486,413,97,530,999,965,664,194,608,765,674,425,204,258,193,121,242,214,112,79,252,175,126,93,200,104,110,102,159,59,94,90,99,35,93,88
64,170,1,2,119,0,1953125,12,0,6803,2.19,0,0,NaN,0,0,102,5,117,20,85,19,99,20,70,53,84,45,61,98,72,61,45,110,18,83,101,160,40,111,173,225,91,157,220,320,125,129,231,168,161,63,380,394,438,320,410,461,553,665,889,985,713,399,173,518,413,80,615,1000,992,776,90,564,739,779,393,252,185,260,41,244,157,171,68,251,148,158,80,207,89,106,103,168,59,100,129,143,52,87,117
64,170,1,2,119,0,1953125,12,0,6858,2.2,0,0,NaN,0,0,43,75,15,100,39,74,6,78,14,53,23,47,25,28,72,31,47,38,77,24,53,102,87,77,79,193,111,155,157,299,248,77,83,197,35,85,202,398,293,362,287,478,404,648,778,962,738,389,157,525,436,18,535,1000,959,689,109,576,710,676,372,220,212,207,78,255,168,131,81,246,121,120,87,183,50,101,96,128,10,88,96,78,47,87,81
64,170,1,2,119,0,1953125,12,0,6853,2.2,0,0,NaN,0,0,29,61,54,79,42,59,47,48,54,40,53,19,55,38,68,37,59,61,61,55,42,112,58,85,49,188,86,160,125,301,215,120,114,194,43,66,230,401,295,338,297,477,372,593,733,909,671,311,188,521,400,69,558,1000,946,643,147,550,696,616,382,180,232,199,136,217,195,121,91,217,159,112,87,170,99,101,88,137,60,109,105,106,36,81,89
64,170,1,2,119,0,1953125,12,0,6853,2.2,0,0,NaN,0,0,77,27,93,31,89,20,77,14,68,21,67,22,36,69,60,58,29,100,38,61,57,123,34,63,138,176,122,130,225,304,199,196,111,102,129,20,298,319,419,291,410,416,502,570,854,921,700,374,249,518,403,27,653,1000,992,737,171,567,741,731,336,252,197,254,102,250,161,160,114,231,135,131,116,180,80,86,120,135,46,71,118,97,54,79,99
64,170,1,2,119,0,1953125,12,0,6808,2.19,0,0,NaN,0,0,81,19,93,8,70,27,72,32,66,42,53,59,62,78,47,68,44,89,19,82,75,132,45,110,136,204,82,153,175,293,130,112,208,170,109,81,365,410,374,333,379,468,420,596,770,914,632,304,165,508,370,32,595,1000,936,700,95,527,679,692,430,210,207,221,120,213,191,142,53,211,166,131,61,178,123,98,69,144,76,75,96,142,78,70,96
64,170,1,2,119,0,1953125,12,0,6808,2.19,0,0,NaN,0,0,21,78,43,91,27,45,68,65,51,42,73,30,78,64,85,27,75,75,66,78,91,130,61,140,126,212,97,193,185,278,211,32,112,229,40,183,262,466,325,409,318,511,410,661,756,902,684,296,124,475,402,54,531,1000,971,677,122,538,715,668,439,202,255,200,127,226,222,125,69,232,180,122,83,196,122,105,97,170,90,103,104,122,52,88,95
64,170,1,2,119,0,1953125,12,0,6808,2.19,0,0,NaN,0,0,30,77,53,93,32,50,73,64,56,45,79,31,78,70,89,32,80,86,71,84,101,137,63,140,132,214,92,184,176,274,194,27,114,231,57,192,261,458,333,410,308,497,412,648,723,856,642,292,128,460,373,80,535,1000,964,688,157,560,740,694,450,183,236,206,125,217,209,124,63,227,173,121,76,195,117,100,90,161,73,107,113,132,55,92,105
64,170,1,2,119,0,1953125,12,0,6808,2.19,0,0,NaN,0,0,32,83,58,101,25,52,65,67,55,44,75,33,76,63,86,27,76,74,65,76,90,133,59,144,129,216,97,186,176,281,219,34,125,235,36,171,270,471,333,416,326,528,432,692,784,930,702,299,146,527,460,10,514,999,979,690,129,556,734,694,454,215,266,212,131,233,230,130,68,237,184,125,85,202,128,102,94,164,75,92,110,142,64,92,103
64,170,1,2,119,0,1953125,12,0,6808,2.19,0,0,NaN,0,0,38,78,60,92,36,43,75,60,56,36,76,26,79,65,91,36,76,81,61,89,90,141,51,147,123,220,77,204,184,304,202,14,134,242,54,164,273,462,335,405,331,528,443,692,796,967,734,362,112,494,423,13,526,999,966,697,101,537,700,680,417,217,251,220,111,241,213,140,59,241,169,128,73,203,111,109,92,172,74,104,104,126,48,87,95
64,170,1,2,119,0,1953125,12,0,6808,2.19,0,0,NaN,0,0,21,80,42,95,26,58,64,72,46,51,68,30,80,70,86,28,88,72,70,77,106,120,65,140,141,199,107,178,184,250,212,57,103,237,30,184,246,470,319,397,300,510,418,659,749,875,684,277,128,456,403,74,548,1000,976,639,113,557,748,662,446,156,247,180,138,215,232,106,76,217,187,110,88,184,128,95,91,152,83,105,116,125,56,83,95
64,170,1,2,119,0,1953125,12,0,6853,2.2,0,0,NaN,0,0,56,61,27,94,49,62,8,85,20,55,27,63,19,41,74,43,51,39,85,16,70,86,100,70,105,174,135,140,185,280,277,64,64,194,60,108,164,406,305,393,302,504,424,671,781,941,753,378,181,508,448,78,514,1000,982,674,146,577,735,661,401,204,236,195,111,255,191,125,94,256,145,129,97,195,71,118,106,146,43,104,92,88,51,100,84
64,170,1,2,119,0,1953125,12,0,6808,2.19,0,0,NaN,0,0,23,96,30,92,27,78,40,68,51,70,52,41,83,68,73,34,96,53,69,63,118,84,89,109,150,148,138,142,211,203,240,91,69,232,90,180,225,468,349,357,337,484,429,590,795,844,764,263,197,421,481,94,522,899,1000,599,170,437,751,591,445,156,282,142,180,123,251,75,134,128,219,58,133,111,163,39,127,105,122,56,119,88,72,57,96
64,170,1,2,119,0,1953125,12,0,0,1,0,0,NaN,0,0,399,388,397,372,326,333,319,276,241,213,210,176,141,143,134,135,176,202,213,281,282,337,374,375,380,470,499,449,430,601,610,386,615,658,614,465,562,694,561,552,442,671,609,663,143,703,650,427,527,604,711,660,142,1000,734,873,216,937,297,440,636,497,398,464,416,531,479,403,334,461,475,370,267,334,380,330,234,201,247,239,166,99,85,131,80
64,170,1,2,119,0,1953125,12,0,6808,2.19,0,0,NaN,0,0,37,31,30,27,38,31,25,19,32,23,18,22,18,19,15,32,12,29,6,38,29,45,19,62,57,35,62,54,27,73,16,82,105,48,34,127,155,278,397,451,420,409,469,557,522,368,526,863,706,198,373,368,602,389,595,999,775,371,38,155,262,160,149,130,124,152,47,45,40,58,58,47,32,19,50,15,24,9,30,16,10,7,7,1,8
64,170,1,2,119,0,1953125,12,0,6808,2.19,0,0,NaN,0,0,99,28,80,50,79,48,67,65,48,66,54,68,32,99,64,58,60,97,56,29,133,113,82,30,205,140,141,58,268,201,163,148,144,107,149,140,291,341,430,287,394,353,488,507,790,731,688,279,213,378,467,76,536,838,1000,634,135,417,768,626,379,165,266,169,156,149,247,97,139,136,206,52,157,120,150,42,152,102,104,72,143,89,66,75,97
64,170,1,2,119,0,1953125,12,0,6808,2.19,0,0,NaN,0,0,49,68,72,80,51,42,82,57,58,27,84,31,73,64,88,37,62,89,61,84,76,148,47,128,112,224,67,181,162,298,176,30,152,209,75,139,293,428,350,395,333,473,412,635,754,907,649,326,152,518,412,49,537,1000,976,737,94,522,688,707,407,222,210,238,97,257,200,158,44,242,151,144,76,208,100,106,92,163,59,109,120,137,50,82,99
64,170,1,2,119,0,1953125,12,0,6808,2.19,0,0,NaN,0,0,36,72,60,92,33,45,70,61,52,34,70,23,73,62,82,37,76,84,66,77,84,132,53,127,108,202,68,179,159,274,184,23,136,222,61,162,266,437,328,391,301,462,374,606,707,862,631,299,160,512,419,42,526,1000,983,717,124,524,701,690,431,193,216,211,109,234,206,136,53,234,164,130,75,200,108,107,94,162,66,104,115,137,49,81,97
64,170,1,2,119,0,1953125,12,0,6808,2.19,0,0,NaN,0,0,17,84,43,100,16,56,61,72,46,53,72,36,72,65,86,24,79,68,67,77,102,121,68,131,129,190,98,182,180,246,201,46,104,234,48,182,229,443,314,399,299,485,393,627,711,838,642,267,153,479,411,68,524,1000,990,685,153,522,720,651,435,171,253,204,151,222,238,120,79,219,188,113,91,197,138,102,104,165,92,84,96,128,64,87,97
64,170,1,2,119,0,1953125,12,0,0,1,0,0,NaN,0,0,391,400,409,385,338,319,341,280,265,211,223,187,151,142,160,159,164,191,247,272,276,337,398,390,411,472,508,499,453,550,686,474,599,659,648,485,560,722,531,563,503,655,585,616,308,605,753,391,569,516,846,689,49,1000,831,830,171,941,396,410,625,523,398,490,402,521,498,414,332,465,483,403,287,321,380,334,240,207,238,271,183,86,84,112,100
64,170,1,2,119,0,1953125,12,0,6833,2.19,0,0,NaN,0,0,36,34,27,27,36,33,27,17,31,22,18,18,17,16,17,28,17,28,15,35,33,43,18,55,45,36,52,34,43,69,31,88,83,64,51,111,133,236,382,408,415,347,465,498,524,320,517,829,712,224,393,373,604,412,545,1000,764,350,80,187,225,173,143,138,130,123,62,35,47,48,54,30,40,8,45,4,26,4,20,8,7,12,4,1,10
64,170,1,2,119,0,1953125,12,0,6852,2.2,0,0,NaN,0,0,99,10,75,32,103,3,65,42,67,36,55,56,26,74,61,68,28,87,56,49,86,93,79,16,160,121,155,51,248,205,246,144,57,77,158,65,209,295,384,260,365,352,472,514,795,754,714,284,285,433,495,30,552,857,1000,623,219,451,768,597,356,146,273,150,180,150,235,61,180,155,203,45,159,109,127,64,153,92,74,77,123,75,63,84,90
64,170,1,2,119,0,1953125,12,0,6808,2.19,0,0,NaN,0,0,88,29,105,10,72,31,77,33,62,51,53,60,59,86,47,71,53,98,27,86,89,131,50,98,152,192,100,147,194,277,108,114,204,150,155,76,352,374,392,314,377,431,447,578,759,865,587,292,211,515,367,45,593,1000,956,744,102,511,670,712,409,217,182,246,102,226,175,171,47,224,158,153,57,191,115,110,71,160,81,91,97,143,69,65,90
64,170,1,2,119,0,1953125,12,0,6808,2.19,0,0,NaN,0,0,56,76,67,85,42,36,84,57,58,28,84,27,72,67,90,38,66,94,61,83,83,155,50,137,119,229,69,189,164,294,175,19,147,207,94,171,284,424,350,410,330,475,430,659,736,868,612,309,134,482,374,116,533,1000,974,751,129,522,690,707,411,217,218,246,102,246,193,159,50,247,157,144,81,215,105,108,99,177,66,102,119,141,55,87,104
64,170,1,2,119,0,1953125,12,0,0,1,0,0,NaN,0,0,314,334,370,322,276,258,304,261,191,168,181,177,126,89,144,149,135,149,231,252,240,248,312,387,390,295,414,491,518,374,470,620,471,422,430,562,530,465,420,432,615,419,350,201,740,201,754,307,428,180,967,89,575,443,1000,227,499,473,741,305,354,353,524,433,353,352,400,433,383,289,354,338,308,258,266,267,231,199,170,186,152,124,72,87,56
64,170,1,2,119,0,1953125,12,0,6808,2.19,0,0,NaN,0,0,35,36,27,26,35,31,22,14,31,17,20,13,17,16,18,23,22,24,21,30,36,39,22,49,35,39,37,18,59,64,52,90,58,69,69,91,116,247,382,372,434,320,460,474,527,294,515,843,713,213,342,380,596,422,529,1000,738,324,82,203,201,170,171,132,133,94,67,11,55,27,51,22,48,14,38,11,25,11,14,16,8,11,3,2,9
64,170,1,2,119,0,1953125,12,0,6808,2.19,0,0,NaN,0,0,82,36,93,45,67,19,92,22,61,34,84,36,55,81,77,52,44,114,34,78,92,167,19,106,154,229,58,147,205,309,118,93,192,148,136,63,331,343,421,334,400,426,511,614,813,888,657,374,176,480,395,74,616,981,1000,769,78,538,757,778,380,271,206,276,80,253,170,172,95,229,140,135,129,206,104,96,127,157,70,93,133,119,60,88,106
64,170,1,2,119,0,1953125,12,0,6808,2.19,0,0,NaN,0,0,51,68,24,89,42,59,21,88,8,64,45,61,46,79,78,36,79,63,79,30,132,80,95,91,186,132,140,124,240,176,216,117,57,193,74,199,190,402,318,368,315,443,418,602,735,768,682,240,142,399,416,74,530,951,1000,607,133,526,781,623,444,154,296,158,163,195,258,77,113,198,202,83,122,172,135,94,126,144,85,109,124,115,58,94,97
64,170,1,2,119,0,1953125,12,0,6808,2.19,0,0,NaN,0,0,22,84,41,97,20,56,61,71,46,49,67,34,76,68,90,29,78,70,73,74,98,120,70,130,127,195,101,176,179,256,212,45,107,232,42,190,245,459,315,404,323,514,404,643,736,872,681,277,106,451,381,93,538,1000,981,681,166,526,717,648,442,183,256,197,152,216,232,118,79,213,179,112,88,187,130,99,93,154,80,103,112,127,60,88,98
64,170,1,2,119,0,1953125,12,0,6808,2.19,0,0,NaN,0,0,95,37,94,37,75,12,94,33,69,32,84,44,56,88,83,56,37,110,37,74,90,157,29,94,169,221,79,142,220,299,109,95,200,140,171,99,354,349,436,342,433,425,510,582,793,836,628,335,215,462,407,135,613,964,1000,776,152,494,704,704,326,264,230,271,95,246,192,174,110,225,164,137,139,198,119,94,144,160,89,75,129,115,80,91,109
64,170,1,2,119,0,1953125,12,0,0,1,0,0,NaN,0,0,837,817,816,853,887,891,878,884,919,930,911,886,915,929,884,844,847,876,830,787,766,774,763,721,680,700,735,659,613,674,800,611,685,782,792,686,707,830,836,824,690,858,919,975,701,986,607,980,708,949,708,821,1000,414,906,739,873,449,944,625,567,578,723,674,599,615,666,694,645,657,708,704,670,695,702,717,680,681,685,681,668,643,628,623,600
64,170,2,2,119,0,1953125,12,0,0,1,0,0,NaN,0,0,42,62,41,60,34,57,33,56,23,55,19,53,17,55,29,66,45,67,50,78,52,83,62,92,64,91,75,117,98,117,133,128,118,143,226,304,171,305,296,525,440,555,465,643,560,718,752,1000,820,622,554,479,450,254,419,625,444,117,252,338,495,324,330,194,85,110,68,27,76,29,84,21,65,18,88,10,66,24,80,30,66,38,48,16,41
64,170,2,2,119,0,1953125,12,0,6802,2.19,0,0,NaN,0,0,32,38,26,28,32,31,20,14,28,17,21,11,19,14,17,16,23,19,24,24,37,34,26,44,28,35,28,21,64,53,66,86,43,70,79,81,95,247,378,368,431,324,456,473,534,301,495,822,693,258,321,371,551,408,534,1000,706,299,80,250,214,166,171,127,130,85,67,5,56,17,38,28,52,17,29,17,25,14,6,14,13,9,8,6,12
64,170,2,2,119,0,1953125,12,0,6808,2.19,0,0,NaN,0,0,94,29,75,50,80,39,51,63,42,61,42,60,27,89,59,54,60,86,57,24,127,97,78,34,205,125,135,58,267,183,159,142,144,116,138,155,285,337,402,293,399,375,482,516,788,731,689,279,166,328,406,62,566,854,1000,626,170,417,750,598,383,162,277,163,164,148,252,90,142,137,209,54,157,121,147,39,145,100,94,63,129,90,72,74,94
64,170,2,2,119,0,1953125,12,0,6808,2.19,0,0,NaN,0,0,80,42,55,64,65,48,36,76,31,61,37,63,28,83,62,47,66,72,68,13,131,81,89,55,203,117,143,76,264,165,182,130,106,141,116,182,249,361,377,325,372,389,453,534,752,708,672,249,157,330,406,51,525,865,1000,633,190,397,718,563,401,141,286,151,172,145,256,72,124,140,204,51,139,124,143,50,130,103,91,69,109,85,62,82,93
64,170,2,2,119,0,1953125,12,0,6808,2.19,0,0,NaN,0,0,93,13,81,27,74,37,63,51,51,59,58,56,31,94,60,59,53,100,47,43,119,118,70,46,197,151,121,71,257,216,131,129,164,88,154,137,329,319,424,288,430,367,495,508,789,732,640,273,211,356,389,20,607,875,1000,678,186,412,730,626,366,218,269,209,160,176,234,127,142,149,197,84,152,127,139,47,147,103,96,62,137,95,84,80,104
64,170,2,2,119,0,1953125,12,0,0,1,0,0,NaN,0,0,305,309,329,338,290,258,259,253,233,160,133,151,148,88,96,163,153,134,180,244,249,289,284,320,383,418,339,390,460,527,368,385,537,513,481,412,491,472,556,431,352,465,534,579,379,637,60,605,289,596,225,662,581,599,289,1000,576,481,357,528,449,467,302,330,442,429,336,289,365,384,328,261,280,321,286,237,186,193,207,158,124,94,110,97,53
64,170,2,2,119,0,1953125,12,0,6802,2.19,0,0,NaN,0,0,32,20,27,24,27,22,23,25,17,21,9,19,12,20,4,32,9,22,11,28,14,33,23,37,57,34,56,84,23,61,51,45,115,22,14,138,119,307,337,466,398,436,424,548,474,412,511,882,701,288,364,343,583,461,600,1000,760,374,75,200,288,144,164,110,95,153,28,54,27,61,53,59,20,31,45,19,21,17,28,14,14,12,9,2,7
64,170,2,2,119,0,1953125,12,0,6808,2.19,0,0,NaN,0,0,100,17,78,37,77,42,68,57,53,58,55,60,25,90,61,58,53,92,47,32,127,116,73,33,200,140,121,57,262,203,135,138,167,101,155,142,310,320,422,298,428,368,504,514,779,697,627,249,221,349,395,31,597,864,1000,659,191,416,747,624,367,189,271,191,156,156,238,110,143,139,200,63,158,125,149,44,150,103,98,56,127,84,73,79,102
64,170,2,2,119,0,1953125,12,0,6808,2.19,0,0,NaN,0,0,95,28,93,35,76,17,92,28,62,42,86,43,47,89,78,60,44,116,39,66,96,157,36,96,173,216,79,137,225,289,95,87,207,134,176,106,354,332,436,338,429,407,510,571,770,787,586,314,209,422,364,81,626,953,1000,776,155,487,725,727,345,245,220,266,101,236,189,173,110,212,164,131,132,187,114,82,135,145,79,73,134,112,73,80,108
64,170,1,2,119,0,1953125,12,0,6808,2.19,0,0,NaN,0,0,72,51,48,73,62,49,27,82,27,62,40,68,31,81,65,42,67,69,76,15,135,83,94,62,200,121,142,88,262,167,186,131,109,163,118,196,246,369,363,345,373,407,449,542,727,685,644,224,174,351,416,84,517,869,1000,646,229,408,732,580,418,131,282,153,181,151,256,73,137,156,211,64,143,142,150,62,132,120,94,70,109,97,69,85,93
64,170,1,2,119,0,1953125,12,0,6808,2.19,0,0,NaN,0,0,87,26,71,46,72,44,58,58,42,63,51,60,26,89,56,52,58,91,52,27,127,102,76,36,199,131,124,58,256,185,134,135,156,110,151,154,298,320,406,298,409,357,474,489,739,666,614,233,203,332,394,37,578,854,1000,663,194,383,723,602,369,161,255,170,154,140,236,98,139,134,202,64,151,117,143,37,140,97,98,61,127,85,70,76,98
64,170,1,2,119,0,1953125,12,0,0,1.01,0,0,NaN,0,0,695,730,745,759,734,780,799,790,775,782,814,808,782,772,790,789,740,725,726,732,695,637,641,673,637,559,599,637,616,531,632,671,590,612,632,666,664,736,636,712,726,784,704,783,587,778,740,723,745,819,470,835,648,837,268,1000,691,562,534,654,538,582,578,530,597,553,551,575,615,563,561,604,634,598,595,607,619,604,587,576,592,568,534,526,531
64,170,1,2,119,0,1953125,12,0,0,1,0,0,NaN,0,0,158,153,149,162,155,174,149,180,149,196,142,194,133,210,125,203,107,212,102,198,89,202,83,193,71,187,83,187,73,195,118,193,145,179,230,327,157,326,247,519,382,536,422,628,514,669,630,1000,636,698,355,595,259,306,238,726,309,188,140,443,294,456,174,323,77,166,87,157,91,141,116,140,128,113,146,122,146,103,153,105,151,102,136,97,135
64,170,1,2,119,0,1953125,12,0,0,1,0,0,NaN,0,0,63,51,67,42,56,46,55,41,46,47,42,47,35,57,31,75,42,81,33,99,33,102,30,125,21,121,32,151,43,165,84,184,60,204,185,359,165,327,321,555,473,581,529,665,621,724,844,1000,922,612,623,461,503,214,471,655,508,87,264,350,487,377,283,254,38,117,59,61,56,47,76,42,66,26,85,47,63,50,71,56,47,55,40,31,35
64,170,2,2,119,0,1953125,12,0,6808,2.19,0,0,NaN,0,0,32,36,27,27,35,32,20,15,29,18,18,12,18,16,18,22,20,23,20,28,35,38,22,46,33,35,37,18,57,60,55,85,57,66,69,90,97,227,376,363,424,316,447,462,522,309,477,770,655,210,310,381,540,360,524,1000,743,308,65,196,180,152,137,119,133,100,70,12,56,24,46,22,47,12,35,8,24,11,11,13,8,10,5,3,9
64,170,2,2,119,0,1953125,12,0,6803,2.19,0,0,NaN,0,0,48,54,69,71,42,22,79,48,58,22,75,27,60,55,75,30,51,89,52,75,68,138,32,121,107,204,47,160,142,259,138,22,152,179,107,150,281,381,346,380,335,448,423,609,678,782,534,272,148,436,301,103,583,1000,961,750,134,482,653,669,377,198,189,233,88,237,178,156,46,226,140,130,69,191,88,94,91,158,52,85,106,122,45,84,98
64,170,2,2,119,0,1953125,12,0,0,1.01,0,0,NaN,0,0,720,751,754,742,760,795,806,787,793,826,824,801,795,814,808,776,756,764,756,722,680,688,681,658,608,630,645,596,549,625,640,541,634,657,683,637,658,652,769,719,685,696,787,788,861,798,675,820,694,707,906,556,840,508,1000,287,627,666,742,478,613,553,558,584,539,603,587,553,557,641,626,594,597,643,636,603,600,634,629,596,568,585,583,541,517
64,170,2,2,119,0,1953125,12,0,6808,2.19,0,0,NaN,0,0,25,30,22,25,18,20,14,19,13,11,12,7,9,4,13,13,23,3,28,2,24,7,29,5,20,31,18,70,69,6,86,43,54,47,73,70,39,304,325,401,388,345,394,495,485,332,420,824,599,258,287,399,477,375,556,1000,679,340,63,179,206,104,176,58,82,128,41,50,31,41,7,67,30,41,11,32,14,31,18,10,27,14,13,7,11
64,170,2,2,119,0,1953125,12,0,6808,2.19,0,0,NaN,0,0,19,81,41,93,18,50,57,64,41,43,66,30,69,61,77,23,76,68,61,71,90,112,54,132,122,186,85,171,162,228,176,47,105,217,64,199,237,429,316,401,309,477,395,621,687,791,592,240,143,445,350,105,552,1000,986,707,176,486,692,643,436,157,223,188,132,209,218,122,71,209,175,116,84,183,126,92,89,152,81,77,86,113,50,75,88
64,170,2,2,119,0,1953125,12,0,6808,2.19,0,0,NaN,0,0,69,50,82,61,57,17,90,41,61,19,82,30,63,72,82,45,49,102,48,74,69,150,21,120,126,219,50,162,159,273,113,35,162,155,127,126,304,360,379,370,359,426,459,618,725,808,551,294,159,437,308,71,606,1000,983,792,139,473,656,699,368,235,185,244,71,242,172,166,50,224,133,136,82,191,83,90,98,154,47,79,116,119,51,79,99
64,170,2,2,119,0,1953125,12,0,6808,2.19,0,0,NaN,0,0,98,10,87,17,75,29,77,37,56,50,70,52,37,90,64,54,40,101,27,39,108,126,52,62,187,171,96,90,239,236,95,111,180,85,171,108,329,302,436,304,419,350,500,526,769,716,576,267,212,352,335,40,651,915,1000,718,175,433,724,667,354,236,225,220,134,198,208,145,127,163,176,97,151,146,131,63,146,117,93,64,134,95,71,74,101
64,170,2,2,119,0,1953125,12,0,0,1,0,0,NaN,0,0,763,744,762,778,817,813,800,818,851,846,825,821,850,853,816,790,798,803,773,714,717,731,710,640,641,667,634,628,597,657,591,609,655,631,683,689,702,649,778,771,697,733,810,880,741,916,513,878,721,932,438,813,888,667,425,1000,779,521,651,689,555,616,628,567,616,582,592,620,631,599,596,643,653,644,616,639,657,642,611,608,622,609,579,552,549
64,170,2,2,119,0,1953125,12,0,0,1,0,0,NaN,0,0,141,188,139,200,155,201,154,206,165,209,163,202,178,205,167,194,180,191,173,169,171,163,180,133,183,122,190,102,221,46,265,24,238,66,381,128,367,115,509,315,662,340,718,432,790,493,973,830,1000,536,683,442,544,90,522,571,569,10,342,272,559,311,395,234,166,175,155,90,173,103,176,105,156,130,172,117,159,131,168,122,160,121,155,116,129
64,170,2,2,119,0,1953125,12,0,0,1,0,0,NaN,0,0,152,186,161,185,177,186,184,182,202,179,203,172,217,161,219,146,227,135,221,120,214,106,215,83,210,82,206,61,231,90,248,112,191,198,321,225,349,133,484,360,626,409,655,499,714,587,934,827,1000,478,719,361,559,188,533,563,518,148,301,300,555,251,456,111,248,110,165,99,174,129,153,127,141,169,126,158,122,182,113,172,102,175,112,153,90
64,170,2,2,119,0,1953125,12,0,0,1,0,0,NaN,0,0,146,187,155,192,170,194,175,191,191,191,191,183,204,177,205,162,217,149,210,135,205,124,207,92,206,85,207,67,233,58,262,76,213,158,345,166,363,82,504,318,649,356,682,449,748,522,948,783,1000,460,722,363,570,120,551,550,544,89,334,267,565,245,448,136,225,131,170,85,178,115,166,120,146,162,142,147,134,170,134,164,120,159,129,144,103
64,170,2,2,119,0,1953125,12,0,0,1,0,0,NaN,0,0,72,32,74,28,64,29,63,27,54,38,49,40,41,53,38,73,41,83,30,96,28,104,21,118,17,121,26,147,43,164,81,176,66,197,179,350,161,328,321,560,469,591,519,669,602,730,818,1000,894,630,632,501,487,223,467,661,504,97,272,341,499,345,325,224,71,115,66,41,68,30,86,27,69,13,94,15,76,30,82,33,66,41,47,22,44
64,170,2,2,119,0,1953125,12,0,6803,2.19,0,0,NaN,0,0,31,24,28,25,31,27,27,20,23,22,10,17,13,16,10,32,2,25,3,31,21,36,18,48,56,31,56,72,4,65,29,63,114,28,6,130,117,273,339,431,389,410,399,509,468,360,483,820,687,242,363,349,559,428,570,1000,780,386,41,159,250,119,145,104,85,151,27,53,20,57,48,60,14,27,44,24,15,16,25,11,13,4,9,5,9
64,170,2,2,119,0,1953125,12,0,6803,2.19,0,0,NaN,0,0,80,52,80,52,67,33,70,19,82,33,65,36,92,57,64,58,77,72,45,96,79,121,47,142,102,190,85,169,139,232,176,43,128,242,51,190,259,476,328,407,333,505,390,607,715,789,620,175,157,409,334,190,613,994,1000,634,242,488,752,612,472,159,276,166,209,135,248,83,135,137,219,76,131,120,169,58,121,117,132,54,109,110,99,60,94
64,170,2,2,119,0,1953125,12,0,6802,2.19,0,0,NaN,0,0,31,75,15,95,22,63,23,74,20,67,49,49,59,72,71,27,86,58,69,42,123,73,82,102,176,125,127,125,225,162,190,100,58,195,82,210,217,415,353,383,345,434,426,574,715,696,615,183,158,358,364,156,570,920,1000,644,263,444,743,598,453,166,292,164,192,147,257,85,132,153,218,77,139,140,161,65,129,124,116,80,128,116,81,80,109
64,170,2,2,119,0,1953125,12,0,0,1,0,0,NaN,0,0,779,782,777,789,826,836,825,828,862,863,850,836,851,870,837,819,789,787,776,739,722,719,712,677,673,637,649,647,610,628,669,674,598,652,693,743,726,646,775,781,807,656,804,975,685,669,839,777,677,813,1000,454,871,670,609,723,936,549,654,712,617,488,659,583,619,595,593,641,635,638,617,625,675,660,632,645,666,655,637,624,621,614,594,554,562
64,170,2,2,119,0,1953125,12,0,0,1.01,0,0,NaN,0,0,156,148,164,155,158,162,166,171,160,178,160,183,152,184,140,199,127,190,116,196,112,185,91,193,88,181,68,198,52,206,51,212,95,215,127,360,68,376,187,573,307,612,338,686,410,755,583,1000,656,685,463,539,331,341,338,690,324,250,141,412,366,321,319,115,174,82,107,152,99,142,89,162,95,170,72,175,91,169,68,170,88,150,78,137,89
64,170,2,2,119,0,1953125,12,0,0,1,0,0,NaN,0,0,18,68,20,69,15,61,7,62,2,58,16,51,26,49,45,49,61,50,72,49,79,53,88,46,100,52,105,62,139,61,173,65,147,73,271,234,237,257,352,481,490,519,510,611,573,679,734,1000,785,683,520,548,382,275,377,694,403,169,208,376,454,317,352,158,140,75,66,23,73,40,76,32,46,56,78,29,61,43,77,27,65,36,48,18,43
64,170,2,2,119,0,1953125,12,0,0,1,0,0,NaN,0,0,18,70,17,72,14,63,9,61,10,56,20,48,29,45,48,46,66,46,78,42,87,41,97,36,106,40,112,49,146,46,178,51,147,66,280,220,253,239,365,460,507,503,530,602,598,671,747,1000,774,676,506,556,365,276,360,706,381,162,196,395,442,328,350,149,144,63,65,33,69,47,66,39,40,64,65,40,52,51,69,34,63,35,46,22,43
64,170,2,2,119,0,1953125,12,0,0,1,0,0,NaN,0,0,18,69,20,69,15,63,7,60,5,56,16,51,26,49,46,49,61,48,72,46,85,50,91,45,101,46,108,59,140,55,176,62,144,70,276,233,242,254,361,474,489,509,509,602,576,675,739,1000,775,674,511,544,372,267,365,693,393,163,201,387,449,315,347,151,140,71,65,26,73,41,72,34,46,58,73,34,59,47,75,31,64,36,47,19,40
64,170,2,2,119,0,1953125,12,0,6802,2.19,0,0,NaN,0,0,28,33,24,25,23,22,14,16,19,10,14,1,9,3,13,9,24,7,27,7,27,12,31,17,6,31,15,56,71,26,82,57,48,63,72,48,43,288,338,388,425,351,403,454,479,310,429,784,618,269,268,408,471,376,531,1000,691,313,78,210,190,120,175,70,85,107,52,43,43,31,7,59,45,32,1,30,17,26,14,12,24,10,13,5,13
64,170,2,2,119,0,1953125,12,0,0,1,0,0,NaN,0,0,320,320,333,334,301,251,262,257,229,172,159,168,136,88,114,146,170,120,188,249,272,278,289,341,395,415,341,408,490,528,346,435,537,502,481,434,512,440,590,430,375,459,547,560,447,639,109,591,277,627,317,596,671,533,341,1000,577,438,473,544,406,486,355,326,469,418,334,314,374,380,315,268,298,327,274,219,190,210,199,156,142,105,99,89,51
64,170,2,2,119,0,1953125,12,0,0,1,0,0,NaN,0,0,167,165,177,165,193,164,196,164,213,159,215,151,227,141,228,125,234,117,226,103,216,96,215,78,205,81,202,67,219,107,236,126,179,208,308,224,338,134,490,360,635,410,673,489,735,555,945,799,1000,469,728,371,571,132,532,543,541,72,321,261,572,261,437,151,219,135,162,80,180,106,166,111,150,147,153,130,149,152,152,136,144,137,146,124,117
64,170,2,2,119,0,1953125,12,0,6802,2.19,0,0,NaN,0,0,28,34,23,26,25,25,15,15,20,14,16,3,14,5,16,11,26,10,27,11,31,17,32,23,9,31,12,47,72,34,80,68,36,62,74,41,56,283,355,379,435,348,411,463,490,309,455,794,633,289,287,403,495,383,527,1000,691,304,78,226,188,139,171,81,95,97,59,34,47,21,15,54,46,32,5,31,19,25,8,10,27,12,12,8,13
64,170,2,2,119,0,1953125,12,0,6808,2.19,0,0,NaN,0,0,87,26,60,52,68,39,40,63,35,53,38,60,22,77,55,44,57,74,55,11,125,87,82,40,187,109,124,58,240,148,140,134,121,131,137,176,254,336,400,336,375,331,438,509,707,606,550,168,205,319,355,101,587,880,999,645,210,396,732,582,397,151,275,159,173,137,243,79,138,137,204,58,147,123,142,53,139,107,95,77,130,100,80,85,99
64,170,2,2,119,0,1953125,12,0,6808,2.19,0,0,NaN,0,0,19,78,20,96,15,62,37,77,24,65,51,45,65,75,81,26,82,61,72,55,123,85,77,106,161,138,118,143,212,176,185,83,55,203,79,204,198,413,343,397,317,409,388,581,692,694,579,170,159,380,352,166,563,944,1000,653,224,447,731,606,453,146,270,169,186,155,247,91,120,164,207,87,122,139,145,68,112,123,95,80,117,118,76,82,104
64,170,2,2,119,0,1953125,12,0,6802,2.19,0,0,NaN,0,0,11,70,36,85,16,51,50,63,38,44,61,32,61,55,75,21,69,63,64,66,89,99,53,120,119,165,85,152,155,209,170,50,97,212,64,191,223,421,331,417,305,436,367,595,655,725,540,180,134,404,294,202,588,1000,975,687,210,494,701,636,449,204,258,188,148,200,225,119,85,203,186,118,100,183,136,101,103,150,86,83,103,125,63,86,105
64,170,2,2,119,0,1953125,12,0,0,1,0,0,NaN,0,0,707,747,764,739,749,786,803,796,772,812,832,815,783,783,813,786,757,731,745,730,689,655,667,671,635,564,614,637,614,534,654,669,598,627,644,665,650,750,642,740,706,777,743,830,552,829,652,775,728,860,378,843,755,722,339,1000,730,455,700,640,502,544,638,572,574,535,572,623,605,566,599,629,607,592,614,633,606,594,595,602,580,557,546,548,534
64,170,2,2,119,0,1953125,12,0,0,1,0,0,NaN,0,0,19,69,23,73,15,62,15,60,13,54,25,50,34,46,51,43,68,43,81,35,92,38,98,26,110,29,112,39,150,38,178,42,150,61,284,210,268,231,387,447,521,490,540,584,602,657,762,1000,801,688,492,551,364,275,350,713,386,181,174,411,436,346,345,158,145,50,60,46,72,51,63,44,41,71,63,47,52,58,66,43,62,43,48,27,38
64,170,2,2,119,0,1953125,12,0,6808,2.19,0,0,NaN,0,0,24,30,20,24,21,22,13,17,16,10,11,4,10,2,14,11,23,6,26,5,27,10,30,15,13,31,9,58,61,14,78,45,47,58,68,50,42,289,321,378,407,339,379,465,478,304,409,767,607,253,244,378,445,368,570,1000,672,303,74,211,197,125,161,56,83,109,46,45,32,34,5,64,36,36,5,33,14,29,15,16,24,10,10,7,10
64,170,2,2,119,0,1953125,12,0,0,1,0,0,NaN,0,0,349,399,370,345,330,306,306,264,231,203,190,172,120,120,141,129,151,186,219,254,267,289,366,385,364,416,492,445,426,490,629,444,543,630,567,455,501,672,480,527,459,608,486,579,324,547,716,359,548,489,692,605,47,1000,806,758,161,836,433,399,567,491,385,431,370,497,470,382,305,427,458,363,270,299,366,313,224,182,221,241,152,88,80,103,95
64,170,2,2,119,0,1953125,12,0,0,1,0,0,NaN,0,0,36,63,36,64,30,60,25,59,16,56,14,54,18,55,34,64,50,64,59,74,62,76,71,82,76,83,83,105,106,104,145,114,127,119,240,282,190,300,310,518,457,559,477,643,559,709,739,1000,813,652,550,513,425,242,423,665,446,122,233,344,489,314,343,178,103,102,66,17,76,25,86,18,61,29,89,3,70,25,83,22,63,36,50,18,41
64,170,2,2,119,0,1953125,12,0,6808,2.19,0,0,NaN,0,0,25,28,21,23,18,18,16,20,14,11,11,6,7,5,13,10,24,3,25,3,23,7,29,7,20,32,14,66,60,4,80,37,59,48,70,58,42,296,312,389,401,359,378,467,461,327,410,775,594,288,263,386,450,378,568,1000,680,328,83,211,210,116,174,60,70,119,34,50,24,40,9,68,31,37,13,33,14,28,18,11,26,12,13,7,10
64,170,2,2,119,0,1953125,12,0,6808,2.19,0,0,NaN,0,0,30,75,22,90,25,63,25,72,16,68,44,48,58,74,67,23,80,53,62,45,123,72,84,89,167,116,128,111,210,148,187,97,49,188,85,187,194,392,336,354,316,405,406,546,681,652,573,151,148,326,302,197,630,956,1000,609,211,449,737,569,411,144,288,155,168,138,245,74,124,145,206,62,130,132,152,53,123,113,106,59,105,91,63,69,91
64,170,2,2,119,0,1953125,12,0,0,1,0,0,NaN,0,0,393,407,449,409,359,297,340,344,256,202,208,223,175,105,150,204,176,161,244,315,314,313,347,475,513,436,416,580,664,567,401,711,629,541,510,648,685,492,638,520,666,479,560,457,908,557,659,632,338,562,919,319,1000,240,982,842,873,34,957,528,357,446,615,498,554,443,420,494,507,395,370,382,402,358,304,302,284,254,228,180,147,123,125,87,44
64,170,2,2,119,0,1953125,12,0,0,0.99,0,0,NaN,0,0,55,47,58,49,51,42,57,46,47,40,55,44,52,39,70,39,75,45,89,25,88,29,105,21,112,18,115,8,157,50,184,52,179,93,290,209,256,211,349,441,502,492,508,580,578,653,733,1000,806,717,532,560,354,253,356,692,374,146,186,389,461,361,401,217,205,78,112,22,106,8,101,27,68,11,78,9,63,15,74,25,70,46,61,34,49
64,170,2,2,119,0,1953125,12,0,0,0.99,0,0,NaN,0,0,61,45,65,48,57,42,62,47,54,39,61,43,58,44,73,42,78,45,93,28,92,31,108,25,116,23,120,10,157,53,190,55,178,100,298,205,263,211,374,443,528,501,544,593,603,661,756,1000,789,700,525,586,372,274,361,715,359,127,177,392,459,364,398,205,198,67,117,15,108,2,100,17,70,13,75,2,65,15,72,22,74,42,61,31,49
64,170,2,2,119,0,1953125,12,0,0,1,0,0,NaN,0,0,16,71,17,73,12,63,6,64,3,57,19,54,27,51,49,53,63,51,78,49,85,53,91,45,103,51,108,63,142,57,173,65,148,69,270,230,246,264,368,480,503,518,513,616,590,680,742,1000,784,679,520,566,396,288,375,696,398,178,209,386,446,313,332,136,125,65,66,33,73,44,76,34,50,60,77,34,61,47,78,31,69,38,53,23,43
64,170,2,2,119,0,1953125,12,0,0,1,0,0,NaN,0,0,22,69,29,73,20,60,22,62,24,52,35,47,40,43,60,39,74,40,84,30,99,31,101,19,117,18,118,28,158,35,180,46,154,75,288,205,284,221,407,440,546,476,551,573,627,643,782,1000,811,696,504,566,371,291,333,725,375,187,154,422,417,364,330,164,138,38,53,62,61,63,56,56,31,78,53,59,43,66,60,53,60,44,43,30,40
64,170,2,2,119,0,1953125,12,0,0,1,0,0,NaN,0,0,23,71,21,72,16,64,9,64,3,58,14,56,24,53,45,56,58,58,75,58,80,61,87,58,97,64,104,80,136,74,165,79,147,84,266,247,234,277,344,489,487,530,493,616,571,680,726,1000,791,672,511,540,397,280,383,691,413,165,200,365,461,310,344,150,122,83,64,26,76,39,79,29,53,52,84,28,65,40,79,25,68,33,50,17,41
64,170,2,2,119,0,1953125,12,0,6808,2.19,0,0,NaN,0,0,25,32,22,25,20,22,15,20,17,10,12,3,10,1,13,10,24,4,27,3,28,10,29,11,14,33,9,63,63,12,77,40,46,54,69,49,53,305,330,397,417,359,390,484,484,312,425,794,619,297,262,420,497,403,555,1000,690,340,84,211,194,116,172,67,83,117,41,48,30,35,6,67,34,38,8,34,15,30,17,12,26,10,12,9,10
64,170,2,2,119,0,1953125,12,0,0,1.01,0,0,NaN,0,0,779,808,813,789,819,854,856,847,844,880,877,856,840,857,873,831,793,807,810,769,734,711,731,719,658,619,695,666,617,601,742,660,641,704,731,678,677,800,758,791,703,814,854,932,592,943,559,894,754,934,504,821,1000,490,673,866,857,374,861,634,527,542,682,641,590,573,622,675,631,605,653,672,652,632,663,675,659,641,635,653,627,598,585,595,574
64,170,2,2,119,0,1953125,12,0,0,1.01,0,0,NaN,0,0,155,146,167,144,174,144,187,142,186,138,197,138,192,136,197,129,190,125,188,123,182,121,164,136,150,138,132,155,112,193,67,213,62,242,59,372,108,358,218,574,336,614,351,691,417,753,593,1000,661,681,433,566,299,374,274,721,274,255,79,464,293,388,228,203,148,76,110,150,106,132,118,131,140,124,139,129,148,120,138,120,139,112,125,91,139
64,170,2,2,119,0,1953125,12,0,6808,2.19,0,0,NaN,0,0,23,27,21,24,17,20,15,22,12,11,10,8,7,3,10,14,22,1,25,6,20,5,27,2,25,28,22,74,59,5,80,26,69,44,62,69,59,320,317,412,403,378,365,490,470,339,425,811,600,292,291,423,509,438,544,1000,709,364,70,205,216,98,178,58,65,135,25,55,16,45,20,73,25,39,19,34,14,31,26,14,26,11,15,8,11
64,170,2,2,119,0,1953125,12,0,0,1.01,0,0,NaN,0,0,375,372,400,405,359,292,305,322,247,197,200,200,160,142,147,187,150,186,219,301,292,277,370,441,413,414,508,500,489,502,649,522,594,644,578,499,570,746,462,518,579,647,508,534,407,527,847,302,530,446,872,596,185,1000,957,692,149,889,493,399,619,481,405,485,429,500,468,410,400,461,444,371,301,357,354,314,234,227,256,227,103,120,119,105,58
64,170,2,2,119,0,1953125,12,0,0,1,0,0,NaN,0,0,16,71,18,72,13,64,7,62,3,56,19,51,27,49,49,51,63,50,77,48,89,51,95,42,107,46,108,58,144,51,170,57,150,69,274,223,245,252,364,468,506,512,518,602,585,674,737,1000,789,694,514,560,377,287,340,703,402,174,190,385,438,319,338,144,128,67,61,41,70,49,74,37,48,61,76,39,61,49,75,33,65,40,48,22,40
64,170,2,2,119,0,1953125,12,0,0,1,0,0,NaN,0,0,23,66,28,72,21,62,26,60,23,52,34,47,41,41,59,38,76,42,86,29,98,30,103,20,118,18,119,25,155,37,183,48,153,79,289,202,280,213,413,442,548,475,569,585,642,651,789,1000,813,698,517,584,373,287,325,746,404,208,175,435,410,360,321,160,135,33,52,64,60,67,55,58,33,80,53,62,45,70,62,57,62,51,44,32,40
64,170,2,2,119,0,1953125,12,0,0,1,0,0,NaN,0,0,18,69,19,74,13,64,10,64,11,57,23,53,32,49,53,46,69,47,81,41,91,44,97,33,111,37,112,50,149,43,179,52,153,67,281,217,255,242,379,466,516,501,531,601,599,669,749,1000,791,689,508,578,379,283,342,725,416,202,194,400,430,323,331,138,127,59,61,47,69,56,70,44,47,70,72,46,56,56,75,41,68,43,52,26,42
64,170,2,2,119,0,1953125,12,0,0,1,0,0,NaN,0,0,184,134,181,139,188,150,191,149,193,162,196,158,187,171,189,163,178,169,174,161,159,166,143,171,122,175,108,180,84,224,44,236,41,270,69,385,98,346,208,566,332,605,343,686,406,742,594,1000,696,685,484,547,312,337,304,728,294,238,97,455,339,409,311,234,198,86,113,159,103,160,88,156,112,162,93,163,105,171,89,169,88,170,83,144,93
64,170,2,2,119,0,1953125,12,0,0,1,0,0,NaN,0,0,19,69,17,70,15,62,6,61,2,57,15,55,24,50,44,54,60,53,73,54,83,58,90,53,99,55,103,72,136,66,167,73,146,76,265,236,236,267,349,479,484,521,503,611,571,682,734,1000,802,696,525,552,386,278,376,711,435,186,205,373,454,317,340,148,124,70,66,29,76,39,82,27,56,55,83,31,66,45,80,30,69,38,53,21,44
64,170,2,2,119,0,1953125,12,0,0,1,0,0,NaN,0,0,24,64,28,71,25,62,24,62,25,58,32,48,42,54,54,47,75,53,80,38,92,44,97,35,113,39,113,50,149,52,182,64,161,83,284,234,232,248,351,474,483,520,510,612,568,680,734,999,782,684,526,551,372,280,371,699,408,158,201,371,469,336,374,170,146,69,85,5,95,10,86,13,65,25,79,9,69,21,80,31,74,37,56,25,44
64,170,1,2,119,0,1953125,12,0,0,1,0,0,NaN,0,0,16,71,19,71,12,63,6,63,7,55,18,52,27,48,50,50,65,49,79,45,86,49,95,40,108,45,111,57,145,51,174,61,152,68,278,228,256,257,367,464,501,508,518,600,586,669,743,1000,793,688,512,557,368,280,349,713,412,190,192,386,438,322,337,143,126,63,62,40,70,49,77,38,49,65,76,41,61,55,77,37,69,39,52,25,43
64,170,1,2,119,0,1953125,12,0,0,1.01,0,0,NaN,0,0,155,188,165,183,182,183,189,179,202,174,210,166,215,156,224,133,229,124,226,107,227,101,211,100,204,107,192,111,190,171,167,194,126,254,157,359,246,319,368,558,485,604,490,693,548,767,757,1000,860,651,622,524,465,354,421,712,433,291,195,449,424,332,344,128,178,114,102,180,103,173,92,181,117,190,99,185,119,186,99,181,114,167,109,131,132
64,170,1,2,119,0,1953125,12,0,0,1,0,0,NaN,0,0,172,135,166,140,174,155,169,158,172,168,169,172,159,186,158,180,143,187,138,179,123,182,108,182,85,184,76,188,37,219,32,224,83,243,120,368,58,351,166,560,312,602,335,676,408,729,559,1000,619,713,400,595,248,343,232,734,261,230,58,462,277,438,231,280,140,121,89,163,81,157,84,154,109,143,109,148,116,146,111,146,113,145,100,123,108
64,170,1,2,119,0,1953125,12,0,0,1,0,0,NaN,0,0,37,66,46,71,37,55,42,56,39,43,49,39,48,37,67,32,80,40,89,30,103,33,104,37,122,30,119,40,160,69,175,81,146,121,282,217,306,196,441,424,590,463,613,568,697,641,861,1000,873,692,555,605,424,294,347,776,418,206,162,462,396,414,300,202,122,17,40,89,38,82,26,75,9,91,28,76,26,83,45,72,46,60,37,43,36
64,170,1,2,119,0,1953125,12,0,0,1.01,0,0,NaN,0,0,160,144,171,141,174,143,188,142,189,140,199,140,192,139,197,136,189,137,184,136,180,135,157,148,146,147,124,168,104,198,53,220,62,235,58,371,84,362,199,572,315,603,333,688,407,742,565,1000,631,685,403,589,274,364,255,745,290,280,86,465,259,392,193,215,141,80,119,148,109,133,128,129,148,118,152,123,155,115,147,120,148,106,136,88,145
64,170,1,2,119,0,1953125,12,0,0,1,0,0,NaN,0,0,18,70,22,72,17,62,18,63,18,55,30,48,37,46,56,44,74,46,86,37,97,37,102,26,118,29,117,36,155,39,182,49,154,69,287,215,276,233,392,453,541,497,555,598,622,657,762,1000,818,711,518,572,361,294,357,751,416,215,179,419,424,345,327,154,137,45,55,61,66,61,65,52,40,77,67,53,54,65,72,52,65,45,49,30,43
64,170,1,2,119,0,1953125,12,0,0,0.99,0,0,NaN,0,0,166,152,162,158,164,174,166,177,164,190,166,187,155,200,156,192,143,198,141,188,125,188,107,193,87,187,77,193,47,231,15,241,68,269,98,386,59,340,170,557,301,602,327,678,390,741,569,1000,668,703,451,549,271,334,285,730,267,224,80,453,326,431,312,268,206,101,127,158,108,161,94,159,113,155,93,162,99,167,81,169,82,171,72,155,79
64,170,1,2,119,0,1953125,12,0,0,1,0,0,NaN,0,0,140,189,139,198,155,199,153,201,172,205,165,196,183,196,175,187,185,181,179,163,177,154,186,123,189,110,195,96,219,40,262,23,229,88,365,114,364,95,503,288,656,331,694,403,770,477,950,783,1000,507,688,408,564,86,509,548,572,31,336,248,559,275,399,188,183,156,161,80,181,101,178,106,155,136,163,123,155,143,160,132,152,132,152,120,122
64,170,1,2,119,0,1953125,12,0,0,1,0,0,NaN,0,0,77,22,81,15,72,10,74,6,62,19,64,24,54,47,51,65,57,81,46,95,56,104,34,124,42,121,28,148,49,173,66,192,17,217,167,354,207,306,366,533,527,570,574,646,668,711,891,1000,992,656,665,497,519,235,478,698,554,117,289,388,499,402,282,260,31,98,68,68,66,57,81,53,70,39,87,55,69,55,76,63,60,62,45,35,41
64,170,1,2,119,0,1953125,12,0,0,1,0,0,NaN,0,0,155,205,145,217,159,225,152,228,165,237,155,233,167,240,154,231,156,236,149,214,150,210,159,182,166,168,181,158,207,115,260,95,251,17,398,183,366,218,506,391,666,413,716,493,807,542,974,929,999,655,640,550,526,165,486,686,593,60,334,318,545,387,346,303,112,204,153,115,179,113,193,117,175,122,200,111,186,114,200,102,192,99,185,107,158
64,170,1,2,119,0,1953125,12,0,0,1,0,0,NaN,0,0,72,37,81,38,68,22,77,24,65,13,70,12,63,39,68,50,74,70,70,81,86,86,72,108,85,101,77,129,108,157,110,177,75,215,216,327,271,251,429,499,604,533,646,617,742,688,948,995,999,655,652,544,517,252,448,758,526,149,264,446,444,451,251,273,58,72,49,99,34,83,48,75,53,76,58,79,44,82,51,85,45,71,35,47,37
64,170,1,2,119,0,1953125,12,0,0,1,0,0,NaN,0,0,23,70,20,71,16,65,8,65,4,58,14,56,25,54,45,58,62,59,73,57,81,61,90,59,101,65,104,81,138,75,168,82,144,86,265,245,231,273,340,488,489,536,505,628,586,698,734,1000,785,669,513,549,400,307,382,708,432,190,222,381,458,299,332,141,112,74,70,29,79,40,84,29,60,53,91,29,68,41,84,35,73,40,54,22,46
64,170,1,2,119,0,1953125,12,0,0,1,0,0,NaN,0,0,196,143,200,143,209,151,215,153,219,157,222,157,220,158,224,149,221,152,211,145,199,148,181,157,164,161,146,168,140,221,113,242,64,291,112,394,182,328,301,567,435,620,447,707,509,771,714,1000,824,655,587,523,424,345,427,731,393,261,193,448,433,366,380,184,226,76,134,154,133,163,106,162,121,183,92,179,101,194,84,186,81,191,84,157,85
64,170,1,2,119,0,1953125,12,0,0,1,0,0,NaN,0,0,143,173,136,181,142,193,138,195,138,209,133,203,128,219,119,213,105,218,101,207,88,204,92,198,83,185,98,191,96,187,144,188,165,167,250,315,170,330,266,525,395,553,436,638,517,688,631,1000,634,717,360,621,258,328,216,765,328,232,115,468,278,462,176,312,98,147,88,169,87,158,104,155,121,136,128,146,130,139,130,144,130,140,115,125,120
64,170,1,2,119,0,1953125,12,0,0,1,0,0,NaN,0,0,147,201,142,209,156,216,153,216,163,228,156,220,165,231,153,221,153,226,147,208,137,206,150,186,149,171,166,172,181,138,240,129,236,69,364,229,300,276,426,457,580,479,625,559,716,614,846,1000,838,716,492,625,411,254,328,774,506,173,258,438,411,486,210,353,33,194,123,159,134,151,157,148,156,123,186,125,177,111,193,106,185,108,172,104,161
64,170,1,2,119,0,1953125,12,0,0,1,0,0,NaN,0,0,43,58,46,65,40,52,44,49,42,44,43,34,52,35,62,33,79,38,86,32,102,28,102,31,119,17,117,27,156,47,180,54,149,91,285,198,280,206,409,431,547,480,567,581,639,657,786,1000,814,689,495,569,369,295,340,756,422,217,183,417,425,340,323,141,122,51,54,58,71,55,72,46,51,69,76,47,62,55,80,38,65,40,55,24,42
64,170,1,2,119,0,1953125,12,0,0,1,0,0,NaN,0,0,181,133,177,136,186,148,185,149,187,160,190,160,178,171,182,163,169,171,166,164,153,166,136,172,115,174,100,181,75,222,34,235,44,263,70,378,86,339,194,564,326,604,339,690,409,739,584,1000,681,686,452,555,300,351,301,743,302,258,95,465,326,409,287,244,179,94,102,165,93,161,82,159,107,158,91,164,102,166,91,167,87,166,84,141,91
64,170,1,2,119,0,1953125,12,0,0,1,0,0,NaN,0,0,142,174,133,184,140,193,137,196,138,210,131,206,128,219,118,215,105,222,100,208,90,204,94,195,87,184,103,191,105,183,153,185,169,155,260,307,186,328,281,516,412,542,450,622,529,673,649,1000,661,723,369,623,274,319,212,767,353,221,130,457,288,467,167,315,88,152,93,167,90,156,110,152,123,132,137,142,135,131,141,138,132,132,121,120,122
64,170,1,2,119,0,1953125,12,0,0,1,0,0,NaN,0,0,70,35,73,43,64,29,67,27,62,22,60,15,65,32,64,42,81,55,77,64,99,61,88,83,107,67,103,85,141,111,154,124,117,162,262,244,297,191,456,436,610,468,640,574,725,651,897,999,916,689,568,599,436,284,343,801,469,229,178,473,400,426,290,209,115,20,32,99,41,86,27,81,17,96,38,81,35,82,56,73,53,61,48,43,39
64,170,1,2,119,0,1953125,12,0,0,1,0,0,NaN,0,0,16,72,18,72,14,64,6,64,4,57,20,55,27,49,50,50,66,53,77,49,86,54,95,49,106,53,111,67,144,59,173,68,150,68,269,225,240,254,360,479,503,520,518,621,596,689,740,1000,787,673,502,562,386,284,355,726,447,217,210,391,445,309,329,135,117,66,65,42,77,47,83,36,55,64,82,37,67,50,82,41,72,43,53,25,47
64,170,1,2,119,0,1953125,12,0,0,1,0,0,NaN,0,0,151,196,154,202,170,205,172,205,188,208,183,197,202,198,194,190,201,188,194,169,188,165,195,134,196,123,203,110,226,57,273,37,246,53,388,123,372,151,514,337,674,361,715,448,807,511,971,876,1000,618,649,517,527,139,463,660,604,58,333,332,544,400,331,304,111,198,148,117,173,117,185,119,172,115,198,103,189,102,205,86,195,83,186,95,163
64,170,1,2,119,0,1953125,12,0,0,0.99,0,0,NaN,0,0,23,77,17,76,12,74,8,73,16,70,21,68,37,68,52,72,62,70,74,73,68,73,84,86,88,85,94,103,113,133,143,137,148,179,226,312,156,297,275,523,446,580,479,654,578,724,774,1000,886,642,599,483,459,223,432,669,503,76,250,346,521,381,359,280,117,151,60,100,63,85,66,93,28,51,55,69,35,58,49,58,45,73,47,48,36
64,170,1,2,119,0,1953125,12,0,0,1,0,0,NaN,0,0,165,153,155,167,159,176,154,183,152,199,145,198,139,213,126,209,111,218,103,205,89,207,84,201,71,193,78,200,73,202,116,203,145,181,227,324,152,339,247,523,385,547,423,628,515,671,638,1000,655,715,365,613,266,304,217,755,353,200,144,442,305,462,166,324,63,166,94,159,99,147,122,142,131,117,151,124,151,109,160,109,157,104,144,97,138
64,170,1,2,119,0,1953125,12,0,0,1,0,0,NaN,0,0,173,140,165,146,172,159,167,163,166,179,165,176,155,191,151,186,135,195,132,184,116,187,102,188,78,187,72,194,37,216,45,225,89,224,135,362,67,349,166,550,297,575,323,662,405,703,547,1000,613,706,360,585,226,320,213,755,289,242,65,458,266,444,202,291,128,130,89,164,82,157,90,153,115,138,117,144,124,141,121,138,123,138,112,120,120
64,170,1,2,119,0,1953125,12,0,0,1,0,0,NaN,0,0,16,72,22,72,16,61,16,65,18,54,28,50,36,46,56,41,71,46,85,35,96,36,100,28,116,28,116,37,156,39,179,48,153,60,277,206,274,226,391,446,533,487,543,591,621,658,764,1000,818,694,500,570,364,283,331,746,426,220,177,416,422,347,328,156,133,44,54,60,67,65,64,52,42,76,67,57,55,64,69,51,60,45,49,33,41
64,170,1,2,119,0,1953125,12,0,0,1,0,0,NaN,0,0,163,154,153,168,160,176,153,184,154,199,147,197,138,214,128,210,110,218,104,203,91,207,84,199,72,195,80,196,76,203,115,201,152,178,231,323,158,335,244,526,388,551,423,627,515,669,635,1000,666,728,361,604,250,295,208,747,358,202,152,442,309,465,173,334,63,166,93,157,101,146,122,144,131,116,151,123,150,112,160,106,155,106,143,99,139
64,170,1,2,119,0,1953125,12,0,0,1,0,0,NaN,0,0,160,171,149,187,156,194,148,202,149,217,138,213,140,228,122,223,111,231,101,216,96,214,100,199,99,193,111,191,127,180,174,171,194,129,300,284,238,313,339,484,488,510,531,588,631,630,760,1000,779,732,447,611,343,251,285,746,449,165,218,420,400,467,219,348,14,191,108,149,126,139,149,136,147,109,175,109,169,97,181,89,175,86,166,88,155
64,170,1,2,119,0,1953125,12,0,0,1,0,0,NaN,0,0,171,137,166,144,171,158,166,162,167,176,164,175,155,190,150,185,135,193,132,184,117,188,101,186,80,185,74,192,37,214,42,223,87,223,136,359,66,348,164,545,297,577,321,659,414,708,552,1000,619,704,357,586,231,327,215,740,274,233,67,451,265,443,206,299,133,124,91,161,84,156,90,152,114,136,118,144,122,139,122,134,121,137,111,117,117
64,170,1,2,119,0,1953125,12,0,0,1,0,0,NaN,0,0,78,26,86,21,72,20,75,17,63,26,59,28,58,50,49,67,59,84,43,101,58,105,36,128,50,120,40,151,63,176,79,193,27,221,179,337,226,277,403,517,572,551,623,626,718,689,932,986,1000,654,661,539,510,207,420,739,549,149,252,424,439,448,251,272,59,75,47,95,33,83,45,77,45,81,53,85,35,85,45,88,39,71,33,46,32
64,170,1,2,119,0,1953125,12,0,0,1,0,0,NaN,0,0,162,154,153,165,159,177,149,183,152,198,145,197,137,212,128,208,109,217,103,204,89,206,86,198,71,192,82,194,76,202,119,202,154,181,231,322,156,332,245,526,392,559,429,631,517,672,632,1000,665,730,374,619,265,299,217,741,353,197,145,446,303,466,172,330,60,166,89,159,98,147,119,143,132,117,151,124,149,110,158,108,155,107,143,96,140
64,170,1,2,119,0,1953125,12,0,0,1,0,0,NaN,0,0,135,186,142,191,153,194,158,190,173,192,173,185,188,179,185,172,194,160,191,145,188,130,193,103,196,90,199,73,223,33,254,44,221,120,345,128,361,77,489,286,653,343,678,414,761,490,935,766,1000,484,689,366,553,109,490,521,561,78,314,250,559,257,422,152,203,133,160,80,175,100,167,108,148,143,150,131,141,152,142,139,132,144,133,133,105
64,170,1,2,119,0,1953125,12,0,0,1,0,0,NaN,0,0,171,136,165,144,169,156,167,161,168,175,166,175,157,187,155,185,137,191,133,181,120,187,104,186,83,183,73,194,39,214,40,222,85,228,130,357,58,342,160,547,295,577,324,660,406,702,550,1000,609,691,358,584,224,316,216,746,272,229,52,454,264,436,210,285,132,123,90,161,86,155,91,150,114,138,115,143,122,140,121,137,120,140,110,120,115
64,170,1,2,119,0,1953125,12,0,0,1,0,0,NaN,0,0,162,154,149,168,159,179,151,184,150,199,144,197,136,213,127,208,109,218,104,203,92,206,87,198,74,192,85,195,82,199,124,198,154,168,239,319,169,333,254,516,391,539,425,608,509,639,646,1000,693,737,378,611,254,276,211,740,363,188,145,419,311,459,171,337,52,173,95,153,104,143,126,140,132,113,152,121,151,108,162,106,156,100,148,94,141
64,170,1,2,119,0,1953125,12,0,0,1,0,0,NaN,0,0,167,144,159,153,164,167,158,173,158,187,156,186,147,200,139,196,121,207,117,195,103,197,91,195,71,191,71,197,47,212,80,215,121,202,186,345,108,341,193,541,337,568,360,639,445,674,574,1000,634,732,353,599,215,300,186,738,306,216,101,444,272,455,182,322,98,147,92,157,92,151,107,146,122,126,137,132,138,123,141,121,144,120,127,109,129
64,170,1,2,119,0,1953125,12,0,0,1,0,0,NaN,0,0,169,137,161,145,168,158,164,162,165,175,162,175,152,191,147,186,133,195,128,184,112,189,99,186,76,184,73,188,39,214,51,217,94,227,144,354,69,343,166,541,308,581,332,649,413,701,553,1000,619,714,354,578,211,320,190,734,281,227,63,449,272,450,211,302,124,129,89,159,81,154,92,149,113,134,121,140,125,135,124,135,127,134,112,116,117
64,170,1,2,119,0,1953125,12,0,0,1,0,0,NaN,0,0,162,157,154,170,160,181,152,188,153,202,145,202,137,216,126,214,110,221,106,206,91,208,88,200,77,193,88,197,88,196,130,195,158,169,246,315,171,332,263,512,409,536,441,611,535,644,656,1000,689,727,377,609,276,285,222,738,365,184,166,431,320,466,177,335,52,171,99,153,109,144,129,140,136,114,160,119,156,106,166,102,161,100,148,95,145
64,170,1,2,119,0,1953125,12,0,0,1,0,0,NaN,0,0,36,64,45,71,36,56,44,55,38,47,50,38,50,36,64,33,82,42,90,31,106,35,105,38,124,29,119,39,160,65,175,78,145,112,274,206,300,187,432,421,590,457,604,566,695,626,845,1000,885,685,535,591,403,277,331,769,420,202,165,458,390,411,299,209,123,14,39,89,36,85,24,73,13,90,28,77,23,82,45,69,48,58,36,40,35
64,170,1,2,119,0,1953125,12,0,0,1,0,0,NaN,0,0,18,71,23,74,17,61,21,64,21,53,31,47,38,44,57,39,74,43,84,31,99,36,100,22,118,23,115,31,157,36,176,46,152,71,278,198,273,221,393,431,537,474,552,580,629,639,776,1000,823,688,491,567,366,287,328,740,401,200,163,419,415,359,327,166,133,39,52,68,64,66,58,58,34,80,58,58,48,67,63,55,63,49,48,33,40
64,170,1,2,119,0,1953125,12,0,0,1,0,0,NaN,0,0,48,60,52,56,43,56,41,54,31,55,27,53,25,58,29,71,45,78,47,88,47,96,53,105,52,108,61,133,81,137,115,150,96,154,200,313,165,323,295,537,453,575,479,660,577,709,767,1000,873,647,588,503,466,232,429,663,508,120,257,329,486,322,318,204,75,104,76,28,82,22,96,23,68,10,97,25,71,34,85,42,65,46,51,26,42
64,170,1,2,119,0,1953125,12,0,0,1,0,0,NaN,0,0,36,65,37,65,31,61,26,59,17,58,18,56,20,57,35,66,49,67,59,76,63,79,71,86,78,90,84,112,113,110,144,123,124,115,227,276,190,303,308,518,461,558,471,643,561,693,725,1000,831,668,552,526,430,246,395,674,487,160,248,345,477,298,330,164,104,89,74,5,83,20,92,11,67,31,96,11,72,31,87,29,68,36,56,20,44
64,170,1,2,119,0,1953125,12,0,0,0.99,0,0,NaN,0,0,38,65,39,67,32,62,34,66,31,59,39,58,44,55,62,58,72,53,87,49,84,47,100,43,110,47,112,57,144,83,174,86,173,111,266,257,211,269,298,489,456,544,472,639,563,692,721,1000,821,677,551,526,411,223,385,674,452,112,223,343,492,335,387,233,168,120,95,61,89,48,90,63,54,28,72,41,54,33,64,42,66,58,53,39,41
64,170,1,2,119,0,1953125,12,0,0,0.99,0,0,NaN,0,0,38,65,39,67,32,62,34,66,31,59,39,58,44,55,62,58,72,53,87,49,84,47,100,43,110,47,112,57,144,83,174,86,173,111,266,257,211,269,298,489,456,544,472,639,563,692,721,1000,821,677,551,526,411,223,385,674,452,112,223,343,492,335,387,233,168,120,95,61,89,48,90,63,54,28,72,41,54,33,64,42,66,58,53,39,41
64,170,1,2,119,0,1953125,12,0,0,1,0,0,NaN,0,0,197,145,201,145,212,152,216,151,222,156,225,156,220,157,227,147,222,149,214,142,203,144,187,153,168,157,152,163,144,215,115,237,69,288,111,384,193,319,302,551,434,598,442,700,518,761,719,1000,840,643,591,510,438,323,426,721,415,258,191,445,445,369,395,182,236,68,140,152,138,159,113,158,126,181,94,179,108,189,86,185,86,187,87,156,87
64,170,1,2,119,0,1953125,12,0,0,1.01,0,0,NaN,0,0,144,201,157,201,165,201,179,202,189,192,200,190,206,170,218,154,227,135,225,121,229,102,216,87,219,79,210,69,226,118,216,145,172,217,238,294,330,227,450,470,595,519,606,622,676,694,883,929,999,573,701,418,550,292,510,643,529,255,283,392,516,270,399,63,189,142,106,173,117,182,95,181,103,212,77,196,99,209,79,190,92,185,96,154,104
64,170,1,2,119,0,1953125,12,0,0,1,0,0,NaN,0,0,14,71,21,75,15,63,16,62,15,55,26,49,32,45,55,44,70,46,82,39,95,40,99,30,115,34,116,42,153,41,175,43,150,64,275,203,261,228,375,442,520,487,537,593,617,651,758,1000,809,699,496,561,363,289,331,735,408,203,184,424,432,346,339,160,132,44,62,57,70,60,69,45,43,71,69,50,58,61,71,45,60,44,50,27,41
64,170,1,2,119,0,1953125,12,0,0,1,0,0,NaN,0,0,78,24,85,16,73,14,77,11,64,23,61,26,57,47,51,66,59,80,47,96,60,103,36,125,53,119,41,148,64,168,70,184,27,213,167,327,224,270,389,497,555,530,598,601,695,661,913,977,1000,655,649,523,491,207,420,742,533,140,245,432,445,457,258,278,59,79,46,98,27,83,42,77,39,73,50,80,29,81,45,82,29,67,35,44,28
64,170,1,2,119,0,1953125,12,0,0,1,0,0,NaN,0,0,197,155,202,150,213,156,220,153,226,155,231,154,233,152,237,143,233,140,229,132,217,130,201,140,185,145,170,149,167,204,149,228,89,287,147,370,234,293,352,531,494,587,502,675,564,741,786,1000,939,657,666,465,478,302,450,695,465,234,232,430,497,353,434,163,254,64,151,144,153,153,127,155,135,182,107,178,109,196,93,189,88,193,96,163,86
64,170,1,2,119,0,1953125,12,0,0,1,0,0,NaN,0,0,51,59,53,55,43,53,45,53,32,54,30,52,24,59,30,70,41,78,45,88,43,93,51,105,52,108,60,134,78,135,120,150,97,152,200,310,160,317,288,533,450,573,475,656,575,708,767,1000,874,650,583,483,458,232,420,654,514,125,268,341,503,339,327,212,75,105,74,32,82,27,92,28,71,6,96,25,71,30,82,43,64,45,50,23,41
64,170,1,2,119,0,1953125,12,0,0,1,0,0,NaN,0,0,65,46,71,43,59,44,61,42,51,47,42,50,39,59,31,75,42,84,32,102,31,103,29,127,23,121,29,152,40,163,81,176,62,193,167,340,156,324,313,548,487,591,528,665,634,722,845,1000,945,651,649,504,514,216,445,677,544,97,283,366,506,396,304,254,43,108,66,64,67,54,81,49,65,30,88,51,59,49,72,63,54,57,43,34,35
64,170,1,2,119,0,1953125,12,0,0,1.01,0,0,NaN,0,0,164,132,177,130,175,134,192,137,184,138,194,144,182,146,185,153,169,152,163,158,155,154,132,169,117,162,96,189,64,198,29,218,73,210,112,351,61,362,184,558,316,587,350,670,435,710,574,1000,605,712,364,616,255,338,191,744,310,253,104,456,255,420,145,254,103,102,122,129,123,116,143,105,156,89,167,97,164,85,168,91,153,87,144,84,137
64,170,1,2,119,0,1953125,12,0,0,1,0,0,NaN,0,0,41,63,37,63,34,58,29,59,22,58,19,54,21,56,33,66,48,69,56,77,56,86,68,88,70,93,77,117,101,113,138,124,119,124,221,284,181,303,299,522,450,557,466,640,554,696,738,1000,833,662,570,517,436,244,397,671,500,149,255,348,496,317,335,182,102,92,77,11,85,18,92,12,68,22,95,13,73,29,88,32,67,39,53,19,44
64,170,1,2,119,0,1953125,12,0,0,1,0,0,NaN,0,0,193,145,196,143,208,154,210,153,217,157,219,157,216,159,220,147,215,150,211,143,198,144,181,151,161,157,149,162,135,218,108,233,60,285,96,377,179,315,291,551,430,599,430,686,497,751,702,1000,840,665,594,513,417,321,398,710,397,241,189,444,445,378,397,194,236,66,140,156,135,157,111,158,123,179,91,178,104,189,84,184,83,187,85,157,84
64,170,1,2,119,0,1953125,12,0,0,0.99,0,0,NaN,0,0,24,77,19,75,12,73,11,72,17,69,24,70,40,65,55,70,64,65,75,71,71,66,88,78,94,79,100,94,121,122,154,127,159,157,234,295,167,291,274,516,442,571,469,650,565,707,758,1000,878,669,597,490,445,205,405,653,495,74,246,343,518,370,376,277,138,149,71,91,68,74,71,87,34,46,59,62,39,53,54,57,51,69,45,45,37
