34928	35048	35167	35286	35405	35524	35644	35763	35882	36001	36120	36240	36359	36478	36597	36716	36836	36955	37074	37193	37313	37432	37551	37670	37789	37909	38028	38147	38266	38385	38505	38624	38743	38862	38981	39101	39220	39339	39458	39577	39697	39816	39935	40054	40174	40293	40412	40531	40650	40770	40889	41008	41127	41246	41366	41485	41604	41723	41842	41962	42081	42200	42319	42439	42558	42677	42796	42915	43035	43154	43273	43392	43511	43631	43750	43869	43988	44107	44227	44346	44465	44584	44703	44823	44942
35	36	27	10	18	39	35	8	25	25	26	6	21	19	15	15	17	24	28	16	50	59	21	19	85	13	15	27	17	50	140	55	180	150	162	235	362	388	281	370	511	435	508	590	328	269	245	517	417	587	331	636	484	548	961	355	1000	825	367	290	294	242	351	147	150	110	203	128	45	41	69	68	47	32	12	46	42	12	12	25	24	31	15	23	31
77	30	64	17	88	22	46	35	47	42	39	39	4	58	22	34	45	39	51	11	103	13	90	50	133	42	116	139	176	63	110	121	91	162	137	189	121	133	77	63	164	352	332	508	388	383	66	330	530	682	426	122	418	880	961	1000	903	633	616	465	265	280	256	149	237	111	170	58	154	80	130	33	93	32	108	20	86	11	44	42	53	38	42	52	39
32	56	37	41	45	16	63	12	41	20	25	37	20	53	12	32	27	9	53	10	58	48	67	64	35	105	40	79	43	77	82	81	109	65	93	26	107	131	240	227	154	356	611	787	701	337	292	420	463	289	375	595	604	647	836	878	957	999	787	584	441	277	238	302	172	98	110	159	77	70	17	54	68	116	32	16	75	28	51	20	31	69	92	48	23
60	22	46	42	42	36	26	59	19	31	18	26	30	3	15	28	21	23	40	15	41	26	34	42	59	31	48	70	48	62	31	73	63	79	34	82	120	35	108	99	286	355	289	326	249	10	161	262	433	485	447	486	658	799	875	1000	989	779	617	456	243	99	130	174	97	29	32	89	140	61	74	65	30	35	34	53	15	66	40	24	30	15	36	12	7
55	25	32	84	47	21	33	50	52	39	44	34	52	23	29	54	20	20	71	83	32	31	93	57	96	26	56	110	187	61	67	153	180	67	111	35	224	255	176	257	412	329	313	214	403	214	181	561	969	1000	854	764	641	469	518	469	588	575	360	210	248	187	288	231	212	81	172	163	179	106	67	11	7	98	95	33	42	74	28	75	56	44	32	55	32
286	257	268	254	248	222	205	204	176	160	136	115	106	73	41	30	46	87	113	145	181	224	273	295	306	384	422	431	401	441	485	446	493	554	611	641	621	520	499	679	898	544	339	717	485	860	783	821	300	342	781	431	612	590	654	657	999	942	638	494	610	281	384	230	180	292	243	291	251	275	285	267	302	297	279	292	289	281	267	295	297	223	217	213	181
52	31	17	48	32	16	51	38	7	48	41	11	44	42	21	38	38	33	35	20	53	69	30	65	89	57	64	151	117	72	200	205	97	192	252	232	220	404	228	153	127	293	213	341	455	244	328	392	751	1000	812	651	95	639	713	589	717	955	744	647	691	655	567	413	366	311	221	205	154	76	84	93	43	47	84	42	38	81	54	24	76	58	12	60	62
38	24	28	31	35	32	29	26	33	29	10	24	26	20	11	28	21	22	16	23	33	30	22	36	60	23	51	33	49	118	43	77	149	146	65	216	156	155	164	249	215	344	264	240	370	92	360	251	571	658	264	252	421	1000	523	476	618	398	438	556	251	357	334	111	151	139	69	112	44	46	49	41	25	46	38	27	23	13	17	3	14	16	9	20	30
67	28	37	68	65	29	27	53	41	37	11	54	53	8	7	67	75	29	42	48	90	19	58	52	125	63	72	64	143	163	112	192	129	110	90	215	131	83	130	64	142	229	228	219	292	277	404	645	962	999	767	519	119	474	692	823	840	559	389	237	156	181	46	98	157	259	143	68	38	111	123	20	59	39	81	42	7	41	65	29	11	14	37	20	13
38	55	36	56	31	27	56	32	28	13	41	31	17	14	57	38	45	4	50	31	32	64	29	90	2	66	73	103	58	33	189	140	24	101	14	183	175	70	221	276	120	89	201	81	351	282	92	461	961	1000	827	369	650	656	549	413	625	472	326	108	164	174	219	148	285	182	149	21	151	55	77	39	92	46	59	83	41	77	47	69	37	76	38	4	33
247	277	275	257	226	248	236	227	212	171	147	141	107	76	43	2	47	86	127	181	223	258	305	348	362	364	390	412	452	428	420	489	507	492	555	466	450	472	624	594	477	546	830	752	829	683	527	306	851	1000	960	488	464	224	384	619	573	350	859	777	275	372	455	398	410	397	302	313	305	240	257	250	246	239	235	241	256	235	226	226	208	234	184	194	157
46	43	4	43	42	7	42	41	18	46	44	33	48	48	41	49	46	60	67	60	83	71	40	89	94	59	114	129	65	124	158	88	169	229	140	252	308	280	316	519	511	438	539	436	300	432	348	195	682	890	811	1000	630	998	887	800	762	456	306	227	274	447	428	251	184	179	100	16	57	46	98	112	72	105	113	55	79	110	61	53	94	67	36	71	61
9	47	54	10	45	50	5	39	45	14	39	37	31	44	39	50	49	33	62	56	44	86	68	50	110	83	51	124	78	72	182	120	97	204	209	160	266	255	236	424	509	432	560	644	621	715	778	580	391	664	618	711	690	1000	780	770	636	433	318	204	312	457	491	296	218	179	116	31	65	55	96	133	96	99	124	82	59	102	81	40	76	68	28	56	53
240	233	206	253	236	228	271	236	249	277	234	269	271	228	284	263	210	274	231	215	263	183	203	256	138	230	239	119	248	215	119	324	168	184	434	196	256	512	194	421	715	334	592	880	494	475	974	645	192	461	112	586	864	654	1000	991	637	927	694	154	632	477	208	525	429	75	265	259	173	307	159	198	315	140	202	290	147	239	273	167	261	246	180	261	211
240	233	206	253	236	228	271	236	249	277	234	269	271	228	284	263	210	274	231	215	263	183	203	256	138	230	239	119	248	215	119	324	168	184	434	196	256	512	194	421	715	334	592	880	494	475	974	645	192	461	112	586	864	654	1000	991	637	927	694	154	632	477	208	525	429	75	265	259	173	307	159	198	315	140	202	290	147	239	273	167	261	246	180	261	211
32	44	16	32	39	7	30	29	10	36	26	13	30	23	14	27	31	34	22	34	49	10	42	54	17	50	57	9	76	66	73	137	77	42	197	106	64	109	128	88	296	273	337	429	373	406	445	395	180	280	345	559	629	967	844	1000	937	701	581	383	355	411	477	312	171	144	57	33	92	57	124	135	72	92	96	39	53	68	29	43	54	22	38	41	24
202	234	229	205	260	238	226	274	235	246	278	231	263	267	225	277	250	202	263	229	200	243	173	213	207	156	234	202	131	302	127	215	333	105	295	431	161	334	403	93	539	496	145	663	707	343	617	696	456	507	198	691	917	958	695	1000	706	803	874	269	524	678	356	400	490	217	184	254	151	307	224	132	309	197	149	274	172	204	265	175	245	247	184	249	208
28	9	18	24	26	12	11	23	29	9	12	22	12	11	5	22	19	3	23	25	15	7	15	32	42	20	31	38	49	68	59	83	92	46	89	10	63	109	124	113	187	248	113	262	318	356	451	397	273	342	251	470	454	1000	158	555	671	635	237	111	248	58	243	65	69	26	42	108	27	82	67	51	4	49	40	36	6	24	43	23	9	16	19	20	9
222	210	206	215	209	218	196	201	171	144	117	75	38	19	40	52	92	120	119	149	143	156	169	202	226	294	357	352	372	421	402	387	404	433	376	312	465	483	398	462	417	578	644	590	409	334	367	380	494	354	778	288	166	395	999	249	640	602	287	291	70	345	375	317	272	330	338	299	288	232	259	232	207	207	198	185	177	170	161	157	140	154	139	129	118
147	197	172	158	206	170	173	214	166	191	217	166	211	212	160	222	201	145	209	169	141	206	126	157	201	82	179	212	58	234	222	46	267	208	105	299	231	124	320	186	260	534	280	349	639	535	385	666	356	294	407	294	621	973	628	957	999	525	697	581	241	579	557	214	379	381	77	213	215	87	242	153	132	258	144	140	235	116	165	218	117	193	207	120	197
