34928	35048	35167	35286	35405	35524	35644	35763	35882	36001	36120	36240	36359	36478	36597	36716	36836	36955	37074	37193	37313	37432	37551	37670	37789	37909	38028	38147	38266	38385	38505	38624	38743	38862	38981	39101	39220	39339	39458	39577	39697	39816	39935	40054	40174	40293	40412	40531	40650	40770	40889	41008	41127	41246	41366	41485	41604	41723	41842	41962	42081	42200	42319	42439	42558	42677	42796	42915	43035	43154	43273	43392	43511	43631	43750	43869	43988	44107	44227	44346	44465	44584	44703	44823	44942
10	32	35	3	33	37	4	32	32	8	26	25	12	17	21	29	18	18	34	20	25	40	8	31	55	20	43	48	33	108	98	85	144	206	142	76	106	122	152	135	75	134	49	126	121	326	199	278	413	427	636	797	847	912	1000	764	635	604	296	387	257	285	142	72	117	104	97	130	67	94	109	40	86	107	45	53	81	40	30	51	25	31	39	16	35
24	24	11	8	13	20	5	12	6	5	8	23	19	14	12	25	26	16	2	35	33	11	26	16	29	42	11	20	52	34	42	165	50	117	211	124	106	216	227	36	164	140	295	537	214	407	425	381	305	294	719	779	889	935	999	604	696	574	446	724	108	287	177	267	65	73	131	129	121	68	105	66	85	74	44	76	69	40	40	58	45	25	36	41	24
143	135	132	124	119	125	129	119	112	103	99	80	57	32	12	19	45	69	89	137	127	145	152	133	145	188	155	209	219	310	284	234	195	439	386	565	93	171	431	558	226	493	462	35	315	209	77	751	226	578	177	615	324	999	849	972	263	951	136	675	498	105	172	113	371	254	246	156	173	95	129	102	133	105	111	90	112	103	109	110	92	87	99	92	79
143	135	132	124	119	125	129	119	112	103	99	80	57	32	12	19	45	69	89	137	127	145	152	133	145	188	155	209	219	310	284	234	195	439	386	565	93	171	431	558	226	493	462	35	315	209	77	751	226	578	177	615	324	999	849	972	263	951	136	675	498	105	172	113	371	254	246	156	173	95	129	102	133	105	111	90	112	103	109	110	92	87	99	92	79
136	168	150	147	179	154	160	185	157	173	188	161	183	180	154	185	166	147	174	144	140	161	112	142	150	109	152	114	95	211	125	62	244	208	89	225	128	247	261	127	241	228	178	175	300	221	189	235	205	586	706	569	985	1000	676	807	829	369	319	507	109	308	285	126	237	210	56	215	180	94	212	128	155	222	127	169	211	128	171	185	123	176	175	133	182
142	169	140	155	172	145	167	174	151	178	174	160	186	163	164	185	151	160	168	128	155	145	106	154	128	115	162	85	134	215	86	118	243	138	176	205	75	310	213	95	282	188	197	208	256	131	245	190	325	611	653	646	1000	886	613	749	683	275	336	435	47	329	213	126	251	157	82	223	142	118	202	105	170	199	107	176	190	119	175	167	125	181	159	135	181
156	158	138	163	158	145	172	161	158	182	167	172	184	159	177	174	147	167	152	135	163	126	133	153	116	136	139	93	184	168	77	195	197	27	266	104	141	354	110	139	300	114	247	223	245	77	216	36	553	582	474	846	1000	747	775	745	464	339	402	259	89	343	100	149	224	49	168	208	79	180	159	111	199	138	128	187	131	140	179	124	157	177	131	166	162
6	5	18	15	1	10	9	11	10	5	6	20	16	10	7	19	16	14	15	11	12	6	10	28	15	18	33	31	49	41	33	135	40	104	252	167	119	203	183	149	85	40	171	223	231	183	69	204	510	121	671	808	690	1000	472	332	425	145	42	247	292	238	3	152	120	47	29	97	70	6	48	28	50	48	7	33	46	23	3	21	35	11	4	20	11
57	62	46	67	35	72	34	81	38	54	9	48	20	38	53	47	63	36	81	38	98	35	90	29	93	50	93	113	146	124	187	196	221	50	81	219	242	154	128	198	243	411	470	394	303	101	241	317	313	595	899	1000	941	727	509	586	591	583	690	689	657	346	239	101	182	68	169	97	127	28	87	50	54	100	109	57	48	77	67	39	40	69	44	19	36
66	12	63	15	70	7	43	16	44	22	37	27	25	30	20	19	19	41	8	3	70	45	64	36	95	55	55	12	108	28	180	159	251	91	171	172	328	241	256	105	56	73	230	156	5	288	464	388	371	493	888	1000	847	621	267	320	486	317	338	356	402	307	137	92	128	96	79	49	63	8	87	33	101	42	86	16	48	19	49	18	47	35	35	32	52
66	12	63	15	70	7	43	16	44	22	37	27	25	30	20	19	19	41	8	3	70	45	64	36	95	55	55	12	108	28	180	159	251	91	171	172	328	241	256	105	56	73	230	156	5	288	464	388	371	493	888	1000	847	621	267	320	486	317	338	356	402	307	137	92	128	96	79	49	63	8	87	33	101	42	86	16	48	19	49	18	47	35	35	32	52
56	19	42	27	49	26	45	25	31	32	22	32	6	40	17	28	18	28	22	27	37	15	59	31	96	0	59	52	73	84	114	229	246	178	183	243	340	345	373	153	112	102	197	105	15	355	450	488	400	559	866	1000	891	539	205	344	504	350	308	270	392	251	185	32	144	53	73	42	34	57	43	64	52	36	26	38	5	53	12	46	33	59	43	69	61
47	66	33	60	30	51	33	40	47	54	25	30	38	32	11	21	50	5	19	58	57	63	73	87	93	57	56	102	57	159	179	280	255	183	215	267	370	327	398	165	104	89	174	89	96	411	493	393	328	509	906	1000	870	597	200	303	561	411	311	283	375	359	175	149	123	175	55	81	38	50	62	32	89	62	45	30	50	19	55	29	41	19	51	39	57
59	25	62	6	57	21	44	20	24	36	36	18	6	39	7	20	33	41	30	20	69	23	96	61	112	36	100	35	101	67	243	222	314	148	270	249	439	392	443	293	123	42	154	160	142	383	519	395	420	555	943	1000	846	588	152	187	448	339	209	163	290	277	170	130	128	142	65	72	48	37	57	16	92	29	52	4	44	19	30	19	26	37	43	47	51
36	71	59	48	8	72	16	69	30	30	65	34	49	57	79	27	33	91	12	47	76	45	130	88	103	36	143	32	78	165	182	51	173	260	235	349	533	758	823	744	374	302	335	237	269	592	854	655	626	730	1000	996	676	482	169	294	335	402	240	253	178	258	156	153	85	104	66	78	155	5	72	51	48	91	39	65	20	81	9	35	43	23	46	48	43
62	59	36	71	75	43	39	48	85	20	26	24	62	30	16	26	66	45	37	55	85	101	87	169	53	107	60	170	121	155	207	392	461	221	312	333	702	752	662	579	273	364	326	289	476	639	625	724	573	731	968	1000	954	633	417	343	453	512	265	230	50	203	125	152	161	98	213	125	87	132	73	59	6	86	47	76	61	82	85	27	78	89	116	62	44
55	36	70	18	62	8	69	28	35	14	56	13	24	34	59	11	21	33	58	2	53	18	119	63	88	31	117	50	80	58	266	215	343	236	301	275	484	604	627	587	269	207	169	391	500	601	743	542	310	508	835	1000	664	465	304	556	494	427	239	206	156	97	50	186	146	133	134	42	93	77	19	48	44	62	39	8	60	57	21	24	56	41	43	61	63
86	50	62	16	72	49	64	34	31	65	34	17	44	54	17	36	85	12	66	84	64	119	109	101	58	138	7	69	137	205	53	147	286	184	362	316	638	725	982	714	500	191	364	402	461	871	974	633	355	544	1000	961	777	393	516	654	669	439	84	56	164	116	239	188	223	156	31	103	116	44	74	74	59	70	23	121	39	97	47	86	13	66	44	35	24
53	42	60	58	49	33	65	38	43	28	54	20	39	42	56	9	21	44	61	21	36	34	49	109	48	78	75	102	65	70	51	320	332	279	269	246	598	656	778	584	279	270	248	465	518	586	714	565	277	462	724	1000	824	626	593	594	713	417	251	168	214	154	193	101	245	236	91	92	145	128	37	50	76	108	19	15	56	79	18	30	48	77	26	25	53
69	27	82	25	56	47	49	61	12	43	49	57	37	26	84	27	27	78	28	65	26	34	135	117	108	18	181	18	96	194	241	33	64	190	178	375	502	802	863	842	350	210	280	273	443	761	927	596	60	335	706	1000	827	609	500	882	786	408	72	358	248	296	218	291	84	39	181	69	137	11	82	76	98	57	49	60	11	72	20	52	83	59	68	71	51
