64,170,2,2,119,0,1953125,12,0,0,0.86,0,0,NaN,0,0,33,23,28,49,12,41,41,18,37,24,45,29,33,50,35,35,36,61,33,45,72,51,80,56,75,75,36,120,77,106,136,115,178,148,188,218,132,261,277,273,323,322,439,541,481,348,353,182,125,94,258,393,245,626,950,1000,716,369,298,209,163,262,290,265,196,114,212,191,89,92,77,97,81,71,113,69,52,83,53,59,52,65,67,37,62
64,170,2,2,119,0,1953125,12,0,2396,1.43,0,0,NaN,0,0,31,13,20,29,33,30,4,16,19,38,14,15,13,19,25,27,28,17,20,13,34,49,26,8,22,61,75,42,71,55,14,175,122,56,98,225,359,174,29,283,55,462,386,356,397,116,399,415,414,478,38,634,1000,485,802,490,443,331,314,309,90,207,96,31,53,30,161,44,91,52,54,90,38,33,20,35,50,37,21,18,40,37,25,25,23
64,170,2,2,119,0,1953125,12,0,7545,2.31,0,0,NaN,0,0,46,38,18,37,36,31,15,30,32,29,8,20,45,18,8,30,41,27,15,63,21,31,26,49,62,70,40,84,74,66,36,109,53,39,158,88,102,102,221,186,325,197,148,449,473,589,276,366,305,341,517,368,798,826,707,1000,640,375,355,145,210,323,277,129,91,157,33,28,27,76,19,57,31,37,34,27,30,30,4,18,45,29,3,18,24
64,170,2,2,119,0,1953125,12,0,0,0.86,0,0,NaN,0,0,27,31,39,19,62,29,39,57,22,38,29,51,44,32,58,44,38,25,68,53,40,91,53,79,52,48,81,35,147,130,65,117,49,96,103,92,218,85,189,341,302,436,464,360,690,460,489,394,358,506,445,547,742,632,1000,884,776,378,334,769,743,499,430,412,418,343,229,243,258,125,146,167,146,159,103,137,126,66,128,106,73,92,85,93,65
64,170,2,2,119,0,1953125,12,0,0,0.86,0,0,NaN,0,0,43,35,46,34,23,33,17,37,21,25,34,4,26,17,35,26,33,43,24,53,15,71,58,104,151,90,138,120,123,153,82,251,331,280,419,384,503,419,254,479,467,520,547,456,631,540,408,383,476,619,990,1000,758,213,293,964,524,897,360,347,345,463,302,265,141,267,299,141,208,168,92,119,40,105,102,36,83,46,52,59,20,50,35,37,44
64,170,2,2,119,0,1953125,12,0,0,0.85,0,0,NaN,0,0,44,59,9,61,41,31,63,17,50,40,28,50,28,42,34,52,42,55,75,41,90,74,58,98,20,124,102,133,213,160,210,230,153,284,286,261,396,443,618,746,625,827,796,651,713,401,393,226,100,251,275,421,752,638,1000,712,869,661,551,387,358,116,192,186,132,184,161,84,157,64,79,114,63,124,101,57,94,45,64,64,22,69,46,42,57
64,170,2,2,119,0,1953125,12,0,0,0.84,0,0,NaN,0,0,38,45,7,47,26,31,46,14,43,32,26,40,28,39,33,47,35,45,59,40,72,57,61,85,30,87,80,84,154,124,180,209,127,179,215,172,282,270,327,412,410,536,484,401,421,198,137,228,338,405,428,315,411,158,424,745,944,1000,692,279,141,154,179,251,191,192,214,138,170,135,68,100,56,66,94,51,80,67,41,68,36,49,51,30,47
64,170,2,2,119,0,1953125,12,0,0,0.86,0,0,NaN,0,0,23,26,38,8,38,21,35,42,20,47,33,35,38,38,45,35,45,33,45,42,59,77,47,73,49,41,72,62,119,85,95,144,86,156,206,192,246,247,308,421,406,464,383,311,432,381,489,457,187,194,121,393,723,1000,994,802,581,281,87,268,213,142,191,170,141,127,91,106,99,59,101,78,83,82,40,66,42,49,63,42,57,48,44,52,39
64,170,2,2,119,0,1953125,12,0,0,0.98,0,0,NaN,0,0,190,222,190,236,197,224,182,234,185,232,167,226,174,234,158,222,161,239,161,231,136,276,170,218,185,253,206,239,211,362,47,426,262,192,430,214,384,340,240,631,309,910,463,573,514,686,659,463,311,503,471,434,342,854,603,520,64,999,624,967,969,350,621,160,600,101,401,173,301,252,322,173,313,227,319,209,254,262,281,229,255,233,274,236,259
64,170,2,2,119,0,1953125,12,0,0,0.84,0,0,NaN,0,0,127,156,137,141,150,122,157,129,138,151,118,156,121,131,144,109,155,115,141,152,98,172,118,144,149,142,186,99,194,210,55,276,199,151,285,120,230,85,233,280,44,348,105,155,270,199,69,265,150,570,589,579,754,253,568,422,706,1000,464,509,188,159,341,53,250,232,98,275,147,168,264,101,208,177,160,218,117,205,165,150,203,126,193,162,152
64,170,2,2,119,0,1953125,12,0,0,0.96,0,0,NaN,0,0,190,144,188,155,197,158,175,159,176,171,164,154,162,165,172,153,152,163,166,182,139,171,164,205,140,203,150,198,167,317,28,336,156,241,177,238,87,311,155,364,222,544,581,201,370,279,600,74,232,284,666,417,723,530,1000,482,592,549,238,281,312,344,108,215,309,268,191,359,85,310,116,285,162,238,190,236,155,247,178,225,171,220,188,210,193
64,170,2,2,119,0,1953125,12,0,0,0.86,0,0,NaN,0,0,192,181,194,210,170,197,163,181,189,174,212,163,191,158,158,190,147,222,176,175,174,147,196,159,250,196,205,199,183,210,145,349,262,210,353,121,334,346,259,465,212,347,219,703,912,254,686,640,634,950,671,203,428,788,910,475,1000,406,373,616,165,313,224,284,337,66,350,177,218,293,197,282,195,249,205,200,265,190,266,198,223,230,179,250,178
64,170,2,2,119,0,1953125,12,0,0,0.86,0,0,NaN,0,0,11,21,25,7,25,9,21,20,8,24,11,22,23,20,24,13,21,11,24,23,21,38,17,40,31,12,44,18,21,7,48,57,48,24,14,76,26,72,99,109,63,99,38,217,352,278,208,117,46,204,170,34,167,496,955,1000,751,404,260,331,244,245,33,89,183,179,95,94,117,60,48,38,49,70,32,48,48,27,41,22,28,34,23,33,22
64,170,1,2,119,0,1953125,12,0,0,0.85,0,0,NaN,0,0,19,26,35,10,45,32,22,32,5,22,10,25,23,12,29,20,26,9,32,40,17,52,17,65,68,29,90,59,109,92,30,164,175,141,200,201,340,354,107,235,289,259,169,155,341,284,216,432,669,643,774,927,957,1000,657,502,282,384,266,297,330,375,170,16,79,122,57,58,133,128,51,55,50,37,57,7,57,56,4,39,32,19,25,20,39
64,170,2,2,119,0,1953125,12,0,0,0.86,0,0,NaN,0,0,179,146,175,161,155,176,138,182,143,166,168,131,179,122,173,152,143,182,107,192,127,171,186,139,203,111,194,159,188,274,108,220,147,254,361,81,283,231,187,388,97,376,422,151,275,415,807,341,164,196,158,647,368,788,999,756,763,179,339,473,204,336,58,399,354,139,357,79,265,244,157,308,124,247,197,175,234,145,250,160,205,212,152,234,146
64,170,2,2,119,0,1953125,12,0,0,0.74,0,0,NaN,0,0,148,174,153,147,181,159,143,180,160,135,174,155,128,164,149,121,160,142,117,172,154,113,208,170,101,239,216,81,246,259,106,194,241,173,116,264,239,127,450,343,29,383,355,67,372,96,381,486,553,612,1000,792,566,918,985,636,733,514,58,411,248,91,139,226,268,140,153,219,134,213,200,142,229,213,145,222,213,155,205,213,148,188,207,149,175
64,170,2,2,119,0,1953125,12,0,0,0.8,0,0,NaN,0,0,176,172,152,181,159,162,182,143,171,170,141,180,149,150,176,132,161,163,134,183,142,165,182,139,176,191,152,191,166,199,186,166,263,168,189,322,197,265,343,239,36,409,143,311,452,36,191,406,224,542,414,679,1000,805,800,693,184,342,151,234,537,129,336,560,242,248,396,144,228,269,143,229,196,206,250,162,217,234,149,221,196,176,225,174,208
64,170,2,2,119,0,1953125,12,0,0,0.77,0,0,NaN,0,0,165,183,155,177,186,146,179,181,142,180,164,133,187,156,135,191,145,148,200,133,151,206,148,156,189,143,193,213,120,237,182,167,290,153,265,353,109,206,462,162,198,478,513,602,957,612,373,635,549,521,1000,630,792,836,555,64,307,440,509,353,97,254,383,90,301,196,158,325,243,164,254,200,183,235,175,192,251,160,194,245,174,215,232,158,218
64,170,2,2,119,0,1953125,12,0,7570,2.32,0,0,NaN,0,0,27,25,27,21,25,30,14,20,12,19,21,12,16,19,15,15,30,26,6,27,23,23,28,17,64,30,46,26,29,37,87,109,271,186,224,300,338,355,370,294,346,325,129,366,276,627,522,999,696,662,438,207,494,710,961,319,394,531,143,706,215,346,25,178,47,142,83,77,39,78,40,58,21,11,7,20,24,12,8,21,21,4,8,13,14
64,170,2,2,119,0,1953125,12,0,0,0.85,0,0,NaN,0,0,133,165,163,141,183,129,177,152,136,180,113,180,143,140,178,104,178,121,158,174,99,224,108,185,216,90,241,106,242,249,77,303,164,246,332,23,282,119,243,363,191,588,451,541,789,398,632,613,482,1000,698,845,647,288,557,547,898,356,283,255,219,294,119,254,239,91,302,182,192,314,123,230,208,155,255,132,229,195,161,234,129,220,177,173,223
64,170,2,2,119,0,1953125,12,0,7716,2.34,0,0,NaN,0,0,27,21,19,14,15,21,17,8,7,18,7,4,5,19,3,4,21,30,5,21,25,27,11,33,29,27,19,51,27,38,25,87,33,100,49,113,101,259,259,188,234,208,347,323,258,451,416,600,571,1000,953,409,220,455,368,432,376,400,222,97,199,59,77,158,126,123,111,52,80,16,47,10,35,27,6,33,39,14,14,14,29,13,12,20,16
64,170,2,2,119,0,1953125,12,0,0,0.82,0,0,NaN,0,0,671,678,691,685,678,667,656,650,654,647,657,654,651,634,622,614,611,614,639,647,649,655,662,647,663,679,706,713,738,766,763,745,734,785,772,748,770,872,779,790,816,692,743,777,730,789,726,735,763,693,700,840,440,786,1000,766,708,655,780,743,771,899,843,779,747,784,820,824,845,853,843,833,824,809,805,803,826,822,816,811,794,779,781,780,785
64,170,2,2,119,0,1953125,12,0,0,0.49,0,0,NaN,0,0,5,0,4,7,9,8,5,1,5,8,13,10,9,5,5,9,12,18,12,7,13,13,20,20,10,22,36,46,48,30,100,68,19,20,122,45,115,188,157,156,113,143,166,287,234,259,395,113,449,375,321,822,284,645,1000,438,147,593,610,354,329,229,83,34,65,35,146,122,81,56,20,37,42,68,74,63,46,25,29,42,51,52,44,30,28
64,170,2,2,119,0,1953125,12,0,0,0.84,0,0,NaN,0,0,151,148,129,160,122,140,141,127,163,122,151,141,107,152,102,148,141,118,170,99,137,143,111,180,107,179,150,109,246,131,189,268,53,329,200,262,427,190,236,173,289,613,331,216,398,542,607,64,164,250,233,301,266,668,1000,384,535,512,128,345,177,367,241,195,252,88,187,176,117,251,160,217,204,111,210,134,175,201,142,204,153,163,168,140,184
64,170,2,2,119,0,1953125,12,0,2446,1.44,0,0,NaN,0,0,11,25,37,35,18,3,23,31,24,30,14,16,16,32,15,21,19,4,19,44,33,47,17,14,46,80,80,71,71,112,210,99,118,93,124,199,227,263,138,39,277,384,239,337,735,401,581,634,524,360,376,384,165,196,331,426,741,168,1000,664,268,147,379,147,145,77,99,23,105,65,21,105,39,77,24,20,53,47,39,34,20,36,27,29,18
64,170,2,2,119,0,1953125,12,0,0,0.84,0,0,NaN,0,0,57,84,98,109,109,94,72,40,13,32,57,72,79,72,60,49,57,73,94,103,95,88,87,26,7,72,152,152,185,149,129,153,97,80,61,119,223,123,363,428,425,371,300,218,274,127,316,143,533,585,737,1000,909,431,921,225,700,947,373,394,363,236,357,363,300,261,267,207,155,124,113,123,146,165,164,158,143,108,85,61,51,58,77,97,102
64,170,2,2,119,0,1953125,12,0,0,0.85,0,0,NaN,0,0,15,37,47,12,47,34,14,30,15,41,23,26,39,19,26,25,44,18,36,52,28,61,35,75,91,55,110,60,72,125,85,147,166,171,239,165,304,380,309,123,178,372,425,357,404,589,376,223,262,890,953,396,346,301,457,148,230,805,1000,796,364,277,325,316,214,82,184,130,52,74,65,88,34,38,64,15,54,61,31,42,27,39,38,20,39
64,170,2,2,119,0,1953125,12,0,0,0.86,0,0,NaN,0,0,49,20,37,33,21,45,13,37,32,15,39,15,32,21,32,33,28,41,19,47,20,33,46,19,59,40,49,60,60,30,119,110,90,207,227,105,181,157,80,251,265,388,357,311,225,220,82,203,411,541,515,631,760,803,552,361,655,1000,810,485,455,388,288,365,270,249,221,90,127,122,116,130,39,83,77,66,102,54,65,67,48,71,41,50,57
64,170,2,2,119,0,1953125,12,0,84,1.03,0,0,NaN,0,0,61,39,47,19,56,33,52,16,29,46,45,21,8,60,30,23,44,67,21,19,83,67,45,27,91,59,74,33,113,41,83,95,95,218,281,89,47,390,451,385,398,458,370,71,325,740,741,488,525,770,919,801,885,1000,954,616,463,906,972,620,433,131,127,68,86,110,112,43,125,84,94,53,94,29,15,95,91,14,25,85,58,19,51,68,31
64,170,2,2,119,0,1953125,12,0,0,0.6,0,0,NaN,0,0,16,11,23,28,21,10,20,29,28,14,16,32,34,23,16,34,46,42,25,32,50,54,40,39,58,59,66,64,72,117,123,106,75,65,95,99,93,98,134,295,172,41,237,378,446,521,633,296,294,465,513,395,615,1000,985,837,523,537,357,391,295,316,237,172,172,137,92,134,122,107,68,60,87,89,71,40,47,68,65,39,28,46,56,43,23
