64,170,1,2,119,0,1953125,12,0,0,0.85,0,0,NaN,0,0,88,93,107,83,114,89,96,110,77,112,82,95,103,73,107,69,98,88,79,112,55,121,97,71,129,83,118,74,137,153,34,240,134,167,218,57,171,147,162,184,116,341,365,365,584,336,144,137,173,201,232,15,297,394,909,803,1000,791,343,342,89,136,106,127,271,114,180,225,34,203,140,117,161,64,180,115,126,164,79,151,106,117,140,91,147
64,170,1,2,119,0,1953125,12,0,0,0.86,0,0,NaN,0,0,34,17,26,31,7,27,14,23,25,6,28,13,24,20,19,24,20,27,12,27,16,25,36,29,81,50,43,56,32,73,69,160,151,127,205,210,201,247,113,108,49,103,403,427,572,532,283,258,357,432,349,378,232,327,622,1000,974,866,563,376,230,136,46,151,154,188,220,116,113,122,62,86,43,78,88,47,74,58,44,54,34,48,40,29,44
64,170,1,2,119,0,1953125,12,0,0,0.93,0,0,NaN,0,0,23,26,34,12,38,2,38,14,26,18,20,19,19,22,22,24,27,28,23,33,24,55,34,72,55,18,34,32,47,30,23,98,94,99,201,199,211,254,113,100,69,147,143,172,207,288,214,382,443,507,507,411,374,267,606,981,1000,897,691,458,373,132,147,184,115,129,43,48,38,100,43,64,44,47,57,41,65,32,51,29,38,37,29,31,30
64,170,1,2,119,0,1953125,12,0,0,0.86,0,0,NaN,0,0,35,19,25,35,5,33,19,23,29,5,33,14,24,26,22,29,19,38,22,39,32,28,51,33,99,75,69,108,30,80,51,109,128,69,185,188,186,266,230,155,151,89,210,293,440,376,220,152,188,273,375,315,326,303,569,953,1000,790,742,538,396,338,196,140,115,98,169,98,86,77,39,53,21,63,69,46,61,56,43,49,36,42,43,23,40
64,170,1,2,119,0,1953125,12,0,0,0.86,0,0,NaN,0,0,43,28,30,47,6,38,23,24,36,6,41,22,29,31,27,35,26,51,33,48,46,31,61,30,113,91,77,131,41,90,45,115,145,69,224,223,233,330,287,226,197,38,261,363,524,492,339,286,366,450,620,622,639,532,630,954,999,751,756,592,419,427,263,180,152,89,176,103,92,90,53,68,35,73,88,57,77,75,52,64,48,51,57,32,51
64,170,1,2,119,0,1953125,12,0,0,0.86,0,0,NaN,0,0,42,27,34,49,3,47,31,26,41,10,44,24,32,34,27,39,29,58,37,62,61,35,65,14,99,78,80,137,44,89,34,82,126,70,232,237,293,418,392,398,333,161,108,178,348,444,361,396,501,605,864,971,1000,841,486,487,531,441,528,490,307,396,254,183,169,48,123,84,101,94,61,89,59,57,84,55,71,71,55,76,50,52,65,39,52
64,170,1,2,119,0,1953125,12,0,0,0.86,0,0,NaN,0,0,43,35,30,48,7,41,29,24,43,5,40,27,23,31,23,37,19,53,36,52,56,28,64,5,95,82,63,128,39,82,35,83,112,37,198,212,259,381,361,350,321,153,72,152,327,351,258,260,378,516,814,926,1000,809,510,543,593,478,571,491,319,384,253,188,176,35,122,82,84,89,59,79,52,58,85,50,65,74,49,67,50,51,59,34,52
64,170,1,2,119,0,1953125,12,0,0,0.86,0,0,NaN,0,0,45,35,27,53,10,42,35,22,44,6,44,30,26,34,26,39,20,55,40,52,60,25,68,10,103,99,68,141,50,77,51,86,107,36,179,222,249,364,362,310,300,136,110,196,386,367,289,260,414,570,849,908,1000,746,547,748,848,630,741,571,401,416,270,195,168,54,150,107,101,109,75,92,65,71,99,65,75,87,61,73,60,53,67,41,56
64,170,1,2,119,0,1953125,12,0,0,0.87,0,0,NaN,0,0,136,107,148,107,149,123,129,146,101,150,101,136,128,108,144,89,139,91,138,127,101,157,97,131,99,179,134,122,200,102,160,157,149,177,98,340,212,343,527,233,423,369,110,19,391,348,45,207,359,484,962,709,942,574,487,897,947,1000,728,673,651,277,395,296,113,267,13,272,158,197,232,102,232,88,231,179,152,228,94,210,132,170,184,127,197
64,170,1,2,119,0,1953125,12,0,0,0.87,0,0,NaN,0,0,130,90,118,114,96,129,85,132,96,111,116,83,130,74,124,94,100,109,82,129,65,139,108,87,116,118,123,88,153,115,110,151,123,148,73,302,192,298,456,224,395,332,7,63,249,334,23,147,293,354,704,468,573,178,534,948,980,1000,614,580,510,175,312,160,160,190,69,215,76,195,135,142,168,87,212,90,171,146,113,161,93,167,104,151,124
64,170,1,2,119,0,1953125,12,0,0,0.88,0,0,NaN,0,0,90,101,81,110,76,103,86,96,104,75,111,63,105,82,89,100,65,105,61,108,67,107,116,52,118,85,110,83,112,130,64,148,133,89,99,256,140,263,365,183,339,266,100,88,187,381,18,204,270,291,530,316,266,134,627,952,1000,968,511,490,369,83,234,58,181,106,122,156,77,162,66,162,91,129,160,73,153,83,132,96,122,121,95,134,77
64,170,1,2,119,0,1953125,12,0,0,0.74,0,0,NaN,0,0,26,30,17,18,28,15,12,25,18,1,15,14,9,11,9,16,18,5,18,16,5,25,25,12,46,40,3,48,60,37,84,161,103,109,147,141,108,227,242,172,219,246,136,242,265,344,35,146,220,409,458,519,353,335,525,1000,930,874,393,167,64,221,230,96,82,119,79,20,55,69,40,39,29,13,22,20,10,30,26,6,28,38,15,14,33
64,170,2,2,119,0,1953125,12,0,0,0.74,0,0,NaN,0,0,115,132,122,117,135,118,108,127,114,95,116,103,87,112,103,88,121,109,105,130,109,114,146,108,99,163,120,75,153,156,24,229,213,59,235,250,19,267,341,82,247,301,286,178,420,401,38,265,282,346,517,534,301,473,642,890,949,1000,220,219,204,228,136,246,245,28,194,208,100,191,211,119,156,174,131,146,166,117,144,150,114,142,155,121,144
64,170,2,2,119,0,1953125,12,0,0,0.86,0,0,NaN,0,0,81,100,84,99,100,86,105,86,96,86,92,92,81,102,73,93,82,74,100,74,95,83,103,77,87,134,71,105,110,122,59,173,196,30,206,204,53,224,140,83,116,142,367,256,490,388,90,264,205,255,364,307,90,380,695,916,1000,971,384,457,277,47,210,35,241,120,160,201,41,190,118,132,134,91,178,72,154,131,100,143,79,141,101,121,124
64,170,2,2,119,0,1953125,12,0,0,0.86,0,0,NaN,0,0,22,29,10,30,16,17,23,7,23,9,15,13,11,15,8,19,7,20,13,15,21,18,34,7,57,53,15,44,36,45,36,110,119,57,104,111,46,117,19,55,14,120,291,356,382,348,155,206,120,200,221,191,50,289,557,919,1000,895,572,357,288,179,90,173,163,164,174,87,100,106,58,82,47,69,79,40,66,49,37,45,26,44,33,25,37
64,170,2,2,119,0,1953125,12,0,0,0.86,0,0,NaN,0,0,25,30,12,30,16,19,22,11,25,5,18,13,12,14,10,19,6,21,9,17,18,23,38,13,65,55,22,43,35,58,43,122,125,56,108,95,41,113,40,75,46,133,304,359,357,328,123,196,88,121,176,75,127,311,614,890,999,835,534,269,236,133,84,202,187,188,183,83,103,103,63,90,51,77,82,39,65,45,39,45,28,50,33,29,39
64,170,1,2,119,0,1953125,12,0,0,0.86,0,0,NaN,0,0,8,32,12,37,15,24,5,31,7,30,13,26,7,26,13,21,4,30,4,20,18,57,18,33,23,38,12,67,23,51,47,161,116,107,83,93,107,40,151,98,59,103,309,371,346,268,105,114,62,84,206,149,103,254,628,852,1000,853,566,323,354,363,338,217,141,69,76,58,80,56,67,89,44,51,5,30,11,31,11,22,10,34,15,19,14
64,170,1,2,119,0,1953125,12,0,7978,2.39,0,0,NaN,0,0,20,19,15,9,16,15,17,12,12,17,13,5,10,13,13,3,19,14,13,2,17,30,23,9,37,38,34,30,28,32,28,96,71,88,4,35,66,60,144,133,25,34,200,259,158,261,150,162,97,79,214,121,145,82,602,368,999,708,394,229,194,292,166,114,155,62,59,13,15,13,22,49,26,26,21,9,25,5,6,6,17,12,0,4,5
64,170,2,2,119,0,1953125,12,0,0,0.86,0,0,NaN,0,0,693,705,710,706,703,705,704,697,706,697,685,671,649,646,651,645,636,637,633,630,638,652,666,688,696,697,724,763,769,783,825,767,837,839,885,906,843,796,814,967,880,936,889,744,733,954,921,817,1000,746,555,767,926,892,746,862,617,827,881,964,907,737,865,915,914,909,916,929,946,921,909,916,930,937,943,931,910,891,869,879,886,899,875,865,852
64,170,2,2,119,0,1953125,12,0,0,0.86,0,0,NaN,0,0,33,27,22,33,9,27,20,16,23,4,23,10,16,14,17,17,14,26,9,25,12,22,26,31,70,33,42,47,46,60,67,161,127,114,170,146,160,191,60,93,68,35,280,332,469,440,100,97,129,157,302,133,177,270,608,1000,948,849,419,223,204,96,26,123,132,213,207,98,117,81,78,85,36,93,64,53,67,34,50,30,34,49,26,35,35
64,170,2,2,119,0,1953125,12,0,0,0.86,0,0,NaN,0,0,25,33,12,32,16,20,25,11,27,7,19,16,11,19,9,21,8,24,16,20,22,14,34,17,69,51,33,57,22,84,70,138,158,78,160,182,135,211,144,77,108,85,163,280,341,402,57,13,131,53,331,162,248,317,622,1000,953,826,478,307,202,155,61,98,88,165,201,112,97,85,51,76,31,74,75,40,58,39,37,38,25,44,34,24,37
64,170,2,2,119,0,1953125,12,0,0,0.86,0,0,NaN,0,0,109,88,108,89,107,105,94,111,88,103,87,93,96,84,106,76,97,83,82,104,77,102,76,120,70,113,143,53,141,73,176,102,120,206,62,162,292,74,208,199,67,82,253,409,338,469,361,73,249,251,477,525,422,474,507,1000,947,734,723,427,359,404,107,245,136,210,210,75,242,91,189,157,142,180,76,193,115,146,169,100,167,100,147,133,120
64,170,2,2,119,0,1953125,12,0,0,0.86,0,0,NaN,0,0,30,36,20,40,24,22,30,10,30,10,23,20,14,26,10,29,8,34,31,16,38,11,59,16,79,100,26,89,41,76,87,92,152,81,113,160,171,135,188,77,19,25,280,391,496,492,381,180,189,315,450,533,579,370,550,833,1000,650,582,509,308,322,261,161,69,46,119,147,85,77,77,29,48,21,68,66,28,69,47,33,47,21,47,30,28
64,170,2,2,119,0,1953125,12,0,0,0.86,0,0,NaN,0,0,35,51,21,52,36,26,43,6,40,21,27,32,10,32,14,39,14,45,46,20,58,8,67,23,87,124,38,114,67,87,100,96,195,128,155,239,279,244,292,164,87,35,330,491,573,622,549,369,425,559,694,904,1000,728,655,735,937,496,531,608,337,448,364,271,121,19,119,187,110,89,96,27,58,19,70,82,18,76,60,39,61,25,57,42,29
64,170,2,2,119,0,1953125,12,0,0,0.95,0,0,NaN,0,0,122,89,118,85,128,84,132,75,127,79,130,88,114,89,107,102,102,101,97,119,90,142,74,152,58,215,41,168,42,210,136,149,154,159,57,274,347,205,354,84,210,74,368,231,282,265,377,355,712,614,876,981,984,1000,593,802,647,602,419,143,98,386,192,357,310,80,162,174,280,45,226,68,231,68,221,91,186,111,186,126,157,132,148,159,122
64,170,2,2,119,0,1953125,12,0,0,0.94,0,0,NaN,0,0,30,45,18,53,3,48,11,46,27,31,28,31,31,27,30,32,34,41,54,33,63,29,91,41,98,68,40,37,60,102,30,64,43,90,82,181,225,148,156,71,90,124,278,287,224,103,249,343,413,557,674,862,982,789,838,876,999,658,554,424,131,125,153,213,167,119,50,78,107,66,86,34,77,35,77,71,53,53,27,58,21,48,29,43,26
64,170,2,2,119,0,1953125,12,0,0,0.89,0,0,NaN,0,0,35,17,42,15,40,25,23,28,13,30,2,29,8,22,8,32,19,28,35,20,44,14,77,40,74,90,27,74,11,100,93,87,108,7,25,78,197,152,248,253,174,187,155,158,216,200,264,211,260,446,556,662,751,495,695,887,999,698,607,507,317,249,151,36,81,101,116,95,20,67,26,64,45,54,63,7,50,14,46,29,33,46,15,41,23
64,170,2,2,119,0,1953125,12,0,0,0.89,0,0,NaN,0,0,109,84,108,92,108,104,92,104,83,112,83,108,85,92,95,77,110,66,110,71,103,80,92,140,44,132,89,107,108,100,186,40,156,101,130,31,300,221,224,386,183,268,232,166,89,213,277,85,236,331,431,576,403,392,497,1000,931,659,645,329,314,289,91,164,107,258,135,148,166,118,180,102,190,104,154,137,134,146,116,157,99,154,109,141,129
64,170,2,2,119,0,1953125,12,0,0,0.96,0,0,NaN,0,0,25,25,32,37,10,24,20,43,4,24,10,29,7,24,18,22,15,35,10,18,28,61,13,18,32,63,18,74,36,109,78,166,155,63,34,134,160,215,293,284,264,184,53,188,187,217,11,87,190,367,527,463,354,245,571,964,999,818,513,164,179,72,161,101,112,58,94,117,93,79,40,95,51,57,38,54,29,31,40,32,23,27,39,14,16
64,170,2,2,119,0,1953125,12,0,0,0.97,0,0,NaN,0,0,94,90,84,103,100,96,86,91,103,92,100,71,96,88,99,74,84,80,107,80,86,77,119,81,91,95,99,103,124,106,174,105,276,47,136,112,219,104,373,266,267,248,225,300,278,421,18,174,213,271,585,445,334,190,536,1000,910,952,393,241,160,230,90,189,167,116,71,193,187,93,135,124,171,94,148,86,141,116,139,89,128,106,141,94,117
