64,170,1,2,119,0,1953125,12,0,0,0.79,0,0,NaN,0,0,33,21,49,32,19,46,23,20,37,12,20,24,9,26,22,21,21,13,26,13,30,46,8,61,59,19,63,62,53,133,98,55,148,107,143,287,203,308,428,247,246,263,675,575,515,293,122,189,369,696,1000,800,693,687,888,836,519,535,567,543,540,417,319,251,217,230,207,74,114,128,54,96,82,38,66,42,37,67,31,43,65,34,24,48,29
64,170,1,2,119,0,1953125,12,0,0,0.79,0,0,NaN,0,0,33,21,49,32,19,46,23,20,37,12,20,24,9,26,22,21,21,13,26,13,30,46,8,61,59,19,63,62,53,133,98,55,148,107,143,287,203,308,428,247,246,263,675,575,515,293,122,189,369,696,1000,800,693,687,888,836,519,535,567,543,540,417,319,251,217,230,207,74,114,128,54,96,82,38,66,42,37,67,31,43,65,34,24,48,29
64,170,1,2,119,0,1953125,12,0,6250,2.09,0,0,NaN,0,0,22,25,21,10,13,22,14,17,1,26,9,5,12,19,11,6,18,31,1,6,15,36,13,17,30,36,29,68,41,20,23,79,10,58,115,199,162,218,310,118,71,88,661,384,275,134,320,494,375,522,988,309,239,650,615,675,1000,235,537,319,199,444,263,321,255,133,98,20,76,112,52,74,53,30,30,44,46,20,15,20,23,23,14,23,24
64,170,1,2,119,0,1953125,12,0,6197,2.08,0,0,NaN,0,0,13,66,11,59,8,50,24,51,25,43,32,44,36,29,49,31,44,16,62,16,59,53,101,41,91,58,106,55,112,63,99,84,135,192,254,112,106,278,330,472,506,443,558,598,625,369,366,532,711,505,175,449,963,1000,613,272,373,536,503,337,188,387,394,336,91,43,129,109,92,116,70,66,103,116,46,38,82,80,40,42,56,43,40,57,62
64,170,2,2,119,0,1953125,12,0,6245,2.09,0,0,NaN,0,0,53,31,61,27,48,34,50,21,14,50,32,27,18,53,16,32,55,58,22,12,57,12,72,40,102,14,110,62,127,52,140,17,86,176,281,147,98,209,196,242,266,423,540,562,490,294,455,754,1000,871,568,54,504,689,559,326,243,292,314,132,236,349,338,186,143,179,166,46,140,99,94,73,124,52,35,88,96,52,55,83,63,47,64,72,36
64,170,2,2,119,0,1953125,12,0,0,0.99,0,0,NaN,0,0,732,734,742,740,726,728,726,728,722,709,704,707,699,690,692,695,699,684,691,702,713,709,720,734,749,752,760,761,794,795,801,807,818,806,866,782,817,863,853,786,759,893,874,662,857,911,565,875,792,677,927,696,750,1000,750,683,652,871,945,779,818,965,819,794,899,886,863,826,859,890,871,851,856,875,872,848,839,852,860,836,824,830,848,833,820
64,170,2,2,119,0,1953125,12,0,0,0.86,0,0,NaN,0,0,28,35,14,28,15,26,27,12,28,9,20,17,13,18,12,26,10,27,9,32,36,13,51,11,52,27,38,70,30,41,62,19,99,80,73,68,135,226,126,96,115,160,186,282,358,523,616,536,252,237,405,556,636,584,333,549,993,1000,804,388,258,229,41,33,48,44,93,86,140,112,64,91,63,64,66,32,62,43,41,59,29,45,41,34,46
64,170,2,2,119,0,1953125,12,0,0,0.95,0,0,NaN,0,0,19,27,35,15,30,1,24,13,28,10,12,6,25,7,17,16,27,9,25,11,19,15,46,21,31,6,58,51,25,20,39,23,85,83,29,28,86,125,94,134,85,61,164,280,386,412,446,278,68,97,205,436,580,588,487,552,857,1000,809,360,189,76,212,136,148,130,66,28,74,85,55,75,63,93,44,65,61,57,42,38,50,25,32,36,43
64,170,2,2,119,0,1953125,12,0,0,0.94,0,0,NaN,0,0,146,167,158,163,140,158,150,170,148,149,141,154,158,148,144,138,151,152,158,138,153,136,179,145,181,123,173,158,202,149,170,161,208,225,140,184,184,272,102,190,203,255,182,561,420,180,432,241,240,232,221,331,676,398,552,468,933,1000,543,436,145,221,93,288,179,201,260,146,180,175,180,183,211,145,208,139,216,152,198,156,180,173,179,176,170
64,170,2,2,119,0,1953125,12,0,7127,2.24,0,0,NaN,0,0,24,24,13,24,23,22,5,20,20,25,6,14,23,12,1,9,22,17,0,15,34,17,10,14,68,5,44,48,47,28,40,27,112,72,25,91,158,146,98,84,256,168,452,448,136,172,339,465,565,454,105,254,304,554,537,437,1000,648,821,169,157,314,211,143,161,38,16,69,25,31,66,31,41,13,15,33,14,14,13,6,12,17,10,4,21
64,170,2,2,119,0,1953125,12,0,0,0.93,0,0,NaN,0,0,753,744,732,743,752,752,738,721,720,727,726,717,702,694,696,707,715,700,692,704,725,731,744,733,736,761,785,794,792,770,809,836,840,839,762,854,837,802,909,799,752,840,909,843,756,800,829,1000,688,692,765,822,924,605,888,789,982,644,868,843,908,813,853,839,830,860,912,870,868,857,864,886,872,866,855,853,855,858,852,839,833,834,836,841,837
64,170,2,2,119,0,1953125,12,0,0,0.93,0,0,NaN,0,0,8,32,4,40,24,26,26,15,24,14,34,7,14,18,33,10,30,25,43,10,42,34,34,27,34,48,21,72,29,66,10,93,105,58,93,81,170,108,22,60,269,269,486,602,369,194,58,211,82,330,510,492,434,413,800,933,1000,712,466,243,284,292,333,270,294,186,88,79,6,12,36,46,16,54,25,52,30,46,53,25,37,24,36,17,19
64,170,2,2,119,0,1953125,12,0,0,0.93,0,0,NaN,0,0,36,16,38,42,16,41,7,36,3,38,22,16,11,32,23,25,31,43,37,31,50,19,51,15,63,22,59,54,53,63,67,127,64,130,100,184,203,75,93,85,266,253,577,625,345,192,86,180,104,420,555,505,404,500,977,980,999,563,279,367,413,452,392,343,344,179,106,60,30,8,58,43,38,50,33,64,22,60,49,37,37,29,44,15,25
64,170,2,2,119,0,1953125,12,0,0,0.93,0,0,NaN,0,0,200,191,212,176,212,169,219,177,205,172,194,187,193,186,176,186,176,213,158,217,145,227,156,237,173,212,176,219,234,197,195,197,297,135,391,106,370,311,114,180,416,393,373,780,326,131,96,400,131,595,367,581,336,696,999,703,994,135,376,308,674,588,304,603,153,345,257,223,211,270,171,264,213,256,221,217,240,202,266,191,247,182,243,208,245
64,170,2,2,119,0,1953125,12,0,0,0.95,0,0,NaN,0,0,48,45,45,27,34,41,62,6,43,24,58,10,59,41,47,18,61,28,45,29,93,32,74,46,102,62,84,138,82,112,47,126,69,173,176,361,242,177,220,106,289,519,961,788,353,157,397,363,491,822,1000,778,788,772,880,779,486,355,717,923,957,818,602,511,300,198,114,119,72,146,92,121,37,103,85,68,54,62,73,26,59,47,55,35,58
64,170,2,2,119,0,1953125,12,0,0,0.95,0,0,NaN,0,0,48,25,51,31,41,26,39,36,32,44,25,39,36,52,24,36,38,49,25,59,38,74,20,97,34,77,26,143,109,51,66,76,66,107,219,205,280,157,135,16,319,525,797,827,442,162,184,355,380,847,1000,801,897,496,867,716,406,237,636,794,708,733,493,395,353,126,21,96,94,71,149,60,72,43,100,69,38,58,45,47,31,69,31,42,41
64,170,2,2,119,0,1953125,12,0,0,0.95,0,0,NaN,0,0,55,24,57,21,39,7,55,32,39,36,39,32,43,51,33,24,47,46,34,47,63,76,37,87,39,85,15,160,84,85,45,114,49,136,204,243,284,139,178,20,308,472,809,813,402,201,163,288,408,897,1000,923,914,581,944,748,465,260,639,682,661,666,404,373,277,90,30,121,76,107,124,62,80,48,104,41,56,42,57,38,42,57,33,45,41
64,170,2,2,119,0,1953125,12,0,0,0.8,0,0,NaN,0,0,36,65,35,41,63,27,35,51,10,41,36,14,43,23,34,39,24,40,23,39,49,6,74,50,34,73,61,77,78,34,127,121,44,161,131,192,304,361,372,395,433,389,910,1000,587,448,147,37,422,870,977,894,684,487,974,818,617,828,881,694,700,691,366,369,352,193,238,182,55,142,114,45,96,62,28,69,37,36,64,33,34,55,21,33,49
64,170,2,2,119,0,1953125,12,0,0,0.79,0,0,NaN,0,0,260,292,260,270,291,251,280,278,239,282,261,249,281,240,264,275,234,271,261,247,286,243,278,282,249,302,286,301,331,215,347,363,209,369,310,291,481,313,353,555,345,118,951,735,385,631,308,328,551,431,1000,895,573,637,475,831,695,502,570,871,427,547,610,160,485,416,145,374,346,230,398,302,301,365,282,333,327,273,334,297,283,338,288,315,329
64,170,2,2,119,0,1953125,12,0,0,0.79,0,0,NaN,0,0,235,246,215,244,240,218,251,223,221,247,212,225,235,200,240,218,209,243,212,228,238,204,256,223,226,259,221,278,252,222,322,259,234,348,170,364,339,57,459,443,78,333,848,424,572,513,218,318,316,396,1000,584,640,356,501,783,418,257,692,646,195,655,398,123,482,206,195,371,226,276,324,218,309,278,244,298,244,255,285,230,273,278,244,288,260
64,170,2,2,119,0,1953125,12,0,0,0.79,0,0,NaN,0,0,281,321,302,287,322,283,296,316,265,297,298,265,305,281,272,312,264,284,297,260,309,280,288,324,275,321,337,300,372,265,329,411,234,365,392,231,534,466,231,560,504,49,894,983,284,629,361,283,755,683,981,1000,329,673,579,707,801,734,340,894,627,354,684,348,410,532,250,352,425,235,421,385,281,408,333,339,385,305,353,361,295,360,333,322,371
64,170,2,2,119,0,1953125,12,0,0,0.95,0,0,NaN,0,0,33,41,36,24,20,34,42,18,41,17,37,11,51,26,26,17,48,9,34,27,74,20,59,37,67,44,64,122,35,66,46,102,67,180,150,291,228,160,240,29,212,372,771,683,379,229,240,311,533,824,999,738,698,623,792,684,514,182,441,658,677,677,431,435,334,188,125,111,35,109,95,72,60,33,78,24,38,16,51,19,33,33,34,24,30
64,170,2,2,119,0,1953125,12,0,7141,2.25,0,0,NaN,0,0,36,39,18,28,40,24,13,7,28,36,12,15,25,30,10,18,35,29,24,29,39,51,31,29,56,43,75,97,79,29,33,73,28,49,121,192,241,257,257,82,175,220,828,671,288,179,297,619,274,708,891,386,342,576,861,389,1000,372,479,602,284,566,366,325,315,124,46,40,62,61,99,52,11,12,14,61,28,13,11,31,25,11,3,27,22
64,170,2,2,119,0,1953125,12,0,7093,2.24,0,0,NaN,0,0,72,16,51,11,71,9,45,25,66,12,37,34,40,28,40,68,37,38,29,72,20,39,35,65,56,113,67,86,72,130,92,94,130,218,126,88,220,334,326,231,132,371,593,753,652,654,449,302,297,381,523,769,883,1000,732,471,292,449,418,281,217,278,247,177,163,235,252,146,103,90,101,85,89,102,89,66,68,69,48,62,58,58,45,76,75
64,170,2,2,119,0,1953125,12,0,7018,2.22,0,0,NaN,0,0,103,49,101,79,76,65,80,91,64,65,61,92,83,76,64,75,74,50,82,79,87,46,133,142,155,146,79,142,143,189,126,282,232,322,102,161,237,490,352,275,238,557,794,911,1000,835,645,546,483,635,806,783,849,845,736,699,569,744,610,611,506,451,357,316,319,315,425,320,333,121,189,140,223,112,160,134,176,126,109,110,107,83,85,121,132
64,170,2,2,119,0,1953125,12,0,7018,2.22,0,0,NaN,0,0,32,125,63,106,42,123,61,75,78,112,59,44,113,98,71,47,112,46,74,92,115,47,90,175,142,109,108,150,44,239,205,257,147,313,253,35,233,575,417,221,291,743,738,724,680,910,1000,734,765,883,667,526,564,945,884,711,755,989,816,406,404,558,516,162,236,475,501,291,277,248,218,117,181,194,128,152,174,147,70,132,115,87,94,157,117
64,170,2,2,119,0,1953125,12,0,0,0.99,0,0,NaN,0,0,343,360,373,323,290,289,303,279,219,176,182,193,135,101,136,167,149,151,188,292,275,248,324,407,423,391,383,475,505,512,439,489,534,570,446,575,482,499,733,434,190,545,745,466,614,145,997,792,110,281,551,422,798,233,1000,435,888,471,905,496,596,387,399,393,414,505,547,288,340,393,382,316,260,258,302,281,216,158,178,191,163,94,59,79,85
64,170,2,2,119,0,1953125,12,0,0,0.99,0,0,NaN,0,0,45,24,36,16,52,36,28,17,42,32,23,19,38,14,36,29,47,3,45,23,47,23,79,28,77,49,122,31,89,50,133,54,155,122,162,97,208,226,195,58,243,359,379,338,290,426,540,561,487,334,247,300,468,632,605,731,969,1000,805,228,117,296,360,238,147,78,133,60,142,121,118,61,65,65,31,14,50,37,22,37,51,37,18,40,32
64,170,2,2,119,0,1953125,12,0,0,0.99,0,0,NaN,0,0,167,177,151,170,160,184,151,162,157,175,159,151,154,165,162,159,146,154,174,158,160,152,184,178,171,164,185,190,191,173,188,233,186,251,144,266,166,355,28,157,253,356,88,227,479,525,543,639,169,317,269,311,597,729,477,651,618,1000,476,364,125,452,160,405,197,250,135,270,92,299,188,208,155,237,186,208,152,213,175,223,144,207,168,220,153
64,170,2,2,119,0,1953125,12,0,0,0.99,0,0,NaN,0,0,32,15,42,9,44,11,37,2,39,10,22,13,33,13,23,33,36,17,19,44,30,44,47,62,52,72,80,57,47,82,115,74,125,110,174,75,175,147,178,68,198,235,293,255,297,461,580,478,358,262,171,375,571,646,617,662,900,1000,722,271,62,309,302,232,135,64,85,90,132,120,123,14,65,37,46,22,53,14,20,38,55,15,23,37,33
