34928	35048	35167	35286	35405	35524	35644	35763	35882	36001	36120	36240	36359	36478	36597	36716	36836	36955	37074	37193	37313	37432	37551	37670	37789	37909	38028	38147	38266	38385	38505	38624	38743	38862	38981	39101	39220	39339	39458	39577	39697	39816	39935	40054	40174	40293	40412	40531	40650	40770	40889	41008	41127	41246	41366	41485	41604	41723	41842	41962	42081	42200	42319	42439	42558	42677	42796	42915	43035	43154	43273	43392	43511	43631	43750	43869	43988	44107	44227	44346	44465	44584	44703	44823	44942
64	170	1	2	119	0	1953125	12	0.0	0	0.97	0	0	V0.2	0	0	30	87	28	84	44	78	55	59	51	64	67	52	59	67	61	68	61	89	55	100	88	103	91	123	147	117	172	123	229	79	243	145	315	147	292	241	367	507	426	581	468	761	594	751	643	697	722	721	786	710	532	567	803	542	686	571	907	1000	627	509	277	516	369	441	238	363	216	255	222	210	221	147	192	106	168	78	157	77	129	74	110	83	81	81	75
64	170	1	2	119	0	1953125	12	0.0	0	0.97	0	0	V0.2	0	0	55	73	55	70	68	61	72	45	68	45	76	43	67	60	69	63	68	80	69	87	104	93	109	109	160	102	180	109	236	75	240	147	316	155	283	247	366	505	414	571	467	753	585	744	635	701	711	724	779	709	516	579	812	559	743	597	970	1000	642	473	298	500	384	429	241	369	191	281	191	245	190	181	166	134	153	96	152	80	134	70	118	72	101	76	82
64	170	1	2	119	0	1953125	12	0.0	0	0.96	0	0	V0.2	0	0	355	301	366	302	365	304	376	315	371	313	369	324	363	324	349	328	343	329	320	323	309	341	288	327	267	371	252	372	199	406	188	467	130	457	126	512	184	620	262	645	382	665	540	629	612	514	766	461	816	468	623	221	858	197	810	226	1000	543	730	101	472	276	549	235	426	288	347	347	277	369	243	367	219	364	207	366	190	363	188	351	184	339	184	334	184
64	170	1	2	119	0	1953125	12	0.0	0	0.97	0	0	V0.2	0	0	59	77	51	84	42	86	22	79	25	82	23	74	43	79	41	73	66	86	56	99	83	125	62	143	75	190	70	211	76	223	100	288	174	246	240	273	412	417	533	421	606	577	729	572	723	602	722	708	699	733	406	687	643	654	526	590	828	1000	534	461	355	379	479	306	359	216	295	190	235	191	192	187	129	157	98	154	69	138	68	118	59	104	72	82	63
64	170	1	2	119	0	1953125	12	0.0	0	0.97	0	0	V0.2	0	0	29	97	21	96	35	89	45	76	41	78	57	61	51	81	52	79	54	101	37	118	73	132	61	160	111	168	134	188	205	136	233	191	324	130	347	200	463	459	558	539	581	747	684	767	658	754	711	830	725	829	466	653	777	595	686	520	990	1000	710	430	396	467	487	402	312	356	211	307	160	285	135	237	120	184	109	148	125	117	124	100	117	75	107	73	89
64	170	1	2	119	0	1953125	12	0.0	0	0.97	0	0	V0.2	0	0	43	85	30	90	22	93	4	77	7	84	25	72	36	80	36	77	53	89	39	109	61	128	35	152	54	184	61	213	104	203	143	266	221	207	283	231	433	390	556	427	603	599	718	618	695	634	680	740	659	753	388	671	660	647	595	595	905	1000	606	443	381	366	485	302	352	246	274	229	205	228	156	214	103	176	77	161	68	140	80	118	73	97	83	78	70
64	170	1	2	119	0	1953125	12	0.0	0	0.97	0	0	V0.2	0	0	30	88	27	90	38	82	45	63	45	69	60	58	49	75	53	75	54	96	44	107	71	122	66	142	113	150	135	166	204	124	229	180	310	132	331	202	432	442	514	516	535	709	634	723	618	706	669	767	685	744	448	616	771	594	735	590	1000	983	690	427	371	442	440	376	282	341	196	290	155	265	132	218	122	168	112	136	125	107	121	90	111	67	102	71	81
64	170	1	2	119	0	1953125	12	0.0	0	0.96	0	0	V0.2	0	0	321	321	332	312	336	318	352	314	355	304	366	299	373	279	369	275	382	253	366	234	388	222	368	194	390	181	396	160	398	201	397	182	439	258	395	316	362	536	377	586	346	763	341	772	301	785	251	823	260	816	131	711	435	704	491	673	742	1000	346	544	339	355	448	317	415	214	420	129	436	117	420	128	390	164	370	176	355	190	343	208	317	213	305	223	282
64	170	1	2	119	0	1953125	12	0.0	0	0.96	0	0	V0.2	0	0	341	289	354	283	353	288	370	290	367	283	374	286	370	282	358	279	365	277	340	266	345	281	320	256	321	298	311	296	273	346	257	392	242	422	171	484	23	650	67	689	159	760	313	741	371	656	565	618	612	623	493	376	773	354	787	322	1000	656	659	212	482	93	567	41	465	133	409	224	362	257	331	276	295	290	268	304	244	312	228	315	206	310	194	312	181
64	170	1	2	119	0	1953125	12	0.0	0	0.97	0	0	V0.2	0	0	24	90	20	90	32	88	40	72	40	74	57	63	51	78	52	75	53	98	40	112	69	128	58	149	105	160	127	174	202	137	222	190	312	139	334	198	445	441	537	509	553	693	642	722	615	701	656	759	659	756	450	668	790	640	766	604	999	996	703	428	379	427	446	370	297	334	202	288	152	267	131	225	115	174	106	144	121	110	115	88	107	73	102	72	86
64	170	1	2	119	0	1953125	12	0.0	0	0.97	0	0	V0.2	0	0	23	94	13	97	23	90	34	76	31	81	50	67	44	80	45	80	50	100	32	116	60	133	43	157	89	174	108	189	184	153	216	212	299	149	340	197	461	421	560	486	570	669	654	692	629	705	656	777	655	773	427	664	768	667	745	615	994	1000	705	431	385	399	460	348	316	321	221	282	157	270	126	236	107	186	91	155	108	123	109	103	105	81	102	71	82
64	170	1	2	119	0	1953125	12	0.0	0	0.97	0	0	V0.2	0	0	23	94	13	97	23	90	34	76	31	81	50	67	44	80	45	80	50	100	32	116	60	133	43	157	89	174	108	189	184	153	216	212	299	149	340	197	461	421	560	486	570	669	654	692	629	705	656	777	655	773	427	664	768	667	745	615	994	1000	705	431	385	399	460	348	316	321	221	282	157	270	126	236	107	186	91	155	108	123	109	103	105	81	102	71	82
64	170	1	2	119	0	1953125	12	0.0	0	0.97	0	0	V0.2	0	0	46	83	44	80	59	72	60	55	59	57	72	49	59	67	64	70	60	86	58	99	88	110	92	124	144	126	165	132	230	91	251	149	330	146	328	226	410	493	484	560	493	725	589	732	591	708	680	735	697	714	483	609	815	619	786	615	997	1000	712	454	338	456	390	409	246	357	175	292	165	257	161	206	149	151	136	117	142	86	128	70	116	65	103	73	83
64	170	1	2	119	0	1953125	12	0.0	0	0.97	0	0	V0.2	0	0	71	58	64	61	58	71	42	64	42	69	33	64	46	64	48	60	69	61	71	72	95	93	88	105	100	158	96	180	83	216	78	277	134	268	179	295	332	435	463	438	534	518	659	505	675	501	683	592	652	597	375	646	616	659	551	658	779	1000	507	496	267	363	392	302	310	196	278	148	237	140	209	141	148	119	120	125	88	123	77	112	63	107	62	83	60
64	170	1	2	119	0	1953125	12	0.0	0	0.97	0	0	V0.2	0	0	43	82	41	82	51	74	58	58	55	60	68	51	56	66	59	68	58	89	52	99	83	111	83	132	136	129	160	136	225	95	248	159	322	136	328	223	413	474	491	553	499	711	596	736	598	696	653	735	691	711	481	611	809	619	776	608	1000	995	717	461	351	458	401	400	252	356	177	289	158	257	156	207	147	156	132	118	141	90	130	79	121	68	102	74	87
64	170	1	2	119	0	1953125	12	0.0	0	0.97	0	0	V0.2	0	0	27	88	22	91	33	86	41	70	40	73	56	60	48	73	49	74	52	96	40	114	68	125	55	146	107	154	128	169	199	132	229	191	312	137	336	199	441	427	524	499	534	680	626	706	612	692	629	753	656	745	438	627	764	627	748	606	999	1000	722	454	386	416	436	361	287	328	197	283	150	261	129	223	114	171	106	141	118	107	116	94	110	72	100	72	80
64	170	1	2	119	0	1953125	12	0.0	0	0.97	0	0	V0.2	0	0	55	72	53	69	66	53	70	43	66	44	76	41	64	57	67	59	68	76	70	84	100	91	103	102	150	93	175	97	233	75	239	140	313	165	292	255	364	497	423	559	446	708	557	709	580	648	663	677	702	644	470	554	780	576	752	624	967	999	684	492	302	470	351	403	217	347	174	266	180	228	181	174	164	128	151	92	146	74	127	71	117	68	93	74	81
64	170	1	2	119	0	1953125	12	0.0	0	0.97	0	0	V0.2	0	0	39	80	39	77	50	69	56	54	54	59	66	49	57	67	57	65	54	87	52	99	82	107	80	122	127	123	151	132	219	94	235	152	313	134	320	217	404	454	467	519	477	687	570	702	564	664	636	706	665	688	440	583	767	584	762	608	1000	987	706	461	344	440	383	383	245	344	168	280	152	248	147	202	139	150	129	113	140	91	129	72	109	61	100	71	80
64	170	1	2	119	0	1953125	12	0.0	0	0.97	0	0	V0.2	0	0	42	80	41	78	55	69	57	52	55	54	66	47	58	63	60	65	59	84	54	96	85	108	86	122	135	122	156	129	226	91	239	150	316	137	319	223	402	465	467	533	478	695	575	716	573	667	634	707	676	695	456	584	773	580	764	612	994	1000	707	467	347	451	386	390	244	349	169	279	153	250	153	199	140	147	129	114	137	89	124	71	112	65	101	71	82
64	170	1	2	119	0	1953125	12	0.0	0	0.97	0	0	V0.2	0	0	64	60	56	68	50	73	36	65	33	72	29	63	41	66	44	59	64	67	64	76	87	99	73	110	85	162	80	181	72	212	77	271	138	259	196	278	344	412	463	410	532	504	652	499	654	486	644	583	637	616	350	614	569	619	528	632	797	1000	523	502	293	355	399	290	314	194	273	151	228	146	195	146	138	130	107	133	80	127	67	108	54	101	63	80	58
64	170	1	2	119	0	1953125	12	0.0	0	0.97	0	0	V0.2	0	0	38	80	34	80	45	76	52	59	47	63	64	53	51	67	55	67	51	86	45	98	74	109	72	130	119	132	143	143	213	102	230	153	311	130	331	209	414	450	494	517	492	687	593	712	574	660	620	710	645	710	415	561	719	539	716	575	1000	990	716	467	362	437	399	377	255	337	168	274	144	255	137	208	131	156	117	123	132	91	119	76	113	63	98	70	81
64	170	1	2	119	0	1953125	12	0.0	0	0.97	0	0	V0.2	0	0	38	82	33	82	47	73	54	61	48	60	63	50	53	68	54	66	52	86	46	97	76	110	72	128	120	132	144	142	213	101	232	157	315	135	328	209	410	451	489	520	497	689	599	714	579	669	620	707	648	716	421	560	726	543	725	582	993	1000	723	481	378	438	406	382	258	346	176	282	147	257	140	208	129	158	120	125	130	94	121	75	112	65	99	68	81
64	170	1	2	119	0	1953125	12	0.0	0	0.97	0	0	V0.2	0	0	40	82	36	83	46	75	55	57	50	60	64	52	54	68	54	66	51	87	46	101	77	109	76	128	124	130	147	139	214	94	231	149	315	132	328	215	410	458	488	529	495	701	595	719	581	679	634	718	654	726	413	541	709	519	703	552	981	1000	725	487	378	447	406	388	259	349	174	281	145	257	142	208	130	156	121	123	136	92	120	74	116	65	100	65	83
64	170	1	2	119	0	1953125	12	0.0	0	0.97	0	0	V0.2	0	0	70	49	71	44	79	31	74	19	71	17	77	25	67	38	69	39	72	52	82	55	110	52	118	56	160	56	176	55	215	100	205	160	265	216	227	293	283	514	363	558	414	667	549	651	591	564	672	585	695	591	448	473	647	479	593	588	829	1000	621	546	262	467	320	404	214	316	202	215	205	172	206	122	174	86	154	69	140	76	116	76	98	81	72	76	65
64	170	1	2	119	0	1953125	12	0.0	0	0.97	0	0	V0.2	0	0	77	43	71	33	79	25	76	11	73	13	76	29	65	34	71	39	73	48	83	48	112	44	119	49	161	55	177	60	210	109	194	170	255	226	213	298	272	512	353	549	414	650	551	632	592	545	675	569	690	579	446	475	625	471	568	591	815	1000	602	552	260	465	319	394	214	303	206	201	207	161	209	113	173	83	153	69	135	81	109	70	88	79	73	75	63
64	170	1	2	119	0	1953125	12	0.0	0	0.97	0	0	V0.2	0	0	66	51	69	45	77	33	75	20	72	21	74	27	65	41	67	41	69	56	78	60	110	58	114	65	159	62	180	61	219	91	213	157	277	214	241	294	298	515	373	565	427	683	558	673	597	584	668	596	700	617	460	470	643	462	589	577	839	1000	644	554	284	481	331	406	213	323	195	220	201	184	205	129	175	95	156	69	141	73	120	73	105	79	78	79	71
64	170	1	2	119	0	1953125	12	0.0	0	0.97	0	0	V0.2	0	0	55	66	51	63	64	55	63	38	61	37	69	33	58	51	61	51	59	69	64	78	91	80	99	97	145	89	170	93	224	71	227	135	303	164	280	251	351	492	409	548	441	702	556	702	577	637	643	646	674	659	449	487	666	453	649	580	931	999	692	530	330	475	360	403	219	345	174	260	177	226	177	167	163	123	146	87	143	74	124	66	112	68	89	72	76
64	170	1	2	119	0	1953125	12	0.0	0	0.97	0	0	V0.2	0	0	60	66	61	61	70	50	72	35	67	35	76	34	64	49	64	52	65	66	72	77	101	75	106	92	154	81	175	82	229	71	229	137	301	175	276	265	342	504	404	563	440	706	556	700	584	636	662	646	684	664	448	470	650	437	619	556	884	1000	689	540	319	478	354	409	218	348	180	254	176	216	184	158	163	115	147	82	143	73	126	65	111	72	88	72	72
64	170	1	2	119	0	1953125	12	0.0	0	0.97	0	0	V0.2	0	0	48	76	47	76	58	66	61	51	58	52	69	43	59	60	60	62	57	81	57	93	87	97	87	118	140	111	162	116	224	74	236	142	319	145	309	234	389	488	457	558	484	725	586	737	599	690	650	699	675	726	437	490	652	428	654	559	958	1000	716	521	370	478	398	405	246	359	178	277	158	248	160	190	147	144	139	107	143	85	132	76	115	65	97	71	81
64	170	1	2	119	0	1953125	12	0.0	0	0.97	0	0	V0.2	0	0	64	63	63	61	71	49	73	30	69	33	76	33	65	48	69	50	66	68	74	75	105	73	107	86	162	75	183	75	229	73	224	139	301	185	261	276	336	528	403	580	445	719	562	712	600	642	677	644	695	663	445	454	627	398	576	544	874	1000	670	550	314	501	357	419	214	349	184	251	186	214	193	153	169	111	154	75	145	76	127	64	107	69	90	76	76
64	170	1	2	119	0	1953125	12	0.0	0	0.97	0	0	V0.2	0	0	56	69	56	68	64	55	67	41	63	38	73	36	62	53	65	53	63	73	66	83	99	84	98	99	151	90	176	94	227	65	233	140	310	166	286	263	365	511	431	578	465	728	580	736	613	673	659	670	686	678	432	455	633	400	589	551	920	1000	699	548	347	496	376	414	223	349	176	263	172	224	178	171	160	121	142	84	142	71	126	65	113	66	90	70	75
64	170	1	2	119	0	1953125	12	0.0	0	0.97	0	0	V0.2	0	0	85	25	80	16	86	13	77	10	74	18	70	29	64	30	69	34	76	31	91	29	119	27	121	28	154	79	166	93	170	157	146	222	192	261	144	325	262	512	371	524	461	614	608	578	661	513	691	534	685	554	408	481	532	465	456	608	764	1000	531	576	268	451	355	360	265	255	253	154	234	125	217	103	166	86	139	94	109	105	90	98	69	96	63	85	60
64	170	1	2	119	0	1953125	12	0.0	0	0.97	0	0	V0.2	0	0	28	83	24	81	38	77	43	64	40	65	54	57	46	69	46	67	48	89	36	103	65	113	58	138	106	144	131	154	197	112	224	178	309	126	324	204	431	439	503	506	524	693	623	711	617	700	634	728	643	730	375	515	635	461	656	569	1000	985	722	499	411	436	436	359	281	329	187	275	148	258	130	214	116	162	108	134	123	102	116	89	112	68	100	69	83
64	170	1	2	119	0	1953125	12	0.0	0	0.97	0	0	V0.2	0	0	80	34	76	25	83	14	78	4	74	9	74	26	68	34	71	37	77	39	86	40	119	36	121	33	165	61	178	70	197	132	180	194	230	241	181	319	274	526	353	544	430	647	568	606	624	539	691	546	694	556	431	491	595	474	555	651	822	1000	560	559	249	470	326	377	229	282	225	180	222	146	218	102	173	81	150	73	125	85	103	83	86	90	69	80	63
64	170	1	2	119	0	1953125	12	0.0	0	0.97	0	0	V0.2	0	0	75	39	74	29	81	16	77	4	73	11	74	24	66	35	69	37	74	42	85	44	115	38	120	39	160	62	179	69	200	129	191	195	237	237	192	319	280	524	362	560	437	648	574	619	633	555	693	568	711	565	444	497	621	491	549	632	821	1000	581	569	264	475	337	385	234	291	228	190	225	152	220	110	180	84	152	74	127	88	110	86	86	91	70	80	64
64	170	1	2	119	0	1953125	12	0.0	0	0.97	0	0	V0.2	0	0	77	33	75	26	82	13	77	5	73	12	74	27	67	35	68	37	77	41	85	42	117	38	123	36	160	65	176	76	194	136	181	204	229	243	178	317	273	511	349	545	432	629	565	592	624	534	675	548	700	541	428	495	603	500	538	653	828	999	567	564	261	464	324	369	234	278	228	178	225	143	215	102	172	81	147	77	125	89	103	90	87	92	68	81	62
64	170	1	2	119	0	1953125	12	0.0	0	0.97	0	0	V0.2	0	0	84	25	76	32	75	42	63	40	58	50	53	47	57	48	60	49	72	45	84	54	103	69	102	79	114	134	118	161	105	206	93	273	139	266	164	311	326	444	426	445	521	530	639	496	663	493	649	558	646	572	341	564	527	565	509	673	835	1000	533	543	319	376	392	281	308	191	262	152	219	152	184	151	130	131	98	132	69	120	68	108	58	97	69	74	63
64	170	1	2	119	0	1953125	12	0.0	0	0.97	0	0	V0.2	0	0	73	47	69	42	76	29	76	17	70	18	74	26	65	40	68	43	70	53	81	50	114	52	116	53	162	60	179	58	214	108	203	173	263	221	219	305	305	522	353	554	427	673	538	625	586	560	665	568	694	546	423	492	653	498	632	686	911	1000	593	548	273	483	314	378	207	307	199	207	209	173	205	119	173	87	153	71	139	77	115	76	96	82	77	78	65
64	170	1	2	119	0	1953125	12	0.0	0	0.96	0	0	V0.2	0	0	387	385	391	394	389	406	388	419	379	424	371	438	358	439	340	443	321	447	301	443	264	445	259	455	217	470	211	477	225	454	256	525	278	442	379	475	578	440	688	452	808	369	940	321	989	206	1000	266	986	254	675	503	794	565	668	757	927	983	771	571	412	653	360	563	230	555	131	525	127	519	163	473	214	445	253	411	273	393	294	367	309	332	319	314	324
64	170	2	2	119	0	1953125	12	0.0	0	0.96	0	0	V0.2	0	0	308	343	311	348	305	359	308	371	300	371	297	383	286	378	277	381	265	374	251	375	238	364	238	372	227	361	241	360	277	318	313	349	358	265	418	253	574	144	656	148	735	202	815	206	821	296	738	411	708	397	450	599	453	640	326	779	562	1000	449	629	166	611	93	528	57	478	135	412	219	390	250	346	274	316	297	281	309	262	323	240	321	215	324	203	320
64	170	2	2	119	0	1953125	12	0.0	0	0.97	0	0	V0.2	0	0	78	25	73	18	79	6	72	9	69	15	68	28	63	33	65	30	71	33	84	31	112	32	115	30	152	76	160	89	171	151	156	221	196	249	153	324	279	502	354	532	458	613	578	560	627	495	651	508	665	486	371	488	567	528	540	701	845	1000	521	556	263	454	327	341	247	251	236	153	226	129	208	99	163	85	137	88	114	97	90	93	78	94	64	83	60
64	170	2	2	119	0	1953125	12	0.0	0	0.97	0	0	V0.2	0	0	39	77	37	74	49	64	57	50	51	52	63	42	52	59	54	58	51	78	50	89	78	96	78	116	128	114	151	120	211	81	231	150	300	142	301	231	408	475	461	548	498	705	577	690	580	662	604	663	631	628	368	477	668	460	675	619	1000	972	679	492	370	469	385	375	242	334	163	263	151	240	149	187	138	141	126	106	134	83	125	71	112	62	97	72	81
64	170	2	2	119	0	1953125	12	0.0	0	0.96	0	0	V0.2	0	0	336	288	348	282	346	289	359	293	355	291	354	298	353	294	337	295	339	296	317	287	311	305	290	285	274	334	257	334	208	373	192	432	146	430	113	499	121	625	190	668	298	695	420	666	499	553	631	492	676	494	480	168	737	124	740	251	1000	550	715	140	505	185	538	133	433	213	356	281	299	315	264	319	236	327	217	328	196	333	189	331	175	319	173	314	171
64	170	2	2	119	0	1953125	12	0.0	0	0.97	0	0	V0.2	0	0	41	81	32	84	23	87	4	73	7	81	21	67	32	76	30	69	54	84	36	100	61	122	32	144	52	183	55	201	108	199	138	266	221	200	271	234	446	397	538	425	614	589	691	573	671	596	616	654	604	669	280	572	566	547	625	656	963	1000	574	470	385	373	455	269	339	224	254	202	199	212	153	197	99	163	72	153	64	131	72	112	71	92	79	77	68
64	170	2	2	119	0	1953125	12	0.0	0	0.97	0	0	V0.2	0	0	44	82	38	81	54	72	58	57	54	58	69	49	56	68	59	64	55	89	56	98	85	109	85	125	136	124	161	126	229	85	241	149	321	146	314	238	437	512	491	571	534	759	607	731	597	691	652	711	680	690	388	508	719	472	702	592	1000	984	675	483	368	495	403	397	251	357	168	283	156	257	154	199	142	149	133	111	140	84	125	74	119	64	100	69	84
64	170	2	2	119	0	1953125	12	0.0	0	0.97	0	0	V0.2	0	0	51	74	47	73	62	64	61	46	61	47	69	42	60	59	62	59	59	82	60	89	91	98	95	113	146	107	171	110	232	81	243	147	315	163	303	262	411	522	464	591	513	759	599	739	602	685	659	689	694	671	416	492	711	455	676	600	977	1000	667	495	343	495	380	411	239	361	170	276	169	248	167	184	154	135	141	101	145	82	129	66	117	65	98	73	81
64	170	1	2	119	0	1953125	12	0.0	0	0.97	0	0	V0.2	0	0	75	52	66	56	63	61	46	61	47	66	38	61	49	59	52	56	71	56	73	68	101	87	91	97	107	154	105	175	89	215	76	274	127	265	174	313	347	466	459	466	555	559	661	517	686	491	673	552	662	585	347	550	541	532	486	645	790	1000	481	514	272	407	385	318	298	220	268	144	237	134	207	124	150	110	121	112	91	113	76	101	57	101	55	80	55
64	170	1	2	119	0	1953125	12	0.0	0	0.97	0	0	V0.2	0	0	53	76	43	80	35	83	20	73	20	80	21	69	36	75	36	69	59	82	50	95	71	118	55	139	61	181	63	206	85	212	116	274	192	223	258	262	429	408	536	436	613	580	711	566	701	579	655	652	637	680	319	596	567	558	539	617	880	1000	578	488	357	372	452	283	341	218	275	189	217	197	174	187	115	156	84	151	68	137	68	116	68	99	75	79	68
64	170	1	2	119	0	1953125	12	0.0	0	0.97	0	0	V0.2	0	0	53	73	53	68	65	55	70	43	63	40	75	40	64	55	64	56	65	75	66	84	99	87	104	104	156	96	177	97	237	78	238	149	310	172	279	268	383	521	423	587	486	754	588	736	608	674	667	669	716	653	441	486	714	463	681	630	967	1000	638	486	305	489	355	406	222	356	175	267	179	236	181	174	162	127	147	90	148	75	130	67	117	65	95	77	80
64	170	1	2	119	0	1953125	12	0.0	0	0.97	0	0	V0.2	0	0	49	80	48	80	62	68	65	53	62	54	75	48	59	63	62	67	60	86	57	97	90	104	94	122	148	119	169	125	239	82	243	146	328	151	305	243	427	518	471	575	525	768	601	749	604	709	676	716	714	713	427	524	734	477	726	612	998	1000	662	455	322	480	385	406	250	364	171	286	161	261	160	199	146	148	137	111	145	87	129	72	121	64	104	73	84
64	170	1	2	119	0	1953125	12	0.0	0	0.97	0	0	V0.2	0	0	65	70	60	65	75	53	75	36	73	40	77	34	66	55	72	54	68	75	74	80	104	82	114	96	169	88	189	82	243	80	242	147	308	190	270	288	376	554	424	603	485	769	589	742	615	668	708	672	743	670	460	509	729	460	680	611	927	1000	618	480	271	511	355	427	221	368	181	265	190	232	195	166	172	121	158	83	151	71	133	69	116	72	95	75	77
64	170	1	2	119	0	1953125	12	0.0	0	0.97	0	0	V0.2	0	0	65	67	66	60	74	51	78	34	73	32	78	33	69	49	70	51	72	71	77	79	112	77	118	90	172	79	195	74	241	81	239	153	301	197	257	302	361	566	423	621	487	775	593	737	626	658	724	668	754	672	468	492	715	444	624	570	879	1000	621	501	268	518	356	437	222	365	192	262	199	223	201	155	181	115	162	77	152	72	128	72	114	77	90	76	75
64	170	1	2	119	0	1953125	12	0.0	0	0.97	0	0	V0.2	0	0	51	84	49	80	62	70	67	51	62	57	74	46	63	61	63	67	64	86	62	101	94	105	100	127	151	119	179	121	243	80	257	154	329	155	314	262	424	537	489	612	532	795	630	779	641	728	698	740	738	733	460	519	739	466	670	561	961	1000	678	485	341	507	397	424	249	377	179	289	167	261	172	195	154	146	144	107	150	82	132	75	123	66	101	75	82
64	170	1	2	119	0	1953125	12	0.0	0	0.97	0	0	V0.2	0	0	43	83	39	82	51	75	56	57	51	60	68	50	54	65	56	66	57	87	52	102	83	111	84	132	140	130	165	138	228	92	249	160	325	133	313	235	427	496	483	574	532	766	623	753	623	721	672	736	715	721	441	527	730	485	709	599	999	989	665	454	346	475	403	398	258	360	177	290	162	264	156	205	146	156	134	118	140	90	128	77	121	68	103	72	83
64	170	1	2	119	0	1953125	12	0.0	0	0.97	0	0	V0.2	0	0	53	79	52	78	64	67	69	49	60	51	74	42	60	61	65	63	64	81	63	97	99	102	104	121	156	110	179	114	242	74	248	145	325	156	296	253	409	528	451	592	512	782	595	746	613	709	692	712	737	709	461	534	756	493	733	613	990	1000	638	452	307	497	377	413	240	372	175	286	173	259	175	193	160	144	148	101	149	82	134	74	123	70	104	74	84
64	170	1	2	119	0	1953125	12	0.0	0	0.97	0	0	V0.2	0	0	50	84	48	80	62	69	67	53	62	54	72	44	63	65	64	63	62	86	61	96	95	109	99	126	152	121	177	122	238	82	253	148	325	152	311	252	420	521	481	596	520	779	611	756	618	714	692	731	735	721	458	537	753	492	701	568	970	1000	667	456	318	493	396	417	245	370	176	290	168	261	166	195	152	146	141	108	150	88	133	68	123	63	101	72	87
64	170	1	2	119	0	1953125	12	0.0	0	0.97	0	0	V0.2	0	0	25	88	14	92	20	89	28	74	24	78	42	64	41	79	40	75	46	96	29	109	57	125	38	153	85	172	104	189	174	152	206	215	284	134	317	198	464	415	537	486	590	682	670	685	640	693	631	741	660	751	385	595	678	546	697	603	1000	981	639	417	376	403	453	327	318	307	222	272	164	264	125	224	101	182	89	154	102	123	108	102	99	80	101	72	80
64	170	1	2	119	0	1953125	12	0.0	0	0.97	0	0	V0.2	0	0	56	74	55	71	68	64	70	45	66	47	76	42	61	61	68	59	64	81	67	87	101	95	105	108	158	105	178	105	240	78	239	146	316	166	282	263	398	529	437	588	496	763	588	737	602	685	688	691	741	676	472	547	763	516	732	618	994	1000	633	473	307	500	371	419	235	368	180	284	183	247	182	185	168	137	154	98	153	77	137	74	118	69	102	76	83
64	170	1	2	119	0	1953125	12	0.0	0	0.97	0	0	V0.2	0	0	30	87	24	89	38	79	43	64	45	67	61	58	50	72	51	71	51	94	41	105	70	119	64	140	115	151	136	159	204	115	226	173	305	122	320	212	448	451	501	518	549	712	627	711	605	698	638	723	670	718	410	570	713	521	715	591	1000	954	644	435	362	431	419	362	284	334	183	284	152	265	132	221	119	171	109	136	123	108	115	86	114	69	101	68	82
64	170	1	2	119	0	1953125	12	0.0	0	0.97	0	0	V0.2	0	0	68	67	67	60	78	47	77	32	76	34	82	34	68	50	73	54	72	72	80	75	112	77	120	86	174	80	192	73	243	84	235	150	298	198	252	294	353	563	407	610	479	761	590	730	618	663	727	656	764	666	483	521	737	493	690	615	914	1000	604	506	277	507	348	439	225	364	194	266	205	227	209	162	184	116	166	81	157	74	135	75	116	76	94	82	78
64	170	1	2	119	0	1953125	12	0.0	0	0.97	0	0	V0.2	0	0	404	349	414	360	412	357	419	373	421	365	420	368	422	363	404	356	410	356	386	331	399	340	374	306	382	323	380	319	355	377	340	392	351	468	262	541	176	781	159	820	152	972	246	944	269	889	488	860	542	905	396	532	698	490	741	373	1000	767	682	359	566	131	662	124	567	56	516	147	473	195	444	225	413	251	384	272	359	293	345	293	321	296	307	296	290
64	170	1	2	119	0	1953125	12	0.0	0	0.97	0	0	V0.2	0	0	404	349	414	360	412	357	419	373	421	365	420	368	422	363	404	356	410	356	386	331	399	340	374	306	382	323	380	319	355	377	340	392	351	468	262	541	176	781	159	820	152	972	246	944	269	889	488	860	542	905	396	532	698	490	741	373	1000	767	682	359	566	131	662	124	567	56	516	147	473	195	444	225	413	251	384	272	359	293	345	293	321	296	307	296	290
64	170	1	2	119	0	1953125	12	0.0	0	0.97	0	0	V0.2	0	0	327	326	335	330	340	330	346	334	350	330	350	330	352	322	351	313	346	300	338	295	334	275	334	278	336	245	352	237	382	190	400	179	445	140	475	104	585	199	659	227	699	434	744	459	711	559	581	654	544	665	341	684	270	667	139	693	334	1000	213	660	34	588	114	553	128	466	195	386	270	348	279	323	293	307	289	281	301	273	304	251	295	244	297	231	277
64	170	2	2	119	0	1953125	12	0.0	0	0.97	0	0	V0.2	0	0	409	353	425	361	423	358	434	371	434	363	433	368	437	359	420	353	428	347	405	324	419	328	397	293	406	302	414	292	398	349	387	355	408	443	331	512	274	772	267	820	243	1000	279	986	267	972	408	952	458	981	319	646	637	595	681	493	970	880	639	471	558	242	656	224	573	112	534	120	501	154	474	193	444	227	415	250	394	270	378	274	347	282	332	284	308
64	170	2	2	119	0	1953125	12	0.0	0	0.97	0	0	V0.2	0	0	354	394	366	404	369	405	371	413	379	411	372	413	375	408	370	400	360	389	356	381	339	370	344	374	327	356	348	357	377	306	408	342	446	242	518	230	682	140	789	137	862	250	965	261	965	364	915	490	876	485	628	639	574	621	424	714	490	1000	491	674	215	688	187	627	118	567	106	510	169	481	191	454	235	430	245	398	267	386	282	362	281	350	290	325	280
64	170	2	2	119	0	1953125	12	0.0	0	0.97	0	0	V0.2	0	0	354	394	366	404	369	405	371	413	379	411	372	413	375	408	370	400	360	389	356	381	339	370	344	374	327	356	348	357	377	306	408	342	446	242	518	230	682	140	789	137	862	250	965	261	965	364	915	490	876	485	628	639	574	621	424	714	490	1000	491	674	215	688	187	627	118	567	106	510	169	481	191	454	235	430	245	398	267	386	282	362	281	350	290	325	280
64	170	2	2	119	0	1953125	12	0.0	0	0.97	0	0	V0.2	0	0	338	401	346	411	349	409	349	423	357	420	343	424	346	426	333	413	325	412	314	406	279	405	287	402	248	418	251	424	256	405	288	465	303	388	403	406	583	397	702	391	805	343	954	302	990	247	1000	324	986	340	710	503	720	529	584	645	663	915	604	612	327	664	285	598	186	561	115	509	138	483	168	456	211	426	233	397	258	380	274	353	282	338	289	309	279
64	170	2	2	119	0	1953125	12	0.0	0	0.97	0	0	V0.2	0	0	352	337	358	356	361	353	353	374	359	374	342	378	340	388	320	376	312	388	301	371	269	383	268	371	228	398	219	408	202	403	230	452	240	391	345	399	520	380	649	347	750	289	893	241	914	247	895	374	848	411	587	597	531	625	374	711	428	1000	345	684	90	659	51	596	92	517	194	418	289	365	318	327	337	300	342	269	356	254	353	236	345	233	338	226	317
64	170	2	2	119	0	1953125	12	0.0	0	0.97	0	0	V0.2	0	0	379	374	395	382	393	381	397	399	399	391	395	396	400	391	378	385	386	386	364	359	369	372	348	334	350	373	345	366	308	421	291	447	292	501	212	566	85	801	99	845	147	978	303	978	356	941	530	890	581	925	411	573	735	524	741	470	1000	807	663	422	576	214	651	191	578	90	534	112	502	147	470	180	444	213	416	233	398	253	379	254	360	264	344	267	319
64	170	2	2	119	0	1953125	12	0.0	0	0.97	0	0	V0.2	0	0	74	71	63	74	55	81	39	71	36	78	30	69	45	73	47	65	68	73	72	89	97	111	85	130	97	186	84	209	78	232	80	299	154	262	207	290	406	454	538	464	629	590	763	598	784	622	744	672	722	706	373	603	553	626	516	639	797	1000	495	526	342	406	444	320	359	224	310	174	261	174	218	174	154	151	120	154	85	142	75	128	64	112	72	93	67
64	170	2	2	119	0	1953125	12	0.0	0	0.97	0	0	V0.2	0	0	51	87	47	84	61	75	70	57	64	60	78	50	63	69	69	68	64	91	64	101	95	113	96	136	155	126	178	133	250	85	256	158	349	152	317	247	432	536	491	614	547	810	662	826	689	802	722	782	772	781	455	517	746	538	739	599	997	1000	681	507	386	516	418	432	274	394	196	310	176	276	173	217	162	165	150	123	157	93	140	76	127	68	107	77	89
64	170	2	2	119	0	1953125	12	0.0	0	0.97	0	0	V0.2	0	0	350	388	355	396	361	395	366	398	373	397	369	399	371	391	369	381	357	374	352	367	333	351	340	360	325	340	338	344	375	289	405	322	445	228	511	215	671	117	772	119	852	275	955	298	961	402	893	507	856	506	596	643	540	671	433	713	468	1000	444	681	194	699	155	630	86	570	84	503	169	468	197	439	237	412	250	383	275	367	285	345	282	331	290	306	279
64	170	2	2	119	0	1953125	12	0.0	0	0.97	0	0	V0.2	0	0	346	405	358	418	360	416	363	429	367	426	355	428	359	433	338	420	338	421	320	409	295	419	290	402	256	440	241	441	197	463	208	522	155	508	234	556	360	679	470	710	578	720	755	694	827	582	945	487	958	541	703	150	895	153	832	208	1000	537	826	197	603	326	637	277	530	320	443	357	358	382	327	380	310	373	300	370	282	375	274	366	266	356	258	345	248
64	170	2	2	119	0	1953125	12	0.0	0	0.97	0	0	V0.2	0	0	60	80	59	76	73	64	73	49	69	46	80	42	69	61	67	64	69	86	71	94	107	100	112	122	168	105	191	107	255	79	260	154	340	171	300	271	399	562	469	640	527	816	656	827	693	784	745	761	793	759	491	507	749	514	696	570	954	1000	658	519	351	536	397	447	254	395	194	297	188	258	196	197	178	144	159	102	160	83	138	75	130	73	100	77	85
64	170	2	2	119	0	1953125	12	0.0	0	0.97	0	0	V0.2	0	0	356	308	367	317	367	314	375	324	378	317	380	317	381	305	373	300	374	288	360	274	372	256	358	253	374	212	383	205	407	183	413	139	471	169	462	173	551	332	620	364	646	564	694	595	670	666	539	734	509	741	325	725	240	713	144	693	321	1000	184	667	38	610	114	567	121	489	181	408	253	375	263	352	274	336	275	308	288	301	288	281	284	272	285	258	268
64	170	2	2	119	0	1953125	12	0.0	0	0.97	0	0	V0.2	0	0	337	408	351	420	351	420	354	429	359	428	349	428	352	432	339	415	332	423	319	407	287	417	288	402	249	432	244	433	226	431	256	497	231	451	328	483	487	536	601	550	702	524	872	499	921	370	990	301	1000	345	735	230	863	274	771	350	885	624	763	330	517	471	530	413	431	430	342	433	259	442	241	433	244	413	249	401	244	399	241	383	240	370	239	352	234
64	170	2	2	119	0	1953125	12	0.0	0	0.97	0	0	V0.2	0	0	348	408	360	417	362	417	366	425	372	421	366	422	369	418	360	411	349	403	345	398	314	390	325	394	295	393	305	395	328	359	364	408	385	329	466	327	642	269	754	267	839	255	976	249	1000	254	980	338	953	330	686	515	709	561	593	601	639	871	610	563	334	640	302	581	224	553	162	507	152	489	165	467	207	439	226	417	244	401	256	381	258	365	268	343	260
64	170	2	2	119	0	1953125	12	0.0	0	0.97	0	0	V0.2	0	0	354	402	367	416	366	412	370	427	373	424	363	429	364	432	344	418	343	425	328	405	305	417	302	393	269	437	258	432	208	460	213	520	149	512	203	557	291	698	380	722	484	744	655	729	724	612	865	522	890	572	655	172	890	162	840	163	1000	498	791	95	579	247	641	195	543	253	466	309	390	340	361	345	344	344	329	351	308	354	296	352	283	345	275	335	264
64	170	2	2	119	0	1953125	12	0.0	0	0.98	0	0	V0.2	0	0	57	100	60	82	66	78	74	55	63	57	68	42	53	61	53	61	38	82	40	89	46	114	59	122	79	148	103	159	187	135	234	185	304	135	360	190	528	494	641	557	668	800	794	845	764	860	762	881	758	921	459	665	746	632	727	568	952	1000	716	465	443	462	513	401	371	373	255	295	153	278	111	235	87	197	72	160	84	124	81	106	83	75	66	64	56
64	170	2	2	119	0	1953125	12	0.0	0	0.97	0	0	V0.2	0	0	344	413	353	427	359	425	362	438	368	432	358	435	361	434	350	422	339	423	332	410	296	415	303	407	261	427	264	428	262	416	300	479	283	418	390	438	550	464	668	465	758	430	922	397	960	276	1000	235	995	271	721	325	826	385	731	444	826	698	744	393	459	530	464	476	370	476	286	465	220	464	213	447	230	427	238	415	242	404	246	389	245	372	248	357	245
64	170	2	2	119	0	1953125	12	0.0	0	0.97	0	0	V0.2	0	0	345	297	359	303	357	303	364	311	366	305	368	309	371	296	360	291	364	281	350	264	363	255	344	238	363	217	368	206	379	228	376	193	421	264	390	296	419	490	451	524	453	711	468	727	436	773	310	795	275	783	64	711	253	713	280	703	502	1000	183	620	198	489	288	465	286	383	306	306	346	270	338	258	336	256	325	241	325	236	324	225	310	224	307	216	288
64	170	2	2	119	0	1953125	12	0.0	0	0.97	0	0	V0.2	0	0	343	410	353	422	356	419	361	427	367	429	356	428	359	426	351	416	339	414	333	404	297	403	309	402	270	414	277	414	288	388	328	452	322	381	423	395	589	394	704	385	794	348	942	311	972	225	1000	248	970	241	695	425	795	477	687	567	814	801	727	462	417	580	405	519	314	510	233	487	180	480	181	459	210	435	221	417	234	406	237	387	242	375	248	352	245
64	170	2	2	119	0	1953125	12	0.0	0	0.97	0	0	V0.2	0	0	341	306	351	308	352	311	360	315	365	309	368	308	371	296	364	294	363	278	353	269	363	248	350	248	363	206	373	199	395	186	402	142	451	198	434	219	499	394	532	441	539	644	558	664	514	725	359	773	307	766	113	721	223	710	250	711	491	1000	177	612	214	488	307	457	300	366	325	281	361	245	360	231	352	232	340	221	338	220	336	212	322	213	314	206	292
64	170	2	2	119	0	1953125	12	0.0	0	0.97	0	0	V0.2	0	0	336	411	350	422	351	420	353	433	359	429	347	432	352	435	336	420	332	425	319	407	285	417	294	404	248	434	249	434	227	438	259	503	230	453	332	490	494	554	598	560	708	536	871	507	918	365	997	299	999	313	720	271	906	335	804	427	987	677	820	331	534	474	543	409	433	428	341	438	261	442	245	431	243	417	245	406	238	401	241	386	236	374	237	356	232
64	170	2	2	119	0	1953125	12	0.0	0	0.97	0	0	V0.2	0	0	345	408	359	418	360	421	362	428	370	429	362	424	365	426	358	413	345	411	341	401	310	398	319	397	287	405	293	406	312	374	347	435	356	353	450	365	626	333	731	336	829	309	967	268	985	220	1000	294	971	269	683	500	775	547	651	661	798	887	706	539	394	625	368	553	271	542	193	504	153	494	166	468	204	445	223	422	236	407	243	388	250	374	256	350	253
64	170	2	2	119	0	1953125	12	0.0	0	0.97	0	0	V0.2	0	0	343	414	353	429	356	425	360	434	366	434	355	437	354	439	345	423	337	429	324	414	292	421	299	409	256	437	255	437	247	432	279	492	256	438	365	466	525	520	638	525	729	496	887	453	922	314	1000	257	993	286	725	292	883	339	775	435	906	674	800	374	508	503	513	446	413	451	326	453	246	458	230	444	241	425	245	413	244	408	242	391	243	380	244	360	246
64	170	2	2	119	0	1953125	12	0.0	0	0.97	0	0	V0.2	0	0	91	29	86	22	91	11	83	6	79	14	77	29	68	32	74	34	80	36	94	32	127	35	129	29	171	77	179	87	194	161	169	227	215	262	147	329	277	545	378	573	489	661	637	636	690	563	735	572	758	557	439	517	636	552	528	634	790	1000	510	551	257	476	345	390	272	290	260	179	252	141	234	109	187	88	157	93	129	102	104	97	84	101	70	89	67
64	170	2	2	119	0	1953125	12	0.0	0	0.97	0	0	V0.2	0	0	88	29	86	22	93	11	84	5	78	12	76	29	70	31	72	32	83	37	93	32	127	34	128	27	170	78	182	86	195	158	166	223	218	260	145	328	276	553	383	570	485	674	640	631	686	561	735	569	749	563	444	519	627	537	518	640	792	1000	505	552	260	484	351	387	268	292	260	174	249	138	237	107	186	92	159	92	129	104	104	99	82	101	70	89	68
64	170	2	2	119	0	1953125	12	0.0	0	0.97	0	0	V0.2	0	0	81	49	77	41	88	29	83	17	78	14	80	26	72	40	74	41	79	54	88	55	123	54	126	58	177	63	195	61	228	117	213	183	272	228	206	314	306	564	379	608	472	727	619	711	669	628	734	623	776	594	460	483	689	507	570	607	854	1000	569	556	286	519	343	427	238	337	222	223	230	179	221	125	190	93	162	72	150	82	121	83	106	86	78	82	72
64	170	2	2	119	0	1953125	12	0.0	0	0.97	0	0	V0.2	0	0	89	32	84	35	84	46	69	43	67	46	60	47	61	46	67	45	81	38	91	41	122	55	122	54	151	119	158	134	149	195	121	260	170	276	130	337	296	538	419	548	527	647	678	612	717	551	752	577	765	576	436	526	619	551	492	618	768	1000	503	552	262	485	360	393	275	291	260	179	245	146	236	110	187	86	160	84	136	99	109	98	94	99	72	89	67
64	170	2	2	119	0	1953125	12	0.0	0	0.97	0	0	V0.2	0	0	80	53	75	47	82	31	80	17	77	15	82	26	71	41	73	42	75	54	88	58	124	53	126	63	177	62	196	59	228	108	213	182	276	225	209	313	310	568	385	614	471	737	616	719	670	637	741	633	786	621	475	484	684	497	564	601	845	1000	567	540	272	523	347	431	240	348	226	226	230	186	229	127	191	93	168	71	148	82	126	81	104	88	82	84	74
64	170	2	2	119	0	1953125	12	0.0	0	0.97	0	0	V0.2	0	0	68	68	64	65	76	53	76	37	74	38	79	36	67	52	71	55	70	74	77	81	114	86	116	98	172	85	192	83	240	78	243	154	316	188	267	284	364	560	428	627	493	780	622	778	664	708	723	703	794	686	475	495	736	507	627	573	910	999	641	531	321	532	374	446	242	381	200	271	203	230	203	165	182	118	161	85	156	77	133	72	118	74	91	78	78
64	170	2	2	119	0	1953125	12	0.0	0	0.97	0	0	V0.2	0	0	67	67	66	65	77	50	79	35	71	33	82	36	68	51	71	51	72	72	77	78	113	80	119	96	173	81	196	82	242	76	242	154	313	189	263	289	360	573	431	636	492	784	629	785	666	709	730	703	799	693	483	499	742	500	609	551	885	1000	635	533	315	542	374	450	236	383	201	270	206	229	211	165	184	117	165	81	160	76	133	76	125	78	92	80	82
64	170	1	2	119	0	1953125	12	0.0	0	0.97	0	0	V0.2	0	0	66	73	64	69	74	55	75	37	69	41	82	35	64	52	70	54	68	74	74	81	106	82	113	102	167	88	189	87	244	68	241	146	319	176	268	280	372	566	426	629	499	793	625	791	658	713	719	706	788	698	469	482	725	476	615	552	909	1000	641	524	324	533	377	450	242	384	196	273	202	237	204	172	181	124	163	87	162	74	136	68	122	74	94	81	82
64	170	1	2	119	0	1953125	12	0.0	0	0.97	0	0	V0.2	0	0	74	71	71	64	83	52	79	33	75	32	83	30	72	51	75	54	74	72	79	80	118	78	125	98	180	83	203	77	249	77	239	151	317	196	259	302	366	599	441	652	505	807	640	794	675	719	745	703	798	698	484	486	732	487	606	542	870	999	628	530	304	546	371	460	241	392	206	269	208	228	215	163	188	116	165	80	161	73	133	74	117	78	88	81	79
64	170	1	2	119	0	1953125	12	0.0	0	0.97	0	0	V0.2	0	0	58	78	58	72	69	63	73	44	66	45	75	38	64	56	67	58	66	82	68	87	104	92	107	118	163	101	189	99	242	69	248	145	324	171	291	277	388	564	462	642	514	798	639	805	665	738	719	729	775	712	463	488	730	485	620	539	919	1000	663	516	339	530	391	452	246	390	192	286	191	246	196	184	177	132	157	92	155	77	137	74	124	75	99	78	85
64	170	1	2	119	0	1953125	12	0.0	0	0.97	0	0	V0.2	0	0	75	59	62	66	59	70	41	63	40	70	32	60	46	64	46	58	68	62	70	73	96	95	88	110	99	165	95	185	73	212	65	284	136	255	180	295	367	448	485	461	590	565	715	555	728	539	687	598	691	619	353	552	526	564	450	604	793	1000	486	503	317	402	419	311	330	219	291	150	244	147	211	147	148	127	119	128	86	126	73	109	57	103	65	87	62
64	170	1	2	119	0	1953125	12	0.0	0	0.97	0	0	V0.2	0	0	396	357	410	370	407	364	417	381	418	369	415	379	418	368	401	363	409	358	387	332	406	336	378	300	394	312	396	300	377	356	364	354	401	435	325	497	288	761	304	804	290	981	322	986	291	960	315	954	360	982	189	722	530	692	550	577	864	1000	520	582	474	388	577	372	506	264	491	192	485	171	467	186	442	214	419	221	406	234	395	230	371	244	359	241	336
64	170	1	2	119	0	1953125	12	0.0	0	0.97	0	0	V0.2	0	0	42	92	38	91	57	82	58	67	54	67	67	55	55	72	59	73	54	96	49	113	86	125	79	151	140	146	167	154	240	92	251	157	344	127	334	230	464	544	550	628	595	824	703	846	685	802	702	799	747	801	446	547	749	522	651	479	965	999	719	497	425	524	461	445	305	407	206	320	167	288	161	231	153	177	138	134	152	102	138	84	129	68	112	77	92
64	170	1	2	119	0	1953125	12	0.0	0	0.97	0	0	V0.2	0	0	44	89	38	88	53	76	58	63	54	63	69	53	56	70	57	68	55	90	52	106	83	119	79	142	138	141	163	142	229	91	249	159	336	130	327	231	448	519	526	606	570	789	668	807	662	769	680	765	730	768	435	527	718	497	638	518	987	1000	713	498	411	501	439	421	290	386	195	304	162	275	154	220	149	166	134	127	144	96	132	86	127	69	106	77	89
64	170	1	2	119	0	1953125	12	0.0	0	0.97	0	0	V0.2	0	0	39	94	35	94	48	84	54	67	52	68	67	57	57	75	57	72	54	96	46	115	80	125	75	150	131	149	157	160	231	100	246	167	337	123	335	220	464	514	541	590	585	780	671	803	655	765	674	782	722	797	416	545	725	516	653	494	977	999	718	483	409	487	448	409	292	378	197	303	154	278	144	227	131	173	124	137	138	100	133	91	123	68	106	72	89
64	170	1	2	119	0	1953125	12	0.0	0	0.97	0	0	V0.2	0	0	48	70	58	61	76	34	76	19	80	8	72	31	71	34	70	46	83	32	92	53	114	66	112	103	102	162	98	202	70	210	119	272	215	189	305	195	457	395	558	473	575	682	646	728	595	704	623	702	677	691	435	487	684	488	556	527	788	1000	550	553	259	494	371	390	300	273	302	149	269	136	234	150	158	146	108	150	69	138	72	113	71	92	88	74	76
64	170	1	2	119	0	1953125	12	0.0	0	0.97	0	0	V0.2	0	0	358	368	373	379	369	377	377	395	376	385	372	390	374	387	356	378	362	383	339	356	340	372	319	338	316	375	310	368	262	421	245	460	233	502	158	563	3	777	92	812	188	920	349	905	404	828	596	780	652	811	485	487	779	455	724	296	1000	708	716	306	584	119	661	90	567	30	515	138	467	181	436	210	410	230	383	252	363	265	347	265	328	272	313	272	291
64	170	1	2	119	0	1953125	12	0.0	0	0.97	0	0	V0.2	0	0	33	97	18	103	20	99	22	82	15	89	41	71	40	88	36	82	49	105	29	124	59	140	26	173	72	197	93	215	168	181	199	243	297	168	344	208	493	441	611	496	653	701	753	734	714	750	689	797	679	825	373	645	687	608	592	501	947	1000	673	446	432	413	504	340	365	314	258	274	178	271	131	241	96	195	78	173	93	137	99	116	100	87	101	78	83
64	170	1	2	119	0	1953125	12	0.0	0	0.97	0	0	V0.2	0	0	28	98	18	100	23	95	27	77	31	82	47	67	44	86	43	79	45	99	25	120	61	137	40	166	88	183	115	199	189	157	221	215	316	143	348	193	484	449	583	518	620	716	721	761	690	766	678	791	675	803	399	641	734	595	652	529	988	1000	684	434	420	429	483	358	340	342	237	293	163	279	128	243	106	192	96	165	112	127	114	108	111	83	108	75	87
64	170	1	2	119	0	1953125	12	0.0	0	0.97	0	0	V0.2	0	0	371	369	386	379	383	379	390	395	389	387	386	392	389	389	369	379	376	381	353	360	358	369	337	335	335	371	332	366	289	421	271	451	271	504	193	565	66	791	89	825	147	940	308	939	346	874	547	823	594	865	465	553	757	522	707	381	1000	782	687	371	563	153	652	145	563	67	518	125	478	164	451	197	422	221	400	242	380	258	365	259	341	266	327	266	307
64	170	1	2	119	0	1953125	12	0.0	0	0.97	0	0	V0.2	0	0	64	72	64	68	77	56	76	36	71	40	79	35	65	54	70	53	68	77	74	85	113	87	114	105	171	92	193	87	247	77	247	151	327	193	290	283	374	563	447	624	490	768	627	782	644	710	711	693	746	683	499	544	764	512	631	531	900	1000	647	511	314	507	359	436	230	380	188	271	189	229	199	168	177	122	160	84	153	74	135	66	119	69	96	76	80
64	170	1	2	119	0	1953125	12	0.0	0	0.97	0	0	V0.2	0	0	26	90	13	91	19	86	24	73	20	76	40	65	40	76	38	74	45	94	29	113	56	129	34	155	78	176	102	190	169	160	210	222	297	154	332	199	462	415	548	480	593	661	688	699	653	708	636	739	642	728	372	610	691	582	638	567	1000	992	666	450	408	391	453	325	325	305	222	266	161	256	124	227	102	181	86	155	101	123	108	111	104	82	100	75	84
64	170	1	2	119	0	1953125	12	0.0	0	0.97	0	0	V0.2	0	0	36	83	34	82	48	74	53	56	49	62	63	50	54	69	56	64	52	89	46	100	75	109	77	135	127	134	151	137	217	89	236	158	323	135	318	213	425	473	478	536	519	713	610	735	594	700	631	697	656	680	422	551	737	514	686	568	999	980	663	449	362	443	390	372	258	351	171	279	146	252	141	205	138	157	126	124	136	93	123	75	114	61	103	71	82
64	170	1	2	119	0	1953125	12	0.0	0	0.97	0	0	V0.2	0	0	75	58	65	69	57	73	39	67	38	72	31	64	44	67	45	66	68	72	64	89	85	108	70	131	74	183	73	202	74	218	110	280	183	240	256	264	421	415	544	424	611	568	718	581	689	604	647	666	613	677	311	628	601	597	541	569	909	999	592	454	375	353	455	279	336	239	252	218	183	218	137	208	93	171	71	156	73	127	87	111	85	83	88	70	73
64	170	1	2	119	0	1953125	12	0.0	0	0.97	0	0	V0.2	0	0	82	21	78	15	83	10	76	12	73	19	67	31	64	33	69	34	75	31	85	30	117	33	119	30	154	84	166	95	171	163	148	228	195	261	147	321	266	502	358	517	469	603	612	578	642	505	679	521	687	511	405	528	597	527	485	617	787	1000	505	528	236	422	333	345	256	247	245	153	233	124	214	105	168	91	139	93	108	98	92	93	69	96	63	82	62
64	170	1	2	119	0	1953125	12	0.0	0	0.97	0	0	V0.2	0	0	26	90	20	91	33	84	38	68	37	72	53	60	42	74	45	73	45	92	30	108	61	123	51	148	101	159	123	171	195	123	219	185	310	131	326	193	449	441	522	504	564	697	652	720	617	697	628	728	640	723	390	585	707	528	653	539	999	989	680	436	391	419	435	348	290	331	194	277	144	261	127	223	111	175	104	144	119	111	113	86	109	69	103	71	84
64	170	1	2	119	0	1953125	12	0.0	0	0.97	0	0	V0.2	0	0	38	85	39	84	48	76	56	56	50	62	66	50	54	70	57	66	53	87	50	102	79	110	79	129	133	134	158	138	220	95	245	158	324	138	327	229	427	484	491	555	529	735	634	756	613	711	664	729	684	706	420	545	734	513	654	544	988	999	699	470	371	461	412	389	256	353	176	282	147	253	144	204	137	157	126	120	138	93	126	74	117	62	102	69	82
64	170	1	2	119	0	1953125	12	0.0	0	0.97	0	0	V0.2	0	0	35	84	33	84	43	79	50	58	46	61	62	52	51	69	53	68	50	91	44	103	74	111	72	136	124	142	147	148	215	100	236	163	320	132	326	215	430	472	494	539	535	728	631	748	608	713	660	733	678	715	408	546	719	502	657	557	1000	995	694	460	376	453	418	382	266	350	178	283	149	260	140	211	136	163	123	126	135	97	127	77	117	65	101	70	83
64	170	1	2	119	0	1953125	12	0.0	0	0.97	0	0	V0.2	0	0	55	75	57	73	69	62	72	45	65	45	74	38	63	59	66	57	62	78	66	89	103	92	102	107	162	97	182	95	243	70	242	138	324	170	285	257	383	542	434	595	488	762	607	769	611	696	700	697	731	694	456	516	727	460	623	534	930	1000	644	493	323	509	375	428	229	372	170	274	174	238	184	178	168	135	155	94	152	77	133	69	123	71	97	76	81
64	170	1	2	119	0	1953125	12	0.0	0	0.97	0	0	V0.2	0	0	27	97	14	100	23	96	25	82	24	87	45	70	40	86	38	80	48	103	28	121	56	136	34	166	81	187	104	204	176	163	216	228	303	150	344	195	487	439	590	509	629	710	736	747	682	738	683	796	679	804	370	611	658	542	568	494	989	999	688	452	438	425	497	352	345	315	233	278	161	264	121	236	95	192	83	166	101	125	103	110	102	82	98	73	81
64	170	1	2	119	0	1953125	12	0.0	0	0.97	0	0	V0.2	0	0	62	65	63	60	73	48	73	30	69	32	77	29	66	46	69	49	68	65	74	73	108	72	111	85	164	74	184	73	231	77	229	152	303	195	257	278	341	541	396	590	463	740	597	739	616	657	703	653	734	638	453	475	670	434	567	574	904	999	618	519	308	506	356	424	219	354	184	249	194	208	198	152	174	107	156	74	148	71	128	64	110	72	89	77	77
64	170	1	2	119	0	1953125	12	0.0	0	0.97	0	0	V0.2	0	0	40	84	36	82	50	75	56	60	53	62	66	51	53	68	55	67	55	91	47	101	77	110	76	131	131	134	155	140	218	89	238	154	321	131	324	219	430	491	488	556	534	751	642	773	623	732	675	741	697	730	401	508	679	464	632	554	999	1000	693	478	386	483	435	407	263	363	178	290	153	259	143	213	136	160	126	124	138	94	126	76	120	64	102	70	84
64	170	1	2	119	0	1953125	12	0.0	0	0.97	0	0	V0.2	0	0	50	80	49	81	60	64	66	51	61	53	73	42	61	64	60	60	59	84	58	96	89	99	95	117	147	113	171	117	235	74	242	136	320	149	305	237	404	518	457	578	513	760	617	776	614	716	688	716	712	710	414	480	671	426	626	552	979	1000	669	484	358	503	406	424	246	368	165	282	161	250	163	193	152	144	139	104	146	80	130	71	119	63	98	69	77
64	170	1	2	119	0	1953125	12	0.0	0	0.97	0	0	V0.2	0	0	49	77	50	74	61	63	64	49	56	50	73	40	58	59	60	61	56	80	56	90	91	94	92	116	146	108	169	111	226	72	244	139	314	149	304	246	396	517	459	587	504	758	617	776	620	710	693	714	709	693	410	472	665	424	604	556	963	1000	685	497	350	510	408	431	239	369	171	280	166	243	165	188	155	137	144	101	146	76	130	70	117	63	97	72	79
64	170	1	2	119	0	1953125	12	0.0	0	0.97	0	0	V0.2	0	0	38	82	35	82	46	73	51	56	49	60	62	49	49	65	51	65	49	85	42	100	74	109	72	133	123	131	150	142	212	90	237	156	317	125	321	214	419	478	490	565	535	739	637	774	637	735	664	739	688	720	389	488	648	435	604	547	1000	991	688	471	397	489	439	407	270	359	181	289	155	259	144	206	137	156	129	123	138	91	129	84	118	65	104	73	83
64	170	1	2	119	0	1953125	12	0.0	0	0.97	0	0	V0.2	0	0	24	90	17	86	28	83	34	68	29	70	47	59	40	71	39	70	45	91	28	105	57	121	44	149	89	160	112	173	174	132	212	193	291	122	316	192	446	418	516	498	570	686	667	728	653	719	641	747	654	723	346	524	607	451	572	528	1000	969	661	430	419	437	471	360	313	317	206	271	151	255	118	218	103	169	94	144	110	110	107	90	103	68	97	65	79
64	170	1	2	119	0	1953125	12	0.0	0	0.97	0	0	V0.2	0	0	58	69	50	75	41	74	28	68	26	72	21	64	36	65	35	62	59	71	56	86	78	104	64	128	72	174	71	193	64	204	95	279	166	229	224	264	396	397	502	424	599	559	715	571	717	586	679	648	655	635	312	550	489	496	430	584	876	1000	525	457	368	380	462	290	347	214	277	171	222	175	179	171	121	146	90	146	67	133	68	115	65	102	68	79	64
64	170	1	2	119	0	1953125	12	0.0	0	0.97	0	0	V0.2	0	0	88	25	84	16	90	11	79	9	76	17	74	31	67	32	70	33	79	35	92	31	119	35	128	30	166	80	176	85	183	158	162	224	205	263	151	327	271	526	369	562	494	648	632	632	697	567	728	572	741	542	416	457	561	438	401	590	788	1000	485	507	258	469	367	386	271	274	252	160	235	126	218	96	172	79	142	80	113	94	93	84	72	92	56	76	54
64	170	1	2	119	0	1953125	12	0.0	0	0.97	0	0	V0.2	0	0	29	89	15	91	22	89	19	74	19	78	37	61	36	75	34	73	43	92	21	109	53	129	29	157	75	180	95	197	159	157	199	224	287	145	321	191	466	410	555	492	618	684	708	723	692	737	656	777	665	747	334	549	603	465	543	512	1000	990	642	400	423	432	498	343	342	309	230	259	161	257	115	221	92	179	76	154	94	125	97	105	95	77	95	70	76
64	170	1	2	119	0	1953125	12	0.0	0	0.97	0	0	V0.2	0	0	85	32	77	38	77	47	62	43	58	52	48	48	56	50	55	43	74	45	79	54	108	77	103	88	121	149	117	169	91	210	74	285	133	267	170	304	355	445	471	459	589	567	719	564	747	569	695	614	691	605	333	536	490	496	396	577	844	999	484	453	352	394	463	294	346	210	281	161	221	173	176	169	126	145	86	141	64	129	68	111	61	94	74	77	65
64	170	1	2	119	0	1953125	12	0.0	0	0.97	0	0	V0.2	0	0	26	96	20	98	33	90	37	74	33	79	47	64	46	80	42	75	48	97	28	113	62	133	42	164	95	175	119	192	192	141	221	204	313	128	341	198	485	453	565	530	623	746	720	774	703	779	668	794	682	764	344	544	643	453	543	479	1000	985	648	403	415	458	496	370	330	340	213	273	146	269	113	223	93	176	85	147	106	114	104	92	101	67	94	63	74
64	170	1	2	119	0	1953125	12	0.0	0	0.97	0	0	V0.2	0	0	366	320	379	328	375	326	384	340	387	329	384	336	388	326	377	318	382	312	364	290	380	287	362	257	376	251	384	238	374	282	374	264	412	342	374	384	360	614	380	664	376	849	389	860	353	882	265	894	273	877	23	700	316	636	370	569	692	1000	331	560	351	430	464	424	394	325	395	244	408	213	396	215	382	227	366	219	361	228	353	222	335	227	328	221	305
64	170	1	2	119	0	1953125	12	0.0	0	0.97	0	0	V0.2	0	0	340	354	350	366	350	362	357	375	360	370	354	373	357	375	336	363	342	367	323	344	321	360	304	325	296	365	287	360	241	408	223	454	198	483	143	543	47	726	120	780	235	864	389	859	467	780	608	734	669	733	461	407	727	326	678	208	1000	654	693	220	550	95	652	40	544	60	481	162	430	199	399	219	378	242	355	251	340	270	321	265	307	271	291	269	273
64	170	1	2	119	0	1953125	12	0.0	0	0.97	0	0	V0.2	0	0	42	85	35	82	50	72	53	54	49	60	61	47	54	63	54	63	52	88	48	99	77	109	82	134	133	131	157	137	219	81	235	150	327	130	307	209	418	483	461	562	527	757	622	768	648	734	642	730	701	682	394	477	685	428	601	523	1000	991	636	395	328	486	407	385	247	357	166	270	146	253	144	195	135	147	121	109	136	83	126	74	118	62	99	66	80
64	170	1	2	119	0	1953125	12	0.0	0	0.97	0	0	V0.2	0	0	32	93	28	89	40	84	44	67	39	73	57	56	47	71	48	73	50	95	34	109	67	121	60	150	109	157	135	169	204	116	231	177	322	123	338	199	455	462	522	539	573	745	670	767	665	752	642	769	691	730	380	531	686	473	584	496	999	985	655	392	359	461	444	372	289	348	186	276	139	263	117	216	109	168	103	134	121	99	114	85	112	63	98	66	83
64	170	1	2	119	0	1953125	12	0.0	0	0.97	0	0	V0.2	0	0	333	342	347	351	345	351	351	365	352	357	346	363	349	362	331	349	340	355	315	332	320	347	299	313	293	352	289	341	243	394	229	436	208	470	150	529	9	713	80	752	188	845	340	838	417	770	553	720	619	713	437	414	698	351	660	238	1000	692	668	267	516	84	618	57	524	44	465	151	422	181	391	204	373	224	350	237	336	254	319	255	300	257	287	257	269
64	170	1	2	119	0	1953125	12	0.0	0	0.97	0	0	V0.2	0	0	339	343	351	357	349	353	355	367	357	361	353	366	356	365	336	353	345	356	322	333	327	348	305	315	300	352	297	343	247	401	236	434	217	473	156	530	8	720	65	756	173	852	317	846	390	775	537	725	603	718	432	422	697	359	668	249	1000	704	643	273	505	81	615	71	515	48	467	149	425	180	395	204	375	224	355	239	340	256	325	251	306	260	291	257	274
64	170	1	2	119	0	1953125	12	0.0	0	0.97	0	0	V0.2	0	0	307	344	321	356	319	350	323	366	326	361	319	365	320	367	303	355	305	362	289	340	277	355	265	329	241	371	232	368	182	403	176	458	120	462	122	521	176	656	237	680	354	721	499	704	571	597	692	534	751	526	543	224	774	164	685	170	1000	558	703	104	503	183	579	108	475	175	411	235	353	263	325	268	313	274	295	279	282	289	269	284	253	282	246	277	233
64	170	1	2	119	0	1953125	12	0.0	0	0.97	0	0	V0.2	0	0	67	60	68	55	75	44	75	27	70	25	75	25	67	45	69	47	69	63	77	65	114	69	117	79	172	72	190	64	233	92	228	163	292	215	244	297	335	550	371	595	459	739	589	727	644	639	686	633	762	567	434	472	698	424	524	566	909	1000	548	459	227	512	337	403	195	334	188	223	203	190	201	130	172	90	151	60	144	66	122	66	106	73	80	73	69
64	170	1	2	119	0	1953125	12	0.0	0	0.97	0	0	V0.2	0	0	357	316	370	323	366	322	377	333	378	324	377	331	381	316	369	312	375	306	352	288	372	282	350	256	366	248	375	236	365	281	367	261	400	350	365	380	358	602	375	638	355	821	364	825	322	832	237	857	265	832	101	707	362	643	407	581	717	1000	309	563	334	406	436	394	380	301	385	229	403	204	391	209	371	223	356	217	355	221	345	218	327	221	320	216	297
64	170	1	2	119	0	1953125	12	0.0	0	0.97	0	0	V0.2	0	0	357	309	367	318	365	318	375	326	376	318	379	321	378	313	367	307	373	296	356	276	370	271	352	249	369	233	378	225	371	261	378	238	413	320	386	353	392	560	414	604	400	787	410	800	371	822	253	850	266	820	31	713	303	652	332	586	648	1000	261	585	292	443	396	428	347	330	359	257	384	227	370	228	359	235	342	230	340	230	335	222	322	223	314	218	292
64	170	1	2	119	0	1953125	12	0.0	0	0.97	0	0	V0.2	0	0	343	353	359	362	354	361	362	377	362	367	358	374	360	373	341	361	350	364	325	341	331	355	310	322	305	361	300	353	249	409	235	444	218	486	148	548	4	735	70	772	177	865	328	854	400	777	554	736	638	714	461	442	743	367	682	250	1000	686	651	273	521	86	623	70	518	57	471	154	433	186	402	210	381	231	358	242	344	258	330	261	306	265	295	263	276
64	170	1	2	119	0	1953125	12	0.0	0	0.97	0	0	V0.2	0	0	351	365	365	376	360	372	368	390	370	383	362	389	366	386	347	375	352	380	332	354	331	372	310	339	301	382	289	374	239	425	224	469	190	501	142	558	58	741	121	776	235	852	393	837	475	752	619	695	699	693	505	389	783	324	685	186	999	614	685	215	543	80	638	17	533	88	477	185	431	219	396	235	380	254	355	266	343	281	328	283	304	283	295	278	275
64	170	1	2	119	0	1953125	12	0.0	0	0.98	0	0	V0.2	0	0	103	45	101	26	96	27	96	0	78	11	82	15	62	37	72	27	56	54	76	56	82	69	101	82	132	94	157	92	234	68	255	127	335	165	350	243	490	546	549	614	595	840	719	848	726	834	733	845	807	816	480	610	806	549	621	471	984	1000	699	443	399	488	474	410	320	369	198	274	122	261	93	211	76	177	64	145	75	109	69	88	74	62	60	55	48
64	170	1	2	119	0	1953125	12	0.0	0	0.98	0	0	V0.2	0	0	74	76	64	80	45	74	43	80	23	58	35	61	24	42	47	44	45	38	64	38	87	49	87	48	128	79	136	83	166	184	144	210	192	299	166	359	316	611	410	634	515	767	683	727	748	666	799	655	846	639	511	525	729	517	484	498	746	1000	542	531	242	502	337	439	229	337	187	209	165	164	160	119	134	95	125	61	108	44	93	38	77	31	62	33	52
64	170	1	2	119	0	1953125	12	0.0	0	0.98	0	0	V0.2	0	0	108	37	103	31	90	36	91	50	67	31	75	41	53	30	72	19	58	23	86	18	84	17	107	45	138	36	155	34	224	70	243	110	307	200	316	278	442	587	521	657	566	860	697	856	718	832	766	827	827	809	512	589	818	540	629	456	921	1000	703	475	378	489	443	430	297	372	183	267	96	244	83	193	64	168	56	126	64	103	55	86	58	59	44	51	38
64	170	1	2	119	0	1953125	12	0.0	0	0.98	0	0	V0.2	0	0	79	74	69	76	51	75	47	85	29	64	39	67	29	48	51	51	46	43	67	43	80	53	86	46	120	73	132	77	161	175	144	202	195	293	171	350	315	600	408	637	515	766	678	732	748	666	799	664	853	649	528	540	751	548	524	511	747	1000	555	534	247	494	341	439	228	335	188	210	168	163	159	119	135	93	122	58	105	44	92	28	68	28	57	27	48
64	170	1	2	119	0	1953125	12	0.0	0	0.98	0	0	V0.2	0	0	110	41	102	18	98	26	101	5	79	4	87	18	63	36	75	21	63	50	82	51	91	61	105	79	146	81	170	80	244	61	257	125	338	176	339	259	473	574	540	647	587	868	713	870	730	840	750	842	826	833	509	611	843	585	659	472	950	1000	703	455	385	500	459	433	309	384	195	287	122	270	104	218	90	179	77	146	92	108	86	90	82	60	66	56	56
64	170	1	2	119	0	1953125	12	0.0	0	0.98	0	0	V0.2	0	0	109	50	103	34	101	31	101	1	78	12	88	13	64	39	78	28	57	56	77	57	86	74	105	87	142	101	167	96	243	65	266	127	348	163	363	252	505	575	579	650	616	880	743	884	750	869	756	879	832	869	504	652	860	627	672	478	960	1000	709	450	399	497	490	427	334	384	211	293	127	277	97	231	84	190	71	154	85	115	75	103	76	69	65	63	57
64	170	1	2	119	0	1953125	12	0.0	0	0.98	0	0	V0.2	0	0	28	103	22	95	22	90	27	78	24	76	25	64	26	64	20	62	19	75	15	80	40	108	28	105	44	167	42	176	47	222	85	275	138	276	226	307	415	488	539	490	640	617	783	595	810	609	767	670	780	691	422	642	643	675	446	574	701	1000	474	519	278	411	431	351	342	235	291	128	241	104	208	94	165	76	139	80	102	76	87	74	56	69	47	57	39
64	170	1	2	119	0	1953125	12	0.0	0	0.97	0	0	V0.2	0	0	352	373	360	386	360	382	363	402	365	394	357	400	364	398	341	386	346	392	324	368	317	386	298	355	285	399	274	389	223	437	210	483	168	511	129	565	122	740	196	774	302	827	465	794	546	704	701	625	779	645	587	353	876	346	786	233	1000	584	725	174	536	116	640	53	540	133	474	216	417	253	390	262	372	277	351	288	333	298	319	297	298	298	290	294	272
64	170	1	2	119	0	1953125	12	0.0	0	0.97	0	0	V0.2	0	0	352	373	360	386	360	382	363	402	365	394	357	400	364	398	341	386	346	392	324	368	317	386	298	355	285	399	274	389	223	437	210	483	168	511	129	565	122	740	196	774	302	827	465	794	546	704	701	625	779	645	587	353	876	346	786	233	1000	584	725	174	536	116	640	53	540	133	474	216	417	253	390	262	372	277	351	288	333	298	319	297	298	298	290	294	272
64	170	1	2	119	0	1953125	12	0.0	0	0.97	0	0	V0.2	0	0	311	362	325	374	326	370	329	387	331	382	323	386	327	387	307	372	312	378	293	359	279	378	264	350	238	393	226	388	181	419	176	477	115	479	148	529	231	655	308	683	416	701	569	665	645	551	758	464	838	484	626	214	876	223	790	208	1000	538	752	115	524	213	586	158	487	221	410	271	350	300	321	298	315	303	298	304	283	313	268	306	255	304	249	295	236
64	170	1	2	119	0	1953125	12	0.0	0	0.97	0	0	V0.2	0	0	64	66	64	60	75	47	76	34	71	33	77	30	64	50	69	51	66	71	74	72	108	80	117	90	170	89	192	81	237	83	231	151	312	206	264	275	360	546	389	583	454	740	568	697	610	634	648	612	738	583	460	529	785	580	694	630	953	1000	598	455	242	485	326	389	191	335	179	232	187	204	193	147	171	104	154	73	149	68	124	66	112	73	89	75	78
64	170	1	2	119	0	1953125	12	0.0	0	0.97	0	0	V0.2	0	0	78	50	74	42	84	32	81	15	74	19	79	24	67	38	71	38	74	55	85	52	120	55	127	57	177	69	197	61	227	117	211	182	275	251	225	322	313	564	372	600	454	714	594	665	647	590	678	573	764	558	475	545	767	611	633	625	857	1000	559	499	207	485	324	397	217	317	216	201	219	165	216	111	182	84	160	68	144	78	116	79	103	86	78	82	72
64	170	1	2	119	0	1953125	12	0.0	0	0.98	0	0	V0.2	0	0	94	55	90	38	88	36	92	14	72	22	79	16	58	36	64	33	47	57	62	61	65	78	83	94	111	106	138	112	212	78	246	143	325	148	359	221	499	509	576	580	602	782	704	785	683	789	660	799	728	801	450	645	793	622	669	515	972	999	718	458	407	439	482	379	340	340	222	259	131	253	92	215	73	182	56	151	66	118	62	100	64	72	60	61	49
64	170	1	2	119	0	1953125	12	0.0	0	0.98	0	0	V0.2	0	0	94	55	90	38	88	36	92	14	72	22	79	16	58	36	64	33	47	57	62	61	65	78	83	94	111	106	138	112	212	78	246	143	325	148	359	221	499	509	576	580	602	782	704	785	683	789	660	799	728	801	450	645	793	622	669	515	972	999	718	458	407	439	482	379	340	340	222	259	131	253	92	215	73	182	56	151	66	118	62	100	64	72	60	61	49
64	170	1	2	119	0	1953125	12	0.0	0	0.98	0	0	V0.2	0	0	29	97	26	89	23	85	29	70	22	66	24	57	18	60	16	57	16	71	15	76	37	100	25	102	39	157	35	167	43	210	85	263	146	267	227	294	409	474	529	471	609	581	741	555	754	564	690	617	709	642	382	636	611	648	451	581	734	1000	495	524	287	391	415	325	331	218	280	120	229	104	194	95	156	81	133	83	96	77	80	79	55	73	45	59	36
64	170	1	2	119	0	1953125	12	0.0	0	0.98	0	0	V0.2	0	0	111	28	102	12	98	19	92	27	73	12	81	21	59	29	73	16	62	33	80	36	96	40	113	58	148	49	172	52	235	71	244	126	323	206	317	292	438	592	499	653	538	830	663	814	680	771	700	752	784	725	498	580	834	576	682	517	935	999	699	501	363	494	413	435	266	378	169	270	116	249	119	196	103	159	96	121	102	89	87	72	86	48	69	47	56
64	170	1	2	119	0	1953125	12	0.0	0	0.98	0	0	V0.2	0	0	57	86	57	75	59	69	66	50	53	53	56	39	41	59	39	54	24	76	24	78	16	107	29	112	37	158	60	167	131	170	179	221	242	186	326	223	495	428	603	464	654	645	759	644	737	676	651	726	664	741	336	657	646	659	546	558	865	1000	611	479	382	357	490	292	377	226	283	168	204	182	154	167	119	145	87	140	55	112	42	108	31	79	39	67	31
64	170	1	2	119	0	1953125	12	0.0	0	0.98	0	0	V0.2	0	0	107	32	94	21	87	27	83	28	65	14	74	22	55	24	68	12	60	33	82	25	100	35	114	47	152	36	175	31	233	93	233	131	302	224	287	300	402	592	467	648	507	808	633	783	662	726	686	704	756	671	472	534	789	536	646	511	906	1000	682	507	333	493	389	437	247	371	162	264	121	237	130	188	114	159	106	115	110	91	107	69	98	55	76	51	65
64	170	1	2	119	0	1953125	12	0.0	0	0.98	0	0	V0.2	0	0	105	43	95	27	90	30	89	10	71	13	78	10	58	39	67	28	55	54	73	56	85	71	102	82	141	88	161	86	233	60	251	117	330	168	348	245	478	538	551	616	572	803	674	794	665	772	647	768	721	753	430	569	766	557	651	482	965	1000	726	477	403	455	456	393	315	353	194	263	111	255	88	210	73	181	65	146	81	113	72	96	83	68	68	62	61
64	170	1	2	119	0	1953125	12	0.0	0	0.98	0	0	V0.2	0	0	106	36	95	21	89	27	87	24	67	6	76	15	56	26	70	17	58	42	80	39	97	46	111	59	151	52	175	47	232	73	240	117	313	207	309	285	430	582	496	647	527	819	652	798	661	751	671	730	749	705	467	527	769	521	637	490	936	1000	705	521	376	496	417	433	272	371	170	271	114	246	113	200	101	169	93	126	105	99	100	78	91	59	77	54	65
64	170	1	2	119	0	1953125	12	0.0	0	0.98	0	0	V0.2	0	0	104	46	94	30	90	33	86	11	69	10	78	6	58	36	69	33	55	58	74	59	85	76	99	85	136	91	163	88	235	61	255	116	336	164	355	246	494	553	564	619	591	831	702	806	686	797	666	788	731	774	436	577	769	563	649	465	972	999	732	504	427	478	480	406	330	362	207	276	120	261	94	221	79	188	68	155	82	122	80	102	84	73	74	65	63
64	170	1	2	119	0	1953125	12	0.0	0	0.98	0	0	V0.2	0	0	75	78	77	62	78	58	82	38	66	43	70	30	53	55	53	50	33	73	45	77	38	99	57	109	75	147	100	153	176	134	221	188	295	156	360	202	525	463	629	520	666	727	772	721	735	754	657	785	678	799	366	642	684	632	578	501	933	1000	689	503	444	404	522	328	394	281	274	215	178	222	129	199	90	170	64	151	42	120	40	115	41	81	42	72	37
64	170	1	2	119	0	1953125	12	0.0	0	0.98	0	0	V0.2	0	0	88	64	85	46	85	45	89	18	69	28	75	16	56	43	60	40	47	64	58	70	62	88	78	99	105	123	131	130	202	89	242	153	319	140	363	210	519	502	609	573	634	781	738	778	713	790	660	808	702	807	419	631	739	608	631	499	971	999	729	495	447	436	511	372	371	323	244	252	150	250	100	217	76	185	51	153	58	124	55	108	60	78	54	64	46
64	170	1	2	119	0	1953125	12	0.0	0	0.97	0	0	V0.2	0	0	369	320	381	324	381	323	389	332	392	324	395	329	396	313	387	311	390	297	375	285	388	266	374	255	388	220	403	210	407	231	412	196	458	284	435	322	458	545	479	600	460	799	465	797	398	834	225	867	263	869	70	737	370	739	376	633	687	1000	382	629	331	424	464	388	416	280	419	207	428	176	415	187	397	202	379	206	374	215	360	212	338	224	328	220	306
64	170	1	2	119	0	1953125	12	0.0	0	0.97	0	0	V0.2	0	0	91	20	86	18	86	25	76	25	72	31	66	35	64	32	66	35	77	31	92	32	122	44	123	49	153	109	161	127	145	184	117	258	159	287	137	335	295	505	409	523	512	596	662	544	711	501	658	534	707	539	389	533	593	578	445	605	768	1000	481	536	248	411	375	318	291	212	269	128	240	127	209	116	158	111	123	114	96	118	78	109	65	102	60	82	60
64	170	1	2	119	0	1953125	12	0.0	0	0.97	0	0	V0.2	0	0	71	58	64	62	56	70	44	64	39	71	36	61	44	62	48	59	69	63	70	75	95	97	89	109	99	167	96	190	74	218	72	284	138	272	189	303	365	448	487	463	568	559	706	525	726	528	648	578	667	592	358	585	582	613	461	617	792	1000	496	516	283	383	410	294	322	203	281	136	233	140	203	140	146	127	113	128	87	124	72	110	63	105	63	86	63
64	170	1	2	119	0	1953125	12	0.0	0	0.97	0	0	V0.2	0	0	83	42	81	35	87	21	83	8	76	11	80	24	70	34	77	39	80	46	90	45	124	44	133	47	180	64	197	67	213	131	200	198	250	265	198	330	292	565	382	611	460	704	621	660	678	582	673	567	751	560	477	493	700	531	520	576	786	999	543	545	232	481	334	406	238	305	235	185	228	153	225	105	186	83	157	73	138	83	110	83	90	88	70	82	67
64	170	1	2	119	0	1953125	12	0.0	0	0.97	0	0	V0.2	0	0	75	49	74	44	84	29	81	15	74	14	79	26	68	37	72	39	74	51	85	51	120	51	128	54	173	61	194	59	215	112	204	185	262	244	211	319	301	552	369	600	450	710	601	668	663	594	656	575	745	563	474	478	694	508	525	564	814	1000	569	533	241	479	326	402	221	315	218	197	218	166	220	112	181	84	159	66	138	77	116	81	101	84	76	83	71
64	170	1	2	119	0	1953125	12	0.0	0	0.97	0	0	V0.2	0	0	92	30	89	21	94	8	85	5	79	16	76	27	71	33	76	35	83	39	94	33	129	38	135	33	174	76	186	84	193	152	169	225	221	279	166	341	285	554	380	585	475	676	641	629	701	549	668	541	739	544	459	497	650	532	465	575	750	1000	518	549	226	454	338	378	250	276	246	159	233	130	223	93	176	76	149	77	122	91	97	84	78	93	59	80	57
64	170	1	2	119	0	1953125	12	0.0	0	0.97	0	0	V0.2	0	0	333	372	343	378	347	379	352	385	358	380	358	379	357	376	355	366	340	361	339	353	318	342	326	346	308	335	322	335	356	278	390	310	432	226	491	219	649	129	741	135	803	259	918	254	918	335	796	462	796	466	537	611	563	634	367	689	491	1000	469	652	225	640	137	591	90	529	96	459	176	440	193	412	225	394	238	366	256	352	265	328	270	316	275	295	267
64	170	1	2	119	0	1953125	12	0.0	0	0.97	0	0	V0.2	0	0	370	358	386	357	387	358	397	361	406	350	409	353	416	335	403	332	408	316	393	300	409	285	392	267	408	248	415	239	404	292	395	288	415	392	357	458	287	711	255	768	188	937	243	918	268	873	414	800	533	798	443	466	742	418	700	235	1000	605	765	226	570	109	637	95	544	191	454	277	372	326	329	336	312	351	286	352	262	365	250	356	236	347	231	337	224
64	170	1	2	119	0	1953125	12	0.0	0	0.97	0	0	V0.2	0	0	371	330	388	333	385	335	395	346	394	339	396	344	397	333	385	327	391	318	372	299	389	294	367	264	385	257	389	246	380	297	375	273	415	358	378	395	368	628	382	663	371	856	390	847	338	857	206	870	244	879	80	722	365	698	376	605	686	999	361	638	308	439	435	424	389	327	398	249	416	218	406	221	389	228	374	226	371	230	363	223	348	221	340	223	316
64	170	1	2	119	0	1953125	12	0.0	0	0.97	0	0	V0.2	0	0	348	408	361	422	360	417	365	434	369	432	354	434	361	436	342	423	339	428	325	409	299	424	292	403	254	442	242	441	211	451	225	521	176	504	246	549	386	653	479	688	585	676	753	643	818	506	882	394	944	415	709	137	909	140	768	244	1000	571	843	201	576	346	606	296	509	330	414	362	332	387	308	384	304	377	293	373	279	378	272	369	263	357	260	345	252
64	170	1	2	119	0	1953125	12	0.0	0	0.97	0	0	V0.2	0	0	339	377	351	386	350	386	354	401	359	395	350	397	353	401	331	390	336	394	315	374	303	391	290	364	265	403	253	400	203	433	197	488	138	500	150	556	208	701	288	740	382	777	543	753	612	640	718	547	787	563	600	224	835	197	747	125	1000	529	787	154	566	160	622	120	531	182	454	251	389	288	361	294	348	300	328	307	310	317	296	315	277	313	272	308	254
64	170	1	2	119	0	1953125	12	0.0	0	0.97	0	0	V0.2	0	0	341	389	352	400	351	399	355	413	360	408	348	413	354	414	333	399	336	407	316	388	295	404	287	380	251	421	244	416	198	440	205	499	148	496	196	551	306	666	392	699	490	714	657	678	719	555	808	452	859	465	646	136	867	126	764	179	1000	533	816	148	571	257	608	215	515	261	430	311	354	344	329	342	318	340	306	341	288	348	277	340	263	336	258	326	246
64	170	1	2	119	0	1953125	12	0.0	0	0.97	0	0	V0.2	0	0	336	291	347	295	346	297	355	301	358	296	357	298	361	287	353	284	353	269	339	260	350	241	339	238	352	199	360	193	379	180	390	135	438	174	439	174	511	339	556	362	582	565	625	557	590	620	420	680	400	671	220	661	188	661	112	668	387	1000	189	655	30	547	133	513	137	435	194	359	255	330	263	315	268	302	268	280	276	273	280	258	274	247	273	235	257
64	170	1	2	119	0	1953125	12	0.0	0	0.97	0	0	V0.2	0	0	338	297	346	304	347	305	354	311	354	307	357	307	360	296	352	293	349	280	338	272	344	250	336	257	343	217	355	212	381	177	397	143	450	133	461	114	557	236	618	257	660	464	716	456	690	528	536	611	519	595	319	638	265	646	135	676	373	1000	270	651	76	582	49	539	53	465	129	395	205	373	218	350	233	336	238	312	250	302	260	283	252	270	258	258	245
64	170	1	2	119	0	1953125	12	0.0	0	0.97	0	0	V0.2	0	0	334	384	348	397	346	394	349	408	354	406	343	408	347	410	330	394	329	401	314	380	288	398	283	377	249	415	238	413	197	431	205	499	145	489	200	539	321	653	404	692	508	695	662	669	722	532	802	432	853	451	618	108	830	108	751	205	1000	547	823	172	580	276	609	224	506	269	419	318	341	349	315	347	307	345	294	344	281	350	271	340	256	332	252	324	242
64	170	1	2	119	0	1953125	12	0.0	0	0.97	0	0	V0.2	0	0	350	411	360	427	361	422	366	437	372	434	357	438	363	437	347	426	341	430	329	410	300	424	298	405	256	442	248	442	224	446	246	518	206	488	281	537	441	616	538	648	645	629	810	597	865	440	913	336	954	352	675	131	862	197	749	335	1000	635	848	280	588	405	595	347	489	368	388	395	305	418	283	408	284	398	278	391	268	392	261	378	255	367	253	355	246
64	170	1	2	119	0	1953125	12	0.0	0	0.97	0	0	V0.2	0	0	359	428	372	440	375	437	376	451	381	448	369	449	373	453	358	437	351	441	342	425	306	434	310	420	265	452	260	453	252	445	281	515	262	470	345	513	529	559	629	591	739	549	900	512	948	354	975	262	1000	277	698	222	850	301	724	445	966	736	848	386	568	497	555	433	450	441	345	448	267	463	248	446	259	431	263	418	253	417	256	394	253	391	254	369	249
64	170	2	2	119	0	1953125	12	0.0	0	0.97	0	0	V0.2	0	0	349	411	360	423	364	421	366	434	369	431	359	433	364	434	345	421	341	426	329	408	297	422	296	403	256	438	249	440	219	447	237	516	195	491	269	538	419	629	517	665	616	640	778	608	831	461	897	353	933	380	661	102	845	165	744	311	1000	608	853	263	590	386	605	323	497	351	396	383	316	404	293	397	293	390	285	385	272	390	266	375	253	367	256	354	247
64	170	2	2	119	0	1953125	12	0.0	0	0.97	0	0	V0.2	0	0	380	330	395	337	394	336	406	345	403	335	404	340	410	323	396	323	403	312	381	294	401	280	381	261	399	237	407	224	413	260	411	222	462	313	426	350	441	590	462	638	451	849	457	840	388	861	221	882	247	888	42	685	340	641	435	580	765	1000	445	633	378	419	497	390	440	279	432	206	440	175	424	186	408	209	391	208	380	226	368	224	344	234	335	233	308
64	170	2	2	119	0	1953125	12	0.0	0	0.97	0	0	V0.2	0	0	362	317	373	325	372	322	380	333	381	326	382	329	385	319	373	314	379	305	359	287	377	280	356	255	375	246	376	232	374	276	369	251	414	331	378	370	383	596	403	634	399	825	416	812	365	827	218	849	244	850	8	668	287	633	370	591	677	1000	366	654	304	474	410	444	361	338	369	256	394	221	386	222	372	231	356	221	355	223	348	218	332	221	321	214	305
64	170	2	2	119	0	1953125	12	0.0	0	0.97	0	0	V0.2	0	0	334	368	346	381	345	377	349	393	354	387	341	393	345	393	326	381	330	389	309	366	297	382	284	356	263	394	249	392	201	427	191	482	139	493	142	551	204	706	288	748	383	793	531	757	597	645	719	562	768	593	542	211	772	142	721	130	1000	532	803	179	597	178	646	117	538	171	449	247	384	281	357	289	339	296	321	304	303	313	293	308	273	309	263	300	250
64	170	2	2	119	0	1953125	12	0.0	0	0.97	0	0	V0.2	0	0	331	373	344	384	342	383	347	396	350	393	338	395	343	396	325	385	327	391	310	368	294	388	282	360	257	399	243	397	196	431	191	483	131	494	153	551	231	704	319	744	409	780	564	743	631	632	745	542	792	579	560	194	781	122	720	137	1000	525	809	173	599	208	649	143	535	189	446	262	375	294	348	299	333	304	314	311	297	318	285	314	269	314	258	304	248
64	170	2	2	119	0	1953125	12	0.0	0	0.97	0	0	V0.2	0	0	32	99	24	102	36	95	40	77	38	81	53	60	46	78	47	79	48	104	31	115	66	132	53	163	105	171	131	187	202	128	228	184	327	127	353	211	505	493	601	579	636	804	747	799	710	788	660	809	690	821	366	514	636	456	577	453	1000	998	740	529	470	500	523	415	354	361	218	295	149	286	126	240	112	196	100	156	123	122	120	97	115	73	104	70	85
64	170	2	2	119	0	1953125	12	0.0	0	0.97	0	0	V0.2	0	0	32	99	24	102	36	95	40	77	38	81	53	60	46	78	47	79	48	104	31	115	66	132	53	163	105	171	131	187	202	128	228	184	327	127	353	211	505	493	601	579	636	804	747	799	710	788	660	809	690	821	366	514	636	456	577	453	1000	998	740	529	470	500	523	415	354	361	218	295	149	286	126	240	112	196	100	156	123	122	120	97	115	73	104	70	85
64	170	2	2	119	0	1953125	12	0.0	0	0.97	0	0	V0.2	0	0	387	359	399	372	395	370	407	384	408	376	405	383	410	373	393	366	400	361	377	337	390	346	364	309	377	328	372	320	346	380	329	392	346	471	277	536	203	783	210	838	209	1000	282	979	284	948	367	931	425	948	231	635	551	562	599	451	943	896	649	524	539	313	645	297	548	191	509	144	485	147	466	170	439	206	414	216	403	235	385	242	364	247	350	248	325
64	170	2	2	119	0	1953125	12	0.0	0	0.97	0	0	V0.2	0	0	34	87	34	81	43	75	54	54	49	53	67	41	59	56	58	53	59	71	66	83	101	78	106	97	162	72	185	66	224	73	211	148	278	215	216	304	310	559	392	619	480	739	629	693	683	601	706	589	752	595	446	433	576	452	413	537	732	999	509	589	279	498	401	408	306	269	282	155	255	132	236	119	174	110	137	120	104	123	81	114	61	104	67	82	61
64	170	2	2	119	0	1953125	12	0.0	0	0.97	0	0	V0.2	0	0	90	35	88	22	94	10	85	7	78	18	74	30	73	33	72	36	87	32	97	29	131	43	131	41	165	105	166	124	154	188	113	264	159	290	133	345	328	527	466	547	586	648	739	597	778	555	723	606	732	643	403	529	509	524	383	552	759	1000	519	553	357	423	475	339	367	218	300	164	244	175	197	172	133	152	95	149	71	135	69	114	66	100	77	75	66
64	170	2	2	119	0	1953125	12	0.0	0	0.97	0	0	V0.2	0	0	31	99	18	99	27	96	30	78	25	86	47	68	40	81	40	79	48	105	26	120	60	140	41	169	89	185	112	204	189	148	215	208	318	138	347	205	510	471	608	552	656	787	760	786	729	783	672	823	695	840	372	556	644	508	598	493	992	1000	716	496	469	475	534	399	369	349	238	296	166	292	127	248	108	197	92	169	114	128	112	109	115	81	108	77	92
64	170	2	2	119	0	1953125	12	0.0	0	0.97	0	0	V0.2	0	0	85	39	81	31	91	14	83	2	81	6	78	23	69	32	75	35	79	42	95	40	127	37	134	36	176	63	188	70	205	142	180	207	234	259	167	336	290	569	396	615	499	725	648	674	706	589	729	592	758	598	455	448	602	466	461	560	752	1000	525	574	268	509	380	432	267	308	255	192	244	152	233	107	189	87	160	83	137	97	107	91	89	98	69	85	66
64	170	2	2	119	0	1953125	12	0.0	0	0.97	0	0	V0.2	0	0	75	61	74	58	84	43	81	26	77	28	82	26	69	46	74	48	73	65	84	69	118	72	122	82	178	73	197	70	240	86	226	160	305	220	243	309	346	583	425	648	497	802	635	763	680	684	718	674	771	672	475	441	676	441	554	532	838	1000	606	566	309	548	384	465	242	368	209	253	214	212	216	145	190	106	168	75	154	76	131	69	111	80	85	79	75
64	170	1	2	119	0	1953125	12	0.0	0	0.97	0	0	V0.2	0	0	74	63	72	57	82	42	81	24	77	27	83	26	67	45	75	46	75	65	85	66	120	67	128	80	180	69	199	62	237	88	224	160	300	222	235	314	340	585	418	645	490	797	639	764	688	677	720	667	776	665	481	447	679	447	542	527	829	1000	596	579	309	551	384	470	241	366	214	249	216	205	220	144	190	103	171	73	154	78	131	75	109	82	82	83	75
64	170	1	2	119	0	1953125	12	0.0	0	0.97	0	0	V0.2	0	0	80	52	79	46	88	32	86	17	80	17	81	24	70	39	74	42	77	54	90	58	127	56	133	61	180	60	197	58	228	109	211	179	278	239	210	328	316	587	407	640	491	781	642	732	697	651	732	642	787	645	482	443	659	454	515	537	800	1000	568	594	292	547	385	466	254	351	235	229	230	185	233	128	197	97	169	71	152	83	123	77	108	93	79	83	73
64	170	1	2	119	0	1953125	12	0.0	0	0.97	0	0	V0.2	0	0	77	65	71	61	83	45	82	30	79	27	85	30	71	48	73	49	75	68	83	72	120	76	126	84	180	75	200	70	242	83	235	157	308	214	247	312	356	594	439	657	504	816	641	776	693	703	735	686	788	695	487	441	687	437	562	534	849	999	611	583	324	562	402	488	249	379	211	259	213	218	216	152	191	111	169	73	156	74	135	71	112	79	90	83	78
64	170	1	2	119	0	1953125	12	0.0	0	0.97	0	0	V0.2	0	0	80	54	80	50	84	35	85	20	78	20	84	24	72	44	77	39	76	58	89	56	125	59	132	62	180	59	202	59	229	107	210	177	280	241	207	325	315	593	415	648	498	786	648	740	705	659	742	650	788	653	486	441	657	445	517	545	800	999	558	592	297	557	393	474	255	356	237	233	232	188	233	131	198	95	171	72	151	80	123	83	109	93	81	87	73
64	170	1	2	119	0	1953125	12	0.0	0	0.97	0	0	V0.2	0	0	43	99	37	96	52	88	63	69	55	72	67	55	55	75	58	73	54	98	48	114	84	129	80	153	140	152	169	162	234	89	255	160	359	136	337	235	478	552	571	639	606	867	723	858	718	822	716	832	757	838	457	521	728	467	637	493	982	1000	711	543	456	562	503	480	319	411	207	323	166	297	164	236	151	180	141	138	153	102	135	81	132	70	110	76	96
64	170	1	2	119	0	1953125	12	0.0	0	0.97	0	0	V0.2	0	0	48	93	45	95	57	86	63	66	61	68	77	54	59	73	65	74	60	100	59	109	91	127	93	150	153	148	179	154	241	86	258	154	361	144	338	246	472	568	566	651	602	882	727	868	721	823	727	833	767	829	468	520	734	464	634	495	980	1000	701	547	446	569	501	494	312	415	203	322	170	296	166	231	152	173	142	131	156	101	138	85	137	74	108	76	89
64	170	1	2	119	0	1953125	12	0.0	0	0.97	0	0	V0.2	0	0	33	100	21	103	37	97	36	79	36	82	54	67	45	82	47	81	48	106	29	125	66	145	50	172	105	186	133	204	204	142	233	204	341	130	349	206	515	507	625	586	663	836	774	831	748	830	718	860	726	870	416	579	703	510	627	500	1000	990	711	516	497	520	553	448	377	383	243	319	167	306	141	258	122	204	109	168	130	131	130	106	119	80	115	80	92
64	170	1	2	119	0	1953125	12	0.0	0	0.97	0	0	V0.2	0	0	31	102	22	103	31	99	37	76	33	86	51	65	47	83	47	82	52	109	29	124	64	144	48	172	101	187	128	204	201	143	232	209	337	132	351	202	521	501	631	584	667	835	782	833	755	834	721	867	732	882	418	583	697	510	628	504	999	996	710	511	489	522	562	445	379	382	245	316	169	307	141	260	120	207	106	170	129	130	124	104	123	83	112	80	91
