64,170,2,2,119,0,1953125,12,0,7781,2.35,0,0,NaN,0,0,40,29,41,48,22,24,25,38,30,3,17,29,15,2,7,22,28,20,25,24,20,27,57,42,32,8,76,36,111,81,171,256,121,164,96,259,90,337,206,403,104,429,667,605,549,187,302,1000,902,677,703,671,633,882,400,791,725,218,394,367,557,431,337,379,196,163,177,101,138,82,156,20,146,93,34,14,48,69,37,18,44,45,14,13,40
64,170,2,2,119,0,1953125,12,0,0,0.8,0,0,NaN,0,0,337,304,283,261,232,214,201,202,186,185,152,137,98,52,24,48,100,119,159,193,211,219,249,298,312,349,371,419,415,436,496,569,555,530,473,507,564,410,501,579,653,651,659,676,679,435,400,351,421,806,606,642,1000,687,238,147,438,459,629,579,688,466,396,338,314,281,303,328,315,363,357,321,340,299,247,234,208,179,170,175,185,175,166,176,145
64,170,2,2,119,0,1953125,12,0,0,0.57,0,0,NaN,0,0,11,16,14,5,8,19,24,19,6,10,21,25,16,1,16,25,23,9,12,27,33,26,10,30,49,46,35,11,38,96,93,18,37,65,114,107,101,62,86,65,202,247,215,180,270,238,229,213,206,396,195,92,411,458,899,1000,780,331,395,370,275,274,218,99,101,77,117,64,19,47,103,98,72,44,44,65,62,40,30,54,67,56,31,28,51
64,170,2,2,119,0,1953125,12,0,0,0.56,0,0,NaN,0,0,12,9,29,38,33,11,13,35,42,33,10,17,41,46,34,5,25,49,57,33,19,46,72,78,45,33,69,109,110,98,94,175,132,185,195,109,83,179,238,97,191,322,449,430,671,710,554,244,584,757,392,126,584,899,1000,821,731,865,404,954,690,201,51,131,247,282,195,30,98,141,196,170,82,27,95,127,112,69,44,88,108,91,50,48,80
64,170,2,2,119,0,1953125,12,0,0,0.96,0,0,NaN,0,0,52,37,29,40,55,41,48,12,27,34,56,7,26,53,65,20,39,47,54,37,70,58,82,31,112,18,81,76,184,79,195,219,247,224,22,87,87,274,344,514,332,228,101,317,422,590,760,587,427,260,410,396,183,367,729,691,403,660,979,1000,594,366,372,383,322,22,159,148,174,32,169,108,70,25,131,88,57,84,86,78,28,76,42,32,39
64,170,2,2,119,0,1953125,12,0,0,0.96,0,0,NaN,0,0,24,39,49,51,54,4,15,44,61,17,33,40,47,20,57,50,38,43,76,28,17,73,127,24,62,76,151,29,156,147,135,60,200,224,71,97,199,291,100,335,412,491,279,258,490,442,334,207,344,305,145,572,925,782,231,351,644,1000,410,360,528,632,405,73,182,173,130,106,241,167,78,44,165,101,42,83,102,68,47,97,55,17,54,81,34
64,170,2,2,119,0,1953125,12,0,7938,2.38,0,0,NaN,0,0,26,17,7,29,23,27,13,20,24,20,13,8,17,21,12,12,16,12,9,13,24,10,19,41,35,27,77,46,92,78,52,55,76,202,84,205,127,341,383,238,183,233,207,280,323,335,400,602,57,735,692,559,1000,399,569,335,648,492,499,664,166,429,132,90,149,124,219,87,115,87,165,34,61,45,67,33,5,32,46,29,11,34,25,17,21
64,170,2,2,119,0,1953125,12,0,0,0.96,0,0,NaN,0,0,632,626,579,496,573,540,482,418,324,352,345,287,190,168,220,250,223,256,353,446,477,452,535,575,725,712,692,752,825,856,911,845,858,924,926,920,908,864,908,902,944,880,687,823,982,1000,708,780,815,786,615,702,852,900,456,975,625,727,877,663,633,841,792,742,646,757,713,649,668,616,599,560,553,506,514,454,376,402,351,327,261,219,191,148,125
64,170,2,2,119,0,1953125,12,0,0,0.96,0,0,NaN,0,0,34,16,40,25,33,10,34,5,40,15,22,8,30,5,30,25,37,0,37,13,45,15,80,43,44,18,88,52,105,127,99,134,49,113,78,182,219,402,401,279,249,68,50,282,519,521,531,299,160,198,59,246,721,1000,909,711,387,216,246,160,196,323,373,212,227,108,158,52,111,91,109,82,71,93,38,54,30,59,16,55,40,39,24,43,41
64,170,2,2,119,0,1953125,12,0,0,0.96,0,0,NaN,0,0,51,18,45,12,40,18,44,6,34,1,40,11,30,18,44,18,38,17,42,15,63,21,69,16,98,40,117,74,138,120,97,123,180,227,248,394,279,330,166,171,40,214,368,643,746,562,577,414,328,302,563,753,1000,965,761,556,494,379,57,289,194,230,127,173,193,150,148,99,161,61,103,55,113,52,62,49,49,35,43,48,21,32,37,46,23
