64,170,2,2,119,0,1953125,12,0,7611,2.33,0,0,NaN,0,0,30,32,30,38,29,40,32,39,23,29,23,27,28,18,22,17,37,6,21,26,27,8,45,43,58,46,118,86,60,70,56,156,76,242,113,321,139,305,139,255,86,133,180,499,522,479,439,458,285,745,35,598,445,727,1000,303,274,699,893,635,405,173,253,167,158,150,32,76,158,60,108,55,63,21,23,10,35,33,18,17,21,19,21,31,10
64,170,2,2,119,0,1953125,12,0,0,0.79,0,0,NaN,0,0,887,901,908,925,932,947,951,951,955,949,944,946,941,940,934,935,927,913,899,880,866,850,823,816,806,797,777,796,798,791,787,779,775,770,779,801,772,843,856,902,857,850,771,875,912,801,834,839,862,859,928,768,1000,617,670,727,763,868,742,683,727,696,680,682,645,684,699,720,720,731,726,716,709,701,700,707,707,712,722,723,713,700,677,667,642
64,170,2,2,119,0,1953125,12,0,7606,2.32,0,0,NaN,0,0,22,31,29,27,32,22,29,18,29,13,19,10,15,6,3,13,12,14,21,23,11,29,31,16,38,72,56,87,10,50,91,122,36,203,31,54,142,183,205,108,228,74,244,342,340,533,289,475,217,117,691,327,989,999,623,561,514,533,746,337,39,198,255,71,46,71,158,52,45,120,28,76,7,59,39,39,30,29,34,16,15,19,16,14,10
64,170,2,2,119,0,1953125,12,0,0,0.79,0,0,NaN,0,0,942,944,939,947,955,966,967,976,985,994,995,997,987,974,966,958,942,937,916,909,901,885,871,864,837,835,814,805,800,803,812,797,815,797,832,844,848,851,828,848,905,911,836,896,930,831,879,914,847,774,976,966,861,693,577,886,999,801,638,681,785,779,717,721,706,710,699,726,736,744,754,752,742,735,738,729,731,730,733,730,731,712,715,702,673
64,170,2,2,119,0,1953125,12,0,7833,2.36,0,0,NaN,0,0,21,26,28,17,20,35,20,19,14,19,19,11,9,12,23,5,13,18,7,5,12,1,40,17,25,43,72,34,81,54,25,111,24,63,148,116,116,230,184,385,301,215,262,196,243,594,408,563,210,671,111,747,160,105,1000,852,828,749,463,184,232,122,59,130,174,41,85,70,76,47,82,43,61,24,34,43,20,16,14,17,14,3,18,12,11
64,170,2,2,119,0,1953125,12,0,0,0.81,0,0,NaN,0,0,926,937,956,967,984,984,988,983,985,979,990,999,997,999,989,979,958,940,913,908,895,897,883,870,860,834,830,792,802,798,804,838,824,839,828,813,858,851,806,880,889,850,928,978,951,755,883,854,860,880,880,972,916,745,717,602,931,948,799,701,720,704,742,748,732,744,736,736,737,735,741,737,749,755,755,751,751,748,746,737,725,710,713,695,675
64,170,2,2,119,0,1953125,12,0,0,0.81,0,0,NaN,0,0,926,937,956,967,984,984,988,983,985,979,990,999,997,999,989,979,958,940,913,908,895,897,883,870,860,834,830,792,802,798,804,838,824,839,828,813,858,851,806,880,889,850,928,978,951,755,883,854,860,880,880,972,916,745,717,602,931,948,799,701,720,704,742,748,732,744,736,736,737,735,741,737,749,755,755,751,751,748,746,737,725,710,713,695,675
64,170,2,2,119,0,1953125,12,0,0,0.79,0,0,NaN,0,0,42,15,29,33,4,23,21,14,30,14,24,37,13,27,38,27,24,29,45,34,26,76,68,28,92,91,48,55,36,39,72,50,113,190,65,153,186,101,40,140,185,278,262,278,382,171,64,176,426,590,604,704,1000,879,586,455,519,568,368,209,112,18,57,147,136,147,152,83,100,102,28,49,65,24,43,63,28,36,48,27,38,36,24,41,32
64,170,2,2,119,0,1953125,12,0,0,0.96,0,0,NaN,0,0,49,18,48,15,47,25,42,31,31,27,36,38,26,29,41,37,48,43,58,47,52,57,60,70,71,114,67,126,86,181,106,217,161,270,238,140,111,165,293,348,427,369,487,476,434,263,287,466,709,1000,941,957,783,471,103,209,342,315,322,423,565,445,438,243,255,219,220,205,127,169,87,127,61,109,49,76,54,83,65,59,67,54,62,40,44
64,170,2,2,119,0,1953125,12,0,0,0.96,0,0,NaN,0,0,30,21,40,30,28,32,24,34,17,34,17,31,19,35,16,23,35,44,27,41,35,58,28,75,39,95,32,113,48,97,52,179,175,190,190,122,168,127,251,173,294,312,479,494,360,274,19,237,504,904,1000,997,750,319,183,161,114,171,365,382,413,296,278,224,123,150,118,165,49,129,105,121,60,65,67,54,54,56,72,23,49,49,56,25,37
