64,170,2,2,119,0,1953125,12,0,0,1.01,0,0,NaN,0,0,923,937,953,949,952,966,985,977,971,984,1000,988,970,977,974,962,937,927,934,917,885,879,866,855,842,817,827,817,798,800,797,818,815,792,824,832,833,835,849,873,859,895,846,913,906,868,892,882,857,894,820,877,820,804,832,798,775,768,767,702,761,719,715,717,723,734,717,718,734,737,736,729,750,746,744,736,741,748,743,722,723,717,709,673,672
64,170,2,2,119,0,1953125,12,0,7660,2.33,0,0,NaN,0,0,42,37,34,33,35,37,29,30,24,23,14,14,9,11,16,14,24,25,11,31,24,48,22,63,87,10,89,81,52,16,88,165,73,93,140,66,84,204,194,111,199,190,177,201,296,308,341,429,107,270,303,493,292,210,1000,425,548,139,275,371,307,357,237,135,172,131,96,56,93,73,100,22,71,45,44,45,36,26,32,33,18,21,24,8,4
64,170,2,2,119,0,1953125,12,0,0,0.39,0,0,NaN,0,0,8,8,10,13,16,18,21,20,20,20,19,18,15,12,15,18,21,22,24,26,31,25,21,17,19,35,47,50,28,76,72,49,52,98,84,60,44,76,124,220,132,49,250,261,316,115,349,383,175,195,414,363,342,310,731,926,1000,924,934,774,527,509,386,221,123,118,55,11,27,59,99,90,107,128,118,108,103,97,82,72,63,59,60,65,66
64,170,2,2,119,0,1953125,12,0,7848,2.37,0,0,NaN,0,0,46,55,54,39,50,44,45,27,32,37,37,17,24,34,32,15,46,44,33,24,68,56,36,52,56,95,37,55,26,125,151,152,24,172,73,126,95,197,206,171,114,102,367,280,294,30,274,657,248,262,384,169,475,626,1000,170,650,151,80,420,99,256,129,145,149,164,76,92,116,93,67,85,111,70,15,46,68,35,20,11,36,45,22,3,29
64,170,2,2,119,0,1953125,12,0,7848,2.37,0,0,NaN,0,0,178,125,163,122,160,85,160,65,140,44,116,40,89,59,94,93,112,104,95,158,84,185,111,209,147,156,203,292,64,369,20,429,191,207,284,360,125,440,39,321,120,407,164,537,228,746,603,896,614,433,349,640,603,586,689,570,698,465,945,784,1000,763,242,285,233,323,152,200,253,235,159,167,226,141,156,77,153,99,132,41,107,28,54,42,53
64,170,2,2,119,0,1953125,12,0,7661,2.33,0,0,NaN,0,0,169,110,128,168,117,110,117,120,75,97,41,109,50,80,45,86,64,77,107,107,78,133,147,154,209,104,378,145,259,229,206,334,60,282,263,128,236,265,130,205,396,158,331,367,131,397,103,140,359,646,609,931,984,704,689,1000,811,499,453,148,337,77,289,171,292,49,324,204,152,190,121,134,152,105,148,49,127,69,154,69,183,139,84,73,45
64,170,2,2,119,0,1953125,12,0,7751,2.35,0,0,NaN,0,0,34,21,17,18,23,27,8,18,22,9,1,7,6,2,8,21,18,8,24,28,25,8,16,30,29,37,43,33,44,11,42,80,70,66,75,71,92,55,84,69,227,276,294,233,313,349,835,379,613,383,430,202,127,632,728,537,1000,845,238,363,386,442,320,236,60,144,113,62,73,53,125,73,47,55,62,58,33,29,43,52,26,24,33,25,11
64,170,2,2,119,0,1953125,12,0,7751,2.35,0,0,NaN,0,0,34,21,17,18,23,27,8,18,22,9,1,7,6,2,8,21,18,8,24,28,25,8,16,30,29,37,43,33,44,11,42,80,70,66,75,71,92,55,84,69,227,276,294,233,313,349,835,379,613,383,430,202,127,632,728,537,1000,845,238,363,386,442,320,236,60,144,113,62,73,53,125,73,47,55,62,58,33,29,43,52,26,24,33,25,11
64,170,2,2,119,0,1953125,12,0,7873,2.37,0,0,NaN,0,0,104,95,88,72,98,85,72,60,74,53,59,20,49,64,8,37,63,82,20,79,92,71,89,59,142,169,15,254,147,222,194,312,386,229,393,114,156,203,59,257,72,109,237,668,748,1000,699,333,276,612,596,349,259,410,436,454,615,669,815,448,447,114,186,97,114,91,118,159,25,174,12,185,32,148,19,122,38,91,45,128,22,56,14,30,24
64,170,2,2,119,0,1953125,12,0,7726,2.35,0,0,NaN,0,0,130,107,147,94,102,99,123,70,63,95,55,73,22,73,28,83,4,109,84,73,79,139,116,120,106,109,244,220,148,216,229,420,210,444,52,392,219,343,335,345,281,559,686,453,458,628,298,146,15,341,274,180,246,675,1000,851,913,752,400,575,697,299,275,37,390,245,234,177,198,199,71,87,179,143,87,70,133,147,20,65,68,19,122,110,90
