64,170,2,2,119,0,1953125,12,0,0,0.97,0,0,NaN,0,0,25,46,22,57,4,34,12,52,11,34,17,42,8,37,28,38,4,37,9,26,37,80,20,55,19,76,12,121,70,128,62,147,117,93,132,215,245,76,93,326,434,424,433,307,199,11,267,573,697,716,730,1000,839,662,241,370,371,709,676,553,408,154,181,203,234,106,162,179,150,109,60,110,57,78,62,98,33,50,46,61,25,44,40,22,23
64,170,2,2,119,0,1953125,12,0,0,0.7,0,0,NaN,0,0,91,62,84,100,67,75,106,83,65,101,89,54,94,99,51,83,101,52,62,105,59,57,110,84,37,119,122,24,113,161,31,82,221,172,149,180,156,59,368,472,294,260,296,195,196,363,489,258,343,606,801,1000,908,578,800,849,510,507,379,429,364,329,303,231,21,159,200,87,92,151,111,11,133,117,30,119,127,61,105,138,85,93,140,109,84
64,170,2,2,119,0,1953125,12,0,0,0.96,0,0,NaN,0,0,47,7,47,8,41,10,41,21,31,21,30,23,27,24,26,20,31,17,33,19,46,36,37,39,50,63,57,99,17,88,38,131,47,139,127,132,100,148,254,440,462,397,298,204,208,289,343,337,243,417,501,776,653,533,102,394,842,1000,770,374,171,182,244,242,263,193,83,95,73,126,68,105,51,93,65,58,45,47,55,40,52,32,38,17,28
64,170,2,2,119,0,1953125,12,0,0,0.71,0,0,NaN,0,0,81,96,67,79,106,82,78,112,95,71,109,104,65,100,111,64,79,105,64,59,100,65,44,103,71,32,117,107,16,124,85,61,136,176,78,127,166,115,169,404,200,147,182,351,279,282,517,549,540,609,756,794,645,538,594,867,1000,711,445,522,409,316,318,249,56,150,246,151,95,213,143,9,144,137,15,119,129,43,104,137,64,96,143,92,80
64,170,2,2,119,0,1953125,12,0,0,0.96,0,0,NaN,0,0,54,72,57,63,61,67,82,56,69,53,80,57,82,34,75,45,86,24,84,3,92,39,73,16,117,23,111,60,87,43,108,67,116,134,250,297,93,135,123,280,115,273,243,356,219,130,42,242,240,327,567,369,348,587,1000,861,898,502,431,162,203,110,251,125,107,41,243,173,90,105,121,156,58,138,35,131,37,136,19,105,30,120,48,87,26
64,170,2,2,119,0,1953125,12,0,0,0.95,0,0,NaN,0,0,96,53,108,38,101,48,120,67,99,61,104,95,86,99,61,99,66,134,22,118,31,149,20,119,43,176,74,133,89,139,128,165,228,157,276,80,224,177,413,314,341,154,360,431,441,310,204,380,690,873,850,999,449,377,563,733,690,506,201,219,162,376,319,293,330,38,206,81,242,67,216,114,157,113,139,149,89,139,79,155,44,153,8,137,25
64,170,2,2,119,0,1953125,12,0,0,0.95,0,0,NaN,0,0,58,39,74,69,50,59,51,81,47,86,19,83,24,102,25,80,18,101,53,77,59,78,62,80,105,76,106,64,137,20,86,77,209,109,223,191,153,123,141,252,77,30,300,485,327,147,25,367,387,317,295,167,215,646,1000,899,709,292,443,290,252,68,273,247,281,131,129,143,106,105,123,190,23,121,43,164,44,122,48,112,59,107,87,60,57
64,170,2,2,119,0,1953125,12,0,0,0.95,0,0,NaN,0,0,24,33,29,29,35,24,45,11,37,16,41,21,43,30,42,30,53,40,68,50,79,47,71,51,78,74,88,126,65,107,65,146,85,193,198,221,156,98,252,328,345,314,343,265,355,281,162,252,532,785,874,1000,769,412,77,381,711,775,585,220,41,144,272,256,167,150,146,192,113,128,99,113,90,96,121,75,84,53,84,52,68,62,62,46,38
64,170,2,2,119,0,1953125,12,0,0,0.95,0,0,NaN,0,0,64,78,71,55,69,71,95,55,76,53,101,49,102,22,90,32,111,37,85,22,107,56,89,55,94,71,107,125,70,109,82,186,54,193,81,201,81,145,58,220,103,147,201,149,227,124,108,388,673,629,560,266,368,342,615,468,886,1000,813,451,104,119,116,148,120,237,100,163,10,204,62,133,36,183,125,97,97,92,103,94,129,40,102,54,122
64,170,2,2,119,0,1953125,12,0,0,0.96,0,0,NaN,0,0,101,58,119,70,106,63,119,79,115,74,105,84,107,84,89,76,95,87,79,58,87,74,85,60,91,53,115,80,111,91,163,149,147,129,194,243,103,211,123,359,136,423,222,314,314,477,476,128,267,838,931,999,738,108,477,408,645,541,556,81,40,203,385,165,207,35,323,161,171,123,202,182,113,151,98,164,96,154,55,127,85,158,57,103,74
64,170,2,2,119,0,1953125,12,0,0,0.97,0,0,NaN,0,0,58,76,75,82,52,87,73,96,54,84,60,109,48,86,41,101,44,93,22,75,56,88,20,74,41,93,40,68,67,125,62,166,27,96,124,237,126,214,96,188,39,157,75,419,494,454,438,125,265,713,971,999,794,307,436,643,842,595,496,317,425,187,260,126,285,94,209,113,176,110,143,90,137,104,119,104,79,76,117,106,75,72,96,92,85
64,170,2,2,119,0,1953125,12,0,0,0.5,0,0,NaN,0,0,18,16,9,8,16,25,21,17,13,18,26,33,33,24,19,27,41,47,48,37,22,31,56,73,84,64,43,58,93,161,186,117,63,75,72,186,316,307,278,390,319,320,449,289,68,417,669,800,954,662,315,534,981,1000,557,812,813,787,810,193,113,394,282,252,256,109,85,76,123,139,162,121,58,9,50,91,100,88,48,4,43,77,87,73,45
64,170,2,2,119,0,1953125,12,0,0,0.95,0,0,NaN,0,0,59,12,48,9,58,34,42,36,38,34,32,45,41,40,49,55,39,43,64,75,45,77,59,89,28,113,86,166,126,145,145,9,41,169,249,243,315,257,246,103,102,106,309,402,477,578,517,313,130,464,517,616,556,223,294,565,1000,879,581,219,13,113,168,180,148,206,165,197,146,111,94,106,134,96,120,74,100,58,73,62,70,64,60,65,47
64,170,2,2,119,0,1953125,12,0,0,0.76,0,0,NaN,0,0,83,59,91,88,67,100,91,66,99,81,68,101,72,71,100,59,75,101,46,79,95,32,81,73,30,108,97,50,164,103,65,151,114,19,223,185,119,226,105,164,127,216,223,421,307,320,325,233,623,999,779,926,671,541,574,763,718,574,359,91,123,395,259,127,161,50,126,120,91,138,163,28,131,132,50,117,106,66,117,100,74,120,90,78,108
64,170,2,2,119,0,1953125,12,0,0,0.96,0,0,NaN,0,0,33,59,36,68,49,61,54,56,63,52,64,44,65,43,75,28,71,27,82,12,76,13,84,9,96,28,106,43,129,67,110,54,128,81,153,164,52,90,171,300,160,207,64,285,345,372,250,185,228,339,385,281,97,317,678,947,1000,785,543,161,122,137,234,201,290,137,190,111,137,84,115,102,111,126,59,110,43,105,36,105,21,102,14,89,19
64,170,2,2,119,0,1953125,12,0,0,0.95,0,0,NaN,0,0,38,25,34,37,25,37,17,38,13,37,22,38,21,39,33,42,33,55,33,53,31,69,35,66,52,84,68,80,99,86,150,101,130,29,128,141,143,140,145,234,147,131,167,293,392,366,317,278,301,324,471,342,106,455,966,985,1000,628,191,27,99,178,118,214,187,168,168,89,95,45,118,86,104,66,81,72,49,58,51,60,35,59,42,40,30
64,170,1,2,119,0,1953125,12,0,0,0.77,0,0,NaN,0,0,57,77,64,64,82,64,74,84,57,77,85,49,76,81,54,81,67,38,82,56,43,76,54,46,82,22,86,93,3,80,149,104,82,47,140,106,85,124,208,252,166,306,185,160,269,374,309,300,428,454,536,510,646,809,1000,814,662,409,375,457,412,199,126,107,216,218,76,76,138,46,118,155,51,111,130,27,98,105,39,105,89,51,112,80,58
64,170,1,2,119,0,1953125,12,0,0,0.96,0,0,NaN,0,0,108,62,117,69,117,66,124,66,131,64,129,55,132,58,127,54,120,42,140,61,128,71,128,69,161,136,167,174,131,172,93,180,190,305,215,413,161,306,111,518,357,656,500,590,744,662,545,51,433,757,894,1000,998,424,451,205,160,96,255,395,629,549,552,379,63,54,294,243,221,270,75,203,58,172,61,197,27,174,42,157,53,153,51,137,70
64,170,2,2,119,0,1953125,12,0,0,0.77,0,0,NaN,0,0,74,62,101,62,78,107,57,101,110,47,110,99,47,120,89,48,117,58,75,120,29,97,110,8,127,132,31,143,107,49,163,40,110,160,98,262,340,156,225,243,160,210,397,277,668,700,391,105,126,298,713,1000,795,984,969,905,874,624,623,716,518,368,220,16,230,325,129,217,208,60,201,170,33,193,141,61,197,115,76,164,70,100,144,36,106
64,170,2,2,119,0,1953125,12,0,0,0.95,0,0,NaN,0,0,81,31,81,54,89,52,80,53,90,79,69,74,62,87,57,98,28,90,33,110,6,104,21,121,28,116,40,137,65,148,145,91,103,102,122,218,273,247,432,224,304,218,143,79,447,338,150,268,431,355,114,345,899,1000,794,589,460,532,226,155,180,388,179,125,116,130,145,92,178,84,170,36,198,55,130,34,155,89,105,77,97,92,89,107,53
64,170,2,2,119,0,1953125,12,0,0,0.95,0,0,NaN,0,0,32,50,47,44,62,15,39,29,62,3,50,30,43,16,62,47,56,41,88,24,69,56,135,50,108,79,127,88,131,163,153,234,149,256,154,197,158,304,332,194,185,64,219,326,483,436,652,850,933,468,367,276,700,854,791,808,1000,747,241,187,316,277,244,134,218,134,206,197,207,210,99,193,121,137,60,130,109,78,87,81,89,34,75,61,62
64,170,2,2,119,0,1953125,12,0,7818,2.36,0,0,NaN,0,0,32,34,26,24,22,27,17,34,21,23,18,26,7,16,20,22,17,16,37,30,25,13,56,30,55,10,54,61,66,28,66,143,67,81,31,142,125,124,62,90,69,57,169,121,289,287,335,94,129,242,458,911,421,286,623,318,1000,991,537,421,285,368,46,174,79,89,74,54,79,47,42,44,20,52,18,16,24,21,25,24,16,16,25,20,3
64,170,2,2,119,0,1953125,12,0,0,0.96,0,0,NaN,0,0,593,636,663,651,640,664,698,699,686,651,664,687,682,636,603,599,620,607,553,533,543,549,550,507,501,560,579,557,544,569,662,707,675,678,748,732,725,745,741,741,862,823,764,792,690,776,917,736,697,864,885,638,386,590,751,722,600,754,1000,647,622,640,709,695,709,709,783,806,779,752,779,812,805,773,775,794,790,777,744,733,737,712,699,687,680
64,170,2,2,119,0,1953125,12,0,0,0.51,0,0,NaN,0,0,11,8,8,13,14,14,9,6,10,17,20,18,12,1,14,23,32,25,17,12,14,24,31,30,15,29,10,51,40,57,63,72,58,160,194,74,192,189,119,222,226,106,210,246,36,409,480,216,363,503,607,764,853,958,531,959,1000,302,300,293,294,253,255,144,201,79,72,18,120,102,102,73,10,42,69,85,64,43,11,37,63,72,63,41,11
64,170,2,2,119,0,1953125,12,0,0,0.96,0,0,NaN,0,0,71,33,64,45,52,61,27,53,34,71,12,52,27,46,12,52,34,49,16,65,7,38,47,123,41,94,55,66,67,154,197,177,189,92,159,81,210,286,537,483,207,77,476,710,546,403,145,436,462,391,343,601,785,1000,717,408,885,841,881,618,599,499,291,314,218,338,314,261,250,184,256,139,176,106,176,115,112,110,106,97,53,95,67,66,50
64,170,2,2,119,0,1953125,12,0,4268,1.75,0,0,NaN,0,0,11,3,8,15,22,20,18,10,21,17,10,6,19,17,5,10,6,8,11,15,2,19,15,10,12,42,6,27,24,58,52,44,92,145,42,242,107,170,26,113,211,118,121,129,448,134,233,399,424,336,1000,463,811,455,271,455,756,671,235,56,382,336,86,334,83,57,24,86,42,66,65,51,71,38,28,18,46,37,28,15,34,32,12,24,31
64,170,2,2,119,0,1953125,12,0,0,0.59,0,0,NaN,0,0,15,13,5,8,16,16,8,6,17,19,12,3,16,23,19,4,17,29,31,15,15,31,32,16,15,3,36,41,26,24,55,34,48,90,66,79,91,104,148,289,278,251,140,52,164,433,558,677,817,678,522,220,392,865,956,1000,676,476,376,86,229,270,140,64,163,97,32,39,64,65,62,35,23,62,64,31,13,46,55,41,12,27,48,48,24
64,170,2,2,119,0,1953125,12,0,0,0.56,0,0,NaN,0,0,19,11,7,16,23,23,15,14,21,25,20,13,14,25,28,21,9,17,38,43,22,4,27,48,54,55,48,97,104,75,106,142,198,212,188,62,173,186,256,400,430,295,159,300,339,610,692,907,1000,694,848,161,829,820,815,987,986,621,729,373,523,273,453,275,110,33,167,213,109,105,48,59,106,114,67,40,78,109,92,55,33,70,94,87,51
64,170,2,2,119,0,1953125,12,0,0,0.95,0,0,NaN,0,0,13,75,42,40,24,55,48,37,54,20,31,45,66,31,45,55,61,44,76,66,81,47,114,48,128,95,199,128,98,109,179,215,119,198,111,246,293,462,337,47,113,417,639,566,731,494,282,339,546,378,63,602,906,961,437,97,613,999,678,645,757,608,334,72,306,282,280,160,240,197,94,157,177,176,33,133,118,103,61,112,99,45,77,89,74
64,170,2,2,119,0,1953125,12,0,0,0.74,0,0,NaN,0,0,72,43,89,74,48,99,82,56,110,85,56,112,83,58,118,84,37,103,71,43,117,65,59,122,69,84,166,97,98,189,116,125,286,239,85,196,206,239,436,465,307,263,142,496,700,804,633,590,459,597,933,999,825,691,844,842,854,339,31,316,167,164,174,33,100,141,130,22,100,66,78,147,100,74,151,118,41,145,118,51,127,106,39,108,81
