71,24,41,57,12,43,46,3,47,40,8,45,33,18,24,32,43,15,49,60,13,68,84,20,94,106,67,139,84,120,224,186,167,326,328,300,467,544,510,566,532,423,665,593,401,724,687,652,1000,944,621,783,916,721,965,811,901,618,446,210,197,227,233,253,331,213,143,167,88,78,142,71,73,121,57,46,85,27,42,58,11,47,38,13,57
23,20,16,26,18,16,10,16,12,8,7,10,8,4,11,20,15,7,22,17,23,12,29,21,26,36,47,43,5,37,25,46,12,65,145,163,159,236,207,206,152,152,254,412,119,258,193,252,386,263,343,296,665,587,1000,350,826,390,404,230,177,144,86,183,126,89,34,53,79,36,64,41,18,46,28,38,25,30,31,19,27,15,27,18,18
77,72,50,36,49,52,71,33,47,41,54,27,30,40,40,13,42,92,45,26,47,126,27,76,83,244,138,225,133,196,139,92,73,102,51,265,263,302,334,212,108,135,90,370,292,141,269,728,954,1000,858,614,593,779,727,458,596,619,721,504,219,170,77,91,231,117,126,47,174,101,81,65,123,63,7,72,124,40,20,53,88,16,50,80,80
70,9,82,27,69,16,72,22,69,23,46,23,30,9,23,24,33,24,45,42,57,9,83,39,104,54,180,190,108,193,65,205,70,180,27,90,170,324,198,208,152,81,91,128,329,245,162,499,960,1000,654,461,743,885,892,666,647,697,554,406,65,30,219,192,243,130,117,93,155,75,83,20,58,74,101,32,27,69,59,30,32,66,37,13,17
20,56,49,69,9,62,27,51,18,18,44,37,16,5,51,33,35,20,50,12,48,25,62,46,50,103,55,217,175,147,127,107,173,40,53,216,268,173,199,169,128,27,44,290,322,161,254,598,802,688,488,521,755,928,1000,706,649,588,547,424,87,22,189,162,169,160,116,124,105,140,8,34,74,64,46,36,72,60,28,19,51,13,64,61,42
68,50,37,59,72,47,36,48,48,50,14,40,41,31,23,52,58,18,44,54,66,32,58,85,114,108,208,129,266,133,96,55,113,158,157,156,301,267,155,206,199,126,201,228,270,321,510,652,815,611,298,582,939,1000,921,784,521,579,382,287,150,52,79,195,114,206,50,149,91,162,99,59,32,80,52,81,40,61,21,80,74,61,34,39,59
60,66,20,61,54,55,40,3,82,23,62,38,73,8,44,52,40,66,37,72,58,101,61,65,138,171,161,209,74,198,82,126,109,109,184,84,90,331,350,149,101,208,212,129,143,304,494,637,815,818,387,405,767,1000,801,750,544,547,301,37,112,191,213,348,196,180,75,197,44,38,131,81,66,45,124,38,90,61,81,32,94,63,46,34,54
75,43,36,56,70,39,41,33,73,34,13,24,41,37,15,39,24,46,3,47,62,71,6,73,45,134,141,152,281,138,106,69,207,260,138,118,263,287,178,178,259,173,148,176,280,338,407,485,658,583,326,526,846,1000,806,633,309,301,222,41,162,344,204,226,158,225,186,88,105,86,107,58,38,76,51,69,52,54,36,58,57,18,16,44,19
98,4,87,51,102,18,59,58,67,34,20,93,24,45,81,99,15,18,98,30,86,26,97,74,105,157,210,202,276,45,100,99,81,268,175,215,176,327,247,238,182,345,179,150,481,643,459,426,787,841,545,611,924,1000,954,734,610,592,193,85,442,398,313,270,286,237,62,82,85,104,140,29,63,88,133,6,22,102,66,69,90,93,46,70,85
79,68,42,49,75,63,45,40,62,46,44,30,45,47,23,29,51,80,29,57,76,106,21,68,74,199,146,176,227,68,117,82,221,284,140,62,180,273,198,108,194,181,216,286,402,520,460,356,430,413,317,530,781,1000,796,547,284,226,205,109,240,433,441,200,198,153,291,100,115,38,156,67,57,41,108,47,77,52,83,13,96,67,64,30,39
105,27,46,73,111,13,50,36,102,34,17,40,73,24,9,64,51,26,7,86,68,56,8,138,72,138,157,177,264,96,65,46,145,271,217,234,218,175,236,226,273,164,314,371,504,568,555,532,541,339,457,749,1000,976,717,652,481,588,405,201,322,448,239,183,130,299,245,95,112,179,215,17,62,91,136,18,86,68,98,27,98,91,96,17,60
74,72,24,56,71,67,16,37,50,78,14,25,51,58,26,9,71,52,18,40,119,52,32,43,108,149,102,222,164,135,172,168,211,14,102,108,14,160,172,143,141,216,140,418,500,607,578,511,529,494,560,839,1000,976,579,724,748,762,428,221,341,364,127,329,238,227,64,262,140,125,73,164,23,10,125,119,34,47,116,55,58,61,57,24,38
91,70,43,59,98,86,28,56,66,69,4,29,80,55,19,58,95,34,43,70,102,12,40,113,185,62,189,71,186,190,19,144,26,217,249,143,201,195,256,163,210,256,361,367,421,517,585,522,477,223,566,825,1000,909,637,750,697,788,561,337,420,457,169,224,191,323,166,145,153,250,182,64,98,114,93,92,110,86,65,87,95,66,34,99,124
76,34,46,58,77,39,33,45,59,47,20,58,52,25,34,45,41,20,42,51,83,34,61,74,87,116,106,251,147,102,76,195,229,47,119,60,114,51,138,102,195,215,108,237,386,469,415,437,536,346,410,745,999,867,597,689,776,790,415,301,481,342,192,245,275,192,137,198,184,120,104,102,46,45,134,65,7,58,87,14,62,68,66,32,33
38,49,52,65,14,36,64,56,27,4,60,23,31,46,26,58,46,49,60,57,52,23,114,25,34,146,143,111,135,64,153,95,103,126,62,157,129,49,107,299,187,99,206,411,237,246,449,515,260,169,242,442,649,723,852,860,1000,705,230,498,741,461,247,133,255,92,35,71,109,189,68,39,112,88,57,52,79,65,103,57,26,55,49,40,62
73,49,40,50,41,72,10,71,24,53,41,31,31,22,27,26,30,22,36,24,57,28,41,37,98,26,116,125,60,164,119,52,142,90,55,101,51,170,88,229,231,223,325,184,83,32,226,265,261,266,203,481,620,837,1000,882,739,574,269,144,287,341,227,257,164,125,162,96,165,54,92,42,75,61,54,74,26,64,12,61,32,53,41,35,39
364,402,376,377,324,274,261,248,230,218,194,161,125,52,94,134,174,134,161,186,249,306,369,412,423,384,440,425,511,619,597,593,513,555,679,585,573,603,590,792,698,482,547,488,795,876,439,441,692,599,358,940,1000,402,596,113,919,865,324,328,651,416,514,476,449,472,459,403,376,359,369,366,340,327,333,294,251,262,221,234,205,160,179,124,87
265,240,282,252,275,285,264,295,260,285,264,269,278,248,283,237,260,239,238,260,214,265,206,264,230,229,318,153,346,277,217,342,246,302,253,436,220,325,542,167,500,555,189,692,282,517,468,125,351,140,580,553,563,999,553,660,493,149,386,87,221,273,118,138,201,154,112,233,166,151,265,130,235,213,197,234,201,242,203,245,225,213,245,193,231
38,56,12,65,42,30,51,8,48,21,36,38,19,33,30,41,13,45,24,43,40,36,67,14,102,77,117,156,90,188,145,58,113,45,143,172,288,377,348,547,521,462,687,556,619,607,298,261,63,166,472,686,951,1000,832,752,480,405,443,247,297,148,80,79,100,154,87,141,167,83,139,104,56,82,18,59,37,40,62,24,57,38,37,45,16
37,30,26,41,29,22,26,24,22,18,9,25,13,13,16,24,18,10,36,13,26,26,38,31,41,62,84,102,1,70,70,21,77,94,126,327,215,340,213,417,488,381,901,590,453,631,130,443,303,378,263,524,704,1000,664,745,595,367,556,618,188,152,62,295,171,131,42,1,96,37,51,40,18,56,53,17,20,32,37,19,25,20,34,21,17
338,317,307,302,284,268,249,233,226,211,211,176,129,89,43,28,65,117,164,224,285,333,364,400,424,376,415,451,460,542,483,605,614,662,834,882,564,749,631,537,794,694,705,380,880,1000,922,738,408,866,110,735,950,687,899,899,855,724,327,370,533,321,536,558,368,466,447,468,404,411,400,378,356,333,321,310,269,250,246,200,230,209,169,181,170
308,353,324,335,367,325,353,367,316,363,358,308,367,338,297,368,309,287,358,268,293,344,241,318,351,218,387,337,255,426,366,232,471,404,180,619,427,157,721,591,172,822,519,518,613,283,341,895,635,588,999,650,576,900,466,414,596,192,518,285,142,357,344,25,347,271,76,301,223,162,343,239,228,359,236,263,342,230,278,325,235,297,315,236,302
296,319,278,324,323,288,344,319,295,350,302,294,347,277,297,334,244,302,312,227,307,288,220,333,270,241,366,238,302,381,242,317,430,210,367,583,145,401,693,243,481,728,106,651,433,53,631,883,459,892,917,482,1000,843,428,619,342,373,465,111,350,379,173,237,347,80,237,298,93,269,311,130,296,288,156,303,260,193,312,257,228,315,247,238,294
22,53,31,26,51,28,31,53,31,36,52,34,41,54,45,54,51,58,69,41,62,80,41,75,101,57,98,103,47,90,128,99,106,200,174,229,287,224,316,389,375,370,431,308,144,289,510,612,863,752,766,843,1000,773,790,549,369,476,339,232,254,229,210,202,207,177,150,151,122,105,150,116,82,130,114,60,97,103,55,73,87,52,63,72,50
53,36,22,59,38,22,65,45,25,60,50,31,51,52,53,51,58,76,55,51,84,57,54,101,64,79,105,38,76,104,64,115,161,126,156,284,199,167,421,390,313,475,341,210,121,225,420,674,857,702,845,847,997,999,946,673,566,498,316,242,210,233,293,294,171,210,219,135,119,170,146,94,137,127,84,109,102,70,90,87,65,77,78,53,66
288,268,325,300,293,338,295,304,340,279,306,329,261,313,314,241,319,292,229,315,270,228,322,239,246,330,223,287,332,241,319,404,225,400,444,134,480,481,60,578,602,29,588,378,250,420,659,271,961,730,411,934,979,682,1000,554,445,480,90,275,281,95,298,377,22,288,316,81,253,278,90,273,271,142,308,279,197,318,272,212,312,247,218,291,222
285,293,263,315,303,287,335,300,293,336,280,292,323,250,293,304,227,304,287,227,309,267,224,318,242,249,311,248,278,325,239,337,383,201,427,418,182,433,539,29,528,523,136,457,444,233,616,659,421,886,691,557,1000,863,669,738,254,394,367,40,305,338,93,361,254,53,303,257,91,291,245,134,302,229,183,311,219,225,313,220,241,302,206,246,278
56,24,30,50,20,29,45,18,32,41,20,35,39,30,41,37,49,48,37,61,58,37,84,72,39,85,59,20,91,74,45,160,113,92,214,146,120,200,286,281,340,334,167,138,216,158,501,560,646,633,634,777,868,1000,772,543,400,296,318,221,169,274,316,257,177,227,189,121,148,117,103,125,88,68,115,85,38,93,81,28,70,68,34,51,52
55,44,16,62,45,15,63,43,19,52,35,28,38,34,42,24,39,54,25,60,72,37,85,69,54,109,87,68,151,119,65,194,117,122,207,94,107,216,235,292,360,287,254,302,387,302,606,499,572,606,605,803,976,1000,923,744,456,379,353,191,208,340,304,298,250,216,170,168,151,91,143,128,52,92,103,33,73,78,27,59,54,26,54,42,24
33,25,48,18,29,38,1,41,35,9,42,30,18,36,28,37,22,33,40,3,53,46,23,67,42,60,119,76,107,157,66,140,175,43,127,94,67,119,148,173,332,330,269,385,528,367,532,430,423,430,556,649,867,1000,789,721,524,324,342,239,162,292,256,219,193,166,132,145,128,39,96,90,5,64,62,8,55,38,19,45,18,39,45,6,44
30,26,28,15,30,27,23,18,18,25,25,4,18,7,12,10,4,19,12,11,22,23,36,16,60,67,16,140,38,96,117,68,68,72,17,221,159,167,17,110,220,83,319,616,662,752,766,278,318,232,517,590,513,1000,605,567,324,334,441,185,215,147,257,217,129,121,107,73,26,105,46,15,39,52,41,35,23,14,17,19,5,11,19,6,20
43,49,42,60,35,41,30,50,24,35,6,49,19,11,28,31,28,18,66,65,22,17,70,60,69,37,88,149,90,44,85,97,193,116,185,168,92,151,245,492,463,335,246,326,595,544,533,353,500,571,481,383,398,442,540,575,764,1000,906,797,467,106,123,240,89,128,100,131,98,68,72,30,89,101,28,19,46,68,22,42,56,79,30,25,45
290,294,280,263,241,211,188,150,128,118,118,110,86,83,53,51,34,82,121,172,188,247,282,293,293,305,318,308,363,377,401,444,488,528,484,519,515,504,548,417,658,361,464,257,610,622,572,1000,535,757,378,291,624,547,613,611,461,704,302,390,439,312,337,340,327,333,305,292,302,315,270,269,247,248,223,208,196,187,182,157,149,160,174,136,121
23,38,46,7,38,33,13,46,26,26,47,24,27,39,31,34,23,45,38,21,65,37,46,75,36,77,111,73,133,145,65,152,159,26,132,93,18,165,177,216,371,319,333,483,560,500,667,478,644,563,394,583,772,1000,902,851,622,512,388,244,176,305,262,280,224,160,128,136,91,52,104,59,39,83,45,36,68,30,44,48,17,54,41,24,58
36,59,22,35,53,20,34,46,15,41,39,17,43,36,29,35,37,46,32,51,83,40,69,101,52,71,104,83,87,123,53,132,140,41,168,109,45,186,296,237,333,384,299,318,488,434,624,644,715,687,546,535,745,1000,858,744,579,442,279,211,88,272,303,248,181,217,133,96,136,75,82,112,58,56,105,58,41,81,52,33,60,36,33,42,19
28,50,31,29,50,19,36,43,8,37,33,13,39,22,27,30,20,40,17,51,64,9,81,66,27,93,78,60,126,68,79,133,44,131,172,85,171,266,295,376,463,342,377,334,357,489,739,777,1000,841,572,595,887,593,656,485,186,411,197,124,266,327,261,263,218,147,145,118,46,101,90,2,76,77,11,56,59,22,55,30,44,59,16,48,63
28,50,31,29,50,19,36,43,8,37,33,13,39,22,27,30,20,40,17,51,64,9,81,66,27,93,78,60,126,68,79,133,44,131,172,85,171,266,295,376,463,342,377,334,357,489,739,777,1000,841,572,595,887,593,656,485,186,411,197,124,266,327,261,263,218,147,145,118,46,101,90,2,76,77,11,56,59,22,55,30,44,59,16,48,63
30,28,29,36,29,21,25,25,17,9,10,16,10,13,15,33,17,8,24,24,41,20,55,39,22,35,55,24,47,47,12,65,51,58,87,110,129,199,204,114,335,223,266,119,344,498,553,747,876,1000,499,423,858,256,601,338,164,564,248,230,143,66,152,158,119,168,20,78,55,98,39,22,29,34,50,25,41,32,51,24,36,32,35,30,24
796,813,829,848,855,860,866,869,866,864,857,851,842,827,814,801,787,775,764,753,747,741,746,746,744,763,774,783,809,828,836,874,882,900,923,936,910,965,965,955,1000,976,986,909,910,908,888,878,893,844,832,712,647,744,604,618,618,570,527,504,485,462,430,410,471,506,506,532,546,556,584,594,616,643,671,696,707,718,724,715,711,696,696,675,673
34,25,16,21,28,19,9,10,12,14,15,7,9,11,3,19,6,11,5,9,41,22,20,26,24,44,8,43,50,84,37,104,51,65,97,207,159,207,280,126,363,306,352,365,324,324,451,899,924,1000,557,235,788,295,603,133,314,265,277,269,238,57,222,223,119,196,68,97,78,83,66,32,26,42,57,35,37,21,41,33,23,33,25,29,20
46,73,34,71,51,61,26,41,55,19,41,31,65,3,12,32,34,54,41,63,58,65,65,48,122,143,36,141,241,105,178,90,109,210,180,121,255,415,399,466,268,206,368,432,583,559,525,632,688,1000,860,517,383,710,776,844,635,457,340,52,179,413,315,152,167,167,3,70,53,76,102,81,74,44,108,58,60,10,86,19,55,34,48,19,52
46,73,34,71,51,61,26,41,55,19,41,31,65,3,12,32,34,54,41,63,58,65,65,48,122,143,36,141,241,105,178,90,109,210,180,121,255,415,399,466,268,206,368,432,583,559,525,632,688,1000,860,517,383,710,776,844,635,457,340,52,179,413,315,152,167,167,3,70,53,76,102,81,74,44,108,58,60,10,86,19,55,34,48,19,52
48,55,34,109,62,33,24,84,61,22,34,58,42,40,74,77,23,16,82,68,67,33,111,142,124,87,216,135,69,130,61,175,343,225,186,194,368,353,427,376,84,247,222,452,624,569,727,742,847,964,664,380,434,755,854,1000,801,614,501,179,37,331,435,309,283,151,150,113,138,69,142,22,52,86,133,18,19,100,131,29,19,77,98,23,31
39,82,80,64,44,50,85,48,38,28,64,65,15,34,44,39,12,39,92,49,40,55,98,83,76,89,285,240,157,233,72,145,213,128,314,366,281,327,602,601,320,251,419,891,871,841,654,540,808,725,684,739,823,903,1000,784,772,728,580,554,339,229,330,454,259,105,73,111,133,79,13,95,127,94,11,74,68,69,4,51,25,109,94,51,18
80,68,48,53,61,60,54,25,53,53,32,24,46,58,8,14,57,62,23,30,95,44,80,18,146,160,65,208,193,163,271,118,237,135,26,249,325,293,501,498,336,253,253,724,888,1000,633,521,725,910,842,571,701,990,829,855,946,919,852,369,139,269,303,306,331,131,134,111,108,65,16,148,85,54,44,154,69,34,37,85,14,70,66,61,22
45,40,56,54,48,10,72,22,53,11,52,22,22,35,6,68,37,55,42,54,56,28,101,58,59,91,89,138,216,98,180,75,78,186,96,133,241,341,382,494,299,39,104,438,650,634,690,632,949,922,617,364,760,962,1000,717,678,584,419,167,219,240,323,163,69,69,123,38,82,67,56,44,21,96,34,62,71,90,30,57,67,40,55,50,20
100,28,52,63,117,26,47,32,82,43,2,56,73,6,10,64,82,5,8,91,107,7,27,105,200,117,111,210,146,96,177,112,278,229,119,198,437,480,416,518,439,81,157,471,776,718,790,845,857,957,754,542,738,1000,947,944,728,480,567,357,260,168,325,294,350,195,75,79,132,98,107,119,76,79,92,121,77,89,27,92,52,54,11,66,50
71,50,62,56,49,57,35,57,5,55,18,64,34,44,45,36,33,12,66,11,49,51,68,48,12,170,123,160,145,12,108,114,79,191,62,45,252,347,313,394,305,161,217,473,563,502,486,450,837,845,693,474,652,882,1000,745,603,501,476,287,90,195,386,267,179,63,124,49,122,8,109,18,56,55,86,16,40,57,31,18,10,46,2,37,42
47,57,59,44,39,42,54,42,17,41,35,33,28,50,42,21,27,45,66,20,27,44,81,38,79,34,184,194,76,145,91,82,105,36,148,204,203,222,428,489,212,105,329,692,602,383,201,592,965,906,755,666,833,981,1000,695,216,339,505,612,407,255,321,338,143,81,21,158,85,61,28,117,95,41,12,65,51,44,39,16,47,63,31,10,28
42,50,51,39,52,14,72,21,43,8,40,21,15,46,10,59,38,51,39,21,50,20,81,18,17,120,107,127,128,59,97,109,85,209,101,141,133,289,412,510,239,32,224,527,571,522,397,274,726,837,764,366,477,848,1000,756,581,303,208,27,185,221,298,172,194,63,21,53,54,88,25,20,83,86,21,27,103,58,50,43,67,16,75,62,41
29,62,59,12,26,58,54,14,20,44,51,4,7,47,27,14,28,79,38,16,31,83,25,56,45,143,118,39,102,132,4,123,65,123,128,164,171,269,316,224,151,67,225,436,454,470,290,491,681,683,545,313,552,880,1000,774,567,363,356,283,16,129,306,316,141,84,77,141,15,52,61,109,21,43,43,76,24,36,25,38,17,38,16,7,29
54,70,27,35,50,64,21,29,33,41,29,7,38,6,47,38,59,8,39,28,37,59,57,71,93,33,114,106,70,189,109,87,69,83,106,132,151,243,360,298,211,159,189,370,402,422,209,440,586,620,596,626,783,1000,877,601,477,371,456,254,113,270,339,206,204,25,122,39,119,43,118,31,98,25,86,44,91,11,48,43,75,18,30,30,35
52,62,53,60,63,37,63,28,41,20,25,38,24,24,21,38,12,43,45,33,22,46,62,64,22,107,80,58,166,77,181,144,138,188,48,70,231,416,444,550,284,85,317,667,635,405,296,414,734,702,670,827,953,1000,987,709,536,474,406,428,199,101,166,178,124,193,46,81,22,114,41,42,27,93,53,29,60,108,32,36,23,68,21,31,53
41,50,19,61,20,60,6,38,27,45,8,13,46,36,26,13,72,33,36,29,65,10,32,73,93,75,135,48,143,109,53,115,38,178,89,66,180,285,308,423,232,91,158,464,461,471,276,395,532,555,585,664,809,1000,820,654,564,534,558,335,271,94,52,182,184,143,106,91,116,76,70,98,74,53,38,79,34,37,26,84,34,23,28,44,10
49,61,40,47,26,75,31,30,26,49,30,1,40,27,26,21,65,22,21,33,51,51,36,87,94,77,151,47,132,149,36,151,51,210,118,20,170,360,332,454,273,48,177,515,461,294,117,431,667,641,692,864,929,1000,811,486,541,502,609,391,284,224,99,205,252,105,106,71,163,60,56,94,122,34,35,73,67,18,16,52,55,25,19,33,9
40,59,35,60,34,38,39,52,16,39,29,53,15,20,41,27,35,17,48,8,62,20,79,20,113,29,91,123,43,141,101,152,174,110,156,104,111,342,406,343,296,87,370,574,693,387,211,320,699,780,717,883,999,898,818,615,713,697,575,477,189,190,137,103,241,226,34,26,135,167,35,3,105,120,37,11,64,38,63,51,58,34,41,32,18
61,55,58,17,65,28,54,21,29,36,23,36,23,54,18,45,48,53,34,13,75,20,79,17,113,82,73,168,65,181,54,125,55,34,170,220,179,286,270,227,310,156,228,488,715,538,405,347,737,749,594,706,913,1000,967,680,698,518,494,296,143,261,303,327,324,48,95,141,153,65,65,118,75,84,45,77,34,51,24,6,51,40,19,17,12
60,42,52,54,54,27,51,36,43,25,28,47,6,24,23,53,3,32,38,32,37,33,51,92,30,165,132,118,155,49,92,122,91,200,29,38,266,400,294,256,150,276,237,352,452,385,399,432,857,949,702,497,735,939,1000,778,650,655,534,449,356,384,512,347,215,114,108,47,102,25,98,32,48,42,61,43,22,76,21,32,12,33,27,49,28
38,130,37,74,27,130,58,51,25,81,28,37,56,95,13,38,83,110,12,32,108,122,51,94,99,202,170,102,283,222,158,257,181,252,137,331,391,589,461,215,202,171,369,565,709,856,594,775,911,1000,977,704,658,942,951,705,694,551,732,676,433,488,580,385,282,163,109,140,52,41,152,168,26,29,90,123,38,14,39,38,75,57,46,13,58
73,47,66,30,73,40,59,28,50,44,68,49,49,41,54,56,32,60,37,86,27,84,32,76,86,81,92,188,101,249,122,167,83,94,24,257,268,358,428,261,170,123,268,442,509,619,387,326,510,782,1000,940,917,924,717,600,521,412,518,365,281,280,198,196,278,130,174,68,80,13,88,18,95,29,58,18,91,40,52,3,63,31,33,37,75
80,61,33,101,45,75,7,80,34,50,53,37,68,36,60,28,69,27,19,91,46,72,13,73,128,153,158,232,63,144,144,196,316,109,139,246,420,565,701,419,285,147,454,434,535,648,416,352,488,989,1000,777,763,826,740,727,438,537,380,219,195,271,310,449,262,244,123,128,112,111,103,132,16,56,108,73,22,61,75,48,34,35,33,59,39
47,35,78,48,30,76,41,27,56,24,38,43,25,52,29,37,54,25,54,49,32,71,33,64,90,27,99,99,4,142,171,94,214,236,195,379,334,281,558,591,400,640,536,284,325,430,722,849,836,638,401,558,754,837,1000,731,579,476,331,232,308,187,312,342,216,249,216,117,137,166,122,101,149,103,73,100,69,50,74,34,44,66,30,47,64
382,345,357,364,321,346,336,304,334,309,306,340,301,328,346,310,360,349,324,373,351,338,388,335,363,388,330,386,371,324,435,336,280,450,320,274,495,219,314,584,257,365,516,64,308,452,180,583,629,216,619,623,287,1000,554,480,833,377,480,525,287,486,634,235,528,562,317,461,502,333,475,460,327,471,420,338,431,357,335,391,323,347,372,317,371
55,6,47,50,2,42,40,8,39,33,20,41,34,32,40,36,50,37,44,56,31,53,71,33,68,87,28,85,107,34,147,175,76,196,275,231,290,340,340,379,402,392,369,456,350,310,632,563,541,514,407,668,960,1000,822,826,557,492,239,216,163,336,348,284,248,232,162,168,169,106,165,154,81,123,148,69,73,113,70,52,87,62,53,61,49
12,53,53,5,48,41,10,46,28,25,48,25,37,47,28,46,43,46,59,23,52,73,15,93,85,17,117,90,40,139,140,107,199,212,193,343,267,210,447,491,404,557,577,387,339,405,521,594,619,422,383,816,949,1000,816,533,394,508,159,227,219,245,260,290,158,186,210,156,105,159,159,87,128,125,77,85,87,55,79,75,39,74,74,28,63
29,35,60,24,31,52,15,35,42,16,42,39,28,48,34,44,50,36,59,42,29,75,48,59,98,43,88,112,49,109,181,119,147,236,201,284,323,273,395,513,466,467,513,393,208,330,527,552,636,548,331,685,1000,936,945,641,317,359,119,52,177,263,246,240,191,158,159,166,107,131,173,94,91,137,94,45,100,79,36,70,53,37,64,38,41
9,50,56,5,50,52,3,45,41,13,44,29,29,43,22,40,35,30,56,28,42,58,10,79,63,29,101,63,60,151,117,125,211,194,182,364,251,253,475,464,436,570,559,298,298,333,377,589,557,439,384,535,785,787,1000,567,541,436,307,285,237,141,292,251,194,229,193,102,134,171,116,95,121,88,64,77,53,54,61,28,44,60,28,36,57
9,50,56,5,50,52,3,45,41,13,44,29,29,43,22,40,35,30,56,28,42,58,10,79,63,29,101,63,60,151,117,125,211,194,182,364,251,253,475,464,436,570,559,298,298,333,377,589,557,439,384,535,785,787,1000,567,541,436,307,285,237,141,292,251,194,229,193,102,134,171,116,95,121,88,64,77,53,54,61,28,44,60,28,36,57
59,70,27,61,65,3,55,47,22,51,30,40,46,19,44,37,36,40,29,75,63,33,99,43,53,90,20,94,56,93,204,156,142,338,301,365,508,472,499,636,653,596,834,693,453,551,376,446,699,736,644,716,854,517,1000,573,810,757,668,835,767,283,251,141,162,139,189,131,140,193,112,72,132,67,48,97,41,63,75,29,78,62,28,78,53
59,70,27,61,65,3,55,47,22,51,30,40,46,19,44,37,36,40,29,75,63,33,99,43,53,90,20,94,56,93,204,156,142,338,301,365,508,472,499,636,653,596,834,693,453,551,376,446,699,736,644,716,854,517,1000,573,810,757,668,835,767,283,251,141,162,139,189,131,140,193,112,72,132,67,48,97,41,63,75,29,78,62,28,78,53
41,61,52,50,38,40,64,59,36,17,55,38,6,35,32,37,45,67,33,29,55,21,119,60,113,17,126,101,52,195,119,183,175,119,179,226,206,341,263,175,191,34,161,325,471,257,268,489,836,663,319,432,649,531,523,750,1000,718,435,59,170,92,181,309,306,108,68,131,144,160,82,64,132,123,18,13,101,45,71,80,83,20,58,32,16
41,61,52,50,38,40,64,59,36,17,55,38,6,35,32,37,45,67,33,29,55,21,119,60,113,17,126,101,52,195,119,183,175,119,179,226,206,341,263,175,191,34,161,325,471,257,268,489,836,663,319,432,649,531,523,750,1000,718,435,59,170,92,181,309,306,108,68,131,144,160,82,64,132,123,18,13,101,45,71,80,83,20,58,32,16
36,70,46,67,19,59,49,45,23,27,53,65,42,32,52,49,46,24,70,20,73,14,103,56,70,117,25,140,133,137,223,76,121,168,64,191,266,180,282,344,125,83,342,592,431,323,216,591,693,564,364,418,603,905,1000,956,960,659,535,274,191,124,97,133,272,124,46,35,146,98,54,79,112,66,78,72,93,46,55,42,39,35,60,36,31
36,70,46,67,19,59,49,45,23,27,53,65,42,32,52,49,46,24,70,20,73,14,103,56,70,117,25,140,133,137,223,76,121,168,64,191,266,180,282,344,125,83,342,592,431,323,216,591,693,564,364,418,603,905,1000,956,960,659,535,274,191,124,97,133,272,124,46,35,146,98,54,79,112,66,78,72,93,46,55,42,39,35,60,36,31
59,38,63,41,59,20,61,42,34,24,27,45,15,26,10,56,26,55,26,57,13,67,45,128,37,131,62,84,143,54,196,177,74,162,100,68,303,329,297,357,148,161,304,567,433,252,234,521,689,488,263,377,601,823,1000,933,966,700,511,323,141,147,162,144,254,139,47,23,115,121,94,60,73,88,90,36,50,56,46,23,28,64,26,41,58
31,56,51,57,39,34,44,58,21,28,20,45,30,27,7,63,33,50,35,63,25,48,84,115,60,114,18,142,115,116,196,49,203,99,151,209,207,252,377,194,183,64,374,430,571,346,265,408,734,720,378,388,628,625,746,817,1000,871,566,378,216,248,169,186,286,151,109,112,173,135,103,59,55,142,87,38,32,107,28,48,69,71,20,58,48
76,30,84,41,62,26,75,26,65,15,54,33,8,28,22,59,34,66,29,55,52,44,111,112,102,141,25,143,164,98,259,116,224,179,64,131,353,335,383,381,123,172,387,664,524,404,342,660,980,886,740,569,599,834,989,909,1000,792,688,494,194,198,187,108,207,83,87,25,115,73,119,67,106,60,122,55,69,63,92,46,39,58,63,7,27
38,87,29,60,22,80,16,63,22,82,14,32,24,32,31,19,66,13,52,14,62,58,115,65,145,38,148,92,40,214,169,174,200,138,159,173,270,405,433,128,82,238,440,375,314,328,192,562,809,988,999,731,640,757,735,730,719,553,606,409,286,287,192,205,245,53,87,55,108,36,62,81,92,49,73,64,79,33,31,52,30,61,59,30,10
8,48,55,4,49,53,4,49,51,13,45,49,32,43,40,56,47,39,73,47,36,82,60,58,110,87,117,151,106,151,234,175,160,288,266,284,435,411,383,462,459,524,626,586,393,479,615,522,719,824,708,663,1000,511,566,472,426,469,491,338,482,324,232,190,239,189,109,159,161,121,163,139,90,145,132,50,102,110,40,72,84,44,55,63,37
8,48,55,4,49,53,4,49,51,13,45,49,32,43,40,56,47,39,73,47,36,82,60,58,110,87,117,151,106,151,234,175,160,288,266,284,435,411,383,462,459,524,626,586,393,479,615,522,719,824,708,663,1000,511,566,472,426,469,491,338,482,324,232,190,239,189,109,159,161,121,163,139,90,145,132,50,102,110,40,72,84,44,55,63,37
9,56,51,5,52,41,12,52,32,24,50,29,33,49,30,46,38,45,61,20,51,74,18,81,86,22,123,75,49,137,104,71,170,194,151,345,278,218,379,454,368,554,601,413,352,256,392,411,611,543,617,871,895,1000,840,637,550,493,238,207,260,146,232,279,167,180,205,153,107,175,156,73,131,134,73,81,90,52,63,65,38,66,55,23,63
9,56,51,5,52,41,12,52,32,24,50,29,33,49,30,46,38,45,61,20,51,74,18,81,86,22,123,75,49,137,104,71,170,194,151,345,278,218,379,454,368,554,601,413,352,256,392,411,611,543,617,871,895,1000,840,637,550,493,238,207,260,146,232,279,167,180,205,153,107,175,156,73,131,134,73,81,90,52,63,65,38,66,55,23,63
421,397,369,403,364,357,381,338,357,367,329,370,354,335,387,348,360,404,353,388,421,363,419,419,372,441,368,398,427,348,406,456,302,409,496,124,504,446,46,511,555,127,664,424,240,419,343,336,778,258,525,1000,577,934,938,202,752,623,408,545,296,391,683,570,363,638,529,389,582,442,400,540,403,427,509,390,438,447,365,420,395,352,404,370,374
37,38,39,32,45,45,41,37,41,46,29,28,29,27,26,25,32,35,28,31,22,54,70,43,67,65,119,98,110,46,133,47,96,45,110,359,95,137,208,261,218,636,374,371,250,401,470,465,783,914,604,1000,905,823,674,216,792,190,740,155,251,137,166,274,125,208,73,13,94,27,14,74,27,31,62,17,19,14,25,6,22,14,29,28,21
37,38,39,32,45,45,41,37,41,46,29,28,29,27,26,25,32,35,28,31,22,54,70,43,67,65,119,98,110,46,133,47,96,45,110,359,95,137,208,261,218,636,374,371,250,401,470,465,783,914,604,1000,905,823,674,216,792,190,740,155,251,137,166,274,125,208,73,13,94,27,14,74,27,31,62,17,19,14,25,6,22,14,29,28,21
814,802,788,775,762,750,738,730,719,716,712,717,723,727,735,744,762,764,775,789,798,816,815,817,831,822,823,816,814,817,786,778,763,748,754,717,661,669,635,608,636,581,556,576,654,621,569,582,575,569,716,892,757,776,755,766,878,849,896,959,997,999,968,955,999,965,961,970,966,963,954,939,927,909,886,861,834,815,802,792,792,788,788,790,785
814,802,788,775,762,750,738,730,719,716,712,717,723,727,735,744,762,764,775,789,798,816,815,817,831,822,823,816,814,817,786,778,763,748,754,717,661,669,635,608,636,581,556,576,654,621,569,582,575,569,716,892,757,776,755,766,878,849,896,959,997,999,968,955,999,965,961,970,966,963,954,939,927,909,886,861,834,815,802,792,792,788,788,790,785
59,22,79,50,31,78,38,41,72,30,46,63,36,50,44,59,61,31,79,62,17,95,65,65,114,55,159,170,92,233,264,168,292,390,285,466,532,428,535,616,506,612,749,518,551,557,550,634,822,909,861,952,992,622,1000,388,786,745,670,615,459,252,242,263,282,267,269,191,180,239,163,98,179,132,54,118,90,46,88,44,55,75,32,59,79
23,63,77,14,66,69,4,60,57,18,58,42,39,53,28,57,49,41,67,19,50,72,17,108,88,80,199,123,167,289,204,225,341,311,300,558,470,452,580,476,385,640,639,593,649,436,354,517,634,855,892,989,934,856,1000,339,894,619,764,821,461,277,322,241,228,276,216,148,228,208,103,154,158,76,91,102,58,76,65,35,75,59,32,76,56
23,63,77,14,66,69,4,60,57,18,58,42,39,53,28,57,49,41,67,19,50,72,17,108,88,80,199,123,167,289,204,225,341,311,300,558,470,452,580,476,385,640,639,593,649,436,354,517,634,855,892,989,934,856,1000,339,894,619,764,821,461,277,322,241,228,276,216,148,228,208,103,154,158,76,91,102,58,76,65,35,75,59,32,76,56
827,807,788,773,764,755,748,734,721,714,714,722,730,737,740,745,755,762,782,800,810,813,816,812,827,825,839,830,815,815,784,777,765,753,761,718,669,647,646,605,641,631,605,494,587,622,614,658,614,635,656,732,852,705,781,764,906,913,892,917,959,963,963,965,988,1000,994,975,964,956,953,938,923,904,884,860,840,827,814,804,789,785,776,777,780
827,807,788,773,764,755,748,734,721,714,714,722,730,737,740,745,755,762,782,800,810,813,816,812,827,825,839,830,815,815,784,777,765,753,761,718,669,647,646,605,641,631,605,494,587,622,614,658,614,635,656,732,852,705,781,764,906,913,892,917,959,963,963,965,988,1000,994,975,964,956,953,938,923,904,884,860,840,827,814,804,789,785,776,777,780
46,15,47,22,29,36,14,42,8,37,31,24,32,26,40,22,39,29,45,32,27,45,17,73,31,91,102,63,125,81,8,56,133,147,196,376,301,344,362,231,233,211,185,379,302,234,183,128,194,448,582,552,579,426,646,788,999,796,790,598,415,395,267,334,186,125,143,61,142,108,109,137,68,100,69,42,57,16,49,30,34,42,26,38,30
46,15,47,22,29,36,14,42,8,37,31,24,32,26,40,22,39,29,45,32,27,45,17,73,31,91,102,63,125,81,8,56,133,147,196,376,301,344,362,231,233,211,185,379,302,234,183,128,194,448,582,552,579,426,646,788,999,796,790,598,415,395,267,334,186,125,143,61,142,108,109,137,68,100,69,42,57,16,49,30,34,42,26,38,30
49,52,12,74,49,39,13,52,35,48,28,47,21,41,43,33,42,28,62,11,84,36,77,19,98,54,21,115,139,106,199,155,281,113,116,91,191,213,357,182,187,240,568,552,467,294,293,274,229,298,658,879,1000,843,515,463,345,409,348,223,240,185,57,121,110,156,78,94,52,114,113,60,5,50,96,70,19,37,62,45,27,26,44,36,11
49,52,12,74,49,39,13,52,35,48,28,47,21,41,43,33,42,28,62,11,84,36,77,19,98,54,21,115,139,106,199,155,281,113,116,91,191,213,357,182,187,240,568,552,467,294,293,274,229,298,658,879,1000,843,515,463,345,409,348,223,240,185,57,121,110,156,78,94,52,114,113,60,5,50,96,70,19,37,62,45,27,26,44,36,11
72,49,49,66,66,57,40,61,71,35,52,57,64,19,26,60,40,50,33,113,52,72,22,109,95,69,65,163,69,288,175,296,183,197,175,88,82,385,413,200,53,491,788,743,673,289,232,313,447,496,605,813,999,853,635,642,486,541,288,99,59,212,198,88,67,194,144,87,53,150,163,55,29,57,122,89,19,25,85,94,37,24,44,50,25
72,49,49,66,66,57,40,61,71,35,52,57,64,19,26,60,40,50,33,113,52,72,22,109,95,69,65,163,69,288,175,296,183,197,175,88,82,385,413,200,53,491,788,743,673,289,232,313,447,496,605,813,999,853,635,642,486,541,288,99,59,212,198,88,67,194,144,87,53,150,163,55,29,57,122,89,19,25,85,94,37,24,44,50,25
38,87,57,68,33,60,62,68,29,42,55,60,24,10,67,31,27,48,89,11,46,84,131,10,62,97,40,180,114,282,176,246,238,208,186,173,189,390,329,213,157,415,581,671,691,268,30,280,603,608,673,1000,978,635,453,497,823,646,468,181,251,298,149,215,312,161,12,120,259,154,21,71,166,124,55,61,86,83,102,73,72,61,59,26,12
24,60,81,19,62,74,8,58,55,17,59,48,42,54,33,58,50,40,66,27,57,65,35,122,67,103,190,75,173,259,170,255,313,228,324,551,408,489,614,452,417,703,617,735,734,604,724,703,657,823,772,651,767,507,676,327,896,729,991,999,733,439,367,108,211,269,119,181,242,147,109,153,100,88,92,50,84,83,22,74,75,17,73,76,35
24,60,81,19,62,74,8,58,55,17,59,48,42,54,33,58,50,40,66,27,57,65,35,122,67,103,190,75,173,259,170,255,313,228,324,551,408,489,614,452,417,703,617,735,734,604,724,703,657,823,772,651,767,507,676,327,896,729,991,999,733,439,367,108,211,269,119,181,242,147,109,153,100,88,92,50,84,83,22,74,75,17,73,76,35
24,71,45,27,63,33,37,64,24,48,63,26,53,58,43,57,49,68,66,35,89,80,52,142,107,93,185,111,121,224,187,216,305,268,303,463,384,338,610,560,466,700,583,372,358,286,434,625,707,731,721,772,958,904,1000,713,663,642,464,361,373,315,430,394,221,287,276,158,178,219,158,112,162,127,98,111,84,74,93,64,57,88,52,42,77
24,71,45,27,63,33,37,64,24,48,63,26,53,58,43,57,49,68,66,35,89,80,52,142,107,93,185,111,121,224,187,216,305,268,303,463,384,338,610,560,466,700,583,372,358,286,434,625,707,731,721,772,958,904,1000,713,663,642,464,361,373,315,430,394,221,287,276,158,178,219,158,112,162,127,98,111,84,74,93,64,57,88,52,42,77
20,65,40,23,61,31,33,59,24,43,59,26,51,54,38,53,48,60,61,33,79,78,46,128,94,78,167,101,106,197,156,174,249,228,252,403,340,313,545,501,418,619,497,300,256,233,350,550,599,635,680,751,909,854,1000,677,664,597,442,311,283,259,394,365,212,261,239,134,162,197,142,103,144,115,90,102,78,69,83,60,55,81,49,40,72
20,65,40,23,61,31,33,59,24,43,59,26,51,54,38,53,48,60,61,33,79,78,46,128,94,78,167,101,106,197,156,174,249,228,252,403,340,313,545,501,418,619,497,300,256,233,350,550,599,635,680,751,909,854,1000,677,664,597,442,311,283,259,394,365,212,261,239,134,162,197,142,103,144,115,90,102,78,69,83,60,55,81,49,40,72
35,45,77,30,46,71,21,44,56,13,47,41,31,51,27,45,49,30,59,32,39,75,18,107,97,44,163,124,84,219,209,164,272,283,255,444,406,341,547,529,398,635,586,285,240,153,237,573,699,794,753,774,885,717,1000,389,663,564,588,507,394,241,423,327,251,300,232,136,190,191,106,115,143,81,71,95,58,66,65,26,61,63,15,62,62
59,30,81,49,34,76,38,40,68,20,50,58,27,52,37,45,57,23,68,48,28,86,27,109,116,53,183,134,102,258,234,187,320,326,267,494,421,358,548,556,423,683,625,414,433,313,317,672,796,933,918,874,939,667,1000,436,950,815,910,897,538,301,419,287,235,321,231,154,240,209,102,149,149,85,99,93,64,87,55,48,86,50,40,90,59
17,51,55,18,63,56,12,55,44,9,40,28,29,27,26,46,25,33,42,20,47,17,44,68,18,130,94,66,196,151,127,271,196,218,374,399,326,480,459,354,516,625,502,588,413,511,507,531,539,956,778,661,876,438,652,502,838,804,1000,855,538,320,275,62,278,241,103,234,180,86,149,100,52,104,49,53,88,22,64,70,18,59,53,24,39
26,33,32,23,23,32,36,35,25,33,28,25,13,23,27,20,18,27,30,22,17,36,46,44,48,32,121,40,87,112,38,99,52,88,13,278,125,92,153,220,136,451,347,447,295,319,248,299,36,646,147,117,606,369,914,215,1000,232,735,665,352,209,149,245,122,91,46,106,45,17,37,73,32,36,50,14,27,2,24,20,21,21,26,24,21
28,65,72,97,22,49,71,65,46,15,90,29,48,43,68,30,39,94,37,91,25,73,81,150,89,169,90,191,82,50,287,204,412,456,422,290,275,472,660,560,76,386,674,896,640,328,31,451,781,711,674,831,886,987,1000,726,652,346,301,145,275,142,63,88,257,198,56,116,60,156,79,90,39,125,63,32,49,119,29,46,57,82,31,56,63
831,815,794,772,762,749,748,738,728,719,713,720,730,740,742,745,753,766,785,801,809,812,811,815,828,842,831,830,815,792,804,788,780,759,707,708,688,672,651,676,598,575,592,651,567,560,632,591,620,664,723,726,690,780,812,900,833,846,895,941,984,976,959,970,991,987,1000,987,978,961,948,933,922,910,889,864,842,826,820,805,800,785,775,782,788
22,20,17,8,15,15,18,16,13,16,19,15,2,14,18,12,2,6,16,11,4,10,22,20,5,60,92,62,97,86,39,109,49,19,52,292,144,184,173,128,60,437,419,548,579,562,623,97,346,513,148,36,592,549,845,307,1000,160,825,801,491,383,120,335,71,77,47,126,49,38,63,76,32,55,66,34,51,21,36,38,32,18,27,25,15
64,44,67,51,34,65,61,45,40,56,42,31,4,38,20,15,53,17,59,9,74,41,93,69,120,66,113,80,19,166,96,341,249,391,198,162,118,448,441,517,109,358,603,838,643,405,538,616,424,339,650,1000,947,896,787,497,477,262,146,125,373,224,128,113,263,103,105,81,190,24,59,73,110,75,52,81,56,71,37,23,47,74,22,18,39
44,78,82,38,16,89,59,52,28,77,42,47,35,65,21,56,69,68,49,41,80,20,139,84,128,47,127,47,85,118,284,149,323,235,349,131,215,317,522,304,158,369,669,624,300,315,568,497,170,160,578,933,940,1000,933,631,534,321,242,38,274,208,216,79,230,199,151,62,161,140,70,42,113,61,49,28,112,44,54,58,89,15,65,62,48
61,35,22,91,51,29,19,60,37,42,40,41,41,46,50,25,53,29,52,45,55,25,14,127,67,88,31,120,86,89,110,216,158,354,229,208,115,424,369,318,101,513,566,528,297,347,409,372,103,423,645,882,1000,925,875,721,395,375,178,174,59,179,60,100,50,169,86,37,18,105,95,19,47,41,80,38,19,27,65,30,13,23,36,29,47
63,38,26,65,52,51,11,55,41,51,22,30,49,57,46,9,64,18,44,52,96,10,15,102,55,125,96,160,99,106,46,161,177,419,280,224,160,499,400,314,161,545,505,358,229,415,353,241,106,446,521,637,889,1000,918,799,414,224,106,102,57,147,147,58,122,64,178,49,113,48,163,55,57,38,104,5,60,49,61,36,64,54,38,41,42
97,25,39,60,98,22,31,44,57,37,29,60,49,25,24,58,37,48,42,86,54,50,42,56,112,130,64,113,138,75,132,108,323,378,206,156,222,408,256,216,172,453,377,308,128,280,249,287,165,394,566,636,836,1000,922,853,586,315,247,37,106,230,301,151,169,22,122,49,50,59,56,87,42,76,68,52,33,44,32,46,38,10,15,63,60
68,74,63,42,41,90,86,28,35,69,60,21,5,85,48,47,29,111,33,52,66,161,44,107,36,177,78,59,137,254,69,276,249,445,301,42,118,409,383,111,68,358,512,324,225,281,310,120,83,213,558,724,788,1000,966,806,747,511,430,222,78,94,264,203,112,121,145,160,47,119,90,153,48,47,44,81,41,61,28,48,36,73,52,52,5
50,90,51,45,28,114,46,47,15,92,34,25,62,70,20,41,98,50,58,64,131,15,137,105,186,14,119,33,66,201,271,217,289,257,379,79,128,337,497,215,46,372,590,380,205,393,470,171,187,482,867,961,936,1000,804,716,705,591,564,253,31,129,161,81,209,121,156,92,142,62,104,85,83,20,12,96,80,28,23,81,41,39,48,56,44
73,89,58,27,79,84,42,42,52,58,54,38,64,21,71,61,84,32,74,73,85,87,137,95,123,70,101,75,48,275,250,220,249,272,327,20,169,404,489,163,96,409,608,382,211,455,563,271,90,429,856,953,938,999,844,783,739,559,518,225,71,30,162,23,209,125,176,48,169,103,145,65,94,33,56,35,114,46,26,30,57,23,42,59,67
104,63,52,30,105,56,24,43,60,52,38,46,42,52,40,62,48,63,46,85,49,84,8,75,154,49,128,27,154,147,93,210,195,287,353,208,120,551,641,432,103,616,762,535,158,533,632,493,153,332,461,472,665,812,867,1000,810,726,563,311,231,207,57,162,109,190,153,94,65,138,100,91,24,63,49,128,33,12,72,74,32,38,53,12,70
57,85,63,128,55,70,55,72,77,88,70,75,52,64,67,49,76,43,96,59,117,31,117,80,247,119,209,141,150,83,233,251,603,429,389,78,506,550,569,411,370,631,662,696,213,191,280,464,151,387,491,636,798,851,895,1000,752,426,303,180,115,201,237,115,232,24,138,27,136,70,78,86,66,81,115,27,67,44,99,13,39,31,53,17,61
104,105,69,96,119,97,71,30,153,93,84,37,158,65,50,84,125,70,66,154,94,128,72,262,79,311,176,235,149,267,184,390,375,725,365,223,440,1000,792,657,241,907,940,802,461,332,318,242,176,642,723,810,954,897,756,710,234,116,136,404,263,362,86,243,140,252,128,184,52,140,152,165,34,90,108,153,12,43,89,86,42,63,70,42,43
96,108,94,128,86,113,81,125,57,97,62,77,62,56,91,27,107,65,131,54,129,46,164,68,289,144,208,213,242,164,338,236,637,449,361,88,617,692,776,615,241,591,767,1000,614,319,208,82,424,467,485,818,819,606,683,442,127,91,230,356,247,378,71,224,117,354,205,85,17,222,169,47,34,181,103,82,40,159,78,74,71,119,72,47,76
127,68,78,79,122,68,57,53,105,53,27,51,70,24,19,105,80,40,13,121,60,97,57,231,99,132,149,9,271,327,230,376,175,460,224,64,318,745,653,653,284,423,725,909,1000,530,362,330,623,726,500,602,687,482,744,850,923,850,544,607,345,362,218,263,278,401,124,144,100,244,99,96,32,81,125,154,64,92,56,91,22,44,102,93,9
571,563,526,494,506,489,431,373,364,352,281,222,239,232,193,194,284,287,303,363,431,486,503,494,617,685,603,691,754,772,795,729,825,771,786,762,776,692,801,849,738,703,740,1000,473,589,955,284,967,453,704,789,591,632,683,964,881,522,745,657,794,672,504,636,797,581,541,634,659,567,505,507,542,510,408,369,406,336,311,181,252,208,171,62,57
132,131,125,128,132,131,116,98,71,60,60,65,67,43,31,32,53,71,89,107,95,96,106,144,154,179,189,224,180,158,195,234,220,227,317,203,230,178,268,273,271,214,240,261,278,100,132,236,461,399,701,436,666,842,1000,128,252,137,259,363,221,202,278,248,146,126,120,167,111,137,149,134,126,115,110,101,87,96,75,83,82,73,54,52,47
50,27,70,46,28,66,35,32,60,18,36,43,17,38,26,32,39,17,54,36,33,72,14,98,90,44,164,105,96,238,208,171,276,299,301,504,485,451,714,641,530,779,602,391,437,271,371,555,530,551,491,554,795,629,1000,586,923,897,819,727,513,274,397,296,248,361,245,136,203,190,104,130,140,81,77,73,47,66,44,27,63,46,19,68,52
426,372,398,399,353,388,362,339,377,335,344,376,324,373,377,338,404,372,361,424,366,393,441,334,438,434,323,478,415,310,517,388,271,557,440,247,677,371,445,743,349,581,673,48,399,324,74,608,518,265,760,762,497,1000,870,622,889,156,895,501,298,606,654,276,625,603,322,573,539,335,556,486,362,542,439,392,489,380,388,430,343,399,396,349,420
1,49,46,4,46,41,12,49,31,24,48,27,34,47,30,43,41,45,61,29,59,76,34,102,102,47,135,110,70,166,164,129,203,246,239,351,389,313,510,507,397,527,455,206,215,221,299,486,487,485,516,645,948,833,1000,651,453,464,258,235,279,256,311,309,173,221,216,145,133,179,151,92,131,130,79,82,90,65,60,69,46,60,57,26,57
6,53,55,1,51,49,8,55,38,21,54,33,34,52,30,46,45,48,66,33,59,91,40,113,122,54,151,128,73,184,198,144,231,290,267,385,431,348,570,584,452,554,474,188,199,272,383,611,616,595,549,663,922,775,1000,658,429,477,99,138,280,309,373,386,229,261,251,174,144,195,173,94,140,149,86,80,97,69,62,78,49,64,66,29,63
39,29,64,33,33,61,26,38,54,24,42,49,35,48,40,51,57,36,76,62,33,97,81,78,143,111,116,168,128,135,230,215,174,322,353,313,433,420,470,560,553,515,470,303,164,189,505,611,652,754,522,636,1000,757,969,764,432,529,263,186,322,383,362,333,296,258,200,208,170,158,203,143,101,166,134,44,115,110,39,80,83,40,67,55,43
399,364,352,377,333,343,355,314,346,335,310,354,323,322,362,317,352,370,323,382,376,335,422,359,360,453,297,391,456,255,401,480,210,427,528,95,489,516,84,601,549,225,593,300,248,402,236,389,644,217,426,697,434,594,1000,156,838,463,570,660,267,340,690,469,403,665,419,428,582,371,416,521,348,426,471,350,435,415,345,404,360,339,390,335,365
47,72,78,43,5,39,59,48,16,33,53,53,34,32,43,45,40,49,63,48,18,55,113,139,84,71,166,196,203,153,157,287,305,342,303,337,501,619,693,626,530,656,665,475,315,271,437,580,860,797,371,578,967,429,890,623,835,1000,825,573,449,293,402,402,329,244,237,292,273,208,136,129,164,159,115,58,78,105,89,45,26,65,82,68,37
98,35,61,80,17,58,60,16,66,49,24,73,51,40,54,53,64,32,75,81,11,106,124,49,169,184,144,239,226,217,334,307,214,418,463,417,617,684,607,702,743,701,742,675,540,624,715,501,750,840,475,763,912,290,1000,754,840,886,812,717,702,467,338,301,444,326,222,290,186,195,233,131,124,179,87,81,139,55,68,94,30,62,70,28,76
91,42,50,78,27,51,61,11,62,50,24,63,44,35,49,40,59,26,61,76,16,97,105,40,161,144,138,220,183,218,324,270,223,411,413,419,622,620,587,734,702,674,760,625,554,630,602,475,786,887,589,815,830,155,789,509,878,1000,858,761,617,302,183,212,366,261,250,259,150,192,166,62,138,136,20,104,106,1,84,67,27,63,33,46,70
429,433,388,416,399,365,397,359,357,389,342,376,390,351,402,389,366,420,380,395,428,370,439,447,370,512,418,373,548,358,349,571,299,348,583,318,409,688,233,468,637,140,583,471,271,605,277,222,699,428,409,838,495,293,908,68,999,827,337,932,428,373,577,598,325,646,515,432,637,473,434,562,425,442,499,394,455,447,392,447,398,391,425,370,408
145,91,101,64,157,77,86,14,174,59,86,57,144,34,23,124,100,55,35,161,47,144,107,271,69,312,165,196,264,269,184,272,288,557,217,93,424,745,449,314,330,895,830,725,344,348,568,451,561,604,721,863,1000,663,554,800,991,977,536,476,232,350,68,294,253,379,135,174,114,224,129,151,58,104,110,171,34,46,104,109,29,59,97,76,28
39,76,87,105,34,63,62,91,39,9,79,40,54,47,118,55,49,34,128,18,93,59,195,72,121,83,73,220,226,184,277,94,383,246,264,147,470,475,566,294,386,676,976,1000,480,333,371,572,331,127,447,903,843,762,797,731,807,505,269,46,336,291,83,60,228,281,89,92,156,221,82,93,94,109,87,16,80,82,78,73,82,90,22,62,76
51,118,46,86,27,87,57,59,27,51,51,75,42,48,52,62,44,39,96,45,83,39,139,94,76,165,126,108,209,112,298,89,280,139,148,138,431,402,502,259,392,657,1000,987,422,36,437,582,299,184,587,918,659,395,142,481,514,255,175,202,323,129,104,248,316,144,112,144,181,101,50,96,90,148,71,92,72,114,84,70,50,71,73,48,38
70,62,88,50,80,3,80,32,64,18,28,58,4,26,68,42,42,23,67,44,41,76,58,69,99,151,159,207,22,67,133,90,257,251,354,70,153,443,478,350,303,818,1000,877,455,268,505,498,226,333,503,617,624,340,95,258,484,347,109,238,375,137,129,183,254,155,92,94,111,131,40,40,105,127,71,49,77,44,116,58,30,64,85,14,29
75,61,120,85,46,67,77,72,39,19,86,70,20,18,73,72,16,44,114,87,50,74,111,128,51,94,308,270,194,250,123,417,273,273,189,328,333,379,296,222,598,731,1000,719,384,163,404,468,282,446,508,890,815,686,639,275,240,159,13,134,297,179,163,155,81,170,63,55,147,139,80,22,176,175,8,65,72,178,87,60,14,92,88,29,2
62,97,45,64,46,102,21,59,50,97,12,18,62,25,47,49,73,45,50,87,37,128,45,168,55,196,116,22,183,160,181,214,316,362,166,124,294,323,421,243,364,617,995,880,306,172,737,701,291,177,739,999,787,657,338,183,272,314,405,198,66,46,158,246,224,174,153,138,141,86,76,115,123,22,48,121,62,47,37,69,54,59,41,22,38
71,57,89,40,41,67,82,23,40,50,79,18,4,55,39,28,48,64,56,34,99,41,139,110,174,143,64,100,103,101,261,79,276,190,340,91,268,347,539,218,340,621,1000,819,340,91,598,588,344,357,665,981,839,813,629,446,468,343,280,269,168,53,71,129,293,153,116,87,177,81,64,70,96,61,48,73,92,52,63,76,67,54,92,60,26
122,60,61,40,123,48,58,18,98,45,44,60,78,29,56,109,71,59,54,143,63,117,66,192,112,90,94,71,146,296,96,225,126,413,223,105,171,515,334,75,370,934,1000,792,458,312,525,522,379,326,734,790,825,647,336,347,200,349,405,162,116,88,202,112,63,188,264,82,34,112,201,47,79,25,128,75,66,42,95,38,49,18,24,58,78
74,70,41,91,60,80,16,89,28,80,19,48,43,62,30,11,111,55,63,57,140,8,68,139,222,58,133,106,32,230,113,260,107,348,243,186,106,512,401,134,330,936,1000,783,403,494,650,613,293,364,671,733,746,517,319,402,404,663,499,234,234,219,79,129,179,316,139,43,75,165,68,83,19,54,134,106,43,8,127,99,59,47,92,73,14
107,89,84,27,105,82,68,31,62,60,82,39,64,38,96,77,74,69,95,91,77,118,122,122,144,53,87,167,103,324,166,221,202,386,324,82,211,486,457,17,360,786,999,635,299,242,623,457,318,196,627,749,586,560,286,353,388,393,527,407,187,191,165,94,186,137,257,154,79,33,156,88,91,53,68,52,112,61,57,11,120,98,42,9,85
166,192,142,121,158,125,117,120,64,104,154,72,94,174,124,100,196,147,43,175,166,80,161,145,138,277,228,65,388,453,181,364,634,508,316,695,800,513,590,937,863,553,848,1000,825,633,918,854,608,569,760,743,318,367,563,532,173,228,366,297,58,157,247,256,123,145,238,198,99,184,197,100,136,208,125,48,168,157,34,85,126,58,34,79,48
597,563,491,476,513,490,380,378,375,381,240,217,250,234,174,205,284,268,247,346,446,445,458,494,633,611,604,667,660,803,708,707,826,805,821,682,706,850,871,480,619,771,865,327,758,732,771,641,487,670,664,295,574,819,316,1000,629,500,676,638,519,590,719,653,551,617,609,576,525,596,533,469,474,442,422,383,332,315,320,250,205,183,150,119,66
10,66,5,60,5,59,7,50,24,56,18,42,43,47,39,34,61,34,57,24,81,26,87,21,89,13,116,26,93,34,153,66,137,16,120,89,212,112,204,97,208,180,314,259,309,226,318,304,445,495,485,359,396,729,977,1000,750,473,103,202,184,204,21,172,139,198,61,105,58,146,72,138,66,108,48,101,51,88,48,79,48,71,51,60,49
694,678,665,651,634,624,614,609,603,602,602,609,610,613,615,624,634,638,651,661,667,677,685,692,689,705,709,687,672,675,661,633,636,637,622,604,634,546,517,517,511,481,546,396,496,510,536,524,563,469,760,510,779,281,1000,597,737,744,784,699,745,843,824,767,826,846,829,808,814,795,793,778,763,750,736,725,703,691,677,665,661,650,648,652,651
33,55,20,37,59,18,38,56,18,33,49,21,38,36,29,42,26,47,50,20,54,51,54,104,58,108,159,72,159,225,132,181,232,188,223,379,319,342,509,387,329,475,364,370,447,314,473,464,351,324,248,426,540,560,972,753,1000,788,545,633,428,250,270,216,169,243,201,107,167,175,105,114,144,99,75,87,64,58,61,39,48,60,32,42,59
405,365,384,378,343,373,350,330,366,326,336,361,319,357,359,330,386,360,353,401,362,388,423,327,431,414,315,475,378,309,506,372,278,508,382,242,592,360,359,685,331,419,511,157,501,313,204,576,400,193,425,453,246,831,753,669,1000,189,695,628,166,558,672,307,577,592,340,542,518,338,515,472,351,500,430,383,464,377,380,411,338,383,379,339,398
378,357,329,357,325,317,342,301,320,334,294,334,324,299,347,314,317,362,312,346,376,316,394,376,323,432,321,332,455,282,316,477,263,327,559,205,396,597,200,496,633,150,491,330,133,371,331,210,562,350,135,744,599,487,1000,189,829,732,269,699,512,159,607,560,301,595,495,336,551,439,328,498,383,352,465,350,375,422,329,372,373,309,370,339,324
62,23,37,55,20,35,47,13,37,42,19,41,43,35,41,39,53,44,43,70,55,47,97,72,70,123,70,68,146,99,130,246,206,224,414,336,342,490,580,533,637,571,371,298,436,347,397,669,460,611,822,696,917,1000,658,670,356,370,223,299,263,340,405,293,166,267,218,155,210,171,145,162,121,95,150,108,45,119,99,34,86,78,36,60,61
62,23,37,55,20,35,47,13,37,42,19,41,43,35,41,39,53,44,43,70,55,47,97,72,70,123,70,68,146,99,130,246,206,224,414,336,342,490,580,533,637,571,371,298,436,347,397,669,460,611,822,696,917,1000,658,670,356,370,223,299,263,340,405,293,166,267,218,155,210,171,145,162,121,95,150,108,45,119,99,34,86,78,36,60,61
56,31,23,55,26,22,46,23,28,42,22,35,41,32,39,40,47,48,36,61,60,32,84,76,48,107,79,44,128,101,92,205,200,183,368,334,313,428,523,431,530,519,325,275,450,451,405,668,383,435,639,554,796,1000,741,665,383,343,170,279,202,283,404,317,182,273,229,143,188,170,127,144,123,78,131,110,37,100,98,32,73,80,39,51,59
48,8,49,45,6,45,33,16,44,29,26,42,27,39,38,37,50,38,50,60,31,68,83,44,92,94,49,110,130,69,163,192,127,241,351,272,365,412,424,482,537,422,365,344,331,356,451,545,357,470,554,703,967,999,679,538,222,301,214,228,245,336,319,274,228,239,193,183,166,121,158,139,75,107,128,62,68,107,60,52,83,48,47,58,40
359,344,306,344,313,293,335,290,298,332,275,311,330,268,330,325,271,360,327,293,382,322,320,422,298,345,425,282,354,427,235,357,468,169,411,521,90,466,619,147,580,533,81,369,489,121,523,554,261,686,460,483,1000,586,738,820,160,584,493,219,617,539,152,577,502,248,508,500,281,483,469,287,445,409,279,412,360,289,400,326,304,384,300,318,368
66,42,20,61,37,25,57,34,31,57,31,40,56,42,46,48,58,56,44,70,77,46,107,114,68,146,124,70,175,166,143,272,272,219,403,404,331,483,649,505,606,636,424,277,463,416,459,758,515,580,665,605,853,1000,820,654,453,529,249,406,394,447,517,415,251,353,284,164,220,214,148,160,157,100,138,120,51,109,111,45,86,94,44,58,72
63,22,40,59,14,43,54,15,49,55,24,46,55,42,44,46,64,50,46,78,63,57,113,97,92,148,105,103,176,131,161,266,218,230,401,359,315,458,542,437,558,523,357,230,329,246,466,661,470,638,599,614,958,1000,793,596,334,428,349,388,423,470,448,330,265,329,240,183,237,187,147,164,131,97,135,94,61,116,83,42,93,74,38,71,55
54,4,52,51,6,54,48,12,54,46,24,49,43,39,44,47,62,43,53,74,44,70,109,76,107,144,97,134,180,112,189,255,177,253,402,316,315,438,463,428,562,465,354,234,232,181,498,615,466,640,532,658,1000,967,872,629,342,465,358,344,384,451,401,299,290,306,209,184,215,159,157,161,108,111,138,71,78,121,66,52,95,60,47,72,46
59,6,51,54,1,51,51,6,53,48,19,48,45,36,38,43,62,40,48,74,39,65,110,75,106,150,92,129,181,111,194,278,189,259,421,322,335,490,509,451,586,469,343,171,188,124,481,684,504,672,547,647,1000,970,932,644,418,444,288,363,395,506,449,313,317,352,237,187,234,170,158,178,127,118,150,84,75,126,77,48,98,67,45,75,51
55,62,23,48,54,8,39,33,8,34,17,23,37,11,25,22,23,31,9,46,41,41,84,39,81,130,46,110,159,84,185,256,190,305,460,355,417,542,513,483,631,489,402,259,216,202,473,633,420,605,495,637,1000,981,810,503,409,477,437,452,386,426,345,228,296,283,167,204,194,109,158,136,48,116,102,9,90,71,17,60,43,22,51,19,41
33,34,35,38,27,35,32,36,28,27,26,28,22,24,24,30,26,23,41,26,33,47,36,39,65,26,115,51,10,73,106,13,39,120,147,153,267,146,264,239,218,268,304,293,151,172,145,465,70,362,485,222,607,832,1000,539,611,490,219,411,119,24,174,171,66,116,89,49,52,15,47,43,33,27,33,21,21,25,36,25,26,20,34,27,27
534,534,456,460,473,443,373,332,337,343,254,178,194,219,176,185,267,269,268,320,413,454,437,486,574,572,625,582,628,759,679,688,692,745,788,680,616,733,801,556,647,637,861,609,723,479,833,552,488,403,882,656,415,652,492,1000,269,556,932,335,751,598,483,633,643,514,534,607,561,481,492,485,465,439,379,350,348,339,269,195,220,176,128,101,70
15,71,14,65,26,71,23,55,28,57,30,38,44,43,45,22,60,28,60,21,72,32,88,42,90,47,106,75,121,48,91,125,141,61,119,167,189,88,125,214,253,283,363,368,378,247,356,425,598,521,446,280,607,805,1000,828,613,300,108,197,185,125,163,221,237,180,101,133,167,154,111,121,98,94,72,84,71,61,63,66,62,53,58,56,50
147,154,151,156,148,127,107,95,91,93,91,68,47,36,34,46,58,63,72,94,99,130,169,131,157,177,204,182,232,238,223,237,228,218,296,281,299,253,246,376,335,253,285,280,443,309,304,79,337,307,844,417,1000,989,952,226,578,328,288,285,157,405,258,99,248,180,167,158,226,171,182,140,115,121,130,130,124,113,100,82,51,62,63,67,56
42,39,31,41,40,37,31,39,35,28,26,32,29,25,28,32,29,30,39,31,53,50,36,42,84,51,73,112,32,82,75,17,55,94,90,108,202,104,141,128,89,197,223,328,355,239,416,299,355,623,486,268,485,875,990,520,1000,312,357,554,92,185,141,207,61,55,59,77,43,15,34,63,24,46,53,39,47,32,48,47,34,30,36,35,31
41,65,51,53,11,75,37,51,7,56,24,52,46,51,43,67,75,40,77,64,108,27,134,88,138,62,84,35,165,111,255,100,259,184,261,80,265,352,500,247,275,422,645,522,107,142,391,279,167,509,842,1000,739,497,283,180,329,337,406,181,143,187,271,196,78,146,183,175,48,87,96,113,32,73,5,40,73,44,24,28,79,46,7,24,40
76,43,60,29,62,33,64,22,65,10,80,54,73,17,74,56,67,36,88,77,93,44,104,55,95,89,57,144,132,138,167,122,196,116,173,122,213,322,388,110,173,337,547,384,118,197,410,239,92,428,857,1000,813,638,262,183,313,404,450,216,61,46,205,133,40,40,189,166,32,32,112,119,50,89,49,85,22,51,38,61,13,28,1,13,51
76,39,64,59,82,5,58,50,65,16,28,51,20,31,43,73,37,33,83,37,117,51,147,37,179,58,89,135,178,173,192,221,296,275,262,105,184,494,489,349,209,522,638,487,204,386,563,422,75,584,938,1000,930,614,225,136,503,711,525,332,95,292,168,155,124,288,105,111,76,149,35,95,33,68,106,46,61,22,110,34,70,82,117,45,32
31,95,35,139,25,84,29,121,10,76,67,118,37,85,109,120,46,59,142,118,94,83,161,148,60,54,149,41,271,189,225,145,281,322,92,111,499,571,485,367,253,608,617,614,203,302,409,425,128,502,769,1000,975,624,311,29,416,503,389,338,107,230,172,193,86,251,202,196,122,152,147,137,117,88,133,21,41,79,99,17,28,91,85,9,57
115,38,66,92,85,51,42,75,64,40,20,43,52,44,71,40,76,30,70,38,159,26,121,75,230,68,67,212,166,194,175,266,280,256,255,136,201,612,631,416,228,605,848,648,367,349,684,485,210,512,984,1000,866,503,191,379,567,556,321,112,308,455,255,84,106,332,174,98,17,193,54,130,49,124,92,114,36,62,95,107,59,59,99,114,51
46,94,60,82,43,74,56,72,22,76,11,91,47,88,42,115,62,90,63,141,77,122,81,189,78,180,120,24,178,85,230,162,215,238,119,90,407,512,606,534,248,595,815,949,461,342,466,627,391,291,650,1000,786,275,122,682,861,504,373,24,386,367,275,290,208,165,116,206,142,107,27,119,51,135,93,67,69,88,67,14,27,58,88,87,89
814,793,776,759,750,746,734,722,712,704,704,708,720,723,727,732,739,758,774,787,795,799,803,804,808,826,822,825,806,783,781,772,765,735,733,711,660,633,645,600,644,607,562,484,605,636,616,618,612,594,678,793,786,697,735,828,849,899,940,893,936,918,951,995,1000,973,962,950,954,960,952,935,912,877,862,848,844,831,813,789,773,773,770,776,783
68,23,51,57,4,48,45,14,57,38,20,52,27,29,32,29,43,12,51,57,9,87,73,49,130,93,115,167,115,160,258,188,184,323,346,302,488,513,549,691,639,525,514,244,282,259,297,427,526,611,359,662,960,824,999,656,740,780,525,453,411,290,216,243,283,233,211,197,142,162,164,79,103,139,61,66,101,41,42,64,18,55,52,16,64
372,349,328,352,320,315,333,297,318,323,293,330,314,300,341,306,319,353,305,351,359,313,399,355,328,432,305,340,444,264,323,476,238,322,546,206,398,594,163,552,614,157,523,236,219,353,287,156,597,325,294,751,544,458,1000,136,762,607,360,701,387,213,569,527,294,605,474,349,542,426,335,487,373,356,453,342,377,408,326,371,361,311,368,330,328
37,28,62,32,31,58,24,36,56,23,40,47,29,45,37,49,58,34,68,59,29,96,83,74,141,109,109,163,131,133,243,223,160,308,381,319,446,495,521,632,627,535,475,237,90,166,399,508,538,648,456,659,975,972,1000,709,487,668,466,257,363,409,330,288,278,247,201,204,179,164,198,140,101,161,133,51,114,113,38,74,86,40,63,59,36
45,14,58,40,18,55,32,25,53,31,32,49,32,42,40,45,57,36,61,66,30,87,88,59,119,109,79,135,136,104,217,223,144,281,390,300,413,472,487,566,591,502,409,247,176,221,438,557,492,592,506,647,970,1000,917,690,371,540,347,159,295,409,349,284,248,226,183,185,176,148,184,143,86,138,133,51,87,109,50,60,83,42,53,59,36
48,12,60,45,13,52,34,22,48,26,33,48,27,43,41,39,58,39,60,65,33,83,85,54,115,102,64,128,135,88,205,218,148,289,390,302,426,455,461,561,547,470,370,264,257,336,515,629,499,612,549,624,923,1000,944,686,259,428,227,134,261,392,347,297,236,208,183,186,161,142,185,140,83,132,130,52,84,110,50,59,81,42,51,58,37
52,10,42,46,5,40,40,4,38,33,17,40,30,32,36,30,49,38,45,65,39,60,87,46,85,106,44,90,141,74,162,226,151,231,385,283,350,441,431,479,514,434,287,317,395,408,485,626,405,550,585,577,890,1000,853,606,290,243,167,213,171,323,342,243,186,208,172,154,163,121,147,148,85,99,133,78,56,108,75,40,79,55,36,57,45
56,18,34,49,14,32,43,8,34,34,16,35,30,27,36,28,46,40,38,63,45,47,86,55,67,106,51,73,145,80,141,223,172,211,387,304,324,434,425,440,471,417,236,314,446,482,488,662,378,500,606,587,835,1000,818,578,261,132,187,289,145,280,315,228,147,191,167,126,151,117,120,133,85,73,118,84,33,96,79,22,71,62,26,50,45
352,317,316,336,294,309,315,271,310,297,264,319,287,275,335,281,297,353,283,321,365,278,357,373,268,387,352,263,414,330,224,454,357,164,528,359,190,564,354,357,629,263,302,493,326,206,571,294,435,558,190,601,809,431,1000,591,122,638,440,236,513,301,382,606,370,376,544,390,359,495,346,337,449,317,336,415,303,347,386,284,348,348,277,346,326
317,279,288,299,259,282,279,248,287,262,246,290,250,257,297,245,279,309,247,306,316,249,343,319,253,369,288,251,389,257,235,422,262,203,488,252,249,518,250,383,576,164,334,408,203,253,445,147,468,401,81,619,692,484,1000,439,314,584,310,317,427,194,426,526,273,399,488,307,364,445,276,341,395,261,339,362,264,339,334,255,332,294,256,318,273
46,3,45,43,7,46,36,13,44,31,21,42,32,33,36,37,51,33,49,64,29,65,86,53,97,114,74,124,145,97,196,220,132,220,330,243,331,418,427,454,531,392,375,309,287,309,402,494,409,423,403,461,846,1000,983,738,440,389,213,159,233,351,336,234,213,199,147,138,156,119,139,132,75,105,120,53,64,99,53,51,80,48,40,56,35
34,25,55,28,25,51,21,33,48,18,36,43,26,39,33,41,47,29,61,54,24,83,70,62,116,94,102,151,120,133,224,181,144,263,296,246,385,382,416,480,487,378,445,265,190,302,389,507,516,438,353,476,819,951,1000,759,486,533,280,235,337,389,325,270,242,182,154,149,132,127,166,115,81,136,108,38,93,99,36,69,70,33,55,50,33
20,35,53,14,37,48,8,40,42,10,41,37,23,39,28,42,43,31,62,40,36,83,51,78,115,73,128,154,102,166,222,145,162,256,237,254,391,345,437,488,455,400,474,211,189,288,294,439,472,387,346,505,792,909,1000,713,480,531,277,298,355,345,265,262,205,151,154,127,107,136,156,89,97,137,88,51,100,78,33,71,60,33,58,37,40
396,396,368,398,347,368,348,343,364,329,369,329,352,347,342,379,347,393,358,382,377,380,432,339,445,410,335,461,376,350,402,457,266,422,502,92,593,408,254,528,274,315,275,432,369,289,499,227,661,166,619,861,419,1000,917,518,993,181,997,736,245,644,424,518,473,468,485,424,586,403,474,529,355,499,395,428,428,382,424,351,411,364,383,386,363
396,396,368,398,347,368,348,343,364,329,369,329,352,347,342,379,347,393,358,382,377,380,432,339,445,410,335,461,376,350,402,457,266,422,502,92,593,408,254,528,274,315,275,432,369,289,499,227,661,166,619,861,419,1000,917,518,993,181,997,736,245,644,424,518,473,468,485,424,586,403,474,529,355,499,395,428,428,382,424,351,411,364,383,386,363
31,42,46,41,31,42,40,44,34,36,40,32,23,30,35,36,21,35,46,25,38,47,53,37,72,19,125,93,1,113,121,15,81,111,90,163,242,97,325,125,215,268,248,489,218,443,181,557,236,762,351,301,592,547,926,714,1000,614,598,736,119,264,116,282,34,156,70,86,51,13,29,77,55,43,56,18,27,24,55,42,22,29,48,39,27
67,65,35,46,31,74,41,16,40,41,38,27,44,28,40,24,28,65,56,33,54,94,14,59,137,225,73,84,93,48,154,117,245,159,242,153,120,197,466,310,177,349,726,618,288,135,427,240,241,570,959,1000,753,645,407,482,808,952,946,477,69,193,325,75,157,166,219,5,130,65,112,54,50,49,26,100,59,41,33,59,42,47,29,29,52
67,65,35,46,31,74,41,16,40,41,38,27,44,28,40,24,28,65,56,33,54,94,14,59,137,225,73,84,93,48,154,117,245,159,242,153,120,197,466,310,177,349,726,618,288,135,427,240,241,570,959,1000,753,645,407,482,808,952,946,477,69,193,325,75,157,166,219,5,130,65,112,54,50,49,26,100,59,41,33,59,42,47,29,29,52
53,109,88,58,68,74,80,24,28,83,78,37,14,76,59,52,9,110,60,96,19,149,89,103,80,65,102,141,99,267,131,159,155,262,287,148,186,404,437,140,126,454,722,566,397,171,210,177,64,279,705,997,956,1000,832,607,720,695,816,668,297,165,230,264,71,59,138,244,73,91,63,220,127,57,21,102,52,56,42,102,66,30,43,60,31
289,284,243,226,193,179,165,152,159,137,142,117,96,70,28,28,58,101,150,179,214,231,252,249,235,273,250,325,321,385,456,511,550,429,480,442,387,363,433,366,542,532,644,249,642,600,910,447,513,379,343,398,620,1000,506,984,180,462,571,144,161,269,341,436,412,403,349,340,296,247,218,229,223,207,216,208,211,201,212,170,174,140,152,100,95
386,368,388,352,353,370,323,352,353,314,358,339,322,370,329,348,376,333,384,373,345,421,373,361,449,361,354,475,322,371,444,291,385,390,342,353,324,306,346,200,375,398,127,539,700,212,735,368,303,568,348,440,793,377,738,1000,529,619,949,208,579,523,297,638,493,358,582,503,348,532,436,368,488,390,397,458,369,409,411,339,394,357,342,386,347
29,40,57,19,46,56,5,48,49,11,46,36,27,43,25,41,29,35,55,27,74,80,24,97,108,50,152,156,80,184,139,66,185,94,126,147,26,171,240,134,308,346,449,543,819,740,730,704,439,440,518,603,751,999,790,595,860,531,542,597,327,372,443,290,212,230,186,146,172,117,94,132,68,53,105,64,29,78,48,26,52,33,39,36,18
14,49,48,9,55,38,18,59,32,27,53,27,33,40,33,44,25,50,49,39,83,63,48,102,73,83,161,106,126,190,79,128,187,52,177,134,38,222,197,183,393,337,423,588,753,624,689,593,376,457,485,565,865,1000,789,627,738,405,466,455,251,455,446,320,284,234,171,195,173,86,151,139,43,94,102,21,61,70,29,49,42,36,55,22,38
33,43,55,18,41,41,11,49,33,21,54,27,29,44,27,39,20,44,43,30,80,57,43,104,72,85,162,101,134,197,76,157,205,47,180,111,58,215,147,149,355,268,388,622,744,646,724,549,396,502,523,669,992,1000,851,597,658,413,538,534,293,492,462,346,316,235,181,220,158,79,153,107,34,100,74,12,61,43,29,50,22,49,45,11,56
12,50,45,13,54,34,24,59,30,31,55,28,38,43,35,45,27,54,48,38,85,61,54,106,69,98,166,104,141,202,89,160,215,76,171,144,45,201,149,136,322,297,354,591,692,548,673,524,386,567,575,607,946,1000,816,653,635,387,511,560,332,468,466,346,303,245,190,229,189,111,176,146,54,105,102,34,66,69,33,56,40,37,61,25,40
63,28,54,55,15,43,32,16,42,13,38,42,7,39,30,23,28,20,42,10,49,72,8,82,100,42,160,135,105,225,144,136,240,126,78,166,116,88,164,54,214,309,367,607,762,562,637,515,344,585,567,505,826,1000,743,644,781,483,634,703,340,425,429,294,280,226,150,197,172,83,136,118,34,72,64,7,54,43,20,47,25,33,51,15,38
28,32,30,34,29,30,33,34,30,24,26,30,23,23,28,30,24,24,37,29,33,41,33,47,61,16,95,78,16,125,53,42,105,31,72,93,151,46,148,92,70,149,310,365,454,276,401,90,127,530,315,461,280,1000,294,554,558,161,472,683,217,311,190,257,83,26,21,98,32,44,23,21,24,16,31,18,25,11,34,26,16,15,34,27,21
87,54,120,62,72,51,91,37,79,20,110,32,81,43,110,26,51,47,115,27,113,44,168,46,82,136,90,191,262,159,308,137,440,267,268,145,425,424,553,377,219,431,737,791,382,410,393,563,261,229,549,1000,932,746,753,659,893,721,535,353,165,244,199,309,179,107,28,163,154,106,66,110,130,68,125,52,123,82,75,37,65,66,55,28,22
593,562,507,479,491,497,416,357,387,341,282,213,216,230,192,203,276,279,294,340,437,478,485,489,617,618,677,648,689,813,776,722,712,907,817,693,794,888,730,870,663,741,593,939,402,867,475,630,765,525,360,999,595,436,739,584,946,581,803,648,794,592,546,682,748,585,577,626,617,584,508,487,554,504,391,348,368,370,294,225,212,233,171,52,53
21,54,22,47,12,52,16,36,6,46,8,38,32,41,25,29,41,19,48,26,60,2,77,30,76,10,95,25,81,52,142,73,123,18,123,49,82,61,118,87,125,72,112,283,335,340,374,449,654,631,580,445,751,922,1000,742,420,232,295,304,201,191,231,241,87,88,118,144,21,30,88,76,71,69,79,61,60,58,55,37,47,39,36,26,39
30,45,24,40,12,42,16,40,20,34,24,25,23,4,38,21,41,37,41,42,30,63,22,70,31,96,9,95,47,84,78,149,132,155,130,209,129,99,127,190,186,169,70,140,325,319,449,515,711,677,578,552,848,999,929,631,327,390,342,242,138,241,232,169,70,110,94,46,108,69,111,43,115,43,69,33,72,22,58,51,51,42,52,47,40
176,159,157,140,120,112,95,103,90,77,79,65,62,41,17,14,27,46,69,93,114,138,146,158,196,178,172,188,254,270,219,168,244,257,391,377,363,424,338,122,243,488,153,446,444,366,384,332,720,339,783,630,900,1000,676,175,307,780,112,165,317,407,142,176,126,244,217,158,198,168,180,183,168,170,151,144,127,104,115,85,89,82,98,83,87
348,350,311,331,321,291,322,298,291,319,287,304,317,285,321,311,292,340,311,315,361,308,358,374,297,393,347,289,413,316,247,464,313,223,531,309,259,620,329,384,602,137,330,352,218,202,435,107,460,403,119,721,778,393,1000,405,361,708,247,537,482,168,574,607,229,542,541,291,485,480,292,449,416,302,424,371,323,402,333,328,372,300,333,342,301
60,36,19,51,32,23,47,25,26,44,23,34,44,31,36,38,46,46,34,58,57,35,88,83,55,117,95,61,152,136,133,253,229,203,379,357,340,500,608,455,514,475,238,224,408,427,407,619,351,409,663,627,939,1000,912,735,540,464,196,197,170,265,394,312,196,283,223,125,187,171,120,141,128,84,126,107,42,100,97,34,74,80,38,49,56
66,40,24,62,35,23,54,27,28,50,25,36,46,34,43,39,52,53,35,68,68,35,99,89,56,127,97,64,165,135,139,275,249,219,419,366,351,515,610,473,539,512,298,441,635,616,558,747,357,381,596,521,848,1000,860,792,782,678,461,430,238,327,439,336,200,288,239,149,193,184,136,157,135,83,142,130,45,112,118,41,85,93,47,55,66
75,40,30,66,35,30,62,25,36,54,23,44,49,36,49,41,61,57,38,78,76,43,113,95,70,148,101,75,187,145,158,305,269,251,450,373,351,535,635,513,565,515,326,565,801,781,705,877,475,487,567,465,795,999,813,813,901,801,582,504,276,412,541,413,277,351,274,182,219,204,155,176,152,96,162,139,49,127,131,46,99,106,51,62,76
81,8,72,74,3,68,60,15,62,48,32,65,43,51,59,46,73,52,64,92,47,92,128,72,147,171,73,161,215,113,273,357,246,386,522,353,500,613,639,641,644,397,296,614,788,836,931,976,734,798,692,647,958,999,835,755,709,683,668,523,364,591,605,497,420,374,260,254,233,179,217,201,113,159,195,96,92,163,98,66,128,83,58,86,58
419,447,398,405,419,367,395,389,356,396,371,365,402,365,388,407,365,418,414,381,448,412,412,490,384,455,482,360,483,482,249,546,520,162,647,505,174,713,521,242,651,332,123,478,604,190,787,512,661,817,278,852,1000,331,940,640,201,684,616,404,703,397,495,851,428,505,725,451,498,648,425,482,568,389,469,502,392,472,459,384,462,412,386,442,387
402,413,369,383,379,342,368,350,336,370,340,353,376,335,370,373,338,392,370,360,412,367,401,454,350,448,435,328,470,420,236,527,444,178,612,431,247,677,419,299,571,208,224,306,417,103,633,371,711,793,282,863,921,339,1000,375,525,590,385,567,643,295,521,793,342,521,668,371,511,591,365,489,517,355,466,451,367,453,408,368,430,368,377,408,356
60,48,15,50,39,10,40,19,26,38,11,33,34,13,27,21,29,23,19,47,32,41,78,38,75,128,53,102,146,97,193,241,175,271,390,297,416,494,456,352,391,260,205,81,175,102,350,625,568,818,768,767,1000,930,783,624,449,333,308,336,329,448,425,333,345,297,186,198,208,126,152,148,67,116,111,21,84,80,10,58,55,12,51,33,28
42,32,32,39,27,26,25,35,24,18,23,27,22,22,24,42,28,30,46,35,47,41,39,27,63,63,89,80,38,43,91,57,63,105,151,144,287,87,282,75,127,137,153,364,127,388,144,814,169,792,488,218,680,761,1000,659,824,452,228,526,107,107,181,265,108,170,130,86,115,55,78,94,18,73,77,51,59,60,71,55,45,51,51,45,40
590,524,489,493,492,459,390,360,364,310,261,224,245,190,179,222,263,258,315,340,422,447,485,531,564,650,601,665,741,685,736,735,758,818,697,751,928,762,593,974,738,676,533,885,628,733,290,828,502,803,536,638,735,880,325,285,1000,787,285,747,811,623,444,663,697,714,487,546,678,632,489,475,526,524,408,339,384,359,311,214,181,234,180,69,39
49,64,36,72,36,64,20,64,6,64,14,57,28,51,40,44,63,33,69,24,87,5,95,38,134,30,119,53,154,43,116,95,174,61,106,197,266,206,219,84,150,305,376,429,467,322,363,542,790,871,868,514,529,719,1000,894,813,497,373,317,434,321,331,259,300,201,189,133,204,122,124,64,130,45,104,42,94,21,96,55,79,42,78,59,63
29,38,19,24,37,22,18,19,23,16,7,4,15,7,5,8,2,7,16,19,28,8,18,34,52,85,65,22,114,50,35,62,32,182,161,101,186,221,275,195,41,276,465,313,442,222,408,950,169,661,680,741,423,682,1000,932,785,776,407,381,360,116,150,156,84,160,31,105,48,102,31,35,26,63,22,38,20,41,38,23,10,6,19,14,7
800,783,772,763,746,733,720,710,710,704,698,699,706,717,724,727,737,752,763,777,784,788,801,815,807,814,810,809,795,788,770,781,747,762,693,682,710,665,603,655,560,605,645,448,648,623,576,566,677,520,825,526,829,648,960,676,996,749,916,916,923,953,919,951,999,958,950,951,974,941,928,911,899,888,873,844,824,810,805,794,770,766,767,772,775
355,338,344,319,343,317,321,317,295,322,292,323,307,315,319,305,338,314,348,339,338,343,351,346,334,418,279,402,387,265,399,334,333,253,415,349,228,608,268,435,606,108,592,227,322,395,235,159,465,277,71,593,745,474,1000,479,877,835,464,988,318,459,541,435,480,341,498,420,393,501,321,470,383,370,411,340,399,328,375,329,341,350,314,355,318
345,319,330,306,318,311,297,310,278,304,285,296,305,291,312,288,317,307,323,336,318,331,329,348,302,396,309,334,408,249,343,345,317,263,330,430,49,538,435,233,620,236,463,392,101,418,281,49,436,437,113,452,830,397,940,747,660,1000,214,908,616,218,557,412,439,394,404,460,318,482,350,401,422,323,404,327,372,334,341,343,303,351,299,334,316
33,31,27,33,29,21,26,26,28,19,17,22,23,19,21,24,21,24,24,30,33,43,22,23,64,44,76,82,23,70,80,22,69,47,109,114,198,234,219,250,241,188,414,286,242,123,108,752,57,773,231,322,427,859,445,1000,409,829,328,586,234,121,153,218,80,86,67,67,48,63,18,61,23,39,57,29,35,35,46,37,32,31,33,28,20
819,798,779,763,759,746,740,727,715,708,707,716,726,732,733,740,743,757,775,792,802,807,806,805,816,824,824,825,809,807,777,769,757,751,747,726,646,636,641,613,632,642,550,521,583,615,575,671,619,579,667,793,754,765,798,744,888,873,943,929,939,947,933,967,1000,992,984,967,954,950,945,931,920,901,872,848,828,821,815,805,786,768,763,775,777
57,71,20,47,63,14,41,46,18,45,38,29,45,32,34,40,35,41,21,40,48,14,74,73,40,140,97,82,167,124,127,221,189,162,306,379,313,474,554,347,495,513,512,563,457,349,343,832,596,867,584,422,640,975,744,1000,952,925,761,721,477,348,392,333,188,235,140,71,166,126,53,129,99,63,105,46,65,95,30,55,74,15,47,61,29
23,54,22,42,43,13,44,9,37,30,19,32,14,29,16,39,14,36,30,21,38,27,66,23,97,106,85,156,83,96,100,54,104,98,264,296,328,461,417,384,474,354,433,407,219,210,137,452,428,604,551,488,708,909,796,1000,819,906,806,685,499,282,95,83,59,107,141,62,157,110,95,134,66,88,65,45,73,6,65,40,37,48,15,42,13
16,57,35,33,54,2,48,25,33,40,13,36,18,33,21,40,25,34,37,15,47,12,75,52,93,143,90,178,135,84,115,34,124,113,266,381,367,527,544,428,553,461,482,524,315,306,34,445,401,600,564,471,662,935,763,980,929,1000,950,849,553,348,124,128,114,96,170,63,161,142,80,158,91,87,87,36,92,25,67,62,33,60,26,45,27
59,16,55,41,26,51,1,52,28,31,43,14,35,19,41,24,37,28,31,32,28,56,18,101,72,112,159,79,155,110,33,57,86,230,205,382,457,384,536,445,374,452,411,516,442,289,264,312,461,509,511,503,476,636,739,805,987,1000,910,944,528,303,159,129,178,87,139,113,96,159,92,116,125,47,83,48,57,54,29,64,40,37,45,25,33
33,61,16,54,41,22,48,2,47,27,30,35,21,32,22,44,14,45,24,34,37,43,77,25,113,107,95,158,66,97,75,89,111,139,306,332,414,521,457,405,476,335,481,494,392,413,125,304,324,630,499,402,516,577,654,831,878,1000,941,838,614,344,108,105,59,116,109,48,142,72,108,123,55,99,45,63,71,12,69,27,47,40,24,45,9
39,62,18,59,42,27,47,8,51,24,32,32,22,31,23,44,9,46,17,38,33,53,75,26,120,98,102,146,47,97,75,110,106,180,352,338,479,589,535,519,576,402,484,453,312,293,70,366,413,698,564,507,702,767,854,943,849,1000,922,845,682,382,171,54,8,95,98,63,146,74,124,123,59,104,45,63,66,17,70,20,54,42,28,47,5
55,18,36,53,11,42,47,7,43,47,18,40,40,35,38,37,56,46,38,70,48,51,99,70,80,129,75,89,164,109,171,260,203,212,376,313,310,452,514,431,562,442,320,204,217,296,365,671,480,650,700,664,847,1000,887,787,463,370,170,59,111,279,381,325,220,249,199,106,169,138,101,128,96,71,115,76,33,94,67,24,75,59,25,56,41
55,18,36,53,11,42,47,7,43,47,18,40,40,35,38,37,56,46,38,70,48,51,99,70,80,129,75,89,164,109,171,260,203,212,376,313,310,452,514,431,562,442,320,204,217,296,365,671,480,650,700,664,847,1000,887,787,463,370,170,59,111,279,381,325,220,249,199,106,169,138,101,128,96,71,115,76,33,94,67,24,75,59,25,56,41
59,40,15,52,37,19,51,28,26,48,28,32,45,35,40,39,52,55,35,66,70,35,86,94,49,117,107,55,152,148,137,242,260,210,363,371,290,416,538,441,513,455,237,101,358,509,512,875,679,654,792,726,796,1000,906,777,539,405,112,247,170,293,412,410,230,261,280,148,167,187,126,128,134,74,112,117,42,86,102,41,64,88,45,47,63
52,59,11,48,53,6,42,44,8,40,37,24,43,34,44,42,39,57,44,49,83,46,59,96,45,82,129,76,136,187,149,208,297,231,307,352,269,312,426,361,388,410,437,549,854,1000,707,808,560,561,702,770,574,765,500,262,442,328,476,517,369,256,274,328,188,146,235,164,118,165,124,100,124,85,70,122,87,45,104,80,25,80,71,29,55
52,59,11,48,53,6,42,44,8,40,37,24,43,34,44,42,39,57,44,49,83,46,59,96,45,82,129,76,136,187,149,208,297,231,307,352,269,312,426,361,388,410,437,549,854,1000,707,808,560,561,702,770,574,765,500,262,442,328,476,517,369,256,274,328,188,146,235,164,118,165,124,100,124,85,70,122,87,45,104,80,25,80,71,29,55
438,415,445,404,401,427,379,395,406,367,400,388,370,414,380,393,432,384,426,450,388,466,453,406,490,441,403,530,383,413,545,281,475,573,166,497,499,170,547,473,94,581,696,335,959,1000,387,941,493,357,868,516,465,756,286,421,977,264,797,979,235,615,562,416,618,562,399,632,585,435,594,538,422,544,459,409,511,422,433,485,398,441,454,388,448
15,45,43,13,52,41,19,50,36,12,36,23,7,19,20,26,4,39,43,7,65,60,9,70,58,32,110,72,111,167,84,166,272,167,245,261,179,192,292,259,329,395,508,708,997,1000,716,702,448,525,464,580,398,437,509,443,722,493,558,555,369,136,98,127,126,80,157,101,90,126,73,73,111,58,49,99,61,32,77,37,32,56,23,29,44
32,37,29,29,34,33,23,29,28,22,12,24,21,19,22,26,26,24,25,25,41,33,35,40,53,27,72,52,80,103,41,98,170,59,206,42,33,96,79,67,203,24,346,610,544,737,397,419,38,763,203,536,275,478,618,266,1000,238,637,440,181,276,56,214,137,82,95,45,55,55,24,22,41,46,20,48,36,30,35,32,31,27,42,30,30
400,396,412,373,385,389,355,381,371,351,376,353,356,382,347,377,391,363,414,399,375,444,399,403,450,387,404,470,326,421,471,267,496,466,195,533,409,193,549,322,269,600,468,339,932,667,388,769,326,515,870,291,439,511,300,476,1000,136,813,712,274,559,469,441,567,524,417,581,500,433,536,464,410,491,406,408,465,381,417,428,372,413,396,369,410
400,396,412,373,385,389,355,381,371,351,376,353,356,382,347,377,391,363,414,399,375,444,399,403,450,387,404,470,326,421,471,267,496,466,195,533,409,193,549,322,269,600,468,339,932,667,388,769,326,515,870,291,439,511,300,476,1000,136,813,712,274,559,469,441,567,524,417,581,500,433,536,464,410,491,406,408,465,381,417,428,372,413,396,369,410
60,62,13,52,59,5,48,46,9,41,35,25,44,35,46,45,38,62,45,58,95,51,73,98,34,91,131,73,142,189,136,223,322,231,338,350,265,301,417,365,473,548,646,757,1000,941,574,679,444,572,829,816,471,383,332,328,792,632,750,741,399,154,203,182,103,106,201,143,103,143,98,91,131,83,79,140,96,47,115,83,28,85,66,25,62
