64,170,1,2,119,0,1953125,12,0,7271,2.27,0,0,NaN,0,0,48,64,36,52,23,59,20,54,10,52,27,26,8,39,20,22,7,51,13,59,27,89,83,29,56,51,94,30,83,41,172,106,73,95,108,56,170,216,193,315,162,144,75,240,233,227,344,506,824,960,1000,962,672,662,613,643,609,299,118,394,594,517,447,284,43,159,186,237,68,94,68,147,104,29,42,72,86,13,61,55,96,42,54,58,75
64,170,1,2,119,0,1953125,12,0,7316,2.28,0,0,NaN,0,0,45,64,37,33,35,43,56,24,42,14,52,21,20,35,53,23,7,64,33,40,29,112,35,67,27,112,14,92,38,87,101,194,119,161,84,48,95,87,262,250,57,42,274,197,71,290,600,562,590,796,972,999,636,550,661,822,556,260,371,570,516,510,300,228,41,168,166,211,34,92,78,110,26,69,25,24,77,77,31,31,69,57,19,37,48
64,170,1,2,119,0,1953125,12,0,7902,2.38,0,0,NaN,0,0,48,57,33,26,65,34,45,19,47,35,30,20,21,34,15,15,44,36,41,57,40,64,33,61,61,69,62,37,81,125,55,99,260,314,165,146,92,33,312,259,232,203,237,180,100,197,423,489,665,757,990,1000,976,840,852,710,385,111,613,781,835,678,335,164,159,172,168,124,60,19,80,67,43,20,56,26,72,48,52,18,39,20,16,21,8
64,170,1,2,119,0,1953125,12,0,0,0.96,0,0,NaN,0,0,508,528,488,401,390,411,411,360,283,234,266,241,169,113,152,220,202,204,235,323,409,384,395,460,573,616,575,544,676,672,720,667,664,789,634,719,855,702,476,801,849,685,473,925,748,454,769,644,400,898,720,1000,342,610,636,263,903,560,938,142,811,926,506,552,459,674,591,453,500,484,513,454,407,429,368,348,326,289,274,264,212,161,159,132,85
64,170,2,2,119,0,1953125,12,0,0,0.95,0,0,NaN,0,0,298,280,285,283,282,309,270,300,257,311,250,325,225,322,222,331,224,323,224,319,256,309,272,296,319,261,373,215,399,209,394,254,408,216,372,311,427,241,371,254,506,449,445,921,241,685,75,725,211,741,448,834,855,331,221,965,989,1000,932,209,592,106,642,115,616,291,457,396,341,400,292,416,279,439,228,449,226,426,241,412,262,389,279,366,307
64,170,2,2,119,0,1953125,12,0,0,0.95,0,0,NaN,0,0,72,5,62,10,70,37,49,38,46,36,41,48,45,44,56,58,59,57,79,84,61,94,79,125,57,161,84,171,76,141,133,97,133,129,177,36,147,148,214,107,196,252,601,809,598,395,194,520,614,639,693,722,734,351,153,678,1000,943,696,444,462,493,290,331,275,368,211,190,131,172,161,136,172,114,161,97,134,77,104,84,87,80,69,80,59
64,170,2,2,119,0,1953125,12,0,0,0.95,0,0,NaN,0,0,51,54,36,53,30,68,6,60,10,55,13,60,35,58,37,71,42,73,45,95,47,105,76,107,87,123,150,79,141,68,197,49,154,126,187,122,149,184,153,213,150,380,519,782,564,316,191,366,627,600,787,722,671,500,54,416,778,1000,689,563,365,461,311,276,289,258,256,120,187,127,194,140,158,140,120,144,92,115,66,110,75,81,73,78,70
64,170,2,2,119,0,1953125,12,0,0,0.95,0,0,NaN,0,0,29,56,14,57,8,65,14,46,12,51,20,48,35,52,32,57,41,63,38,80,53,83,76,84,88,88,135,49,129,60,177,47,155,151,168,104,140,194,145,185,202,425,477,652,469,253,104,296,595,622,726,579,451,386,46,363,753,1000,732,528,260,364,279,231,165,199,207,116,153,116,187,114,141,99,121,116,80,88,60,94,54,77,56,71,52
64,170,2,2,119,0,1953125,12,0,0,0.95,0,0,NaN,0,0,64,25,57,29,56,50,34,48,30,48,30,59,40,53,45,66,48,66,59,94,46,108,57,128,44,137,89,130,105,127,167,117,212,122,184,41,248,164,203,137,352,471,537,776,580,403,48,423,763,878,833,568,485,416,209,334,722,1000,899,604,305,361,251,268,145,243,211,166,161,148,209,124,169,88,147,108,109,90,77,92,70,84,56,78,57
64,170,1,2,119,0,1953125,12,0,0,0.95,0,0,NaN,0,0,58,11,58,6,67,18,51,20,52,26,47,41,54,40,58,49,60,47,82,66,73,82,89,108,66,139,72,131,46,171,110,160,138,185,186,75,175,200,239,161,378,363,555,686,546,345,66,406,611,793,708,693,511,321,130,589,843,1000,799,403,372,379,286,235,144,261,163,180,100,183,153,149,148,111,146,83,124,64,98,65,88,68,70,69,59
64,170,1,2,119,0,1953125,12,0,0,0.95,0,0,NaN,0,0,222,169,223,173,228,178,218,179,217,183,214,188,197,201,185,217,163,226,150,240,142,252,125,261,137,272,152,250,173,261,220,231,263,175,291,179,317,181,298,136,432,61,592,431,586,439,252,284,620,765,320,519,81,617,88,418,307,1000,510,565,350,313,322,236,372,151,353,126,339,117,356,128,326,178,299,210,257,241,235,247,211,259,195,270,181
64,170,1,2,119,0,1953125,12,0,0,0.95,0,0,NaN,0,0,255,199,249,206,253,220,239,220,231,231,226,242,198,253,187,269,166,274,154,283,161,290,160,287,185,291,224,251,249,245,313,205,330,137,353,194,390,106,347,184,473,144,592,589,476,538,245,477,540,881,376,572,77,646,241,671,348,1000,621,603,502,277,466,178,521,44,435,119,405,172,383,225,331,274,288,309,233,319,224,326,196,323,188,327,191
64,170,1,2,119,0,1953125,12,0,0,0.95,0,0,NaN,0,0,59,37,65,28,78,5,64,12,63,15,62,39,64,43,74,53,76,54,100,55,91,68,118,90,110,141,110,162,99,199,104,200,123,253,182,118,208,192,171,28,263,327,617,684,614,415,230,447,782,800,676,365,66,446,602,793,849,1000,986,657,558,374,444,409,401,358,213,256,165,252,157,216,155,164,145,126,138,82,115,82,112,70,92,74,77
64,170,1,2,119,0,1953125,12,0,0,0.95,0,0,NaN,0,0,73,1,69,11,76,34,55,37,51,40,49,55,52,53,65,65,65,67,83,82,64,94,81,121,67,167,82,174,93,192,159,162,190,208,248,92,263,117,148,77,237,295,550,691,481,383,202,509,713,753,729,337,124,420,719,884,1000,928,914,695,567,485,404,470,368,378,201,242,187,217,199,175,197,127,171,106,140,80,113,91,97,88,82,85,64
64,170,1,2,119,0,1953125,12,0,0,0.95,0,0,NaN,0,0,57,44,59,39,76,9,63,9,63,7,60,32,57,34,72,46,73,47,99,41,85,46,114,64,123,114,123,142,118,190,92,191,103,287,166,172,200,185,177,8,226,352,685,677,580,312,299,492,727,754,704,499,244,378,647,1000,965,859,875,722,691,496,502,443,464,388,214,234,156,244,135,215,151,182,138,141,140,87,114,84,115,66,93,68,73
64,170,1,2,119,0,1953125,12,0,0,0.96,0,0,NaN,0,0,274,269,286,267,288,256,297,256,293,249,287,248,293,240,292,226,303,221,311,217,300,225,317,227,323,216,342,248,342,264,324,296,321,375,258,416,248,416,205,376,242,644,243,894,392,461,142,667,494,601,911,229,585,414,457,713,1000,343,786,314,782,157,611,210,582,409,339,364,319,404,283,397,255,416,241,413,237,381,250,383,256,361,262,349,277
64,170,1,2,119,0,1953125,12,0,0,0.96,0,0,NaN,0,0,68,35,63,28,68,13,69,3,60,8,51,15,43,12,48,22,55,33,81,32,89,14,97,13,101,20,125,60,124,93,114,121,139,222,129,250,103,201,48,121,152,509,666,820,736,422,388,421,805,803,999,942,572,205,361,899,832,696,365,560,448,470,361,405,468,365,319,138,231,153,153,110,170,146,97,122,79,104,45,106,56,70,37,62,33
64,170,1,2,119,0,1953125,12,0,7620,2.33,0,0,NaN,0,0,20,36,19,21,15,25,14,13,4,20,14,4,6,15,9,3,22,8,25,10,27,30,32,13,53,19,41,31,50,36,35,22,52,94,112,89,135,43,5,183,154,199,401,470,300,419,386,197,591,266,1000,720,453,279,217,700,371,472,441,470,373,79,205,95,137,145,34,136,47,71,14,83,28,59,15,48,43,21,16,20,33,9,8,3,21
64,170,1,2,119,0,1953125,12,0,7625,2.33,0,0,NaN,0,0,4,70,26,50,14,48,24,37,15,17,37,23,17,7,49,19,35,21,65,9,20,58,74,24,42,78,114,8,34,101,141,80,187,156,149,251,184,129,176,85,98,121,276,258,97,171,526,736,828,1000,951,949,751,447,289,189,254,220,364,394,547,472,341,273,140,129,156,219,87,68,50,119,50,61,38,63,14,69,45,41,7,46,27,1,23
64,170,1,2,119,0,1953125,12,0,7670,2.34,0,0,NaN,0,0,52,12,36,28,52,6,27,26,46,7,14,40,35,12,11,43,4,32,33,60,20,21,51,46,60,48,83,64,66,42,125,115,87,155,110,139,222,127,90,33,125,163,132,174,95,79,199,475,669,866,1000,840,611,252,351,391,371,224,319,450,474,453,287,147,146,181,138,92,85,38,80,23,43,40,72,9,37,33,53,11,19,19,28,33,28
64,170,1,2,119,0,1953125,12,0,7887,2.37,0,0,NaN,0,0,19,49,31,41,9,49,7,57,21,45,8,32,5,10,31,5,27,48,53,24,20,71,39,57,26,81,60,21,42,38,81,41,170,136,200,140,55,130,170,100,206,207,282,131,84,32,201,312,571,904,1000,958,592,230,416,549,441,257,410,474,527,398,287,245,161,144,129,135,54,62,17,31,56,59,12,16,21,48,47,21,6,46,44,6,30
64,170,2,2,119,0,1953125,12,0,0,0.95,0,0,NaN,0,0,450,421,386,412,398,364,334,288,261,260,233,189,150,136,156,141,170,194,254,279,315,357,391,435,483,467,522,568,560,567,566,672,643,597,700,545,663,719,639,639,573,538,882,402,458,569,769,470,292,1000,878,524,791,945,800,448,613,610,857,530,110,621,724,452,457,452,485,478,475,472,411,380,383,391,347,328,290,233,235,253,221,155,113,93,93
64,170,2,2,119,0,1953125,12,0,0,0.95,0,0,NaN,0,0,228,211,232,211,241,207,239,202,243,202,241,197,234,200,233,201,224,209,213,231,203,232,198,246,201,266,170,279,190,274,200,303,142,363,257,284,294,243,333,253,197,401,476,142,525,9,512,133,683,483,651,748,314,571,440,878,547,1000,345,296,350,251,388,246,207,314,336,212,338,187,348,210,323,210,319,215,305,242,287,237,271,255,265,265,238
64,170,2,2,119,0,1953125,12,0,0,0.95,0,0,NaN,0,0,220,216,213,216,212,228,212,224,199,229,199,233,188,226,184,234,185,232,182,222,204,220,206,217,204,227,253,193,252,205,254,218,314,110,371,166,372,241,260,288,345,166,370,440,166,417,181,483,128,586,492,543,478,438,459,744,1000,586,753,173,426,328,250,303,287,207,267,288,231,319,185,305,203,302,196,305,204,283,218,277,227,261,231,248,251
64,170,2,2,119,0,1953125,12,0,7776,2.35,0,0,NaN,0,0,25,25,24,23,27,18,22,16,28,4,10,12,15,0,5,9,2,21,20,36,7,19,26,40,34,21,14,48,18,40,42,43,52,90,185,91,223,197,192,239,177,133,144,232,110,211,311,266,225,425,858,407,624,743,478,816,806,1000,780,171,233,149,120,29,49,151,97,88,87,33,92,30,53,42,53,19,35,36,17,5,16,22,6,13,23
64,170,2,2,119,0,1953125,12,0,4633,1.81,0,0,NaN,0,0,460,448,394,389,404,368,335,289,294,295,208,181,192,193,139,154,222,231,218,278,355,376,355,385,518,498,498,482,604,630,600,529,576,747,611,589,611,628,634,461,564,705,381,680,484,593,430,610,787,103,1000,981,277,529,733,477,297,685,432,599,660,413,556,612,505,447,514,564,429,455,418,456,416,339,343,331,295,247,237,194,197,148,126,76,66
64,170,2,2,119,0,1953125,12,0,4633,1.81,0,0,NaN,0,0,46,38,51,27,34,36,38,25,15,36,15,30,14,37,7,31,37,43,21,18,43,22,53,6,62,23,81,38,120,37,134,49,141,55,119,67,4,136,151,246,285,159,177,345,525,443,280,257,667,804,684,383,575,839,1000,738,288,88,388,403,281,199,80,74,79,87,166,118,130,126,147,120,94,85,70,53,65,53,48,28,52,32,42,33,44
64,170,2,2,119,0,1953125,12,0,7776,2.35,0,0,NaN,0,0,12,12,22,14,25,26,17,11,11,17,7,4,4,3,12,17,12,29,12,19,18,12,22,17,24,10,30,9,90,35,68,53,12,105,116,36,62,120,36,157,69,121,179,235,188,325,156,285,574,808,133,789,752,638,1000,534,218,98,404,15,259,220,210,131,157,156,107,45,84,9,68,6,17,23,18,47,24,15,5,24,5,7,13,14,16
64,170,2,2,119,0,1953125,12,0,7256,2.26,0,0,NaN,0,0,67,37,73,14,74,35,54,37,52,55,21,37,51,65,9,19,39,70,14,38,21,85,48,26,36,90,74,17,50,81,101,55,35,182,207,129,216,115,228,227,205,283,293,498,444,461,442,532,826,918,1000,880,482,205,311,500,418,355,273,394,604,524,480,287,77,163,272,298,115,26,75,178,106,24,28,127,128,47,57,75,131,89,57,44,87
64,170,2,2,119,0,1953125,12,0,7868,2.37,0,0,NaN,0,0,56,58,45,13,66,40,49,17,41,31,42,9,12,40,28,7,34,62,13,3,65,54,36,12,50,67,86,31,42,100,79,98,98,248,222,39,115,303,209,238,120,219,182,306,250,210,239,355,666,765,799,514,144,639,1000,989,580,363,429,656,635,543,514,326,151,202,274,116,66,60,112,49,75,23,37,66,24,58,48,67,18,50,38,22,35
