64,170,2,2,119,0,1953125,12,0,0,0.36,0,0,NaN,0,0,4,21,20,8,9,5,19,23,11,10,11,9,16,15,5,18,18,8,18,39,4,34,57,19,28,61,14,26,73,69,18,15,62,83,113,144,133,234,270,335,233,397,274,191,189,241,253,69,235,500,330,806,1000,839,886,422,400,369,126,523,264,259,200,113,122,117,50,51,23,20,28,35,43,31,48,24,26,42,23,22,42,22,31,19,18
64,170,2,2,119,0,1953125,12,0,7556,2.32,0,0,NaN,0,0,40,39,33,21,41,41,26,19,31,35,28,3,34,22,20,6,36,22,20,13,32,47,22,41,52,94,23,131,28,133,115,159,44,172,62,131,205,135,162,431,379,248,404,569,948,530,477,154,308,450,497,1000,595,426,616,762,390,355,802,278,402,171,335,154,158,137,27,109,49,99,38,62,39,52,15,25,16,24,9,7,3,8,21,14,21
64,170,2,2,119,0,1953125,12,0,7631,2.33,0,0,NaN,0,0,93,48,42,30,115,54,29,33,85,42,35,62,52,50,53,72,42,77,68,56,98,114,62,5,213,170,114,30,255,131,189,184,389,207,175,145,262,28,431,558,697,525,202,191,145,355,621,591,602,645,1000,952,668,333,555,606,405,190,351,467,399,499,536,336,172,178,197,97,40,92,131,155,127,111,77,132,119,57,46,133,108,36,54,81,30
64,170,2,2,119,0,1953125,12,0,0,0.95,0,0,NaN,0,0,803,805,809,815,825,820,809,817,812,818,803,788,794,788,785,784,771,773,782,781,783,785,793,799,813,826,823,841,859,869,880,891,897,908,918,930,940,898,939,946,944,958,861,940,982,939,877,820,971,884,952,647,1000,927,894,857,850,992,989,806,842,983,967,921,921,940,957,990,965,948,967,988,979,975,954,955,972,971,956,940,940,950,949,931,923
64,170,2,2,119,0,1953125,12,0,0,0.96,0,0,NaN,0,0,294,314,303,320,296,319,299,329,293,321,278,331,276,327,258,334,254,339,251,337,256,351,262,345,274,362,333,302,384,266,403,302,354,328,542,124,635,65,718,292,566,392,570,459,635,679,532,893,568,996,164,502,67,729,431,797,433,1000,619,446,702,131,455,231,460,313,421,259,502,253,461,292,436,300,433,346,375,364,365,367,345,379,332,371,332
64,170,2,2,119,0,1953125,12,0,0,0.96,0,0,NaN,0,0,218,240,230,243,217,241,222,254,213,242,206,249,213,244,187,252,195,257,190,242,200,259,220,237,221,254,260,219,285,184,327,199,335,180,443,18,492,163,421,193,549,293,462,457,512,639,349,891,528,999,475,565,390,446,591,501,345,330,127,417,303,243,322,208,446,178,340,151,413,214,331,223,317,258,307,267,272,279,274,293,241,287,242,295,240
64,170,2,2,119,0,1953125,12,0,7551,2.32,0,0,NaN,0,0,30,32,24,30,33,30,23,13,23,28,21,10,20,16,17,1,28,15,16,12,34,48,28,44,33,65,34,56,86,58,88,162,121,269,141,274,364,135,162,265,141,264,247,220,267,96,145,506,420,216,348,502,411,199,1000,404,645,704,505,556,367,161,266,134,129,98,42,67,77,46,55,60,21,37,3,28,29,2,10,17,14,13,3,10,10
64,170,2,2,119,0,1953125,12,0,0,0.96,0,0,NaN,0,0,787,785,791,805,815,804,789,794,809,797,783,772,773,779,775,758,748,762,768,764,756,763,780,788,798,801,794,831,859,829,846,870,897,891,903,875,911,918,915,889,932,875,903,929,923,883,819,973,968,829,850,850,996,798,821,864,966,881,734,919,1000,887,860,899,940,959,917,915,931,969,958,937,933,943,963,949,927,919,935,938,928,906,900,915,915
64,170,2,2,119,0,1953125,12,0,0,0.94,0,0,NaN,0,0,58,28,38,26,41,38,29,50,16,31,24,53,18,36,43,58,24,60,50,72,22,86,58,51,31,81,80,46,97,79,149,112,259,239,242,250,226,256,92,166,69,83,139,346,305,313,389,486,519,267,367,520,792,594,832,1000,683,442,129,357,289,135,86,177,215,54,108,151,184,76,125,131,71,66,82,123,34,58,57,64,20,66,65,26,36
64,170,2,2,119,0,1953125,12,0,0,0.96,0,0,NaN,0,0,260,229,262,213,250,227,272,220,253,206,266,228,251,209,240,226,254,225,228,220,252,264,216,274,192,342,161,345,160,316,187,389,82,479,117,548,354,506,482,412,650,34,498,18,424,210,456,149,401,197,398,131,795,494,1000,828,704,682,536,725,126,367,176,556,200,305,145,469,224,358,196,349,286,327,290,254,293,300,312,249,290,255,319,254,297
64,170,2,2,119,0,1953125,12,0,7500,2.31,0,0,NaN,0,0,28,35,28,29,35,22,30,11,27,21,21,7,19,10,6,19,31,23,27,17,19,57,32,48,15,93,29,117,47,114,195,130,197,164,365,334,396,136,216,388,231,346,257,484,454,435,476,548,908,999,409,461,351,455,805,469,497,566,115,268,379,145,351,169,97,62,81,155,32,92,112,61,21,51,46,13,36,20,38,8,12,13,24,10,13
64,170,2,2,119,0,1953125,12,0,0,0.34,0,0,NaN,0,0,48,27,18,22,16,23,45,32,8,33,32,13,23,21,12,14,27,16,48,24,42,7,26,58,41,34,27,73,92,199,208,59,40,91,179,273,186,378,74,231,429,630,832,469,215,163,671,451,396,642,651,434,338,329,882,284,732,545,1000,804,697,117,309,159,264,228,131,105,43,63,65,27,67,58,54,58,46,51,30,46,66,36,14,39,50
64,170,2,2,119,0,1953125,12,0,0,0.34,0,0,NaN,0,0,7,8,6,5,3,3,6,8,8,11,12,12,12,13,15,16,14,14,8,12,4,5,8,1,10,4,26,29,22,49,27,94,85,142,141,152,193,194,181,136,250,294,263,409,395,347,324,232,352,197,327,385,674,697,538,1000,629,329,221,232,261,220,303,178,168,158,146,105,95,109,72,72,57,52,35,28,23,15,15,21,26,32,35,38,41
64,170,2,2,119,0,1953125,12,0,0,0.39,0,0,NaN,0,0,6,4,2,2,7,9,10,12,14,13,11,7,2,2,10,14,18,25,24,26,21,21,21,23,42,44,45,98,79,113,158,151,186,197,274,260,274,317,280,435,436,346,494,334,525,538,328,579,518,617,1000,869,896,830,999,867,496,882,681,147,213,125,185,79,48,37,17,49,103,102,100,100,100,94,79,83,63,48,39,34,34,45,50,58,64
64,170,2,2,119,0,1953125,12,0,0,0.35,0,0,NaN,0,0,6,4,2,2,1,2,4,5,7,9,11,10,12,10,11,12,9,11,8,7,2,4,5,12,13,23,16,7,12,24,18,48,45,84,104,64,108,126,121,175,59,150,157,167,254,217,321,358,365,513,491,572,707,718,1000,526,771,696,562,555,228,306,268,155,171,143,110,83,75,86,61,70,58,59,44,38,36,25,21,20,16,18,18,19,22
64,170,2,2,119,0,1953125,12,0,0,0.95,0,0,NaN,0,0,76,33,51,20,68,55,44,55,48,53,42,78,42,42,62,92,49,67,79,111,28,116,84,140,34,188,145,163,116,181,239,115,195,210,352,230,331,276,361,356,362,489,422,578,378,482,390,548,701,611,577,331,354,377,674,753,1000,749,320,390,325,333,186,337,292,204,74,195,270,177,149,89,183,91,105,113,127,87,76,124,80,70,62,97,57
64,170,2,2,119,0,1953125,12,0,0,0.95,0,0,NaN,0,0,274,317,293,327,280,310,289,327,293,310,269,315,296,304,278,285,295,295,314,259,302,283,343,264,342,240,455,152,495,152,511,294,398,356,388,297,458,421,448,658,416,838,314,1000,230,758,130,809,697,897,895,315,715,160,382,431,998,331,715,141,607,138,523,226,482,414,353,249,448,444,322,401,293,433,311,441,266,402,298,431,295,378,297,387,323
64,170,2,2,119,0,1953125,12,0,7405,2.29,0,0,NaN,0,0,42,40,42,25,40,29,33,13,23,24,33,9,30,22,28,7,27,38,20,40,25,77,28,59,67,85,52,94,59,78,181,195,110,110,123,246,218,144,223,142,308,161,195,401,513,424,310,935,451,789,705,1000,744,651,881,431,836,426,138,480,479,88,365,115,215,63,90,120,119,95,115,32,43,24,34,37,50,28,34,25,22,28,17,22,25
64,170,2,2,119,0,1953125,12,0,0,0.96,0,0,NaN,0,0,370,382,343,308,293,306,314,255,192,194,180,172,125,81,131,147,149,156,185,269,280,295,320,326,405,461,430,418,458,520,517,499,537,471,537,471,610,584,531,299,714,494,483,567,466,455,691,539,280,522,1000,146,713,427,276,427,814,476,253,513,587,579,267,424,525,473,435,318,349,438,412,347,275,274,312,328,270,176,180,191,174,165,87,56,51
64,170,2,2,119,0,1953125,12,0,0,0.94,0,0,NaN,0,0,31,59,44,59,70,19,49,32,71,3,65,34,50,19,76,49,57,26,91,41,67,40,95,57,110,132,104,151,82,210,112,176,124,232,174,100,193,112,112,93,243,130,375,376,519,481,620,1000,899,797,590,529,535,355,705,808,911,778,757,728,490,384,214,359,327,253,112,186,185,141,132,106,173,53,120,99,105,61,74,93,40,64,64,81,36
64,170,2,2,119,0,1953125,12,0,7520,2.31,0,0,NaN,0,0,28,32,28,32,35,25,24,33,28,28,14,30,19,16,16,24,22,17,13,34,21,35,26,26,70,19,61,46,126,95,107,91,204,85,25,229,130,116,275,345,239,276,164,661,421,74,307,420,357,153,616,466,627,729,404,466,644,1000,835,388,199,88,502,245,284,58,158,25,130,67,71,53,99,37,70,40,39,30,21,19,34,13,12,11,22
64,170,2,2,119,0,1953125,12,0,7601,2.32,0,0,NaN,0,0,54,24,46,37,57,53,36,48,38,48,36,49,29,24,31,36,37,21,40,45,68,34,62,67,98,61,116,70,82,72,123,129,71,149,29,31,154,291,237,267,133,129,171,159,162,159,135,160,197,486,735,766,709,349,190,586,919,1000,727,463,188,125,156,92,71,103,112,9,9,109,135,57,47,97,75,16,41,76,99,22,36,55,84,44,10
64,170,2,2,119,0,1953125,12,0,0,0.91,0,0,NaN,0,0,290,289,267,246,222,220,220,199,177,152,113,99,103,93,80,47,97,147,166,175,181,196,246,292,322,306,313,334,371,409,416,424,385,368,421,417,528,455,510,291,434,468,648,298,290,393,383,563,427,410,325,437,767,464,550,432,1000,37,206,325,378,624,400,221,266,315,385,377,327,216,226,248,268,298,258,187,164,150,156,184,154,131,87,55,48
64,170,2,2,119,0,1953125,12,0,0,0.95,0,0,NaN,0,0,45,46,59,8,39,20,66,17,41,25,48,12,48,42,42,20,70,50,59,42,100,75,63,78,76,99,71,147,57,129,94,229,170,129,209,157,120,111,36,126,165,335,443,277,384,614,832,833,826,932,735,769,815,805,1000,794,660,407,271,298,159,171,359,217,48,175,175,212,68,171,156,107,72,103,132,28,62,46,79,13,84,61,46,33,66
64,170,2,2,119,0,1953125,12,0,0,0.36,0,0,NaN,0,0,6,6,5,3,4,3,2,1,2,4,5,8,11,11,13,12,14,12,12,17,14,18,21,10,12,13,25,20,62,8,53,67,54,35,109,78,53,41,116,67,115,89,208,319,83,338,99,160,341,166,197,327,460,752,598,1000,727,521,273,18,252,354,239,255,194,163,133,71,62,45,40,37,45,35,26,31,18,23,24,29,29,31,29,30,28
64,170,2,2,119,0,1953125,12,0,0,0.48,0,0,NaN,0,0,21,22,17,16,18,22,24,22,16,7,12,23,31,31,30,21,10,13,22,28,29,16,16,34,53,85,61,56,65,30,27,88,100,152,167,177,170,192,216,366,368,372,441,305,114,18,192,350,355,403,403,754,975,571,523,1000,725,615,666,394,250,193,106,66,137,163,96,75,23,49,67,75,74,64,40,44,45,52,56,48,34,23,27,34,47
64,170,2,2,119,0,1953125,12,0,0,0.88,0,0,NaN,0,0,198,169,211,204,221,214,178,200,166,223,203,215,205,161,189,165,225,199,212,185,153,189,185,243,199,220,185,160,223,218,276,199,268,113,276,310,228,458,191,283,210,347,463,140,396,162,237,504,68,431,262,226,232,698,1000,572,934,498,525,466,232,470,202,195,203,251,373,188,293,204,236,226,247,313,205,281,189,234,228,249,270,211,250,183,240
64,170,2,2,119,0,1953125,12,0,0,0.95,0,0,NaN,0,0,17,48,16,46,29,42,36,34,36,36,52,25,37,39,49,37,55,51,61,39,74,56,107,65,144,87,156,126,116,107,51,115,49,136,131,264,142,208,144,231,182,177,293,352,347,323,521,554,638,633,386,217,400,643,946,1000,676,643,364,269,237,73,201,170,163,95,59,47,70,74,72,98,53,101,56,89,40,67,49,55,49,45,49,29,44
64,170,2,2,119,0,1953125,12,0,0,0.94,0,0,NaN,0,0,45,29,51,21,49,10,44,12,39,12,33,16,35,21,40,30,45,31,42,36,45,45,48,71,54,125,68,147,82,103,106,111,119,68,154,83,129,19,195,184,225,173,391,565,526,563,521,810,873,756,640,331,332,621,999,944,746,597,358,268,121,78,95,115,124,45,43,44,96,39,88,43,58,58,39,68,14,50,1,48,16,47,33,28,31
64,170,2,2,119,0,1953125,12,0,5239,1.92,0,0,NaN,0,0,33,45,42,30,38,38,47,30,33,39,32,25,25,24,31,26,29,28,32,22,24,59,21,68,4,123,35,136,17,8,208,58,163,138,266,193,307,73,353,608,511,250,294,541,366,279,630,256,936,868,456,248,376,940,837,175,733,451,678,1000,124,194,80,265,60,124,53,109,31,86,37,74,10,10,35,19,24,13,12,20,6,36,15,23,14
