64,170,2,2,119,0,1953125,12,0,7681,2.34,0,0,NaN,0,0,68,98,89,59,55,94,62,61,40,70,48,42,1,67,1,60,58,109,17,77,46,85,72,79,91,95,106,91,116,44,207,119,189,104,307,280,280,269,345,461,271,303,179,437,455,724,563,609,405,597,711,662,681,600,642,928,1000,844,733,677,427,103,191,502,411,235,208,72,147,64,104,105,148,60,96,93,142,38,50,40,71,43,35,29,9
64,170,2,2,119,0,1953125,12,0,7681,2.34,0,0,NaN,0,0,68,98,89,59,55,94,62,61,40,70,48,42,1,67,1,60,58,109,17,77,46,85,72,79,91,95,106,91,116,44,207,119,189,104,307,280,280,269,345,461,271,303,179,437,455,724,563,609,405,597,711,662,681,600,642,928,1000,844,733,677,427,103,191,502,411,235,208,72,147,64,104,105,148,60,96,93,142,38,50,40,71,43,35,29,9
64,170,2,2,119,0,1953125,12,0,7520,2.31,0,0,NaN,0,0,18,28,14,24,18,10,15,8,14,6,6,8,10,3,3,4,1,13,15,11,22,8,33,12,25,21,52,36,36,59,16,100,56,134,128,79,173,146,269,195,188,149,393,84,190,354,208,243,263,243,832,539,756,967,874,602,510,1000,901,850,163,142,118,185,262,173,67,61,65,39,46,84,29,13,57,9,30,24,15,17,8,21,2,12,1
64,170,2,2,119,0,1953125,12,0,7520,2.31,0,0,NaN,0,0,18,28,14,24,18,10,15,8,14,6,6,8,10,3,3,4,1,13,15,11,22,8,33,12,25,21,52,36,36,59,16,100,56,134,128,79,173,146,269,195,188,149,393,84,190,354,208,243,263,243,832,539,756,967,874,602,510,1000,901,850,163,142,118,185,262,173,67,61,65,39,46,84,29,13,57,9,30,24,15,17,8,21,2,12,1
64,170,2,2,119,0,1953125,12,0,7918,2.38,0,0,NaN,0,0,53,47,26,69,27,48,16,35,44,38,26,17,41,13,28,35,68,32,46,26,42,52,27,97,14,83,42,99,109,205,114,157,77,227,134,190,138,43,87,177,336,180,36,272,601,645,648,407,238,318,456,553,633,811,1000,796,481,316,421,361,273,42,285,278,254,144,53,44,33,64,73,43,17,42,59,65,27,37,50,53,14,10,36,46,19
64,170,2,2,119,0,1953125,12,0,7656,2.33,0,0,NaN,0,0,71,38,68,54,42,50,49,36,43,25,30,31,32,32,49,14,44,15,71,38,37,71,42,68,49,63,77,111,53,154,182,30,114,135,325,193,239,97,280,341,277,262,156,400,566,837,721,445,218,219,618,749,928,1000,826,593,493,506,481,453,437,153,153,215,377,275,77,62,115,163,3,59,62,129,24,59,32,102,59,20,21,57,28,34,54
64,170,2,2,119,0,1953125,12,0,7806,2.36,0,0,NaN,0,0,34,101,64,42,24,70,67,40,7,51,71,17,6,53,74,18,25,54,64,38,66,96,60,60,52,80,139,100,125,117,103,149,47,71,227,415,240,175,117,462,450,342,240,576,737,867,697,352,315,175,400,505,889,961,826,622,471,786,1000,977,465,37,351,506,207,116,114,203,84,158,94,110,113,141,46,56,121,82,32,50,89,49,69,72,57
64,170,2,2,119,0,1953125,12,0,8033,2.4,0,0,NaN,0,0,88,80,26,49,55,85,35,16,58,61,37,21,34,57,63,64,47,57,3,21,105,136,37,54,108,120,53,39,135,206,118,92,102,263,291,345,300,151,310,243,316,159,83,158,424,593,656,751,429,241,433,845,999,891,908,720,231,320,809,960,625,296,219,463,294,177,88,210,54,21,106,132,69,30,72,70,95,40,26,66,84,32,25,70,60
64,170,2,2,119,0,1953125,12,0,8033,2.4,0,0,NaN,0,0,88,80,26,49,55,85,35,16,58,61,37,21,34,57,63,64,47,57,3,21,105,136,37,54,108,120,53,39,135,206,118,92,102,263,291,345,300,151,310,243,316,159,83,158,424,593,656,751,429,241,433,845,999,891,908,720,231,320,809,960,625,296,219,463,294,177,88,210,54,21,106,132,69,30,72,70,95,40,26,66,84,32,25,70,60
64,170,2,2,119,0,1953125,12,0,7646,2.33,0,0,NaN,0,0,49,43,97,32,40,29,70,41,18,21,63,38,2,30,40,36,30,85,70,30,39,95,127,19,33,87,143,24,92,74,211,122,63,110,335,326,169,137,125,294,212,207,114,306,420,658,694,583,548,226,414,623,963,1000,732,454,294,565,661,684,472,154,173,325,287,48,43,108,169,74,56,69,124,74,61,37,76,72,68,40,55,70,57,26,22
