64,170,2,2,119,0,1953125,12,0,149,1.05,0,0,NaN,0,0,76,41,71,35,64,40,56,32,36,41,33,32,9,53,10,53,27,72,27,62,53,69,66,67,87,64,93,49,83,55,129,29,114,107,296,203,419,363,661,619,750,650,783,762,883,856,955,1000,686,556,360,417,384,392,158,352,372,653,452,314,468,574,647,646,467,499,287,347,194,290,147,202,60,126,27,88,25,87,42,86,50,72,33,55,52
64,170,2,2,119,0,1953125,12,0,6857,2.2,0,0,NaN,0,0,31,31,27,22,34,28,30,12,38,12,26,15,15,11,3,3,24,5,24,14,23,11,31,18,49,63,56,104,66,109,98,25,61,131,145,90,190,366,534,626,353,467,567,699,621,319,601,617,459,360,735,552,637,313,393,651,761,999,817,424,595,384,577,275,345,204,201,81,159,59,90,71,55,50,25,52,22,33,21,15,25,12,6,15,13
64,170,2,2,119,0,1953125,12,0,149,1.05,0,0,NaN,0,0,401,406,357,352,344,353,307,265,259,242,191,157,176,163,148,149,197,221,224,259,291,355,367,360,419,460,499,455,537,549,510,533,552,551,564,562,467,502,559,620,434,589,571,574,561,540,191,643,140,849,130,784,453,490,125,1000,553,453,377,502,556,516,271,568,439,530,320,417,416,430,356,344,347,368,279,240,258,273,216,144,151,146,145,47,12
64,170,2,2,119,0,1953125,12,0,6857,2.2,0,0,NaN,0,0,41,38,36,36,33,35,25,33,18,31,17,20,25,19,16,29,16,36,14,35,43,46,48,44,74,41,61,31,42,68,77,86,27,101,175,89,196,287,568,515,435,434,567,625,631,324,525,664,416,370,610,529,486,297,388,668,667,1000,720,359,556,345,500,296,255,255,115,127,80,104,32,72,15,23,25,15,22,10,13,13,6,16,16,8,9
64,170,2,2,119,0,1953125,12,0,6838,2.19,0,0,NaN,0,0,69,108,91,80,50,112,79,68,33,124,64,50,47,109,26,44,99,96,65,63,148,86,83,60,204,50,157,116,314,131,225,48,216,64,235,111,344,344,557,362,365,112,412,537,1000,958,988,703,753,905,914,683,122,333,660,608,332,350,439,390,288,438,468,438,231,372,341,347,145,259,185,202,94,191,115,117,108,154,66,68,126,138,61,56,98
64,170,2,2,119,0,1953125,12,0,6857,2.2,0,0,NaN,0,0,48,98,60,84,56,57,83,70,59,20,102,51,34,49,92,15,25,103,66,70,57,149,64,95,92,170,73,177,214,274,58,171,131,172,143,175,250,321,445,483,274,178,400,580,894,1000,912,818,671,946,875,703,191,396,601,616,213,407,419,423,260,518,449,410,186,414,309,290,137,303,161,151,122,214,60,86,144,159,19,76,132,89,57,96,91
64,170,2,2,119,0,1953125,12,0,149,1.05,0,0,NaN,0,0,418,399,372,367,356,353,310,258,249,242,205,152,155,170,151,137,179,217,233,251,301,372,360,380,428,480,503,445,560,563,513,541,558,558,563,576,489,498,580,615,426,598,569,607,664,481,250,648,173,821,79,850,423,478,238,1000,636,407,417,509,578,534,279,561,499,517,329,428,437,418,337,347,374,375,283,243,262,275,225,140,138,160,116,62,16
64,170,2,2,119,0,1953125,12,0,149,1.05,0,0,NaN,0,0,36,61,27,55,34,55,20,41,30,42,22,18,37,21,40,18,67,16,57,27,68,29,66,52,77,56,64,77,65,93,16,101,39,175,156,325,262,484,508,709,642,757,731,830,850,891,1000,936,846,511,525,333,471,293,337,290,406,416,353,204,338,458,576,450,489,306,342,187,266,141,210,89,130,28,87,1,68,32,73,37,65,37,48,34,41
64,170,2,2,119,0,1953125,12,0,149,1.05,0,0,NaN,0,0,59,33,54,32,52,29,46,20,41,20,32,25,23,36,20,51,20,63,9,65,13,71,26,80,34,71,51,69,60,35,105,48,105,45,270,205,354,397,564,629,680,724,719,823,811,904,882,1000,736,585,456,433,384,372,277,334,295,473,243,219,299,480,466,514,367,373,247,252,181,198,154,123,91,70,56,52,21,71,30,64,32,59,20,40,32
64,170,2,2,119,0,1953125,12,0,124,1.04,0,0,NaN,0,0,61,36,57,35,51,36,44,36,33,41,26,41,18,54,19,58,22,63,21,61,38,64,49,68,61,55,76,50,80,15,131,28,125,66,292,214,379,386,581,605,674,682,701,774,796,877,889,1000,728,596,451,432,375,390,300,365,283,464,221,154,275,426,441,496,347,367,231,253,169,205,155,144,99,82,68,62,31,70,36,66,40,61,31,41,35
64,170,2,2,119,0,1953125,12,0,124,1.04,0,0,NaN,0,0,64,35,60,29,51,37,47,31,34,42,32,39,16,58,22,56,27,68,21,59,45,68,55,62,73,54,84,39,82,21,134,11,120,81,297,218,399,364,617,597,716,665,757,758,839,849,921,1000,761,625,419,425,360,398,256,414,322,507,297,139,305,380,487,491,370,400,231,279,153,237,126,178,58,116,32,78,20,74,32,71,48,65,27,44,43
64,170,2,2,119,0,1953125,12,0,124,1.04,0,0,NaN,0,0,42,58,32,53,29,58,16,46,13,55,8,35,34,47,37,32,61,36,56,10,79,5,78,14,94,32,89,53,67,95,64,96,47,190,188,313,324,429,565,639,679,681,764,747,865,821,1000,905,833,538,504,367,445,299,312,348,381,384,339,110,302,354,527,382,447,291,307,189,236,154,189,116,120,66,83,35,70,19,73,36,72,31,49,28,44
64,170,2,2,119,0,1953125,12,0,124,1.04,0,0,NaN,0,0,64,31,58,30,54,31,50,28,40,34,36,38,23,50,23,56,23,66,12,64,35,72,45,72,59,61,72,53,78,17,129,29,121,66,292,207,381,373,596,599,694,667,722,764,825,874,903,1000,736,602,429,446,373,400,268,399,289,478,239,117,301,386,445,472,329,377,212,265,141,225,124,164,63,106,38,73,10,74,23,70,42,65,24,44,39
64,170,2,2,119,0,1953125,12,0,124,1.04,0,0,NaN,0,0,62,40,58,36,49,43,44,38,27,50,26,43,11,56,19,55,35,65,32,52,56,59,64,49,81,43,94,23,81,40,128,13,111,110,275,216,396,358,625,588,731,651,779,743,876,849,963,1000,795,637,453,453,383,394,267,436,320,474,278,62,310,329,480,438,360,371,226,260,152,224,123,173,56,116,28,75,29,64,38,62,54,58,32,41,42
64,170,2,2,119,0,1953125,12,0,124,1.04,0,0,NaN,0,0,63,31,58,27,56,26,50,23,43,28,36,35,25,49,26,55,20,66,11,64,24,72,37,74,49,67,67,59,71,25,121,42,112,51,279,207,365,375,565,588,662,667,693,761,799,873,893,1000,741,609,450,448,377,405,307,422,309,470,215,100,263,363,407,455,316,359,205,251,142,213,130,154,73,99,48,67,11,71,20,66,36,67,22,42,37
64,170,2,2,119,0,1953125,12,0,124,1.04,0,0,NaN,0,0,64,34,60,29,54,35,48,30,35,39,34,38,15,54,18,53,23,68,18,58,41,67,52,64,68,60,79,46,76,27,125,19,105,71,277,195,377,346,596,577,692,643,731,739,827,845,917,1000,761,625,439,453,364,406,291,472,356,501,252,96,264,331,439,455,336,377,214,268,142,228,121,172,61,115,34,78,12,71,26,70,45,62,26,43,39
64,170,2,2,119,0,1953125,12,0,124,1.04,0,0,NaN,0,0,62,35,58,31,50,36,49,32,36,40,31,37,15,54,21,57,24,66,18,59,42,68,51,66,65,58,80,48,72,31,118,23,101,70,273,193,372,343,587,573,697,647,739,749,839,857,922,1000,758,626,446,468,380,414,301,473,352,483,217,66,268,326,424,435,321,367,205,258,135,220,116,166,57,111,33,74,11,69,24,65,45,62,23,40,37
64,170,1,2,119,0,1953125,12,0,124,1.04,0,0,NaN,0,0,63,31,58,26,51,29,48,27,40,35,34,36,21,50,22,54,22,65,11,60,31,69,38,72,53,67,67,58,68,31,112,37,95,50,264,188,358,350,559,570,662,645,694,740,799,847,884,1000,749,621,446,444,356,386,309,451,318,432,159,40,251,323,392,418,289,338,185,237,121,200,112,150,65,99,42,66,5,64,15,61,33,61,16,34,32
64,170,1,2,119,0,1953125,12,0,124,1.04,0,0,NaN,0,0,61,36,56,32,47,38,44,32,28,41,28,39,11,54,18,52,23,63,21,51,45,62,51,56,68,57,79,41,65,43,110,21,90,85,254,187,362,327,578,554,686,624,726,718,820,820,912,1000,785,659,475,474,361,386,298,472,325,422,173,38,250,269,403,391,299,335,188,240,119,200,102,157,49,107,26,71,11,63,22,55,39,59,21,35,33
64,170,1,2,119,0,1953125,12,0,124,1.04,0,0,NaN,0,0,60,33,56,29,50,32,46,28,35,36,33,35,17,51,21,55,23,66,13,59,36,65,43,66,60,60,71,48,66,33,109,26,96,64,258,182,357,334,566,562,679,637,717,742,825,849,903,1000,767,647,468,484,389,413,310,465,334,442,176,40,239,289,388,405,291,343,188,245,124,207,109,157,58,103,36,71,6,64,20,62,34,60,20,37,33
64,170,1,2,119,0,1953125,12,0,124,1.04,0,0,NaN,0,0,60,30,57,26,54,23,51,21,44,25,38,31,27,43,26,54,22,63,10,63,15,71,27,76,39,70,55,64,66,32,109,45,101,43,263,200,343,364,538,591,654,675,684,775,798,875,872,1000,747,617,471,474,408,409,326,419,324,431,162,59,226,332,365,416,285,330,194,233,137,193,127,141,80,89,54,59,17,66,19,62,35,63,21,39,33
64,170,1,2,119,0,1953125,12,0,124,1.04,0,0,NaN,0,0,53,50,46,42,39,51,31,43,13,53,8,37,19,53,23,43,49,53,40,25,67,33,70,16,90,30,92,24,69,77,90,53,69,152,213,257,355,360,582,576,703,625,759,693,862,799,1000,976,862,628,493,432,422,370,331,469,354,397,258,60,241,250,470,352,374,298,239,208,169,176,138,149,75,97,50,62,46,39,54,37,60,44,37,28,39
64,170,1,2,119,0,1953125,12,0,124,1.04,0,0,NaN,0,0,56,46,50,42,42,53,34,42,16,56,12,39,16,55,23,44,44,54,41,33,68,39,71,25,93,32,96,16,76,69,97,47,80,146,230,250,366,361,608,598,729,646,793,735,902,827,1000,980,864,640,514,471,425,388,333,482,415,465,309,56,238,252,478,389,395,344,265,247,185,207,145,167,80,111,47,72,45,51,54,50,65,48,41,36,45
64,170,1,2,119,0,1953125,12,0,124,1.04,0,0,NaN,0,0,49,55,39,48,35,57,22,45,10,57,4,42,26,55,35,43,57,47,54,21,77,22,78,6,98,23,95,34,75,81,79,68,63,167,199,276,334,382,575,616,700,655,782,747,906,823,1000,920,816,544,488,430,487,373,339,418,430,437,331,28,271,296,508,373,420,312,290,221,219,183,171,143,102,91,67,55,61,32,67,38,71,39,49,32,43
64,170,1,2,119,0,1953125,12,0,124,1.04,0,0,NaN,0,0,54,49,47,41,40,51,32,42,15,55,13,41,15,55,22,45,45,55,40,31,66,40,69,26,92,29,95,19,73,68,95,47,75,146,228,243,360,352,588,571,702,627,775,723,893,821,1000,967,812,588,472,460,451,379,311,449,342,410,257,28,267,270,471,360,364,308,235,221,172,190,134,150,68,98,43,61,43,46,51,46,62,46,37,31,41
64,170,1,2,119,0,1953125,12,0,124,1.04,0,0,NaN,0,0,50,44,49,32,49,28,48,14,44,12,43,13,32,36,38,41,24,58,21,55,8,73,11,71,33,73,46,60,64,33,112,48,96,38,265,199,344,340,543,557,638,614,674,704,768,803,888,1000,771,629,446,453,359,391,302,468,318,428,204,78,222,235,396,360,307,319,194,221,129,193,110,152,56,106,29,62,36,53,40,46,58,48,32,35,41
64,170,1,2,119,0,1953125,12,0,76,1.03,0,0,NaN,0,0,40,66,35,57,25,64,19,55,4,60,3,48,22,53,20,38,34,43,36,24,64,28,73,20,88,20,103,13,101,60,156,44,135,132,310,239,395,340,604,580,713,626,741,721,837,816,913,1000,789,651,475,488,378,418,321,517,384,483,207,92,213,217,364,376,290,341,192,258,130,214,125,187,96,133,73,96,39,70,26,58,28,65,33,36,26
64,170,1,2,119,0,1953125,12,0,124,1.04,0,0,NaN,0,0,51,46,51,34,53,30,50,14,47,10,50,16,38,39,43,48,29,62,24,64,4,80,11,77,32,77,49,66,64,38,115,46,108,44,277,207,358,356,563,586,680,658,733,772,843,857,911,1000,752,606,446,496,406,414,291,464,330,460,230,51,244,281,425,389,330,341,213,239,147,209,115,158,59,110,30,64,38,53,44,49,56,43,36,36,40
64,170,1,2,119,0,1953125,12,0,124,1.04,0,0,NaN,0,0,58,40,56,32,47,41,42,35,28,42,27,36,9,53,17,51,27,62,19,50,45,59,49,53,70,50,80,31,74,39,119,11,100,85,257,192,366,328,576,549,680,613,720,705,827,817,928,1000,780,627,469,489,398,426,325,504,356,463,211,98,203,239,392,389,302,332,189,244,126,208,109,163,55,112,32,75,12,65,25,61,44,61,23,37,37
64,170,1,2,119,0,1953125,12,0,114,1.04,0,0,NaN,0,0,43,56,31,48,44,48,30,32,43,33,32,12,48,19,43,23,66,18,52,36,58,36,54,56,67,66,48,88,49,104,5,113,28,170,147,325,256,468,482,681,617,731,699,796,831,874,1000,975,913,570,588,404,524,371,452,450,515,420,331,37,102,258,429,334,424,253,298,164,233,128,197,108,135,62,96,38,69,9,71,27,72,33,53,25,42
64,170,1,2,119,0,1953125,12,0,76,1.03,0,0,NaN,0,0,74,30,62,24,70,19,57,11,66,4,46,23,52,27,37,40,43,42,19,62,18,68,6,82,20,96,16,115,58,130,82,137,82,197,223,359,282,506,496,736,630,776,679,840,823,912,977,1000,910,592,633,429,527,362,466,448,520,388,270,70,102,281,365,309,388,227,289,153,235,116,204,116,160,87,116,65,81,32,63,20,62,29,55,26,32
64,170,1,2,119,0,1953125,12,0,124,1.04,0,0,NaN,0,0,57,44,53,32,52,27,53,14,46,15,46,17,32,39,37,46,24,64,15,58,13,75,19,72,40,71,57,57,75,29,125,34,108,47,273,198,363,348,568,574,674,634,728,747,838,836,913,1000,760,608,466,516,420,430,322,490,325,437,211,62,230,241,408,350,312,316,205,224,142,197,113,151,62,109,31,64,43,50,45,48,62,44,37,33,38
64,170,1,2,119,0,1953125,12,0,124,1.04,0,0,NaN,0,0,59,33,57,27,52,31,46,24,37,30,34,31,21,47,20,49,14,60,3,56,27,64,36,66,50,60,67,50,73,21,123,39,103,38,259,186,349,345,537,550,626,615,645,697,752,810,863,1000,753,606,450,460,385,432,340,480,373,479,210,112,165,243,338,399,282,326,182,228,122,190,119,151,78,98,52,67,17,68,18,60,32,65,23,37,32
64,170,1,2,119,0,1953125,12,0,114,1.04,0,0,NaN,0,0,58,34,57,30,49,33,46,28,29,36,31,33,14,48,17,51,22,63,10,54,38,63,44,58,61,55,74,41,73,28,121,19,103,54,255,185,359,329,555,544,653,607,684,692,783,799,886,1000,787,637,461,466,376,443,337,508,386,496,242,147,146,219,353,398,299,347,196,249,125,206,111,162,67,110,42,76,12,68,19,62,34,62,24,38,32
64,170,1,2,119,0,1953125,12,0,76,1.03,0,0,NaN,0,0,52,59,42,47,58,49,44,29,55,37,42,16,58,23,44,16,58,8,40,43,53,49,45,70,55,93,42,117,17,152,42,153,14,236,196,371,291,478,531,712,654,718,719,778,852,845,1000,951,908,549,582,401,498,343,445,462,509,396,309,73,118,254,406,298,413,245,298,170,237,142,204,139,152,107,108,78,74,44,61,29,61,36,51,27,35
64,170,2,2,119,0,1953125,12,0,6857,2.2,0,0,NaN,0,0,37,39,37,28,35,32,37,21,33,30,22,27,11,21,22,20,20,29,32,41,29,41,26,51,19,27,22,54,96,2,137,69,67,35,196,14,182,386,579,624,488,539,585,695,738,409,584,850,580,252,619,620,624,389,477,828,771,1000,592,145,377,212,435,191,233,221,97,118,70,96,33,76,23,45,30,25,15,12,22,20,5,25,21,10,1
64,170,2,2,119,0,1953125,12,0,6832,2.19,0,0,NaN,0,0,88,44,97,23,78,19,99,18,64,41,97,10,20,80,63,28,45,117,27,81,83,145,21,101,143,172,87,178,258,288,70,124,162,176,152,166,205,225,357,391,286,194,412,630,917,1000,877,804,613,828,758,678,284,249,444,530,164,266,469,607,350,412,324,398,177,305,243,295,111,222,154,184,52,182,98,114,70,172,83,69,79,131,53,56,94
64,170,2,2,119,0,1953125,12,0,124,1.04,0,0,NaN,0,0,458,450,397,362,397,377,302,270,296,281,213,171,188,187,134,141,225,233,199,249,362,398,334,384,498,534,500,474,637,624,497,593,627,627,581,625,510,548,636,611,478,621,597,612,923,435,481,625,157,843,156,955,376,471,419,1000,743,132,603,584,532,593,419,564,531,514,420,476,481,445,356,396,407,385,296,277,292,288,189,157,179,157,139,40,62
64,170,2,2,119,0,1953125,12,0,124,1.04,0,0,NaN,0,0,55,47,49,42,43,51,30,44,16,53,13,42,14,54,21,48,41,57,40,34,63,42,69,29,89,30,96,16,80,62,112,43,93,133,239,242,376,359,605,591,728,644,790,730,907,833,1000,995,854,628,493,481,444,411,332,502,382,435,241,83,215,215,429,348,347,316,223,231,158,195,122,158,63,108,32,67,35,50,44,46,53,48,32,32,38
64,170,2,2,119,0,1953125,12,0,124,1.04,0,0,NaN,0,0,56,37,55,32,46,39,42,33,29,42,26,35,8,49,14,50,22,60,17,50,41,56,49,52,66,47,79,31,78,26,122,9,101,74,258,190,364,332,564,544,665,610,706,702,821,828,917,1000,778,623,446,471,384,414,325,482,319,417,159,92,209,235,364,364,271,310,167,225,110,192,96,149,49,100,30,66,4,60,19,57,33,55,18,34,31
64,170,2,2,119,0,1953125,12,0,114,1.04,0,0,NaN,0,0,54,48,44,40,41,49,32,40,16,50,14,38,12,53,17,45,37,58,30,35,59,45,61,30,85,33,89,14,77,57,114,33,90,120,242,225,370,338,588,564,703,621,760,703,867,818,977,1000,848,648,487,477,411,416,339,520,366,418,200,119,195,197,397,339,316,310,199,223,135,191,110,157,55,107,26,70,26,53,36,49,50,51,27,33,35
64,170,2,2,119,0,1953125,12,0,124,1.04,0,0,NaN,0,0,40,51,32,46,40,41,31,29,41,25,34,8,46,16,43,26,58,26,46,42,50,44,40,64,48,68,26,93,42,91,38,106,49,139,175,299,245,456,454,669,581,733,640,798,784,911,946,1000,875,593,577,422,495,386,457,435,466,379,243,18,88,286,332,345,351,256,262,164,204,126,181,87,132,40,97,27,57,39,52,51,52,50,39,32,32
64,170,2,2,119,0,1953125,12,0,51,1.03,0,0,NaN,0,0,40,70,34,59,37,66,29,51,36,54,32,37,48,36,38,17,53,10,51,14,73,24,78,36,90,60,107,73,94,122,140,107,109,200,284,287,386,365,617,607,736,634,779,714,900,825,993,1000,854,652,516,506,424,428,387,587,410,428,175,176,208,159,352,286,282,295,181,233,123,206,115,195,84,151,69,116,39,81,25,61,30,69,39,47,32
64,170,2,2,119,0,1953125,12,0,51,1.03,0,0,NaN,0,0,56,57,46,54,38,62,32,52,15,61,17,51,18,59,16,35,33,41,39,17,79,24,76,3,101,12,113,34,124,80,164,76,134,172,314,271,382,345,615,600,723,618,781,723,901,808,1000,965,845,589,535,494,481,397,424,555,464,394,245,169,147,193,358,228,349,232,255,165,204,158,181,147,146,127,110,91,83,64,56,35,67,45,52,36,45
64,170,2,2,119,0,1953125,12,0,51,1.03,0,0,NaN,0,0,57,55,49,53,39,60,36,51,21,57,17,50,16,57,13,34,29,40,37,22,77,26,75,8,99,10,115,27,123,66,169,66,137,161,323,263,387,337,614,595,724,615,782,724,901,810,1000,986,838,609,521,505,472,392,405,557,419,365,191,199,186,210,364,221,332,224,233,165,184,155,167,147,130,130,97,91,73,65,49,36,62,42,46,35,40
64,170,2,2,119,0,1953125,12,0,51,1.03,0,0,NaN,0,0,56,51,48,49,41,57,39,47,18,57,17,44,13,55,13,33,29,41,33,22,75,28,72,9,100,10,110,27,118,62,159,59,129,153,307,259,384,338,604,582,711,608,759,700,877,798,994,1000,869,638,541,507,457,371,401,564,403,325,158,230,191,220,345,199,313,205,216,145,171,139,156,137,124,116,89,83,72,60,46,31,57,37,45,32,39
64,170,2,2,119,0,1953125,12,0,6796,2.19,0,0,NaN,0,0,42,37,38,23,37,31,40,17,35,32,28,23,13,20,26,22,21,34,28,38,31,49,19,57,36,32,35,32,83,35,129,88,44,85,203,60,223,351,664,637,603,582,670,731,839,471,671,1000,779,391,624,627,725,373,462,934,912,976,528,79,337,161,496,152,311,164,159,67,129,43,61,64,55,37,10,39,13,18,13,2,24,2,9,1,2
64,170,2,2,119,0,1953125,12,0,124,1.04,0,0,NaN,0,0,38,54,38,42,43,37,43,23,44,9,46,5,39,25,47,38,39,53,35,57,6,74,10,71,21,77,40,72,64,44,106,50,96,34,262,200,329,340,539,580,663,634,709,754,835,841,903,1000,754,606,450,511,428,414,304,480,326,399,159,79,232,234,392,314,300,289,198,198,147,177,113,133,69,95,36,49,45,34,50,36,57,26,38,26,32
64,170,2,2,119,0,1953125,12,0,124,1.04,0,0,NaN,0,0,38,54,38,42,43,37,43,23,44,9,46,5,39,25,47,38,39,53,35,57,6,74,10,71,21,77,40,72,64,44,106,50,96,34,262,200,329,340,539,580,663,634,709,754,835,841,903,1000,754,606,450,511,428,414,304,480,326,399,159,79,232,234,392,314,300,289,198,198,147,177,113,133,69,95,36,49,45,34,50,36,57,26,38,26,32
64,170,2,2,119,0,1953125,12,0,6807,2.19,0,0,NaN,0,0,44,46,42,42,38,42,29,37,28,34,25,23,30,28,17,38,23,47,20,39,48,60,50,60,89,57,87,68,32,100,52,93,11,114,139,107,236,319,625,618,553,530,606,700,820,447,637,949,710,301,575,593,684,433,491,859,780,1000,555,55,368,147,496,165,242,202,113,115,73,82,29,87,31,38,19,31,14,5,3,15,11,21,17,10,12
64,170,2,2,119,0,1953125,12,0,26,1.02,0,0,NaN,0,0,62,36,63,34,60,39,53,38,43,42,35,43,27,46,15,43,9,46,29,54,51,59,63,62,74,65,99,78,129,67,179,74,172,120,334,274,350,369,526,610,640,644,655,748,779,838,845,1000,763,621,460,468,370,397,352,517,357,399,121,120,240,184,300,289,227,286,156,218,104,198,112,175,91,148,83,106,51,88,39,55,31,69,37,46,38
64,170,2,2,119,0,1953125,12,0,26,1.02,0,0,NaN,0,0,62,36,63,34,60,39,53,38,43,42,35,43,27,46,15,43,9,46,29,54,51,59,63,62,74,65,99,78,129,67,179,74,172,120,334,274,350,369,526,610,640,644,655,748,779,838,845,1000,763,621,460,468,370,397,352,517,357,399,121,120,240,184,300,289,227,286,156,218,104,198,112,175,91,148,83,106,51,88,39,55,31,69,37,46,38
64,170,2,2,119,0,1953125,12,0,26,1.02,0,0,NaN,0,0,67,26,69,20,65,27,62,28,51,37,43,39,34,48,20,44,9,50,23,56,46,66,58,63,78,66,100,80,134,66,184,71,176,120,344,264,358,358,561,620,674,642,697,754,824,844,877,1000,768,626,464,519,407,415,346,542,360,397,136,141,227,167,322,248,258,269,176,206,128,197,121,176,93,159,72,115,49,93,27,55,43,65,38,51,42
64,170,2,2,119,0,1953125,12,0,51,1.03,0,0,NaN,0,0,62,27,64,16,61,19,59,15,51,21,47,28,34,40,27,36,8,49,8,50,35,61,44,55,64,61,84,65,117,41,164,49,155,97,324,244,352,338,552,587,665,619,698,731,830,833,894,1000,766,618,452,506,412,401,340,528,323,355,123,163,239,184,343,235,270,249,184,183,140,176,125,158,95,135,64,92,51,71,29,40,48,47,35,37,34
64,170,2,2,119,0,1953125,12,0,51,1.03,0,0,NaN,0,0,61,33,60,30,53,35,51,32,40,38,34,37,24,47,14,37,7,46,20,42,50,48,56,45,73,47,96,46,120,26,167,38,152,95,322,236,362,332,560,580,672,615,685,706,808,816,886,1000,787,640,460,497,393,395,335,532,340,356,107,163,234,170,331,252,254,264,169,200,115,181,108,165,76,140,57,98,36,78,18,46,39,60,30,40,34
64,170,2,2,119,0,1953125,12,0,21,1.02,0,0,NaN,0,0,51,58,46,53,36,61,36,52,21,58,20,50,19,55,13,35,29,39,44,30,73,32,80,26,98,19,117,33,140,44,188,53,171,132,345,254,384,332,588,588,707,618,725,711,850,823,913,1000,814,658,492,519,408,399,348,552,363,355,121,180,226,162,328,222,262,243,174,193,125,181,116,172,91,150,70,113,48,91,26,57,41,62,35,47,41
64,170,2,2,119,0,1953125,12,0,26,1.02,0,0,NaN,0,0,61,48,57,46,50,54,50,49,32,58,29,49,19,56,13,38,30,42,41,34,76,38,82,24,104,21,122,37,151,50,196,63,181,154,362,270,400,338,620,613,748,637,780,740,913,848,974,1000,839,631,505,526,474,408,380,550,395,358,177,179,198,195,353,212,317,227,229,167,184,161,165,153,138,141,101,101,80,76,51,45,64,50,51,45,49
64,170,2,2,119,0,1953125,12,0,51,1.03,0,0,NaN,0,0,57,33,60,24,59,16,58,5,56,6,49,17,44,27,35,31,21,41,6,58,11,68,24,74,36,83,60,96,97,86,142,89,144,123,301,283,320,382,509,631,631,662,654,761,793,864,852,1000,746,609,453,501,414,403,342,493,325,367,82,114,252,203,317,280,233,278,154,206,107,196,106,170,77,143,57,99,33,79,16,52,36,60,27,43,34
64,170,1,2,119,0,1953125,12,0,0,0.99,0,0,NaN,0,0,201,262,207,274,205,271,208,288,211,282,205,293,210,292,193,293,196,294,181,277,187,284,162,270,162,275,152,264,120,306,104,301,149,375,111,438,3,428,137,673,256,663,246,747,371,805,471,1000,545,657,405,554,159,369,214,607,42,190,210,407,359,411,481,269,399,114,273,150,243,159,221,151,225,161,202,170,194,187,174,194,161,201,164,186,157
64,170,1,2,119,0,1953125,12,0,0,0.99,0,0,NaN,0,0,201,262,207,274,205,271,208,288,211,282,205,293,210,292,193,293,196,294,181,277,187,284,162,270,162,275,152,264,120,306,104,301,149,375,111,438,3,428,137,673,256,663,246,747,371,805,471,1000,545,657,405,554,159,369,214,607,42,190,210,407,359,411,481,269,399,114,273,150,243,159,221,151,225,161,202,170,194,187,174,194,161,201,164,186,157
64,170,1,2,119,0,1953125,12,0,0,0.99,0,0,NaN,0,0,201,252,207,267,205,263,211,276,214,271,214,279,217,281,201,281,203,283,187,267,198,267,180,254,188,255,181,240,165,280,157,266,215,327,204,407,100,414,167,655,285,646,292,724,420,782,458,1000,469,693,285,593,101,395,132,615,95,161,167,430,264,461,389,340,348,189,234,199,209,194,186,187,201,176,182,190,178,196,163,205,151,211,148,196,145
64,170,1,2,119,0,1953125,12,0,0,0.99,0,0,NaN,0,0,82,37,80,27,83,27,83,19,71,29,76,34,64,59,76,58,67,84,75,76,59,105,77,107,82,120,92,119,147,148,179,174,219,250,357,257,328,206,514,519,670,505,672,629,824,722,899,1000,822,641,495,537,360,293,370,583,237,139,62,379,434,444,477,298,327,125,171,47,145,14,106,16,75,38,52,23,40,32,50,31,52,28,47,20,33
64,170,1,2,119,0,1953125,12,0,76,1.03,0,0,NaN,0,0,59,47,54,24,61,24,56,5,53,12,50,23,37,40,34,39,15,52,2,48,33,63,38,48,68,56,84,34,117,8,161,29,147,107,322,247,387,328,610,605,743,630,775,723,908,828,987,1000,876,609,509,483,474,365,359,487,381,309,193,164,166,242,375,246,359,211,260,124,213,114,186,90,150,66,103,30,82,7,49,28,55,27,42,26,27
64,170,1,2,119,0,1953125,12,0,0,0.99,0,0,NaN,0,0,30,85,25,75,22,79,33,65,30,68,36,60,40,68,37,70,42,87,30,93,25,107,27,127,38,126,49,134,110,160,154,182,186,250,342,242,308,195,497,498,628,495,627,616,756,709,812,1000,754,639,490,533,306,272,360,545,207,168,148,307,512,391,506,305,285,207,128,119,106,108,55,98,16,69,27,56,20,33,37,48,29,52,26,40,17
64,170,1,2,119,0,1953125,12,0,6827,2.19,0,0,NaN,0,0,34,36,30,28,37,33,33,12,36,17,28,12,11,16,17,16,22,22,26,28,24,32,20,43,20,37,16,59,91,7,142,58,70,82,204,75,194,338,639,676,654,588,689,710,933,513,663,1000,877,299,554,599,766,409,420,886,884,939,555,151,287,178,510,198,361,173,186,63,150,45,88,27,92,10,40,23,44,18,5,22,16,14,2,9,2
64,170,1,2,119,0,1953125,12,0,21,1.02,0,0,NaN,0,0,435,387,348,340,373,333,265,244,280,251,169,144,194,160,105,147,208,195,169,246,334,335,297,371,497,409,405,471,604,510,470,552,569,577,496,547,591,506,508,441,611,496,398,336,1000,273,846,271,523,333,684,518,488,247,907,335,625,492,653,202,465,402,611,381,497,379,482,437,452,391,371,392,350,311,304,277,265,239,195,172,155,114,86,71,48
64,170,1,2,119,0,1953125,12,0,124,1.04,0,0,NaN,0,0,54,36,44,40,42,40,24,45,17,43,2,42,18,41,37,36,49,29,56,7,62,6,66,30,74,46,58,83,41,89,15,110,31,145,163,310,226,420,437,667,576,710,632,802,780,900,883,1000,809,588,497,447,437,387,338,400,332,382,125,16,202,283,328,364,258,317,167,221,114,194,86,139,45,102,12,64,21,48,40,49,42,33,35,28,25
64,170,2,2,119,0,1953125,12,0,6852,2.2,0,0,NaN,0,0,46,48,40,43,36,42,29,39,19,40,17,31,25,31,17,40,18,51,18,40,45,58,43,62,81,51,83,44,42,93,71,95,13,125,152,134,200,307,633,664,625,562,671,707,907,529,645,987,820,305,516,601,717,435,498,915,827,999,607,135,372,128,523,166,283,197,133,117,95,79,40,88,30,42,15,39,16,9,12,4,8,18,14,3,13
64,170,2,2,119,0,1953125,12,0,6852,2.2,0,0,NaN,0,0,72,75,67,53,69,38,80,46,51,10,92,38,17,50,70,13,13,97,41,58,48,130,24,89,122,178,51,166,228,295,73,122,148,201,155,204,207,262,312,367,263,237,412,634,890,1000,901,838,614,765,639,506,51,449,628,669,203,227,451,625,349,370,307,386,172,270,217,276,104,224,150,170,44,179,92,109,75,160,69,70,75,110,32,64,90
64,170,2,2,119,0,1953125,12,0,76,1.03,0,0,NaN,0,0,425,394,332,331,374,333,277,249,269,255,170,137,184,161,109,135,204,205,178,257,334,324,303,366,479,413,413,470,601,514,477,552,574,577,490,570,589,472,514,462,590,464,436,395,1000,216,767,357,394,478,588,644,470,254,791,574,618,364,680,259,468,453,558,411,486,408,471,435,434,387,361,385,354,331,285,281,263,239,184,171,169,123,94,62,58
64,170,2,2,119,0,1953125,12,0,124,1.04,0,0,NaN,0,0,60,39,55,28,55,28,52,15,46,24,44,26,28,47,33,52,20,68,12,60,25,73,28,68,54,67,69,48,79,28,121,18,101,69,273,197,354,314,580,585,718,631,762,746,901,852,945,1000,808,607,444,500,436,398,276,478,356,407,190,70,226,231,422,330,334,301,225,214,164,185,123,140,70,99,38,54,45,33,49,33,60,29,36,25,33
64,170,2,2,119,0,1953125,12,0,6832,2.19,0,0,NaN,0,0,48,47,44,44,35,42,33,41,19,38,22,30,27,29,23,43,15,53,17,48,47,59,44,70,82,48,78,40,57,90,84,105,16,111,162,113,182,336,625,673,629,557,682,708,902,495,629,991,741,254,536,703,772,502,512,905,828,1000,595,125,381,189,508,171,248,216,118,128,79,87,33,87,30,37,30,30,21,13,16,18,0,23,17,3,11
64,170,2,2,119,0,1953125,12,0,6877,2.2,0,0,NaN,0,0,23,94,48,65,6,78,20,70,16,45,51,79,27,7,69,37,15,55,86,15,34,112,100,59,57,172,61,152,168,304,138,121,73,222,57,224,139,266,218,398,247,256,332,654,830,1000,909,866,621,719,664,532,128,430,652,694,278,291,522,684,386,330,301,373,166,265,218,242,77,225,145,144,51,178,73,93,89,137,16,79,117,107,37,89,96
64,170,2,2,119,0,1953125,12,0,6802,2.19,0,0,NaN,0,0,36,95,17,95,17,99,15,64,40,97,19,18,72,72,39,25,114,62,75,53,144,28,73,114,208,62,129,174,309,137,167,80,197,143,213,143,243,247,361,271,339,230,440,588,957,907,1000,714,660,627,650,477,8,300,664,606,200,140,499,532,436,332,330,354,237,228,243,276,165,185,190,211,101,137,141,146,93,126,113,92,95,129,115,78,80
64,170,2,2,119,0,1953125,12,0,0,0.99,0,0,NaN,0,0,847,857,878,884,874,878,904,918,905,899,914,929,920,905,901,907,904,876,859,857,860,826,807,786,784,794,755,732,715,767,753,680,734,774,753,712,723,814,803,785,734,842,844,814,949,761,861,756,719,796,857,763,757,730,1000,487,676,846,783,630,641,640,705,664,596,662,663,656,609,650,688,676,640,654,681,692,665,648,677,685,651,638,638,645,643
64,170,2,2,119,0,1953125,12,0,124,1.04,0,0,NaN,0,0,55,38,52,34,43,43,39,34,24,44,21,37,10,53,15,50,29,63,24,46,47,54,54,42,72,41,85,21,75,45,108,21,91,98,240,203,344,302,547,547,696,610,730,706,868,839,928,1000,829,645,451,482,402,415,285,477,342,410,163,106,181,195,366,342,281,306,181,230,118,186,94,150,45,98,22,67,10,54,24,49,36,51,22,32,29
64,170,2,2,119,0,1953125,12,0,124,1.04,0,0,NaN,0,0,59,29,53,26,52,27,44,25,39,27,33,32,23,46,22,50,21,61,6,57,22,66,27,67,44,63,61,53,74,22,111,32,101,42,253,197,326,326,506,578,658,643,674,756,820,872,856,1000,754,602,419,467,412,410,281,415,338,403,124,35,180,277,328,374,260,304,180,220,125,173,115,127,73,79,51,53,15,58,13,55,24,55,16,31,26
64,170,2,2,119,0,1953125,12,0,6808,2.19,0,0,NaN,0,0,45,43,41,46,36,38,31,38,19,39,21,31,24,30,19,41,12,53,18,47,48,56,38,64,74,44,76,32,59,85,76,94,21,113,147,109,183,315,580,627,583,521,611,667,844,473,654,999,725,279,516,660,714,480,540,910,788,956,575,143,320,171,482,151,237,196,104,110,67,77,37,80,35,31,29,22,23,15,16,21,3,25,21,6,11
64,170,2,2,119,0,1953125,12,0,6822,2.19,0,0,NaN,0,0,91,83,66,42,98,48,87,48,84,6,93,43,28,74,89,42,26,135,74,62,74,166,10,76,182,217,59,164,314,337,67,63,235,188,180,175,273,192,373,360,354,195,521,651,950,948,1000,892,650,674,628,570,87,355,697,691,146,237,613,645,380,342,367,378,172,248,269,245,145,216,204,149,140,168,134,71,158,144,78,40,134,91,48,71,101
64,170,2,2,119,0,1953125,12,0,0,0.99,0,0,NaN,0,0,80,39,79,30,78,29,84,21,72,29,78,33,65,58,74,57,68,82,72,77,58,103,72,109,80,120,88,123,140,152,176,173,201,251,353,276,344,218,508,504,655,487,654,598,792,699,897,1000,882,685,560,593,345,268,355,613,287,165,65,334,378,421,462,318,334,131,177,50,142,14,106,9,76,33,53,20,41,33,48,31,52,30,47,20,37
64,170,2,2,119,0,1953125,12,0,113,1.04,0,0,NaN,0,0,36,54,31,54,22,53,16,47,18,43,24,33,35,26,51,24,59,21,61,24,49,42,53,55,40,72,29,88,36,68,75,86,71,63,221,238,274,352,463,590,608,642,654,747,798,865,873,1000,784,624,437,490,403,437,306,485,354,440,210,108,169,187,364,300,311,289,209,193,163,168,118,117,85,84,44,37,50,13,60,29,56,19,47,25,29
64,170,2,2,119,0,1953125,12,0,113,1.04,0,0,NaN,0,0,60,30,57,22,54,23,52,16,42,25,41,29,26,48,29,52,23,69,12,61,19,71,26,66,45,64,61,51,68,29,108,27,87,56,247,183,329,302,523,541,665,611,704,717,845,854,899,1000,797,627,419,480,405,432,285,478,359,444,180,99,180,215,354,337,267,305,178,220,110,186,90,142,40,97,16,59,19,50,30,47,43,45,24,33,34
64,170,2,2,119,0,1953125,12,0,6827,2.19,0,0,NaN,0,0,31,29,26,23,33,22,22,9,29,2,14,12,11,5,10,14,28,20,22,23,12,4,26,23,34,34,25,85,73,68,114,10,98,47,121,136,91,397,478,704,508,619,568,740,784,588,610,935,764,221,541,588,764,509,470,835,945,1000,533,175,246,239,431,217,285,191,155,86,119,57,96,17,90,26,55,34,52,36,25,27,22,26,23,12,14
64,170,2,2,119,0,1953125,12,0,6802,2.19,0,0,NaN,0,0,86,66,41,108,69,77,48,96,24,88,48,50,48,104,68,27,105,106,86,15,161,88,76,89,252,102,121,165,369,185,143,97,237,104,195,196,298,219,364,306,338,219,489,652,940,863,1000,743,649,516,644,465,54,328,756,656,256,276,642,608,503,255,409,330,282,169,337,229,203,145,273,148,159,132,208,75,155,140,152,39,144,133,113,63,129
64,170,2,2,119,0,1953125,12,0,0,0.99,0,0,NaN,0,0,388,373,334,272,320,334,287,231,192,242,201,149,91,141,164,109,114,202,233,223,205,295,359,387,362,350,420,510,524,416,396,613,599,427,405,585,630,455,392,433,663,543,420,306,1000,305,740,319,424,439,646,634,368,288,896,571,585,401,713,239,421,339,567,386,469,336,404,418,450,356,319,331,363,302,254,241,263,231,181,145,151,143,113,76,18
64,170,2,2,119,0,1953125,12,0,0,0.99,0,0,NaN,0,0,204,254,213,266,210,262,216,276,218,270,217,281,220,282,205,283,207,281,191,266,206,265,186,251,193,254,186,236,173,277,163,257,226,319,212,404,115,412,159,627,283,633,284,700,415,769,456,1000,471,700,293,601,81,353,120,617,99,134,182,435,229,470,369,350,332,200,227,204,199,197,183,192,198,182,179,194,175,198,163,201,153,209,149,198,146
64,170,2,2,119,0,1953125,12,0,6791,2.18,0,0,NaN,0,0,34,36,31,32,36,31,26,23,34,12,24,5,19,12,16,9,34,7,34,16,20,22,37,29,21,52,13,87,95,27,144,41,84,39,182,87,130,363,536,623,595,572,602,653,831,541,600,1000,803,348,434,595,724,472,388,848,809,948,570,161,284,141,481,160,288,164,134,73,110,49,46,61,57,38,8,34,20,19,18,4,21,2,10,11,3
64,170,2,2,119,0,1953125,12,0,6807,2.19,0,0,NaN,0,0,33,82,26,129,26,68,54,122,27,59,73,74,46,63,108,24,82,111,133,40,118,131,102,146,188,206,90,244,277,288,164,180,155,259,55,301,198,341,248,454,256,325,415,777,852,1000,948,876,629,586,627,483,209,466,698,698,320,368,546,663,377,278,342,360,183,275,274,243,110,260,209,148,71,232,133,107,112,204,80,86,129,159,57,110,126
64,170,2,2,119,0,1953125,12,0,6827,2.19,0,0,NaN,0,0,13,85,39,85,25,57,62,79,47,41,72,48,30,47,94,17,44,107,98,61,76,149,76,114,115,217,36,216,219,323,119,126,135,262,58,223,182,314,248,396,251,319,398,694,833,1000,915,877,620,699,654,545,228,375,592,650,265,246,437,583,311,306,276,333,128,258,207,230,73,234,150,146,56,192,86,97,93,160,49,87,106,114,15,73,95
64,170,2,2,119,0,1953125,12,0,124,1.04,0,0,NaN,0,0,416,404,355,351,372,357,286,247,255,251,210,149,182,178,132,132,205,222,193,234,322,362,339,355,455,499,466,452,546,581,486,507,579,561,552,547,484,532,570,601,469,524,558,659,821,450,444,625,128,773,174,839,431,374,449,1000,626,109,583,544,477,525,433,510,498,442,418,429,437,424,334,377,398,350,249,283,274,248,189,158,180,160,96,62,45
64,170,2,2,119,0,1953125,12,0,124,1.04,0,0,NaN,0,0,54,48,47,42,39,51,33,42,16,53,12,39,14,54,20,45,43,55,36,31,59,42,66,27,86,29,97,15,80,68,110,47,86,137,230,257,362,338,563,565,708,610,749,687,899,838,988,1000,881,614,429,411,377,368,245,438,346,443,279,100,182,214,439,349,355,323,231,229,152,188,118,151,57,102,31,63,34,46,42,41,51,45,31,29,34
64,170,2,2,119,0,1953125,12,0,6802,2.19,0,0,NaN,0,0,27,24,22,20,30,24,19,10,32,6,15,10,12,2,1,15,21,14,15,18,10,3,20,13,41,44,35,89,66,78,95,14,76,73,99,172,89,377,464,707,495,592,535,703,774,596,609,885,818,195,528,486,677,470,411,815,922,1000,606,154,247,216,471,201,327,160,187,64,145,17,105,42,90,36,43,50,41,37,27,24,29,15,19,13,19
64,170,2,2,119,0,1953125,12,0,113,1.04,0,0,NaN,0,0,45,57,41,48,34,56,28,48,8,57,8,44,22,58,28,46,50,57,44,30,66,35,67,19,89,28,92,22,74,74,87,56,68,146,203,261,330,344,554,582,708,629,755,704,911,840,1000,983,894,622,487,462,446,379,293,471,386,401,234,112,168,189,408,295,333,276,223,200,154,165,114,134,62,89,32,53,38,31,46,32,53,34,36,27,34
64,170,2,2,119,0,1953125,12,0,113,1.04,0,0,NaN,0,0,45,57,41,48,34,56,28,48,8,57,8,44,22,58,28,46,50,57,44,30,66,35,67,19,89,28,92,22,74,74,87,56,68,146,203,261,330,344,554,582,708,629,755,704,911,840,1000,983,894,622,487,462,446,379,293,471,386,401,234,112,168,189,408,295,333,276,223,200,154,165,114,134,62,89,32,53,38,31,46,32,53,34,36,27,34
64,170,2,2,119,0,1953125,12,0,124,1.04,0,0,NaN,0,0,36,57,23,53,31,52,20,40,33,41,24,24,44,27,44,19,63,18,52,21,66,23,58,43,72,55,58,83,47,98,6,105,29,167,142,332,248,442,458,662,616,718,680,773,857,903,1000,984,919,570,541,384,501,329,368,386,421,332,244,94,98,279,377,288,361,213,268,129,203,91,174,67,119,31,81,9,57,17,54,30,58,28,40,23,27
64,170,2,2,119,0,1953125,12,0,6802,2.19,0,0,NaN,0,0,43,45,42,43,38,40,30,37,22,38,24,27,28,29,16,38,18,49,17,41,48,57,46,59,85,50,91,61,38,105,59,94,29,125,129,149,198,314,618,644,615,547,628,640,866,529,658,999,861,278,479,597,704,499,422,918,833,983,607,106,299,144,523,150,291,182,135,108,88,72,39,87,34,42,11,39,8,10,5,14,5,23,16,5,10
64,170,2,2,119,0,1953125,12,0,6802,2.19,0,0,NaN,0,0,43,40,40,29,40,34,39,19,35,24,30,24,14,23,27,20,26,37,27,37,25,40,31,52,19,43,34,47,94,29,132,71,63,77,185,90,156,332,577,649,630,534,633,678,874,560,614,1000,821,296,441,602,720,519,386,890,842,998,637,140,291,185,491,166,278,194,132,99,95,73,36,78,36,44,14,40,3,18,27,3,18,11,14,10,1
64,170,2,2,119,0,1953125,12,0,6827,2.19,0,0,NaN,0,0,98,38,47,95,89,42,12,108,58,56,33,87,5,57,86,61,62,82,130,16,126,93,123,79,207,146,134,183,332,243,209,124,198,193,127,259,249,282,257,411,330,311,386,724,868,968,1000,816,644,556,686,473,140,451,795,722,376,304,530,605,444,256,365,288,211,241,297,194,152,234,226,126,110,197,137,111,126,181,87,86,99,111,39,101,96
64,170,2,2,119,0,1953125,12,0,6802,2.19,0,0,NaN,0,0,98,51,110,45,88,62,104,53,55,82,89,45,35,115,62,45,88,147,58,76,132,151,55,92,226,179,123,156,333,270,76,27,262,149,230,147,312,219,395,308,372,241,513,607,962,973,1000,831,579,663,613,559,135,370,718,750,235,174,522,587,345,317,298,366,153,242,243,287,125,227,190,203,96,185,140,126,115,174,106,69,103,123,86,77,120
64,170,2,2,119,0,1953125,12,0,124,1.04,0,0,NaN,0,0,464,437,387,375,414,401,324,290,281,304,215,148,194,191,155,147,235,261,218,272,357,416,375,396,500,560,503,494,612,659,516,583,623,625,612,621,543,579,637,634,521,565,621,673,976,381,674,629,199,746,413,890,553,318,751,1000,750,195,734,453,502,543,561,509,562,473,500,500,513,425,386,428,445,371,309,306,314,288,198,162,185,165,107,52,64
64,170,2,2,119,0,1953125,12,0,6822,2.19,0,0,NaN,0,0,45,46,41,40,36,41,29,34,20,39,23,29,24,33,12,41,15,55,12,42,41,61,36,62,76,58,75,54,30,110,56,103,29,130,127,171,174,284,572,655,601,498,622,647,883,557,631,920,845,213,447,546,638,501,357,901,859,1000,675,102,303,178,517,174,308,196,155,113,98,76,43,83,31,41,13,40,14,8,21,6,8,11,17,7,14
64,170,2,2,119,0,1953125,12,0,124,1.04,0,0,NaN,0,0,425,395,338,363,362,365,268,241,286,261,169,139,208,166,84,147,218,206,182,255,347,337,292,393,497,420,412,466,635,501,479,570,584,566,506,561,606,514,502,434,624,439,453,348,972,229,922,292,506,314,715,547,485,333,1000,480,626,516,710,172,457,397,621,354,483,415,485,440,454,394,384,388,369,313,305,294,274,223,208,184,166,130,97,74,58
64,170,2,2,119,0,1953125,12,0,6802,2.19,0,0,NaN,0,0,43,44,40,40,40,41,28,38,25,37,26,25,32,29,14,38,22,48,19,36,48,54,43,55,92,54,92,76,25,119,40,92,40,138,102,165,197,333,601,657,600,527,626,628,881,530,685,999,863,254,477,613,735,530,481,967,864,971,644,159,281,187,534,144,305,175,149,89,98,63,47,90,39,45,8,42,6,8,3,11,10,22,12,3,11
64,170,2,2,119,0,1953125,12,0,6808,2.19,0,0,NaN,0,0,90,26,83,12,99,35,70,18,98,38,53,25,75,40,53,71,79,75,60,113,88,88,35,154,103,160,76,230,200,232,151,108,87,256,149,189,151,344,272,312,286,388,396,618,889,961,1000,659,606,585,693,443,20,334,717,608,273,165,462,468,436,260,285,279,251,185,225,231,192,169,183,198,124,123,135,149,96,110,122,123,80,101,108,92,65
64,170,2,2,119,0,1953125,12,0,124,1.04,0,0,NaN,0,0,402,371,353,363,361,329,280,270,274,233,174,157,177,130,117,152,187,191,202,251,305,306,335,375,386,476,425,486,436,548,553,469,563,608,578,452,576,671,550,466,483,591,515,453,372,703,741,402,674,400,716,89,383,455,1000,526,428,722,424,503,512,346,500,410,466,418,416,397,446,409,369,337,379,327,310,268,262,253,226,162,147,128,124,47,35
64,170,2,2,119,0,1953125,12,0,6827,2.19,0,0,NaN,0,0,33,27,26,23,25,28,26,23,28,32,17,21,11,17,17,18,23,11,18,14,10,6,22,26,25,49,25,107,91,89,132,24,96,86,131,210,60,458,470,780,510,662,506,772,808,660,644,991,917,265,548,494,692,504,471,932,887,999,688,157,299,159,560,161,352,170,188,112,138,82,72,116,52,80,28,74,21,37,37,18,34,13,17,25,16
64,170,2,2,119,0,1953125,12,0,6807,2.19,0,0,NaN,0,0,35,93,42,87,35,89,37,78,37,90,25,59,51,87,41,71,93,88,84,90,126,89,101,87,191,115,166,149,290,232,120,44,221,167,221,121,273,256,352,297,352,324,443,588,881,1000,868,747,483,658,531,397,119,464,625,687,290,131,333,558,382,329,259,328,230,209,196,241,186,173,180,184,145,130,141,126,105,121,124,85,75,110,111,74,67
64,170,2,2,119,0,1953125,12,0,124,1.04,0,0,NaN,0,0,418,378,334,345,354,336,267,250,265,243,174,146,180,161,97,145,204,188,173,266,323,330,285,382,480,412,391,435,600,500,433,555,553,533,467,539,575,469,479,418,622,423,431,328,917,223,850,254,490,243,652,504,449,337,1000,365,558,555,657,208,477,344,578,340,461,372,466,417,434,346,385,360,337,296,319,281,234,213,195,178,127,127,106,63,44
64,170,2,2,119,0,1953125,12,0,6807,2.19,0,0,NaN,0,0,43,44,41,42,40,40,32,39,25,40,26,25,31,29,20,39,23,48,19,39,50,57,44,55,85,54,88,69,35,125,49,104,40,144,115,184,184,317,589,648,602,524,644,637,877,558,685,970,888,278,473,526,613,463,448,992,890,1000,659,118,300,177,543,175,324,190,160,105,107,72,53,87,42,44,8,41,6,11,6,14,11,18,10,1,9
64,170,2,2,119,0,1953125,12,0,124,1.04,0,0,NaN,0,0,368,364,326,323,321,294,273,239,235,209,174,158,142,126,120,132,161,176,211,230,257,298,347,336,354,437,441,432,372,510,537,432,462,542,552,457,465,595,534,515,348,533,525,586,84,668,299,589,528,645,332,495,328,440,479,1000,271,501,186,674,434,471,236,514,425,447,303,348,385,412,318,288,333,347,270,213,227,242,194,131,114,148,135,57,35
64,170,2,2,119,0,1953125,12,0,6807,2.19,0,0,NaN,0,0,48,46,44,42,33,39,33,42,18,40,23,32,26,30,20,43,13,53,20,47,47,55,38,65,67,40,74,24,73,78,102,104,25,110,149,111,167,321,566,631,608,513,602,649,852,514,615,983,808,242,494,569,638,519,488,956,828,1000,608,84,296,219,491,196,261,230,114,136,64,100,37,81,39,37,37,20,30,22,24,19,0,23,18,5,14
64,170,2,2,119,0,1953125,12,0,6827,2.19,0,0,NaN,0,0,117,32,67,34,114,9,58,59,84,36,61,63,23,74,66,70,44,107,86,58,117,122,77,17,220,148,124,100,353,236,156,47,257,109,200,165,321,192,364,358,457,254,475,634,958,888,999,741,658,549,631,404,68,446,886,762,355,222,524,489,445,258,420,275,264,179,329,161,209,156,255,83,166,119,158,49,157,112,96,61,123,90,66,90,102
64,170,2,2,119,0,1953125,12,0,124,1.04,0,0,NaN,0,0,423,395,325,345,383,348,279,243,274,259,176,142,175,168,105,158,212,197,187,254,343,335,288,400,490,417,404,460,635,518,465,575,592,552,503,551,597,478,498,434,649,448,432,347,971,195,884,293,488,340,653,564,472,338,1000,523,586,503,710,182,496,400,585,348,491,397,495,413,467,378,391,355,378,314,297,286,267,221,196,192,134,124,117,72,48
64,170,2,2,119,0,1953125,12,0,6807,2.19,0,0,NaN,0,0,47,46,48,43,35,41,33,40,17,40,23,30,27,31,20,39,15,52,20,47,47,60,39,66,73,47,80,37,60,95,87,107,18,126,134,125,184,310,581,630,616,521,619,650,847,494,642,1000,808,288,485,555,624,493,457,941,793,977,637,118,310,181,508,186,261,216,126,128,74,90,35,84,32,38,28,25,23,16,18,23,5,28,16,4,7
64,170,2,2,119,0,1953125,12,0,6807,2.19,0,0,NaN,0,0,54,60,89,85,63,40,92,60,68,22,91,23,56,77,99,40,68,135,88,92,81,159,34,152,136,228,15,241,227,316,80,124,150,237,130,267,214,306,316,454,317,354,453,723,851,1000,898,868,569,652,576,499,123,459,735,840,427,199,435,622,355,342,286,373,155,272,225,277,101,254,178,191,72,222,124,124,104,205,94,83,112,153,67,91,118
64,170,2,2,119,0,1953125,12,0,6807,2.19,0,0,NaN,0,0,54,41,104,80,63,34,97,42,84,46,83,6,81,77,86,51,87,113,69,106,92,125,12,181,133,202,42,271,218,280,99,133,91,234,88,252,158,347,286,444,278,407,415,723,826,1000,884,766,553,628,630,421,154,512,760,773,441,248,432,616,451,270,291,312,237,201,244,232,180,196,221,174,128,160,157,114,105,166,128,67,87,139,92,74,108
64,170,2,2,119,0,1953125,12,0,6807,2.19,0,0,NaN,0,0,111,32,64,82,99,46,59,89,60,71,55,70,20,103,74,57,89,122,103,45,150,110,88,59,256,134,147,133,371,210,141,79,254,95,191,175,298,211,372,352,422,275,511,657,961,883,1000,725,638,530,635,430,31,421,865,754,375,208,510,489,468,263,397,258,256,164,317,160,212,154,265,103,179,128,183,55,171,131,138,69,150,99,76,84,123
64,170,2,2,119,0,1953125,12,0,6832,2.19,0,0,NaN,0,0,82,86,75,59,101,60,84,49,88,4,92,38,33,75,95,50,31,145,85,80,73,181,22,95,179,245,64,188,304,362,74,82,220,205,164,176,288,227,387,392,410,286,542,694,985,1000,991,879,608,692,626,558,167,480,874,907,332,180,590,660,421,367,329,371,182,267,269,265,155,227,193,163,150,181,127,81,159,150,86,59,133,91,50,76,109
64,170,2,2,119,0,1953125,12,0,124,1.04,0,0,NaN,0,0,414,359,329,327,355,316,264,243,255,235,158,146,168,158,97,145,199,184,172,248,309,300,287,364,448,392,377,432,585,468,468,538,539,537,463,531,557,468,462,394,600,438,380,288,903,212,799,274,479,244,615,520,430,340,1000,405,548,484,673,191,455,377,539,336,452,383,448,406,421,355,375,339,334,293,284,279,240,208,179,155,163,109,96,86,44
64,170,2,2,119,0,1953125,12,0,124,1.04,0,0,NaN,0,0,58,31,53,29,46,30,42,26,33,33,27,33,16,46,17,49,17,60,10,51,29,57,37,56,52,50,72,43,73,22,114,20,96,52,246,194,341,318,512,538,654,609,665,693,796,840,875,1000,797,649,430,423,329,375,241,407,295,404,168,62,183,258,345,377,271,322,185,233,122,185,105,137,64,88,43,58,9,57,8,55,27,52,14,32,26
64,170,2,2,119,0,1953125,12,0,6832,2.19,0,0,NaN,0,0,46,46,45,44,36,42,34,41,21,43,23,30,29,28,20,40,18,51,17,45,50,60,44,63,76,48,80,43,57,98,75,103,28,123,137,131,193,325,594,645,640,530,646,640,868,491,673,972,823,272,499,568,638,479,466,961,822,1000,645,85,344,202,526,188,298,230,145,130,88,97,37,93,29,40,22,29,16,11,17,15,2,26,16,3,14
64,170,2,2,119,0,1953125,12,0,6832,2.19,0,0,NaN,0,0,86,65,88,50,97,34,95,40,75,20,98,26,36,80,89,37,32,129,61,83,70,166,12,103,148,215,60,193,260,333,67,92,174,196,161,180,256,272,360,385,352,314,481,665,909,1000,901,819,542,690,568,467,172,540,804,869,328,164,506,662,391,380,279,383,157,275,210,277,97,242,162,202,77,195,107,130,107,174,76,80,106,121,47,72,111
64,170,2,2,119,0,1953125,12,0,6852,2.2,0,0,NaN,0,0,63,100,48,66,68,66,68,50,69,18,85,43,31,53,89,32,8,114,70,71,49,161,39,83,121,217,44,182,247,346,100,114,152,210,143,186,228,260,349,392,354,314,466,658,909,1000,927,845,580,721,594,480,183,547,815,847,260,208,566,699,412,394,307,395,172,286,222,271,112,238,162,183,101,184,100,109,121,147,60,68,114,95,56,84,106
64,170,2,2,119,0,1953125,12,0,6852,2.2,0,0,NaN,0,0,20,84,18,98,8,76,31,77,34,67,61,60,35,38,70,5,60,62,82,58,98,85,75,114,109,157,65,219,216,281,197,108,63,230,110,217,119,335,250,411,291,393,351,678,841,1000,934,719,603,624,658,338,53,524,784,681,347,245,489,597,516,274,342,278,282,175,277,191,210,143,216,120,134,119,156,83,97,103,99,53,71,85,50,68,92
64,170,2,2,119,0,1953125,12,0,6852,2.2,0,0,NaN,0,0,83,67,73,39,87,38,80,28,63,20,92,27,23,65,74,28,22,112,51,75,60,146,11,83,126,186,67,173,253,323,106,116,145,189,154,168,224,254,348,378,353,313,427,621,887,1000,913,810,549,710,616,506,174,454,708,770,324,253,537,669,389,331,253,378,170,250,195,276,101,208,135,189,54,169,90,119,69,145,59,58,66,94,28,48,81
64,170,2,2,119,0,1953125,12,0,124,1.04,0,0,NaN,0,0,373,354,310,305,312,309,261,218,216,230,167,120,160,149,125,109,185,187,177,211,282,316,299,322,379,421,394,394,469,507,408,454,476,483,484,478,435,450,520,511,391,492,450,552,667,469,262,547,138,727,74,667,457,317,266,1000,492,150,544,544,330,484,360,458,410,391,358,376,359,360,302,313,316,292,237,219,240,230,164,126,128,142,97,57,48
64,170,2,2,119,0,1953125,12,0,124,1.04,0,0,NaN,0,0,46,60,43,48,36,56,28,44,12,54,5,38,24,49,27,40,50,47,44,26,67,32,70,22,86,34,94,25,80,74,99,52,78,145,220,249,348,324,550,547,707,595,734,679,908,845,986,1000,843,598,404,427,399,431,258,470,365,496,297,138,178,261,449,420,350,370,228,275,147,224,116,174,58,117,30,79,14,67,29,61,39,64,26,38,37
64,170,2,2,119,0,1953125,12,0,124,1.04,0,0,NaN,0,0,58,35,54,32,47,35,42,32,27,40,24,34,10,49,15,51,22,59,16,49,41,53,48,47,63,45,79,31,76,36,114,12,92,78,244,200,352,304,524,528,670,590,676,658,808,824,902,1000,806,641,411,399,302,374,223,404,273,424,213,95,188,254,389,392,303,339,194,243,121,198,101,152,54,101,29,64,3,58,15,53,33,55,16,33,29
64,170,2,2,119,0,1953125,12,0,6807,2.19,0,0,NaN,0,0,48,47,47,44,38,41,37,42,18,41,25,29,27,33,19,42,14,53,18,47,50,58,45,62,76,48,80,35,64,98,77,105,34,129,142,132,193,339,601,643,647,532,619,611,854,518,683,996,808,326,525,558,616,507,501,957,797,1000,655,102,345,239,532,198,293,241,136,137,79,103,35,93,30,41,29,29,23,18,16,13,5,26,17,5,11
64,170,2,2,119,0,1953125,12,0,6833,2.19,0,0,NaN,0,0,82,96,62,55,96,64,76,47,89,13,80,37,37,64,92,51,10,122,76,79,50,160,19,84,155,227,53,168,290,355,92,62,200,193,154,151,285,243,396,400,418,291,511,679,986,1000,958,825,583,686,612,515,104,468,833,869,298,139,546,622,411,374,336,373,189,261,260,264,168,229,193,167,147,172,129,91,164,145,89,66,145,106,79,87,115
64,170,2,2,119,0,1953125,12,0,6852,2.2,0,0,NaN,0,0,112,28,61,34,107,6,60,50,73,42,66,65,36,65,58,70,30,89,77,66,98,113,76,17,183,117,123,66,321,227,203,53,195,82,178,85,253,200,361,318,423,246,445,606,962,910,1000,702,651,603,681,436,64,410,852,730,311,202,559,539,508,290,402,278,281,178,327,184,229,150,248,100,176,116,173,62,160,106,106,62,133,99,85,86,108
64,170,2,2,119,0,1953125,12,0,124,1.04,0,0,NaN,0,0,374,333,309,318,331,299,240,242,248,220,152,148,161,135,106,143,186,166,177,235,289,268,274,370,400,356,380,444,484,420,507,487,478,534,464,467,538,520,427,364,548,438,397,253,683,419,785,225,573,60,688,244,322,401,1000,272,438,618,518,301,496,328,479,320,439,377,400,371,398,353,345,308,301,307,301,238,215,216,199,147,141,77,120,58,20
64,170,2,2,119,0,1953125,12,0,124,1.04,0,0,NaN,0,0,38,61,32,50,34,56,22,41,20,51,11,32,33,40,32,31,59,34,48,8,67,18,68,15,83,39,84,48,62,92,70,73,55,163,170,281,312,357,509,561,665,599,700,651,864,815,999,969,879,605,457,400,406,367,273,449,359,416,284,109,172,216,448,344,360,313,236,230,159,193,125,157,63,104,34,70,33,51,44,48,48,50,33,31,34
64,170,2,2,119,0,1953125,12,0,6807,2.19,0,0,NaN,0,0,118,34,66,91,106,50,65,99,66,73,61,75,18,114,87,66,88,128,113,51,152,118,90,53,266,144,145,132,392,234,159,84,258,88,178,178,309,219,387,358,422,248,515,680,987,874,1000,724,656,535,662,433,28,419,919,822,436,242,527,505,477,227,400,272,270,150,334,177,222,141,271,106,191,136,198,55,173,139,149,58,144,109,86,81,124
64,170,2,2,119,0,1953125,12,0,124,1.04,0,0,NaN,0,0,447,418,341,338,391,361,292,238,304,270,175,131,205,180,98,164,225,219,170,260,354,371,310,383,498,493,436,451,632,610,443,551,627,571,521,572,540,527,570,523,591,497,515,493,1000,262,787,458,319,566,596,739,448,442,934,791,578,405,829,251,496,425,628,389,521,416,494,477,455,389,393,365,388,347,315,275,271,244,197,178,160,135,104,67,46
64,170,2,2,119,0,1953125,12,0,124,1.04,0,0,NaN,0,0,60,42,57,35,49,45,42,36,25,46,22,39,8,54,17,51,34,64,28,46,49,55,59,44,76,44,89,19,81,48,118,18,99,98,238,206,359,310,552,530,691,579,701,651,849,818,947,999,819,618,413,438,382,412,230,452,349,486,286,131,185,259,434,395,343,361,225,259,145,219,115,167,54,116,29,74,22,65,33,57,45,57,27,38,38
64,170,2,2,119,0,1953125,12,0,124,1.04,0,0,NaN,0,0,60,41,55,37,47,43,44,36,26,49,23,39,8,54,16,51,30,63,27,46,51,55,56,45,74,42,89,19,81,48,118,20,98,101,248,215,363,313,555,537,697,588,713,671,861,822,944,1000,825,621,410,426,355,393,227,450,338,473,271,124,187,257,429,398,337,358,223,260,141,215,111,166,51,111,24,73,20,60,31,54,42,56,23,36,34
64,170,2,2,119,0,1953125,12,0,124,1.04,0,0,NaN,0,0,40,59,30,51,31,56,17,44,19,51,9,32,35,43,38,29,60,32,51,2,71,8,68,22,83,40,78,63,61,93,52,91,46,170,146,311,279,400,482,611,639,649,692,700,857,835,1000,943,901,564,500,354,436,312,298,384,407,359,294,62,150,269,450,311,405,255,288,167,215,134,172,107,113,66,74,35,62,10,57,24,63,24,40,21,36
64,170,2,2,119,0,1953125,12,0,6877,2.2,0,0,NaN,0,0,47,50,44,44,39,42,34,39,22,42,25,31,31,31,17,39,18,53,18,43,50,58,45,62,82,55,81,51,47,107,65,107,42,121,144,145,206,341,608,661,666,521,639,619,885,480,710,983,823,296,502,578,673,527,485,1000,824,989,676,92,355,243,550,182,300,233,156,130,98,98,46,93,27,44,22,37,12,10,10,16,1,24,17,5,10
64,170,2,2,119,0,1953125,12,0,124,1.04,0,0,NaN,0,0,397,363,322,321,342,304,256,231,251,226,154,147,175,138,98,140,186,158,190,256,288,280,305,353,408,381,403,433,505,459,522,503,499,572,479,485,564,535,445,368,560,438,415,235,769,341,843,228,560,81,689,386,367,383,1000,275,499,524,604,220,481,347,521,323,442,387,435,395,404,371,357,312,342,308,276,252,232,211,208,171,143,127,92,62,25
64,170,2,2,119,0,1953125,12,0,124,1.04,0,0,NaN,0,0,56,48,54,43,42,53,37,43,18,53,17,41,14,58,22,47,41,57,36,36,63,44,68,29,86,35,96,17,81,69,116,45,98,136,235,249,366,338,574,571,727,610,753,684,906,830,997,1000,868,613,445,430,391,381,244,459,359,453,306,103,207,255,473,383,378,352,253,252,168,212,128,165,65,114,33,67,40,54,45,50,60,49,34,31,39
64,170,2,2,119,0,1953125,12,0,124,1.04,0,0,NaN,0,0,52,54,43,47,37,55,30,44,14,56,6,40,22,53,25,42,52,51,42,26,71,31,71,13,91,32,92,33,79,79,94,60,80,152,199,269,333,352,540,573,693,607,731,677,894,817,1000,959,867,577,459,410,427,351,264,440,396,422,313,73,203,251,478,351,397,317,271,227,194,188,149,148,86,99,50,61,50,41,55,39,62,39,39,30,42
64,170,2,2,119,0,1953125,12,0,124,1.04,0,0,NaN,0,0,54,51,50,44,41,53,35,45,15,54,12,39,15,57,21,46,47,57,38,34,65,41,67,23,86,34,95,22,82,72,106,49,89,141,224,251,351,338,562,561,709,603,745,677,902,826,1000,984,852,590,439,426,407,370,242,454,368,438,296,87,213,257,476,371,378,337,253,242,174,205,132,158,68,109,38,65,39,46,48,43,57,46,35,32,38
64,170,2,2,119,0,1953125,12,0,124,1.04,0,0,NaN,0,0,60,48,54,39,47,50,39,40,23,52,19,42,10,56,19,50,38,65,33,42,60,48,64,37,84,37,96,14,85,57,115,30,96,114,241,226,363,322,566,551,716,601,740,680,894,834,985,1000,837,608,425,446,393,390,242,479,373,472,292,115,205,270,464,395,361,360,241,260,159,220,123,169,57,115,28,72,29,62,40,54,51,56,31,33,38
64,170,2,2,119,0,1953125,12,0,124,1.04,0,0,NaN,0,0,56,48,51,42,41,52,37,41,16,54,13,40,16,53,18,48,44,59,36,33,64,42,65,25,86,36,93,20,79,70,101,46,84,138,223,246,347,330,556,556,701,598,732,666,889,824,1000,983,857,597,441,421,401,384,268,476,385,445,285,109,194,242,462,362,367,333,246,241,167,205,131,160,66,108,38,68,35,47,46,46,59,48,33,32,37
64,170,2,2,119,0,1953125,12,0,124,1.04,0,0,NaN,0,0,50,52,44,45,37,54,30,42,12,54,7,37,20,53,24,42,49,52,40,27,65,36,68,19,87,32,90,26,75,76,91,55,74,148,201,256,330,339,538,561,690,606,727,663,879,813,1000,961,861,589,464,418,410,363,264,453,369,395,274,80,197,244,459,335,370,309,253,222,177,185,135,145,75,100,45,61,45,41,50,39,60,42,36,28,37
64,170,2,2,119,0,1953125,12,0,124,1.04,0,0,NaN,0,0,59,46,53,39,44,47,41,40,20,51,20,41,10,56,19,49,36,62,32,42,57,49,63,38,83,35,94,12,83,59,112,30,96,118,239,226,359,316,559,551,712,597,728,673,886,834,984,1000,839,613,426,444,392,406,252,480,364,447,256,113,196,258,445,378,348,347,227,251,152,214,117,164,55,114,26,69,27,57,36,53,54,54,29,35,37
64,170,2,2,119,0,1953125,12,0,124,1.04,0,0,NaN,0,0,58,44,54,40,44,46,39,40,22,48,19,43,10,56,17,51,37,60,30,43,58,48,63,38,79,37,93,12,81,55,114,29,96,114,241,223,362,322,563,557,719,613,738,682,882,838,975,1000,832,629,435,442,381,392,229,461,341,429,236,93,201,260,438,369,332,341,221,248,145,208,110,159,51,108,22,69,26,55,36,51,49,50,27,34,34
64,170,2,2,119,0,1953125,12,0,124,1.04,0,0,NaN,0,0,61,33,59,30,50,34,46,29,35,37,31,36,16,50,18,54,20,66,11,57,36,62,44,61,59,53,80,42,79,28,121,24,103,50,252,183,348,318,532,543,666,603,675,690,823,842,901,1000,768,617,417,455,363,415,243,476,335,446,214,123,160,301,386,408,298,357,209,261,136,213,117,157,65,105,41,69,4,69,17,63,35,63,18,38,33
64,170,1,2,119,0,1953125,12,0,124,1.04,0,0,NaN,0,0,61,39,55,34,47,41,43,33,28,46,23,37,7,52,15,53,28,66,23,49,47,56,53,49,70,46,84,22,80,42,119,16,99,89,249,202,359,313,553,538,690,595,706,669,845,827,941,1000,804,621,423,447,368,406,239,483,349,461,246,123,178,264,411,391,316,351,212,258,135,216,110,165,53,112,27,69,15,63,25,59,42,60,21,37,36
64,170,1,2,119,0,1953125,12,0,124,1.04,0,0,NaN,0,0,59,47,52,42,44,50,37,43,19,53,16,40,12,56,17,48,39,59,34,38,60,47,64,33,85,38,95,17,84,65,111,40,92,130,235,232,357,324,569,563,724,609,746,682,900,838,998,1000,846,611,446,458,427,414,258,497,394,466,289,114,204,267,463,384,364,354,247,261,166,221,129,170,64,119,36,75,35,60,43,58,61,58,38,37,42
64,170,1,2,119,0,1953125,12,0,124,1.04,0,0,NaN,0,0,64,35,55,35,56,25,49,19,50,11,39,23,39,34,32,50,35,60,17,66,6,70,11,82,18,75,45,84,64,53,102,73,92,58,241,226,291,383,466,611,612,668,605,751,773,899,860,1000,763,569,431,427,422,437,294,439,438,506,284,149,99,373,384,443,359,348,272,242,204,185,184,130,126,75,90,51,49,65,44,63,41,65,36,44,38
64,170,1,2,119,0,1953125,12,0,124,1.04,0,0,NaN,0,0,62,34,59,27,55,27,51,25,45,26,37,32,27,46,26,57,24,67,7,66,17,70,28,78,40,69,66,69,75,33,113,51,97,27,255,190,325,342,512,577,653,635,649,725,798,871,867,1000,751,591,396,440,379,445,263,487,419,524,268,181,140,362,389,453,332,378,246,275,174,216,152,154,97,99,65,65,24,72,25,70,34,71,26,43,36
64,170,1,2,119,0,1953125,12,0,124,1.04,0,0,NaN,0,0,52,50,46,44,52,37,44,19,53,14,41,7,47,18,44,39,57,43,41,58,40,59,28,80,36,75,15,101,51,80,63,99,67,120,190,292,243,448,440,677,598,737,621,796,788,932,934,999,858,575,523,379,465,390,363,417,489,426,300,70,103,353,412,389,409,288,314,189,246,134,208,88,145,33,104,16,67,36,64,43,57,42,47,31,36
64,170,1,2,119,0,1953125,12,0,124,1.04,0,0,NaN,0,0,54,43,47,38,52,31,44,20,49,8,39,12,44,23,38,41,48,44,33,58,27,59,17,76,25,75,18,93,55,64,77,85,74,97,207,269,255,426,439,657,601,721,613,784,769,920,907,1000,834,598,527,390,441,386,346,406,450,409,251,49,84,342,369,385,368,287,284,190,221,135,192,90,136,38,96,22,59,41,54,47,50,45,42,31,32
64,170,1,2,119,0,1953125,12,0,124,1.04,0,0,NaN,0,0,55,43,48,40,52,31,45,17,51,8,41,12,44,23,40,43,49,46,33,60,26,59,16,80,24,72,22,95,54,69,78,91,76,100,209,270,260,433,443,654,598,719,615,789,772,920,904,1000,819,589,524,406,443,377,344,406,431,409,253,62,85,355,379,386,370,293,288,195,226,139,196,93,136,40,98,23,56,46,54,46,52,49,41,32,31
64,170,1,2,119,0,1953125,12,0,144,1.04,0,0,NaN,0,0,40,54,33,52,38,43,31,31,38,20,28,12,34,10,33,31,45,39,38,49,34,50,31,72,35,64,28,82,57,55,74,82,70,76,191,240,243,411,429,627,575,693,598,774,759,910,894,1000,811,589,511,435,462,418,348,442,476,466,299,127,95,364,393,411,375,309,288,210,220,153,186,94,125,43,83,27,44,54,41,52,43,51,29,33,27
64,170,1,2,119,0,1953125,12,0,76,1.03,0,0,NaN,0,0,37,67,32,65,24,66,19,60,6,57,2,51,19,51,25,45,34,45,37,31,59,30,73,29,81,23,106,3,116,39,160,21,141,91,296,212,368,331,553,569,680,612,658,700,801,853,867,999,750,615,444,477,389,435,299,536,439,504,238,155,90,292,319,397,304,337,241,249,197,191,186,153,155,87,121,66,85,44,63,42,48,51,54,31,29
64,170,1,2,119,0,1953125,12,0,124,1.04,0,0,NaN,0,0,41,52,41,44,44,34,44,23,45,8,45,4,44,25,44,36,44,52,39,54,17,68,16,75,12,75,34,88,56,49,100,75,82,45,241,224,299,368,484,589,620,649,642,732,765,866,866,1000,761,617,443,456,372,423,271,470,366,486,244,133,154,307,370,403,299,361,211,257,136,220,114,157,57,115,33,71,15,67,25,61,43,58,27,41,37
64,170,1,2,119,0,1953125,12,0,124,1.04,0,0,NaN,0,0,46,48,44,43,45,32,44,23,48,7,42,7,44,24,43,40,46,50,35,55,25,63,18,78,15,74,27,90,52,58,87,81,73,65,216,237,271,394,449,604,583,667,607,753,754,887,868,1000,781,602,476,439,398,402,318,465,420,471,254,132,91,337,345,412,318,341,244,243,176,193,158,138,106,88,72,58,33,67,25,63,36,66,23,43,33
64,170,1,2,119,0,1953125,12,0,124,1.04,0,0,NaN,0,0,59,47,55,39,46,49,40,41,20,53,17,39,11,56,19,48,41,62,36,40,64,48,66,33,86,41,92,16,83,70,98,42,83,125,213,225,341,320,553,544,698,593,743,679,889,826,1000,985,847,610,475,485,439,408,287,532,443,485,323,142,201,267,462,381,373,356,262,267,178,222,139,176,73,120,43,75,37,57,45,55,57,57,39,37,43
64,170,1,2,119,0,1953125,12,0,124,1.04,0,0,NaN,0,0,44,58,34,53,33,56,20,44,17,53,5,35,32,44,36,32,63,38,54,5,73,13,71,19,88,38,78,60,63,95,43,88,51,166,136,293,266,389,484,605,641,643,701,704,852,821,1000,921,876,546,532,413,486,341,346,459,497,412,353,64,182,266,460,320,423,280,313,195,235,160,191,124,124,73,83,41,65,20,67,32,69,32,47,28,41
64,170,1,2,119,0,1953125,12,0,144,1.04,0,0,NaN,0,0,58,43,42,42,46,45,28,36,26,42,7,26,25,35,25,23,56,35,50,5,68,16,63,18,87,37,65,60,65,85,30,76,56,150,106,281,226,393,449,611,606,657,678,727,836,845,1000,934,876,534,550,410,511,354,365,445,526,427,374,60,179,302,460,331,429,270,319,176,243,132,195,91,126,43,84,12,61,17,61,32,60,29,41,27,35
64,170,1,2,119,0,1953125,12,0,124,1.04,0,0,NaN,0,0,40,61,31,53,31,59,20,43,21,53,11,31,34,41,37,31,62,32,54,8,73,15,72,14,89,38,83,56,64,95,55,80,57,158,148,274,290,365,507,580,662,615,718,683,871,806,999,928,841,554,494,451,474,376,303,498,458,441,333,109,200,250,460,344,384,322,270,245,193,205,148,164,83,109,50,74,43,51,54,51,60,55,43,38,41
64,170,1,2,119,0,1953125,12,0,114,1.04,0,0,NaN,0,0,55,49,49,41,44,50,35,43,18,53,13,39,13,56,20,46,42,60,38,39,62,47,64,33,86,39,92,19,80,69,101,42,87,123,217,228,342,322,557,549,701,592,739,679,885,817,1000,982,833,593,466,487,445,410,296,538,445,496,340,154,187,252,448,375,369,352,257,266,178,223,138,174,73,121,44,79,41,63,48,54,58,60,41,40,44
64,170,1,2,119,0,1953125,12,0,114,1.04,0,0,NaN,0,0,40,55,33,50,42,43,32,34,43,25,36,10,48,17,46,24,61,29,53,44,50,45,42,68,50,70,23,99,45,85,48,103,53,130,170,300,229,445,425,659,577,720,621,794,784,915,942,1000,842,564,544,425,490,384,382,437,493,458,327,91,71,339,376,384,386,299,298,198,232,149,203,101,143,51,102,35,62,51,55,56,57,56,39,40,37
64,170,1,2,119,0,1953125,12,0,124,1.04,0,0,NaN,0,0,38,56,29,54,37,51,27,35,42,34,33,11,47,19,45,22,65,25,53,35,58,38,47,62,58,67,32,98,43,90,36,107,42,139,155,305,229,454,429,661,580,722,635,790,787,907,964,1000,876,577,575,423,493,360,397,434,485,427,328,72,71,327,379,369,393,286,305,187,239,137,205,93,144,42,104,26,67,44,58,51,55,49,42,36,37
64,170,1,2,119,0,1953125,12,0,124,1.04,0,0,NaN,0,0,50,48,46,43,38,52,30,43,15,53,7,39,19,50,24,41,49,51,42,27,66,34,66,17,86,34,88,34,75,79,84,59,78,143,182,247,320,339,524,541,665,591,717,661,859,795,1000,950,851,583,494,456,456,376,303,494,435,441,346,126,169,225,443,333,381,315,266,231,190,194,151,155,88,105,57,66,51,48,56,44,66,46,42,32,41
64,170,1,2,119,0,1953125,12,0,114,1.04,0,0,NaN,0,0,59,34,56,30,52,26,46,21,45,23,38,28,28,41,27,53,22,64,11,64,9,71,22,74,33,67,60,66,69,36,108,56,95,30,239,190,310,346,480,559,613,628,626,726,769,855,863,1000,742,594,432,457,394,430,286,488,428,524,295,197,88,324,352,427,327,359,244,258,177,202,159,150,105,93,75,66,35,74,34,69,37,72,32,43,36
64,170,1,2,119,0,1953125,12,0,144,1.04,0,0,NaN,0,0,56,42,46,40,48,43,32,34,24,42,10,26,20,38,24,26,50,38,47,14,64,24,63,16,86,35,71,52,66,85,36,78,56,150,116,274,253,382,468,595,622,640,696,713,846,820,1000,927,864,540,535,412,502,347,348,452,508,420,375,63,187,280,463,326,423,276,312,180,232,140,182,100,115,53,74,21,62,9,63,30,65,24,41,29,36
64,170,1,2,119,0,1953125,12,0,144,1.04,0,0,NaN,0,0,56,44,53,34,48,42,40,31,25,41,17,28,10,43,14,37,42,53,37,34,57,47,60,34,80,45,79,29,65,78,72,48,73,124,172,217,317,315,525,522,671,585,731,674,875,817,1000,983,833,617,483,489,448,421,304,549,426,471,311,144,191,262,439,386,349,349,234,261,150,210,113,159,46,101,20,63,25,54,39,51,46,49,25,30,34
64,170,1,2,119,0,1953125,12,0,144,1.04,0,0,NaN,0,0,44,54,31,51,38,49,22,37,26,43,12,20,31,26,31,15,59,21,51,7,65,11,62,26,82,41,60,66,64,81,27,82,53,141,96,285,222,408,434,603,585,662,663,718,815,844,1000,946,900,568,563,407,497,352,394,469,487,392,352,72,143,251,440,314,409,259,295,177,221,135,174,107,109,60,73,30,55,6,65,21,62,25,43,19,34
64,170,1,2,119,0,1953125,12,0,76,1.03,0,0,NaN,0,0,41,68,31,54,40,62,31,47,37,51,33,34,49,32,41,21,57,19,49,9,68,28,69,36,76,67,90,77,66,127,96,110,74,195,225,299,345,364,556,572,706,613,750,680,887,818,1000,978,848,634,493,490,416,389,308,574,411,431,245,140,159,195,383,325,303,327,204,260,140,221,122,194,85,140,60,103,27,72,18,58,25,65,31,38,25
64,170,1,2,119,0,1953125,12,0,114,1.04,0,0,NaN,0,0,45,49,43,40,42,32,45,21,42,6,43,7,38,28,40,36,37,55,30,54,10,66,14,73,15,71,43,75,61,39,105,60,85,29,241,198,307,343,484,547,608,611,640,708,767,840,884,1000,756,622,444,472,371,409,290,514,360,452,231,147,139,260,353,367,289,345,201,246,128,215,110,158,54,115,26,71,23,66,28,56,48,53,28,40,39
64,170,1,2,119,0,1953125,12,0,144,1.04,0,0,NaN,0,0,59,37,53,27,53,37,41,28,30,37,21,27,7,45,10,38,34,57,30,36,53,49,54,33,78,46,77,28,68,74,74,46,73,125,165,221,305,317,511,524,649,576,715,661,852,794,1000,951,844,586,491,453,452,380,303,515,450,443,345,137,181,239,453,341,379,315,265,224,183,184,141,139,74,87,46,50,50,30,57,32,58,34,36,26,37
64,170,1,2,119,0,1953125,12,0,76,1.03,0,0,NaN,0,0,30,68,30,63,22,65,15,55,8,58,11,48,30,49,29,40,41,37,43,21,65,23,75,20,81,26,106,19,110,68,149,45,133,119,284,224,375,323,554,541,686,595,695,691,821,829,902,1000,759,632,450,484,361,396,286,544,382,462,211,143,127,263,324,381,281,342,212,257,167,203,159,167,133,104,104,74,69,52,50,50,36,55,47,33,27
64,170,1,2,119,0,1953125,12,0,76,1.03,0,0,NaN,0,0,64,34,59,27,62,16,58,12,56,6,45,19,47,31,36,39,32,41,16,58,7,61,23,74,30,74,59,97,89,76,133,91,122,117,274,280,298,412,478,633,607,686,629,768,747,882,867,1000,752,601,504,464,391,377,330,501,398,433,206,96,121,296,297,368,273,331,218,240,164,202,160,157,120,114,99,74,56,66,39,52,32,64,33,38,29
64,170,1,2,119,0,1953125,12,0,124,1.04,0,0,NaN,0,0,51,47,48,36,49,31,50,16,46,10,45,11,35,34,40,42,33,62,27,58,1,75,10,72,25,73,50,67,65,38,108,48,89,25,249,188,322,329,512,544,640,609,681,709,794,839,909,1000,758,629,451,492,378,397,277,532,362,444,243,133,166,262,387,366,310,347,214,249,140,215,114,159,57,117,27,69,34,59,36,52,56,49,35,37,39
64,170,1,2,119,0,1953125,12,0,114,1.04,0,0,NaN,0,0,57,46,51,39,43,48,37,39,20,50,17,39,11,57,20,48,41,62,34,39,59,49,63,33,81,40,89,18,77,66,96,40,85,121,214,221,339,324,550,535,689,594,744,677,870,824,1000,985,834,628,486,487,429,387,288,543,415,449,299,138,172,238,434,359,353,339,243,253,164,210,129,167,67,114,38,74,37,60,47,52,55,54,36,36,39
64,170,1,2,119,0,1953125,12,0,144,1.04,0,0,NaN,0,0,54,47,46,40,44,45,33,36,20,43,13,26,19,39,20,32,49,45,44,20,62,33,63,20,83,37,77,37,66,82,55,63,61,136,143,248,290,343,504,548,654,601,721,675,857,804,1000,949,859,614,511,457,446,358,298,518,436,412,300,114,177,233,439,345,367,314,247,231,168,187,121,146,57,90,31,54,38,37,51,39,52,40,31,24,33
64,170,1,2,119,0,1953125,12,0,144,1.04,0,0,NaN,0,0,54,47,46,40,44,45,33,36,20,43,13,26,19,39,20,32,49,45,44,20,62,33,63,20,83,37,77,37,66,82,55,63,61,136,143,248,290,343,504,548,654,601,721,675,857,804,1000,949,859,614,511,457,446,358,298,518,436,412,300,114,177,233,439,345,367,314,247,231,168,187,121,146,57,90,31,54,38,37,51,39,52,40,31,24,33
64,170,2,2,119,0,1953125,12,0,6827,2.19,0,0,NaN,0,0,33,36,29,30,40,34,25,24,34,27,26,8,29,20,11,19,26,30,21,17,39,44,39,27,67,58,68,92,14,120,43,76,66,113,42,147,162,323,458,564,484,457,542,571,667,411,643,771,610,243,507,541,608,405,481,1000,838,754,566,75,292,249,446,136,270,164,159,84,108,63,60,80,42,40,8,39,6,10,8,2,10,9,5,2,9
64,170,2,2,119,0,1953125,12,0,144,1.04,0,0,NaN,0,0,57,41,47,38,48,43,29,35,28,41,10,26,22,36,25,25,51,37,50,12,66,20,62,15,86,34,73,57,67,86,33,82,55,149,112,281,248,391,466,596,612,641,690,708,830,825,1000,928,874,539,536,402,496,341,357,462,512,419,400,96,184,282,470,342,437,278,321,182,238,140,189,100,119,51,79,20,63,16,65,29,65,29,42,28,38
64,170,2,2,119,0,1953125,12,0,144,1.04,0,0,NaN,0,0,57,41,47,38,48,43,29,35,28,41,10,26,22,36,25,25,51,37,50,12,66,20,62,15,86,34,73,57,67,86,33,82,55,149,112,281,248,391,466,596,612,641,690,708,830,825,1000,928,874,539,536,402,496,341,357,462,512,419,400,96,184,282,470,342,437,278,321,182,238,140,189,100,119,51,79,20,63,16,65,29,65,29,42,28,38
64,170,2,2,119,0,1953125,12,0,124,1.04,0,0,NaN,0,0,48,60,43,52,34,57,28,45,11,56,4,40,23,52,25,42,52,51,46,31,68,38,72,24,89,34,96,24,79,75,95,54,84,130,213,232,347,330,560,550,712,611,759,696,891,840,997,1000,828,631,455,481,418,400,254,536,404,479,295,155,183,277,436,408,345,373,231,279,150,228,121,180,59,116,31,81,15,71,28,67,47,67,30,43,37
64,170,2,2,119,0,1953125,12,0,144,1.04,0,0,NaN,0,0,43,54,31,54,39,49,19,42,28,35,16,20,33,19,39,10,59,17,54,23,60,25,57,49,69,51,44,84,57,74,43,93,55,127,138,287,208,440,419,654,573,716,636,797,791,920,967,1000,858,570,552,418,496,381,361,447,516,445,350,117,115,360,417,401,414,303,310,192,234,135,196,85,130,32,87,24,50,50,44,53,49,51,28,35,32
64,170,2,2,119,0,1953125,12,0,144,1.04,0,0,NaN,0,0,51,48,40,42,43,47,29,36,24,41,11,25,24,34,24,26,53,35,48,14,66,25,65,13,84,39,73,51,60,88,44,75,52,148,127,266,270,367,488,564,638,618,713,685,853,808,1000,921,857,576,515,429,460,345,303,493,455,416,343,107,189,243,463,344,393,307,273,223,188,179,141,138,75,87,45,50,45,29,53,31,56,37,36,22,35
64,170,1,2,119,0,1953125,12,0,76,1.03,0,0,NaN,0,0,56,60,44,43,57,50,43,32,54,36,41,18,57,20,47,19,61,0,45,32,60,43,54,56,62,85,59,106,33,148,49,140,24,218,178,339,288,410,506,615,657,640,713,693,860,807,1000,917,857,568,524,435,444,319,315,556,483,406,321,124,146,197,422,305,374,308,263,249,191,218,153,194,96,147,64,110,35,70,27,56,40,57,37,41,29
64,170,2,2,119,0,1953125,12,0,6827,2.19,0,0,NaN,0,0,38,37,34,28,27,35,34,27,23,32,19,27,11,25,18,24,16,40,21,41,33,39,24,49,33,36,45,24,90,56,118,89,30,77,152,72,137,311,511,545,548,446,558,567,688,418,622,818,582,285,492,567,591,456,472,999,835,847,572,108,315,269,443,179,242,207,131,110,84,93,40,82,26,43,15,30,8,16,16,12,12,20,16,11,1
64,170,2,2,119,0,1953125,12,0,124,1.04,0,0,NaN,0,0,392,333,323,322,346,312,244,256,259,221,154,158,171,142,88,157,185,175,163,262,306,275,273,382,435,359,401,458,535,454,474,534,501,550,456,519,577,510,450,343,649,427,367,259,784,415,794,226,579,20,756,219,322,461,999,260,386,663,534,298,517,364,501,336,425,416,413,390,400,383,373,330,312,316,305,267,223,218,223,170,114,109,100,74,36
64,170,2,2,119,0,1953125,12,0,114,1.04,0,0,NaN,0,0,38,57,32,53,40,44,35,33,44,28,36,7,48,18,44,26,61,32,50,43,50,46,42,71,50,69,23,100,41,88,50,111,48,135,171,300,235,451,430,656,571,716,622,794,775,912,938,1000,842,578,542,426,473,365,363,446,478,434,324,125,79,344,387,401,391,308,302,208,234,153,204,106,143,52,103,37,59,56,56,58,50,55,39,40,39
64,170,2,2,119,0,1953125,12,0,114,1.04,0,0,NaN,0,0,57,41,55,33,51,28,51,14,46,13,43,19,32,37,34,47,27,63,20,60,5,73,15,74,26,76,51,70,70,37,110,53,93,26,249,196,322,348,499,559,629,628,649,720,779,855,878,1000,749,611,421,462,375,416,249,505,407,507,279,190,133,321,384,436,320,379,225,273,149,225,130,169,74,117,45,76,12,76,19,70,45,67,25,45,39
64,170,2,2,119,0,1953125,12,0,124,1.04,0,0,NaN,0,0,41,60,32,56,43,47,33,36,45,33,34,11,53,21,48,25,67,26,53,41,59,43,48,67,62,72,30,106,43,98,41,118,48,155,168,320,233,465,439,683,598,744,650,816,811,936,967,1000,854,554,528,393,489,381,355,430,514,468,370,129,120,375,440,419,435,319,333,207,257,154,221,102,152,45,110,29,69,50,63,57,62,59,46,43,42
64,170,2,2,119,0,1953125,12,0,144,1.04,0,0,NaN,0,0,56,41,52,37,47,35,45,22,37,21,34,20,18,36,19,45,14,64,10,61,17,70,23,70,37,69,61,52,61,48,100,37,83,46,236,161,322,309,513,532,655,610,685,717,820,858,907,1000,752,613,408,469,391,434,242,512,413,519,288,203,166,345,411,451,329,383,226,273,145,219,119,156,59,100,33,61,7,66,19,61,35,59,17,36,33
64,170,2,2,119,0,1953125,12,0,124,1.04,0,0,NaN,0,0,45,62,39,53,33,59,24,46,14,55,3,39,30,50,34,42,57,48,50,25,73,30,76,17,91,35,94,34,73,85,84,68,73,146,196,251,331,339,546,559,705,613,755,693,895,826,1000,968,831,608,458,451,421,377,242,518,419,460,304,131,204,276,464,394,362,363,244,270,160,222,123,177,60,113,29,76,21,65,39,61,48,59,30,37,38
64,170,2,2,119,0,1953125,12,0,144,1.04,0,0,NaN,0,0,44,53,33,54,38,47,22,42,27,36,17,19,35,20,38,11,60,19,56,22,63,23,60,47,72,50,49,83,61,72,43,95,54,126,138,289,210,438,420,659,578,723,639,799,799,920,964,1000,868,583,545,395,475,375,349,442,523,448,358,125,126,360,428,405,421,308,320,197,241,137,201,85,132,31,87,23,48,50,46,52,49,50,30,32,27
64,170,2,2,119,0,1953125,12,0,124,1.04,0,0,NaN,0,0,39,63,32,54,31,59,19,45,19,54,11,35,36,41,37,33,63,38,56,10,72,16,73,10,85,35,86,49,67,91,59,82,52,162,162,277,303,368,522,577,680,630,742,695,883,819,1000,943,853,601,491,429,427,342,263,501,417,406,301,84,192,242,455,349,372,324,257,242,172,198,133,164,69,106,38,69,35,48,46,48,50,51,35,32,37
64,170,2,2,119,0,1953125,12,0,124,1.04,0,0,NaN,0,0,53,50,50,42,42,52,34,41,18,52,15,39,14,55,19,45,44,60,38,36,63,44,63,30,83,39,93,22,79,76,96,57,82,139,217,235,343,329,558,547,701,601,750,687,893,826,1000,977,837,610,462,453,413,367,253,519,396,434,306,113,194,255,462,370,370,342,253,254,171,214,135,169,70,114,39,74,37,56,48,51,62,54,37,38,42
64,170,1,2,119,0,1953125,12,0,144,1.04,0,0,NaN,0,0,62,39,53,31,54,40,40,30,29,42,19,26,12,45,13,37,41,53,36,33,60,44,61,26,85,43,77,34,70,82,65,65,62,144,163,246,299,338,513,550,659,596,724,673,866,802,999,929,843,550,461,407,459,360,290,482,471,449,391,128,217,271,499,369,421,325,293,228,206,183,158,138,88,85,56,46,55,23,59,29,61,31,39,23,38
64,170,1,2,119,0,1953125,12,0,124,1.04,0,0,NaN,0,0,46,62,38,51,32,60,23,48,14,55,4,38,29,51,34,41,59,47,52,23,73,29,77,14,93,34,94,37,77,83,85,69,72,151,198,258,332,341,547,563,708,618,754,687,895,829,1000,965,830,596,430,429,419,374,227,493,409,455,314,126,217,283,475,400,370,364,249,270,163,221,124,174,56,110,28,76,24,61,40,58,47,57,31,37,36
64,170,1,2,119,0,1953125,12,0,124,1.04,0,0,NaN,0,0,41,63,31,52,33,62,19,46,20,54,12,36,36,45,36,34,62,38,55,12,76,19,74,10,92,36,88,52,69,93,66,84,57,162,172,277,304,363,524,570,678,619,735,685,883,816,1000,930,834,569,458,417,436,355,255,498,430,429,332,118,207,259,473,370,382,339,263,257,180,209,138,170,71,111,41,74,33,55,46,52,55,52,37,33,38
64,170,1,2,119,0,1953125,12,0,124,1.04,0,0,NaN,0,0,54,47,54,43,43,49,37,43,22,49,17,43,10,55,19,53,36,66,32,53,53,57,59,53,73,49,89,23,83,47,115,23,101,86,251,192,354,316,553,546,701,619,723,716,857,866,926,1000,761,623,406,465,378,425,222,511,398,504,269,182,163,341,406,455,329,385,233,283,162,223,139,166,88,102,58,72,18,70,23,64,31,66,25,42,33
64,170,1,2,119,0,1953125,12,0,124,1.04,0,0,NaN,0,0,65,37,62,30,53,38,50,29,36,41,32,39,14,56,19,58,26,71,16,61,40,70,47,61,62,60,82,39,79,44,119,19,100,74,261,189,352,315,557,554,705,624,725,721,857,865,936,1000,764,622,408,461,373,419,219,523,403,508,286,176,179,334,424,442,332,390,234,290,152,236,125,174,64,116,39,77,8,77,24,64,40,68,25,41,38
64,170,1,2,119,0,1953125,12,0,124,1.04,0,0,NaN,0,0,62,43,62,34,51,43,47,35,28,49,28,42,10,58,17,54,32,72,23,56,52,66,52,54,74,54,90,26,82,53,118,28,93,98,251,196,351,307,561,542,711,607,741,707,876,849,959,1000,782,615,414,461,382,405,223,537,407,498,299,168,196,319,451,430,344,385,239,290,155,237,125,182,60,121,32,79,15,70,28,60,46,67,27,39,38
64,170,1,2,119,0,1953125,12,0,124,1.04,0,0,NaN,0,0,64,34,61,31,53,36,49,28,37,40,32,37,15,52,20,57,23,69,13,61,36,72,40,68,54,65,77,45,76,36,120,19,98,62,260,185,348,318,540,553,686,621,704,719,834,861,907,1000,751,618,403,445,354,405,209,502,383,486,256,157,167,328,406,432,315,376,223,277,147,225,127,166,69,107,45,68,4,72,17,64,34,63,21,41,34
64,170,1,2,119,0,1953125,12,0,124,1.04,0,0,NaN,0,0,62,32,60,28,52,26,50,23,39,29,37,33,23,47,24,54,23,68,7,62,19,71,27,73,36,68,64,59,68,31,111,32,95,35,246,183,328,333,505,547,644,625,657,716,786,865,878,1000,757,631,426,434,344,399,240,487,372,457,233,143,126,317,367,421,303,356,223,256,152,203,136,150,87,93,59,65,20,69,18,62,32,64,21,39,30
64,170,1,2,119,0,1953125,12,0,124,1.04,0,0,NaN,0,0,58,32,57,28,49,27,48,24,38,27,35,29,23,43,23,51,21,64,9,60,16,66,25,69,33,65,59,58,65,31,111,33,93,31,248,192,327,337,498,553,636,635,650,715,770,861,872,1000,775,649,442,417,322,375,266,479,369,434,220,133,111,291,344,410,294,341,218,247,151,191,136,142,91,88,61,59,24,64,19,60,28,60,19,34,30
64,170,1,2,119,0,1953125,12,0,124,1.04,0,0,NaN,0,0,60,31,59,28,53,28,48,23,41,27,35,29,23,46,24,51,21,66,6,60,20,67,27,70,39,68,62,59,70,30,113,31,99,35,252,195,334,342,514,567,660,651,677,737,795,874,874,1000,770,649,440,435,339,378,244,462,355,444,224,127,138,316,360,418,300,354,223,257,154,200,134,145,87,92,60,61,23,67,18,62,30,62,22,36,29
64,170,1,2,119,0,1953125,12,0,124,1.04,0,0,NaN,0,0,52,61,44,48,50,48,42,32,46,31,41,17,50,15,55,23,69,10,66,15,72,23,81,28,86,55,87,70,60,105,53,95,51,169,168,287,329,369,549,578,726,636,765,713,927,861,997,1000,825,638,430,474,393,425,233,529,370,493,263,166,179,343,417,466,335,385,236,286,185,210,155,156,118,76,77,59,51,57,44,63,45,55,44,37,35
64,170,1,2,119,0,1953125,12,0,124,1.04,0,0,NaN,0,0,43,70,37,60,35,63,26,51,17,58,9,43,32,48,38,43,63,49,59,26,75,30,84,19,99,33,102,28,83,80,98,62,87,138,221,234,358,332,576,561,741,626,774,719,927,861,995,1000,810,606,407,469,422,454,240,555,444,557,339,229,203,362,458,487,360,418,252,316,174,247,146,188,90,112,55,81,20,80,27,77,37,74,33,46,36
64,170,1,2,119,0,1953125,12,0,124,1.04,0,0,NaN,0,0,43,62,29,54,44,51,31,36,46,37,33,13,53,23,51,26,72,24,59,35,67,33,60,59,76,65,51,97,51,103,14,114,41,168,133,323,227,456,445,668,615,727,676,782,837,895,1000,942,874,520,518,352,494,358,343,442,523,416,398,86,194,317,497,362,461,287,346,196,260,147,210,116,138,61,96,36,69,8,72,27,67,32,53,29,43
64,170,1,2,119,0,1953125,12,0,124,1.04,0,0,NaN,0,0,54,47,48,41,54,34,45,22,53,13,42,8,49,20,44,42,57,42,41,61,38,60,26,80,38,76,16,101,53,77,71,98,77,113,199,289,249,456,436,666,595,748,634,806,783,942,941,1000,843,581,523,365,441,376,327,412,463,416,317,93,93,362,414,405,410,297,317,193,246,135,211,91,145,31,103,14,63,38,60,45,59,48,46,31,36
64,170,1,2,119,0,1953125,12,0,124,1.04,0,0,NaN,0,0,43,56,35,52,33,58,18,46,16,54,4,35,31,46,33,31,60,40,51,9,73,18,68,13,90,36,80,56,65,93,47,89,45,166,148,292,280,382,496,596,657,645,715,695,854,818,1000,912,868,565,510,380,447,322,298,461,424,361,322,52,168,256,456,313,402,274,290,193,213,155,172,124,107,80,71,45,56,19,59,27,64,31,42,23,39
64,170,1,2,119,0,1953125,12,0,124,1.04,0,0,NaN,0,0,54,51,44,44,54,38,45,22,54,14,41,6,50,20,43,39,56,41,40,59,38,56,28,77,37,78,14,102,52,78,69,100,72,123,193,296,251,459,436,673,602,754,643,819,797,937,943,1000,847,580,537,383,450,352,338,410,437,381,290,73,95,362,410,383,397,283,309,185,238,125,206,84,143,27,101,14,61,39,61,40,53,44,45,27,31
64,170,1,2,119,0,1953125,12,0,124,1.04,0,0,NaN,0,0,55,38,53,35,53,25,49,17,51,6,41,18,42,31,37,47,42,57,26,64,15,68,9,83,11,79,29,93,55,58,89,83,80,73,220,247,277,411,449,623,592,695,608,772,754,904,882,1000,787,589,474,408,416,405,319,449,445,451,293,140,75,349,369,417,362,320,279,220,219,164,189,112,132,56,96,39,52,56,48,55,45,58,38,35,32
64,170,1,2,119,0,1953125,12,0,124,1.04,0,0,NaN,0,0,57,35,55,33,53,23,48,18,47,11,39,22,37,33,32,48,32,57,18,62,5,65,11,78,19,70,42,81,64,46,101,70,91,55,239,226,294,389,459,598,601,673,611,748,745,888,866,1000,775,598,455,388,372,388,290,423,400,451,269,125,82,336,356,418,336,328,257,226,195,171,174,120,122,65,85,45,44,59,38,61,42,60,35,37,32
64,170,1,2,119,0,1953125,12,0,124,1.04,0,0,NaN,0,0,60,35,58,32,55,24,53,19,48,17,41,26,37,40,32,52,32,63,15,67,1,70,12,83,21,74,51,81,68,44,109,66,97,51,244,219,304,389,480,604,623,687,640,771,778,905,874,1000,756,592,446,435,387,405,283,455,401,467,277,168,106,369,381,443,345,352,269,250,201,189,179,133,121,78,88,52,41,69,37,65,43,68,35,40,35
64,170,1,2,119,0,1953125,12,0,124,1.04,0,0,NaN,0,0,61,36,59,34,56,25,52,19,50,12,39,24,38,34,32,52,37,61,21,67,7,72,9,86,13,78,42,85,62,49,103,67,92,54,238,221,290,389,472,612,615,685,628,771,772,908,876,1000,759,585,448,427,397,414,285,461,441,482,293,174,92,366,378,443,355,348,276,243,209,182,183,127,125,72,91,49,45,65,41,59,39,64,35,39,32
64,170,1,2,119,0,1953125,12,0,124,1.04,0,0,NaN,0,0,58,53,49,45,45,55,33,43,15,56,10,40,19,57,24,45,50,59,41,33,70,45,70,23,92,36,95,27,79,80,88,58,75,144,198,237,327,333,550,553,700,614,758,684,885,809,1000,937,825,579,477,451,437,370,258,521,427,434,341,124,210,262,473,362,381,338,273,251,187,207,147,165,78,110,46,69,43,50,52,44,63,51,40,32,41
64,170,1,2,119,0,1953125,12,0,124,1.04,0,0,NaN,0,0,39,61,26,52,32,55,16,42,25,52,15,29,37,38,36,22,62,30,52,4,70,11,63,29,82,43,69,74,59,97,28,98,39,168,130,307,259,415,477,619,630,680,703,721,830,833,1000,934,899,585,558,380,451,292,324,449,425,328,303,44,116,261,420,294,390,244,293,160,219,125,182,100,120,58,83,31,60,6,60,24,62,30,44,22,37
64,170,1,2,119,0,1953125,12,0,124,1.04,0,0,NaN,0,0,62,41,58,34,49,41,44,34,29,45,26,38,10,54,14,52,25,67,21,51,44,60,51,54,67,52,88,27,81,48,118,16,100,80,245,189,354,315,551,531,692,606,724,698,843,833,942,999,798,648,446,477,374,396,257,539,352,441,245,143,155,259,397,391,305,356,214,268,136,219,112,171,58,111,34,76,7,66,23,61,41,63,23,36,35
64,170,1,2,119,0,1953125,12,0,124,1.04,0,0,NaN,0,0,62,40,60,36,48,43,45,35,29,44,28,37,10,55,15,51,27,69,19,55,48,65,51,55,69,57,87,29,84,45,116,16,99,73,247,181,353,310,551,535,693,604,723,698,847,834,940,1000,789,631,434,489,393,416,245,546,392,484,282,178,156,284,408,415,324,377,228,282,146,232,123,179,60,119,38,80,10,72,24,65,43,69,30,42,39
64,170,1,2,119,0,1953125,12,0,124,1.04,0,0,NaN,0,0,61,45,57,38,47,47,40,37,24,50,21,40,8,56,15,51,33,65,30,50,55,55,60,46,78,44,93,18,81,58,116,29,94,102,238,203,355,319,569,545,717,615,757,701,871,835,977,1000,823,643,449,471,390,394,244,542,383,465,292,150,180,261,429,395,339,368,233,273,148,223,119,176,57,118,28,76,19,66,33,57,47,64,28,36,37
64,170,1,2,119,0,1953125,12,0,124,1.04,0,0,NaN,0,0,62,46,54,39,58,36,47,18,56,13,43,10,52,19,44,40,57,39,41,58,44,57,34,79,43,80,19,104,52,92,53,106,61,146,165,311,233,477,433,684,604,758,658,814,825,931,1000,994,908,564,555,379,508,361,370,460,525,406,382,69,138,301,473,358,457,280,339,193,261,143,212,121,141,64,98,42,71,11,78,30,70,33,58,31,43
64,170,1,2,119,0,1953125,12,0,124,1.04,0,0,NaN,0,0,62,46,54,39,58,36,47,18,56,13,43,10,52,19,44,40,57,39,41,58,44,57,34,79,43,80,19,104,52,92,53,106,61,146,165,311,233,477,433,684,604,758,658,814,825,931,1000,994,908,564,555,379,508,361,370,460,525,406,382,69,138,301,473,358,457,280,339,193,261,143,212,121,141,64,98,42,71,11,78,30,70,33,58,31,43
64,170,1,2,119,0,1953125,12,0,124,1.04,0,0,NaN,0,0,39,63,24,56,35,56,18,43,30,47,20,25,44,37,42,20,70,24,56,15,71,15,66,42,87,51,64,84,59,97,15,107,44,159,121,313,237,434,454,636,608,695,681,744,813,856,1000,954,906,563,546,355,456,310,345,446,487,375,364,57,113,280,438,336,428,267,325,170,244,126,205,97,137,47,98,23,66,14,68,31,64,33,50,28,39
64,170,1,2,119,0,1953125,12,0,124,1.04,0,0,NaN,0,0,65,31,55,33,55,22,50,18,51,12,37,24,39,35,33,50,38,54,21,66,13,65,5,83,15,78,29,92,59,60,85,84,77,87,204,255,264,431,439,640,595,724,625,795,763,912,905,1000,834,606,536,405,441,356,350,441,472,400,302,94,75,312,378,365,398,276,310,184,245,121,205,91,148,30,101,16,70,28,71,36,61,39,53,28,35
64,170,1,2,119,0,1953125,12,0,124,1.04,0,0,NaN,0,0,526,490,424,419,439,441,329,322,350,287,220,198,215,187,131,187,250,245,235,311,367,409,403,471,524,580,545,558,653,591,595,639,716,723,664,601,719,756,664,655,502,850,580,291,906,691,523,699,751,637,134,804,650,545,705,1000,229,663,697,416,640,765,432,518,637,586,469,496,541,490,468,448,418,392,355,312,301,310,273,210,177,157,137,66,33
64,170,2,2,119,0,1953125,12,0,124,1.04,0,0,NaN,0,0,58,33,55,31,54,20,50,16,45,13,40,23,39,36,34,50,35,57,20,66,3,68,8,79,15,74,39,83,59,47,99,70,83,51,221,219,288,389,463,600,601,678,623,759,746,877,862,1000,777,615,480,423,387,388,306,462,414,426,249,124,64,315,328,395,324,317,252,221,194,164,169,118,119,62,85,42,41,62,38,54,38,59,33,34,29
64,170,2,2,119,0,1953125,12,0,6807,2.19,0,0,NaN,0,0,41,35,39,35,26,30,31,33,13,33,15,28,20,22,16,33,10,45,16,46,39,48,25,59,45,33,56,16,74,64,98,84,24,64,135,52,140,354,488,553,550,488,547,599,690,429,600,831,592,285,517,549,577,536,591,1000,758,851,564,108,253,268,418,201,210,223,110,123,72,95,59,71,52,25,48,7,38,29,26,26,8,33,21,7,11
64,170,2,2,119,0,1953125,12,0,124,1.04,0,0,NaN,0,0,399,400,337,326,350,336,284,244,247,242,211,136,142,168,142,128,180,230,204,219,314,358,342,314,392,497,444,434,475,599,451,477,541,541,571,528,465,513,626,572,377,524,597,591,725,455,409,586,151,757,274,726,537,255,510,999,560,132,630,488,392,460,467,454,516,407,434,427,439,371,318,355,376,330,253,268,277,237,188,148,143,147,104,29,38
64,170,2,2,119,0,1953125,12,0,114,1.04,0,0,NaN,0,0,62,36,59,29,54,27,50,20,44,24,38,29,27,45,28,54,23,67,10,63,15,72,23,76,34,73,60,69,69,39,111,54,92,18,242,185,314,344,490,558,623,635,645,727,766,849,863,1000,757,610,430,463,390,439,283,523,431,511,304,218,76,316,353,439,331,368,246,264,178,208,160,154,107,94,73,65,31,72,30,65,34,69,27,39,33
64,170,2,2,119,0,1953125,12,0,124,1.04,0,0,NaN,0,0,41,60,27,54,32,56,14,43,25,50,14,28,37,42,38,24,64,29,54,2,73,7,68,26,86,44,73,74,61,97,30,102,44,166,128,310,260,416,475,619,630,677,707,724,826,820,1000,939,908,573,542,367,454,317,339,455,454,365,354,48,124,257,435,313,417,264,310,176,230,133,190,108,123,59,84,31,63,12,63,22,66,31,47,25,37
64,170,2,2,119,0,1953125,12,0,124,1.04,0,0,NaN,0,0,44,59,32,51,35,57,18,44,20,51,5,34,33,43,31,25,59,36,49,5,72,15,66,19,88,39,77,64,65,94,49,92,51,163,136,289,276,386,482,580,634,641,712,693,839,794,1000,925,892,574,533,398,446,307,316,480,413,337,324,68,136,240,436,300,403,270,295,186,214,149,175,124,112,74,75,44,60,19,62,25,67,32,46,26,40
64,170,2,2,119,0,1953125,12,0,124,1.04,0,0,NaN,0,0,58,36,52,35,53,26,48,16,48,8,41,18,39,30,36,47,39,55,25,62,12,67,6,82,14,75,36,87,56,58,91,82,80,69,219,234,280,402,442,602,585,682,611,760,738,874,869,1000,792,597,477,416,403,406,305,456,445,470,306,163,54,333,358,418,363,330,280,224,215,165,189,117,132,61,90,41,51,58,47,56,45,61,43,38,33
64,170,2,2,119,0,1953125,12,0,114,1.04,0,0,NaN,0,0,55,38,50,35,53,23,48,17,49,5,39,18,39,28,35,46,40,52,24,63,13,65,9,79,15,74,31,91,56,55,92,84,76,70,215,241,274,407,440,609,579,689,614,765,733,872,870,999,801,604,486,402,402,408,323,460,450,460,313,157,44,320,355,408,366,321,288,221,222,159,193,115,135,56,97,42,54,55,52,54,46,56,39,37,35
64,170,2,2,119,0,1953125,12,0,124,1.04,0,0,NaN,0,0,43,57,28,53,33,58,16,44,22,51,13,32,36,43,39,28,66,33,56,4,74,5,72,24,91,41,76,71,66,93,37,96,52,159,125,300,264,405,483,610,632,666,708,714,830,816,1000,938,902,582,557,391,469,330,346,486,470,362,352,63,131,246,430,308,411,267,309,183,228,142,187,112,121,66,83,33,63,12,62,28,66,31,47,24,40
64,170,2,2,119,0,1953125,12,0,124,1.04,0,0,NaN,0,0,58,44,54,36,45,45,41,36,22,49,21,39,9,56,17,51,35,66,30,46,54,55,58,43,80,43,89,14,79,57,106,29,90,99,220,205,350,321,558,533,699,611,749,685,855,813,970,1000,846,671,484,481,395,394,266,548,368,427,273,134,154,228,401,360,325,344,224,257,142,209,113,166,54,110,25,72,22,61,35,51,45,56,30,34,34
64,170,2,2,119,0,1953125,12,0,114,1.04,0,0,NaN,0,0,57,29,54,28,49,24,47,19,41,21,36,27,26,40,25,49,24,60,10,58,8,65,20,71,27,66,54,65,63,32,106,45,89,27,233,195,309,359,483,557,613,650,646,736,756,853,862,1000,785,653,479,454,373,397,317,497,382,416,219,130,78,271,302,383,287,321,224,234,165,178,146,133,101,80,70,54,32,63,29,58,31,60,27,35,28
64,170,2,2,119,0,1953125,12,0,114,1.04,0,0,NaN,0,0,45,56,39,48,36,55,24,42,13,55,2,36,25,50,30,37,55,47,46,20,68,27,68,10,90,32,87,41,72,85,74,74,68,151,172,262,311,364,529,567,684,635,753,697,871,799,1000,943,875,604,512,440,463,360,297,509,415,381,311,89,158,219,431,308,371,295,270,217,191,178,154,145,90,95,57,60,53,38,57,35,61,43,43,29,41
