64,170,1,2,119,0,1953125,12,0,0,1,0,0,NaN,0,0,315,264,308,264,316,273,314,276,316,291,313,289,308,304,304,300,293,309,288,301,274,309,256,310,235,315,222,324,183,352,155,365,130,417,34,491,125,464,169,643,256,674,239,722,287,789,494,999,614,772,551,726,308,576,277,794,128,457,182,413,225,327,369,192,319,163,239,236,218,248,198,255,207,264,196,267,201,274,192,273,189,269,197,249,208
64,170,1,2,119,0,1953125,12,0,0,1,0,0,NaN,0,0,18,80,21,78,15,71,26,72,27,63,42,60,47,53,69,54,82,52,102,46,108,42,119,37,134,41,149,56,174,71,212,82,208,129,328,233,328,269,441,470,586,506,555,595,649,675,825,1000,827,757,625,724,525,463,466,746,430,374,174,287,216,213,251,65,116,97,20,95,11,95,38,95,49,114,67,91,63,90,77,72,71,60,55,50,54
64,170,1,2,119,0,1953125,12,0,0,1.01,0,0,NaN,0,0,51,63,44,65,43,66,37,61,24,65,27,56,22,60,33,54,54,61,65,61,92,67,92,60,117,65,132,86,157,70,191,98,183,102,303,244,328,297,445,477,565,505,555,602,647,681,836,1000,819,724,601,703,537,493,471,745,466,441,263,318,161,141,179,46,135,166,84,156,65,145,70,148,76,152,77,125,66,113,63,89,51,73,49,69,55
64,170,1,2,119,0,1953125,12,0,0,1.01,0,0,NaN,0,0,49,66,41,69,44,67,32,65,23,62,24,61,22,59,36,54,56,61,75,61,92,65,99,61,122,66,138,81,165,69,199,96,188,105,316,250,342,302,464,498,601,524,580,611,661,688,842,1000,843,748,620,711,516,481,464,753,477,443,278,315,141,132,170,48,145,176,98,164,73,157,78,148,77,160,85,126,69,121,67,86,51,77,46,72,59
64,170,1,2,119,0,1953125,12,0,0,1.01,0,0,NaN,0,0,281,267,295,263,296,259,312,259,314,253,326,255,321,252,326,254,318,250,315,253,309,249,286,263,273,264,251,286,223,315,180,338,156,386,55,481,150,473,187,643,259,676,251,727,288,799,496,1000,576,766,487,726,265,585,225,788,166,471,192,430,138,313,305,180,297,169,243,233,230,229,229,226,243,223,244,220,250,213,244,214,244,199,249,182,255
64,170,1,2,119,0,1953125,12,0,0,1.01,0,0,NaN,0,0,282,272,294,264,297,263,311,260,314,256,327,253,322,253,327,251,321,248,320,246,313,246,294,256,280,261,260,280,231,310,192,335,163,385,74,476,170,463,205,635,276,663,257,718,302,795,510,1000,609,753,504,720,300,591,248,788,163,493,180,445,141,303,309,172,297,176,236,240,224,236,221,232,239,233,236,228,245,225,238,218,245,208,244,186,255
64,170,1,2,119,0,1953125,12,0,0,1,0,0,NaN,0,0,11,78,15,80,10,71,17,73,22,64,36,60,41,53,66,57,79,55,95,51,103,47,116,44,130,45,143,62,171,71,203,84,203,126,326,248,318,278,418,471,561,503,523,586,618,672,803,1000,824,745,614,703,499,450,451,725,405,367,177,280,233,204,258,74,113,110,10,92,21,91,48,89,54,106,76,81,70,82,81,63,75,55,56,48,56
64,170,1,2,119,0,1953125,12,0,0,1.01,0,0,NaN,0,0,67,42,62,46,59,46,56,48,44,52,40,50,28,58,30,58,37,72,46,77,64,88,67,92,88,100,101,122,127,116,157,135,151,135,272,287,283,341,392,520,523,545,504,624,599,707,798,1000,820,724,617,675,523,477,479,710,454,433,240,291,214,117,177,81,90,178,78,144,74,135,90,129,95,136,101,107,86,98,86,73,61,63,51,63,59
64,170,1,2,119,0,1953125,12,0,0,1.01,0,0,NaN,0,0,13,84,2,85,5,81,10,74,15,70,28,55,42,52,49,36,78,38,86,39,116,33,114,41,139,35,150,73,174,78,201,100,181,155,309,261,374,279,513,475,654,500,648,579,741,669,956,1000,947,748,691,712,607,458,528,753,555,395,345,293,161,222,154,51,196,108,159,129,126,119,123,130,113,140,108,121,85,110,75,91,58,73,56,67,65
64,170,1,2,119,0,1953125,12,0,0,1.01,0,0,NaN,0,0,49,64,44,66,43,66,34,63,25,62,24,58,22,59,36,55,52,59,69,60,90,65,95,63,115,69,133,81,158,73,192,92,179,102,308,248,336,301,445,481,576,508,555,595,644,679,830,1000,837,739,597,690,516,479,461,740,462,433,270,315,167,145,180,44,135,173,90,157,64,150,72,144,75,155,79,123,66,116,65,88,50,75,45,68,59
64,170,1,2,119,0,1953125,12,0,0,1.01,0,0,NaN,0,0,289,282,299,276,307,273,321,268,325,266,336,262,333,260,338,256,334,254,330,251,325,251,305,260,292,265,275,282,245,315,207,337,176,394,95,476,189,465,232,640,291,673,284,733,323,807,536,1000,616,747,520,726,302,603,274,820,164,500,168,446,164,289,323,177,297,191,239,251,228,243,224,245,239,245,236,239,251,234,241,228,245,215,249,194,257
64,170,1,2,119,0,1953125,12,0,0,1.01,0,0,NaN,0,0,247,294,251,296,244,301,251,308,247,310,249,319,241,315,241,328,225,323,221,329,205,317,202,323,190,313,176,331,172,323,165,337,191,333,209,443,102,493,130,639,225,666,192,721,271,798,435,1000,503,760,447,704,275,579,268,753,170,507,87,411,233,198,347,154,228,245,164,282,149,271,142,286,140,290,134,287,151,281,147,274,167,258,162,251,163
64,170,1,2,119,0,1953125,12,0,0,1.01,0,0,NaN,0,0,280,327,283,317,291,328,299,315,312,320,319,311,324,305,339,287,339,280,348,268,335,255,346,235,337,213,356,192,358,157,399,140,377,129,491,8,516,89,635,186,759,210,754,270,845,348,1000,662,967,557,722,520,720,191,645,443,702,108,462,135,356,372,116,317,255,242,298,173,309,185,313,172,322,167,327,171,314,180,318,179,296,198,285,200,274
64,170,1,2,119,0,1953125,12,0,0,1.01,0,0,NaN,0,0,51,72,50,67,51,64,50,53,56,47,58,34,63,30,61,40,72,48,75,73,94,76,87,101,100,114,105,150,106,169,128,193,105,243,225,355,308,364,454,556,614,578,617,636,731,719,975,987,1000,696,754,648,684,428,592,693,620,385,365,236,240,214,84,116,180,121,190,69,167,62,175,71,162,88,160,69,126,73,112,56,86,55,75,52,76
64,170,1,2,119,0,1953125,12,0,0,1.01,0,0,NaN,0,0,62,52,58,54,57,53,49,57,41,55,31,58,27,57,31,60,41,66,58,76,73,81,82,86,98,91,116,111,142,100,175,121,172,125,290,270,303,333,418,516,557,543,529,629,629,712,808,1000,812,729,607,694,532,483,459,731,464,445,245,300,181,111,174,76,109,187,82,158,70,150,86,142,84,146,96,116,76,109,79,79,56,73,51,66,62
64,170,1,2,119,0,1953125,12,0,0,1.01,0,0,NaN,0,0,309,302,303,309,298,325,293,332,284,349,282,349,275,356,272,358,261,358,262,350,250,337,266,321,261,303,283,289,307,238,355,214,364,122,485,153,478,229,599,274,730,255,728,299,830,341,999,651,984,514,762,448,744,108,694,345,690,272,429,64,425,251,240,301,163,320,225,253,240,264,237,268,230,288,228,278,218,290,220,278,208,282,199,280,183
64,170,1,2,119,0,1953125,12,0,0,1,0,0,NaN,0,0,10,78,12,78,10,70,3,74,13,65,25,66,34,60,58,66,69,64,88,65,91,64,103,66,116,72,130,87,156,97,187,112,190,146,307,278,286,318,386,510,527,542,496,619,585,697,776,1000,834,754,644,679,510,442,460,696,423,384,181,255,256,178,246,99,83,131,27,82,50,78,80,68,81,88,103,62,90,70,98,49,81,49,61,41,62
64,170,1,2,119,0,1953125,12,0,0,1.01,0,0,NaN,0,0,64,50,59,54,56,52,49,55,41,57,34,57,27,59,27,61,42,68,57,75,72,82,81,85,95,89,115,111,137,102,177,124,165,125,291,271,299,332,417,515,545,540,527,621,616,708,804,1000,813,732,611,690,513,475,465,739,470,446,250,303,192,108,165,79,103,187,82,159,71,149,89,143,87,149,95,116,80,112,80,77,57,74,53,68,62
64,170,1,2,119,0,1953125,12,0,0,1.01,0,0,NaN,0,0,271,330,282,323,288,322,306,313,317,307,332,299,337,286,354,269,357,253,365,240,359,230,352,227,344,225,336,231,318,271,299,293,254,377,226,443,329,408,385,600,452,637,423,706,441,795,658,1000,766,720,650,695,393,595,338,845,191,562,150,483,184,299,344,180,314,210,247,271,238,258,236,256,257,256,257,244,273,238,266,229,272,219,272,191,284
64,170,1,2,119,0,1953125,12,0,0,1,0,0,NaN,0,0,12,78,16,80,11,69,21,73,22,62,39,61,44,55,68,54,79,54,97,46,103,46,117,42,131,46,144,57,177,73,208,87,205,124,326,245,331,281,435,483,581,514,543,592,625,675,805,1000,843,780,644,714,492,437,446,726,424,374,179,281,224,211,249,76,117,104,17,95,16,96,48,89,53,109,74,86,68,86,79,67,69,57,54,49,56
64,170,1,2,119,0,1953125,12,0,0,1,0,0,NaN,0,0,30,74,38,76,32,65,40,66,39,56,54,54,53,47,76,49,87,51,106,41,109,40,121,40,136,44,148,55,178,78,215,91,207,145,333,235,349,252,470,462,619,496,595,583,686,668,863,1000,856,762,644,729,529,453,470,751,437,348,192,292,199,246,247,81,135,77,43,99,14,101,24,105,37,120,56,102,54,100,70,83,64,67,50,59,51
64,170,1,2,119,0,1953125,12,0,0,1.01,0,0,NaN,0,0,83,16,79,20,74,21,69,26,62,33,57,42,45,51,37,64,34,78,35,92,44,108,42,120,49,131,61,162,79,162,114,191,106,196,224,346,242,387,363,569,501,583,490,663,601,730,823,1000,861,683,660,649,594,465,529,693,526,449,297,260,231,105,121,121,110,186,135,122,128,113,142,101,138,111,141,82,116,81,108,54,82,57,67,57,72
64,170,1,2,119,0,1953125,12,0,0,1.01,0,0,NaN,0,0,16,84,22,88,21,78,31,73,35,63,46,51,53,48,63,33,82,39,90,48,118,49,111,69,138,68,141,109,163,120,183,149,165,201,287,311,367,305,511,511,665,527,664,598,758,680,997,1000,998,725,727,680,649,449,576,725,613,409,401,274,185,216,117,86,220,104,194,105,167,97,158,106,152,123,142,104,115,98,96,80,76,64,69,65,70
64,170,1,2,119,0,1953125,12,0,0,1.01,0,0,NaN,0,0,71,41,75,43,70,33,71,28,67,22,65,19,62,33,54,54,59,68,51,93,66,103,46,129,54,135,54,176,57,182,87,212,63,243,202,381,251,399,391,589,545,612,551,667,650,741,898,1000,943,699,729,636,629,443,575,676,566,429,327,234,250,145,104,132,131,175,161,110,150,98,159,92,151,101,154,78,123,76,114,52,85,56,75,59,72
64,170,1,2,119,0,1953125,12,0,0,1.01,0,0,NaN,0,0,64,50,69,48,65,41,68,32,62,28,63,20,64,30,54,48,61,62,56,88,74,97,54,122,66,130,64,169,65,180,87,205,65,248,197,372,258,392,406,586,566,615,570,661,674,746,925,1000,960,705,746,643,652,430,574,667,580,398,321,222,263,174,107,129,135,154,161,90,152,79,163,80,154,87,154,68,125,71,115,49,82,53,72,53,71
64,170,1,2,119,0,1953125,12,0,0,1.01,0,0,NaN,0,0,75,47,69,38,77,36,71,26,70,21,65,25,63,31,56,54,54,68,54,90,59,104,50,124,51,141,54,173,58,189,81,207,70,244,191,373,250,404,388,592,551,617,545,677,664,750,896,999,935,700,728,658,647,440,578,691,571,413,301,218,248,153,112,124,123,172,154,107,143,100,156,90,147,103,150,75,120,75,110,53,84,55,66,57,72
64,170,1,2,119,0,1953125,12,0,0,1.01,0,0,NaN,0,0,82,28,82,27,81,22,70,29,73,28,55,44,60,42,39,72,44,72,39,106,46,107,36,137,35,140,49,182,45,191,90,217,57,255,199,378,259,402,418,572,572,598,588,630,690,714,956,983,1000,705,744,615,627,411,583,684,613,389,397,249,210,226,112,94,214,92,192,111,156,99,147,122,133,130,124,124,92,108,83,97,58,73,63,74,65
64,170,1,2,119,0,1953125,12,0,0,1,0,0,NaN,0,0,84,16,90,10,80,15,82,14,73,32,69,36,68,57,61,77,71,89,59,107,68,112,52,138,64,137,65,172,81,194,115,214,92,276,243,365,291,330,440,523,606,544,612,582,706,666,964,969,1000,727,754,645,603,372,558,679,557,314,302,226,218,311,178,176,155,55,120,59,92,68,90,85,86,101,88,101,64,100,70,96,52,72,51,58,49
64,170,1,2,119,0,1953125,12,0,0,1.01,0,0,NaN,0,0,46,90,3,85,21,78,50,56,58,39,67,35,66,25,65,40,81,27,91,44,114,77,86,99,83,157,39,173,58,208,124,162,152,193,314,227,380,341,471,567,570,644,537,693,700,747,947,1000,973,816,661,742,563,603,510,776,530,501,266,208,240,178,97,103,214,131,130,156,78,164,101,142,130,109,157,82,127,75,98,92,64,76,49,82,64
64,170,1,2,119,0,1953125,12,0,0,1.01,0,0,NaN,0,0,13,84,3,85,6,83,11,73,16,74,29,57,42,58,53,38,77,41,87,40,118,37,115,41,140,36,152,74,173,82,207,106,185,157,314,263,375,281,522,485,666,509,658,583,744,673,961,1000,955,757,699,712,603,468,539,747,559,402,349,308,159,210,144,44,197,114,164,136,133,122,125,131,116,140,108,122,90,112,78,88,57,73,62,66,63
64,170,1,2,119,0,1953125,12,0,0,1.01,0,0,NaN,0,0,303,246,307,243,306,254,312,256,305,267,307,273,294,286,288,296,267,304,257,308,239,310,222,319,198,318,178,339,151,337,141,351,171,340,216,449,130,479,195,625,313,623,310,679,409,722,517,1000,487,815,300,772,315,491,295,713,454,250,394,333,152,379,148,259,295,147,294,153,288,155,291,152,298,137,300,152,291,152,290,160,273,174,259,181,250
64,170,1,2,119,0,1953125,12,0,0,1.01,0,0,NaN,0,0,294,244,303,242,302,247,308,252,304,256,308,265,297,272,292,284,276,287,264,293,253,292,230,308,210,305,184,329,155,334,125,350,151,355,160,460,71,484,133,629,251,640,244,691,340,746,459,1000,446,813,282,763,256,522,224,739,386,309,357,363,105,376,176,241,294,138,284,165,276,164,280,158,287,146,294,156,282,153,283,161,269,167,258,174,250
64,170,1,2,119,0,1953125,12,0,0,1,0,0,NaN,0,0,86,5,82,4,83,3,76,14,76,25,68,40,65,51,62,77,61,88,60,105,57,115,48,131,47,146,54,167,63,199,94,212,82,275,218,375,260,355,386,540,566,566,553,603,663,690,930,986,1000,710,755,622,620,362,564,663,557,322,285,216,290,283,178,192,93,109,112,10,104,15,118,27,112,56,120,53,97,68,93,59,77,61,55,41,61
64,170,1,2,119,0,1953125,12,0,0,1,0,0,NaN,0,0,68,46,75,46,71,38,69,33,69,34,71,30,72,40,74,56,89,64,88,77,98,79,97,97,105,99,117,127,136,153,165,164,151,233,286,309,344,277,471,468,638,496,626,553,724,644,958,980,1000,755,730,691,608,400,530,714,530,299,286,269,212,311,185,165,150,38,107,73,74,75,77,90,73,106,79,100,59,105,69,88,50,80,48,55,51
64,170,1,2,119,0,1953125,12,0,0,1.01,0,0,NaN,0,0,27,80,27,77,30,73,32,64,40,59,45,45,58,42,58,32,79,38,85,55,111,54,105,76,122,78,133,116,145,131,168,156,149,203,259,310,342,315,486,503,636,528,643,590,735,666,972,976,1000,715,737,669,659,444,588,711,602,376,375,253,199,212,86,86,195,88,186,88,162,79,161,93,149,108,143,94,116,89,101,71,76,61,68,60,71
64,170,1,2,119,0,1953125,12,0,0,1.01,0,0,NaN,0,0,17,84,7,87,11,80,10,77,9,74,30,61,36,56,51,41,76,45,88,39,118,40,116,38,142,35,154,69,180,71,205,99,191,136,313,257,376,271,506,473,652,497,640,579,726,662,936,1000,931,741,664,707,584,473,522,754,548,421,359,303,140,191,147,36,198,129,155,140,123,130,112,137,113,152,101,123,87,116,72,94,62,79,56,72,65
64,170,1,2,119,0,1953125,12,0,0,1.01,0,0,NaN,0,0,42,70,49,73,41,62,48,58,51,48,57,33,59,34,61,34,75,47,75,67,100,69,88,98,108,99,107,145,118,157,134,186,114,231,230,347,310,347,468,548,623,571,628,616,721,694,966,981,999,710,767,662,661,419,602,692,613,378,370,237,233,197,68,104,181,106,192,76,173,65,172,78,162,90,154,76,124,77,115,62,82,56,79,58,75
64,170,1,2,119,0,1953125,12,0,0,1,0,0,NaN,0,0,48,66,54,70,47,58,52,57,53,52,60,44,65,48,77,46,93,54,100,51,116,50,114,59,133,56,144,81,170,95,201,111,190,171,323,257,353,241,472,441,622,467,590,539,691,641,902,1000,912,756,649,709,550,452,489,731,461,343,262,302,190,274,229,113,149,53,71,98,34,94,33,105,37,118,52,105,41,101,62,91,53,73,46,55,49
64,170,1,2,119,0,1953125,12,0,0,1.01,0,0,NaN,0,0,26,80,19,82,17,77,15,70,5,71,23,59,34,59,48,44,73,48,81,42,114,45,112,41,139,38,152,65,176,61,208,88,192,122,318,248,369,275,498,476,645,506,625,585,715,665,905,1000,909,751,650,720,575,496,509,750,517,424,340,317,146,187,155,21,181,137,139,150,108,140,101,146,97,153,92,129,74,118,68,92,53,80,54,71,61
64,170,1,2,119,0,1953125,12,0,0,1.01,0,0,NaN,0,0,26,77,20,79,19,78,16,71,7,71,22,58,33,57,45,43,72,46,79,44,113,44,108,39,136,37,150,66,175,60,208,87,192,124,324,250,370,280,504,478,641,509,631,591,715,675,912,1000,901,757,658,721,559,486,506,742,507,414,318,305,144,188,158,22,177,135,131,147,103,139,94,142,93,151,89,128,73,117,66,95,54,80,54,72,62
64,170,1,2,119,0,1953125,12,0,0,1.01,0,0,NaN,0,0,16,83,25,89,23,77,30,70,32,64,44,52,53,47,63,32,83,41,86,46,118,49,110,68,135,71,140,110,162,124,180,148,165,201,283,309,362,304,509,512,663,531,667,601,763,683,1000,997,987,711,732,701,659,453,594,728,598,389,388,267,184,214,108,82,213,100,190,97,163,94,156,105,149,119,136,103,115,99,97,81,76,64,69,66,71
64,170,1,2,119,0,1953125,12,0,0,1.01,0,0,NaN,0,0,320,298,313,306,306,325,304,331,294,351,289,352,280,363,273,365,259,367,258,363,242,353,257,338,252,320,272,311,295,262,345,247,354,150,484,210,469,279,583,341,727,323,727,364,825,396,999,725,969,588,735,527,740,154,699,384,708,224,459,25,430,281,223,310,184,311,252,237,263,251,262,254,253,274,253,269,238,281,241,268,226,278,212,282,191
64,170,1,2,119,0,1953125,12,0,0,1.01,0,0,NaN,0,0,346,306,342,326,335,333,331,351,320,362,311,374,306,379,290,392,278,389,264,391,255,379,257,369,257,357,263,350,293,310,334,291,360,206,488,280,464,364,575,432,731,412,723,455,844,484,1000,838,967,700,716,635,737,215,705,479,753,161,520,70,419,341,194,335,221,312,295,230,294,246,305,248,290,267,298,267,273,275,285,269,261,278,242,297,214
64,170,1,2,119,0,1953125,12,0,0,1,0,0,NaN,0,0,86,8,88,5,78,7,80,10,73,26,71,34,63,52,62,74,65,90,58,106,57,111,46,134,51,141,54,173,65,197,102,218,81,279,223,378,262,360,410,556,575,576,574,616,681,701,940,986,1000,732,791,655,644,378,582,670,575,323,279,204,275,285,170,184,93,101,113,13,110,16,118,37,114,58,124,63,98,73,99,66,74,63,61,46,61
64,170,1,2,119,0,1953125,12,0,0,1.01,0,0,NaN,0,0,343,282,346,290,338,302,341,313,327,326,326,341,309,351,295,369,272,369,258,379,240,370,231,375,214,364,206,378,215,353,240,358,280,301,381,413,325,475,423,578,564,575,561,628,682,666,803,1000,756,841,514,768,588,409,538,654,667,85,494,232,317,411,105,321,279,240,320,175,317,192,324,190,320,193,330,202,305,213,312,212,287,231,270,247,245
64,170,1,2,119,0,1953125,12,0,0,1,0,0,NaN,0,0,77,32,83,35,73,25,78,27,72,28,78,28,70,45,77,58,84,78,83,88,93,93,83,114,99,118,101,147,123,170,151,192,132,254,274,340,324,300,473,503,632,518,627,569,720,650,967,973,1000,736,760,688,619,388,563,704,559,306,299,234,203,296,162,167,149,52,117,55,99,63,95,78,94,97,94,94,72,97,74,93,63,76,51,59,54
64,170,2,2,119,0,1953125,12,0,0,1.01,0,0,NaN,0,0,328,304,323,311,316,330,311,338,299,356,296,359,287,371,278,373,263,375,262,371,246,360,258,348,253,330,272,324,293,273,348,257,361,163,488,230,470,293,593,361,732,336,732,383,838,419,1000,751,970,604,737,547,752,173,707,416,733,212,471,39,414,303,203,320,193,313,260,240,270,252,272,256,262,276,262,270,247,281,249,273,233,281,219,284,196
64,170,2,2,119,0,1953125,12,0,0,1.01,0,0,NaN,0,0,317,257,320,256,318,271,320,273,312,289,312,294,297,309,289,322,265,327,256,332,236,332,222,337,198,336,183,356,166,345,173,356,207,325,278,440,203,480,277,612,393,604,396,654,497,692,614,1000,568,818,349,778,404,471,398,689,541,201,459,289,222,384,122,281,293,174,306,151,303,157,307,155,311,145,314,161,302,162,301,175,278,187,261,203,249
64,170,1,2,119,0,1953125,12,0,0,1,0,0,NaN,0,0,48,68,54,68,49,57,56,60,54,50,64,47,65,45,79,45,92,56,102,49,111,53,115,60,132,60,142,81,173,103,202,120,196,181,333,266,360,242,486,455,640,480,615,551,705,649,918,1000,924,771,674,727,547,441,493,752,490,352,267,301,183,275,227,117,160,60,78,96,44,99,32,106,43,122,50,107,46,108,60,94,53,72,43,60,53
64,170,1,2,119,0,1953125,12,0,0,1.01,0,0,NaN,0,0,263,316,263,325,260,327,266,333,269,330,277,332,283,318,295,310,302,291,311,281,313,257,322,235,326,207,339,178,355,153,373,144,356,193,428,163,489,96,581,258,695,301,675,358,738,446,947,613,999,354,827,340,684,355,634,521,489,502,192,319,387,76,361,194,188,306,149,295,159,297,153,298,153,320,149,301,166,306,167,286,183,275,199,253,206
64,170,1,2,119,0,1953125,12,0,0,1.01,0,0,NaN,0,0,358,318,355,321,347,344,343,352,330,373,325,376,311,392,302,399,281,403,274,403,254,395,263,384,250,371,265,370,285,325,336,317,355,226,489,314,453,387,580,478,728,448,725,496,839,520,1000,880,962,746,721,683,743,249,702,509,784,144,539,88,420,360,184,346,239,312,303,234,311,245,316,248,309,263,313,264,291,277,291,275,271,289,253,295,226
64,170,1,2,119,0,1953125,12,0,0,1,0,0,NaN,0,0,86,16,88,16,80,6,81,7,76,23,74,29,71,52,69,70,74,86,69,101,73,108,62,132,72,139,73,169,90,194,117,216,97,274,235,365,290,341,444,546,608,555,605,604,711,681,969,981,1000,714,794,680,660,377,594,703,586,311,296,216,239,294,156,179,119,82,120,30,110,34,116,58,115,76,116,77,90,87,94,81,70,71,62,52,59
64,170,1,2,119,0,1953125,12,0,0,1.01,0,0,NaN,0,0,337,276,338,277,335,292,336,298,325,317,325,321,308,340,296,351,270,359,260,362,238,361,228,365,205,359,196,375,192,354,217,364,248,318,342,431,273,482,369,611,499,593,498,648,607,684,726,999,675,827,449,791,524,439,498,672,644,140,494,253,277,393,122,301,295,211,321,165,319,174,325,173,327,171,331,183,313,193,313,198,290,217,268,233,251
64,170,1,2,119,0,1953125,12,0,0,1,0,0,NaN,0,0,84,12,86,7,80,13,80,15,71,30,70,39,65,57,61,79,63,94,55,110,55,117,44,139,46,147,51,181,61,200,99,223,81,280,223,389,254,376,405,574,567,589,565,628,665,710,937,1000,997,723,789,653,641,388,597,687,574,333,285,206,283,265,168,181,83,111,114,7,110,7,125,30,118,53,129,53,102,69,106,63,79,62,67,46,64
64,170,1,2,119,0,1953125,12,0,0,1,0,0,NaN,0,0,60,58,64,63,53,51,64,54,58,42,68,41,67,43,81,48,90,59,102,57,109,62,110,72,130,77,138,100,165,121,195,139,186,199,317,278,361,254,497,468,653,484,629,557,726,650,944,999,946,769,714,736,584,436,524,761,510,326,272,294,185,291,211,128,152,36,86,93,58,96,50,105,54,124,60,112,51,111,62,99,53,78,47,65,53
64,170,1,2,119,0,1953125,12,0,0,1.01,0,0,NaN,0,0,12,84,0,83,4,83,12,73,18,72,31,55,46,55,52,36,79,41,88,41,119,36,114,45,143,42,152,79,171,82,203,111,185,159,311,269,375,283,516,478,653,501,645,574,738,669,961,1000,955,747,691,703,604,462,543,759,575,409,374,303,166,210,138,50,198,111,167,131,134,121,128,132,121,139,112,120,92,112,80,87,59,75,59,68,65
64,170,1,2,119,0,1953125,12,0,0,1.01,0,0,NaN,0,0,65,45,72,44,67,36,68,30,65,26,64,19,62,32,56,50,59,66,55,92,67,99,51,123,61,133,57,170,59,182,88,211,66,242,198,378,255,401,400,589,548,605,555,654,646,733,899,1000,951,714,743,637,622,426,577,685,586,428,341,238,264,148,106,124,129,165,163,104,153,90,159,86,153,96,153,74,123,76,116,51,81,56,74,58,72
64,170,1,2,119,0,1953125,12,0,0,1.01,0,0,NaN,0,0,69,46,72,48,67,37,70,31,66,29,67,23,64,32,57,52,64,65,56,93,73,100,54,126,64,133,63,174,64,185,92,216,68,246,197,374,253,399,408,595,558,611,566,665,666,738,910,1000,949,707,757,671,662,442,593,716,616,421,339,234,249,140,83,119,140,160,169,104,161,92,168,89,158,98,159,75,127,76,121,55,90,57,74,57,74
64,170,1,2,119,0,1953125,12,0,0,1,0,0,NaN,0,0,78,36,85,36,77,26,79,25,74,28,80,28,71,47,76,63,85,81,84,87,91,96,85,117,99,123,103,151,123,178,156,200,137,261,275,345,334,311,483,517,644,530,640,587,734,663,975,981,1000,740,772,689,627,386,572,718,575,318,307,256,225,310,163,170,137,47,116,60,97,64,95,81,94,97,95,95,75,96,76,87,56,76,53,59,54
64,170,1,2,119,0,1953125,12,0,0,1,0,0,NaN,0,0,62,55,67,59,63,49,64,43,65,41,66,37,70,42,78,51,92,59,97,67,111,67,106,85,124,86,136,108,155,135,194,147,174,217,313,288,362,268,497,465,652,497,638,557,726,651,955,1000,978,790,727,714,583,415,519,749,519,311,274,295,204,305,206,144,151,30,96,90,61,87,59,101,57,118,65,109,49,109,64,95,48,80,46,59,50
64,170,1,2,119,0,1953125,12,0,0,1,0,0,NaN,0,0,55,60,64,63,53,52,64,52,58,46,68,40,65,44,81,46,92,60,100,56,111,63,112,73,132,75,138,96,165,119,198,138,190,197,322,279,367,254,493,457,644,481,626,560,718,643,938,1000,951,767,701,724,574,437,517,755,513,342,277,289,175,282,208,125,159,40,85,94,56,100,49,104,53,123,58,111,50,109,61,97,51,77,47,61,53
64,170,1,2,119,0,1953125,12,0,0,1.01,0,0,NaN,0,0,289,241,300,240,300,239,309,244,304,248,310,255,300,262,295,272,281,274,272,282,260,281,237,296,217,297,189,323,158,331,118,353,130,363,117,468,30,484,102,638,223,651,211,702,303,755,433,1000,442,800,292,764,235,549,194,752,368,353,350,364,93,350,198,218,301,127,281,169,268,167,273,161,282,149,286,157,278,152,277,161,265,164,257,163,253
64,170,1,2,119,0,1953125,12,0,0,1.01,0,0,NaN,0,0,19,84,10,83,10,82,9,71,13,72,26,59,40,57,50,41,75,43,87,43,118,36,117,42,140,35,155,69,175,72,209,98,196,145,321,254,374,282,519,482,660,508,652,591,739,673,944,1000,926,748,680,725,610,483,530,764,557,414,337,304,135,194,143,20,189,123,149,146,122,134,115,140,110,149,104,127,80,117,76,95,58,78,60,71,64
64,170,1,2,119,0,1953125,12,0,0,1.01,0,0,NaN,0,0,68,46,68,46,63,47,56,47,48,52,41,54,35,59,31,66,40,74,52,86,63,93,73,102,86,108,104,134,125,124,161,151,155,151,273,295,280,356,399,535,528,556,507,636,596,708,797,1000,817,716,620,689,541,490,485,737,496,475,280,298,182,73,141,97,96,199,102,162,89,148,108,138,104,143,114,111,89,106,93,76,66,71,61,63,67
64,170,1,2,119,0,1953125,12,0,0,1.01,0,0,NaN,0,0,330,288,339,283,343,282,354,283,356,282,364,283,362,283,364,283,357,280,355,278,348,278,328,285,315,291,296,304,270,338,234,360,205,424,141,500,255,476,322,660,403,690,394,736,429,818,672,1000,783,704,688,670,462,610,418,819,253,610,48,462,274,203,375,188,263,286,189,323,181,312,172,319,182,329,176,317,197,315,186,301,209,287,217,263,230
64,170,1,2,119,0,1953125,12,0,0,1,0,0,NaN,0,0,10,75,16,75,9,70,18,72,21,64,39,61,41,55,66,57,82,54,94,48,99,48,114,42,127,46,142,60,173,75,205,89,202,127,323,251,323,290,428,483,565,517,532,583,604,673,799,1000,836,785,641,700,483,439,450,721,418,372,177,277,233,207,248,73,107,105,9,95,26,89,55,88,57,104,79,80,73,81,85,66,74,55,56,48,57
64,170,1,2,119,0,1953125,12,0,0,1,0,0,NaN,0,0,80,21,83,22,75,14,79,13,73,23,74,28,69,47,69,64,75,80,72,93,78,100,65,121,77,127,80,155,95,184,126,202,106,260,241,351,298,323,438,509,594,531,597,572,691,658,943,964,1000,726,756,638,613,378,579,679,551,287,281,230,255,299,160,179,115,68,109,42,98,49,102,63,99,76,100,79,81,86,86,85,63,68,55,53,54
64,170,1,2,119,0,1953125,12,0,0,1.01,0,0,NaN,0,0,280,272,293,264,300,262,312,257,318,254,329,252,326,250,331,247,326,245,324,243,317,243,296,255,282,259,263,277,236,310,196,335,168,384,84,476,179,464,221,632,286,659,270,716,306,789,513,1000,615,761,512,710,291,591,253,810,180,504,193,440,130,299,303,175,295,181,236,244,223,239,219,238,238,235,235,231,245,224,237,218,243,208,244,185,256
64,170,1,2,119,0,1953125,12,0,0,1.01,0,0,NaN,0,0,282,262,291,256,297,254,310,250,311,250,322,249,317,251,320,251,312,251,308,250,301,250,280,263,264,269,242,290,212,316,169,340,147,383,42,479,128,470,163,640,238,664,226,717,268,783,465,1000,548,770,443,731,237,586,204,800,203,473,231,425,102,311,284,180,299,163,248,227,234,218,232,217,251,214,247,211,254,206,247,202,251,193,249,174,258
64,170,1,2,119,0,1953125,12,0,0,1.01,0,0,NaN,0,0,334,309,326,316,322,334,318,342,306,359,301,364,289,376,283,379,266,382,262,378,248,370,260,354,254,339,271,332,296,283,348,271,361,174,489,243,470,313,592,382,737,355,736,401,837,425,1000,765,973,629,744,566,760,177,714,424,749,207,482,44,416,309,204,321,205,314,267,241,279,254,280,257,271,274,274,273,255,281,258,278,238,284,224,288,200
64,170,1,2,119,0,1953125,12,0,0,1.01,0,0,NaN,0,0,284,249,293,241,295,245,308,240,305,245,315,246,305,253,305,258,291,263,286,264,275,266,256,279,234,285,212,307,175,326,133,347,126,369,62,468,46,477,91,638,194,648,175,703,251,766,416,1000,455,784,340,754,197,558,162,778,283,411,287,405,62,332,230,202,297,137,263,194,254,189,255,184,269,176,266,179,269,175,262,176,261,173,253,163,257
64,170,1,2,119,0,1953125,12,0,0,1,0,0,NaN,0,0,81,18,82,19,75,9,79,13,74,24,72,29,67,48,67,66,73,84,69,95,73,101,63,124,70,130,74,158,89,186,123,205,99,259,233,356,295,339,444,530,600,546,601,579,685,660,939,961,1000,754,796,664,628,375,579,665,556,291,268,220,257,298,161,184,98,72,107,36,99,42,104,60,102,73,106,78,83,84,85,83,67,70,58,54,59
64,170,1,2,119,0,1953125,12,0,0,1,0,0,NaN,0,0,290,258,280,265,282,276,278,282,276,296,271,297,266,312,253,313,242,320,235,313,224,316,206,316,191,317,177,324,149,340,125,347,150,367,140,459,41,471,75,617,187,640,175,695,256,746,401,1000,450,810,339,760,176,541,166,763,241,318,268,389,57,394,238,265,276,175,229,218,212,225,209,223,222,217,224,223,224,223,224,225,220,222,218,208,223
64,170,1,2,119,0,1953125,12,0,0,1.01,0,0,NaN,0,0,325,266,327,267,323,281,326,286,314,306,313,310,297,326,289,337,264,345,254,346,233,346,224,351,200,346,189,363,183,345,202,355,234,313,321,428,254,476,339,597,466,590,467,645,570,679,689,999,641,821,407,770,481,443,462,657,585,134,466,268,255,393,107,297,287,198,311,157,307,166,314,165,313,160,316,174,303,180,302,186,281,204,262,219,245
64,170,1,2,119,0,1953125,12,0,0,1.01,0,0,NaN,0,0,61,52,59,55,55,55,48,54,38,55,34,57,27,57,31,63,45,68,59,76,73,81,79,83,96,89,114,111,138,100,175,127,166,125,287,273,307,333,420,516,553,542,523,617,606,696,806,1000,820,739,609,691,523,496,470,724,456,435,253,312,190,111,159,68,100,183,84,158,70,148,86,137,83,146,97,114,76,110,78,74,57,72,50,65,62
64,170,1,2,119,0,1953125,12,0,0,1.01,0,0,NaN,0,0,10,84,11,89,11,77,21,75,25,65,39,56,48,49,57,33,80,37,88,40,119,39,112,55,140,54,146,91,165,104,193,133,176,178,294,286,371,292,521,500,666,512,658,586,751,672,987,1000,975,744,730,723,643,468,577,758,600,391,380,292,173,202,110,54,208,108,182,121,154,115,145,121,137,135,129,119,106,109,87,85,72,70,65,69,69
64,170,1,2,119,0,1953125,12,0,0,1,0,0,NaN,0,0,41,70,43,73,41,64,48,61,47,54,54,46,59,47,76,46,91,51,101,46,112,44,117,52,133,47,149,67,173,91,209,102,200,164,333,247,357,254,485,451,625,487,602,555,684,655,890,1000,893,788,660,720,534,450,479,741,445,320,208,300,201,271,236,98,140,58,61,104,23,95,22,104,32,118,50,105,44,100,65,88,52,70,49,54,50
64,170,1,2,119,0,1953125,12,0,0,1.01,0,0,NaN,0,0,287,241,298,237,297,242,306,244,302,251,306,258,297,263,292,274,276,277,266,285,254,284,232,299,213,298,185,325,156,330,119,352,134,357,133,463,45,488,114,623,222,635,216,689,313,744,443,1000,443,799,281,762,249,543,219,744,366,329,349,362,98,360,189,224,295,134,279,167,269,167,274,159,282,147,287,156,277,153,278,161,265,164,257,167,251
64,170,1,2,119,0,1953125,12,0,0,1.01,0,0,NaN,0,0,60,58,52,58,49,58,46,55,33,63,33,57,23,61,31,56,49,69,58,70,82,80,83,76,106,84,120,101,146,89,183,120,173,111,295,266,317,322,425,498,550,525,527,601,603,677,803,1000,830,746,594,675,507,491,460,723,467,463,279,318,180,118,169,67,119,189,87,165,70,149,77,146,82,149,89,122,74,111,72,84,58,71,49,68,62
64,170,1,2,119,0,1953125,12,0,0,1.01,0,0,NaN,0,0,58,56,52,61,52,57,44,59,35,58,30,59,26,59,33,61,49,66,63,71,80,78,87,77,105,86,123,102,146,91,183,119,176,113,294,261,317,324,430,504,561,532,539,611,615,684,804,1000,827,752,610,699,513,487,470,746,472,448,271,315,169,106,160,64,114,188,87,166,70,156,83,147,80,157,93,120,74,118,76,82,53,74,52,69,62
64,170,1,2,119,0,1953125,12,0,0,1,0,0,NaN,0,0,368,303,365,298,375,307,375,304,382,316,385,311,379,325,382,314,372,322,370,313,352,321,341,320,313,329,304,331,272,370,254,384,203,465,176,509,295,452,361,642,453,674,430,718,473,804,735,1000,872,693,764,666,496,589,462,816,221,564,116,440,363,227,479,132,352,219,258,282,243,290,221,296,221,321,206,315,215,331,201,326,206,321,216,296,216
64,170,1,2,119,0,1953125,12,0,0,1,0,0,NaN,0,0,368,303,365,298,375,307,375,304,382,316,385,311,379,325,382,314,372,322,370,313,352,321,341,320,313,329,304,331,272,370,254,384,203,465,176,509,295,452,361,642,453,674,430,718,473,804,735,1000,872,693,764,666,496,589,462,816,221,564,116,440,363,227,479,132,352,219,258,282,243,290,221,296,221,321,206,315,215,331,201,326,206,321,216,296,216
64,170,1,2,119,0,1953125,12,0,0,1.01,0,0,NaN,0,0,284,279,298,271,304,268,318,263,321,261,334,258,329,256,336,253,330,251,329,247,322,246,304,258,289,261,270,282,241,314,203,338,172,387,94,476,194,465,233,641,297,661,276,714,306,786,517,1000,611,747,524,724,297,602,249,823,183,514,181,450,141,289,309,174,295,192,234,255,222,244,222,244,238,244,236,237,247,232,239,226,246,214,247,189,260
64,170,1,2,119,0,1953125,12,0,0,1,0,0,NaN,0,0,14,80,21,81,16,70,24,71,26,63,42,59,45,54,68,53,81,54,98,45,105,44,118,38,132,41,145,55,176,70,211,85,206,125,328,245,333,279,444,482,582,501,542,578,621,658,813,1000,843,782,644,723,497,453,463,745,429,379,195,296,214,207,245,71,116,102,20,100,17,97,47,94,53,113,75,90,69,91,81,73,74,63,56,53,60
64,170,1,2,119,0,1953125,12,0,0,1,0,0,NaN,0,0,21,78,26,81,20,70,31,72,30,62,47,59,51,55,72,52,85,54,101,43,109,43,120,39,138,43,150,54,179,69,212,87,210,130,332,239,341,268,454,472,595,497,560,579,644,659,831,1000,843,776,645,729,511,460,469,751,429,366,191,297,206,214,247,69,124,94,26,101,10,101,38,100,45,115,64,94,61,94,76,79,67,62,52,53,57
64,170,1,2,119,0,1953125,12,0,0,1.01,0,0,NaN,0,0,267,319,265,322,263,331,265,331,269,335,274,331,280,323,292,312,299,298,309,283,305,265,319,238,322,213,339,180,351,151,380,134,363,179,439,132,493,76,594,228,704,275,688,324,744,413,956,591,1000,343,839,327,702,341,641,517,511,498,205,311,377,84,342,211,171,312,143,302,156,301,146,303,148,323,142,303,163,308,160,289,177,282,190,257,203
64,170,1,2,119,0,1953125,12,0,0,1.01,0,0,NaN,0,0,337,276,336,276,334,292,334,298,323,318,321,324,304,340,295,352,269,360,259,364,236,362,228,365,206,358,197,374,196,351,224,359,252,308,348,424,283,477,379,598,505,584,514,639,617,669,745,1000,697,839,475,782,531,432,520,663,638,115,480,252,289,396,114,309,289,218,321,167,319,176,325,175,326,175,328,185,312,195,309,200,289,221,268,236,248
64,170,1,2,119,0,1953125,12,0,0,1,0,0,NaN,0,0,77,29,83,31,73,21,78,23,71,26,78,27,70,45,72,59,80,78,80,87,88,95,79,115,93,120,95,148,113,174,144,195,125,253,258,341,315,305,463,501,619,516,611,559,700,648,958,973,1000,737,766,671,606,387,580,699,560,303,313,260,238,301,149,166,129,46,115,61,94,65,97,80,94,93,95,92,75,95,80,91,64,76,52,58,55
64,170,1,2,119,0,1953125,12,0,0,1,0,0,NaN,0,0,313,256,308,258,312,269,309,271,312,284,311,285,303,300,300,295,289,306,283,297,271,303,251,307,229,314,215,322,179,350,147,362,126,411,29,492,122,463,166,639,256,668,231,706,274,779,486,999,613,775,540,719,291,564,249,784,127,447,182,420,194,329,350,194,311,163,234,238,211,248,196,251,202,259,193,263,199,267,192,267,192,261,196,243,206
64,170,1,2,119,0,1953125,12,0,0,1.01,0,0,NaN,0,0,287,284,299,275,305,273,320,268,325,264,336,261,335,257,341,251,338,249,336,246,331,243,311,254,299,257,279,278,254,311,217,334,185,392,116,476,215,459,258,640,322,664,301,723,335,791,555,1000,640,730,540,717,327,610,283,821,179,538,161,460,159,278,321,176,294,207,229,265,221,255,217,254,235,256,231,245,244,243,238,235,246,221,248,196,262
64,170,1,2,119,0,1953125,12,0,0,1.01,0,0,NaN,0,0,316,354,327,344,338,342,354,333,365,327,382,316,386,307,398,287,402,276,406,261,404,255,390,251,386,250,376,255,357,296,341,318,298,406,293,460,399,420,482,616,568,659,550,717,588,804,846,1000,940,670,811,664,581,627,517,850,315,655,8,497,308,204,408,200,279,314,202,344,198,339,188,340,206,353,199,333,224,333,216,314,238,301,251,268,268
64,170,1,2,119,0,1953125,12,0,0,1,0,0,NaN,0,0,31,74,39,76,31,64,41,67,39,56,53,56,53,48,75,48,88,52,102,41,112,43,121,42,138,44,148,58,179,77,212,92,207,139,332,239,352,257,477,468,615,487,584,569,660,644,859,1000,865,775,657,739,521,453,478,758,453,360,220,301,180,230,228,74,130,81,43,106,17,107,30,107,42,124,60,105,58,103,71,85,69,71,52,61,57
64,170,1,2,119,0,1953125,12,0,0,1,0,0,NaN,0,0,4,78,10,80,1,72,9,74,18,66,33,66,40,60,62,61,75,61,92,56,98,59,112,54,125,58,141,75,169,84,202,103,199,129,314,259,307,304,414,501,546,523,512,603,594,679,788,1000,821,762,645,716,504,447,464,734,430,378,181,283,227,174,236,68,88,116,18,93,41,91,72,82,72,101,93,77,84,81,95,60,79,56,60,47,61
64,170,1,2,119,0,1953125,12,0,0,1,0,0,NaN,0,0,34,73,42,77,33,66,45,68,41,56,55,55,56,49,78,48,88,54,107,43,113,44,122,46,139,49,151,60,180,81,216,97,210,148,337,241,356,257,481,469,630,491,594,572,680,657,871,1000,878,781,664,746,533,452,472,760,468,361,223,302,176,238,225,73,133,81,52,107,24,109,29,109,39,128,57,107,54,107,69,88,63,71,52,58,54
64,170,1,2,119,0,1953125,12,0,0,1,0,0,NaN,0,0,315,258,309,261,316,269,313,273,315,284,314,285,307,300,306,295,294,305,289,296,273,304,257,307,233,314,221,319,185,351,158,363,128,418,39,490,142,466,185,637,272,671,252,710,291,784,515,1000,641,768,552,696,299,564,265,781,119,444,168,424,220,326,371,185,314,165,232,242,208,252,192,254,202,263,192,265,196,273,186,275,191,268,193,247,203
64,170,1,2,119,0,1953125,12,0,0,1,0,0,NaN,0,0,314,260,307,263,314,273,310,275,313,288,310,288,303,302,302,298,289,309,283,300,269,308,252,309,230,316,216,322,181,351,148,364,128,411,34,489,122,470,162,634,239,661,221,709,268,775,483,1000,604,771,521,722,295,568,250,795,121,437,183,417,186,325,347,193,312,164,233,239,211,248,195,254,203,261,196,262,200,267,192,269,193,263,199,244,207
64,170,1,2,119,0,1953125,12,0,0,1,0,0,NaN,0,0,76,42,82,46,70,34,77,37,73,34,81,32,76,50,82,57,90,76,93,81,102,88,97,106,114,114,118,139,142,160,171,185,163,247,293,325,349,295,500,502,657,516,644,574,741,657,980,992,1000,742,756,723,652,428,566,738,575,329,316,248,182,287,166,145,154,33,118,74,91,81,88,94,87,110,88,107,70,109,73,99,57,78,52,64,55
64,170,1,2,119,0,1953125,12,0,0,1.01,0,0,NaN,0,0,41,74,30,76,33,75,28,70,15,70,24,62,29,63,42,51,67,57,76,53,105,59,106,53,133,52,146,76,172,60,208,93,196,110,322,247,354,291,492,495,621,512,600,597,683,680,878,1000,860,743,631,733,569,520,498,764,508,450,313,328,134,151,154,35,158,164,114,166,88,152,84,155,86,162,84,135,70,122,67,96,50,79,53,74,63
64,170,1,2,119,0,1953125,12,0,0,1,0,0,NaN,0,0,24,77,30,82,22,67,32,72,32,61,47,58,52,52,73,52,85,52,102,42,110,43,120,40,137,40,148,54,180,70,213,86,212,137,339,246,345,267,458,475,604,499,564,577,646,657,833,1000,850,763,628,721,511,468,461,735,431,379,215,290,202,218,240,67,126,99,32,103,13,106,38,103,46,121,67,97,61,95,75,78,70,67,53,56,59
64,170,1,2,119,0,1953125,12,0,0,1,0,0,NaN,0,0,31,72,37,77,32,68,39,65,42,61,52,52,59,53,74,47,91,51,100,45,115,40,118,44,138,42,149,63,178,76,212,95,205,147,336,245,352,254,472,454,610,483,585,561,664,650,874,1000,872,766,647,723,515,452,473,747,434,341,214,296,189,242,239,77,136,81,54,107,16,101,26,104,36,122,57,105,51,100,69,84,57,69,50,52,50
64,170,1,2,119,0,1953125,12,0,0,1,0,0,NaN,0,0,73,41,74,41,71,35,72,33,72,33,72,30,73,42,76,57,88,70,88,79,96,83,94,103,107,106,113,134,135,161,166,174,147,239,282,320,339,285,480,482,634,500,617,544,706,633,960,985,1000,746,742,694,612,398,547,705,525,293,304,260,207,306,174,162,144,38,112,72,81,71,82,88,79,107,82,99,63,103,71,90,53,79,50,58,54
64,170,1,2,119,0,1953125,12,0,0,1,0,0,NaN,0,0,21,76,28,79,19,68,30,72,29,63,47,59,48,53,71,51,82,54,102,45,108,45,118,36,136,40,147,54,180,67,207,83,207,126,329,241,337,264,439,466,579,486,539,561,617,647,820,1000,840,753,623,721,506,459,442,731,418,382,224,291,196,206,242,69,127,106,27,101,13,101,40,97,50,118,68,90,65,94,80,76,71,62,54,55,59
64,170,1,2,119,0,1953125,12,0,0,1.01,0,0,NaN,0,0,43,71,35,72,34,71,31,64,17,69,28,59,24,61,39,51,62,58,72,56,100,62,100,56,125,56,140,77,161,59,199,93,187,104,314,244,345,291,475,490,608,518,591,596,663,677,860,1000,855,758,636,722,543,501,479,745,477,424,275,319,154,159,164,23,137,154,99,158,77,146,74,145,79,154,78,128,66,115,60,90,50,74,47,72,59
64,170,1,2,119,0,1953125,12,0,0,1.01,0,0,NaN,0,0,294,311,307,301,313,299,330,291,339,285,353,281,353,274,364,264,362,255,364,247,358,244,346,249,333,251,319,265,295,303,268,327,229,402,188,475,294,446,356,633,431,668,412,724,441,803,674,1000,780,717,674,697,435,614,376,827,223,584,88,470,239,254,364,177,287,248,215,297,206,287,201,290,217,296,213,283,232,281,223,269,237,258,243,226,261
64,170,1,2,119,0,1953125,12,0,0,1,0,0,NaN,0,0,7,78,8,81,3,70,6,75,15,66,32,67,37,61,63,64,72,63,92,60,94,59,108,60,122,64,135,79,165,91,193,104,197,138,311,266,298,305,394,500,539,528,496,594,580,679,782,1000,822,749,623,682,497,447,448,700,419,384,189,278,249,183,245,82,86,120,21,84,43,82,72,72,72,94,94,67,80,72,92,53,79,50,55,40,58
64,170,1,2,119,0,1953125,12,0,0,1,0,0,NaN,0,0,52,63,58,64,52,56,56,53,58,50,62,41,67,45,77,45,92,53,99,55,113,54,113,69,131,66,144,90,168,109,198,120,188,189,323,257,359,248,488,451,641,483,625,550,711,647,928,1000,926,768,680,717,570,440,492,743,479,322,249,301,187,288,224,116,146,41,77,101,41,96,43,107,43,120,56,110,44,105,59,95,49,78,47,59,48
64,170,1,2,119,0,1953125,12,0,0,1,0,0,NaN,0,0,43,67,37,72,42,64,32,68,30,66,34,65,30,68,49,78,57,86,69,91,68,99,81,104,88,115,97,138,124,155,150,172,152,206,260,341,239,364,345,555,494,571,472,640,571,703,806,1000,873,707,678,644,562,425,522,678,482,366,216,214,275,193,215,137,45,130,79,47,90,37,110,34,111,55,121,38,106,53,107,48,87,51,65,38,63
64,170,1,2,119,0,1953125,12,0,0,1.01,0,0,NaN,0,0,72,42,67,44,65,47,59,47,47,52,45,52,31,62,34,63,41,76,48,84,66,98,66,97,87,109,98,133,125,126,156,151,151,149,269,300,280,352,393,537,529,557,505,640,594,706,792,1000,823,719,615,686,550,497,484,724,485,459,261,293,196,89,152,91,96,191,94,152,92,141,104,132,107,138,109,107,92,101,88,74,69,66,57,64,65
64,170,1,2,119,0,1953125,12,0,0,1.01,0,0,NaN,0,0,73,34,71,38,68,38,61,39,51,46,47,49,33,58,33,62,37,76,46,89,59,99,58,103,75,115,88,139,112,135,147,162,141,162,259,311,267,367,388,550,521,571,504,643,589,717,797,1000,831,723,633,669,540,485,500,721,496,454,268,282,211,87,141,97,89,188,103,143,99,135,112,124,113,128,118,99,99,95,93,68,72,65,61,65,67
64,170,1,2,119,0,1953125,12,0,0,1,0,0,NaN,0,0,22,73,14,77,19,70,12,72,13,68,28,66,30,63,51,67,67,70,79,69,87,75,94,73,113,83,123,99,151,108,180,126,179,150,298,292,276,326,377,515,509,538,476,600,553,681,777,1000,841,744,643,659,496,437,481,692,429,366,184,257,266,177,235,101,64,122,38,76,63,66,86,63,88,76,102,55,91,58,95,50,82,45,64,40,60
64,170,1,2,119,0,1953125,12,0,0,1,0,0,NaN,0,0,328,291,332,284,343,287,348,280,359,282,365,275,368,275,375,258,375,256,377,247,361,246,357,238,344,238,343,225,336,251,345,261,303,340,358,322,428,238,534,383,645,421,626,446,691,517,914,659,1000,391,856,373,688,369,643,546,471,481,180,264,440,40,433,168,252,272,220,251,229,257,224,259,215,290,212,276,212,293,215,280,210,282,219,266,202
64,170,1,2,119,0,1953125,12,0,0,1.01,0,0,NaN,0,0,253,322,253,320,261,326,266,319,276,322,283,314,292,305,306,289,314,275,323,260,317,246,328,219,329,199,342,167,350,148,380,133,352,184,437,131,485,68,599,218,710,253,698,293,765,380,968,554,999,328,826,299,726,261,671,427,594,424,304,218,404,125,297,244,139,316,163,280,185,280,179,286,172,305,169,289,173,297,174,278,177,280,177,266,169
64,170,1,2,119,0,1953125,12,0,0,1,0,0,NaN,0,0,31,73,29,75,28,69,21,71,23,68,28,70,32,65,49,76,62,76,75,83,75,83,91,92,97,100,112,122,134,136,170,153,167,184,279,315,248,353,363,551,510,572,474,631,573,714,793,1000,854,744,690,678,552,445,517,704,479,380,206,240,278,181,219,114,39,130,66,61,81,56,106,43,104,68,121,42,100,58,106,47,88,51,67,38,67
64,170,1,2,119,0,1953125,12,0,0,1,0,0,NaN,0,0,29,71,38,74,31,64,38,69,39,57,51,53,52,49,73,49,85,50,101,42,111,42,118,40,135,42,145,55,175,75,211,90,205,139,328,242,349,256,465,462,611,489,579,567,666,658,858,1000,874,789,655,731,526,464,474,754,460,363,201,308,210,246,238,84,125,73,36,100,12,101,27,101,39,120,58,100,56,97,68,83,66,70,53,57,53
64,170,1,2,119,0,1953125,12,0,0,1,0,0,NaN,0,0,16,76,8,81,11,72,9,72,12,68,28,65,34,65,57,64,72,70,86,64,92,68,102,68,118,75,127,92,156,98,190,120,187,139,303,281,285,313,386,509,518,531,488,606,578,682,780,1000,825,744,633,676,505,458,488,716,429,372,170,265,252,173,243,86,71,118,28,84,57,76,79,73,85,85,96,64,91,66,95,56,81,45,61,43,59
64,170,1,2,119,0,1953125,12,0,0,1,0,0,NaN,0,0,48,65,42,69,44,62,35,67,36,63,37,66,33,69,48,79,54,86,65,94,63,100,72,109,81,120,90,144,114,157,144,179,143,210,254,346,235,367,345,561,496,582,480,641,574,703,814,1000,892,715,701,648,579,429,542,669,486,363,232,221,281,194,204,143,45,124,84,38,96,33,115,26,115,51,121,37,106,55,106,50,89,52,63,40,65
64,170,1,2,119,0,1953125,12,0,0,1,0,0,NaN,0,0,22,75,14,80,18,71,13,73,11,67,27,66,32,67,54,66,68,73,83,71,91,74,96,73,113,84,121,101,152,108,182,131,183,154,297,294,275,325,372,519,509,542,485,622,573,690,785,1000,824,726,642,680,529,458,495,700,425,386,187,246,249,163,236,99,67,128,41,77,64,72,86,64,92,82,107,57,96,62,99,51,85,47,63,43,63
64,170,1,2,119,0,1953125,12,0,0,1.01,0,0,NaN,0,0,280,338,292,338,300,331,314,330,326,318,340,314,349,297,363,283,373,263,375,251,379,232,369,223,372,210,366,199,368,226,361,242,332,323,358,347,457,285,547,465,653,507,633,558,679,638,920,800,1000,497,850,486,675,503,614,673,427,585,134,398,369,117,386,201,218,320,162,322,168,323,161,325,162,344,158,327,178,330,176,314,196,295,210,277,217
64,170,1,2,119,0,1953125,12,0,0,1,0,0,NaN,0,0,24,75,17,79,19,71,15,72,15,68,31,65,31,66,52,68,66,74,79,70,86,77,94,76,107,88,116,107,148,115,176,134,178,162,293,300,267,326,362,522,505,548,475,613,564,686,781,1000,834,726,644,664,523,460,505,694,428,372,189,252,262,173,234,103,59,125,46,69,68,64,89,59,93,74,107,53,95,60,98,49,84,44,62,41,62
64,170,1,2,119,0,1953125,12,0,0,1,0,0,NaN,0,0,12,75,5,82,5,70,8,74,13,67,32,65,37,63,58,62,75,66,89,59,96,62,104,60,122,65,130,83,164,91,193,107,192,137,313,273,294,300,391,496,527,525,495,597,575,675,782,1000,822,745,628,680,505,464,466,702,416,383,187,268,248,182,249,83,84,118,19,84,50,78,70,76,77,89,91,67,84,68,92,57,80,48,59,42,58
64,170,1,2,119,0,1953125,12,0,0,1.01,0,0,NaN,0,0,301,352,315,348,324,340,340,341,350,326,368,323,375,303,387,291,395,271,397,260,399,246,388,238,387,229,378,228,372,263,358,283,323,372,331,413,438,359,524,549,623,596,607,652,652,742,909,914,999,595,862,594,651,589,597,786,390,632,73,449,359,163,410,199,254,321,182,338,182,337,175,339,181,356,178,335,198,340,197,321,215,303,232,279,242
64,170,1,2,119,0,1953125,12,0,0,1.01,0,0,NaN,0,0,304,352,316,346,327,342,341,336,354,328,368,319,375,307,388,287,395,273,399,260,397,247,389,239,382,234,379,230,366,269,356,288,315,376,326,421,432,368,525,563,625,608,604,661,646,752,898,927,1000,617,862,606,649,590,578,788,390,634,68,461,359,170,409,197,257,316,182,340,184,335,173,338,186,355,175,338,204,338,194,322,221,304,230,276,246
64,170,1,2,119,0,1953125,12,0,0,1,0,0,NaN,0,0,50,58,55,63,47,53,54,58,50,50,60,48,58,48,77,49,89,51,100,39,104,41,114,40,130,41,139,50,173,70,203,79,203,138,329,231,327,241,426,438,568,475,528,545,614,644,815,1000,856,787,636,706,482,436,441,725,402,326,156,290,246,260,292,118,142,64,38,65,37,59,44,63,44,78,62,64,63,67,80,62,70,49,59,37,48
64,170,1,2,119,0,1953125,12,0,0,1,0,0,NaN,0,0,51,60,48,63,48,58,42,62,39,61,40,65,33,67,46,80,51,89,63,97,58,103,66,112,70,125,80,147,102,166,131,185,132,217,244,354,233,373,344,558,494,577,476,630,577,704,824,1000,926,727,721,647,585,409,548,675,510,352,240,216,290,208,202,156,45,118,87,27,95,22,115,18,113,48,121,38,104,57,102,50,85,54,64,41,65
64,170,1,2,119,0,1953125,12,0,0,1,0,0,NaN,0,0,54,64,56,59,52,61,48,61,45,62,40,64,43,70,44,84,54,91,59,105,56,109,65,122,63,130,78,161,96,174,129,196,123,239,243,360,223,378,352,576,513,598,493,640,600,723,846,1000,933,723,734,659,621,422,559,669,533,362,256,206,291,222,191,157,51,121,96,23,101,18,122,20,115,47,128,43,102,58,105,58,83,54,66,40,65
64,170,1,2,119,0,1953125,12,0,0,1,0,0,NaN,0,0,61,58,68,59,62,50,64,47,65,45,67,35,73,44,79,52,97,64,98,67,112,66,111,85,126,83,140,111,162,131,197,152,182,215,319,282,354,258,501,472,657,493,644,569,745,657,965,1000,954,747,712,739,627,459,551,767,532,331,279,292,186,295,201,122,149,30,93,92,61,94,61,107,60,123,67,111,50,113,66,97,51,80,48,60,52
64,170,1,2,119,0,1953125,12,0,0,1.01,0,0,NaN,0,0,299,312,312,305,320,301,336,296,343,288,357,284,358,277,370,266,367,260,367,253,362,247,348,253,336,258,320,273,300,307,267,334,230,404,183,473,291,444,346,637,415,661,390,728,424,806,661,1000,746,698,640,717,434,640,379,854,217,605,102,482,227,252,360,185,290,253,218,301,212,290,208,292,222,301,220,285,239,283,229,270,245,256,250,227,268
64,170,1,2,119,0,1953125,12,0,0,1.01,0,0,NaN,0,0,288,295,300,286,308,283,324,277,330,273,343,268,342,263,349,256,348,249,347,245,342,243,325,251,313,254,295,271,271,306,240,329,204,396,142,473,248,452,295,634,366,663,344,721,372,800,602,999,703,726,596,702,372,616,317,818,182,555,135,466,196,275,344,171,292,222,224,276,213,267,209,268,227,271,224,260,240,258,230,250,239,234,247,208,261
64,170,1,2,119,0,1953125,12,0,0,1.01,0,0,NaN,0,0,305,355,316,346,325,346,339,337,354,329,368,322,375,308,391,289,396,275,402,259,398,249,391,240,383,237,381,229,369,268,360,285,319,378,329,413,435,365,527,558,624,596,606,655,650,753,901,923,1000,615,866,604,645,583,581,798,400,631,75,458,359,171,408,203,253,320,183,347,184,339,172,344,185,358,177,340,203,339,197,321,221,311,230,278,247
64,170,1,2,119,0,1953125,12,0,0,1,0,0,NaN,0,0,317,262,311,261,317,270,317,274,319,286,317,283,310,299,310,292,299,303,295,294,279,302,263,305,239,312,228,319,190,348,165,361,131,420,49,488,155,457,205,638,289,668,268,713,308,784,536,1000,656,758,579,705,325,574,294,792,137,464,147,430,241,323,376,186,311,170,231,246,209,252,192,258,200,268,188,270,195,277,184,278,184,273,193,251,201
64,170,1,2,119,0,1953125,12,0,0,1,0,0,NaN,0,0,35,68,39,73,31,61,42,67,38,59,52,59,54,57,76,56,86,57,101,43,103,43,116,38,132,42,142,52,171,71,201,83,210,135,320,245,311,274,402,467,547,514,512,589,599,670,788,1000,839,786,644,709,498,437,464,718,387,321,114,267,276,236,301,111,121,85,38,52,49,46,63,48,60,62,78,48,75,49,88,48,82,42,62,35,49
64,170,1,2,119,0,1953125,12,0,0,1,0,0,NaN,0,0,83,13,88,17,83,10,83,14,79,28,81,33,77,51,78,68,85,83,85,89,88,96,86,115,96,120,107,138,123,169,163,181,151,251,284,308,329,266,467,459,624,484,619,548,717,627,957,988,999,758,740,717,625,414,560,746,536,289,273,268,212,332,219,197,147,51,77,75,39,74,35,87,35,98,46,95,34,99,55,91,45,81,48,53,45
64,170,1,2,119,0,1953125,12,0,0,1,0,0,NaN,0,0,337,276,336,273,342,283,344,284,347,294,348,292,341,304,341,298,334,306,331,297,315,305,297,309,277,315,263,322,231,353,207,371,167,435,113,501,227,449,283,628,367,656,349,711,378,780,623,999,769,724,672,671,423,574,376,806,180,528,125,436,285,276,425,144,336,187,241,259,222,269,202,273,207,293,191,290,200,303,188,299,188,295,199,272,204
64,170,1,2,119,0,1953125,12,0,0,1,0,0,NaN,0,0,29,75,33,78,28,66,35,68,38,59,52,56,53,51,75,50,86,53,102,43,111,42,118,37,136,43,147,56,178,74,209,89,208,140,329,239,345,254,458,460,606,490,573,570,658,646,845,1000,870,777,644,732,525,465,476,757,450,367,216,308,203,233,236,78,131,83,36,101,10,100,30,100,39,120,58,97,58,98,70,82,60,64,50,56,53
64,170,1,2,119,0,1953125,12,0,0,1,0,0,NaN,0,0,5,76,7,81,3,70,12,72,16,68,33,61,39,61,61,56,78,61,90,53,103,55,109,50,126,56,137,73,168,76,199,99,198,128,321,259,307,289,408,488,545,519,520,598,598,670,792,1000,829,757,625,697,502,467,473,728,425,376,172,277,239,190,248,73,94,109,7,89,37,84,62,83,69,97,84,77,80,75,88,65,79,54,61,46,57
64,170,1,2,119,0,1953125,12,0,0,1,0,0,NaN,0,0,13,79,20,80,14,71,23,72,25,64,40,61,45,57,68,55,82,54,98,47,107,45,116,40,131,44,147,59,175,68,207,86,204,125,326,242,322,267,426,468,568,495,532,580,620,660,811,999,834,752,613,716,511,472,464,746,436,388,205,293,215,195,241,63,113,109,15,100,22,98,50,94,54,113,77,88,70,89,84,72,76,61,55,53,58
64,170,1,2,119,0,1953125,12,0,0,1,0,0,NaN,0,0,4,79,12,81,5,73,14,75,19,66,34,64,40,57,62,59,78,59,95,54,100,53,112,51,128,55,141,69,173,79,200,92,201,126,314,251,309,288,410,488,560,516,516,591,606,676,793,1000,824,752,623,716,516,469,460,732,433,382,189,288,238,192,239,63,92,112,10,92,34,91,62,84,66,106,87,79,78,82,90,62,74,55,58,48,60
64,170,1,2,119,0,1953125,12,0,0,1,0,0,NaN,0,0,294,251,285,257,288,268,283,274,284,286,281,287,274,302,266,301,253,311,246,303,234,308,217,308,197,312,186,319,149,341,127,347,131,381,93,466,32,463,66,622,183,648,159,694,235,761,412,1000,495,797,394,743,194,553,159,764,192,371,225,413,100,383,275,247,282,165,224,225,202,232,195,232,209,230,207,236,210,235,207,236,205,233,204,217,213
64,170,1,2,119,0,1953125,12,0,0,1,0,0,NaN,0,0,44,72,43,69,41,67,35,68,37,66,32,68,37,66,47,82,57,83,69,99,67,97,81,112,82,117,100,147,118,156,152,177,148,207,254,336,237,370,353,562,504,589,478,647,587,718,807,1000,885,721,704,680,597,434,540,704,522,378,222,214,278,191,200,127,35,124,83,47,95,40,118,34,112,54,129,41,106,57,110,50,84,50,69,38,64
64,170,1,2,119,0,1953125,12,0,0,1,0,0,NaN,0,0,334,291,337,284,349,288,357,280,365,285,373,277,371,280,379,265,377,264,379,257,360,259,353,253,339,256,336,250,323,279,321,295,278,374,318,376,407,296,495,448,604,484,584,525,638,607,885,758,1000,458,848,433,657,440,604,620,431,534,133,335,439,64,460,133,285,258,227,258,234,265,221,270,212,300,206,289,208,306,204,298,204,294,213,279,198
64,170,1,2,119,0,1953125,12,0,0,1,0,0,NaN,0,0,35,72,42,77,33,64,45,67,43,55,55,53,57,48,76,45,89,55,103,44,113,43,118,43,138,45,148,62,180,77,208,93,204,145,329,239,350,242,467,455,611,472,580,558,668,641,867,1000,882,764,651,742,541,468,491,774,477,379,248,303,181,232,224,78,139,78,51,107,23,107,27,107,42,127,59,108,58,106,67,87,64,69,50,59,56
64,170,1,2,119,0,1953125,12,0,0,1,0,0,NaN,0,0,24,78,21,78,20,71,13,73,19,66,27,69,33,64,53,74,69,74,84,78,84,77,96,83,107,92,122,112,146,121,179,138,177,165,287,298,268,336,371,534,516,559,480,626,575,701,780,1000,841,741,671,694,539,449,503,713,459,385,192,246,271,171,228,99,53,125,49,67,70,67,96,57,94,78,113,50,97,64,103,45,84,51,65,37,62
64,170,1,2,119,0,1953125,12,0,0,1,0,0,NaN,0,0,39,70,41,70,38,67,33,69,32,64,29,68,33,67,46,80,58,83,68,93,67,93,78,105,82,114,99,138,121,151,153,170,149,202,263,331,238,359,344,553,498,580,475,637,573,712,808,1000,880,730,707,674,578,431,537,692,489,358,215,227,293,194,213,130,32,122,76,42,89,39,112,29,107,55,125,36,100,52,108,45,81,46,65,35,64
64,170,1,2,119,0,1953125,12,0,0,1,0,0,NaN,0,0,23,79,19,77,20,72,13,75,16,68,26,67,32,64,54,72,66,73,82,77,84,76,98,81,109,89,124,106,148,118,180,130,179,165,293,294,266,335,374,535,525,567,490,630,581,707,785,1000,831,745,665,690,541,457,496,704,450,372,179,255,283,182,239,100,55,123,46,69,66,65,90,55,90,76,109,49,92,59,101,47,83,46,64,36,61
64,170,1,2,119,0,1953125,12,0,0,1,0,0,NaN,0,0,5,78,13,79,2,73,10,75,16,64,32,64,38,60,62,62,75,59,94,55,100,53,112,50,127,56,140,69,169,81,201,95,203,126,315,249,306,289,407,486,550,515,512,596,603,677,795,1000,821,755,638,726,525,470,468,741,432,373,178,287,240,188,249,68,94,112,10,91,38,87,64,82,69,102,86,74,79,81,94,63,77,56,59,46,60
64,170,1,2,119,0,1953125,12,0,0,1,0,0,NaN,0,0,29,73,21,80,25,69,17,73,17,68,29,67,29,67,51,71,66,79,78,75,82,80,89,82,106,95,113,112,143,121,172,144,174,165,287,303,256,330,355,531,499,549,466,621,557,689,779,1000,840,725,663,676,540,453,502,699,455,390,208,246,266,167,232,115,58,133,53,66,71,61,95,53,98,70,111,50,100,59,103,47,86,45,63,41,62
64,170,1,2,119,0,1953125,12,0,0,1,0,0,NaN,0,0,42,70,42,68,38,67,32,66,31,64,30,69,35,65,45,79,57,82,67,92,65,94,80,108,82,115,96,141,116,152,151,171,150,209,260,336,227,359,346,557,502,588,481,645,585,723,816,1000,882,726,711,674,587,445,544,695,494,361,222,222,289,206,216,132,37,129,78,43,89,40,112,27,109,52,126,39,103,54,110,47,85,50,68,38,62
64,170,1,2,119,0,1953125,12,0,0,1.01,0,0,NaN,0,0,292,260,301,253,304,253,316,251,316,254,325,254,318,260,319,261,306,266,302,267,290,270,270,282,249,287,227,310,189,332,146,354,131,387,43,479,71,484,102,657,204,673,182,732,259,789,424,999,456,774,370,793,236,607,172,807,272,443,258,414,88,325,255,195,302,151,263,209,252,201,256,198,270,189,271,192,271,188,266,192,263,182,259,171,263
64,170,1,2,119,0,1953125,12,0,0,1.01,0,0,NaN,0,0,75,27,73,29,73,28,66,32,55,39,52,45,38,54,35,62,32,75,38,90,48,101,47,111,62,121,73,148,96,143,129,167,126,173,243,320,251,368,368,553,511,578,492,647,586,719,800,1000,847,719,664,683,574,476,514,706,505,437,268,270,237,105,144,98,82,179,110,130,110,120,121,111,121,118,125,89,105,88,99,61,76,57,60,58,68
64,170,1,2,119,0,1953125,12,0,0,1.01,0,0,NaN,0,0,257,324,262,320,268,324,277,319,286,319,297,309,306,301,319,281,326,268,335,249,334,237,339,212,337,196,348,165,353,165,371,163,342,227,413,198,472,133,577,279,687,323,676,361,735,442,950,597,1000,344,839,329,715,318,659,488,545,472,256,270,405,85,329,228,156,313,155,290,173,290,163,297,161,315,155,300,167,306,165,290,174,283,178,270,176
64,170,1,2,119,0,1953125,12,0,0,1,0,0,NaN,0,0,34,70,39,75,35,62,43,66,40,53,51,50,54,45,73,45,85,51,100,41,109,40,115,42,137,43,143,58,177,78,205,94,202,149,327,239,346,242,461,447,610,475,577,553,661,644,870,1000,880,774,652,728,523,453,475,751,460,363,229,314,207,257,236,90,137,70,43,101,14,98,23,103,35,119,53,101,52,101,68,87,59,68,47,56,52
64,170,1,2,119,0,1953125,12,0,0,1,0,0,NaN,0,0,19,73,26,78,20,69,27,68,29,62,42,55,50,53,67,48,84,51,96,42,110,40,113,37,131,36,142,53,173,64,205,80,200,130,324,234,329,255,441,457,580,487,549,563,626,657,830,1000,847,779,638,718,506,457,456,732,428,360,185,303,231,234,253,74,115,84,22,96,13,90,34,93,42,108,64,91,58,88,74,77,66,59,54,51,49
64,170,1,2,119,0,1953125,12,0,0,1,0,0,NaN,0,0,28,72,19,77,24,67,16,71,15,67,28,65,30,66,52,69,65,74,77,76,83,80,91,79,102,91,113,109,141,118,170,138,173,162,287,304,262,331,357,520,496,547,471,617,555,690,776,1000,850,745,664,663,515,431,489,683,451,381,197,244,278,181,242,117,58,126,47,67,69,59,92,50,94,67,108,47,94,52,97,47,85,44,61,39,59
64,170,1,2,119,0,1953125,12,0,0,1,0,0,NaN,0,0,87,13,85,14,84,14,77,21,77,30,69,41,67,54,61,79,65,90,60,109,61,111,51,135,52,142,61,171,71,198,108,216,88,276,224,362,273,331,427,528,594,545,594,591,703,665,952,967,999,718,776,679,652,399,593,715,585,306,312,240,228,302,155,165,133,51,117,60,90,62,96,84,88,100,93,98,68,101,75,93,59,82,51,57,54
64,170,1,2,119,0,1953125,12,0,0,1,0,0,NaN,0,0,23,78,21,80,19,73,12,75,19,68,26,68,32,67,54,73,66,72,84,76,85,76,101,81,108,89,123,110,149,117,182,136,185,165,292,293,267,333,373,535,522,562,480,627,579,703,778,1000,828,738,667,705,546,458,499,721,465,387,190,241,264,172,228,95,52,129,47,74,66,69,96,58,93,80,111,53,94,62,103,46,87,48,65,39,64
64,170,1,2,119,0,1953125,12,0,0,1,0,0,NaN,0,0,24,75,22,78,20,70,14,73,20,67,25,69,31,63,52,73,64,72,82,77,81,76,97,83,106,89,121,108,143,117,176,135,178,162,286,292,260,332,365,523,505,549,469,616,564,696,778,1000,834,734,666,692,537,445,498,722,471,380,196,250,271,173,227,101,51,125,51,66,71,66,97,56,94,75,114,50,99,61,103,47,83,48,65,39,63
64,170,1,2,119,0,1953125,12,0,0,1,0,0,NaN,0,0,36,71,31,74,33,66,26,70,23,67,33,67,29,68,50,74,60,82,73,85,76,90,85,94,96,106,106,125,132,136,160,155,162,181,268,314,243,340,345,537,492,559,463,623,561,695,793,1000,847,713,675,676,562,444,522,700,475,374,211,241,276,180,222,120,41,123,64,55,82,48,104,43,105,62,115,42,102,53,102,46,86,44,63,37,61
64,170,1,2,119,0,1953125,12,0,0,1,0,0,NaN,0,0,36,71,31,74,33,66,26,70,23,67,33,67,29,68,50,74,60,82,73,85,76,90,85,94,96,106,106,125,132,136,160,155,162,181,268,314,243,340,345,537,492,559,463,623,561,695,793,1000,847,713,675,676,562,444,522,700,475,374,211,241,276,180,222,120,41,123,64,55,82,48,104,43,105,62,115,42,102,53,102,46,86,44,63,37,61
64,170,1,2,119,0,1953125,12,0,0,1.01,0,0,NaN,0,0,61,58,52,61,57,58,46,62,44,60,42,65,36,69,49,83,51,88,59,103,56,110,63,118,65,132,74,156,96,175,124,193,123,229,235,359,225,370,341,566,500,580,482,643,591,700,842,1000,916,702,740,661,604,407,562,681,519,355,261,211,282,214,192,155,54,122,95,22,100,19,120,18,117,49,125,37,104,61,107,55,86,55,62,41,65
64,170,1,2,119,0,1953125,12,0,0,1,0,0,NaN,0,0,45,69,38,71,40,66,33,68,31,66,34,68,33,70,49,79,58,86,68,90,71,97,78,103,88,115,94,136,122,149,148,171,147,197,261,332,235,355,340,550,490,570,468,635,566,701,805,1000,872,716,700,667,565,421,523,678,482,374,236,232,280,182,211,134,40,128,76,47,88,38,110,32,110,52,118,35,102,52,101,48,86,46,62,39,65
64,170,1,2,119,0,1953125,12,0,0,1,0,0,NaN,0,0,49,67,52,65,45,63,41,65,40,63,36,66,38,70,46,85,55,87,64,100,58,102,72,118,73,123,85,152,103,165,138,186,134,220,244,342,222,367,343,563,496,586,481,643,591,719,827,1000,898,720,735,677,606,418,545,694,529,365,247,216,282,205,195,139,42,123,91,36,99,29,120,24,116,51,131,41,105,58,109,57,86,55,69,38,65
64,170,1,2,119,0,1953125,12,0,0,1,0,0,NaN,0,0,15,80,12,86,14,75,12,78,20,72,32,76,36,71,57,80,66,83,82,86,77,91,90,98,97,109,105,130,131,154,156,168,164,217,264,336,225,356,333,549,489,584,472,644,578,714,820,1000,892,728,730,667,579,395,542,674,474,322,183,193,306,243,252,180,49,127,51,29,70,19,92,12,88,20,100,30,87,47,91,52,76,55,55,38,52
64,170,1,2,119,0,1953125,12,0,0,1,0,0,NaN,0,0,5,79,9,81,1,74,13,74,15,68,35,67,38,56,63,61,75,60,94,57,97,56,113,54,126,57,139,74,168,83,198,100,199,127,308,252,306,299,405,489,542,512,493,588,592,671,782,1000,827,753,637,722,523,456,452,737,448,391,187,281,224,175,235,60,86,114,20,94,43,89,70,87,74,102,92,76,84,79,93,61,82,57,62,47,60
64,170,1,2,119,0,1953125,12,0,0,1,0,0,NaN,0,0,15,75,10,81,12,72,9,73,10,67,29,65,36,64,57,64,72,69,84,64,94,70,102,66,116,72,125,91,155,96,187,120,184,138,299,279,285,316,381,499,512,527,480,597,560,675,774,1000,837,749,645,682,505,445,474,710,448,396,201,273,251,170,235,88,73,118,32,82,61,75,83,71,85,83,100,65,92,68,98,56,85,47,64,46,60
64,170,1,2,119,0,1953125,12,0,0,1,0,0,NaN,0,0,370,309,373,301,385,308,388,302,396,310,400,306,399,312,404,302,398,303,397,296,381,300,367,301,346,307,337,309,316,346,306,361,256,446,261,481,367,407,452,590,569,628,548,672,592,762,851,944,999,633,867,599,632,557,569,768,339,605,77,422,411,167,492,121,340,250,252,288,244,298,226,300,221,335,205,324,215,338,206,334,207,326,219,306,214
64,170,1,2,119,0,1953125,12,0,0,1,0,0,NaN,0,0,42,69,34,73,37,67,30,70,28,66,33,67,30,70,49,78,59,85,73,88,72,95,81,101,92,113,101,136,127,147,157,167,157,196,266,333,239,352,346,551,493,572,474,643,578,709,802,999,870,711,686,673,570,437,537,693,484,390,232,224,269,173,205,130,44,130,75,54,90,49,112,37,114,62,121,42,108,57,104,48,89,49,66,40,66
64,170,1,2,119,0,1953125,12,0,0,1.01,0,0,NaN,0,0,258,323,259,319,266,326,271,322,281,322,290,314,298,305,313,288,321,276,330,258,325,245,333,219,332,199,348,166,355,155,377,144,353,195,432,153,483,90,591,232,709,275,697,313,766,392,961,554,1000,323,837,319,735,268,673,443,580,448,298,237,403,116,310,237,146,318,165,286,183,288,176,292,170,312,169,298,173,305,173,286,180,285,179,272,173
64,170,1,2,119,0,1953125,12,0,0,1,0,0,NaN,0,0,305,285,311,279,322,280,330,273,340,274,347,266,350,262,359,246,360,240,361,234,347,226,349,216,337,212,339,198,336,211,351,219,316,287,388,252,445,166,547,298,667,328,649,356,711,426,929,578,1000,342,860,313,695,272,643,437,517,429,231,202,456,79,403,189,228,270,215,227,232,236,231,235,221,266,223,249,224,265,227,252,222,254,226,247,203
64,170,1,2,119,0,1953125,12,0,0,1,0,0,NaN,0,0,30,74,29,74,28,69,20,71,21,66,26,68,31,64,51,76,60,76,77,81,78,81,92,89,97,96,114,120,134,128,168,147,166,176,279,307,257,344,358,538,504,566,473,629,571,705,790,1000,849,741,683,683,547,428,503,697,461,363,194,249,282,180,227,109,44,127,58,60,76,56,102,45,98,67,116,42,98,56,105,45,86,47,65,36,62
64,170,1,2,119,0,1953125,12,0,0,1.01,0,0,NaN,0,0,279,341,286,336,297,335,308,328,321,324,333,313,342,303,357,280,366,267,373,248,370,237,367,217,366,209,368,189,363,215,372,222,333,309,374,317,458,265,556,428,658,472,643,521,691,607,928,755,1000,465,862,457,687,458,618,652,468,573,165,390,378,106,375,207,203,324,156,323,166,321,155,325,160,342,152,325,175,331,168,309,190,302,199,276,211
64,170,1,2,119,0,1953125,12,0,0,1,0,0,NaN,0,0,16,77,14,79,14,74,8,75,14,67,28,68,34,64,57,68,68,67,86,70,88,67,102,71,112,77,128,95,154,103,185,120,186,150,302,281,276,319,378,518,523,546,484,613,578,695,783,1000,830,751,662,706,525,441,473,722,454,387,198,280,262,177,239,86,64,125,39,77,61,73,89,65,87,82,108,58,95,66,102,52,83,51,64,40,63
64,170,1,2,119,0,1953125,12,0,0,1,0,0,NaN,0,0,7,80,12,81,6,72,16,73,19,64,37,64,40,57,65,59,78,55,95,49,102,51,116,45,130,51,143,62,171,73,202,85,204,128,322,245,316,283,427,482,568,515,530,593,618,676,805,1000,824,769,649,735,519,463,461,743,430,371,177,297,241,205,247,61,96,101,3,93,30,90,56,86,59,103,82,83,76,82,87,68,73,54,56,46,56
64,170,1,2,119,0,1953125,12,0,0,1.01,0,0,NaN,0,0,257,324,264,325,267,322,278,326,286,318,298,316,305,300,319,288,328,269,335,257,334,237,336,215,343,195,348,167,357,162,371,158,352,217,412,190,484,124,584,279,698,313,683,359,750,433,961,597,1000,343,853,355,738,318,667,497,558,464,272,267,399,92,327,225,153,314,161,288,173,293,171,297,161,317,162,299,164,309,167,290,174,288,180,274,175
64,170,1,2,119,0,1953125,12,0,0,1,0,0,NaN,0,0,5,80,9,83,1,72,14,74,17,65,35,67,40,58,64,60,76,60,96,57,101,54,114,49,125,56,140,72,170,79,200,97,202,127,316,256,311,300,411,487,549,519,508,591,595,674,786,1000,825,759,637,716,510,457,457,735,443,400,203,289,241,189,240,63,91,118,14,95,40,88,67,85,70,101,91,77,80,82,94,64,77,55,60,47,60
64,170,1,2,119,0,1953125,12,0,0,1.01,0,0,NaN,0,0,256,323,265,323,268,322,282,322,290,312,303,309,311,292,326,279,335,262,339,248,342,229,341,210,345,192,347,168,356,170,363,177,338,245,396,234,470,170,564,323,678,359,662,406,718,487,935,639,1000,372,842,369,706,353,645,527,514,497,226,305,393,77,341,217,162,315,150,297,163,298,159,300,152,321,150,304,158,312,161,291,174,286,182,270,180
64,170,1,2,119,0,1953125,12,0,0,1,0,0,NaN,0,0,9,78,5,82,5,74,8,73,13,69,29,65,37,63,59,62,75,64,88,61,97,61,107,61,123,67,136,82,165,88,199,110,194,133,311,267,297,310,406,509,539,537,505,601,579,682,784,1000,826,765,665,726,516,455,480,741,450,392,186,279,246,177,235,71,74,113,21,88,51,81,75,78,80,92,95,69,87,71,94,59,82,50,63,44,61
64,170,1,2,119,0,1953125,12,0,0,1,0,0,NaN,0,0,334,294,340,287,350,290,355,284,367,284,373,279,373,279,383,263,383,261,380,253,367,254,360,248,346,250,343,243,331,273,334,284,292,365,338,356,416,273,519,427,634,461,613,493,665,569,902,711,1000,430,881,421,680,400,628,608,469,511,173,307,444,38,442,154,273,264,228,257,234,265,227,268,217,299,213,284,214,303,213,292,212,291,219,279,202
64,170,1,2,119,0,1953125,12,0,0,1,0,0,NaN,0,0,32,70,25,75,29,66,19,70,19,66,29,67,29,66,50,74,62,77,76,79,79,83,87,86,100,96,109,116,136,124,167,145,168,169,279,308,255,336,360,535,503,564,476,619,558,698,780,1000,849,745,687,681,533,428,506,704,474,375,202,245,285,178,228,111,44,121,54,61,78,52,101,46,99,62,112,45,101,55,102,45,86,46,63,38,61
64,170,1,2,119,0,1953125,12,0,0,1,0,0,NaN,0,0,50,66,43,71,45,63,38,68,37,64,36,65,33,68,49,82,56,88,67,93,65,101,73,108,81,121,90,145,113,159,145,182,146,214,254,348,236,370,353,568,504,590,483,645,582,713,820,1000,892,724,724,677,585,423,553,702,518,366,234,216,294,197,206,138,36,123,79,39,93,33,112,25,112,50,122,37,107,56,106,50,89,49,64,41,63
64,170,1,2,119,0,1953125,12,0,0,1.01,0,0,NaN,0,0,261,327,272,326,276,325,288,325,298,316,309,312,318,295,331,283,342,264,346,251,348,232,346,215,349,196,351,176,357,181,366,185,341,258,392,248,469,182,568,346,683,383,669,430,724,503,941,654,1000,384,855,384,705,377,648,551,525,509,226,304,407,72,354,210,173,315,155,299,169,303,162,305,157,326,153,309,165,317,164,298,176,291,187,273,185
64,170,1,2,119,0,1953125,12,0,0,1,0,0,NaN,0,0,40,69,30,75,33,67,26,71,24,66,30,67,30,67,51,76,61,82,74,82,75,90,85,93,96,103,103,124,129,135,160,155,165,184,270,317,247,345,349,541,495,564,466,623,558,703,791,1000,851,729,689,683,557,421,506,702,486,382,213,239,287,180,222,119,36,127,64,57,82,49,104,40,105,60,115,40,101,50,101,48,88,47,65,39,62
64,170,1,2,119,0,1953125,12,0,0,1,0,0,NaN,0,0,6,78,9,85,1,73,11,78,17,71,34,72,37,68,62,74,73,73,88,69,84,72,101,73,110,84,121,100,148,119,177,136,187,179,288,302,250,330,347,528,495,561,465,618,554,694,777,1000,855,745,693,673,535,407,510,685,446,343,159,217,303,216,267,153,70,122,36,37,66,21,85,13,87,27,98,16,89,39,93,44,84,47,60,36,56
64,170,1,2,119,0,1953125,12,0,0,1,0,0,NaN,0,0,6,78,9,85,1,73,11,78,17,71,34,72,37,68,62,74,73,73,88,69,84,72,101,73,110,84,121,100,148,119,177,136,187,179,288,302,250,330,347,528,495,561,465,618,554,694,777,1000,855,745,693,673,535,407,510,685,446,343,159,217,303,216,267,153,70,122,36,37,66,21,85,13,87,27,98,16,89,39,93,44,84,47,60,36,56
64,170,1,2,119,0,1953125,12,0,0,1,0,0,NaN,0,0,35,71,23,73,32,67,22,70,24,67,29,67,28,68,51,76,62,78,75,82,77,87,87,91,98,99,107,121,134,130,163,150,167,177,274,314,253,345,352,531,489,555,469,627,560,694,788,1000,847,723,679,677,550,430,522,711,467,366,190,232,275,178,225,117,43,123,59,61,78,53,98,46,103,61,112,43,100,52,101,44,85,44,66,39,61
64,170,1,2,119,0,1953125,12,0,0,1.01,0,0,NaN,0,0,258,321,264,324,267,321,280,323,285,315,298,311,307,299,319,283,331,266,334,253,336,236,335,213,342,196,345,167,355,166,366,164,345,227,404,202,478,135,570,282,680,315,668,361,719,440,938,606,1000,344,836,331,707,318,647,497,543,488,243,289,390,86,332,222,153,320,154,288,169,293,166,295,156,318,158,302,161,310,166,290,171,285,181,270,175
64,170,1,2,119,0,1953125,12,0,0,1,0,0,NaN,0,0,7,79,13,81,7,71,16,74,20,65,35,63,43,57,64,57,80,57,93,52,102,51,113,44,128,48,141,62,172,72,202,86,201,123,319,247,320,286,418,480,558,508,518,578,592,654,790,1000,831,769,640,715,496,443,451,736,436,390,198,289,230,196,244,67,104,114,9,96,30,91,57,87,59,105,81,80,73,83,85,67,72,55,56,47,57
64,170,1,2,119,0,1953125,12,0,0,1,0,0,NaN,0,0,43,65,35,72,39,64,31,67,30,65,32,65,29,67,49,76,56,83,68,86,69,94,75,99,86,112,97,131,122,145,152,165,152,195,261,328,235,355,345,549,489,567,471,631,560,695,796,1000,872,722,699,650,544,404,525,689,488,373,226,233,284,189,216,135,41,129,71,48,89,41,106,31,110,55,117,36,104,52,103,45,86,47,61,37,59
64,170,1,2,119,0,1953125,12,0,0,1,0,0,NaN,0,0,15,76,9,81,11,72,7,72,9,67,29,65,33,64,57,62,71,67,85,62,95,64,103,63,118,70,128,88,157,92,188,114,191,138,303,274,283,307,386,508,528,536,497,612,579,684,781,1000,819,752,653,706,513,440,476,722,441,387,181,269,255,181,246,85,70,119,26,82,55,73,77,71,83,85,98,67,90,68,94,57,82,47,61,44,60
64,170,1,2,119,0,1953125,12,0,0,1,0,0,NaN,0,0,8,76,13,83,7,74,17,74,19,67,36,62,42,60,63,57,81,59,94,51,106,49,112,47,130,50,143,68,172,70,203,91,203,122,319,244,310,280,419,478,548,501,521,588,601,663,800,999,812,746,631,720,509,455,464,751,437,386,191,289,217,184,241,60,95,109,7,99,30,90,54,89,63,104,80,84,76,81,84,66,75,53,59,46,54
64,170,1,2,119,0,1953125,12,0,0,1.01,0,0,NaN,0,0,254,322,262,322,265,321,275,320,284,314,297,311,303,297,316,284,325,267,332,253,330,237,333,216,337,197,343,168,353,163,367,160,343,222,408,195,477,122,576,272,686,303,675,351,728,425,943,592,1000,339,833,316,704,300,655,476,548,468,262,275,401,87,331,222,154,317,158,288,174,290,170,294,162,315,161,298,165,303,170,287,176,284,181,272,174
64,170,1,2,119,0,1953125,12,0,0,1,0,0,NaN,0,0,12,76,4,81,6,73,7,74,12,68,31,64,35,61,59,63,75,66,88,62,96,62,104,61,121,65,129,85,162,87,189,107,190,134,304,268,294,304,389,490,522,522,495,601,578,674,784,1000,820,748,632,691,503,437,477,724,415,361,170,269,245,185,249,80,78,115,20,86,51,76,68,73,79,87,91,68,85,65,92,60,79,47,58,40,55
64,170,1,2,119,0,1953125,12,0,0,1,0,0,NaN,0,0,27,72,21,77,26,69,18,72,18,69,27,66,29,64,51,70,63,75,77,76,81,81,90,81,102,92,111,113,144,122,171,144,171,164,282,308,263,337,356,525,495,549,466,618,559,688,779,1000,844,729,663,663,525,417,489,694,449,378,199,246,267,181,235,116,55,130,50,67,73,58,94,50,98,66,110,47,98,55,100,51,89,43,62,39,62
64,170,1,2,119,0,1953125,12,0,0,1.01,0,0,NaN,0,0,275,336,286,338,290,332,304,332,315,321,330,318,336,301,351,286,359,267,365,254,364,238,363,219,363,208,360,185,368,199,369,212,342,294,379,295,467,232,557,395,665,429,653,484,703,564,932,711,1000,411,850,427,692,423,638,603,472,557,177,363,382,90,372,216,188,327,158,318,167,317,159,320,157,343,154,322,169,328,170,306,188,298,201,279,201
64,170,1,2,119,0,1953125,12,0,0,1.01,0,0,NaN,0,0,305,327,318,319,327,316,342,310,351,302,367,294,368,288,380,274,381,263,382,255,377,251,363,254,352,257,338,265,320,306,292,333,248,411,217,477,325,443,385,633,465,667,450,734,478,809,722,1000,824,698,715,698,485,619,431,849,244,611,61,490,258,243,377,189,288,268,215,314,207,305,198,311,217,317,212,303,234,299,225,289,243,271,250,241,266
64,170,1,2,119,0,1953125,12,0,0,1,0,0,NaN,0,0,5,77,10,81,3,71,12,73,16,67,34,60,41,60,61,58,79,59,92,53,102,53,110,47,126,53,136,68,167,75,200,94,200,129,317,253,308,290,413,482,549,517,519,598,600,679,793,1000,823,759,633,703,504,450,451,717,417,372,174,270,237,197,249,71,93,106,4,89,38,84,59,85,67,98,83,77,76,74,88,67,78,51,57,44,56
64,170,1,2,119,0,1953125,12,0,0,1.01,0,0,NaN,0,0,315,352,331,349,336,342,354,340,366,325,382,323,386,306,399,295,404,278,405,268,406,255,389,255,386,251,373,258,360,293,336,323,299,409,286,465,399,418,469,616,558,654,552,725,586,809,858,999,952,666,814,671,591,623,545,843,319,640,19,489,326,211,422,194,283,304,206,340,200,331,196,335,206,349,203,334,224,331,220,319,237,300,252,272,263
64,170,1,2,119,0,1953125,12,0,0,1,0,0,NaN,0,0,346,285,344,281,351,293,353,291,356,301,358,298,352,310,353,303,345,311,341,301,324,309,307,314,286,318,275,327,239,362,218,376,175,444,125,502,242,448,307,635,396,665,376,717,402,788,650,1000,797,721,711,672,444,560,399,797,189,525,112,437,306,271,435,142,340,194,249,263,228,271,207,280,210,301,194,299,202,308,190,307,191,302,202,279,205
64,170,1,2,119,0,1953125,12,0,0,1,0,0,NaN,0,0,329,270,327,270,333,280,332,281,336,291,335,291,330,305,330,298,319,309,314,301,298,307,283,310,259,317,246,322,211,358,184,371,148,433,77,499,185,462,237,638,323,677,314,725,347,796,582,1000,708,745,627,701,377,578,342,794,141,486,143,422,268,297,402,165,323,179,239,251,218,260,200,267,204,282,193,281,198,291,187,291,187,285,197,261,203
64,170,1,2,119,0,1953125,12,0,0,1,0,0,NaN,0,0,6,81,12,82,8,72,16,74,22,70,38,65,44,60,66,57,84,57,94,51,106,51,117,48,133,50,145,68,172,70,207,93,203,125,324,252,318,288,433,488,565,519,537,598,615,677,805,1000,824,766,646,728,517,465,460,747,436,375,173,269,214,191,243,57,93,106,7,100,31,94,53,94,66,105,81,88,79,81,86,70,73,57,58,48,55
64,170,1,2,119,0,1953125,12,0,0,1,0,0,NaN,0,0,325,270,322,269,329,278,327,281,330,293,331,292,324,307,322,300,313,310,307,302,293,310,274,313,254,319,239,326,205,357,176,371,143,427,63,502,169,461,219,642,305,665,282,713,312,785,536,1000,681,746,603,696,345,568,298,793,137,500,153,436,235,309,388,170,326,177,239,252,218,260,200,268,206,281,195,280,200,288,191,288,195,281,201,260,208
64,170,1,2,119,0,1953125,12,0,0,1,0,0,NaN,0,0,328,268,323,269,329,279,328,281,331,293,330,294,323,306,321,302,311,313,306,306,291,312,274,313,252,320,238,327,201,359,171,372,140,430,62,497,161,465,206,645,288,674,275,726,314,791,534,1000,652,750,578,720,331,576,303,807,128,483,162,423,234,302,381,175,321,176,241,250,219,258,202,265,207,278,198,277,203,286,196,282,196,278,203,258,211
64,170,1,2,119,0,1953125,12,0,0,1,0,0,NaN,0,0,9,77,14,83,7,72,18,72,21,66,36,61,44,59,64,55,81,57,94,49,106,50,113,46,133,48,142,65,172,74,207,92,206,129,325,255,317,282,423,480,558,514,529,593,615,674,803,1000,816,743,617,707,507,463,456,728,427,389,194,276,220,190,244,62,95,110,10,99,34,93,55,93,67,106,82,84,77,83,85,67,75,56,58,49,55
64,170,1,2,119,0,1953125,12,0,0,1.01,0,0,NaN,0,0,59,54,55,57,53,56,48,56,34,59,34,53,23,61,33,59,48,68,59,71,80,82,83,81,103,86,119,106,144,95,178,119,172,121,293,269,308,324,427,515,562,543,536,618,617,697,814,1000,806,731,617,712,536,494,467,735,467,449,258,304,177,110,163,66,106,182,80,160,74,150,81,143,87,145,91,121,77,107,74,83,59,74,52,69,61
64,170,1,2,119,0,1953125,12,0,0,1.01,0,0,NaN,0,0,54,62,48,67,48,62,41,64,30,63,30,63,23,62,36,59,51,62,68,68,89,75,94,70,114,76,131,92,158,83,191,107,188,113,304,256,330,315,451,510,590,535,558,616,643,690,827,1000,817,737,623,732,544,496,468,757,485,452,275,307,148,115,157,60,122,182,90,169,74,161,82,151,81,158,87,125,71,119,71,88,56,79,49,70,63
64,170,1,2,119,0,1953125,12,0,0,1,0,0,NaN,0,0,18,77,26,79,19,69,28,71,27,61,45,58,47,53,69,52,83,54,103,46,106,43,119,35,132,40,148,56,178,68,211,87,212,130,333,242,337,269,441,467,584,499,544,574,629,656,821,1000,833,756,623,714,497,445,444,736,428,387,219,292,203,206,241,62,115,108,23,105,16,100,43,99,52,117,73,93,66,93,81,76,71,60,54,52,56
64,170,1,2,119,0,1953125,12,0,0,1,0,0,NaN,0,0,7,78,7,80,5,71,6,74,14,68,30,66,37,58,61,64,72,62,92,62,96,59,109,58,121,63,136,79,165,92,196,105,203,143,312,265,302,306,399,501,547,537,504,608,597,689,787,1000,816,748,639,708,516,445,456,720,429,381,176,259,246,179,245,72,77,123,21,89,47,84,75,78,76,96,95,69,84,73,93,54,78,51,60,43,60
64,170,1,2,119,0,1953125,12,0,0,1,0,0,NaN,0,0,20,76,28,80,20,70,30,71,32,64,47,57,50,56,71,53,86,54,100,46,113,43,121,43,138,41,152,59,181,72,218,91,214,135,333,244,342,269,449,466,593,502,561,581,643,663,836,1000,832,758,631,723,517,459,460,753,440,373,195,285,203,218,244,60,115,96,28,105,14,97,37,103,48,115,67,97,61,92,78,78,67,59,55,51,52
64,170,1,2,119,0,1953125,12,0,0,1.01,0,0,NaN,0,0,310,335,329,331,333,324,351,322,357,310,375,308,378,292,388,284,391,269,391,263,389,252,373,258,367,255,351,268,336,304,305,333,270,414,243,476,352,441,415,635,497,666,491,743,511,814,766,1000,856,685,746,703,512,628,466,851,262,643,57,483,271,229,394,191,285,289,214,327,206,319,201,320,213,330,216,313,230,312,224,301,242,282,253,253,266
64,170,1,2,119,0,1953125,12,0,0,1,0,0,NaN,0,0,316,367,311,370,315,378,315,386,311,394,314,398,307,404,300,412,284,411,279,403,277,397,257,399,244,394,227,404,197,429,161,436,159,492,40,575,169,535,257,711,374,732,397,763,450,832,762,1000,942,670,872,587,614,508,595,713,421,571,132,351,468,34,487,181,280,299,240,274,258,268,259,271,261,293,266,273,278,276,287,258,288,257,289,251,266
64,170,1,2,119,0,1953125,12,0,0,1,0,0,NaN,0,0,68,51,72,43,70,35,68,41,68,38,61,50,60,54,54,82,65,87,60,105,68,105,64,123,76,125,95,141,110,169,161,170,149,230,290,280,338,265,493,461,638,500,623,560,694,664,883,1000,879,807,680,759,529,476,472,770,452,383,173,289,241,208,255,64,78,113,19,93,63,70,86,69,98,71,115,55,104,55,110,58,83,48,71,43,61
64,170,1,2,119,0,1953125,12,0,0,1,0,0,NaN,0,0,87,23,87,24,85,19,78,29,82,31,71,44,72,55,63,83,73,92,64,110,72,112,64,137,70,144,85,170,95,202,138,211,120,281,266,344,325,323,490,517,654,540,658,590,755,678,991,1000,988,773,762,738,632,438,553,778,554,325,271,287,187,300,212,115,150,40,90,105,49,101,45,120,40,126,57,120,49,109,68,96,55,72,54,60,52
64,170,1,2,119,0,1953125,12,0,0,1,0,0,NaN,0,0,75,50,76,48,78,39,69,44,72,42,60,55,62,59,55,90,63,92,55,116,56,113,50,142,57,146,72,171,84,201,130,212,112,276,259,339,318,308,480,498,646,519,638,567,738,662,972,1000,959,768,716,739,606,456,511,775,532,374,272,306,183,276,241,78,142,76,61,119,17,106,28,122,50,125,69,109,70,95,89,85,75,63,66,52,57
64,170,1,2,119,0,1953125,12,0,0,1,0,0,NaN,0,0,9,75,5,82,6,71,6,73,13,68,31,66,37,60,58,61,73,66,89,60,95,62,103,57,121,67,132,84,161,90,191,109,198,142,312,275,294,307,391,499,529,528,496,608,584,685,785,999,805,729,615,682,504,443,465,706,416,386,179,267,251,182,247,80,75,124,25,87,54,81,75,78,82,93,94,71,86,67,95,57,81,47,64,43,57
64,170,1,2,119,0,1953125,12,0,0,1.01,0,0,NaN,0,0,304,296,302,308,291,321,291,331,282,342,275,349,270,350,265,357,258,350,255,352,247,334,260,320,263,297,279,286,307,238,347,214,363,126,476,151,489,227,595,273,735,263,724,299,822,334,994,655,1000,524,771,460,753,108,694,354,686,265,425,61,434,234,255,283,165,315,230,244,240,259,243,262,226,286,230,276,214,288,220,277,205,278,203,281,178
64,170,1,2,119,0,1953125,12,0,0,1.01,0,0,NaN,0,0,282,251,293,245,297,245,308,243,307,245,316,246,309,253,309,254,299,258,293,262,284,262,261,275,243,280,219,302,186,324,140,346,129,377,42,473,66,479,105,641,204,666,191,720,253,776,427,1000,473,783,373,757,208,571,157,773,245,421,265,409,71,328,245,197,296,145,259,206,247,198,249,195,261,187,262,188,263,182,259,182,255,178,248,167,256
64,170,1,2,119,0,1953125,12,0,0,1,0,0,NaN,0,0,22,77,28,79,22,70,31,72,28,61,46,62,48,54,73,52,85,54,102,43,110,44,122,38,136,42,149,53,179,70,211,86,216,135,335,242,339,268,454,472,599,506,565,592,649,672,833,1000,830,765,648,752,526,461,456,759,446,383,207,289,201,210,233,54,115,100,22,106,15,104,42,101,50,119,72,94,65,95,78,78,70,64,56,55,57
64,170,1,2,119,0,1953125,12,0,0,1.01,0,0,NaN,0,0,279,256,292,252,294,248,307,249,308,245,318,248,312,248,315,251,308,250,300,253,294,252,272,269,256,271,232,296,202,316,156,342,137,383,31,473,108,474,137,638,221,666,208,719,259,782,454,1000,510,768,415,743,229,585,183,785,208,450,235,415,89,323,268,185,292,160,249,220,237,209,239,208,250,202,254,202,257,197,252,196,249,185,250,173,254
64,170,1,2,119,0,1953125,12,0,0,1.01,0,0,NaN,0,0,329,305,326,317,317,331,314,344,301,355,298,365,287,369,279,380,264,376,261,377,247,363,259,351,257,332,273,324,302,273,347,258,368,166,489,223,477,293,591,353,740,340,733,376,840,404,1000,740,976,604,738,541,756,158,695,402,741,227,496,31,421,294,212,312,196,319,267,238,272,258,277,258,263,281,266,273,245,287,253,275,233,285,221,289,196
64,170,1,2,119,0,1953125,12,0,0,1,0,0,NaN,0,0,5,79,8,82,2,69,12,75,18,66,34,66,41,60,62,61,76,59,95,55,97,55,113,53,126,58,139,72,172,82,204,98,207,135,320,259,310,300,415,496,557,530,517,605,604,678,789,1000,821,756,640,719,508,450,458,736,434,388,189,264,225,179,234,63,86,119,17,94,40,94,68,89,72,105,92,78,84,79,90,62,78,57,59,45,61
64,170,1,2,119,0,1953125,12,0,0,1,0,0,NaN,0,0,295,254,288,258,292,269,287,273,286,288,282,287,276,304,270,302,257,313,249,303,239,307,221,308,200,314,187,320,154,344,125,351,129,387,83,474,34,468,75,624,183,655,166,696,226,759,413,1000,498,798,414,744,198,543,158,768,179,383,238,399,105,373,279,237,286,163,227,227,206,233,196,235,208,234,206,239,207,241,205,244,202,238,204,222,212
64,170,1,2,119,0,1953125,12,0,0,1,0,0,NaN,0,0,13,77,17,82,12,74,22,73,25,66,40,60,48,59,68,54,87,58,98,50,110,49,116,44,135,47,146,64,174,71,211,92,208,128,327,248,326,279,440,478,575,516,551,598,627,677,816,1000,838,776,649,746,530,467,459,738,437,377,186,275,209,193,235,57,101,99,14,100,24,92,50,100,58,107,74,88,69,84,82,75,74,59,59,52,54
64,170,1,2,119,0,1953125,12,0,0,1.01,0,0,NaN,0,0,313,359,324,350,338,349,352,340,366,333,381,323,386,313,400,292,405,280,410,264,407,254,398,247,390,247,382,243,371,285,356,308,316,397,316,451,424,401,511,599,617,645,596,706,632,790,886,976,1000,654,857,647,645,615,560,830,378,665,35,487,343,194,410,206,267,322,190,352,190,341,180,347,193,362,185,343,214,344,206,324,232,309,241,277,259
64,170,1,2,119,0,1953125,12,0,0,1.01,0,0,NaN,0,0,298,348,314,345,319,339,338,337,348,325,363,320,369,302,384,288,392,268,395,256,396,242,383,236,383,229,373,226,370,259,355,282,321,370,335,409,436,351,524,544,632,590,616,643,654,731,903,902,1000,588,863,577,641,557,583,758,392,632,72,445,355,157,403,200,243,322,176,341,175,336,169,336,176,354,172,335,197,337,192,321,210,304,228,277,238
64,170,1,2,119,0,1953125,12,0,0,1,0,0,NaN,0,0,16,78,16,81,13,71,6,76,15,67,26,68,34,62,55,70,70,68,87,70,89,67,104,71,112,79,131,99,154,105,192,124,192,154,306,286,284,323,382,516,525,549,488,614,576,694,779,1000,824,741,649,691,508,436,474,719,441,382,190,250,253,170,232,91,66,134,39,83,59,79,88,69,89,88,106,59,94,71,101,49,79,48,61,40,62
64,170,1,2,119,0,1953125,12,0,0,1,0,0,NaN,0,0,300,257,292,262,297,273,293,276,292,290,291,291,282,306,278,304,263,314,257,305,246,310,230,313,207,316,195,324,159,345,130,355,129,393,71,481,52,461,76,622,178,647,154,691,215,759,410,1000,506,782,429,728,188,540,157,768,166,398,230,413,119,372,300,230,299,160,233,229,211,235,201,239,210,240,208,245,210,246,207,248,206,244,208,226,215
64,170,1,2,119,0,1953125,12,0,0,1,0,0,NaN,0,0,312,281,315,275,327,275,333,269,342,271,349,263,353,262,361,247,359,245,361,235,347,233,344,227,330,226,329,217,323,238,333,248,295,324,351,308,426,228,520,362,638,395,628,420,677,498,897,641,1000,402,855,349,675,320,619,489,468,456,178,248,437,22,429,156,252,260,217,239,224,243,222,246,214,274,210,262,212,276,212,267,208,268,215,255,198
64,170,1,2,119,0,1953125,12,0,0,1,0,0,NaN,0,0,14,77,24,82,15,73,24,73,29,64,41,59,50,58,67,54,88,56,98,46,112,46,118,41,136,43,150,60,177,69,214,90,210,131,332,245,332,271,445,469,574,500,554,588,636,667,826,1000,829,749,627,727,519,471,474,758,441,386,207,279,200,201,239,53,110,101,20,104,21,99,41,102,55,113,70,94,68,90,82,75,71,60,55,52,55
64,170,1,2,119,0,1953125,12,0,0,1.01,0,0,NaN,0,0,262,325,272,325,276,321,290,321,297,312,313,308,318,293,333,278,344,259,349,249,349,230,347,213,349,195,352,172,360,180,366,186,342,261,392,257,472,189,569,349,681,384,668,433,718,512,938,665,1000,386,845,375,686,380,638,546,500,521,209,323,389,80,351,214,172,321,150,305,161,306,158,306,154,328,148,311,162,316,164,297,174,290,187,274,188
64,170,1,2,119,0,1953125,12,0,0,1,0,0,NaN,0,0,13,79,11,78,9,73,6,73,12,66,27,65,33,61,56,67,71,65,88,67,92,65,104,65,117,71,130,90,158,100,192,118,191,144,307,280,293,314,384,510,526,540,492,610,577,684,779,1000,833,756,655,700,506,431,467,712,434,387,187,257,240,168,234,83,74,130,34,83,53,81,85,71,84,91,103,64,90,70,100,53,84,53,66,43,63
64,170,1,2,119,0,1953125,12,0,0,1,0,0,NaN,0,0,7,78,9,83,9,72,5,79,15,68,33,73,35,68,61,76,68,77,86,75,81,81,96,82,105,95,110,112,142,138,165,150,180,198,274,318,239,340,327,532,487,566,458,625,561,696,797,1000,869,720,692,659,551,389,507,666,437,323,166,197,293,229,263,168,58,129,46,34,68,20,90,7,90,24,100,21,88,44,92,49,80,51,59,38,54
64,170,1,2,119,0,1953125,12,0,0,1.01,0,0,NaN,0,0,311,301,307,312,298,326,295,338,284,347,280,355,274,359,269,364,261,357,259,358,249,340,262,327,263,305,283,292,309,241,356,218,369,132,480,161,487,238,596,281,741,276,734,317,838,349,1000,654,991,514,769,456,773,119,697,361,712,271,436,66,415,249,243,289,172,315,235,250,244,264,247,265,232,288,234,278,219,289,224,280,208,284,204,285,179
64,170,1,2,119,0,1953125,12,0,0,1.01,0,0,NaN,0,0,286,254,299,250,299,248,314,248,311,246,322,251,313,253,315,260,304,258,296,264,287,263,265,279,249,281,223,308,191,325,143,351,132,379,42,477,70,478,103,639,194,660,185,718,244,771,420,1000,469,775,362,755,209,578,155,779,268,441,294,403,77,322,253,189,305,146,265,205,253,199,256,196,265,188,271,188,266,184,265,184,257,178,256,167,260
64,170,1,2,119,0,1953125,12,0,0,1,0,0,NaN,0,0,50,64,44,67,46,64,38,67,35,65,37,66,31,68,47,80,54,87,67,93,62,100,71,108,79,124,89,144,114,160,142,180,143,211,259,352,238,369,342,560,499,585,484,642,573,704,816,1000,900,730,718,648,561,401,517,662,488,375,235,211,275,193,202,147,49,131,87,45,96,35,116,26,117,52,122,39,105,54,104,50,88,50,63,39,64
64,170,1,2,119,0,1953125,12,0,0,1,0,0,NaN,0,0,38,72,38,70,35,66,30,68,28,66,28,67,34,65,46,78,59,80,70,88,70,89,81,100,87,107,101,131,126,142,156,164,157,197,271,328,243,358,346,545,497,579,479,633,566,706,797,1000,882,747,699,654,541,407,502,669,464,361,209,225,273,185,216,130,43,136,70,54,84,48,111,35,106,59,122,39,101,54,108,45,84,48,65,36,63
64,170,1,2,119,0,1953125,12,0,0,1,0,0,NaN,0,0,39,69,40,70,37,67,33,69,32,66,29,67,34,68,47,80,58,82,70,92,69,92,82,102,85,110,99,135,124,147,156,170,159,202,266,331,243,362,353,555,502,585,480,639,575,713,803,1000,881,746,709,665,560,414,508,675,473,355,202,212,269,188,208,129,39,133,74,54,88,47,111,34,105,55,124,38,102,54,107,45,84,45,64,36,61
64,170,1,2,119,0,1953125,12,0,0,1.01,0,0,NaN,0,0,253,318,255,316,263,321,270,316,279,315,288,307,297,299,308,281,318,269,327,253,323,238,331,215,330,197,342,165,347,158,372,147,344,207,420,172,477,107,587,250,694,295,689,327,744,407,949,570,1000,350,842,310,705,283,650,453,560,434,265,249,396,98,315,229,151,313,157,286,177,287,169,291,166,311,161,295,167,303,167,284,177,282,175,269,173
64,170,1,2,119,0,1953125,12,0,0,0.99,0,0,NaN,0,0,55,58,55,59,51,55,53,61,49,52,59,56,59,51,80,57,84,54,102,39,94,39,119,33,125,42,135,42,173,79,197,84,216,151,317,254,288,289,366,476,522,531,470,576,557,668,759,1000,851,797,671,680,483,392,439,667,374,302,90,215,309,255,327,170,150,119,56,30,61,21,76,16,61,17,77,8,71,27,81,33,75,47,60,34,47
64,170,1,2,119,0,1953125,12,0,0,0.99,0,0,NaN,0,0,46,61,57,65,46,54,56,60,52,53,63,50,62,52,79,49,91,54,101,41,109,42,116,43,134,39,144,53,179,71,209,89,213,140,336,242,335,250,429,450,571,485,539,568,621,641,817,1000,846,763,620,713,501,453,445,715,396,344,174,253,213,230,279,102,141,80,37,69,29,67,42,71,45,83,66,71,70,68,83,65,76,52,63,40,50
64,170,1,2,119,0,1953125,12,0,0,1.01,0,0,NaN,0,0,85,9,79,9,78,11,73,20,65,27,60,35,49,49,42,63,37,79,37,95,40,109,35,123,42,137,52,166,72,170,101,198,100,218,217,357,241,393,361,578,517,601,506,663,609,726,847,1000,880,681,679,659,615,460,541,679,534,428,317,247,238,121,108,114,118,173,152,110,140,102,152,91,144,103,147,72,120,76,110,48,84,54,71,55,72
64,170,1,2,119,0,1953125,12,0,0,1.01,0,0,NaN,0,0,69,42,64,45,63,46,56,45,45,52,43,53,31,60,30,61,40,75,48,80,68,93,66,93,86,105,99,126,126,115,157,144,154,144,274,293,279,338,391,535,534,555,506,631,593,698,794,1000,810,713,615,695,540,485,467,706,470,453,272,299,191,89,148,86,92,192,92,153,88,144,101,133,102,139,106,109,90,103,86,73,69,68,56,68,64
