64,170,1,2,119,0,1953125,12,0,0,0.98,0,0,NaN,0,0,75,64,78,55,82,46,83,43,86,42,77,51,76,57,72,68,64,84,75,90,71,95,81,106,94,101,103,109,181,107,219,105,198,115,328,267,446,345,497,435,641,489,542,503,686,767,795,1000,952,851,486,534,469,636,668,579,323,334,225,284,389,377,511,309,316,127,181,106,153,87,163,111,88,75,80,64,70,70,48,50,55,65,47,59,53
64,170,1,2,119,0,1953125,12,0,0,0.99,0,0,NaN,0,0,155,204,163,209,164,214,173,222,169,218,172,223,162,222,159,216,162,205,154,203,151,191,151,186,165,177,157,196,180,244,172,215,191,263,222,429,253,511,313,545,422,592,333,560,476,785,543,1000,687,867,281,550,348,681,454,668,143,431,122,393,151,523,290,414,235,252,160,236,131,255,141,241,160,225,141,227,136,227,141,215,124,227,118,215,112
64,170,1,2,119,0,1953125,12,0,0,0.98,0,0,NaN,0,0,87,38,88,31,91,21,89,23,89,24,80,39,83,46,76,54,74,64,87,73,86,71,101,77,115,74,124,70,196,76,232,61,205,106,322,285,415,376,454,443,590,525,486,501,615,776,756,1000,963,860,518,488,452,610,694,553,341,254,193,206,393,362,518,345,307,176,151,137,119,116,128,137,64,94,51,81,47,78,27,61,37,69,39,61,45
64,170,1,2,119,0,1953125,12,0,0,0.98,0,0,NaN,0,0,68,70,70,66,80,54,78,53,81,48,74,57,74,62,71,76,59,88,71,94,61,105,71,116,83,116,94,122,170,127,215,120,193,138,330,269,463,345,512,430,669,499,572,501,718,776,834,1000,971,874,506,543,503,672,669,595,296,332,184,275,368,398,529,322,340,127,196,98,164,77,171,100,104,66,84,55,77,62,52,41,60,59,52,61,56
64,170,1,2,119,0,1953125,12,0,0,0.99,0,0,NaN,0,0,143,210,152,214,153,218,161,228,155,224,161,231,150,226,147,225,149,212,141,210,141,196,137,196,150,188,140,205,167,258,149,227,171,283,202,441,244,525,285,550,404,621,321,574,455,802,540,1000,696,885,308,558,335,685,426,618,131,384,108,355,135,503,306,396,257,239,176,218,144,233,151,224,164,213,146,218,142,217,146,209,130,217,122,206,115
64,170,1,2,119,0,1953125,12,0,0,0.99,0,0,NaN,0,0,149,216,154,219,158,226,162,234,160,232,163,234,154,235,149,228,151,220,143,216,140,204,142,202,151,192,146,211,168,259,157,234,171,286,201,452,239,536,300,576,420,637,347,612,478,835,546,1000,675,875,301,587,340,705,437,633,123,402,111,388,149,503,304,382,250,242,173,223,145,243,155,226,168,220,150,223,142,222,147,215,130,225,123,212,117
64,170,1,2,119,0,1953125,12,0,0,0.99,0,0,NaN,0,0,145,217,152,221,156,228,158,235,156,233,161,239,149,238,145,231,146,223,139,221,134,206,136,205,142,197,142,221,155,266,146,246,160,297,181,467,216,539,279,587,397,637,327,627,460,845,534,1000,668,846,274,580,309,676,434,642,159,428,94,413,172,499,320,363,259,228,175,220,158,238,166,221,173,219,153,221,145,223,150,212,129,224,125,212,118
64,170,1,2,119,0,1953125,12,0,0,0.99,0,0,NaN,0,0,148,214,156,223,158,228,161,239,159,234,161,240,152,238,143,233,148,225,138,219,137,211,135,203,149,201,140,214,174,262,174,235,181,287,230,448,290,538,348,562,468,610,388,589,532,820,586,1000,679,861,272,558,396,705,460,688,104,438,171,413,176,522,240,405,185,252,131,242,119,253,120,241,159,223,152,225,151,223,156,209,152,219,140,204,141
64,170,1,2,119,0,1953125,12,0,0,0.99,0,0,NaN,0,0,186,219,201,231,203,227,219,238,218,227,222,234,225,221,219,219,221,199,220,189,221,180,215,157,242,159,226,135,309,162,326,123,321,145,432,291,548,394,601,384,744,451,651,384,802,651,909,951,1000,885,518,405,666,587,704,629,236,357,364,265,399,536,305,515,36,314,140,262,187,255,161,254,205,215,225,201,234,198,233,173,241,173,228,166,219
64,170,1,2,119,0,1953125,12,0,0,0.99,0,0,NaN,0,0,153,212,160,214,163,221,169,230,160,227,166,232,156,230,151,225,153,216,143,212,141,199,140,198,152,190,143,209,158,266,139,240,161,295,181,455,216,539,261,570,383,637,298,600,440,836,527,1000,687,877,298,558,316,688,430,632,159,389,71,366,155,511,346,388,281,236,190,218,160,238,170,225,177,215,157,223,147,224,146,217,133,224,125,215,118
64,170,1,2,119,0,1953125,12,0,0,0.99,0,0,NaN,0,0,151,205,158,211,158,218,167,224,161,222,168,228,156,225,153,219,154,208,146,207,142,197,141,193,152,185,144,201,162,256,143,230,165,285,190,443,224,525,267,553,385,619,308,579,444,816,531,1000,688,877,303,553,312,668,411,614,140,392,92,364,153,512,326,393,265,241,180,221,151,239,160,227,169,217,151,222,141,220,142,214,127,221,121,212,116
64,170,1,2,119,0,1953125,12,0,0,0.99,0,0,NaN,0,0,177,201,188,203,191,208,201,213,195,211,203,216,198,208,191,207,196,190,194,184,189,174,190,160,207,158,193,160,243,206,245,173,249,214,323,374,376,465,430,477,561,549,488,509,626,759,693,1000,767,892,341,523,458,663,488,639,69,419,228,368,228,565,244,486,141,315,102,277,100,282,94,272,140,245,145,238,147,236,153,214,149,224,137,216,132
64,170,1,2,119,0,1953125,12,0,0,0.99,0,0,NaN,0,0,153,208,161,212,163,216,170,224,165,221,170,228,159,224,157,220,159,209,151,206,147,194,150,191,159,182,154,199,170,251,160,227,179,275,209,440,240,524,294,553,406,618,338,592,474,820,541,1000,684,878,303,562,313,696,434,652,110,405,117,386,161,523,315,405,252,253,169,234,141,250,152,234,164,224,147,227,139,225,140,216,127,226,121,216,114
64,170,1,2,119,0,1953125,12,0,0,0.98,0,0,NaN,0,0,84,45,87,41,92,31,89,31,92,31,82,47,83,49,74,61,74,73,85,82,86,83,98,93,113,86,117,81,196,90,236,73,206,106,328,280,437,374,477,453,620,542,534,541,671,810,771,1000,953,867,510,515,452,625,659,555,303,286,234,248,420,370,531,326,309,158,172,137,136,114,147,134,76,95,64,81,55,80,35,56,41,71,42,62,48
64,170,1,2,119,0,1953125,12,0,0,0.99,0,0,NaN,0,0,165,215,174,218,177,225,182,234,179,228,186,233,179,231,171,224,177,211,169,207,167,196,166,187,182,183,170,198,202,245,198,223,209,272,250,434,296,529,352,549,472,614,403,591,543,823,580,1000,690,900,305,589,387,718,443,675,82,445,152,412,165,539,266,435,210,280,143,264,127,273,133,258,158,241,147,238,145,239,147,222,135,236,128,224,124
64,170,1,2,119,0,1953125,12,0,0,0.99,0,0,NaN,0,0,153,221,165,229,165,232,172,243,167,238,173,244,168,241,158,237,165,222,158,216,157,210,151,198,173,198,160,204,208,250,213,222,221,272,283,421,350,522,403,524,525,594,449,547,597,794,638,1000,733,909,318,542,454,694,460,676,79,442,224,386,210,551,222,450,141,280,121,253,121,265,112,255,161,228,166,228,169,221,172,208,173,212,160,202,161
64,170,1,2,119,0,1953125,12,0,0,0.99,0,0,NaN,0,0,179,205,191,207,193,210,203,219,197,217,207,218,200,215,195,209,198,193,197,188,193,173,192,161,207,160,193,163,246,210,250,179,256,222,322,378,393,479,439,479,572,560,491,507,638,758,687,1000,789,928,355,515,459,663,493,675,91,438,220,365,224,573,252,501,138,321,102,283,102,288,92,280,138,252,145,240,146,240,154,222,152,226,141,219,132
64,170,1,2,119,0,1953125,12,0,0,0.98,0,0,NaN,0,0,8,88,11,89,21,84,29,81,31,75,41,72,40,76,45,73,38,89,44,95,39,110,32,125,39,128,7,158,75,192,113,190,103,218,227,331,405,356,441,431,608,468,546,443,696,670,835,842,1000,775,553,408,521,566,611,547,214,362,152,275,285,473,437,369,292,173,185,104,151,94,175,73,134,37,100,25,96,25,70,18,72,34,66,45,60
64,170,1,2,119,0,1953125,12,0,0,0.99,0,0,NaN,0,0,198,144,207,146,207,152,221,147,216,151,223,149,221,139,220,142,207,132,207,133,200,129,185,140,188,136,180,142,226,135,256,168,237,175,330,226,476,232,489,327,605,351,550,365,672,536,827,573,1000,480,629,237,590,365,722,279,382,84,313,71,464,210,510,232,319,147,237,129,252,113,255,125,226,141,218,130,221,137,210,133,208,128,210,116,196
64,170,1,2,119,0,1953125,12,0,0,0.99,0,0,NaN,0,0,227,209,235,209,240,210,255,219,250,210,261,214,255,202,254,205,249,177,256,172,249,156,244,139,263,139,243,127,321,152,333,117,332,145,435,297,540,411,587,396,748,487,665,418,822,705,906,1000,999,957,519,469,640,625,653,638,181,427,336,323,368,604,312,570,53,379,88,321,135,315,116,311,162,269,188,252,197,250,199,223,207,229,196,222,187
64,170,1,2,119,0,1953125,12,0,0,0.99,0,0,NaN,0,0,212,203,224,207,228,207,242,214,236,210,247,212,243,201,239,201,238,179,242,173,236,158,232,142,250,140,236,131,303,159,318,126,315,156,417,312,514,420,563,412,717,503,643,444,790,711,867,1000,963,953,501,492,590,632,619,642,164,453,314,343,356,599,297,555,59,366,81,312,123,306,104,302,150,264,176,245,184,245,189,218,194,220,182,217,174
64,170,1,2,119,0,1953125,12,0,0,0.99,0,0,NaN,0,0,156,208,164,207,168,215,173,222,170,218,177,222,164,224,160,218,161,205,157,203,153,189,158,183,168,176,159,193,186,246,180,219,193,269,233,429,271,522,321,538,447,620,379,584,513,815,567,1000,708,916,326,554,330,684,431,662,100,430,125,394,174,543,302,436,227,270,153,245,128,260,135,247,154,228,142,229,136,227,140,214,126,225,118,217,114
64,170,1,2,119,0,1953125,12,0,0,0.98,0,0,NaN,0,0,9,86,12,89,21,81,26,78,31,73,36,70,40,75,42,73,41,89,43,94,37,108,30,125,37,127,7,156,74,189,116,192,96,208,232,325,402,347,441,425,606,465,562,455,709,681,841,851,1000,778,560,411,497,559,613,573,200,368,180,302,305,473,446,371,296,168,191,103,156,95,179,73,135,39,105,27,101,34,77,21,73,34,68,51,65
64,170,1,2,119,0,1953125,12,0,0,0.99,0,0,NaN,0,0,153,226,157,229,162,239,166,245,160,243,164,250,152,249,146,243,147,234,133,232,128,221,127,220,138,211,127,240,122,294,109,277,132,330,124,491,172,576,212,613,345,678,266,649,412,880,500,1000,736,890,352,566,269,710,486,689,206,409,29,395,209,490,400,354,323,203,217,201,195,229,210,213,203,214,179,220,168,226,165,218,142,229,144,216,132
64,170,1,2,119,0,1953125,12,0,0,0.99,0,0,NaN,0,0,153,226,157,229,162,239,166,245,160,243,164,250,152,249,146,243,147,234,133,232,128,221,127,220,138,211,127,240,122,294,109,277,132,330,124,491,172,576,212,613,345,678,266,649,412,880,500,1000,736,890,352,566,269,710,486,689,206,409,29,395,209,490,400,354,323,203,217,201,195,229,210,213,203,214,179,220,168,226,165,218,142,229,144,216,132
64,170,1,2,119,0,1953125,12,0,0,0.99,0,0,NaN,0,0,153,211,161,215,164,222,169,229,164,226,171,231,161,231,154,224,159,211,152,210,146,198,148,191,160,185,148,204,171,259,164,235,181,283,210,441,242,529,284,551,412,628,329,570,460,806,537,1000,715,912,323,519,284,668,420,688,123,406,104,363,144,526,322,427,259,252,175,227,147,249,153,238,171,220,154,224,145,226,146,215,132,224,127,214,120
64,170,1,2,119,0,1953125,12,0,0,0.98,0,0,NaN,0,0,70,58,72,54,77,41,79,43,78,35,73,49,73,52,69,61,56,75,70,88,66,93,77,105,90,97,98,102,172,107,222,96,200,115,321,265,456,349,474,406,635,509,534,474,660,760,778,994,999,919,547,468,407,620,630,604,290,284,131,219,369,388,552,346,348,159,190,122,153,94,165,123,100,87,77,75,64,71,46,55,46,64,48,63,51
64,170,1,2,119,0,1953125,12,0,0,0.98,0,0,NaN,0,0,81,41,83,37,88,25,84,24,86,26,76,42,79,46,70,53,67,65,82,74,85,78,94,83,111,77,119,69,190,77,234,67,201,102,321,287,430,384,453,445,608,555,520,530,638,803,763,1000,989,914,582,497,442,623,658,553,294,245,180,195,407,378,551,363,335,198,174,160,132,129,138,150,74,107,57,93,47,87,36,67,34,73,39,67,53
64,170,1,2,119,0,1953125,12,0,0,0.98,0,0,NaN,0,0,45,74,44,79,33,78,30,77,28,76,34,65,44,72,48,56,66,69,74,63,84,72,87,85,99,84,86,132,103,184,102,195,68,226,159,388,293,421,343,508,510,550,488,540,624,745,810,822,1000,702,603,366,526,499,669,464,247,296,256,236,359,458,400,412,215,234,105,172,85,158,110,139,89,92,65,78,65,64,62,53,52,52,60,53,57
64,170,1,2,119,0,1953125,12,0,0,0.99,0,0,NaN,0,0,150,217,154,228,156,232,158,243,155,240,156,246,145,246,137,240,140,232,129,227,123,221,123,213,133,210,122,231,142,282,145,263,152,311,190,471,243,560,283,579,405,642,329,609,469,838,539,1000,703,907,307,563,320,703,425,692,99,419,103,405,165,523,280,399,220,238,148,234,133,250,136,240,162,226,147,231,146,226,149,216,142,228,131,211,132
64,170,1,2,119,0,1953125,12,0,0,0.99,0,0,NaN,0,0,150,217,154,228,156,232,158,243,155,240,156,246,145,246,137,240,140,232,129,227,123,221,123,213,133,210,122,231,142,282,145,263,152,311,190,471,243,560,283,579,405,642,329,609,469,838,539,1000,703,907,307,563,320,703,425,692,99,419,103,405,165,523,280,399,220,238,148,234,133,250,136,240,162,226,147,231,146,226,149,216,142,228,131,211,132
64,170,1,2,119,0,1953125,12,0,0,0.99,0,0,NaN,0,0,147,223,154,223,157,233,158,241,156,239,159,243,147,243,143,237,143,227,132,224,128,214,126,215,133,202,127,232,126,285,116,274,130,318,142,483,185,561,224,601,354,670,278,634,408,862,511,1000,730,909,367,567,270,681,426,652,184,386,14,366,186,498,380,370,311,212,212,201,184,227,194,215,192,213,170,215,158,221,156,212,136,223,135,212,124
64,170,1,2,119,0,1953125,12,0,0,0.99,0,0,NaN,0,0,147,217,150,219,154,228,157,235,155,232,158,240,147,239,141,231,145,222,133,218,130,208,129,205,138,197,129,220,138,277,123,257,143,310,163,465,204,552,233,573,361,650,276,598,410,835,517,1000,729,917,370,544,276,678,408,645,158,371,54,344,156,503,362,390,299,221,201,207,169,228,177,217,185,210,160,215,153,217,151,212,131,219,127,208,122
64,170,1,2,119,0,1953125,12,0,0,0.98,0,0,NaN,0,0,80,42,83,38,88,25,83,26,87,23,72,39,78,44,72,58,65,64,81,75,84,79,96,84,110,81,118,70,190,81,235,65,201,104,322,279,428,385,458,433,605,553,512,520,639,815,774,1000,994,927,587,506,455,627,629,532,286,242,154,174,404,386,558,363,340,198,176,153,134,125,140,147,76,106,55,92,46,86,30,62,33,70,41,66,50
64,170,1,2,119,0,1953125,12,0,0,0.98,0,0,NaN,0,0,33,81,33,82,45,74,47,72,51,61,52,67,52,68,50,74,38,88,45,95,32,109,30,126,38,124,37,145,110,170,159,168,137,178,274,283,432,318,468,389,637,459,575,450,708,711,850,906,1000,842,543,461,471,592,569,573,203,347,131,284,324,456,500,354,336,142,206,84,168,70,187,71,134,44,104,32,96,43,71,26,68,45,63,54,63
64,170,1,2,119,0,1953125,12,0,0,0.98,0,0,NaN,0,0,69,58,73,54,80,45,77,44,78,37,71,49,75,54,66,63,58,78,73,88,68,95,77,106,91,102,96,102,171,106,222,100,194,114,324,265,453,348,480,408,637,507,542,493,677,783,797,999,1000,916,544,485,418,635,618,605,281,296,163,238,390,399,562,347,352,154,191,116,157,95,168,122,101,89,81,78,69,79,49,59,51,65,50,62,56
64,170,1,2,119,0,1953125,12,0,0,0.98,0,0,NaN,0,0,24,84,28,81,37,75,41,71,44,67,47,67,45,70,46,71,35,88,42,98,31,109,23,125,31,121,22,148,97,173,140,174,123,180,251,294,420,317,446,387,615,445,563,441,691,675,828,878,1000,832,561,435,442,575,580,581,186,334,127,274,292,448,473,359,324,149,198,85,159,71,180,69,135,39,105,28,96,39,73,28,70,38,64,51,62
64,170,1,2,119,0,1953125,12,0,0,0.98,0,0,NaN,0,0,48,76,52,75,62,64,63,61,65,56,64,62,60,64,56,72,47,90,55,99,44,109,46,126,59,119,62,135,140,149,190,148,169,148,303,271,457,321,492,400,659,483,600,495,732,755,852,968,1000,884,553,505,442,637,605,620,231,345,167,291,352,431,535,348,354,133,213,93,174,73,192,92,128,64,104,51,90,63,69,44,70,56,58,60,64
64,170,1,2,119,0,1953125,12,0,0,0.98,0,0,NaN,0,0,88,31,87,42,81,49,77,48,74,53,65,47,74,56,69,42,87,40,102,39,112,23,120,36,139,9,138,54,190,107,209,114,175,160,263,367,340,448,379,517,519,594,462,597,599,841,756,970,1000,834,592,453,464,579,703,526,323,247,268,191,435,379,515,389,280,214,129,174,107,153,112,166,52,115,39,101,34,91,28,69,32,75,46,68,51
64,170,1,2,119,0,1953125,12,0,0,0.98,0,0,NaN,0,0,63,53,72,47,79,34,77,31,81,24,69,39,76,41,66,47,69,54,79,63,90,52,103,60,122,45,128,35,189,73,217,78,175,129,266,337,327,423,361,488,488,572,431,560,556,791,736,897,1000,769,606,362,457,492,693,487,293,255,244,207,376,435,417,431,224,241,92,174,82,155,107,141,100,82,76,71,78,51,71,39,61,40,71,48,62
64,170,1,2,119,0,1953125,12,0,0,0.98,0,0,NaN,0,0,87,22,83,29,78,48,66,46,67,56,54,51,64,58,59,45,79,48,86,49,92,53,99,74,105,72,90,130,101,180,97,196,53,220,158,376,323,391,372,455,539,482,516,463,652,666,824,812,1000,766,571,381,451,523,582,585,197,342,140,281,284,431,449,344,317,134,191,80,163,62,179,78,121,53,97,51,80,59,61,46,53,60,53,59,50
64,170,1,2,119,0,1953125,12,0,0,0.98,0,0,NaN,0,0,88,12,84,25,83,37,73,41,70,50,57,46,68,53,62,42,77,41,93,45,102,40,103,63,113,59,100,116,118,171,115,186,73,217,158,381,301,404,345,464,508,489,478,468,624,675,811,800,1000,735,566,348,469,498,588,565,211,340,148,276,275,443,422,358,299,143,174,79,155,65,168,67,124,42,96,33,83,42,65,37,56,45,53,51,51
64,170,1,2,119,0,1953125,12,0,0,0.99,0,0,NaN,0,0,222,158,237,156,237,161,252,159,252,158,257,155,258,138,256,142,246,125,248,117,244,110,235,100,242,105,230,80,301,47,321,53,318,51,409,205,540,304,553,337,687,429,606,409,741,619,842,929,887,1000,495,468,481,648,528,634,223,325,122,370,199,583,251,543,157,322,121,274,121,285,114,274,151,248,149,242,146,245,150,226,140,241,125,228,123
64,170,1,2,119,0,1953125,12,0,0,0.98,0,0,NaN,0,0,179,96,150,143,102,148,65,138,97,63,87,33,111,73,69,38,67,101,42,145,78,165,132,93,208,167,148,230,192,286,145,128,463,141,408,277,39,452,77,325,106,239,394,403,501,699,127,403,999,511,669,743,642,665,755,330,388,454,352,358,500,327,507,424,115,203,428,68,308,130,51,282,121,179,130,83,108,105,76,108,64,105,30,41,63
64,170,1,2,119,0,1953125,12,0,0,0.98,0,0,NaN,0,0,63,55,63,67,53,63,49,67,47,67,45,58,57,63,56,46,75,50,84,46,98,46,101,55,120,53,104,98,141,152,138,158,109,193,178,380,279,433,312,492,455,549,423,543,548,751,750,867,1000,763,632,379,473,468,631,434,260,224,214,164,370,402,431,410,232,242,81,178,60,157,76,155,55,103,33,90,33,76,37,58,30,61,48,57,49
64,170,1,2,119,0,1953125,12,0,0,0.99,0,0,NaN,0,0,170,202,177,205,180,212,188,220,186,216,189,220,185,218,178,211,182,200,179,193,175,184,172,172,189,169,174,180,213,221,215,198,218,233,273,401,322,491,370,508,499,579,449,562,562,789,645,1000,738,933,360,572,370,652,409,652,35,427,151,398,186,544,251,471,181,297,123,268,115,271,108,265,145,238,141,235,139,237,142,217,134,233,123,220,119
64,170,1,2,119,0,1953125,12,0,0,0.99,0,0,NaN,0,0,142,211,149,215,153,220,157,230,154,229,156,232,147,234,140,225,142,218,133,216,129,204,131,201,137,190,131,218,139,262,135,249,148,280,167,458,198,530,239,565,355,621,303,616,414,830,532,1000,711,890,341,559,233,638,371,645,151,395,41,398,189,495,338,384,281,217,183,213,163,230,167,222,177,210,152,215,147,220,143,212,125,219,124,205,116
64,170,1,2,119,0,1953125,12,0,0,0.99,0,0,NaN,0,0,188,176,196,180,194,193,202,190,200,198,202,198,195,195,197,193,176,193,168,196,159,190,143,206,133,192,134,222,138,249,155,271,138,288,186,415,356,433,346,526,462,567,422,578,509,757,709,810,999,692,658,408,406,519,634,476,367,198,223,247,409,296,551,172,411,31,276,89,263,124,274,114,243,155,216,166,208,172,196,179,179,180,182,168,171
64,170,1,2,119,0,1953125,12,0,0,0.98,0,0,NaN,0,0,66,62,67,61,77,48,75,46,79,41,73,52,70,56,66,63,52,80,68,89,61,96,70,108,85,105,91,109,169,113,212,110,184,100,305,255,457,342,480,403,633,489,556,504,681,766,807,1000,997,936,564,513,413,623,593,618,255,301,169,254,382,387,548,343,365,156,199,120,164,91,173,121,108,85,84,75,72,76,53,58,50,69,53,65,58
64,170,1,2,119,0,1953125,12,0,0,0.99,0,0,NaN,0,0,146,207,154,212,156,217,161,226,158,224,161,228,153,226,145,221,151,210,142,207,139,197,139,190,149,184,141,205,160,251,160,233,171,269,198,440,233,517,274,547,391,606,346,604,459,815,558,1000,699,906,342,571,268,648,370,657,119,424,81,408,178,514,302,414,250,247,161,233,143,243,145,234,161,219,140,222,136,223,138,210,125,222,117,211,110
64,170,1,2,119,0,1953125,12,0,0,0.99,0,0,NaN,0,0,189,183,197,184,198,197,207,197,202,204,205,203,197,199,199,198,180,195,171,201,161,192,144,211,134,197,134,231,136,254,150,281,134,295,187,424,354,441,346,542,462,584,431,611,525,785,730,825,1000,679,640,432,421,539,629,493,380,223,258,287,434,304,558,170,416,39,277,93,269,128,278,118,247,160,222,168,211,179,202,180,183,188,185,176,174
64,170,1,2,119,0,1953125,12,0,0,0.99,0,0,NaN,0,0,167,202,181,208,181,211,189,220,185,215,189,219,186,216,179,210,184,198,178,190,179,182,176,167,192,167,179,173,221,215,230,185,232,223,286,393,341,479,389,498,515,560,475,557,587,768,657,1000,743,913,351,555,361,634,424,686,85,476,182,434,227,557,246,483,160,301,106,278,104,275,97,274,140,243,134,239,139,236,142,216,142,229,125,217,122
64,170,1,2,119,0,1953125,12,0,0,0.99,0,0,NaN,0,0,193,153,201,153,201,164,210,163,206,167,212,166,204,157,210,160,190,158,187,160,177,154,161,174,159,161,154,186,184,196,196,231,180,233,254,327,419,329,413,425,533,453,492,486,586,637,769,676,1000,530,623,299,464,415,671,387,411,145,318,191,478,223,546,149,377,67,256,83,263,92,270,90,237,132,222,134,215,143,205,147,191,147,198,136,183
64,170,1,2,119,0,1953125,12,0,0,0.99,0,0,NaN,0,0,204,168,217,172,219,172,237,174,229,169,238,172,236,154,235,160,231,136,235,130,232,117,219,105,238,110,218,79,295,70,311,48,301,54,396,173,535,271,558,267,711,332,651,307,764,513,886,786,1000,783,570,341,550,430,658,538,276,386,315,271,426,466,383,486,148,326,117,271,160,249,155,263,158,225,185,207,193,203,191,183,200,173,195,169,189
64,170,1,2,119,0,1953125,12,0,0,0.99,0,0,NaN,0,0,151,213,158,218,159,223,165,231,162,228,166,230,157,232,148,224,154,215,145,210,141,201,142,193,152,188,144,205,161,258,152,239,164,278,189,447,230,532,262,554,388,635,334,616,452,822,540,1000,704,924,347,568,276,657,381,662,151,425,37,402,174,524,312,424,263,258,173,232,156,244,157,235,173,218,151,224,143,226,144,214,125,228,124,212,115
64,170,1,2,119,0,1953125,12,0,0,0.99,0,0,NaN,0,0,154,214,163,217,165,222,173,230,169,227,171,231,165,230,158,224,162,215,154,208,150,201,149,191,161,185,153,203,174,250,170,232,181,271,208,439,255,521,291,546,413,621,370,616,490,821,562,1000,687,910,328,584,316,667,375,659,112,435,77,411,172,535,293,433,239,273,157,246,145,253,146,244,165,226,148,229,143,230,145,216,134,228,125,216,115
64,170,1,2,119,0,1953125,12,0,0,0.99,0,0,NaN,0,0,149,214,156,219,158,223,163,231,159,232,160,235,153,234,146,227,149,220,140,216,136,206,137,199,145,193,138,217,145,261,137,246,153,289,163,461,196,524,236,567,358,637,320,642,436,849,534,1000,673,859,303,577,276,674,377,648,170,430,59,430,211,509,338,384,281,236,181,226,169,237,176,224,183,216,157,221,149,223,150,214,129,227,127,212,119
64,170,1,2,119,0,1953125,12,0,0,0.99,0,0,NaN,0,0,197,214,206,214,204,234,210,231,208,238,208,239,199,236,199,232,177,232,163,235,156,225,140,241,122,232,125,268,103,303,109,325,104,347,134,509,313,535,289,632,427,683,380,713,496,908,711,978,1000,774,570,534,387,663,629,603,400,315,232,378,433,412,567,241,432,106,286,146,273,179,287,163,260,195,225,205,214,215,206,214,181,224,185,212,168
64,170,1,2,119,0,1953125,12,0,0,0.99,0,0,NaN,0,0,176,209,190,212,191,214,202,226,198,218,201,224,199,218,190,214,196,198,194,190,192,182,188,162,207,164,192,164,243,209,249,177,250,213,313,378,385,473,421,478,558,556,499,529,620,747,702,1000,788,942,367,535,417,641,454,678,78,473,179,418,245,577,249,514,136,327,101,287,103,285,93,283,141,249,145,244,151,241,153,222,154,229,140,217,137
64,170,1,2,119,0,1953125,12,0,0,0.99,0,0,NaN,0,0,218,188,234,190,236,190,252,196,246,190,257,190,254,176,251,177,246,153,250,147,249,133,236,118,256,121,237,95,310,97,333,67,319,85,419,212,549,304,586,299,738,377,691,361,818,590,927,859,1000,826,588,412,639,519,661,548,231,415,342,324,428,530,365,518,117,352,117,304,156,277,148,286,169,246,196,227,206,223,204,202,211,196,208,189,199
64,170,1,2,119,0,1953125,12,0,0,0.99,0,0,NaN,0,0,147,213,156,219,158,224,164,231,160,229,163,234,155,234,147,227,152,217,140,213,141,204,138,198,148,192,141,213,154,260,149,243,165,285,181,457,220,525,262,566,385,637,335,634,454,847,549,1000,680,870,300,584,300,703,387,659,156,441,65,439,213,526,321,399,259,249,168,236,156,244,162,231,174,221,150,225,144,227,143,213,130,228,124,214,116
64,170,1,2,119,0,1953125,12,0,0,0.99,0,0,NaN,0,0,198,173,208,174,206,191,217,186,211,194,216,193,208,188,212,189,189,188,183,192,173,182,156,200,150,193,144,220,161,242,173,271,157,281,227,398,387,410,379,517,505,554,463,585,573,753,767,768,1000,594,592,422,472,536,682,453,410,204,308,255,493,286,565,138,399,40,280,85,277,113,285,106,249,154,228,159,219,170,209,170,189,178,194,166,180
64,170,1,2,119,0,1953125,12,0,0,0.98,0,0,NaN,0,0,36,85,37,88,47,80,50,74,53,70,55,67,50,76,53,74,35,95,45,102,31,114,26,132,36,131,33,161,113,183,152,193,137,173,265,305,458,325,482,418,663,463,599,486,739,710,870,928,1000,811,488,433,464,620,622,688,276,433,203,379,379,482,493,361,340,142,202,90,181,75,201,78,141,44,114,35,100,44,80,33,70,45,67,53,64
64,170,1,2,119,0,1953125,12,0,0,0.98,0,0,NaN,0,0,32,86,33,86,45,78,46,74,51,69,53,66,46,74,51,72,37,94,46,97,31,114,23,128,33,127,27,157,107,184,144,189,135,181,251,303,446,328,465,399,643,450,564,448,709,680,837,884,1000,818,486,395,464,604,616,683,274,412,166,338,345,476,481,364,329,144,195,85,168,74,192,77,139,39,112,28,99,39,78,28,68,41,63,50,63
64,170,1,2,119,0,1953125,12,0,0,0.98,0,0,NaN,0,0,45,81,47,82,57,72,62,69,64,60,64,67,60,71,58,74,41,95,55,102,41,116,38,128,45,127,52,148,128,171,179,172,161,168,286,285,463,330,488,400,665,471,581,465,725,721,846,925,1000,865,498,437,472,639,607,673,295,422,174,319,354,464,516,354,344,139,211,86,175,68,193,79,135,50,104,40,93,48,69,36,69,48,59,53,60
64,170,1,2,119,0,1953125,12,0,0,0.98,0,0,NaN,0,0,39,79,42,80,52,71,52,69,57,60,58,65,53,66,50,70,36,89,48,95,32,110,31,125,38,123,45,144,116,166,165,169,151,169,268,282,447,322,466,381,638,451,550,431,694,691,827,901,1000,857,498,412,484,624,595,645,269,385,123,288,328,461,506,361,349,147,205,79,167,69,189,77,134,49,105,37,93,46,69,35,67,46,61,54,59
64,170,1,2,119,0,1953125,12,0,0,0.98,0,0,NaN,0,0,27,83,30,87,43,77,46,74,48,67,51,69,49,74,52,72,38,92,47,97,29,110,27,123,32,129,27,150,100,179,149,180,128,189,256,298,424,324,456,395,635,467,574,453,704,693,853,890,1000,835,531,427,515,628,603,614,234,397,142,302,322,479,491,374,340,165,205,93,168,79,188,73,138,39,103,29,97,38,75,29,69,42,65,54,60
64,170,1,2,119,0,1953125,12,0,0,0.98,0,0,NaN,0,0,71,58,69,65,62,67,56,68,54,71,53,62,63,67,64,47,81,51,94,47,105,42,112,52,128,46,120,93,160,151,167,159,133,201,206,387,292,447,337,522,491,595,443,584,588,809,773,893,1000,746,561,383,516,545,691,489,336,306,286,224,440,435,469,410,241,239,92,186,75,169,86,168,51,113,29,99,33,84,34,63,30,67,49,55,50
64,170,1,2,119,0,1953125,12,0,0,0.98,0,0,NaN,0,0,29,84,32,84,42,75,46,74,49,64,52,68,47,71,49,74,36,92,47,100,33,113,24,126,33,127,30,152,105,182,150,182,132,186,263,299,439,325,465,400,643,461,570,450,707,693,844,890,1000,823,486,388,480,607,594,639,252,409,155,316,338,482,497,367,335,153,202,84,165,77,189,76,141,40,105,29,99,38,72,28,71,45,65,54,64
64,170,1,2,119,0,1953125,12,0,0,0.98,0,0,NaN,0,0,31,85,28,84,44,77,44,74,47,65,48,66,45,71,48,73,37,93,44,98,30,112,24,124,30,127,25,152,98,181,146,182,130,188,255,298,430,327,460,399,636,464,567,447,704,692,844,882,1000,821,499,396,483,599,582,617,238,400,150,308,327,478,487,361,329,158,201,85,164,77,187,73,135,43,106,28,98,36,71,28,71,39,64,49,60
64,170,1,2,119,0,1953125,12,0,0,0.98,0,0,NaN,0,0,32,85,32,86,44,80,48,75,51,68,51,68,52,76,54,75,36,93,45,99,31,117,26,129,34,132,29,158,104,186,148,189,132,188,266,305,439,327,470,410,645,462,578,463,729,709,860,895,1000,805,479,401,499,610,594,637,245,416,166,326,343,485,491,363,325,148,198,85,169,81,191,72,136,36,106,27,97,34,72,25,71,36,65,49,58
64,170,1,2,119,0,1953125,12,0,0,0.98,0,0,NaN,0,0,31,83,31,84,43,75,46,73,50,65,50,65,47,70,47,71,35,89,44,96,28,113,24,121,29,125,29,151,102,180,149,178,131,185,262,293,431,324,466,397,635,456,566,445,701,693,843,890,999,820,483,374,470,599,600,639,244,396,137,301,327,483,493,365,331,153,203,85,164,75,187,69,136,40,104,28,98,39,73,26,70,39,64,51,60
64,170,1,2,119,0,1953125,12,0,0,0.98,0,0,NaN,0,0,9,88,12,89,21,84,28,83,34,75,38,72,39,76,43,71,40,91,48,96,42,108,31,122,41,123,9,160,73,200,105,201,88,214,218,334,394,352,430,434,608,479,559,465,695,681,845,839,1000,752,508,339,481,557,617,615,243,405,175,319,316,490,438,386,289,178,177,110,146,101,171,80,133,39,102,30,96,28,73,21,68,31,65,45,58
64,170,1,2,119,0,1953125,12,0,0,0.98,0,0,NaN,0,0,9,88,12,89,21,84,28,83,34,75,38,72,39,76,43,71,40,91,48,96,42,108,31,122,41,123,9,160,73,200,105,201,88,214,218,334,394,352,430,434,608,479,559,465,695,681,845,839,1000,752,508,339,481,557,617,615,243,405,175,319,316,490,438,386,289,178,177,110,146,101,171,80,133,39,102,30,96,28,73,21,68,31,65,45,58
64,170,1,2,119,0,1953125,12,0,0,0.98,0,0,NaN,0,0,68,69,69,69,76,54,76,52,78,46,71,55,70,59,64,69,52,86,65,95,56,105,64,118,77,118,86,125,169,135,216,132,196,127,322,267,481,347,513,423,682,518,591,523,738,796,833,998,1000,898,478,469,439,672,646,682,315,377,207,303,419,439,571,345,362,142,217,108,177,90,191,118,118,83,96,72,82,76,57,56,62,66,54,60,62
64,170,1,2,119,0,1953125,12,0,0,0.98,0,0,NaN,0,0,55,78,58,77,67,68,69,62,72,56,67,63,63,67,59,72,44,94,56,102,43,113,47,128,57,127,65,145,148,165,200,162,178,151,310,277,480,339,519,423,697,506,613,505,759,766,853,963,1000,881,480,450,458,656,631,693,300,417,201,327,387,461,548,350,360,132,221,93,184,73,200,93,135,64,103,53,94,62,71,42,66,58,60,57,59
64,170,1,2,119,0,1953125,12,0,0,0.99,0,0,NaN,0,0,205,149,220,152,220,155,236,155,234,151,239,154,237,138,239,141,224,134,219,136,215,127,201,140,195,136,194,153,229,168,257,196,239,210,320,287,465,318,481,396,598,438,534,437,640,611,796,599,1000,506,606,302,516,439,714,354,409,107,298,105,463,189,532,133,349,86,245,118,249,118,254,131,219,169,203,171,204,178,188,182,184,178,181,165,169
64,170,1,2,119,0,1953125,12,0,0,0.99,0,0,NaN,0,0,205,149,220,152,220,155,236,155,234,151,239,154,237,138,239,141,224,134,219,136,215,127,201,140,195,136,194,153,229,168,257,196,239,210,320,287,465,318,481,396,598,438,534,437,640,611,796,599,1000,506,606,302,516,439,714,354,409,107,298,105,463,189,532,133,349,86,245,118,249,118,254,131,219,169,203,171,204,178,188,182,184,178,181,165,169
64,170,1,2,119,0,1953125,12,0,0,1,0,0,NaN,0,0,194,237,185,255,195,260,185,275,189,279,177,280,180,287,158,273,163,272,157,256,156,258,150,235,171,245,168,235,250,265,285,240,286,273,388,416,521,518,567,516,724,597,653,518,797,790,879,1000,924,951,461,457,653,642,570,672,178,425,301,346,334,542,216,462,61,272,190,221,221,219,196,222,249,183,266,170,271,168,266,150,263,159,244,158,229
64,170,1,2,119,0,1953125,12,0,0,0.99,0,0,NaN,0,0,165,234,176,242,179,241,188,257,182,250,186,257,184,248,175,247,179,229,179,222,174,215,169,198,193,200,179,198,239,247,250,210,256,258,319,410,413,503,447,507,595,592,524,534,666,791,723,999,790,938,334,466,499,639,458,687,74,468,190,402,240,585,228,496,102,308,121,272,138,271,125,266,178,230,190,225,196,220,196,199,200,205,189,194,186
64,170,1,2,119,0,1953125,12,0,0,0.99,0,0,NaN,0,0,216,222,228,225,235,231,248,237,240,232,251,231,245,224,241,220,241,201,243,193,237,180,233,160,253,161,236,154,303,188,325,153,316,198,397,352,507,464,556,457,710,549,633,497,788,767,847,1000,922,984,451,470,581,639,551,718,158,525,233,423,309,629,287,578,70,381,85,331,125,320,106,320,160,278,181,259,192,259,193,234,195,240,189,230,180
64,170,1,2,119,0,1953125,12,0,0,0.99,0,0,NaN,0,0,189,244,206,249,210,246,226,256,224,248,229,253,225,246,223,239,224,220,227,209,228,200,220,176,242,180,229,163,308,188,339,152,330,185,429,332,555,435,600,431,762,520,686,453,832,731,926,971,1000,948,518,439,665,599,611,667,228,481,306,372,390,588,313,538,39,344,129,293,178,282,157,281,200,237,227,218,238,216,233,189,245,191,235,180,223
64,170,1,2,119,0,1953125,12,0,0,0.99,0,0,NaN,0,0,229,213,242,216,246,216,263,220,259,212,267,217,261,203,260,207,256,180,261,174,255,159,248,141,266,143,248,123,324,142,345,107,335,142,427,273,558,387,597,376,763,469,687,404,838,677,918,922,1000,914,517,402,663,580,615,624,226,476,290,359,378,586,329,560,65,377,102,325,152,310,134,310,172,271,200,249,206,249,209,222,219,220,213,212,200
64,170,1,2,119,0,1953125,12,0,0,0.99,0,0,NaN,0,0,159,234,167,243,167,245,173,259,170,250,173,260,166,255,155,251,160,240,152,235,151,226,143,215,163,214,151,224,192,277,195,248,202,300,245,448,329,554,356,560,491,645,422,590,558,838,622,1000,720,953,311,556,435,713,391,676,42,448,127,395,163,555,223,448,165,292,136,255,134,266,134,254,175,230,174,232,173,229,179,216,171,224,164,209,164
64,170,1,2,119,0,1953125,12,0,0,0.99,0,0,NaN,0,0,197,247,210,256,214,252,231,265,228,257,236,259,234,248,229,247,232,223,234,214,232,204,225,182,251,181,238,166,314,192,340,157,331,192,427,332,561,441,602,434,769,526,702,467,854,749,944,983,1000,955,548,470,705,636,635,648,221,450,323,355,382,585,301,531,28,346,142,290,189,278,164,281,214,238,237,216,247,215,244,189,254,194,241,184,234
64,170,1,2,119,0,1953125,12,0,0,0.99,0,0,NaN,0,0,171,234,183,242,185,242,196,254,192,249,195,253,193,248,186,245,189,226,192,216,190,210,184,191,208,189,196,185,258,226,278,191,277,236,351,388,457,484,498,487,647,569,578,523,730,794,809,1000,858,952,422,506,581,671,518,690,149,478,259,392,301,580,233,498,49,321,111,280,142,276,126,270,180,232,198,223,206,221,206,198,212,201,200,189,198
64,170,1,2,119,0,1953125,12,0,0,0.99,0,0,NaN,0,0,195,141,211,147,210,144,226,146,226,139,230,140,230,124,229,127,220,116,217,112,216,105,203,112,202,114,199,119,239,121,269,151,250,158,340,219,483,239,504,329,610,362,570,368,676,548,835,573,1000,490,627,255,555,389,690,324,402,112,327,77,472,189,508,175,313,109,233,119,239,109,242,127,214,152,203,151,207,155,191,157,193,156,186,144,175
64,170,1,2,119,0,1953125,12,0,0,0.99,0,0,NaN,0,0,220,185,229,186,233,186,250,187,248,181,253,182,249,173,249,174,244,147,250,141,244,129,235,113,252,113,238,90,306,80,333,64,322,70,421,187,549,280,585,277,732,359,660,303,804,562,916,787,1000,795,550,290,629,471,670,566,299,376,322,263,423,487,374,498,127,334,128,281,175,262,157,272,173,234,199,212,208,212,205,186,214,183,213,174,200
64,170,1,2,119,0,1953125,12,0,0,0.99,0,0,NaN,0,0,178,221,186,224,191,229,201,237,193,236,200,239,192,235,190,229,190,213,191,210,184,195,185,186,199,177,193,187,232,235,238,209,243,255,290,406,357,508,399,519,535,614,458,563,600,816,667,1000,760,963,340,543,443,685,415,704,94,503,136,400,194,580,249,496,161,331,118,286,117,290,114,281,151,253,158,247,154,245,160,231,152,235,144,228,137
64,170,1,2,119,0,1953125,12,0,0,0.99,0,0,NaN,0,0,190,222,198,224,204,229,215,239,210,233,219,236,211,231,207,227,208,210,210,202,204,189,202,178,221,169,207,175,255,218,264,186,268,235,322,387,411,496,453,501,596,588,526,545,670,804,727,1000,794,955,371,533,507,697,474,714,111,510,184,414,230,592,239,519,122,347,99,303,109,303,102,297,150,263,162,252,163,255,167,233,170,234,154,229,150
64,170,1,2,119,0,1953125,12,0,0,0.99,0,0,NaN,0,0,192,244,208,250,214,247,231,258,225,252,234,256,231,247,227,243,229,220,233,209,232,198,223,176,245,174,237,156,312,180,338,142,334,179,429,313,565,422,608,412,763,492,684,428,847,725,947,951,1000,925,538,438,714,617,640,651,252,442,339,346,397,564,305,522,46,335,149,285,191,273,172,275,209,232,235,218,242,213,248,186,254,185,240,177,233
64,170,1,2,119,0,1953125,12,0,0,0.99,0,0,NaN,0,0,90,21,86,9,87,9,84,16,81,22,78,34,70,52,81,57,59,76,71,78,71,95,85,96,83,104,105,127,150,174,201,157,193,181,299,319,490,383,506,428,661,494,598,465,745,726,878,876,1000,833,552,466,586,649,576,591,191,358,165,297,297,431,377,275,212,98,93,59,66,81,91,44,41,71,37,75,52,66,44,69,65,58,52,48,46
64,170,1,2,119,0,1953125,12,0,0,0.99,0,0,NaN,0,0,220,171,233,172,236,173,252,175,250,170,257,172,253,158,254,159,247,135,252,128,244,119,235,105,250,107,237,82,304,51,327,57,309,39,420,148,555,222,588,241,730,303,681,289,831,541,943,732,1000,690,590,274,670,432,685,481,315,336,372,234,465,441,401,453,166,304,160,259,200,243,182,249,188,219,207,194,218,196,214,173,221,167,217,159,208
64,170,1,2,119,0,1953125,12,0,0,0.99,0,0,NaN,0,0,185,242,197,251,203,248,216,261,214,254,217,257,216,251,212,246,216,226,215,215,214,205,212,184,232,184,222,169,296,198,314,164,314,199,409,353,530,457,582,459,724,533,652,494,822,771,909,1000,959,960,512,504,645,660,610,724,223,486,329,401,395,592,290,529,22,342,127,294,167,285,148,285,193,239,218,224,228,220,230,196,230,200,222,186,216
64,170,1,2,119,0,1953125,12,0,0,0.99,0,0,NaN,0,0,230,216,242,217,246,221,262,224,258,222,268,220,263,213,260,210,257,184,261,177,253,164,247,146,265,144,253,122,327,142,344,107,341,140,433,279,562,389,605,382,761,472,673,407,840,702,941,946,1000,933,528,423,662,596,643,692,250,479,317,366,406,593,331,571,67,384,107,326,155,316,134,319,171,276,200,255,208,253,211,231,215,222,207,217,200
64,170,1,2,119,0,1953125,12,0,0,0.99,0,0,NaN,0,0,211,152,221,153,222,156,237,155,235,153,242,150,240,137,240,138,230,121,234,115,231,105,220,101,226,102,217,85,282,38,310,74,293,43,393,107,530,170,562,208,689,263,632,232,761,472,896,624,1000,623,608,204,619,344,666,399,346,262,335,158,462,360,440,392,225,264,176,222,208,201,198,213,192,192,203,172,215,171,203,149,212,144,211,134,202
64,170,1,2,119,0,1953125,12,0,0,0.99,0,0,NaN,0,0,204,215,213,217,216,222,231,227,227,222,233,226,228,219,225,217,224,193,230,188,222,175,215,159,239,154,227,148,289,187,299,149,298,192,376,345,473,448,516,451,663,550,587,486,738,770,831,1000,893,969,444,514,560,648,530,693,153,507,251,409,323,611,274,554,82,377,74,318,111,310,96,305,144,269,166,254,170,251,176,228,181,231,171,223,162
64,170,1,2,119,0,1953125,12,0,0,0.99,0,0,NaN,0,0,182,222,190,223,196,229,204,235,200,232,208,239,201,233,195,228,198,210,195,206,192,194,191,181,212,174,197,180,244,229,248,195,256,245,301,400,378,501,424,517,556,603,482,560,628,820,689,1000,759,946,346,558,453,682,418,709,104,515,175,436,231,590,239,501,143,339,104,297,109,298,106,290,148,257,154,251,155,250,157,233,152,237,146,231,138
64,170,1,2,119,0,1953125,12,0,0,0.99,0,0,NaN,0,0,177,247,191,255,191,256,204,267,201,260,206,263,202,260,192,257,197,237,197,228,197,217,191,200,217,198,206,192,272,233,285,195,286,248,364,394,482,505,517,497,666,578,586,531,748,801,810,1000,862,966,445,549,597,699,519,720,168,497,262,418,305,587,223,512,43,342,112,293,148,286,136,284,184,244,206,233,215,227,216,203,224,209,208,197,204
64,170,1,2,119,0,1953125,12,0,0,0.99,0,0,NaN,0,0,213,153,228,157,228,162,238,163,240,161,240,162,241,151,238,154,226,152,214,153,211,147,197,162,185,163,186,185,202,208,231,230,213,258,289,349,434,387,448,477,544,508,503,510,614,708,798,696,1000,584,631,409,508,511,674,381,396,169,286,195,457,232,532,92,369,61,259,120,249,137,256,139,224,180,201,189,201,195,183,200,170,203,167,187,158
64,170,1,2,119,0,1953125,12,0,0,0.99,0,0,NaN,0,0,202,255,220,258,222,259,239,272,234,262,241,268,239,256,233,255,232,230,239,223,235,213,228,191,254,186,243,170,320,198,343,159,340,202,434,343,570,453,617,442,767,521,684,465,863,765,956,991,1000,968,545,481,704,638,613,684,225,463,326,386,398,599,292,548,30,364,142,305,191,292,174,290,216,250,236,231,248,229,247,201,261,202,244,194,238
64,170,1,2,119,0,1953125,12,0,0,0.99,0,0,NaN,0,0,193,208,210,215,211,212,231,219,230,210,235,212,233,199,234,197,232,172,238,165,234,154,228,133,245,130,237,105,309,98,336,73,327,85,428,191,569,284,607,279,740,349,680,300,833,564,939,755,1000,740,588,310,687,447,645,501,297,330,351,245,451,454,367,446,145,295,171,245,211,227,196,232,211,202,231,180,242,179,234,157,243,153,234,145,223
64,170,1,2,119,0,1953125,12,0,0,0.99,0,0,NaN,0,0,175,246,189,251,191,253,200,268,194,260,201,265,197,258,187,257,194,238,190,234,188,223,182,205,209,200,195,201,254,246,263,212,267,266,335,408,440,516,475,510,618,601,543,546,702,814,761,1000,807,946,383,538,542,682,461,687,102,478,225,417,266,588,205,498,76,335,118,288,143,285,135,279,185,242,201,237,206,231,209,209,214,213,198,203,196
64,170,1,2,119,0,1953125,12,0,0,0.99,0,0,NaN,0,0,92,20,88,10,87,8,89,17,83,16,82,30,73,50,86,52,64,68,82,67,85,83,99,84,99,89,122,112,174,155,229,140,215,161,330,313,524,389,535,432,680,499,614,485,768,763,898,920,999,863,546,512,560,673,586,611,180,340,171,332,328,426,402,258,239,74,110,45,89,65,102,32,52,64,57,63,64,59,57,62,64,50,59,43,52
64,170,1,2,119,0,1953125,12,0,0,0.99,0,0,NaN,0,0,73,54,78,44,72,47,77,38,70,46,72,44,63,69,67,65,48,87,46,94,48,106,46,119,49,116,60,154,116,187,161,187,156,198,276,338,469,384,494,439,638,479,588,455,731,711,881,849,1000,807,549,429,555,590,578,599,197,358,161,322,312,463,385,318,237,136,121,81,97,86,113,51,76,49,54,59,66,48,54,53,58,47,62,45,49
64,170,1,2,119,0,1953125,12,0,0,0.99,0,0,NaN,0,0,73,54,78,44,72,47,77,38,70,46,72,44,63,69,67,65,48,87,46,94,48,106,46,119,49,116,60,154,116,187,161,187,156,198,276,338,469,384,494,439,638,479,588,455,731,711,881,849,1000,807,549,429,555,590,578,599,197,358,161,322,312,463,385,318,237,136,121,81,97,86,113,51,76,49,54,59,66,48,54,53,58,47,62,45,49
64,170,1,2,119,0,1953125,12,0,0,0.99,0,0,NaN,0,0,76,51,84,36,77,41,81,35,73,41,74,43,69,66,70,67,56,85,53,91,62,106,63,115,68,111,83,148,135,190,188,185,183,197,305,343,499,399,525,446,672,502,618,468,755,740,896,888,1000,849,546,474,561,640,574,610,188,340,140,305,305,418,395,250,236,73,109,38,87,56,100,27,55,56,53,58,66,42,59,55,75,40,60,40,49
64,170,1,2,119,0,1953125,12,0,0,0.99,0,0,NaN,0,0,62,71,56,72,51,70,53,71,49,63,56,65,59,61,82,59,77,41,103,41,110,38,122,33,134,40,140,55,213,129,246,109,215,181,312,369,458,490,461,528,600,627,512,594,657,879,797,999,974,894,557,525,514,647,638,527,300,233,232,208,431,338,456,267,219,112,100,69,102,47,86,61,63,15,87,18,82,25,73,29,75,47,56,40,48
64,170,1,2,119,0,1953125,12,0,0,0.99,0,0,NaN,0,0,160,233,174,244,173,245,183,258,176,251,182,259,177,253,165,250,173,235,169,229,166,220,161,207,185,204,172,207,223,254,229,223,232,276,289,429,382,529,415,528,549,611,484,572,629,822,690,999,751,942,340,545,468,672,411,668,45,458,169,415,216,569,203,473,123,313,117,273,130,272,127,265,175,232,183,230,186,226,189,209,187,213,178,203,174
64,170,1,2,119,0,1953125,12,0,0,0.99,0,0,NaN,0,0,39,78,46,72,44,72,44,66,44,66,41,66,45,76,44,80,36,85,35,98,34,107,24,122,23,127,17,164,67,221,103,215,82,256,203,407,381,463,414,496,553,533,525,496,684,725,853,800,1000,722,568,379,586,531,601,517,212,305,204,275,317,440,314,307,152,140,52,85,29,97,53,63,29,68,4,81,17,68,21,70,33,57,42,48,36
64,170,1,2,119,0,1953125,12,0,0,0.99,0,0,NaN,0,0,68,50,66,46,65,46,65,44,60,49,61,51,53,69,56,68,35,85,35,93,34,110,26,118,23,125,28,159,77,214,114,208,105,238,213,389,400,438,423,484,565,513,528,489,680,709,850,802,1000,722,570,373,569,517,591,492,205,294,209,269,324,433,313,317,142,149,39,93,10,103,40,71,22,68,11,79,11,68,18,77,35,64,34,54,31
64,170,1,2,119,0,1953125,12,0,0,0.99,0,0,NaN,0,0,192,204,209,209,211,204,229,214,225,207,230,207,233,192,230,195,227,171,232,163,230,151,220,132,240,130,234,100,304,97,329,73,317,83,420,200,568,291,596,282,735,354,676,307,816,553,923,766,1000,753,586,315,655,437,642,498,259,344,322,250,433,451,361,454,136,300,157,248,203,224,189,235,203,199,227,180,238,178,229,158,235,150,230,144,219
64,170,1,2,119,0,1953125,12,0,0,0.99,0,0,NaN,0,0,224,177,238,183,236,190,248,195,245,197,246,203,238,194,237,195,221,198,201,204,199,197,179,213,163,210,161,245,147,290,170,302,150,342,211,478,367,532,357,617,461,668,430,667,546,891,754,914,1000,765,607,531,422,650,633,533,370,280,224,316,408,366,546,177,400,109,264,155,241,190,249,179,224,212,190,228,184,234,171,236,157,239,151,221,144
64,170,1,2,119,0,1953125,12,0,0,0.99,0,0,NaN,0,0,188,170,203,175,205,170,221,173,222,164,229,165,231,148,227,152,221,130,226,121,224,110,213,99,225,98,219,72,282,33,309,59,295,28,399,126,544,185,569,221,688,261,640,249,770,472,899,621,1000,581,597,191,619,334,668,378,330,243,351,142,476,325,432,351,221,223,194,189,223,164,214,180,206,166,214,149,225,150,214,140,217,130,213,125,201
64,170,1,2,119,0,1953125,12,0,0,0.99,0,0,NaN,0,0,190,220,203,230,208,225,223,234,222,226,228,228,228,218,224,217,225,193,229,182,228,172,220,152,240,150,232,127,302,138,330,108,323,132,424,258,563,358,598,346,746,424,672,369,818,627,920,860,1000,842,545,372,640,501,617,582,245,411,311,312,416,511,330,496,92,329,141,273,189,251,173,256,197,218,225,199,236,194,233,172,242,167,231,161,220
64,170,1,2,119,0,1953125,12,0,0,0.99,0,0,NaN,0,0,193,162,209,167,209,163,227,164,226,159,232,159,232,140,232,143,225,123,228,115,227,106,215,97,225,98,218,81,276,48,305,77,290,60,387,124,537,177,560,226,677,266,633,260,756,461,882,569,1000,532,632,199,626,318,663,315,355,192,339,90,463,265,447,298,251,198,209,173,229,149,222,166,210,163,216,148,224,150,211,144,211,136,209,127,195
64,170,1,2,119,0,1953125,12,0,0,0.99,0,0,NaN,0,0,62,60,64,53,62,54,62,52,56,56,59,56,48,74,52,72,33,88,31,96,32,114,17,122,18,129,16,163,68,221,104,214,89,251,195,403,381,457,407,501,548,539,521,510,676,729,847,802,1000,715,582,382,591,535,617,484,228,296,230,247,331,422,307,321,122,156,22,97,5,104,27,75,24,64,26,80,19,68,26,79,31,66,35,57,30
64,170,1,2,119,0,1953125,12,0,0,0.99,0,0,NaN,0,0,51,72,50,65,47,66,49,64,43,65,46,62,41,77,45,75,33,85,32,95,41,110,27,119,36,125,22,160,76,217,99,213,69,257,178,421,350,485,375,527,515,568,484,539,637,761,824,830,1000,721,587,391,581,521,627,454,264,268,255,213,370,403,327,316,110,160,9,94,36,102,1,77,33,57,46,73,34,63,41,70,35,61,39,53,29
64,170,1,2,119,0,1953125,12,0,0,0.99,0,0,NaN,0,0,196,147,216,152,213,149,231,149,227,145,234,146,233,127,234,132,225,118,221,114,222,106,207,111,208,113,203,115,248,109,273,141,257,141,350,198,497,225,513,301,617,330,583,344,705,528,855,560,1000,482,633,244,576,362,688,288,378,101,331,64,471,185,486,194,303,124,232,128,243,115,242,131,216,156,208,151,214,157,198,155,197,150,195,139,183
64,170,1,2,119,0,1953125,12,0,0,0.99,0,0,NaN,0,0,196,147,216,152,213,149,231,149,227,145,234,146,233,127,234,132,225,118,221,114,222,106,207,111,208,113,203,115,248,109,273,141,257,141,350,198,497,225,513,301,617,330,583,344,705,528,855,560,1000,482,633,244,576,362,688,288,378,101,331,64,471,185,486,194,303,124,232,128,243,115,242,131,216,156,208,151,214,157,198,155,197,150,195,139,183
64,170,1,2,119,0,1953125,12,0,0,0.99,0,0,NaN,0,0,43,75,53,65,47,68,49,66,45,64,40,66,46,78,46,80,36,86,40,99,40,108,31,121,35,122,30,161,75,220,102,210,66,262,180,418,345,494,377,524,513,574,485,546,649,770,822,831,999,720,581,399,589,541,659,489,299,284,280,225,379,389,319,311,111,154,23,101,41,100,12,87,31,58,49,73,38,64,42,70,41,70,40,53,37
64,170,1,2,119,0,1953125,12,0,0,0.99,0,0,NaN,0,0,194,148,210,151,210,150,226,149,228,144,231,144,234,126,233,127,225,114,223,109,223,99,209,104,212,106,206,102,254,92,282,123,263,121,355,180,505,204,514,275,625,303,589,311,702,499,853,558,1000,488,632,215,586,353,689,287,372,102,316,46,463,188,471,212,290,140,222,136,238,118,235,133,212,154,206,147,214,151,200,149,199,144,195,136,181
64,170,1,2,119,0,1953125,12,0,0,0.99,0,0,NaN,0,0,45,72,52,63,48,68,48,64,46,65,42,65,46,75,43,80,38,84,40,98,37,108,33,120,33,123,28,159,75,216,100,207,65,255,182,414,346,484,372,514,515,574,491,544,646,764,821,825,1000,729,598,412,595,542,655,490,306,289,288,232,383,386,314,303,109,154,20,98,38,98,13,83,30,58,47,74,36,69,41,71,40,71,40,54,35
64,170,1,2,119,0,1953125,12,0,0,0.99,0,0,NaN,0,0,45,72,52,63,48,68,48,64,46,65,42,65,46,75,43,80,38,84,40,98,37,108,33,120,33,123,28,159,75,216,100,207,65,255,182,414,346,484,372,514,515,574,491,544,646,764,821,825,1000,729,598,412,595,542,655,490,306,289,288,232,383,386,314,303,109,154,20,98,38,98,13,83,30,58,47,74,36,69,41,71,40,71,40,54,35
64,170,1,2,119,0,1953125,12,0,0,0.99,0,0,NaN,0,0,187,172,205,180,205,175,223,179,222,171,229,171,229,156,227,156,225,135,229,126,225,115,218,102,229,100,220,76,282,40,307,54,293,24,397,125,544,196,567,214,699,276,660,261,788,489,915,633,1000,598,616,237,666,379,688,391,352,251,377,141,466,330,406,343,206,228,190,192,224,170,210,186,210,167,221,148,231,148,222,134,226,124,222,118,207
64,170,1,2,119,0,1953125,12,0,0,0.99,0,0,NaN,0,0,187,172,205,180,205,175,223,179,222,171,229,171,229,156,227,156,225,135,229,126,225,115,218,102,229,100,220,76,282,40,307,54,293,24,397,125,544,196,567,214,699,276,660,261,788,489,915,633,1000,598,616,237,666,379,688,391,352,251,377,141,466,330,406,343,206,228,190,192,224,170,210,186,210,167,221,148,231,148,222,134,226,124,222,118,207
64,170,1,2,119,0,1953125,12,0,0,0.99,0,0,NaN,0,0,192,156,207,161,209,157,224,158,226,150,231,152,233,133,232,134,227,116,226,111,224,98,215,94,219,97,214,82,268,54,297,87,275,73,378,134,527,174,545,239,664,279,635,288,755,483,893,572,1000,512,633,217,637,347,692,312,377,168,380,76,481,243,449,264,257,173,214,153,237,133,227,151,212,151,216,138,226,145,210,140,214,131,210,123,195
64,170,1,2,119,0,1953125,12,0,0,0.99,0,0,NaN,0,0,196,151,213,154,213,151,230,153,229,146,234,146,235,126,236,129,227,115,226,111,224,100,214,101,216,102,209,98,260,82,288,115,266,107,364,165,518,192,528,272,647,308,620,328,742,508,881,564,1000,487,639,242,631,368,708,302,394,133,372,65,480,206,470,224,285,145,228,137,245,118,238,139,218,153,214,142,222,148,208,146,208,139,204,134,189
64,170,1,2,119,0,1953125,12,0,0,0.99,0,0,NaN,0,0,198,157,214,160,216,157,231,160,232,154,238,152,239,133,238,137,229,119,233,115,228,102,218,102,221,101,216,94,267,69,296,102,276,85,378,142,530,177,543,248,665,286,636,307,765,492,892,557,1000,492,643,233,654,366,705,292,384,143,380,63,481,222,460,249,271,164,226,150,246,132,238,150,217,156,224,143,228,149,216,144,216,142,211,129,198
64,170,1,2,119,0,1953125,12,0,0,0.99,0,0,NaN,0,0,197,154,212,156,216,153,233,157,231,150,236,150,238,131,238,135,229,116,229,112,227,102,216,101,221,102,212,99,263,81,288,114,271,100,370,158,521,188,531,264,648,298,622,318,747,500,880,551,1000,487,651,244,637,371,713,297,382,119,374,60,478,199,464,223,280,150,229,140,246,124,240,145,217,156,217,148,222,150,210,148,211,141,206,134,194
64,170,1,2,119,0,1953125,12,0,0,0.99,0,0,NaN,0,0,191,157,208,162,208,158,223,158,225,152,232,152,232,133,232,136,225,118,226,110,226,101,215,95,221,95,215,81,270,52,298,86,277,70,381,132,530,171,545,238,666,274,640,290,768,486,899,574,1000,519,650,232,641,359,715,332,379,162,395,81,488,251,451,271,260,174,220,154,241,133,232,152,215,150,221,136,229,140,214,134,218,131,211,122,199
64,170,1,2,119,0,1953125,12,0,0,0.99,0,0,NaN,0,0,195,155,211,159,213,155,230,155,229,149,235,147,237,131,235,133,229,114,230,109,229,99,217,97,224,100,214,90,267,69,293,106,279,92,380,156,527,182,541,265,665,297,631,315,764,500,895,564,1000,492,646,248,648,366,720,326,407,150,401,78,490,223,465,241,274,156,226,143,246,125,238,146,217,152,219,142,226,147,211,144,214,138,207,130,194
64,170,1,2,119,0,1953125,12,0,0,0.99,0,0,NaN,0,0,196,194,210,200,214,195,231,198,232,192,237,193,239,180,239,177,234,155,237,146,235,135,227,116,245,113,235,87,301,67,326,58,313,49,418,153,561,230,593,235,736,301,691,288,837,527,935,684,1000,651,627,304,710,436,692,449,367,289,426,193,477,383,384,385,183,259,194,220,226,200,214,208,218,180,238,161,245,159,239,144,243,139,235,131,225
64,170,1,2,119,0,1953125,12,0,0,0.99,0,0,NaN,0,0,195,210,214,215,217,211,235,217,232,210,241,212,240,197,240,196,238,173,241,163,240,152,231,131,250,128,242,105,310,98,332,74,323,85,426,190,572,278,602,264,751,335,701,313,855,563,940,734,999,715,620,339,731,493,692,489,342,306,415,226,454,426,358,420,149,284,181,239,225,219,206,225,221,194,240,174,251,172,246,150,250,148,245,137,231
64,170,1,2,119,0,1953125,12,0,0,0.99,0,0,NaN,0,0,201,154,217,158,216,156,233,155,234,150,239,148,239,131,242,132,230,116,230,111,229,103,217,105,222,104,217,98,266,85,292,118,273,109,374,162,518,188,532,269,650,307,625,328,749,503,880,550,1000,490,656,257,645,376,713,290,379,104,374,54,478,200,469,220,283,147,231,139,249,122,240,147,219,155,219,147,223,154,209,152,210,143,208,138,195
64,170,1,2,119,0,1953125,12,0,0,0.99,0,0,NaN,0,0,190,170,207,174,209,170,228,172,225,165,232,165,234,148,234,146,229,128,230,120,228,109,220,95,232,96,223,75,282,35,309,64,288,37,395,119,538,171,559,217,693,270,666,277,793,479,905,603,999,564,643,248,678,384,707,347,366,193,406,109,480,301,427,316,229,207,210,177,238,155,225,171,215,159,226,140,236,142,222,135,228,124,219,121,209
64,170,1,2,119,0,1953125,12,0,0,0.99,0,0,NaN,0,0,213,148,228,151,227,155,241,156,239,155,244,155,242,143,239,144,228,142,220,143,217,135,203,152,194,154,188,169,215,190,239,213,218,230,307,320,454,351,450,449,561,493,546,519,668,695,831,686,1000,576,649,428,585,531,706,393,392,200,328,218,468,207,521,88,355,60,257,112,255,127,256,137,222,175,203,183,203,190,185,196,176,194,172,182,159
64,170,1,2,119,0,1953125,12,0,0,0.99,0,0,NaN,0,0,189,177,206,182,208,177,227,183,226,170,233,175,233,157,233,157,228,135,233,127,234,116,221,100,235,98,229,70,292,41,311,54,298,24,404,133,550,192,572,225,713,275,675,286,813,494,916,640,1000,581,632,276,702,415,706,378,371,231,428,146,476,328,401,337,207,221,202,188,233,167,218,183,215,162,231,143,238,145,229,134,234,127,224,119,212
64,170,1,2,119,0,1953125,12,0,0,0.99,0,0,NaN,0,0,190,189,210,195,208,191,227,197,224,188,234,190,236,173,235,174,231,151,235,142,234,133,225,111,243,109,233,81,299,64,320,54,308,48,415,163,558,233,590,246,732,303,693,306,840,535,939,698,1000,647,633,320,723,459,713,444,357,278,425,190,468,385,380,377,177,252,192,212,225,193,210,201,215,174,234,155,242,151,236,137,240,128,233,124,221
64,170,1,2,119,0,1953125,12,0,0,0.99,0,0,NaN,0,0,209,147,223,151,222,152,237,151,239,151,243,149,242,134,242,138,228,129,226,131,222,124,209,134,203,135,199,149,234,155,262,186,241,193,329,267,480,299,488,390,599,424,569,453,694,620,851,623,1000,510,633,371,608,483,715,347,399,149,337,147,470,170,502,116,331,81,250,113,256,116,253,134,220,167,210,170,210,175,194,179,188,178,187,168,171
64,170,1,2,119,0,1953125,12,0,0,0.99,0,0,NaN,0,0,163,218,177,227,177,225,188,241,182,234,184,239,179,236,169,235,174,222,167,215,164,213,157,197,178,196,167,204,206,251,205,225,209,286,243,445,315,534,358,560,477,625,416,633,559,875,600,1000,658,880,265,610,408,763,411,717,124,513,121,465,182,517,267,354,222,253,155,245,140,258,159,233,174,231,149,237,148,235,145,233,133,239,127,223,126
64,170,1,2,119,0,1953125,12,0,0,0.99,0,0,NaN,0,0,163,218,177,227,177,225,188,241,182,234,184,239,179,236,169,235,174,222,167,215,164,213,157,197,178,196,167,204,206,251,205,225,209,286,243,445,315,534,358,560,477,625,416,633,559,875,600,1000,658,880,265,610,408,763,411,717,124,513,121,465,182,517,267,354,222,253,155,245,140,258,159,233,174,231,149,237,148,235,145,233,133,239,127,223,126
64,170,1,2,119,0,1953125,12,0,0,0.99,0,0,NaN,0,0,197,183,212,188,218,182,233,186,233,179,241,177,241,162,242,163,236,142,240,131,239,117,229,108,241,104,233,80,296,46,323,57,313,23,412,122,563,195,596,229,726,271,678,273,829,498,932,626,1000,568,613,240,713,409,717,405,396,259,418,160,484,338,411,338,214,229,211,194,239,178,224,191,219,172,235,151,241,156,233,140,236,135,231,127,217
64,170,1,2,119,0,1953125,12,0,0,0.99,0,0,NaN,0,0,196,201,203,213,208,212,219,224,214,221,209,235,203,229,185,233,188,223,175,220,167,219,155,209,168,209,153,227,171,290,152,270,154,340,148,512,201,599,220,653,342,723,286,729,442,959,594,1000,801,830,438,631,404,739,592,591,370,379,269,328,441,304,534,89,374,70,275,120,271,127,279,141,238,177,228,171,237,177,221,173,228,158,223,147,218
64,170,1,2,119,0,1953125,12,0,0,0.99,0,0,NaN,0,0,200,147,215,151,218,150,231,149,233,143,240,142,239,127,241,129,229,116,230,112,225,101,215,106,215,108,207,112,252,103,281,140,261,133,361,194,504,222,519,309,636,343,610,373,745,545,881,571,1000,473,630,291,647,417,722,310,421,149,392,96,497,196,484,183,304,117,243,120,255,109,247,130,219,154,213,147,219,154,204,154,203,151,197,140,185
64,170,1,2,119,0,1953125,12,0,0,0.99,0,0,NaN,0,0,195,157,212,161,211,155,229,159,228,151,235,151,235,134,238,133,229,115,232,109,229,97,221,92,226,97,217,84,273,54,300,92,279,75,381,136,526,176,548,246,674,292,652,310,786,501,904,567,1000,502,646,252,678,398,732,323,393,163,413,88,497,244,451,248,265,163,228,144,246,131,231,150,214,152,221,138,225,146,213,137,220,134,212,126,197
64,170,1,2,119,0,1953125,12,0,0,0.99,0,0,NaN,0,0,214,148,222,152,220,158,238,155,232,159,240,154,237,142,237,149,222,142,220,142,214,135,199,147,195,152,184,159,229,150,255,184,229,181,333,227,477,239,490,347,611,377,598,412,730,578,875,582,1000,470,630,311,627,425,730,315,428,157,399,108,509,200,519,191,338,119,270,114,275,104,270,125,238,145,231,136,233,141,220,140,219,135,218,121,205
64,170,1,2,119,0,1953125,12,0,0,0.99,0,0,NaN,0,0,194,251,209,261,211,259,228,271,225,260,233,267,229,257,227,254,230,231,229,223,230,212,221,189,251,182,239,170,308,202,323,160,320,212,414,358,546,459,592,442,755,533,711,526,887,804,946,1000,968,919,552,549,741,736,663,706,281,516,422,420,405,584,262,510,31,350,140,307,179,295,161,285,211,241,235,228,245,223,243,199,253,198,238,188,235
64,170,1,2,119,0,1953125,12,0,0,0.99,0,0,NaN,0,0,195,249,215,258,217,255,234,269,230,256,238,261,240,250,234,247,235,226,237,215,236,203,229,181,255,173,245,158,322,185,329,145,329,190,425,328,563,420,606,405,771,493,724,479,899,760,971,958,1000,891,577,504,760,700,697,662,283,450,444,374,430,555,277,495,59,343,154,293,199,283,177,277,222,230,247,220,251,214,254,187,260,190,248,178,241
64,170,1,2,119,0,1953125,12,0,0,0.99,0,0,NaN,0,0,223,222,234,225,238,228,254,236,250,228,260,232,255,222,253,219,254,195,254,190,247,176,243,157,267,148,251,141,311,173,314,133,315,182,394,339,505,427,562,431,727,515,671,515,840,789,903,999,924,909,513,549,673,711,624,716,232,513,391,426,378,606,256,537,36,383,85,339,128,329,110,320,164,280,185,267,193,261,195,238,199,241,192,232,185
64,170,1,2,119,0,1953125,12,0,0,0.99,0,0,NaN,0,0,188,246,203,256,204,253,221,264,216,257,222,261,222,252,214,249,221,229,223,217,222,208,215,188,244,181,229,173,298,204,309,166,312,211,404,363,527,450,570,451,741,536,690,533,859,796,920,1000,941,904,522,554,711,716,627,704,291,523,418,423,402,577,248,497,25,343,135,304,169,293,153,283,204,237,226,228,234,218,237,197,241,199,233,190,226
64,170,1,2,119,0,1953125,12,0,0,0.99,0,0,NaN,0,0,160,239,178,250,174,247,187,262,182,253,188,262,181,258,173,254,183,237,176,230,175,222,172,203,200,199,186,201,240,245,239,210,251,265,315,415,411,504,452,505,601,586,548,581,706,834,753,1000,789,907,396,597,581,740,493,698,165,498,307,439,278,556,180,453,69,316,108,285,127,281,125,265,179,233,189,230,196,222,200,206,202,211,190,198,191
64,170,1,2,119,0,1953125,12,0,0,0.99,0,0,NaN,0,0,202,224,215,226,216,228,229,239,224,233,234,240,225,232,223,225,225,206,221,203,222,189,214,175,240,163,223,166,272,211,267,169,282,228,330,384,421,473,470,480,623,561,567,560,728,823,773,999,799,908,393,586,592,737,513,706,147,494,300,438,280,592,212,500,91,358,88,317,107,316,99,303,155,269,166,264,169,258,173,243,175,244,164,235,158
64,170,1,2,119,0,1953125,12,0,0,0.99,0,0,NaN,0,0,208,147,223,149,223,151,238,151,239,148,243,147,244,131,244,136,231,125,228,126,223,118,211,129,206,132,199,147,239,146,262,178,244,187,337,257,477,277,480,374,601,408,592,453,726,617,872,619,1000,497,645,377,643,479,721,340,409,160,385,175,502,178,502,117,331,76,258,104,263,109,257,132,225,162,216,161,214,170,199,172,194,171,191,159,177
64,170,1,2,119,0,1953125,12,0,0,0.99,0,0,NaN,0,0,231,207,244,208,249,208,269,213,259,208,271,211,267,197,265,198,261,171,264,162,261,151,252,131,277,123,260,105,329,125,336,89,334,119,427,258,551,347,598,345,771,430,729,432,891,699,973,913,1000,833,585,485,751,635,690,624,311,431,446,359,449,553,313,508,79,360,130,318,169,303,146,302,183,258,206,243,216,241,217,213,227,212,217,202,208
64,170,1,2,119,0,1953125,12,0,0,0.99,0,0,NaN,0,0,190,177,207,179,209,175,227,181,224,171,233,172,233,157,234,156,229,134,232,127,231,113,221,102,236,100,225,71,291,42,306,56,299,24,401,126,540,187,564,219,711,277,688,302,826,504,927,642,999,578,635,302,728,437,713,401,401,229,459,162,497,325,398,324,213,216,212,183,239,167,220,180,219,157,234,142,237,142,232,128,238,120,228,116,216
64,170,1,2,119,0,1953125,12,0,0,0.99,0,0,NaN,0,0,197,151,213,153,212,152,228,152,229,146,237,143,235,128,237,132,226,113,228,108,226,97,216,100,220,100,212,95,264,74,285,112,271,97,372,156,513,174,516,263,649,294,635,336,765,511,897,575,1000,482,646,284,685,411,724,315,398,124,419,105,506,212,454,217,276,144,237,127,253,113,242,137,219,144,222,135,226,143,216,139,216,132,211,125,194
64,170,1,2,119,0,1953125,12,0,0,0.99,0,0,NaN,0,0,207,217,223,221,225,221,241,230,233,223,244,229,238,220,236,217,238,194,237,189,234,174,228,156,250,151,235,144,295,180,297,138,304,189,374,346,463,432,523,437,681,524,634,526,793,785,858,999,883,911,471,576,654,712,594,714,229,477,377,423,352,588,233,510,39,359,83,321,116,315,101,305,157,265,177,256,179,253,184,229,189,237,179,224,173
64,170,1,2,119,0,1953125,12,0,0,0.99,0,0,NaN,0,0,185,222,198,223,200,228,212,239,206,231,213,238,205,234,202,227,205,209,202,207,201,192,195,179,218,171,206,177,250,222,241,181,256,243,299,396,367,485,418,495,561,578,516,579,665,824,704,1000,743,900,344,598,538,742,467,719,142,508,266,443,246,571,199,470,121,332,95,306,98,305,100,291,150,261,153,259,155,254,157,235,156,243,145,232,142
64,170,1,2,119,0,1953125,12,0,0,0.99,0,0,NaN,0,0,193,239,209,248,211,243,232,258,226,249,234,252,234,241,227,240,233,217,232,207,235,196,225,171,249,171,238,152,314,177,323,135,325,176,421,316,553,406,590,394,763,480,717,472,892,751,972,957,1000,878,574,521,775,690,695,663,325,433,451,360,439,542,277,481,65,327,158,284,199,274,179,268,218,224,244,211,250,205,249,181,259,176,244,175,237
64,170,1,2,119,0,1953125,12,0,0,0.99,0,0,NaN,0,0,142,223,155,235,153,236,160,250,154,244,157,254,150,250,140,246,147,234,138,230,137,224,132,210,156,204,144,215,185,262,180,228,197,287,237,436,307,514,353,535,492,613,443,615,593,853,656,1000,709,896,333,634,492,752,439,699,114,474,240,438,220,529,187,403,125,283,103,260,103,265,112,247,155,226,156,228,161,224,164,210,165,213,152,200,154
64,170,1,2,119,0,1953125,12,0,0,0.99,0,0,NaN,0,0,221,157,237,161,232,170,244,173,243,175,243,176,245,167,242,172,224,169,217,172,211,166,195,183,178,186,175,212,189,239,207,258,187,289,261,400,406,437,386,539,511,586,496,625,635,811,812,813,1000,670,618,566,575,661,691,517,390,318,299,323,449,279,509,93,361,90,258,143,251,164,253,164,216,205,191,214,188,220,170,222,162,224,158,210,145
64,170,1,2,119,0,1953125,12,0,0,0.99,0,0,NaN,0,0,155,229,166,241,166,241,176,256,173,246,175,256,172,249,162,247,171,233,162,227,163,219,156,203,181,198,172,200,221,247,216,210,232,263,287,416,370,500,416,505,560,592,515,590,669,835,724,1000,771,921,398,628,559,762,508,713,168,475,302,422,260,544,179,440,82,306,99,275,115,276,113,260,164,232,177,231,178,225,182,210,185,214,174,198,175
64,170,1,2,119,0,1953125,12,0,0,0.99,0,0,NaN,0,0,228,212,244,212,247,214,264,222,260,212,270,217,264,204,266,202,263,179,263,174,259,161,251,140,275,130,257,116,324,137,329,98,329,140,424,277,541,366,587,360,759,450,716,454,886,724,962,940,1000,876,593,526,745,670,700,666,314,432,438,355,428,563,294,520,62,364,122,319,163,309,142,306,180,262,207,247,212,245,213,221,224,216,214,209,205
64,170,1,2,119,0,1953125,12,0,0,0.99,0,0,NaN,0,0,220,222,233,223,239,223,253,232,249,224,258,231,251,219,248,216,251,191,251,186,248,174,240,154,265,146,250,137,310,171,314,125,319,177,401,327,502,415,558,421,730,510,679,513,850,785,914,999,938,915,529,575,705,718,653,722,283,489,406,408,382,593,259,531,28,372,97,331,132,325,116,314,164,273,187,264,193,257,198,236,201,237,196,227,186
64,170,1,2,119,0,1953125,12,0,0,0.99,0,0,NaN,0,0,165,238,179,249,181,247,190,262,186,252,192,262,187,255,181,250,185,236,183,227,183,220,176,200,203,196,190,195,249,236,250,194,258,257,329,400,425,488,469,487,624,575,576,572,740,826,785,1000,818,913,426,606,623,750,544,718,224,503,338,424,302,556,185,465,50,318,112,284,134,283,127,271,178,234,197,231,202,223,202,206,208,207,197,198,193
64,170,1,2,119,0,1953125,12,0,0,0.99,0,0,NaN,0,0,201,144,217,146,218,146,236,146,234,141,239,141,241,122,242,127,229,113,229,112,228,102,213,112,214,113,209,120,250,114,273,151,253,151,351,216,489,232,495,331,619,362,603,398,737,577,881,590,1000,485,656,336,654,456,739,351,413,132,392,149,492,174,478,157,305,104,244,107,258,105,249,126,218,154,214,150,218,157,202,157,198,160,195,148,181
64,170,1,2,119,0,1953125,12,0,0,0.99,0,0,NaN,0,0,206,223,222,223,228,226,240,236,235,229,245,232,234,225,233,223,236,199,238,194,232,180,226,165,249,156,234,152,290,191,291,148,294,199,364,354,457,442,510,449,676,537,621,537,783,802,838,1000,860,908,456,576,641,726,579,721,221,497,355,419,318,584,216,513,53,359,88,325,118,318,106,309,160,270,175,260,180,259,180,241,187,242,176,231,172
64,170,1,2,119,0,1953125,12,0,0,0.99,0,0,NaN,0,0,179,243,195,254,196,251,209,265,208,253,213,260,211,254,205,249,212,230,207,224,209,212,202,189,229,185,218,176,286,214,290,173,293,220,379,368,490,453,534,454,699,543,653,538,821,806,888,1000,908,923,512,589,701,740,627,705,272,471,413,406,368,561,222,483,9,330,132,290,164,283,152,273,200,232,221,227,225,216,230,199,235,198,222,188,220
64,170,1,2,119,0,1953125,12,0,0,0.99,0,0,NaN,0,0,156,235,169,247,173,244,181,258,178,252,182,259,178,254,167,248,179,232,173,228,173,221,166,204,191,200,181,199,236,240,237,204,245,253,312,408,395,485,445,500,596,585,552,585,702,833,758,1000,791,915,423,630,586,765,542,723,191,477,340,427,280,544,175,449,66,309,107,280,124,277,121,264,174,229,187,228,191,221,193,205,197,209,185,196,187
64,170,1,2,119,0,1953125,12,0,0,0.99,0,0,NaN,0,0,217,150,228,150,229,155,248,150,242,150,249,145,248,131,247,138,238,116,241,117,234,105,221,109,231,111,216,100,276,65,293,107,276,79,379,109,517,136,543,224,690,258,664,295,807,489,920,592,1000,521,645,278,708,405,735,375,419,199,448,111,495,300,436,324,248,220,223,190,244,175,232,188,216,170,229,151,234,153,223,137,229,129,226,121,213
64,170,1,2,119,0,1953125,12,0,0,0.99,0,0,NaN,0,0,168,242,182,251,183,250,196,263,190,256,196,263,192,259,183,251,192,236,185,229,186,223,182,200,208,199,196,195,253,239,256,198,261,255,328,401,429,490,472,491,630,573,581,571,741,825,786,1000,816,914,431,616,626,768,551,726,222,493,364,415,293,550,180,467,52,319,116,287,138,284,131,272,185,236,199,235,204,226,207,208,214,209,203,196,198
64,170,1,2,119,0,1953125,12,0,0,0.99,0,0,NaN,0,0,192,247,215,255,213,252,231,263,230,252,235,256,234,248,230,244,235,219,234,212,236,200,227,177,256,171,243,157,319,184,327,143,325,180,428,325,551,404,602,406,776,488,726,486,898,759,978,968,1000,887,593,545,754,701,717,690,330,433,484,352,434,540,270,488,61,330,164,287,199,273,185,270,225,222,248,214,255,204,254,186,258,185,247,176,238
64,170,1,2,119,0,1953125,12,0,0,0.99,0,0,NaN,0,0,212,145,222,146,222,150,241,148,234,147,243,145,240,132,242,137,229,123,230,123,222,113,210,124,215,125,202,124,258,101,274,144,253,125,361,155,498,157,513,276,659,292,633,337,768,508,906,573,1000,471,641,274,672,390,743,356,432,154,432,92,499,237,470,265,288,176,239,154,256,138,252,153,226,150,232,135,235,138,224,132,225,121,224,113,212
64,170,1,2,119,0,1953125,12,0,0,0.99,0,0,NaN,0,0,145,228,157,238,157,239,163,254,157,249,158,255,153,254,142,248,149,239,135,233,138,227,129,214,152,211,143,221,178,268,174,237,185,294,223,449,294,529,337,557,484,630,430,635,580,870,624,1000,687,896,311,645,478,765,433,723,132,511,229,441,189,521,198,401,149,279,107,262,106,266,115,251,155,231,155,234,156,231,159,220,160,221,145,208,148
64,170,1,2,119,0,1953125,12,0,0,0.99,0,0,NaN,0,0,147,226,158,236,153,240,158,253,154,248,155,256,148,254,137,251,144,240,130,236,129,230,125,218,144,214,135,226,165,276,157,247,175,301,208,454,273,534,320,566,457,640,403,637,556,876,607,999,684,907,315,653,459,773,433,725,104,490,217,437,182,516,215,391,168,272,118,256,109,264,121,244,157,229,153,236,153,229,156,219,152,221,143,211,142
64,170,1,2,119,0,1953125,12,0,0,0.99,0,0,NaN,0,0,193,166,210,167,211,165,230,166,230,157,239,158,239,141,239,142,232,121,234,114,235,103,222,94,233,94,225,74,282,39,304,76,289,52,394,123,531,163,559,246,706,284,680,317,820,512,936,605,1000,523,652,298,729,411,736,375,431,192,458,107,497,273,425,285,239,184,223,153,248,140,233,158,221,149,233,134,236,138,228,129,228,124,222,117,207
64,170,1,2,119,0,1953125,12,0,0,0.99,0,0,NaN,0,0,191,246,209,257,210,250,225,267,223,257,233,264,228,253,225,248,229,226,229,217,230,208,222,183,249,178,237,163,309,197,322,152,321,198,418,344,544,433,598,442,776,528,727,523,896,796,960,1000,980,912,579,581,776,711,672,698,319,495,463,389,417,558,257,492,40,335,150,292,187,282,171,276,215,230,239,219,248,213,248,188,255,189,243,179,238
64,170,1,2,119,0,1953125,12,0,0,0.99,0,0,NaN,0,0,151,236,163,242,165,246,169,258,169,252,167,263,163,259,152,254,161,240,148,237,149,228,142,215,167,208,159,218,198,265,194,232,206,284,252,440,330,525,376,544,521,623,474,624,619,862,663,1000,705,901,346,655,527,774,447,697,116,487,261,428,200,519,174,412,130,288,113,268,115,269,122,256,166,229,172,232,175,227,178,215,175,218,166,205,165
64,170,1,2,119,0,1953125,12,0,0,0.99,0,0,NaN,0,0,155,217,161,228,159,235,161,246,158,245,153,253,145,254,135,250,132,242,111,242,108,236,99,235,98,231,97,254,73,305,49,291,87,338,69,507,166,570,191,637,337,701,295,715,445,934,562,1000,714,871,364,692,389,793,469,695,183,459,131,448,230,445,353,285,279,207,182,219,162,236,176,214,172,231,139,241,137,240,131,235,125,238,120,221,116
64,170,1,2,119,0,1953125,12,0,0,0.99,0,0,NaN,0,0,148,219,154,228,153,232,154,246,149,243,148,252,140,252,128,246,132,240,112,237,111,231,105,223,113,222,107,241,112,292,99,268,122,322,129,482,194,551,231,601,373,670,324,679,464,896,552,1000,664,869,301,670,392,759,399,680,131,488,143,446,176,472,279,329,228,234,145,238,130,246,144,229,158,227,136,238,137,233,136,226,127,232,119,217,120
64,170,1,2,119,0,1953125,12,0,0,0.99,0,0,NaN,0,0,219,186,229,194,228,206,234,212,232,215,230,222,223,220,218,222,202,222,182,228,175,223,157,233,136,234,133,268,101,312,119,316,103,363,138,517,281,572,259,670,393,727,369,757,518,978,698,999,890,841,499,695,465,803,594,682,284,438,183,448,322,411,448,231,341,179,220,211,201,233,211,221,192,242,159,253,156,259,146,253,138,256,132,238,126
64,170,1,2,119,0,1953125,12,0,0,0.99,0,0,NaN,0,0,160,232,172,243,174,239,186,257,182,249,185,255,183,250,174,246,182,229,176,223,177,215,171,198,196,191,189,190,242,231,244,195,252,246,321,397,409,476,457,493,608,570,563,565,711,819,771,1000,798,898,421,607,595,722,518,698,177,481,340,407,280,534,172,447,66,305,111,274,130,273,124,260,176,227,188,225,193,219,196,199,202,203,188,191,188
64,170,1,2,119,0,1953125,12,0,0,0.99,0,0,NaN,0,0,149,235,157,239,159,248,160,256,156,254,159,260,147,259,139,253,138,246,123,243,119,234,116,233,119,226,118,252,95,297,74,283,113,332,66,496,141,555,167,628,310,690,265,710,424,928,553,1000,731,849,358,669,362,761,461,676,208,449,109,421,245,433,409,281,334,187,227,198,207,221,222,199,211,216,179,226,171,226,167,220,146,230,146,215,138
64,170,1,2,119,0,1953125,12,0,0,0.99,0,0,NaN,0,0,144,221,154,233,153,236,154,251,151,246,150,253,142,253,128,250,133,242,116,240,113,232,109,225,120,222,114,240,127,289,114,264,136,318,148,480,213,550,251,587,382,657,337,665,483,889,559,1000,667,882,303,667,406,763,402,697,104,485,153,435,162,479,257,344,212,243,139,239,124,250,137,234,157,228,142,233,141,233,143,222,135,230,124,215,127
64,170,1,2,119,0,1953125,12,0,0,0.99,0,0,NaN,0,0,155,218,163,227,160,236,161,247,158,247,153,254,146,253,134,249,135,243,114,242,110,236,101,234,103,231,97,254,80,306,56,288,92,341,74,503,164,570,191,624,326,687,280,702,436,921,547,1000,706,874,348,677,375,770,432,678,158,458,108,425,200,441,339,290,276,208,176,218,153,238,168,221,170,227,143,238,140,237,136,235,128,237,121,220,119
64,170,1,2,119,0,1953125,12,0,0,0.99,0,0,NaN,0,0,194,192,213,200,215,195,233,202,230,191,239,193,238,178,239,175,236,154,239,144,237,133,228,115,247,112,236,83,304,70,325,56,309,53,420,162,559,228,589,242,731,302,698,313,852,550,953,713,1000,642,632,338,755,463,710,447,371,281,458,173,467,366,359,379,168,250,196,210,231,188,215,203,222,173,243,154,249,155,243,135,245,130,239,125,226
64,170,1,2,119,0,1953125,12,0,0,0.99,0,0,NaN,0,0,191,254,211,261,211,258,230,270,225,260,232,265,233,256,225,250,233,232,230,222,232,214,222,190,252,184,238,170,308,204,319,165,314,209,414,359,539,445,588,446,754,523,707,524,870,795,939,1000,957,910,579,575,752,701,648,683,271,476,431,374,384,541,226,484,33,333,154,293,189,280,176,278,220,230,242,223,251,217,249,194,252,196,241,186,237
64,170,1,2,119,0,1953125,12,0,0,0.99,0,0,NaN,0,0,173,243,188,253,191,252,200,265,198,257,201,266,199,258,189,252,199,237,192,230,195,220,187,200,214,195,202,194,259,233,264,197,265,246,337,401,435,488,489,489,634,566,590,570,744,818,791,1000,810,908,461,613,629,729,537,699,185,476,353,403,284,534,161,461,58,317,124,284,151,282,140,270,193,235,205,231,213,227,213,205,219,209,205,197,203
64,170,1,2,119,0,1953125,12,0,0,0.99,0,0,NaN,0,0,238,182,250,188,247,199,258,204,257,207,256,213,250,204,250,206,230,206,215,213,210,205,190,220,173,222,170,257,159,292,178,308,165,342,229,489,378,535,353,644,475,695,463,743,615,945,804,942,1000,774,580,672,528,746,688,614,375,392,289,404,413,338,515,147,374,137,257,182,245,213,250,202,221,240,189,251,183,256,170,254,156,258,155,240,144
64,170,1,2,119,0,1953125,12,0,0,0.99,0,0,NaN,0,0,193,199,210,204,210,199,231,206,230,198,236,200,238,184,237,184,236,161,238,153,240,140,226,121,248,116,236,87,308,78,325,56,313,62,419,174,560,247,592,254,734,305,696,315,855,561,960,737,1000,657,609,323,750,470,701,479,355,306,455,202,468,383,352,392,151,252,196,212,231,197,212,207,222,177,240,161,246,158,238,144,249,134,236,129,227
64,170,1,2,119,0,1953125,12,0,0,0.99,0,0,NaN,0,0,60,78,54,75,50,75,49,73,51,70,51,69,65,66,79,58,80,47,104,49,114,44,127,45,135,45,145,69,208,125,236,110,197,182,299,369,431,477,446,527,589,622,523,626,683,904,811,1000,965,856,535,601,611,711,665,566,335,320,349,269,440,305,410,222,183,90,107,43,123,44,93,46,78,7,104,34,89,37,88,46,75,60,67,51,54
64,170,1,2,119,0,1953125,12,0,0,0.99,0,0,NaN,0,0,53,72,55,68,52,68,54,65,48,69,51,66,45,83,52,80,38,95,40,101,41,117,29,127,41,134,24,169,78,219,94,213,63,254,182,427,348,473,368,527,522,580,517,585,686,794,855,842,1000,712,607,479,670,592,667,494,304,306,366,248,380,376,294,288,86,148,30,99,50,110,15,78,40,69,51,87,43,74,48,84,45,73,44,64,39
64,170,1,2,119,0,1953125,12,0,0,0.99,0,0,NaN,0,0,166,236,181,245,184,244,197,258,193,249,197,255,196,249,186,244,195,228,190,219,191,214,184,192,212,187,200,181,261,218,268,179,268,224,349,379,448,464,493,460,647,546,599,538,752,794,820,1000,851,901,451,561,629,672,527,672,192,488,361,392,320,543,196,464,40,313,119,274,148,270,136,263,189,223,206,218,212,214,210,193,219,193,203,184,200
64,170,1,2,119,0,1953125,12,0,0,0.99,0,0,NaN,0,0,149,230,159,237,159,242,163,255,159,250,158,258,150,256,139,252,146,240,133,236,132,229,126,221,144,213,138,230,163,274,155,246,166,300,198,462,261,540,301,563,439,642,392,641,535,872,591,1000,665,886,289,631,418,721,378,678,64,483,186,435,164,502,210,382,178,260,125,251,119,259,129,244,163,228,156,235,156,234,158,221,158,225,144,209,146
64,170,1,2,119,0,1953125,12,0,0,0.99,0,0,NaN,0,0,149,230,159,237,159,242,163,255,159,250,158,258,150,256,139,252,146,240,133,236,132,229,126,221,144,213,138,230,163,274,155,246,166,300,198,462,261,540,301,563,439,642,392,641,535,872,591,1000,665,886,289,631,418,721,378,678,64,483,186,435,164,502,210,382,178,260,125,251,119,259,129,244,163,228,156,235,156,234,158,221,158,225,144,209,146
64,170,1,2,119,0,1953125,12,0,0,0.99,0,0,NaN,0,0,96,18,91,9,92,9,93,22,86,21,86,39,79,55,90,55,75,71,91,74,96,86,108,86,110,86,129,112,183,143,229,130,210,145,338,319,523,378,534,447,701,516,663,559,836,825,938,968,1000,848,558,608,636,734,622,674,230,432,311,398,345,397,378,220,213,75,103,68,99,79,101,44,56,77,75,73,78,68,73,69,85,62,70,53,65
64,170,1,2,119,0,1953125,12,0,0,0.99,0,0,NaN,0,0,157,225,164,233,163,238,165,251,160,247,161,259,149,259,138,253,138,245,118,245,114,239,105,236,110,231,104,256,93,303,72,285,104,334,86,501,169,575,194,622,326,684,275,690,434,922,543,1000,680,863,305,636,343,738,408,672,166,458,94,431,184,459,322,302,268,214,170,221,154,242,169,223,174,232,148,241,146,238,144,233,133,241,124,223,126
64,170,1,2,119,0,1953125,12,0,0,0.99,0,0,NaN,0,0,151,229,159,240,163,240,167,256,163,249,165,257,158,253,149,249,155,236,146,230,146,224,136,215,158,207,151,217,186,264,177,237,189,286,229,446,299,531,340,546,471,624,419,612,569,854,628,1000,684,901,303,595,450,709,399,693,75,493,205,417,180,517,198,408,158,276,122,257,117,264,124,250,164,229,163,233,163,228,167,217,166,220,156,207,154
64,170,1,2,119,0,1953125,12,0,0,0.99,0,0,NaN,0,0,146,225,156,233,155,237,159,251,153,247,153,254,146,252,134,250,139,239,121,236,120,230,115,224,126,219,120,234,133,285,121,260,142,314,153,473,216,555,254,583,382,658,331,659,483,890,557,1000,662,876,275,619,372,725,383,684,124,499,135,434,162,494,264,357,218,246,145,240,124,254,139,236,158,230,145,236,146,234,143,224,140,229,132,212,133
64,170,1,2,119,0,1953125,12,0,0,0.99,0,0,NaN,0,0,167,227,177,236,173,243,175,257,173,255,169,263,161,259,149,258,145,252,122,251,120,244,109,245,105,241,101,264,70,317,42,302,84,355,38,519,163,595,176,645,315,716,267,720,432,950,555,999,735,870,361,655,344,759,471,669,229,463,111,427,228,439,382,270,305,198,197,216,178,238,193,220,185,234,159,246,155,244,147,240,139,241,135,228,131
64,170,1,2,119,0,1953125,12,0,0,0.99,0,0,NaN,0,0,78,60,70,60,69,61,66,60,68,55,67,58,72,52,88,50,82,40,108,38,113,31,133,22,135,18,154,38,215,93,250,70,216,139,330,328,479,441,487,480,631,586,564,602,723,882,820,1000,941,868,497,602,566,716,632,598,308,362,318,306,412,303,420,193,209,50,119,13,132,5,105,24,77,18,103,20,95,25,91,35,92,51,73,43,59
64,170,1,2,119,0,1953125,12,0,0,0.99,0,0,NaN,0,0,197,151,210,155,213,152,228,153,230,146,236,146,235,131,237,129,228,116,228,108,225,102,212,99,220,102,211,94,262,77,288,111,260,100,365,155,512,178,526,263,650,298,630,328,753,509,893,568,1000,481,635,248,635,359,711,313,391,138,424,91,478,193,453,231,267,149,226,133,247,116,237,138,217,145,221,140,224,143,210,142,212,135,207,130,192
64,170,1,2,119,0,1953125,12,0,0,0.99,0,0,NaN,0,0,177,238,189,248,195,245,205,258,202,250,210,257,208,247,201,246,205,225,205,219,204,209,198,186,227,180,214,170,278,206,287,167,282,208,376,362,493,452,537,449,694,535,648,520,803,782,877,1000,909,910,490,530,630,674,597,702,237,504,414,382,364,544,227,489,7,324,130,280,164,273,151,269,192,228,215,220,223,216,222,194,229,195,218,184,212
64,170,1,2,119,0,1953125,12,0,0,0.99,0,0,NaN,0,0,159,229,171,242,171,242,182,255,177,249,182,255,177,251,167,247,176,229,171,224,169,215,167,198,192,192,182,193,233,234,238,198,240,247,309,409,404,498,443,500,595,585,540,564,684,814,746,1000,784,901,378,561,532,704,494,722,175,534,317,414,275,536,182,456,81,305,106,272,126,274,120,263,169,229,184,227,187,221,188,204,189,207,182,195,179
64,170,1,2,119,0,1953125,12,0,0,0.99,0,0,NaN,0,0,150,226,158,235,158,237,161,254,155,248,155,261,145,257,135,251,139,243,123,241,119,234,114,228,125,221,120,239,135,286,122,266,139,316,154,481,228,568,258,595,394,667,336,653,478,887,555,1000,665,887,286,615,363,741,402,703,132,506,145,432,154,490,257,357,216,247,142,237,127,254,139,239,162,230,148,237,146,235,149,224,139,233,133,215,134
64,170,1,2,119,0,1953125,12,0,0,0.99,0,0,NaN,0,0,157,233,168,242,165,244,179,255,174,250,177,257,172,253,163,248,169,232,164,226,162,219,159,204,181,198,170,201,220,245,222,214,225,260,287,418,378,514,417,516,561,599,499,567,642,817,706,1000,760,919,353,565,504,698,461,713,133,502,280,404,241,533,180,446,108,301,113,265,123,272,120,259,171,231,177,229,179,222,183,208,188,210,174,200,173
64,170,1,2,119,0,1953125,12,0,0,0.99,0,0,NaN,0,0,174,244,187,251,190,251,200,263,196,258,202,263,200,256,189,252,196,232,194,226,193,218,188,199,214,193,206,188,264,226,275,191,268,237,352,392,463,489,502,483,661,571,605,545,751,799,814,1000,852,925,447,566,597,695,535,710,201,520,360,395,314,546,191,478,42,324,118,283,150,281,139,270,189,235,206,229,212,225,212,201,217,206,204,192,202
64,170,1,2,119,0,1953125,12,0,0,0.99,0,0,NaN,0,0,151,233,160,243,161,243,167,258,162,251,165,260,159,256,148,251,157,237,146,231,148,227,140,216,162,209,156,215,192,263,189,234,198,284,245,448,330,534,361,546,503,626,447,605,585,841,643,1000,712,915,331,607,453,721,427,712,102,504,238,419,196,522,192,423,146,283,115,260,116,266,122,253,164,230,166,231,167,227,170,215,170,219,158,208,158
64,170,1,2,119,0,1953125,12,0,0,0.99,0,0,NaN,0,0,150,223,160,234,158,240,160,250,157,248,154,256,146,254,134,250,138,242,120,239,118,232,109,228,121,224,113,245,117,293,103,272,123,323,129,493,205,572,230,601,366,677,315,670,454,890,540,1000,679,890,308,632,339,738,412,684,140,484,130,438,166,481,283,342,238,237,154,233,136,249,150,234,161,232,144,241,141,238,142,227,134,235,127,219,126
64,170,1,2,119,0,1953125,12,0,0,0.99,0,0,NaN,0,0,168,212,179,223,181,221,190,233,186,230,188,237,185,231,175,228,181,215,173,210,169,205,164,191,186,187,175,193,215,233,214,210,212,260,264,424,339,515,367,527,494,611,436,599,562,839,617,1000,688,898,301,605,398,725,405,698,91,493,176,435,165,504,246,378,211,255,143,243,127,257,144,238,164,233,147,243,142,241,145,233,132,238,128,221,126
64,170,1,2,119,0,1953125,12,0,0,0.99,0,0,NaN,0,0,146,226,155,234,154,237,159,251,154,245,155,254,147,253,136,248,143,236,129,232,129,226,126,216,142,213,135,224,161,270,154,248,168,296,200,461,271,543,304,560,434,635,382,623,518,857,595,1000,674,886,288,595,383,714,399,690,101,498,200,433,173,507,221,383,183,260,126,249,114,258,126,243,157,226,152,233,156,227,155,217,149,221,142,209,142
64,170,1,2,119,0,1953125,12,0,0,0.99,0,0,NaN,0,0,176,222,185,227,184,238,182,249,182,247,182,255,171,254,164,250,155,247,129,247,130,238,116,244,104,239,100,273,51,317,31,315,69,361,41,533,200,593,195,656,333,722,291,718,433,944,612,999,824,844,444,632,354,731,550,650,312,447,174,430,296,406,436,225,342,159,224,196,209,217,218,205,202,225,170,239,167,239,157,237,146,240,142,223,138
64,170,1,2,119,0,1953125,12,0,0,0.99,0,0,NaN,0,0,149,226,159,234,158,239,160,252,156,248,155,256,148,253,134,250,141,241,124,238,121,229,114,225,127,219,121,237,133,288,119,266,136,315,149,482,222,562,244,587,376,659,316,636,453,872,545,1000,672,890,288,604,348,723,383,677,114,470,126,412,139,482,263,356,226,239,150,233,130,252,141,236,163,229,146,236,146,234,147,225,136,234,130,217,131
64,170,1,2,119,0,1953125,12,0,0,0.99,0,0,NaN,0,0,167,238,180,247,180,249,192,261,191,251,195,258,191,251,185,249,189,228,188,222,186,215,182,196,208,191,198,187,257,223,263,191,262,237,340,393,445,484,487,480,633,565,579,539,723,795,794,1000,833,906,422,545,574,672,512,686,181,508,344,388,300,536,185,467,55,310,119,274,147,270,135,265,184,226,202,222,203,218,209,199,217,200,200,192,197
64,170,1,2,119,0,1953125,12,0,0,0.99,0,0,NaN,0,0,160,224,169,233,168,241,167,254,164,249,162,259,151,255,144,253,139,247,121,246,116,238,107,239,108,234,103,258,85,307,61,294,90,343,69,514,173,587,185,628,324,695,265,691,414,919,540,999,707,862,325,626,314,733,432,661,204,464,102,431,193,443,341,288,284,202,181,218,164,237,179,224,177,232,150,242,150,240,142,236,137,237,128,223,126
64,170,1,2,119,0,1953125,12,0,0,0.99,0,0,NaN,0,0,85,47,80,46,80,47,77,48,76,43,77,48,79,51,89,50,80,45,103,44,111,44,127,38,133,35,154,49,210,96,255,71,228,122,345,316,514,420,520,461,668,553,594,565,746,853,852,1000,967,883,499,591,559,719,613,622,284,382,286,330,375,322,413,185,215,20,115,17,120,25,107,15,74,41,98,34,92,35,88,38,87,46,74,41,60
64,170,1,2,119,0,1953125,12,0,0,0.99,0,0,NaN,0,0,145,224,153,232,153,236,156,252,152,247,153,255,145,250,136,246,142,236,127,232,125,226,121,218,138,210,131,225,157,272,146,251,161,299,191,462,263,545,297,563,426,635,368,622,504,857,583,1000,678,887,283,586,382,710,395,676,86,469,169,409,151,488,221,374,189,250,131,236,119,249,127,233,158,224,149,230,151,226,153,216,150,220,140,207,143
64,170,1,2,119,0,1953125,12,0,0,0.99,0,0,NaN,0,0,151,230,161,239,163,239,170,255,166,249,167,253,164,251,152,247,159,236,151,227,149,224,145,209,170,202,159,209,200,252,203,222,203,276,256,434,338,521,379,537,519,607,466,601,605,840,662,1000,716,884,326,589,469,709,438,698,117,512,248,418,201,507,169,410,127,277,110,259,116,263,116,253,162,228,165,229,169,225,173,208,171,218,161,199,162
64,170,1,2,119,0,1953125,12,0,0,0.99,0,0,NaN,0,0,96,31,91,29,88,29,88,35,84,30,84,46,81,49,95,50,79,58,104,59,107,67,125,63,128,63,148,79,206,114,249,97,234,128,351,310,539,409,549,451,700,532,629,550,793,836,899,999,998,884,520,594,598,749,628,671,278,429,283,357,346,352,392,195,216,29,111,40,113,52,111,25,66,63,89,51,87,55,82,51,86,52,68,41,63
64,170,1,2,119,0,1953125,12,0,0,0.99,0,0,NaN,0,0,92,40,86,41,84,40,83,43,79,38,83,50,79,48,94,54,85,53,105,50,111,56,129,50,129,49,152,64,208,105,255,80,232,123,347,307,523,409,525,449,682,541,605,544,752,837,873,1000,987,899,515,584,579,741,626,650,260,385,264,336,345,332,401,187,220,20,106,30,115,38,104,18,70,53,92,41,89,43,87,44,84,46,71,39,60
64,170,1,2,119,0,1953125,12,0,0,0.99,0,0,NaN,0,0,147,222,156,229,155,235,157,249,153,245,154,252,144,253,131,249,134,240,115,239,115,231,108,226,118,220,114,236,123,287,105,268,124,316,133,480,206,561,234,592,372,673,319,659,453,887,549,1000,685,901,313,628,356,742,412,686,121,470,124,414,144,469,270,338,232,234,148,230,129,247,142,231,158,231,140,239,136,235,142,227,128,235,123,218,125
64,170,1,2,119,0,1953125,12,0,0,0.99,0,0,NaN,0,0,80,40,77,35,78,38,76,40,70,44,74,50,63,72,68,73,48,90,48,98,47,115,48,122,44,126,55,159,93,201,131,193,126,216,237,378,426,415,440,471,603,521,590,523,744,733,893,834,1000,729,591,476,642,615,650,571,281,393,340,315,313,390,272,269,117,125,27,97,20,114,38,78,5,89,18,94,30,82,34,88,51,75,47,62,46
64,170,1,2,119,0,1953125,12,0,0,0.99,0,0,NaN,0,0,153,233,163,243,165,244,169,258,167,252,166,260,162,257,152,250,159,239,149,235,151,225,146,212,166,209,158,214,199,255,196,229,199,275,248,440,336,529,371,531,507,612,456,596,591,836,660,1000,723,918,348,602,471,739,457,703,81,468,261,398,189,500,162,415,136,277,119,259,125,260,125,249,168,228,170,231,173,226,174,210,177,214,168,203,166
64,170,1,2,119,0,1953125,12,0,0,0.99,0,0,NaN,0,0,165,216,176,222,179,226,188,234,183,230,187,237,178,233,176,229,179,214,173,209,171,197,169,183,189,179,181,185,211,228,208,200,214,245,247,421,306,500,352,521,484,603,437,596,558,829,629,1000,702,888,302,582,424,706,433,707,92,500,200,416,167,512,216,430,180,288,120,268,111,275,113,264,149,241,142,242,139,241,141,228,136,236,130,222,121
64,170,1,2,119,0,1953125,12,0,0,0.99,0,0,NaN,0,0,149,225,155,235,156,240,157,253,154,250,153,256,145,255,133,252,138,240,123,239,119,231,114,225,126,220,122,236,136,280,132,261,139,313,154,473,230,565,263,589,395,664,345,655,486,885,560,1000,673,894,297,633,383,759,417,710,121,491,141,425,139,473,236,353,210,240,137,240,127,254,134,240,159,232,144,237,144,235,144,225,144,229,131,217,133
64,170,1,2,119,0,1953125,12,0,0,0.99,0,0,NaN,0,0,95,36,88,33,89,34,88,37,85,34,88,48,83,52,96,53,83,57,105,59,108,65,126,61,131,61,151,75,207,113,255,92,231,126,343,303,530,410,545,453,702,546,629,547,777,833,889,993,1000,905,539,596,610,765,636,669,246,389,248,329,330,347,396,196,220,23,102,39,108,51,103,29,65,62,86,53,87,52,79,53,93,52,71,44,64
64,170,1,2,119,0,1953125,12,0,0,0.99,0,0,NaN,0,0,161,235,173,245,174,244,182,259,180,252,183,257,179,252,172,248,181,230,175,227,175,216,170,200,194,196,184,195,237,236,244,202,240,247,307,404,406,503,446,504,596,586,546,564,683,813,752,1000,795,915,397,574,562,707,509,689,161,511,297,385,252,521,170,455,84,302,114,268,135,270,127,260,176,227,191,223,196,219,197,201,204,206,189,194,186
64,170,1,2,119,0,1953125,12,0,0,0.99,0,0,NaN,0,0,161,235,173,245,174,244,182,259,180,252,183,257,179,252,172,248,181,230,175,227,175,216,170,200,194,196,184,195,237,236,244,202,240,247,307,404,406,503,446,504,596,586,546,564,683,813,752,1000,795,915,397,574,562,707,509,689,161,511,297,385,252,521,170,455,84,302,114,268,135,270,127,260,176,227,191,223,196,219,197,201,204,206,189,194,186
64,170,1,2,119,0,1953125,12,0,0,0.99,0,0,NaN,0,0,178,245,191,253,195,253,207,263,205,257,210,263,208,255,202,249,209,232,205,223,207,212,200,191,226,187,215,178,280,209,298,173,288,216,372,368,494,475,539,468,699,552,649,531,799,798,872,1000,909,924,497,551,661,694,615,705,238,507,375,371,332,530,203,482,25,322,131,279,165,274,151,270,200,226,219,217,229,212,228,193,234,194,221,184,214
64,170,1,2,119,0,1953125,12,0,0,0.99,0,0,NaN,0,0,203,146,219,151,221,149,235,148,235,145,241,141,241,125,242,130,227,119,227,116,224,104,213,115,211,117,208,123,245,120,272,155,249,149,342,212,494,234,507,321,623,362,595,394,714,559,865,580,1000,481,642,303,628,426,720,325,414,137,381,113,452,141,468,166,296,118,234,122,248,113,242,132,216,157,210,156,215,162,200,162,196,157,194,150,179
64,170,1,2,119,0,1953125,12,0,0,0.99,0,0,NaN,0,0,183,245,199,255,200,249,216,264,214,254,219,262,218,253,212,251,215,228,215,220,214,210,207,190,235,182,225,170,293,203,303,162,295,207,385,352,517,466,555,449,725,542,674,513,828,784,904,999,958,956,534,547,690,700,649,693,254,481,390,343,354,531,227,498,4,333,135,280,178,271,162,268,205,230,231,218,233,213,238,188,245,191,230,181,222
64,170,1,2,119,0,1953125,12,0,0,0.99,0,0,NaN,0,0,183,211,199,218,201,213,220,223,217,212,224,218,225,204,223,203,223,181,228,170,226,160,219,137,240,132,230,108,298,118,319,86,301,106,409,230,548,320,585,316,748,395,704,378,843,617,936,819,1000,786,613,415,714,549,705,553,347,386,440,242,430,427,310,431,103,287,165,236,203,219,188,222,211,187,233,172,240,167,237,150,241,142,232,140,221
64,170,1,2,119,0,1953125,12,0,0,0.99,0,0,NaN,0,0,149,227,158,238,157,240,163,256,156,249,159,256,152,254,140,250,149,237,135,233,136,226,131,217,150,209,144,219,176,263,176,237,183,286,223,445,296,538,338,558,482,643,434,634,569,858,616,1000,697,921,347,644,451,756,444,715,109,517,219,422,176,502,193,401,160,271,119,253,114,260,118,250,155,231,154,235,156,231,158,217,161,219,148,209,146
64,170,1,2,119,0,1953125,12,0,0,0.99,0,0,NaN,0,0,159,237,172,243,172,244,179,258,177,252,180,257,178,254,167,251,174,236,169,226,168,222,163,203,187,199,176,200,229,234,237,205,235,251,301,413,395,505,443,514,591,591,545,589,682,824,722,1000,766,913,405,612,554,742,521,725,186,532,311,411,248,517,166,440,92,296,112,270,129,271,121,261,175,230,182,228,189,225,189,206,192,209,180,199,181
64,170,1,2,119,0,1953125,12,0,0,0.99,0,0,NaN,0,0,161,238,173,248,175,247,185,262,183,253,186,262,183,255,174,251,182,233,178,227,177,220,171,200,199,195,188,195,243,231,253,197,255,244,324,402,426,499,470,503,618,574,565,564,710,812,759,1000,800,921,411,580,581,736,552,733,202,528,335,405,275,518,167,449,76,298,120,270,139,272,128,264,179,230,192,225,197,222,199,203,206,204,191,194,189
64,170,1,2,119,0,1953125,12,0,0,0.99,0,0,NaN,0,0,157,225,164,238,163,243,164,255,160,254,159,263,151,259,139,256,141,250,118,248,116,241,109,235,113,232,105,254,103,304,82,288,106,340,97,500,183,591,211,630,347,699,288,690,437,918,528,1000,688,894,333,647,360,782,448,713,166,494,99,418,156,451,308,309,265,218,169,224,150,248,166,230,171,233,147,244,143,242,143,234,135,237,128,226,126
64,170,1,2,119,0,1953125,12,0,0,0.99,0,0,NaN,0,0,152,230,162,241,160,244,163,258,158,255,160,261,152,259,138,258,145,246,125,245,121,234,116,230,132,224,123,241,142,291,125,269,147,320,156,478,227,572,257,594,393,673,334,655,479,888,544,999,675,926,327,647,394,784,426,709,91,485,137,403,126,481,249,358,222,242,153,236,134,254,144,241,167,232,154,243,150,239,149,231,143,235,134,220,136
64,170,1,2,119,0,1953125,12,0,0,0.99,0,0,NaN,0,0,147,221,154,230,153,236,154,250,150,245,149,255,140,253,128,249,132,240,110,240,111,233,103,229,111,225,105,243,110,292,92,274,117,323,121,487,197,569,223,607,363,682,310,675,450,893,534,1000,687,901,346,650,363,767,437,700,135,489,120,422,158,462,290,328,244,223,158,221,138,243,150,226,162,226,140,237,138,233,139,225,129,231,124,216,122
64,170,1,2,119,0,1953125,12,0,0,0.99,0,0,NaN,0,0,149,230,160,239,161,241,165,257,160,250,164,258,157,254,147,250,155,236,145,234,142,224,140,212,159,206,152,215,192,259,188,232,197,282,245,442,322,533,356,545,497,627,443,613,580,842,630,1000,711,920,345,638,477,761,455,707,115,522,238,414,191,511,185,412,144,280,116,254,116,267,116,253,159,231,160,235,164,229,165,216,164,220,154,209,154
