64,170,2,2,119,0,1953125,12,0,0,1.01,0,0,NaN,0,0,73,138,77,136,81,142,94,136,102,137,116,129,123,123,136,110,144,91,166,77,170,62,187,67,182,74,180,75,167,54,110,66,39,104,51,99,76,170,270,379,360,499,576,645,627,569,707,780,837,713,962,855,904,799,1000,767,470,298,368,191,180,67,101,53,40,70,80,129,100,146,109,146,102,144,87,126,71,121,61,110,43,106,29,98,13
64,170,2,2,119,0,1953125,12,0,0,0.99,0,0,NaN,0,0,94,142,106,145,108,142,117,153,121,153,123,170,120,173,113,187,104,192,83,192,73,187,55,166,79,129,80,104,97,81,126,116,210,159,211,179,238,248,274,466,385,597,562,768,603,667,577,915,722,844,857,1000,812,935,962,918,343,351,282,206,71,53,221,42,145,30,88,33,47,66,43,70,55,89,73,88,89,92,94,80,103,69,109,58,113
64,170,2,2,119,0,1953125,12,0,0,0.99,0,0,NaN,0,0,85,50,72,38,75,43,67,34,67,31,69,40,72,40,84,53,91,54,112,55,114,44,133,28,109,9,107,36,81,56,92,119,150,187,153,163,244,160,392,364,507,500,690,682,740,586,679,891,803,831,900,1000,827,951,957,947,382,396,275,264,68,22,160,52,96,33,69,85,68,101,83,92,104,87,111,72,114,68,106,61,98,57,79,52,67
64,170,2,2,119,0,1953125,12,0,0,1.01,0,0,NaN,0,0,53,62,46,71,45,67,37,70,38,65,26,61,20,54,23,51,37,49,65,60,98,72,124,97,148,120,147,136,154,130,91,96,28,134,35,49,115,75,336,301,429,476,660,670,701,577,697,913,820,835,915,1000,845,953,931,949,458,424,298,355,205,180,21,179,65,179,100,215,120,222,125,194,114,179,98,137,84,120,70,97,61,84,52,71,59
64,170,1,2,119,0,1953125,12,0,1,1.02,0,0,NaN,0,0,87,21,78,20,78,23,77,31,68,40,63,50,46,56,37,58,15,63,15,66,54,81,84,107,127,147,139,168,159,175,105,150,51,185,73,98,93,111,330,285,420,491,675,703,713,596,734,972,868,836,932,1000,848,934,887,958,461,384,270,383,300,276,117,262,175,248,172,280,165,264,149,225,111,188,88,144,59,115,51,93,52,81,57,77,70
64,170,1,2,119,0,1953125,12,0,1,1.02,0,0,NaN,0,0,19,83,11,78,18,78,20,70,36,71,43,55,56,49,56,26,68,14,59,42,76,65,82,113,132,135,149,168,173,147,150,91,157,72,149,85,60,214,226,417,313,597,592,765,646,653,758,956,903,782,1000,923,937,821,977,835,489,238,331,262,340,248,154,203,234,188,254,210,260,178,238,152,195,113,155,85,114,67,94,61,72,68,70,69,68
64,170,1,2,119,0,1953125,12,0,0,1.01,0,0,NaN,0,0,53,57,46,64,50,61,39,63,39,57,30,59,23,52,24,52,36,52,58,65,90,79,113,102,128,128,128,138,129,128,70,88,34,112,47,22,139,116,355,336,436,507,652,697,677,625,702,966,831,838,915,1000,852,921,855,854,335,309,208,246,111,122,48,134,66,161,94,209,119,213,133,190,119,167,108,133,88,113,77,90,64,78,54,67,58
64,170,1,2,119,0,1953125,12,0,0,1.01,0,0,NaN,0,0,28,76,19,83,18,79,14,80,15,72,22,65,26,55,40,45,59,38,81,44,117,56,143,69,169,81,174,92,182,70,122,45,67,93,76,47,153,127,389,352,482,504,724,697,780,634,802,936,933,835,988,1000,875,912,867,840,401,266,150,214,174,86,95,104,150,143,140,206,156,217,145,203,123,183,94,144,75,120,60,100,56,79,51,70,59
64,170,1,2,119,0,1953125,12,0,0,1,0,0,NaN,0,0,131,86,124,103,124,109,112,126,113,132,100,148,98,161,85,169,78,179,72,177,79,183,82,167,82,146,72,128,59,109,38,105,108,96,109,149,164,229,279,442,380,570,563,734,628,670,611,931,766,808,835,1000,778,911,774,798,332,247,114,182,94,21,98,28,81,37,65,96,97,119,109,117,107,121,94,116,87,111,75,102,65,94,57,84,48
64,170,1,2,119,0,1953125,12,0,0,1,0,0,NaN,0,0,147,77,145,68,156,74,157,68,169,78,171,71,176,84,185,71,186,78,201,57,196,62,207,36,176,37,164,18,137,51,75,124,33,165,16,191,119,263,303,486,397,615,625,758,673,671,708,898,884,783,999,952,906,856,905,749,386,174,230,130,64,101,115,41,17,64,43,118,77,138,92,135,94,138,85,126,82,121,73,110,69,100,59,88,52
64,170,1,2,119,0,1953125,12,0,0,0.96,0,0,NaN,0,0,76,48,67,50,52,54,50,57,33,45,37,50,34,44,47,43,55,51,67,53,92,88,89,105,123,172,95,191,126,233,94,281,208,361,199,303,255,184,266,250,398,373,554,512,620,470,553,845,766,776,867,977,846,1000,842,801,308,282,187,87,170,228,336,181,283,196,197,185,145,176,112,163,69,141,45,109,34,90,36,75,39,56,36,43,37
64,170,1,2,119,0,1953125,12,0,0,0.96,0,0,NaN,0,0,85,42,76,50,59,49,58,59,37,47,43,50,34,40,49,35,58,38,67,41,99,75,100,94,134,157,114,188,149,234,96,289,198,377,201,325,236,217,241,246,376,346,539,475,621,452,522,816,801,738,860,989,892,1000,837,858,372,295,142,118,149,201,333,163,280,172,205,168,153,158,113,145,70,127,43,97,23,83,16,65,24,51,23,38,26
64,170,1,2,119,0,1953125,12,0,0,0.99,0,0,NaN,0,0,85,133,88,145,82,144,79,163,80,166,73,180,73,183,60,194,65,194,52,185,66,176,60,148,78,124,67,93,76,99,77,135,157,158,159,171,183,242,247,429,334,568,502,708,572,648,536,913,752,805,836,1000,834,936,788,854,375,311,161,195,30,53,196,65,120,45,58,46,15,78,7,87,22,106,25,116,36,123,32,123,37,119,34,115,43
64,170,1,2,119,0,1953125,12,0,0,0.99,0,0,NaN,0,0,79,47,68,43,67,41,63,38,62,29,68,39,65,40,82,52,89,53,110,49,110,43,127,24,103,9,101,37,80,52,96,108,146,167,154,132,248,156,402,371,490,504,663,679,719,617,658,916,846,802,905,1000,830,903,819,837,351,319,246,205,15,56,208,23,110,16,64,70,47,84,67,83,93,73,98,66,108,58,102,56,95,50,75,48,61
64,170,1,2,119,0,1953125,12,0,0,0.97,0,0,NaN,0,0,188,108,181,104,185,120,194,118,189,134,203,137,189,139,198,148,186,134,184,128,203,114,184,100,220,133,191,118,231,186,181,242,276,346,285,298,271,296,192,488,302,598,477,765,573,652,556,926,824,787,956,1000,924,904,928,821,284,214,317,58,169,268,384,211,304,202,219,155,166,123,142,109,104,84,94,67,83,66,74,62,82,71,78,70,81
64,170,1,2,119,0,1953125,12,0,0,0.99,0,0,NaN,0,0,48,71,48,63,46,63,49,61,44,64,49,61,48,73,51,83,50,97,46,102,40,104,43,94,55,72,53,67,66,100,30,190,100,268,103,260,144,267,336,439,432,512,657,629,736,541,724,826,920,741,1000,947,902,938,926,834,439,407,259,261,48,105,189,109,135,83,86,57,39,77,25,87,54,86,65,86,91,73,88,69,85,57,85,61,70
64,170,1,2,119,0,1953125,12,0,0,0.99,0,0,NaN,0,0,134,128,141,126,148,120,163,123,172,119,181,123,187,119,190,130,188,129,182,137,157,137,139,135,108,109,107,106,102,52,176,74,260,180,262,155,314,166,429,397,541,515,729,665,792,573,721,890,931,782,984,1000,880,953,886,803,419,428,302,307,96,172,147,168,70,146,20,70,31,69,51,69,61,84,65,106,70,106,68,116,57,114,49,123,28
64,170,1,2,119,0,1953125,12,0,0,0.97,0,0,NaN,0,0,137,174,123,176,129,188,122,191,126,203,126,203,128,208,131,201,125,198,121,206,88,208,71,223,48,235,69,244,112,246,177,262,297,371,310,318,341,236,369,347,510,435,698,573,786,474,691,818,937,722,1000,939,883,925,873,745,342,390,224,232,95,312,287,260,252,248,176,150,165,115,136,98,120,65,99,67,95,48,90,48,97,48,100,39,101
64,170,1,2,119,0,1953125,12,0,0,0.97,0,0,NaN,0,0,108,185,95,188,107,197,105,197,113,203,123,199,124,203,132,193,125,195,124,195,93,198,88,208,81,218,104,227,137,228,198,248,303,356,314,306,342,229,374,350,507,427,691,561,774,476,682,786,932,695,1000,906,902,919,910,718,370,411,270,246,45,324,259,286,230,268,155,181,143,141,120,127,99,92,79,91,74,74,67,71,80,72,82,68,80
64,170,1,2,119,0,1953125,12,0,0,0.96,0,0,NaN,0,0,88,48,100,21,88,17,93,10,74,12,76,16,66,30,67,26,77,34,81,38,129,40,139,48,206,92,202,125,250,195,201,290,274,433,276,409,261,351,265,475,440,502,653,620,765,503,667,804,928,717,1000,958,901,974,878,766,262,436,297,249,160,270,399,213,358,193,270,134,224,141,173,137,121,134,80,111,48,94,29,88,29,62,27,56,28
64,170,1,2,119,0,1953125,12,0,0,0.96,0,0,NaN,0,0,100,32,88,30,82,42,73,53,58,44,62,56,53,51,74,50,80,56,99,68,126,100,122,124,150,197,114,223,149,278,105,301,247,414,275,348,337,231,339,323,503,434,632,618,722,543,556,884,823,791,872,1000,821,921,797,759,187,318,362,135,208,298,425,250,333,262,229,238,158,228,121,199,76,176,70,129,65,101,74,73,79,57,65,41,61
64,170,1,2,119,0,1953125,12,0,0,0.96,0,0,NaN,0,0,99,25,86,23,85,31,80,42,65,41,71,50,59,49,78,47,87,57,105,56,129,96,132,116,159,186,130,218,163,275,101,303,233,425,257,356,318,249,328,327,490,417,626,595,721,521,571,873,839,785,881,1000,837,936,801,775,177,345,339,147,201,276,425,231,342,243,248,222,180,216,134,199,85,173,71,138,62,114,72,87,76,65,67,48,62
64,170,1,2,119,0,1953125,12,0,0,0.96,0,0,NaN,0,0,51,82,62,64,63,58,81,40,70,42,77,33,71,55,73,61,88,75,91,77,139,74,151,84,221,86,221,117,275,174,221,264,292,407,299,396,262,338,217,462,404,499,609,615,732,493,665,798,947,708,1000,956,942,934,871,759,240,425,257,219,175,309,410,240,372,215,291,149,250,159,197,157,146,159,98,137,68,123,49,107,52,81,53,65,55
64,170,1,2,119,0,1953125,12,0,0,0.96,0,0,NaN,0,0,84,46,84,34,86,23,89,6,80,18,85,27,74,45,82,45,96,61,108,56,147,64,159,68,215,113,207,147,251,211,184,289,262,427,263,399,250,336,258,447,429,492,636,602,736,501,687,803,937,727,1000,934,910,903,841,717,203,449,271,217,194,325,414,267,373,222,293,152,257,150,212,147,160,145,113,125,79,120,56,106,52,87,49,67,48
64,170,1,2,119,0,1953125,12,0,0,0.96,0,0,NaN,0,0,96,30,91,10,91,11,92,23,77,23,80,38,71,45,84,42,98,53,110,44,146,73,153,92,197,156,169,191,208,254,126,316,226,437,235,395,272,291,322,386,480,450,677,607,765,526,688,875,907,792,958,1000,876,933,784,738,125,390,297,163,250,315,463,246,389,226,289,192,227,196,174,189,118,173,76,140,57,126,55,103,63,78,56,60,60
64,170,1,2,119,0,1953125,12,0,0,0.96,0,0,NaN,0,0,91,41,77,44,71,53,63,63,50,59,53,66,49,59,68,62,77,70,91,87,106,121,103,148,118,207,95,243,132,265,133,280,271,368,307,305,364,191,340,325,472,455,594,632,659,587,560,903,798,813,871,1000,881,916,830,772,201,292,341,69,189,328,398,289,304,289,203,260,140,233,119,205,93,167,95,118,89,96,95,68,85,55,74,40,63
64,170,1,2,119,0,1953125,12,0,0,0.96,0,0,NaN,0,0,91,45,79,48,72,56,60,67,47,59,52,69,49,62,67,65,74,73,87,91,103,125,99,153,115,210,91,244,134,269,136,274,278,368,315,299,371,185,339,323,474,462,592,634,660,598,548,906,799,802,862,1000,900,934,864,808,226,309,368,81,171,325,397,293,300,296,201,266,140,240,121,210,96,167,98,120,92,94,98,66,93,56,78,40,67
64,170,1,2,119,0,1953125,12,0,0,0.96,0,0,NaN,0,0,87,69,62,69,55,81,40,80,34,70,34,78,41,67,55,76,63,84,75,109,82,142,78,174,92,223,97,253,150,256,188,250,338,342,378,269,424,184,345,379,462,532,571,693,640,631,515,926,808,795,925,995,1000,982,945,773,356,371,469,116,131,353,363,334,269,326,179,291,150,243,148,205,133,152,138,101,117,76,119,50,96,52,81,42,63
64,170,1,2,119,0,1953125,12,0,0,0.96,0,0,NaN,0,0,91,56,73,57,65,68,54,72,42,67,42,75,45,67,64,74,71,81,81,102,92,137,89,169,100,221,88,255,134,261,160,266,308,352,344,282,401,171,345,364,482,519,596,685,679,627,521,929,801,797,902,999,927,976,879,733,250,322,441,113,178,359,396,313,293,318,189,283,143,246,133,216,113,167,118,114,109,88,110,60,100,55,83,45,70
64,170,1,2,119,0,1953125,12,0,0,0.96,0,0,NaN,0,0,22,93,30,80,30,78,41,62,41,57,43,50,43,52,32,62,36,73,29,99,55,115,65,135,127,144,161,162,218,131,251,140,363,251,382,222,359,241,252,506,364,629,539,761,632,663,604,871,867,701,1000,879,964,836,889,564,231,375,366,183,110,446,305,370,264,335,194,240,206,172,191,134,173,77,146,55,120,39,99,51,74,48,62,46,41
64,170,1,2,119,0,1953125,12,0,0,0.96,0,0,NaN,0,0,65,82,47,82,30,76,21,79,4,64,15,65,18,57,37,59,41,67,46,86,63,124,53,147,72,198,64,224,110,232,162,243,297,318,309,238,360,129,345,373,482,544,614,707,683,640,554,956,796,793,912,1000,857,916,793,663,115,252,373,63,211,380,392,318,298,312,182,269,129,230,108,198,87,151,88,111,77,78,82,57,73,40,63,29,48
64,170,1,2,119,0,1953125,12,0,0,0.96,0,0,NaN,0,0,72,74,57,78,41,75,31,81,16,65,23,66,25,58,43,59,48,69,56,81,75,120,64,140,90,201,67,227,114,248,138,269,277,348,285,265,349,143,352,348,502,519,632,684,716,620,572,962,802,797,880,1000,838,934,792,709,139,278,360,68,197,349,412,272,309,283,203,248,133,223,103,200,72,161,68,115,60,91,68,66,66,52,54,32,47
64,170,1,2,119,0,1953125,12,0,0,0.96,0,0,NaN,0,0,73,71,58,75,42,72,32,76,18,62,23,65,24,54,41,52,48,68,57,78,79,113,68,142,92,200,69,227,110,248,133,273,279,357,288,277,361,163,369,349,497,523,636,678,714,632,588,979,834,840,899,999,878,932,777,726,203,308,355,60,206,365,432,300,329,294,222,265,145,234,115,210,80,167,75,124,66,96,72,71,69,52,55,37,50
64,170,1,2,119,0,1953125,12,0,0,0.96,0,0,NaN,0,0,92,63,76,68,61,68,56,79,35,64,39,65,37,55,53,47,60,57,73,69,101,104,92,123,127,194,90,222,124,267,102,304,242,402,245,322,325,200,402,369,525,489,704,679,772,603,682,1000,865,819,905,994,798,854,684,680,39,358,345,80,314,382,484,289,382,275,259,234,175,217,118,192,64,160,45,118,36,98,45,72,44,52,36,33,33
64,170,1,2,119,0,1953125,12,0,0,0.96,0,0,NaN,0,0,92,63,76,68,61,68,56,79,35,64,39,65,37,55,53,47,60,57,73,69,101,104,92,123,127,194,90,222,124,267,102,304,242,402,245,322,325,200,402,369,525,489,704,679,772,603,682,1000,865,819,905,994,798,854,684,680,39,358,345,80,314,382,484,289,382,275,259,234,175,217,118,192,64,160,45,118,36,98,45,72,44,52,36,33,33
64,170,1,2,119,0,1953125,12,0,0,0.96,0,0,NaN,0,0,88,56,75,63,63,61,55,68,35,57,40,56,34,47,50,41,62,53,75,59,105,96,96,116,128,190,95,217,119,265,99,302,234,399,243,323,315,199,402,375,521,479,701,680,772,600,687,1000,871,816,898,982,772,829,674,659,63,379,367,102,337,390,499,303,392,282,269,240,180,223,128,198,71,171,53,127,43,104,55,75,56,61,46,36,44
64,170,1,2,119,0,1953125,12,0,0,0.96,0,0,NaN,0,0,77,81,59,81,44,79,32,83,17,68,24,66,22,57,43,55,50,67,58,80,79,120,66,142,91,207,68,230,109,263,145,278,287,366,303,283,369,169,404,384,522,513,655,715,732,640,634,1000,826,831,873,967,790,814,701,637,53,346,389,92,297,409,461,332,341,309,221,262,139,229,102,196,64,154,63,109,60,83,68,58,55,36,47,24,35
64,170,1,2,119,0,1953125,12,0,0,0.96,0,0,NaN,0,0,99,45,84,53,71,55,67,65,48,51,52,52,42,44,57,31,71,41,82,44,119,81,113,100,160,177,129,204,156,265,98,332,230,436,235,378,302,263,409,421,549,488,729,676,816,581,734,967,923,832,941,1000,806,871,699,621,59,451,368,143,349,390,523,291,418,261,307,213,218,206,160,190,93,166,58,128,33,108,34,87,44,68,37,46,38
64,170,2,2,119,0,1953125,12,0,0,0.96,0,0,NaN,0,0,77,78,57,75,48,81,31,83,22,78,25,76,34,72,51,81,56,87,60,118,68,145,58,175,84,216,101,240,162,231,220,221,368,307,382,223,422,183,361,450,484,609,584,793,664,694,604,999,840,815,905,924,852,733,729,489,146,442,432,208,284,525,415,425,297,381,192,305,170,233,169,188,158,129,150,78,127,55,119,46,91,52,80,50,58
64,170,2,2,119,0,1953125,12,0,0,0.96,0,0,NaN,0,0,85,62,62,66,57,71,47,77,30,69,32,71,35,65,53,72,61,83,70,105,77,141,65,167,79,218,83,240,137,240,199,234,350,322,364,226,427,183,388,439,516,596,603,779,674,683,590,1000,804,784,846,897,790,695,661,422,246,501,485,225,326,525,446,418,314,377,194,310,168,251,161,201,155,146,145,90,133,67,129,54,106,64,87,55,68
64,170,2,2,119,0,1953125,12,0,0,0.96,0,0,NaN,0,0,86,64,69,63,60,67,51,70,38,64,38,69,37,63,58,71,67,79,75,97,89,136,73,166,87,221,72,241,124,254,191,260,341,349,355,252,427,189,422,441,552,594,646,768,686,673,592,1000,777,775,806,872,720,659,596,376,332,555,524,247,377,533,483,412,332,367,198,310,155,256,143,206,132,151,131,97,121,72,121,48,97,52,84,47,65
64,170,2,2,119,0,1953125,12,0,0,0.96,0,0,NaN,0,0,30,97,37,84,34,82,37,64,36,56,32,56,31,54,25,66,28,81,23,106,41,127,52,148,116,168,156,179,216,145,290,165,415,276,412,224,416,303,378,601,465,734,621,879,657,735,685,1000,862,740,918,786,793,568,625,234,326,718,512,393,345,659,437,481,316,396,208,276,218,196,201,138,178,80,150,46,119,34,113,50,74,48,63,50,35
64,170,2,2,119,0,1953125,12,0,0,0.96,0,0,NaN,0,0,39,97,29,87,26,82,25,76,21,59,19,59,20,53,23,65,22,78,19,101,28,132,26,146,75,189,117,193,169,181,266,183,397,273,398,198,421,254,425,559,500,704,642,863,654,729,634,1000,802,739,822,775,720,528,531,231,430,707,555,398,393,651,468,475,316,396,179,292,177,218,169,162,158,101,135,57,116,33,105,37,77,34,62,37,36
64,170,2,2,119,0,1953125,12,0,0,0.96,0,0,NaN,0,0,39,98,35,85,28,81,31,74,23,58,21,59,22,57,22,60,20,79,19,103,27,129,32,148,82,184,126,188,175,170,272,175,404,272,401,198,419,268,427,575,497,702,632,869,653,725,631,1000,799,717,817,756,713,504,507,221,453,735,551,420,402,672,464,485,312,395,179,287,187,212,174,155,161,93,135,52,117,23,102,32,77,36,60,39,34
64,170,1,2,119,0,1953125,12,0,0,0.96,0,0,NaN,0,0,38,100,34,87,30,79,38,68,31,58,28,54,28,51,20,64,20,77,17,104,34,131,42,150,99,173,144,178,198,154,292,167,416,266,413,217,417,295,416,603,476,729,635,893,661,733,660,1000,818,706,862,735,746,503,518,193,434,766,540,439,394,692,455,499,320,399,198,280,208,199,191,142,176,77,143,44,123,27,106,47,76,41,57,47,34
64,170,1,2,119,0,1953125,12,0,0,0.96,0,0,NaN,0,0,42,96,33,86,25,80,23,71,16,58,14,58,15,53,22,62,23,75,26,100,31,130,22,148,67,191,107,197,160,189,263,190,387,281,391,190,414,249,449,548,505,674,639,854,655,718,621,999,768,725,797,743,683,504,474,201,472,713,553,396,421,645,465,481,317,392,177,296,168,222,155,166,150,100,130,59,114,31,106,27,82,35,62,34,38
64,170,1,2,119,0,1953125,12,0,0,0.96,0,0,NaN,0,0,35,98,32,87,28,80,31,74,29,58,24,58,24,54,19,65,18,75,17,100,25,128,32,147,85,181,127,185,182,170,281,167,397,266,400,199,412,274,425,569,474,697,622,887,662,725,636,1000,787,700,820,720,699,482,487,197,452,732,530,417,406,668,449,489,316,392,183,281,192,204,175,144,161,80,135,44,117,24,106,34,71,34,57,40,32
64,170,1,2,119,0,1953125,12,0,0,0.96,0,0,NaN,0,0,42,96,48,82,44,75,49,65,44,51,36,52,36,50,26,62,23,77,22,104,42,123,67,142,127,156,171,157,231,124,306,156,421,269,412,246,390,344,384,645,448,746,633,934,700,752,709,1000,875,684,885,693,737,482,516,178,428,822,497,473,404,725,450,507,345,396,232,259,249,173,218,113,192,57,147,42,122,44,96,56,68,51,49,51,25
64,170,1,2,119,0,1953125,12,0,7615,2.33,0,0,NaN,0,0,32,20,25,21,25,22,20,30,11,26,11,26,0,22,10,27,1,36,13,20,9,34,8,15,63,26,63,37,57,38,80,147,173,181,187,81,120,162,303,456,148,508,424,693,468,345,358,866,723,274,785,490,335,121,571,924,1000,832,250,144,332,624,354,238,201,204,69,93,58,60,63,48,46,21,34,20,22,18,24,12,16,5,1,6,11
64,170,2,2,119,0,1953125,12,0,7575,2.32,0,0,NaN,0,0,25,67,17,62,8,52,27,41,7,33,21,33,3,21,23,22,6,50,30,40,27,61,61,37,23,69,13,145,101,122,99,128,76,179,79,178,166,101,57,310,389,413,406,200,165,206,41,250,431,753,948,993,1000,649,408,212,458,467,404,333,117,181,191,244,327,197,124,43,127,106,56,98,65,33,51,43,60,33,53,49,45,36,68,48,29
64,170,2,2,119,0,1953125,12,0,7918,2.38,0,0,NaN,0,0,46,11,51,16,52,14,29,39,24,38,11,41,9,29,29,11,44,22,48,8,37,25,24,67,13,51,37,3,125,93,54,66,142,58,116,27,128,96,75,151,270,306,363,344,101,90,163,144,200,450,841,995,999,750,380,394,486,416,131,117,238,181,353,315,282,97,74,79,47,121,119,100,40,70,23,36,17,25,51,48,36,14,56,33,6
64,170,2,2,119,0,1953125,12,0,7606,2.32,0,0,NaN,0,0,54,39,50,22,49,44,34,31,29,42,14,25,16,33,12,12,21,47,34,26,53,21,61,19,46,61,100,44,120,96,47,30,111,120,122,214,102,111,77,261,289,349,344,166,150,213,138,147,430,696,1000,983,840,622,300,362,329,406,374,219,230,218,161,246,208,147,164,48,51,24,47,105,86,52,69,14,71,35,63,20,59,54,40,21,27
64,170,2,2,119,0,1953125,12,0,7843,2.37,0,0,NaN,0,0,21,54,13,52,26,33,31,31,35,20,28,9,38,9,12,35,25,14,29,23,53,35,71,40,58,13,56,57,149,44,44,115,123,36,83,25,139,145,86,115,293,350,403,302,37,77,150,30,319,557,916,1000,983,704,354,369,449,397,160,142,227,150,324,296,297,154,36,45,49,115,115,94,54,56,36,30,26,55,16,42,34,28,68,65,33
64,170,2,2,119,0,1953125,12,0,7581,2.32,0,0,NaN,0,0,33,48,30,45,44,29,29,26,36,17,20,17,14,23,6,25,17,35,23,72,18,61,24,67,46,65,23,133,107,58,70,89,91,102,187,109,195,68,102,167,370,339,233,208,264,189,121,78,439,739,890,1000,837,525,378,304,422,359,337,286,141,203,207,169,259,192,117,96,38,93,37,62,99,54,30,21,53,55,18,30,28,55,31,39,25
64,170,2,2,119,0,1953125,12,0,7726,2.35,0,0,NaN,0,0,48,39,51,36,42,33,27,42,21,28,13,29,15,18,28,13,30,12,54,2,53,13,46,58,23,57,38,49,112,68,84,114,89,35,142,45,215,152,64,134,438,442,441,260,146,158,185,105,409,651,965,985,1000,707,383,317,454,472,292,246,221,115,274,294,380,220,55,33,135,80,51,88,90,47,83,37,33,56,60,19,10,35,32,22,24
64,170,2,2,119,0,1953125,12,0,7706,2.34,0,0,NaN,0,0,60,13,51,29,54,15,28,36,41,13,14,37,31,11,4,43,12,30,12,67,38,18,41,46,61,42,37,107,103,23,90,80,62,52,111,101,224,92,30,169,396,347,341,206,137,135,168,65,406,652,963,1000,858,640,320,404,355,411,312,175,230,188,224,296,234,254,111,44,23,84,89,85,75,90,19,64,25,41,32,54,27,28,24,13,14
64,170,2,2,119,0,1953125,12,0,7793,2.36,0,0,NaN,0,0,42,50,35,12,52,21,51,16,43,12,42,13,19,30,27,15,17,42,11,32,58,79,14,31,49,42,79,51,89,89,75,29,104,63,51,94,58,149,117,142,246,420,365,179,65,199,158,56,250,649,852,1000,917,610,415,327,400,270,224,235,201,271,248,317,283,119,70,98,60,43,65,145,56,42,21,64,15,39,33,30,37,37,30,38,65
64,170,2,2,119,0,1953125,12,0,7586,2.32,0,0,NaN,0,0,56,45,37,30,37,49,25,17,30,26,25,0,29,3,32,10,30,27,59,44,81,2,69,10,70,40,103,51,139,52,77,20,136,53,171,141,113,81,172,255,340,386,226,103,233,255,67,123,414,788,927,999,918,577,448,318,422,410,354,344,196,212,226,166,260,205,126,105,41,103,39,70,91,56,25,36,42,55,13,23,28,48,26,29,15
64,170,1,2,119,0,1953125,12,0,7581,2.32,0,0,NaN,0,0,57,20,45,34,49,21,30,32,29,28,3,32,6,30,16,32,26,36,59,56,59,66,49,55,57,27,84,27,140,88,48,30,181,99,139,70,159,94,125,206,425,380,226,208,314,191,40,206,581,744,951,1000,895,751,427,345,327,502,446,315,267,125,253,251,264,286,104,56,39,137,88,18,58,41,40,40,18,30,32,33,8,2,39,42,19
64,170,1,2,119,0,1953125,12,0,7695,2.34,0,0,NaN,0,0,36,37,28,44,29,42,13,49,11,41,23,40,24,31,32,12,54,31,57,15,46,29,21,61,43,48,50,29,76,91,11,70,107,80,91,78,127,153,48,137,394,416,279,174,248,218,99,135,536,744,961,1000,885,722,406,366,307,412,331,242,262,159,293,284,273,226,46,7,53,77,110,60,86,11,76,7,37,35,53,21,36,47,22,39,50
64,170,1,2,119,0,1953125,12,0,7586,2.32,0,0,NaN,0,0,25,69,27,48,21,62,31,30,11,56,19,23,23,56,15,14,43,45,39,36,87,86,35,39,64,56,76,58,138,118,45,39,155,123,115,142,115,115,163,267,374,413,241,126,264,250,23,192,535,841,921,1000,855,609,487,335,387,334,377,306,199,265,189,271,274,178,177,50,68,31,73,107,62,43,34,51,57,25,28,42,55,31,37,29,36
64,170,1,2,119,0,1953125,12,0,7606,2.32,0,0,NaN,0,0,46,32,56,16,54,17,52,13,33,20,34,9,18,18,13,15,24,5,47,15,67,32,70,43,54,31,71,21,131,35,82,69,128,71,165,48,176,46,52,227,449,363,328,236,256,204,150,264,550,777,1000,927,905,689,487,384,332,434,328,329,224,179,267,244,334,229,92,32,106,100,31,74,92,9,65,31,56,20,56,21,24,41,59,27,4
64,170,1,2,119,0,1953125,12,0,7626,2.33,0,0,NaN,0,0,43,42,55,31,54,35,60,17,43,26,35,27,27,26,9,32,12,36,33,14,44,11,65,44,41,53,39,64,113,22,94,94,94,94,153,70,184,46,2,239,424,356,349,230,231,207,165,273,545,794,1000,902,866,634,473,390,343,414,305,322,237,206,292,254,344,228,90,30,113,83,22,74,113,13,68,42,80,12,64,39,56,35,66,37,19
64,170,1,2,119,0,1953125,12,0,7625,2.33,0,0,NaN,0,0,45,47,44,42,30,50,40,39,29,41,26,31,16,26,9,28,5,38,28,22,43,20,70,17,48,40,35,88,93,64,98,95,70,138,132,120,171,38,12,289,415,361,333,176,219,244,157,251,536,822,1000,893,849,590,489,409,361,393,288,315,233,231,294,249,317,196,79,45,96,75,41,101,114,15,57,46,69,21,54,42,52,31,52,21,5
64,170,1,2,119,0,1953125,12,0,7661,2.33,0,0,NaN,0,0,49,25,45,32,43,25,41,27,44,17,24,30,32,19,7,36,14,33,20,32,48,9,67,32,47,35,32,71,115,30,88,84,101,84,154,90,203,60,29,241,446,366,317,156,233,217,169,195,540,773,1000,910,805,627,485,502,341,385,262,235,260,197,303,255,264,233,58,33,61,85,72,58,112,42,52,28,65,12,57,38,50,9,42,23,14
64,170,1,2,119,0,1953125,12,0,7701,2.34,0,0,NaN,0,0,29,56,12,50,32,43,24,28,42,41,26,17,46,25,25,18,59,16,40,13,55,31,17,55,33,61,52,17,103,103,4,50,123,91,115,122,131,147,96,208,414,457,259,101,239,283,88,136,577,872,974,1000,763,617,478,488,398,314,325,214,247,300,260,345,238,198,126,42,19,21,97,115,55,72,26,62,9,24,37,45,6,9,20,2,30
64,170,1,2,119,0,1953125,12,0,7631,2.33,0,0,NaN,0,0,39,31,38,45,23,35,21,45,20,28,16,31,23,24,13,30,13,42,10,63,41,63,52,42,42,40,21,118,82,69,60,129,78,148,120,138,157,14,61,306,419,314,268,156,224,200,117,245,570,797,1000,882,778,608,499,534,354,382,253,229,248,195,295,266,247,264,103,74,16,93,66,28,86,93,4,26,50,64,9,33,39,51,10,30,24
64,170,1,2,119,0,1953125,12,0,7550,2.32,0,0,NaN,0,0,14,63,17,63,14,49,19,41,22,37,20,28,24,23,30,13,37,18,59,12,72,14,69,32,52,49,67,82,140,13,53,117,159,92,158,62,151,48,131,272,454,317,231,231,291,160,20,336,694,844,1000,885,760,651,514,534,321,376,293,262,283,210,312,269,265,280,106,74,24,115,81,35,95,77,22,34,56,60,24,39,39,41,37,55,44
64,170,1,2,119,0,1953125,12,0,149,1.05,0,0,NaN,0,0,500,464,413,390,428,412,328,298,300,279,234,177,199,184,133,166,229,245,228,284,375,396,402,430,527,540,510,520,654,631,633,699,573,621,710,588,705,618,659,559,667,537,826,637,336,549,632,620,321,676,875,264,944,372,1000,203,793,509,424,611,547,820,301,710,628,430,560,514,543,449,407,449,421,399,334,324,312,313,219,181,171,153,131,67,34
64,170,2,2,119,0,1953125,12,0,124,1.04,0,0,NaN,0,0,45,73,27,73,31,70,19,57,19,59,14,44,43,56,51,44,83,57,83,28,91,30,78,22,113,40,142,72,185,44,193,83,222,103,153,106,28,278,386,519,539,678,825,856,914,781,928,970,1000,772,934,767,622,429,410,578,591,298,354,318,539,523,527,430,427,376,291,288,185,203,100,137,63,83,74,80,87,79,88,73,75,67,60,52,41
64,170,2,2,119,0,1953125,12,0,124,1.04,0,0,NaN,0,0,73,40,60,30,67,31,54,26,43,37,24,35,3,55,21,56,38,78,43,65,44,77,46,40,104,31,131,35,173,95,157,156,174,182,98,120,92,233,448,487,600,645,873,857,943,796,913,1000,954,788,863,764,534,402,304,498,564,362,392,333,510,539,515,432,396,374,259,263,146,173,66,104,60,65,76,61,90,67,84,59,70,48,51,31,35
64,170,2,2,119,0,1953125,12,0,7520,2.31,0,0,NaN,0,0,29,35,27,30,30,32,27,14,29,21,21,14,27,15,9,19,27,27,26,21,21,35,30,21,60,45,68,51,60,50,86,145,172,160,188,74,87,175,286,381,163,416,417,573,400,255,276,762,588,318,655,413,332,176,405,851,999,611,285,62,323,428,351,120,185,114,80,62,39,50,30,45,36,35,12,15,18,11,15,9,6,7,8,9,12
64,170,2,2,119,0,1953125,12,0,7740,2.35,0,0,NaN,0,0,40,46,23,47,38,40,20,21,45,38,21,2,54,22,25,31,48,33,34,59,53,33,34,44,44,68,13,99,59,41,76,89,46,176,112,175,112,98,36,323,402,495,374,71,230,392,156,209,614,1000,980,911,729,658,629,514,367,188,214,161,149,245,333,432,276,215,78,63,29,25,143,85,73,30,67,22,55,15,32,41,48,21,15,54,36
64,170,2,2,119,0,1953125,12,0,124,1.04,0,0,NaN,0,0,72,27,71,18,67,14,61,10,53,22,50,36,48,58,50,69,43,87,36,82,10,85,16,86,58,114,74,140,81,170,36,175,52,150,46,13,200,232,484,506,579,689,787,929,817,868,779,1000,825,776,757,740,481,340,296,596,521,493,349,448,429,582,432,468,352,376,264,255,188,157,116,112,56,99,49,101,46,114,57,93,51,87,44,54,40
64,170,2,2,119,0,1953125,12,0,124,1.04,0,0,NaN,0,0,72,27,71,18,67,14,61,10,53,22,50,36,48,58,50,69,43,87,36,82,10,85,16,86,58,114,74,140,81,170,36,175,52,150,46,13,200,232,484,506,579,689,787,929,817,868,779,1000,825,776,757,740,481,340,296,596,521,493,349,448,429,582,432,468,352,376,264,255,188,157,116,112,56,99,49,101,46,114,57,93,51,87,44,54,40
64,170,2,2,119,0,1953125,12,0,124,1.04,0,0,NaN,0,0,71,30,71,19,66,27,57,22,44,37,43,41,32,64,41,73,35,88,27,77,20,82,38,70,89,92,107,118,121,152,59,169,45,158,37,26,211,223,520,498,621,667,840,912,856,852,806,1000,836,771,737,741,443,328,236,570,536,472,380,441,428,587,432,472,326,388,234,274,150,175,84,124,25,107,32,102,44,116,56,93,51,87,43,56,40
64,170,2,2,119,0,1953125,12,0,124,1.04,0,0,NaN,0,0,30,73,20,73,25,64,21,53,36,49,39,35,59,45,68,37,88,42,84,29,83,27,65,71,86,100,96,140,139,118,150,75,181,22,108,125,87,371,403,643,532,790,805,1000,863,886,897,976,966,726,890,685,592,248,373,519,607,486,399,408,545,525,544,397,465,303,349,188,253,95,167,48,111,41,105,57,99,77,104,71,82,66,69,46,48
64,170,2,2,119,0,1953125,12,0,124,1.04,0,0,NaN,0,0,71,46,65,43,62,48,50,44,30,58,25,56,23,76,39,71,55,89,50,66,60,70,67,33,125,45,146,67,180,104,131,136,120,148,52,84,186,261,528,529,662,671,919,909,948,842,912,1000,944,781,807,770,485,335,253,562,611,423,454,394,501,555,496,455,372,394,253,281,141,190,68,128,44,89,61,86,79,90,73,79,74,71,54,48,45
64,170,2,2,119,0,1953125,12,0,144,1.04,0,0,NaN,0,0,69,44,51,49,56,46,39,47,28,51,10,44,15,57,39,51,65,62,75,42,82,43,76,10,113,20,132,60,185,54,179,73,202,78,122,97,70,303,410,566,560,698,849,918,916,828,948,949,1000,721,890,716,594,283,379,581,695,432,481,386,590,499,560,386,454,311,323,199,208,113,130,55,99,20,105,37,106,53,100,49,82,44,61,34,44
64,170,2,2,119,0,1953125,12,0,124,1.04,0,0,NaN,0,0,31,76,20,70,29,68,22,54,38,52,38,37,63,48,68,40,92,42,85,25,89,13,74,63,109,85,124,123,166,89,167,49,189,27,105,133,70,365,421,633,576,764,859,958,915,852,944,951,1000,723,910,711,581,259,374,555,681,420,455,359,574,489,554,382,458,323,325,227,221,148,138,90,105,45,108,53,109,59,110,63,93,58,77,46,52
64,170,2,2,119,0,1953125,12,0,124,1.04,0,0,NaN,0,0,69,55,58,51,54,58,40,53,22,65,19,59,24,76,42,69,62,81,61,56,72,61,74,17,137,27,156,54,198,82,150,124,150,147,65,109,158,286,518,548,657,683,931,913,957,829,939,1000,976,765,846,753,498,299,246,540,614,377,447,362,517,528,514,428,387,367,264,268,154,179,81,120,66,74,77,75,93,79,90,74,83,64,64,46,49
64,170,2,2,119,0,1953125,12,0,124,1.04,0,0,NaN,0,0,62,65,50,64,47,65,34,59,14,68,13,58,33,78,50,65,75,78,74,46,83,47,84,4,140,20,160,56,200,60,167,96,169,122,80,120,136,318,494,575,647,704,930,932,970,834,960,979,1000,745,869,739,521,266,284,557,681,414,480,380,573,532,557,423,433,359,300,255,183,172,108,109,87,63,96,63,107,69,100,65,88,59,67,42,48
64,170,2,2,119,0,1953125,12,0,124,1.04,0,0,NaN,0,0,76,30,71,26,69,32,60,31,44,48,43,52,27,75,41,76,43,95,40,80,42,85,50,64,106,83,125,100,149,147,95,160,80,161,37,42,189,210,520,482,637,637,856,887,878,827,838,1000,884,780,772,771,460,330,258,658,601,427,393,450,472,575,446,479,340,398,228,285,138,191,68,135,24,107,39,101,57,107,58,91,60,81,48,51,40
64,170,2,2,119,0,1953125,12,0,124,1.04,0,0,NaN,0,0,62,64,47,62,47,60,33,57,15,65,12,58,29,74,47,63,73,75,71,43,80,45,79,2,136,18,158,56,201,62,171,102,176,131,85,124,129,314,496,568,634,700,924,913,959,832,955,987,1000,754,874,720,491,270,263,498,633,399,468,354,554,517,545,414,423,351,288,250,176,167,103,103,82,60,94,61,105,68,102,63,86,60,66,41,47
64,170,2,2,119,0,1953125,12,0,124,1.04,0,0,NaN,0,0,30,72,28,72,34,61,37,49,46,41,51,29,68,39,75,44,87,55,86,51,75,55,57,91,64,125,71,166,110,156,125,120,159,75,99,112,104,345,404,616,513,764,760,1000,817,900,841,996,916,737,839,688,535,222,331,599,614,505,390,475,540,559,513,439,442,323,325,199,240,98,155,71,97,72,93,82,76,98,85,78,70,79,59,50,42
64,170,2,2,119,0,1953125,12,0,124,1.04,0,0,NaN,0,0,64,61,50,64,52,66,31,60,16,69,14,59,30,76,50,64,71,78,74,47,84,46,80,1,140,18,162,58,207,68,178,104,191,126,100,107,113,295,478,551,619,677,907,900,952,831,952,990,1000,751,883,727,498,267,266,523,636,374,457,369,566,515,541,417,425,349,285,249,175,166,102,104,84,62,98,59,104,65,102,63,83,57,65,39,46
64,170,2,2,119,0,1953125,12,0,124,1.04,0,0,NaN,0,0,391,373,336,321,347,314,272,221,245,227,156,147,162,135,102,123,168,187,188,240,301,308,322,340,431,394,468,412,511,507,533,371,635,523,491,550,626,479,504,456,460,665,422,596,650,212,972,270,544,805,244,498,577,974,752,359,1000,572,246,804,738,195,172,540,511,481,349,447,413,461,334,326,370,342,282,213,257,257,187,140,147,154,112,37,24
64,170,2,2,119,0,1953125,12,0,174,1.05,0,0,NaN,0,0,64,47,53,47,51,50,44,38,34,39,22,29,16,38,20,39,52,55,55,50,68,63,58,33,92,19,125,30,177,83,186,160,209,185,136,104,65,183,394,401,539,564,813,805,864,809,862,1000,904,804,787,748,441,325,234,539,491,373,342,409,426,554,405,450,299,352,182,222,108,124,41,91,0,91,27,98,35,98,40,79,29,59,21,38,28
64,170,2,2,119,0,1953125,12,0,7520,2.31,0,0,NaN,0,0,23,25,15,17,17,16,6,21,11,17,5,18,5,12,12,17,8,17,12,10,18,15,10,24,30,25,13,48,23,49,99,140,147,151,156,43,73,220,240,316,114,406,343,638,264,377,256,764,620,267,671,414,316,18,518,972,1000,519,229,66,341,352,317,124,170,101,81,58,32,61,12,52,57,48,25,26,36,15,31,14,17,14,7,17,7
64,170,2,2,119,0,1953125,12,0,7575,2.32,0,0,NaN,0,0,46,43,53,50,16,43,57,37,13,38,21,48,27,49,29,24,28,83,72,41,63,37,114,46,48,23,126,131,55,93,79,211,170,238,232,43,108,218,407,370,275,208,44,193,171,233,177,362,620,769,994,1000,913,863,757,661,598,498,482,494,409,380,395,255,231,241,108,93,100,89,34,98,73,45,92,39,78,42,37,38,51,60,9,25,39
64,170,2,2,119,0,1953125,12,0,7651,2.33,0,0,NaN,0,0,26,50,13,54,18,54,11,52,7,32,11,27,10,10,23,5,28,20,16,43,5,67,15,63,27,53,31,79,25,90,46,72,124,182,95,155,31,75,213,391,411,406,194,189,391,432,113,250,664,999,949,825,625,639,732,719,571,347,307,225,294,388,331,375,249,183,115,37,31,31,56,96,50,92,31,37,3,34,22,21,7,13,12,5,11
64,170,2,2,119,0,1953125,12,0,7611,2.33,0,0,NaN,0,0,24,54,20,55,15,51,21,37,15,34,10,20,19,12,17,10,32,12,50,18,72,20,78,13,56,37,50,63,100,27,35,138,164,128,174,58,102,112,234,345,486,291,152,274,450,318,119,311,739,923,999,768,611,619,696,803,529,439,311,251,361,335,414,329,254,230,62,61,31,55,72,37,100,75,22,14,49,33,34,27,59,28,27,19,23
64,170,2,2,119,0,1953125,12,0,7645,2.33,0,0,NaN,0,0,46,28,48,16,48,21,52,9,33,26,33,17,7,39,18,34,3,36,12,12,52,21,68,36,69,42,52,19,94,17,54,84,102,110,168,55,90,100,182,341,466,303,192,230,408,369,202,276,666,919,1000,728,650,574,705,689,452,386,227,284,311,376,411,301,298,124,51,55,81,42,74,117,130,47,62,51,64,24,28,45,35,53,45,33,21
64,170,2,2,119,0,1953125,12,0,7837,2.36,0,0,NaN,0,0,32,34,37,28,29,27,29,20,18,24,17,9,16,15,4,18,15,12,29,4,50,21,56,38,40,39,44,18,80,37,28,71,118,56,144,49,81,59,156,237,423,334,191,129,366,354,221,147,610,871,1000,828,678,656,658,671,361,259,208,176,348,361,451,348,268,157,16,21,90,17,105,68,96,34,26,26,14,63,41,52,20,47,22,33,32
64,170,2,2,119,0,1953125,12,0,7962,2.39,0,0,NaN,0,0,46,22,56,23,31,27,53,18,44,39,49,10,6,30,16,48,35,38,59,66,54,35,55,22,58,26,104,44,33,70,94,50,24,126,99,153,126,52,137,370,407,258,177,202,298,256,192,182,512,783,1000,908,777,751,756,790,437,223,245,207,354,487,526,470,203,100,75,102,86,106,91,78,23,5,67,22,51,12,55,43,58,39,56,27,10
64,170,2,2,119,0,1953125,12,0,7052,2.23,0,0,NaN,0,0,17,86,78,19,64,9,85,68,23,49,23,72,49,78,56,14,19,62,102,36,70,29,99,120,63,152,100,49,52,85,147,27,133,104,134,260,197,111,231,444,491,468,556,387,97,126,415,786,907,950,1000,761,562,543,587,835,778,664,631,415,353,524,500,596,546,330,272,98,161,214,143,175,87,69,70,111,140,43,74,73,118,145,94,71,55
64,170,2,2,119,0,1953125,12,0,7033,2.23,0,0,NaN,0,0,43,58,29,69,28,68,28,50,4,63,20,44,22,52,21,12,60,36,56,9,87,19,93,31,116,31,80,37,125,111,113,192,235,50,44,119,208,165,200,410,374,408,393,276,234,86,293,691,908,1000,934,466,278,492,815,699,529,391,532,389,323,262,521,465,430,251,206,146,152,93,167,103,66,5,92,14,83,56,96,30,74,67,84,51,66
64,170,2,2,119,0,1953125,12,0,7052,2.23,0,0,NaN,0,0,82,59,60,29,79,34,71,23,68,12,68,27,50,29,49,27,8,61,18,61,20,79,32,97,44,96,60,102,54,94,178,171,225,172,92,134,214,257,206,291,444,338,469,327,245,111,382,624,959,1000,925,567,282,454,772,772,540,531,502,444,247,381,537,570,363,305,160,206,94,151,125,137,34,52,76,37,93,72,77,25,72,46,67,51,71
64,170,1,2,119,0,1953125,12,0,7650,2.33,0,0,NaN,0,0,40,33,20,25,41,13,53,10,40,20,39,12,6,24,16,9,26,24,4,23,34,30,52,23,40,58,64,34,35,149,73,51,175,134,73,92,158,110,217,364,349,205,103,130,259,354,145,132,640,932,1000,682,505,616,785,622,415,324,339,234,139,227,370,359,208,121,67,36,53,22,16,98,70,63,10,41,21,21,17,16,27,2,2,10,12
64,170,1,2,119,0,1953125,12,0,7670,2.34,0,0,NaN,0,0,39,38,21,41,21,47,5,49,11,38,3,29,5,18,21,17,30,21,20,29,13,48,43,43,46,45,36,76,47,83,66,74,38,165,98,128,61,81,132,373,385,336,198,209,336,389,160,298,643,987,1000,797,688,597,747,683,529,366,194,214,209,368,363,321,290,111,81,48,64,41,38,96,108,55,61,15,43,11,29,46,18,23,7,10,15
64,170,1,2,119,0,1953125,12,0,7664,2.33,0,0,NaN,0,0,16,47,27,37,35,36,41,35,47,38,41,28,43,17,28,19,49,9,35,13,34,36,9,56,22,47,42,26,68,78,27,2,130,119,117,119,48,17,214,304,386,347,95,134,370,374,76,255,707,1000,978,863,609,614,658,703,550,336,286,185,286,385,356,373,214,140,58,63,8,57,36,97,41,69,27,35,16,26,35,47,22,27,19,10,22
64,170,1,2,119,0,1953125,12,0,6913,2.21,0,0,NaN,0,0,27,100,21,90,64,55,87,18,86,30,72,48,64,66,53,70,26,68,14,80,32,61,48,68,78,45,102,20,160,102,104,155,46,72,67,170,72,259,315,369,586,481,381,271,191,403,597,921,1000,914,861,565,307,321,428,668,488,422,375,151,349,338,447,460,360,426,293,214,205,103,218,142,199,159,62,98,66,146,98,86,67,45,76,57,62
64,170,1,2,119,0,1953125,12,0,0,0.97,0,0,NaN,0,0,842,825,779,794,838,869,852,828,859,928,926,885,881,911,952,928,867,863,878,903,827,780,759,773,732,700,641,581,549,650,545,350,561,587,531,402,513,474,635,649,362,649,550,545,483,549,784,630,471,910,635,1000,546,305,800,473,692,482,564,607,488,139,615,260,395,321,283,292,322,275,259,268,308,270,283,297,319,326,325,316,328,362,358,365,367
64,170,1,2,119,0,1953125,12,0,0,0.96,0,0,NaN,0,0,103,40,103,21,91,25,92,22,75,7,78,15,63,29,71,22,73,34,87,30,134,36,147,38,212,75,214,112,262,218,239,359,334,451,320,426,210,438,423,681,519,612,762,878,789,601,784,886,1000,720,957,697,731,644,555,92,488,885,501,532,423,572,462,397,383,277,291,148,287,115,227,91,183,98,128,89,95,91,69,90,49,72,33,62,23
64,170,1,2,119,0,1953125,12,0,0,0.97,0,0,NaN,0,0,180,151,177,144,189,158,193,149,195,165,212,157,200,166,214,164,200,153,205,146,213,117,208,105,246,47,236,43,283,80,306,188,404,252,415,214,351,276,483,547,519,563,673,853,658,673,581,1000,744,823,721,823,500,626,397,242,546,715,528,410,466,453,476,318,360,230,254,128,227,92,183,53,154,26,125,2,115,25,101,33,105,51,91,58,82
64,170,2,2,119,0,1953125,12,0,6938,2.21,0,0,NaN,0,0,26,18,22,18,24,22,24,22,15,21,17,20,11,16,14,22,10,24,6,18,27,28,15,26,56,13,41,5,40,52,50,191,118,201,146,70,101,129,281,337,189,306,447,625,306,251,282,664,600,342,756,409,342,84,578,958,1000,681,221,141,253,350,255,185,136,147,66,36,70,25,60,31,28,19,28,18,10,19,9,10,1,4,8,7,9
64,170,2,2,119,0,1953125,12,0,6908,2.21,0,0,NaN,0,0,56,72,55,67,52,54,73,64,49,36,67,35,54,31,71,28,58,23,48,45,51,52,54,63,6,120,40,80,48,202,108,133,135,179,131,189,91,274,369,550,411,440,278,180,87,297,452,770,828,1000,826,427,67,543,738,665,347,296,477,438,325,186,381,443,439,242,275,163,191,109,202,130,152,76,138,52,66,69,96,40,42,46,39,42,57
64,170,2,2,119,0,1953125,12,0,0,0.96,0,0,NaN,0,0,364,376,345,303,267,296,286,266,200,156,173,174,125,81,117,155,165,124,175,251,279,281,280,335,385,393,422,426,442,431,570,614,420,433,493,598,503,522,411,307,865,597,491,404,340,743,560,182,460,500,911,739,471,223,1000,290,590,368,577,629,470,235,696,257,433,482,406,335,371,387,403,297,302,311,286,258,238,216,181,185,150,117,90,89,73
64,170,2,2,119,0,1953125,12,0,0,0.96,0,0,NaN,0,0,100,44,101,27,89,24,95,17,75,4,79,12,63,28,70,22,76,35,89,42,136,34,145,37,211,70,219,108,263,211,241,352,333,438,324,416,194,435,406,684,507,605,756,884,755,596,782,886,1000,687,955,695,700,631,551,73,483,864,496,518,423,582,460,402,375,284,289,153,288,111,225,84,182,88,133,86,98,89,72,91,48,71,33,58,26
64,170,2,2,119,0,1953125,12,0,6938,2.21,0,0,NaN,0,0,29,38,27,30,31,31,28,10,24,15,20,6,17,9,18,3,30,4,35,20,38,14,35,36,14,49,15,61,27,67,125,189,142,213,136,84,28,139,301,334,221,338,458,653,314,331,225,790,607,422,730,484,217,171,638,1000,999,648,306,73,229,326,305,145,141,131,70,50,23,50,20,39,52,48,11,18,35,11,25,12,23,14,10,14,12
64,170,2,2,119,0,1953125,12,0,0,0.97,0,0,NaN,0,0,705,690,672,685,726,734,734,718,749,784,776,777,775,794,802,791,767,754,768,740,711,678,665,646,631,565,532,551,560,438,407,523,397,345,366,408,382,449,356,231,692,433,514,518,495,666,396,483,694,133,886,249,580,690,1000,572,160,436,545,231,452,523,262,386,300,195,270,310,236,179,205,283,265,204,214,272,292,276,250,269,328,327,316,290,306
64,170,2,2,119,0,1953125,12,0,6988,2.22,0,0,NaN,0,0,30,27,28,25,28,31,32,21,21,24,23,17,18,18,21,21,21,24,18,21,40,27,28,35,57,24,32,34,29,76,74,231,113,243,124,101,89,111,333,365,223,303,491,615,329,279,277,728,667,357,766,400,209,236,619,910,1000,727,299,118,246,303,290,156,157,115,88,5,75,4,58,6,12,39,22,15,9,21,3,11,12,6,14,5,12
64,170,2,2,119,0,1953125,12,0,0,0.97,0,0,NaN,0,0,696,669,665,678,706,710,713,714,728,776,771,759,771,783,795,763,753,743,762,735,713,669,656,669,629,546,531,563,552,446,444,542,399,382,377,410,399,453,367,259,675,430,530,539,448,664,422,454,692,141,890,351,654,574,1000,430,160,373,610,347,476,396,425,383,327,191,297,316,275,200,228,281,310,235,230,279,305,315,273,276,338,345,334,314,323
64,170,2,2,119,0,1953125,12,0,0,0.97,0,0,NaN,0,0,178,174,167,168,184,179,186,173,190,189,206,180,200,188,212,184,200,172,206,174,200,149,201,146,242,102,239,108,289,90,337,194,435,264,439,220,382,250,555,549,617,543,767,823,755,668,672,1000,852,819,787,770,482,717,406,146,543,841,524,475,423,495,435,352,343,272,249,159,231,119,182,75,158,46,131,37,124,27,115,31,122,55,107,63,96
64,170,2,2,119,0,1953125,12,0,7581,2.32,0,0,NaN,0,0,28,19,24,24,25,25,25,23,16,21,16,19,13,16,17,25,10,26,8,19,30,26,20,25,62,14,42,9,41,58,60,215,134,228,154,71,99,146,298,378,197,333,466,631,326,274,313,730,697,307,791,386,218,205,608,919,999,745,294,145,234,334,258,176,144,145,72,29,80,21,72,30,32,21,34,19,11,19,9,11,3,6,8,5,9
64,170,2,2,119,0,1953125,12,0,6963,2.21,0,0,NaN,0,0,93,60,61,65,47,93,4,78,23,87,57,46,36,60,69,67,74,37,82,39,107,38,77,39,87,87,48,65,88,153,36,154,113,42,70,136,61,231,326,373,610,550,464,380,231,342,584,951,1000,947,862,476,318,333,573,764,545,585,431,324,400,379,533,426,499,442,255,239,79,234,181,198,164,35,90,57,119,38,78,51,86,79,60,77,74
64,170,2,2,119,0,1953125,12,0,0,0.96,0,0,NaN,0,0,389,409,397,334,306,313,338,286,244,188,177,196,161,97,108,164,179,168,174,265,322,320,334,358,418,443,468,499,537,475,571,738,516,460,549,643,623,594,570,407,910,773,498,442,303,695,680,459,340,968,477,965,434,312,439,897,1000,651,234,597,308,771,522,481,349,535,511,447,372,408,380,420,351,326,289,282,263,248,225,171,171,143,123,101,53
64,170,2,2,119,0,1953125,12,0,0,0.96,0,0,NaN,0,0,35,107,34,92,36,85,46,74,43,65,41,55,40,59,36,70,30,81,27,109,47,130,68,148,126,161,174,167,248,153,337,221,457,291,460,259,365,367,461,696,489,709,638,990,663,748,659,999,916,766,905,661,703,544,598,161,598,860,622,520,418,599,380,463,282,372,191,259,228,179,202,118,193,59,156,44,134,39,112,58,85,46,56,47,32
64,170,2,2,119,0,1953125,12,0,0,0.96,0,0,NaN,0,0,38,100,29,91,20,86,23,78,21,65,19,62,26,60,28,68,21,82,21,109,31,136,40,156,88,189,132,201,204,201,306,237,423,300,441,224,388,313,504,616,535,654,649,930,642,745,611,1000,842,787,812,680,676,550,595,104,652,787,655,460,435,551,398,419,266,363,157,278,173,207,163,156,157,96,138,62,126,39,112,32,82,32,70,35,39
64,170,2,2,119,0,1953125,12,0,0,0.96,0,0,NaN,0,0,109,55,99,53,81,57,83,65,60,50,63,56,51,45,68,35,79,45,92,45,137,84,133,100,168,180,136,217,163,319,140,432,263,507,264,427,278,366,573,599,676,522,857,838,862,615,787,1000,961,804,861,746,564,719,465,61,748,887,672,497,574,477,561,301,437,232,305,190,251,193,164,184,107,171,61,140,40,122,38,99,48,69,44,45,46
64,170,2,2,119,0,1953125,12,0,7631,2.33,0,0,NaN,0,0,24,32,25,22,25,24,20,6,22,13,18,1,14,9,17,2,22,4,28,18,30,17,27,30,10,37,21,51,24,49,113,150,116,164,104,54,31,138,254,301,181,288,369,569,281,266,213,643,498,303,607,392,115,100,420,867,1000,650,312,139,203,275,247,133,111,118,55,45,12,38,16,32,50,37,12,14,28,10,22,8,19,13,9,10,9
64,170,2,2,119,0,1953125,12,0,7525,2.31,0,0,NaN,0,0,23,59,14,43,17,49,12,37,19,37,21,32,42,31,32,31,71,36,73,40,83,26,50,12,57,44,84,49,95,52,92,109,154,45,100,58,96,217,332,318,365,148,114,326,458,262,17,411,807,963,1000,731,541,506,631,753,539,463,300,295,309,319,390,283,284,200,59,37,71,56,41,34,124,74,71,40,86,57,63,46,57,33,48,49,50
64,170,2,2,119,0,1953125,12,0,7525,2.31,0,0,NaN,0,0,23,59,14,43,17,49,12,37,19,37,21,32,42,31,32,31,71,36,73,40,83,26,50,12,57,44,84,49,95,52,92,109,154,45,100,58,96,217,332,318,365,148,114,326,458,262,17,411,807,963,1000,731,541,506,631,753,539,463,300,295,309,319,390,283,284,200,59,37,71,56,41,34,124,74,71,40,86,57,63,46,57,33,48,49,50
64,170,2,2,119,0,1953125,12,0,7600,2.32,0,0,NaN,0,0,35,31,28,48,29,36,8,49,9,33,16,40,9,17,38,13,32,37,59,33,72,59,71,30,43,37,24,104,44,74,37,155,81,145,37,107,65,171,282,400,294,198,108,302,412,378,25,334,740,1000,908,727,465,543,568,637,451,299,302,220,333,316,345,318,211,167,32,53,70,33,98,80,104,39,77,47,64,19,66,31,59,52,60,23,14
64,170,2,2,119,0,1953125,12,0,7570,2.32,0,0,NaN,0,0,27,63,21,61,11,53,2,31,29,20,16,9,33,11,22,14,12,25,10,52,33,39,19,56,13,63,22,112,23,77,43,162,81,144,27,78,88,222,259,412,313,171,149,371,407,360,44,411,717,1000,931,717,591,551,685,660,570,371,301,265,250,368,310,317,259,111,81,63,60,36,1,106,85,80,47,57,46,60,40,47,32,51,44,46,29
64,170,2,2,119,0,1953125,12,0,6988,2.22,0,0,NaN,0,0,81,21,74,19,79,30,57,36,51,56,37,53,13,44,44,75,28,63,20,95,49,72,54,65,84,32,91,60,87,24,156,101,74,97,77,25,153,178,253,477,459,519,514,218,75,318,653,805,938,1000,738,527,299,334,495,584,577,425,452,370,421,526,449,533,428,354,301,92,170,111,226,143,96,79,62,94,39,79,20,75,36,47,35,59,65
64,170,2,2,119,0,1953125,12,0,7028,2.23,0,0,NaN,0,0,31,71,34,58,8,70,22,40,19,53,14,37,31,29,23,9,47,29,62,37,60,59,77,69,82,54,37,107,90,50,67,232,144,109,106,122,74,92,331,408,443,466,320,288,63,146,461,690,824,1000,805,565,141,458,597,666,292,448,522,570,316,412,476,589,390,263,133,180,72,164,101,130,18,81,29,68,61,90,29,45,81,84,71,74,67
64,170,2,2,119,0,1953125,12,0,7559,2.32,0,0,NaN,0,0,48,39,48,5,64,2,38,32,24,41,6,26,19,11,27,4,14,36,8,30,43,29,49,18,36,69,54,71,54,124,65,122,174,133,72,56,68,208,345,395,344,100,102,311,331,316,38,280,716,955,1000,703,492,584,741,595,417,390,482,349,235,278,400,378,197,105,56,13,67,49,39,120,77,82,26,67,39,53,59,37,95,66,64,53,48
64,170,2,2,119,0,1953125,12,0,7605,2.32,0,0,NaN,0,0,61,18,57,17,53,20,44,12,23,32,25,16,9,42,11,7,43,39,44,31,79,49,53,15,78,22,68,31,106,17,87,94,161,65,124,37,84,199,319,359,419,181,43,298,451,319,107,354,743,945,1000,726,628,554,676,689,534,455,330,346,285,324,331,256,279,137,65,46,76,31,25,93,102,37,52,38,50,24,33,24,12,42,39,22,1
64,170,2,2,119,0,1953125,12,0,7053,2.23,0,0,NaN,0,0,26,88,17,68,30,66,55,31,44,29,53,31,60,9,33,21,55,18,63,19,93,34,93,62,81,98,48,110,17,103,14,168,98,120,158,14,101,153,132,318,497,453,524,410,143,173,524,861,914,1000,881,526,434,298,532,601,531,545,456,537,494,567,553,442,475,279,213,95,141,160,120,137,8,82,47,114,47,73,50,75,75,72,93,81,84
64,170,1,2,119,0,1953125,12,0,7033,2.23,0,0,NaN,0,0,85,22,66,32,74,27,64,23,40,44,52,24,14,40,8,26,44,70,25,42,60,61,68,69,67,56,109,77,81,82,186,146,210,166,64,9,82,206,298,410,564,431,480,241,56,199,508,661,962,1000,934,589,201,372,640,600,320,411,630,624,398,424,540,649,427,327,97,209,88,155,92,155,7,61,68,79,49,65,62,43,66,62,67,51,66
64,170,1,2,119,0,1953125,12,0,7659,2.33,0,0,NaN,0,0,35,30,35,19,23,37,9,31,21,20,36,13,27,13,18,23,6,28,17,21,14,44,12,55,23,24,46,48,72,41,67,141,121,154,26,121,36,61,336,368,391,169,22,263,381,334,126,283,615,1000,989,801,487,653,673,589,311,406,390,355,172,272,329,392,228,83,32,27,72,10,76,83,98,33,39,39,12,55,2,6,44,15,10,9,12
64,170,1,2,119,0,1953125,12,0,7058,2.23,0,0,NaN,0,0,83,32,70,52,54,78,17,69,9,71,30,64,44,48,36,35,25,56,52,46,68,45,103,16,98,32,104,88,50,68,87,163,62,166,126,36,114,123,116,367,462,457,550,371,117,179,553,832,884,1000,849,553,482,325,544,578,526,528,451,535,492,575,558,440,464,274,202,102,129,160,103,132,17,84,49,118,61,69,71,90,105,68,87,74,87
64,170,1,2,119,0,1953125,12,0,7584,2.32,0,0,NaN,0,0,14,61,30,45,51,25,53,1,36,25,18,32,17,31,39,26,24,22,27,37,5,54,21,53,30,17,68,57,79,91,57,165,136,165,44,84,48,115,355,350,383,138,58,332,377,303,29,337,657,1000,991,834,538,659,693,644,361,436,420,372,170,263,296,375,229,93,23,60,47,23,62,45,108,17,42,47,16,64,33,53,53,65,28,19,16
64,170,1,2,119,0,1953125,12,0,7580,2.32,0,0,NaN,0,0,44,43,52,37,48,27,41,18,28,20,21,6,22,20,8,5,37,8,43,13,70,13,50,21,63,28,61,55,101,35,62,126,162,69,107,56,63,187,288,357,411,171,115,367,482,291,57,399,773,935,1000,766,699,588,657,710,576,528,379,359,283,310,344,250,272,158,42,37,69,46,48,70,109,24,63,27,63,23,57,36,55,47,66,39,34
64,170,1,2,119,0,1953125,12,0,7614,2.33,0,0,NaN,0,0,40,32,37,20,41,23,34,20,25,29,25,21,2,42,23,32,17,15,25,4,61,29,52,12,70,14,64,23,104,14,58,91,154,71,127,34,72,171,294,370,438,189,63,338,483,314,97,386,774,943,1000,746,658,539,608,640,516,462,336,341,296,325,362,260,266,129,25,50,66,47,69,94,107,32,61,42,55,25,31,31,30,48,43,18,12
64,170,1,2,119,0,1953125,12,0,7600,2.32,0,0,NaN,0,0,35,38,36,25,48,19,33,18,30,18,18,22,9,28,4,14,33,36,34,34,51,51,36,24,70,36,79,41,100,39,106,80,195,124,109,45,129,130,363,396,404,266,153,313,510,395,36,319,779,1000,976,861,639,654,630,747,594,484,457,317,377,320,326,317,187,180,81,27,23,34,76,77,68,79,26,56,41,50,29,42,44,50,24,26,7
64,170,1,2,119,0,1953125,12,0,7695,2.34,0,0,NaN,0,0,41,38,22,34,28,35,20,22,23,28,6,20,17,16,13,26,6,20,17,23,37,3,57,18,55,31,42,54,44,33,39,121,61,135,89,66,20,177,221,420,390,227,94,349,442,410,128,356,700,1000,992,799,695,565,633,569,507,343,328,321,292,407,344,314,243,70,53,92,16,76,57,134,57,68,17,74,19,41,11,37,7,20,28,28,42
64,170,1,2,119,0,1953125,12,0,7656,2.33,0,0,NaN,0,0,23,51,25,36,31,26,36,25,25,14,33,17,11,18,30,3,20,27,8,42,10,70,25,46,17,59,35,74,24,72,66,128,113,188,58,117,53,187,287,478,383,244,112,391,467,439,117,360,698,999,997,792,690,552,655,619,543,408,339,367,317,404,385,274,261,116,33,64,54,57,61,95,108,23,48,33,57,13,27,32,35,11,7,30,24
64,170,1,2,119,0,1953125,12,0,8058,2.4,0,0,NaN,0,0,25,36,33,24,45,24,41,8,39,5,22,18,15,11,20,17,24,16,19,28,19,45,30,31,32,34,65,47,61,16,117,65,19,108,115,102,83,96,181,446,436,316,79,326,437,439,175,254,586,924,1000,874,800,688,753,654,514,225,150,237,338,519,480,376,210,28,59,146,45,121,74,109,42,13,34,19,49,13,36,12,31,12,32,23,35
64,170,1,2,119,0,1953125,12,0,7599,2.32,0,0,NaN,0,0,46,44,14,69,73,6,42,23,74,34,19,11,42,27,12,28,43,3,22,35,90,47,50,44,71,46,42,36,95,89,41,80,100,220,137,68,117,335,384,412,395,110,137,282,442,295,103,306,677,976,1000,957,821,580,615,612,590,545,420,397,382,316,386,329,227,220,115,31,27,78,21,95,78,95,88,16,56,51,82,23,31,39,61,46,7
64,170,1,2,119,0,1953125,12,0,7977,2.39,0,0,NaN,0,0,41,29,33,29,27,37,16,41,17,33,4,28,19,6,19,23,20,45,19,67,19,53,26,32,65,34,103,30,92,35,126,50,17,137,91,110,43,123,229,440,383,297,119,283,396,439,182,197,570,955,1000,917,764,705,720,665,491,213,217,240,359,511,445,407,161,34,117,130,98,92,129,94,18,37,39,35,30,45,19,39,15,36,8,7,27
64,170,1,2,119,0,1953125,12,0,7614,2.33,0,0,NaN,0,0,37,44,34,28,21,41,49,12,26,27,51,9,7,31,47,15,11,42,54,28,42,38,86,24,50,39,80,16,49,43,99,24,120,79,134,123,93,164,350,444,315,174,101,354,395,338,130,306,640,859,1000,832,695,569,527,665,515,439,401,261,328,357,315,342,239,100,67,76,57,42,54,104,139,54,59,27,91,59,21,5,50,44,12,3,14
64,170,1,2,119,0,1953125,12,0,7545,2.31,0,0,NaN,0,0,48,34,42,34,44,28,30,29,24,32,21,24,4,38,11,15,25,28,25,26,40,45,24,30,50,33,79,24,101,28,135,105,205,83,91,19,132,166,386,384,418,247,164,339,538,390,53,299,770,969,1000,884,685,683,646,748,557,479,439,335,387,305,330,296,187,199,92,21,37,31,81,69,88,91,26,54,53,65,26,46,56,68,55,62,48
64,170,1,2,119,0,1953125,12,0,7631,2.33,0,0,NaN,0,0,32,36,21,54,19,43,14,41,10,29,7,25,16,8,32,12,17,26,37,38,48,64,63,45,47,49,46,70,4,56,73,155,126,196,62,116,44,131,293,449,379,284,123,330,473,451,81,285,710,1000,962,861,632,608,586,647,500,362,365,245,342,330,359,350,211,178,63,37,48,11,117,102,113,70,69,54,68,37,56,25,48,38,50,11,23
64,170,1,2,119,0,1953125,12,0,7038,2.23,0,0,NaN,0,0,98,56,70,75,42,87,7,78,10,74,40,63,48,35,27,53,48,55,64,45,91,26,106,18,105,58,95,95,67,95,101,226,97,159,158,18,134,183,169,402,567,489,547,399,137,218,568,882,916,1000,920,563,467,237,466,580,523,581,472,536,512,588,643,503,547,362,225,162,123,209,111,159,53,79,45,97,84,49,75,47,82,46,78,68,71
64,170,1,2,119,0,1953125,12,0,7681,2.34,0,0,NaN,0,0,34,30,39,19,26,36,16,28,19,21,30,14,26,3,17,16,7,23,29,25,24,52,25,72,17,45,39,57,72,20,65,150,134,165,34,138,27,41,316,375,423,218,43,274,438,363,184,247,546,952,1000,865,520,598,616,595,347,415,363,331,178,309,366,412,250,82,14,44,61,3,78,70,99,20,38,39,5,50,7,2,23,19,30,38,43
64,170,1,2,119,0,1953125,12,0,7525,2.31,0,0,NaN,0,0,59,15,52,18,40,22,31,25,27,21,18,26,17,27,8,28,16,51,19,63,13,58,17,46,28,44,51,76,33,55,104,170,92,138,4,82,103,243,283,429,332,148,145,383,412,326,96,384,680,939,999,786,694,493,592,608,541,479,373,391,311,347,352,246,271,179,65,57,49,40,51,44,116,55,64,35,86,63,51,37,50,41,52,52,55
64,170,1,2,119,0,1953125,12,0,7725,2.35,0,0,NaN,0,0,50,19,29,31,41,23,15,23,25,26,12,8,37,31,16,13,44,13,27,19,51,19,39,41,44,48,36,52,59,57,31,109,94,76,119,42,80,112,178,365,402,246,88,274,420,434,224,235,601,944,1000,842,708,551,581,511,434,248,258,234,261,386,345,374,239,105,53,104,28,66,109,134,60,62,60,54,39,24,41,11,46,15,31,54,61
64,170,1,2,119,0,1953125,12,0,7656,2.33,0,0,NaN,0,0,53,16,53,3,56,5,63,16,50,14,58,24,33,16,36,24,24,26,12,32,14,72,19,73,18,80,32,53,9,66,71,64,106,147,66,122,24,87,250,405,351,272,57,309,417,438,137,279,627,967,1000,863,721,534,598,552,492,323,265,266,232,352,361,294,286,122,53,45,63,43,74,96,125,48,69,38,72,18,40,22,38,10,19,17,19
64,170,1,2,119,0,1953125,12,0,8088,2.41,0,0,NaN,0,0,26,31,19,40,16,38,13,23,23,10,14,21,26,9,5,29,8,23,20,28,43,33,43,29,28,35,43,67,45,69,91,84,45,55,149,78,134,38,146,354,427,249,68,269,413,351,197,182,527,803,1000,902,853,665,643,544,371,149,55,198,342,427,472,310,191,63,89,123,54,106,71,51,57,27,32,8,47,13,22,4,18,4,15,26,25
64,170,1,2,119,0,1953125,12,0,7450,2.3,0,0,NaN,0,0,69,41,35,18,69,41,27,13,46,57,7,12,27,49,18,22,24,62,32,45,48,66,36,73,73,51,107,55,145,68,103,131,130,201,121,89,177,377,394,290,265,161,225,251,312,209,102,369,618,915,1000,897,865,613,558,624,509,563,520,381,405,314,262,302,241,196,235,145,44,60,28,89,58,6,43,78,49,3,14,41,46,10,10,36,68
64,170,1,2,119,0,1953125,12,0,7336,2.28,0,0,NaN,0,0,81,35,46,5,67,28,43,14,60,15,39,27,43,18,46,44,42,37,25,56,24,85,45,90,27,108,58,90,34,152,108,132,106,95,32,133,109,324,314,301,306,215,248,390,341,181,152,471,698,949,1000,786,699,506,666,623,598,502,552,501,435,457,336,340,212,127,166,79,74,74,152,128,56,66,63,61,46,58,57,40,52,71,65,42,43
64,170,1,2,119,0,1953125,12,0,7570,2.32,0,0,NaN,0,0,56,28,53,17,62,15,48,4,41,12,32,10,4,28,6,15,14,11,38,13,38,37,56,30,13,81,24,85,43,89,61,163,147,161,32,89,53,94,355,397,350,172,149,265,410,285,142,221,633,873,1000,763,667,563,641,530,416,333,349,292,202,277,253,339,268,161,83,61,60,6,71,61,54,59,45,16,66,40,50,21,66,46,60,45,41
64,170,1,2,119,0,1953125,12,0,7581,2.32,0,0,NaN,0,0,56,43,55,47,49,36,41,21,43,9,44,10,42,34,44,21,20,60,34,71,42,94,39,60,9,63,40,64,36,46,109,132,148,153,62,81,99,143,362,445,367,232,193,378,516,432,56,299,725,990,1000,950,735,671,615,669,511,359,336,196,301,293,346,351,222,199,59,47,22,29,80,91,100,105,58,75,56,68,46,55,48,54,44,40,27
64,170,1,2,119,0,1953125,12,0,7581,2.32,0,0,NaN,0,0,9,64,3,70,4,59,3,52,8,41,11,26,23,20,26,15,26,23,37,39,56,46,58,40,47,41,25,89,26,67,51,186,103,176,64,114,39,200,291,482,375,200,133,421,475,435,99,351,677,1000,996,868,730,584,668,645,591,375,342,236,243,356,317,370,281,148,103,46,35,45,34,119,61,102,39,86,38,82,37,63,35,69,50,54,36
64,170,1,2,119,0,1953125,12,0,7586,2.32,0,0,NaN,0,0,42,42,37,46,42,34,26,31,22,28,11,14,27,34,19,11,40,17,48,15,81,27,59,16,61,30,27,73,74,62,57,165,161,105,116,66,26,220,300,410,404,116,75,386,492,337,126,333,680,889,1000,806,740,561,647,650,538,443,293,284,224,315,342,271,291,145,78,33,52,50,45,83,101,53,75,42,66,43,58,43,60,51,57,30,28
64,170,1,2,119,0,1953125,12,0,7606,2.32,0,0,NaN,0,0,59,9,60,8,67,9,51,7,48,12,43,11,16,41,36,35,5,44,25,51,48,88,39,67,39,74,22,22,73,46,84,73,186,89,138,51,78,109,335,370,441,210,90,304,522,376,155,254,706,889,999,868,695,577,528,625,437,375,260,193,257,255,378,308,252,179,6,21,58,13,104,73,129,59,84,39,81,35,63,31,66,43,54,23,28
64,170,1,2,119,0,1953125,12,0,7575,2.32,0,0,NaN,0,0,39,36,36,33,35,26,34,10,39,2,35,14,43,30,37,24,21,53,28,65,37,75,32,51,15,48,48,85,40,70,89,160,131,172,56,115,75,162,308,448,342,217,126,368,436,393,39,348,693,1000,980,893,688,515,530,566,533,361,363,228,262,334,306,359,251,153,95,42,26,43,43,115,57,105,40,88,40,76,32,60,39,72,50,50,29
64,170,1,2,119,0,1953125,12,0,7525,2.31,0,0,NaN,0,0,62,27,52,27,36,30,32,26,34,28,27,40,35,44,15,57,46,78,26,77,39,84,10,53,34,48,79,74,81,50,138,145,158,138,78,77,119,152,360,412,306,173,216,366,445,347,44,361,742,1000,982,928,684,572,543,642,549,413,414,260,359,343,365,375,233,207,88,51,17,45,51,78,62,107,39,83,44,90,47,68,26,58,52,67,45
64,170,1,2,119,0,1953125,12,0,7550,2.32,0,0,NaN,0,0,48,40,30,53,37,39,16,45,11,42,12,32,27,41,33,10,53,37,65,15,81,31,67,21,61,25,15,91,62,68,37,184,120,136,78,124,10,211,265,429,339,124,97,395,418,340,52,382,680,984,1000,862,715,511,555,514,471,296,316,236,256,348,307,358,268,163,93,63,37,55,28,126,77,120,57,111,56,86,45,79,48,77,66,69,45
64,170,1,2,119,0,1953125,12,0,7461,2.3,0,0,NaN,0,0,68,6,57,18,68,3,57,8,57,4,36,18,43,2,7,42,32,21,22,36,34,22,59,69,56,90,87,129,42,121,118,209,70,122,20,96,125,269,296,412,268,68,217,424,376,274,116,457,709,998,1000,861,745,514,609,573,560,400,407,332,333,402,306,335,287,172,176,31,82,19,71,59,24,54,54,35,53,39,59,33,45,31,49,54,65
64,170,1,2,119,0,1953125,12,0,7525,2.31,0,0,NaN,0,0,60,31,45,4,46,29,54,25,38,42,57,45,30,64,45,38,36,89,44,53,55,87,8,19,67,42,71,47,118,26,140,132,197,36,131,47,67,202,355,352,352,66,133,345,443,258,76,351,685,908,1000,761,640,431,543,527,469,362,309,289,213,324,293,343,322,176,125,43,81,15,13,101,55,91,55,96,38,77,58,78,30,77,70,69,41
64,170,1,2,119,0,1953125,12,0,7631,2.33,0,0,NaN,0,0,48,16,38,23,58,4,37,21,44,10,16,29,17,21,17,35,16,13,45,9,68,38,78,14,77,18,53,53,75,27,11,144,114,136,104,118,50,160,235,439,383,208,24,375,455,432,159,290,619,970,999,887,718,529,544,510,436,250,262,182,223,330,309,367,253,167,76,64,15,60,67,122,77,97,49,79,51,64,52,47,55,57,49,27,38
64,170,1,2,119,0,1953125,12,0,7411,2.29,0,0,NaN,0,0,22,69,14,73,3,64,11,47,17,38,5,33,21,11,23,24,17,8,36,12,67,26,101,40,108,68,119,85,100,112,140,168,62,98,59,94,170,301,289,376,255,87,237,440,394,250,124,445,685,920,1000,793,715,453,554,572,513,483,368,395,319,408,371,265,287,177,100,92,32,87,18,63,58,18,43,42,29,42,28,55,21,36,7,36,34
64,170,1,2,119,0,1953125,12,0,7581,2.32,0,0,NaN,0,0,26,57,14,52,3,61,7,27,34,39,19,16,48,13,48,42,35,50,52,76,21,102,56,73,25,83,13,6,110,59,73,96,209,80,123,61,98,141,324,395,419,115,83,342,443,327,162,267,601,916,1000,809,664,462,541,466,384,224,272,203,230,304,295,373,259,194,61,74,25,45,86,102,92,86,88,61,76,62,80,39,82,67,68,33,46
64,170,1,2,119,0,1953125,12,0,7566,2.32,0,0,NaN,0,0,13,58,9,59,15,43,21,37,31,37,29,18,52,40,48,16,58,40,66,45,89,48,72,28,63,31,22,88,50,74,26,174,108,147,82,108,6,207,268,444,372,158,69,391,450,382,125,321,626,930,1000,860,757,497,537,468,419,274,225,202,185,333,326,343,318,149,112,34,68,39,33,104,100,107,93,81,80,85,81,64,55,63,62,48,36
64,170,1,2,119,0,1953125,12,0,7561,2.32,0,0,NaN,0,0,62,15,59,9,45,27,40,24,27,38,30,30,19,58,26,28,36,61,37,52,63,77,25,31,53,40,63,22,104,10,125,98,193,77,149,47,84,144,363,371,413,178,104,299,491,340,112,240,675,870,999,869,666,510,454,535,345,314,200,195,242,266,379,300,286,208,54,35,62,24,68,50,125,63,85,42,88,46,74,44,79,57,74,51,47
64,170,1,2,119,0,1953125,12,0,7616,2.33,0,0,NaN,0,0,58,13,49,5,66,4,51,11,44,18,38,27,18,39,30,43,8,45,36,45,63,80,61,57,63,61,36,20,89,23,65,99,186,97,169,65,96,128,298,389,466,192,46,329,526,383,204,245,647,861,1000,800,670,450,487,500,367,298,165,169,183,300,392,332,328,136,69,39,82,49,77,105,118,78,82,62,66,50,41,45,41,63,42,35,29
64,170,1,2,119,0,1953125,12,0,7511,2.31,0,0,NaN,0,0,31,58,19,44,35,43,28,28,37,33,26,14,45,21,26,24,60,23,53,33,69,15,34,60,54,81,81,115,107,103,133,182,211,101,158,51,66,223,375,386,438,154,112,347,526,329,123,269,679,867,1000,858,670,523,518,664,482,454,300,238,258,265,378,300,281,256,80,91,11,86,49,3,71,57,43,44,44,54,52,55,31,46,51,58,41
64,170,1,2,119,0,1953125,12,0,7581,2.32,0,0,NaN,0,0,69,35,48,12,66,25,40,7,49,8,39,26,24,39,38,39,6,59,37,56,48,88,37,55,45,55,35,23,105,30,82,115,201,86,166,67,93,155,337,402,461,173,48,324,497,352,190,248,621,860,1000,796,655,414,517,531,441,324,199,209,172,314,331,318,318,144,106,36,71,33,20,113,91,92,61,85,58,76,48,54,25,62,47,45,27
64,170,1,2,119,0,1953125,12,0,7561,2.32,0,0,NaN,0,0,14,63,14,60,16,47,19,32,34,35,25,12,53,34,37,11,52,32,51,44,75,32,49,44,45,54,6,117,46,92,52,214,134,197,117,141,15,255,317,488,409,159,76,406,471,385,145,325,626,935,999,821,679,421,538,551,517,363,269,240,195,347,333,337,328,154,130,14,70,26,21,89,84,86,76,65,65,77,76,69,68,71,70,63,56
64,170,1,2,119,0,1953125,12,0,7481,2.3,0,0,NaN,0,0,22,67,12,58,11,75,5,55,16,60,11,48,37,48,16,29,56,41,33,20,51,47,40,34,60,59,116,53,103,81,179,139,215,59,151,12,132,229,445,377,374,186,208,337,494,301,35,292,719,895,999,874,611,464,451,635,464,421,311,259,314,288,397,318,285,270,98,107,16,96,26,21,73,80,51,65,52,78,62,77,52,68,55,72,67
64,170,1,2,119,0,1953125,12,0,7611,2.33,0,0,NaN,0,0,16,65,9,52,35,72,18,34,41,46,18,7,33,6,34,34,24,40,28,57,19,89,37,65,39,77,13,12,97,53,67,97,207,97,183,95,118,131,347,434,498,216,40,295,476,367,235,209,572,854,999,808,660,424,528,503,415,238,174,171,158,311,318,342,316,160,107,58,60,39,21,120,67,93,33,79,18,53,28,48,44,63,44,27,28
64,170,1,2,119,0,1953125,12,0,7566,2.32,0,0,NaN,0,0,39,53,40,50,34,47,24,42,8,51,9,38,33,60,24,31,52,48,58,45,89,64,57,32,63,35,69,26,101,39,130,130,229,122,215,70,86,177,416,423,477,226,93,313,538,380,145,240,707,897,1000,845,615,516,508,635,408,318,219,143,259,276,419,387,302,252,53,73,52,60,73,85,128,119,82,80,90,91,65,58,81,88,87,77,68
64,170,1,2,119,0,1953125,12,0,7506,2.31,0,0,NaN,0,0,53,36,53,31,33,45,34,40,21,49,19,49,31,52,4,34,39,54,24,45,39,57,39,13,64,19,124,43,104,25,187,126,209,97,136,45,142,200,446,420,355,218,249,359,516,364,35,284,736,952,999,905,640,574,557,694,489,378,333,231,346,305,384,365,271,282,113,92,8,79,39,34,82,109,41,71,57,96,41,57,34,60,57,77,65
64,170,1,2,119,0,1953125,12,0,7525,2.31,0,0,NaN,0,0,56,34,27,46,38,44,9,49,8,56,20,36,40,66,37,10,69,55,65,15,95,43,49,34,76,33,50,98,101,77,95,197,175,113,128,91,8,279,365,460,408,112,123,398,449,364,164,277,587,913,999,822,699,488,609,535,422,241,249,242,243,359,307,351,319,207,163,28,67,52,22,110,88,116,61,108,78,99,74,104,65,58,61,84,51
64,170,1,2,119,0,1953125,12,0,7561,2.32,0,0,NaN,0,0,43,43,16,61,36,35,8,46,18,37,17,25,36,35,38,8,51,32,54,25,81,26,56,48,53,35,16,121,42,93,66,220,118,183,106,142,33,262,347,519,391,167,130,400,448,446,168,247,582,959,1000,887,712,544,630,568,443,205,246,179,257,335,299,374,297,239,167,24,33,54,46,90,60,110,22,86,43,73,22,66,41,67,63,70,36
64,170,1,2,119,0,1953125,12,0,7431,2.29,0,0,NaN,0,0,52,52,36,72,66,42,40,55,51,30,23,50,31,27,26,66,16,33,24,51,42,33,90,81,78,92,121,126,81,133,159,209,76,133,35,60,205,331,365,448,260,108,309,471,426,362,73,360,650,997,1000,889,730,530,668,630,559,340,353,300,373,437,329,365,292,209,212,47,97,21,109,48,13,63,77,20,52,55,88,49,74,32,47,33,59
64,170,1,2,119,0,1953125,12,0,7536,2.31,0,0,NaN,0,0,70,9,45,32,64,17,19,52,39,34,24,66,15,46,41,42,42,52,75,28,71,37,60,50,70,28,19,132,109,81,76,251,181,144,90,162,18,256,369,543,390,131,149,407,416,424,153,217,562,960,1000,920,653,556,602,617,409,210,237,188,292,255,330,340,285,281,87,50,43,76,67,53,110,50,90,59,79,35,86,43,67,73,104,61,60
64,170,1,2,119,0,1953125,12,0,7561,2.32,0,0,NaN,0,0,73,18,57,5,53,21,46,11,32,30,34,18,8,52,26,18,35,61,29,43,68,84,17,25,63,47,64,27,104,25,135,120,207,84,184,71,73,176,402,410,440,176,94,305,504,365,204,169,599,825,1000,834,655,486,525,580,370,288,142,224,216,287,358,273,307,195,110,50,67,20,40,60,125,57,83,41,94,54,83,43,57,34,61,54,47
64,170,1,2,119,0,1953125,12,0,7611,2.33,0,0,NaN,0,0,37,45,38,43,38,42,32,32,27,14,35,10,12,30,42,18,7,50,17,51,29,97,27,63,10,78,37,47,53,49,102,87,169,132,174,151,56,100,387,444,439,272,81,288,520,460,215,140,616,892,1000,914,650,568,530,627,369,239,147,146,254,270,384,350,270,234,61,53,56,45,74,62,132,87,69,46,90,54,47,25,56,32,54,33,28
64,170,1,2,119,0,1953125,12,0,7511,2.31,0,0,NaN,0,0,23,65,18,42,27,50,24,36,24,33,31,27,46,27,24,17,52,7,49,13,58,36,32,47,39,92,99,88,94,117,168,160,209,110,190,30,107,260,456,412,425,177,153,347,549,381,156,193,655,869,999,901,668,569,518,639,411,326,235,224,316,293,383,339,255,261,102,103,27,60,37,35,71,110,48,71,31,83,40,55,33,76,61,69,54
64,170,1,2,119,0,1953125,12,0,7566,2.32,0,0,NaN,0,0,57,47,42,24,47,29,46,12,36,19,48,23,23,48,48,27,18,76,37,60,46,103,20,40,40,68,54,24,94,24,133,111,196,90,189,99,83,164,426,428,433,192,102,284,493,373,226,134,579,825,1000,834,626,469,492,531,298,216,113,212,226,284,363,281,325,200,112,29,95,13,55,82,140,65,93,75,103,57,93,79,74,45,73,68,45
64,170,1,2,119,0,1953125,12,0,7531,2.31,0,0,NaN,0,0,35,43,10,50,33,47,20,45,26,51,30,31,51,53,38,7,70,41,59,24,90,27,50,38,58,46,22,109,63,96,76,207,138,166,141,123,2,280,355,468,387,98,97,396,451,388,192,233,545,898,1000,838,688,439,548,502,414,214,219,214,222,334,281,314,300,190,175,4,63,36,44,84,81,100,63,76,76,84,57,61,45,61,60,78,57
64,170,1,2,119,0,1953125,12,0,7481,2.3,0,0,NaN,0,0,30,59,5,46,29,65,11,44,31,58,20,31,50,53,20,13,66,35,37,9,68,38,6,64,46,78,68,113,79,116,122,191,171,131,155,76,42,288,391,407,381,87,131,381,481,337,197,211,545,822,999,815,693,437,536,547,426,311,223,298,249,347,317,256,305,176,166,66,69,29,47,48,84,51,82,32,90,60,92,52,75,36,65,74,86
64,170,1,2,119,0,1953125,12,0,7530,2.31,0,0,NaN,0,0,82,7,51,28,69,19,42,53,50,40,44,58,22,64,48,48,43,80,68,52,73,83,50,31,74,34,42,64,123,32,92,163,198,101,170,95,57,255,409,472,443,102,95,373,465,372,240,172,499,835,999,837,699,455,555,502,378,187,184,200,205,333,285,326,299,190,148,34,61,53,14,122,94,118,54,111,68,88,58,89,33,69,81,91,47
64,170,1,2,119,0,1953125,12,0,7536,2.31,0,0,NaN,0,0,64,32,44,37,40,45,28,42,9,54,23,35,27,61,25,18,55,53,46,23,81,54,29,23,68,36,72,74,109,62,125,164,202,126,205,77,60,247,416,436,439,126,90,344,499,375,247,146,521,798,1000,838,717,504,562,546,376,258,167,244,205,294,310,247,301,180,149,60,61,17,29,64,104,58,74,48,87,46,57,63,83,65,79,79,72
64,170,1,2,119,0,1953125,12,0,7606,2.32,0,0,NaN,0,0,35,59,27,42,50,57,30,29,46,20,44,25,33,22,51,34,15,53,30,52,29,103,38,66,27,89,25,25,80,59,87,76,188,116,205,133,84,115,389,427,458,219,105,285,521,422,283,123,565,810,1000,855,668,514,490,501,265,167,50,127,206,263,376,293,296,177,70,27,88,13,72,91,141,63,82,63,94,52,72,47,45,36,46,35,16
64,170,1,2,119,0,1953125,12,0,7536,2.31,0,0,NaN,0,0,32,59,24,47,34,38,29,20,51,36,32,19,65,33,33,26,59,38,57,56,85,24,45,47,44,66,27,123,55,116,74,210,146,203,165,124,23,286,368,486,435,138,51,388,514,419,248,196,540,834,1000,833,742,507,536,514,359,244,115,187,165,293,373,305,336,198,126,55,68,17,60,40,127,77,119,47,104,71,107,63,99,75,90,67,78
64,170,1,2,119,0,1953125,12,0,7531,2.31,0,0,NaN,0,0,71,24,64,22,52,37,52,31,30,46,34,33,21,63,27,27,44,68,34,41,64,70,20,17,62,37,89,47,118,31,150,131,218,100,207,64,74,215,440,428,441,164,122,322,527,378,230,141,566,804,1000,861,713,550,541,577,354,270,145,214,217,256,350,273,324,232,128,78,65,46,31,41,126,61,90,36,103,49,71,33,67,46,75,66,64
64,170,1,2,119,0,1953125,12,0,7561,2.32,0,0,NaN,0,0,82,24,60,42,68,26,33,44,26,48,29,43,17,65,46,40,51,60,69,39,99,71,67,14,85,17,49,68,116,43,81,172,189,152,201,111,60,241,376,481,458,133,76,396,527,418,253,193,544,853,1000,832,732,452,513,481,382,199,132,158,155,302,322,310,315,156,137,16,59,32,6,114,98,102,69,81,64,74,50,61,42,64,52,55,30
64,170,1,2,119,0,1953125,12,0,7581,2.32,0,0,NaN,0,0,86,74,21,75,26,60,59,25,69,29,28,17,56,64,28,36,19,65,45,98,98,25,77,27,72,84,28,32,93,152,77,172,171,56,186,126,235,317,257,385,402,350,446,365,374,405,405,612,754,828,1000,942,868,840,684,531,414,218,112,128,236,230,274,369,320,230,237,126,45,44,136,171,80,108,78,84,137,87,94,70,37,80,73,86,71
64,170,1,2,119,0,1953125,12,0,7475,2.3,0,0,NaN,0,0,34,72,18,67,5,89,30,64,17,88,40,66,49,80,32,30,77,67,49,17,82,46,29,45,85,52,97,102,131,85,142,178,198,89,151,88,82,321,453,455,427,88,164,436,547,367,217,213,553,829,1000,813,703,430,529,517,435,308,242,242,181,314,280,308,355,219,210,35,126,42,79,49,92,68,89,74,107,75,99,85,92,37,62,84,75
64,170,1,2,119,0,1953125,12,0,7561,2.32,0,0,NaN,0,0,86,24,58,5,70,15,31,29,44,25,21,41,7,53,33,37,40,61,65,42,83,69,62,27,78,24,45,66,114,43,79,183,194,146,186,136,79,246,381,512,491,188,15,351,451,402,224,255,568,905,1000,824,660,406,495,448,371,138,153,117,146,294,286,377,327,231,153,55,60,56,17,122,72,110,47,113,58,101,68,82,23,72,85,78,47
64,170,1,2,119,0,1953125,12,0,0,0.97,0,0,NaN,0,0,191,179,195,181,184,188,206,195,196,200,210,218,206,205,208,215,207,213,185,207,202,215,162,220,145,256,105,277,118,330,135,449,256,491,272,468,206,421,420,784,546,716,761,969,737,666,722,861,968,650,1000,686,851,553,537,245,741,815,783,496,447,570,479,412,339,347,180,255,134,221,87,189,49,165,25,139,6,135,20,125,42,120,62,110,74
64,170,2,2,119,0,1953125,12,0,7536,2.31,0,0,NaN,0,0,26,35,25,26,25,29,30,10,27,17,21,7,19,12,17,8,23,5,29,20,38,21,25,40,26,45,12,63,14,65,99,171,115,216,114,121,64,106,317,365,153,402,474,555,318,269,219,554,485,332,747,450,160,212,468,926,1000,601,457,225,153,285,306,125,158,109,74,36,42,30,17,17,34,45,3,22,22,17,14,11,13,8,10,9,7
64,170,2,2,119,0,1953125,12,0,7550,2.32,0,0,NaN,0,0,70,35,57,45,54,45,43,59,34,56,34,56,30,75,51,51,55,72,75,54,97,83,76,38,80,41,48,33,98,36,70,136,177,109,174,64,49,224,355,447,459,155,63,368,528,405,247,201,571,839,999,807,677,389,432,408,338,178,127,125,78,223,276,268,315,164,144,11,75,26,52,83,113,87,92,73,89,70,69,57,59,72,76,75,61
64,170,2,2,119,0,1953125,12,0,0,0.97,0,0,NaN,0,0,801,804,791,785,799,823,858,848,834,884,889,896,896,880,894,906,890,856,832,836,830,784,737,714,713,664,652,580,549,536,551,496,499,522,422,479,401,486,541,558,553,624,443,454,809,569,541,697,748,242,1000,511,724,552,558,529,876,437,423,453,320,537,260,441,373,227,302,307,291,252,238,270,277,292,265,270,311,314,316,322,303,360,377,347,346
64,170,2,2,119,0,1953125,12,0,0,0.96,0,0,NaN,0,0,215,161,210,153,219,165,228,162,227,172,248,171,243,163,258,166,256,145,253,131,280,105,265,88,287,112,263,145,290,215,279,347,368,387,397,389,273,375,351,763,440,759,628,1000,576,736,528,986,773,830,855,854,710,598,417,134,777,686,756,375,500,425,541,287,418,245,270,182,229,176,173,149,146,146,109,128,91,135,70,134,63,131,54,126,53
64,170,2,2,119,0,1953125,12,0,0,0.97,0,0,NaN,0,0,219,156,221,151,217,163,234,164,225,173,244,182,239,173,243,187,241,167,229,158,256,142,234,127,257,146,235,164,258,236,250,360,349,399,375,401,268,397,354,768,441,780,636,1000,595,763,560,988,782,837,885,874,737,624,445,175,698,635,730,355,485,411,525,280,408,234,264,158,219,146,158,117,138,114,107,90,95,102,79,101,80,96,80,95,80
64,170,2,2,119,0,1953125,12,0,7475,2.3,0,0,NaN,0,0,29,39,29,31,28,31,33,12,28,18,25,8,21,13,22,7,29,5,37,21,46,21,29,44,24,54,10,77,12,74,113,195,149,252,137,139,47,117,362,409,169,486,510,599,389,281,234,685,566,447,917,528,280,338,526,914,1000,652,446,235,164,335,323,129,170,115,74,54,38,44,12,29,38,55,3,25,28,16,19,11,18,5,10,14,8
64,170,2,2,119,0,1953125,12,0,7461,2.3,0,0,NaN,0,0,58,18,74,18,57,5,75,12,44,20,60,10,30,30,26,33,26,62,29,28,20,32,75,64,83,57,129,123,110,73,191,210,168,125,105,84,161,215,463,509,376,226,239,375,505,410,90,173,611,889,1000,990,728,597,497,568,333,253,188,231,256,190,264,197,215,254,118,128,10,111,32,36,71,56,44,43,58,44,56,59,54,24,71,89,87
64,170,2,2,119,0,1953125,12,0,7461,2.3,0,0,NaN,0,0,30,48,25,58,31,59,29,57,27,42,38,37,31,21,24,14,57,21,43,34,42,26,22,108,25,105,54,175,61,131,103,271,146,130,22,138,64,295,353,521,381,131,201,457,455,411,138,249,550,941,1000,964,801,566,595,489,378,153,210,147,259,219,209,276,203,262,181,90,71,84,90,15,29,81,5,64,24,69,22,68,35,52,54,86,63
64,170,2,2,119,0,1953125,12,0,7506,2.31,0,0,NaN,0,0,63,30,32,54,31,48,11,72,10,51,35,64,34,57,57,36,59,52,85,20,74,26,63,52,49,52,12,130,80,101,65,247,165,174,84,160,12,241,338,543,415,207,94,409,456,457,174,201,526,927,1000,985,781,561,520,434,292,120,168,101,189,178,217,301,237,283,142,81,11,85,45,49,82,88,57,79,72,65,74,73,62,55,91,81,66
64,170,2,2,119,0,1953125,12,0,7461,2.3,0,0,NaN,0,0,54,37,71,24,62,40,75,27,54,45,56,35,37,49,20,49,39,73,11,45,13,43,65,43,84,43,132,108,111,58,193,190,177,119,113,82,147,197,447,485,377,225,212,358,499,407,89,175,600,878,986,999,768,645,520,533,319,232,188,196,238,163,238,211,200,269,138,143,32,117,56,45,51,77,23,56,31,63,23,54,51,58,27,53,61
64,170,2,2,119,0,1953125,12,0,7571,2.32,0,0,NaN,0,0,41,68,30,46,48,53,27,11,54,22,25,20,34,27,37,41,5,63,50,74,37,96,47,65,47,55,37,19,127,24,95,124,237,111,162,64,106,161,356,447,493,190,59,356,524,414,274,174,523,817,1000,874,788,522,516,371,233,66,96,62,58,208,213,268,270,175,144,24,42,47,11,111,64,101,39,93,40,84,62,83,43,77,82,76,43
64,170,2,2,119,0,1953125,12,0,7455,2.3,0,0,NaN,0,0,13,76,29,88,14,85,40,76,27,77,51,56,47,55,42,14,76,50,59,10,58,14,13,86,46,84,53,142,70,118,103,236,145,116,50,139,56,307,352,480,352,72,158,447,451,383,123,287,569,917,1000,928,813,542,541,378,309,142,205,114,148,179,144,260,226,243,188,63,80,71,89,36,15,83,22,70,28,58,20,69,31,42,43,76,57
64,170,2,2,119,0,1953125,12,0,7455,2.3,0,0,NaN,0,0,13,76,29,88,14,85,40,76,27,77,51,56,47,55,42,14,76,50,59,10,58,14,13,86,46,84,53,142,70,118,103,236,145,116,50,139,56,307,352,480,352,72,158,447,451,383,123,287,569,917,1000,928,813,542,541,378,309,142,205,114,148,179,144,260,226,243,188,63,80,71,89,36,15,83,22,70,28,58,20,69,31,42,43,76,57
64,170,2,2,119,0,1953125,12,0,7361,2.28,0,0,NaN,0,0,34,49,27,62,28,42,18,57,10,43,11,45,16,44,42,47,23,21,72,33,87,64,136,90,117,106,139,118,93,113,174,201,46,61,117,107,223,328,358,443,250,98,311,488,434,357,67,338,593,939,1000,971,896,627,647,482,461,322,329,249,259,309,203,252,199,144,199,71,126,60,122,88,52,51,50,30,50,29,43,28,48,39,32,25,13
64,170,1,2,119,0,1953125,12,0,7475,2.3,0,0,NaN,0,0,49,19,53,19,53,23,55,32,45,40,38,60,33,53,28,49,42,65,56,46,53,34,37,47,82,41,69,102,118,77,90,226,202,109,65,128,14,260,339,517,380,131,170,436,446,441,159,222,532,918,990,999,767,642,566,510,294,193,185,144,168,89,204,211,263,274,116,100,79,110,13,14,78,25,82,40,66,21,83,46,56,46,70,56,62
64,170,1,2,119,0,1953125,12,0,7406,2.29,0,0,NaN,0,0,78,8,69,8,83,22,55,15,59,8,34,24,40,16,14,57,40,26,17,58,18,53,79,124,42,110,94,158,30,134,146,247,72,106,54,109,163,314,353,455,258,80,285,468,439,387,61,297,585,952,1000,991,834,610,600,445,361,175,257,163,246,210,168,241,186,241,207,89,105,82,134,22,42,51,54,41,47,39,40,31,35,34,17,33,42
64,170,1,2,119,0,1953125,12,0,7455,2.3,0,0,NaN,0,0,52,49,39,69,47,69,55,67,30,64,40,62,23,64,38,37,56,64,48,26,57,34,9,75,85,46,69,120,115,90,120,221,195,74,69,126,41,291,355,451,358,58,172,440,432,362,143,274,539,907,1000,945,819,590,586,394,272,96,210,127,180,162,144,253,220,271,178,81,58,103,75,32,21,77,17,79,27,54,43,80,40,38,49,68,49
64,170,1,2,119,0,1953125,12,0,7456,2.3,0,0,NaN,0,0,28,55,15,71,14,71,28,63,20,53,37,39,42,46,36,2,65,38,50,23,49,17,12,98,44,86,53,157,74,116,104,253,158,128,53,135,51,296,344,477,342,73,170,446,444,389,130,274,552,919,1000,962,841,607,584,390,289,122,228,138,183,171,132,244,221,256,203,74,79,81,92,24,8,74,13,69,30,64,28,82,46,44,44,82,64
64,170,1,2,119,0,1953125,12,0,7456,2.3,0,0,NaN,0,0,34,56,7,66,8,71,23,57,11,67,30,44,36,55,34,19,74,53,47,6,69,24,12,74,74,58,70,122,105,95,116,214,185,86,88,111,44,276,343,422,359,54,141,423,462,352,161,264,550,871,1000,903,829,563,557,368,273,126,217,154,141,177,120,226,263,227,226,54,109,68,113,25,33,59,49,59,56,49,33,71,52,42,39,76,62
64,170,1,2,119,0,1953125,12,0,7471,2.3,0,0,NaN,0,0,19,48,47,66,40,52,64,62,41,39,65,36,54,41,58,14,52,50,58,26,37,33,45,73,18,74,62,142,40,89,131,232,132,154,66,136,114,234,379,485,305,147,210,404,466,421,122,222,574,898,970,1000,776,641,497,415,213,151,154,146,163,89,184,219,228,289,138,109,29,122,31,25,68,76,44,62,67,58,55,66,55,27,65,75,71
64,170,1,2,119,0,1953125,12,0,7506,2.31,0,0,NaN,0,0,73,20,43,20,58,22,44,47,46,41,42,56,28,64,45,49,41,80,63,57,59,74,37,35,64,29,45,66,114,39,99,168,206,93,138,90,78,223,344,422,403,99,96,393,492,387,222,243,559,856,1000,887,800,529,490,305,216,72,134,72,48,165,161,259,281,210,171,24,70,49,31,89,62,100,49,99,52,80,57,92,43,72,76,89,62
64,170,1,2,119,0,1953125,12,0,7361,2.28,0,0,NaN,0,0,59,42,42,55,56,25,22,50,33,25,9,35,11,33,31,42,23,20,67,35,82,67,130,95,104,102,130,115,94,123,176,200,50,74,108,107,221,320,344,422,225,97,323,479,429,351,58,346,614,969,1000,988,881,631,612,392,338,192,298,209,268,269,205,267,206,212,233,77,120,48,154,75,61,25,69,13,62,18,58,8,51,42,59,27,15
64,170,1,2,119,0,1953125,12,0,7531,2.31,0,0,NaN,0,0,36,63,17,63,2,54,23,47,47,49,43,30,68,41,62,51,50,67,62,92,39,99,47,71,32,63,38,16,124,46,97,120,243,107,149,89,132,163,353,457,464,150,84,383,486,429,277,228,518,887,999,915,770,559,521,325,198,109,158,38,97,152,174,300,259,262,85,71,38,61,66,72,95,62,105,65,79,59,102,48,66,60,78,62,73
64,170,1,2,119,0,1953125,12,0,7436,2.3,0,0,NaN,0,0,63,47,70,51,85,41,69,44,72,41,56,50,56,38,23,67,42,55,9,58,17,22,58,70,59,79,104,131,56,95,154,215,121,154,47,97,157,274,353,467,279,127,239,445,475,440,101,268,578,944,985,1000,868,664,606,396,311,154,264,160,215,203,152,258,235,244,229,78,110,59,119,20,14,71,69,48,57,58,58,47,54,46,38,48,65
64,170,1,2,119,0,1953125,12,0,7556,2.32,0,0,NaN,0,0,30,71,26,45,43,44,29,9,61,18,33,34,48,31,44,56,12,69,63,87,46,105,63,70,53,61,34,17,125,26,71,134,223,115,170,101,113,180,338,456,452,173,92,386,515,475,324,239,526,866,999,918,816,571,512,277,181,100,158,45,75,194,184,310,270,229,116,61,38,59,43,105,69,87,61,83,52,66,79,60,56,68,81,52,50
64,170,1,2,119,0,1953125,12,0,7456,2.3,0,0,NaN,0,0,31,63,35,63,34,69,41,59,37,66,38,61,38,53,17,49,40,62,27,56,16,44,50,5,76,12,122,52,105,30,184,137,203,117,125,47,163,192,401,405,315,168,214,361,517,422,132,198,586,868,949,1000,817,700,521,365,181,137,174,130,188,133,197,265,221,285,165,107,48,101,67,30,30,107,41,72,30,85,41,82,56,67,34,67,68
64,170,1,2,119,0,1953125,12,0,7450,2.3,0,0,NaN,0,0,58,4,88,22,73,25,87,20,65,39,76,30,59,55,46,54,60,83,36,52,16,54,46,78,60,69,102,134,79,65,177,208,171,138,113,101,143,202,403,428,280,129,250,375,511,404,158,196,610,880,1000,999,796,690,491,374,102,167,157,190,164,91,203,200,294,309,161,120,72,142,41,38,69,60,51,53,76,47,56,66,73,33,46,58,55
64,170,1,2,119,0,1953125,12,0,0,0.97,0,0,NaN,0,0,863,879,881,826,864,909,926,924,900,942,984,979,963,954,956,990,986,932,901,915,917,875,802,750,790,753,707,611,598,623,597,455,521,565,545,525,438,547,543,345,799,443,602,672,601,567,672,585,629,993,563,803,748,591,1000,832,171,814,641,433,627,270,634,298,289,454,326,299,282,306,289,313,302,284,328,336,341,352,346,336,393,375,402,385,392
64,170,2,2,119,0,1953125,12,0,0,0.97,0,0,NaN,0,0,188,170,194,158,193,171,209,169,204,179,227,175,220,170,228,178,229,153,223,149,241,113,234,87,279,25,268,24,310,120,324,252,431,319,436,288,361,364,448,707,534,734,681,953,633,758,593,999,704,861,851,940,623,699,435,216,660,741,693,325,463,408,522,267,396,212,270,143,227,139,165,98,142,99,110,73,98,92,83,91,72,93,79,95,72
64,170,2,2,119,0,1953125,12,0,7355,2.28,0,0,NaN,0,0,32,29,30,27,33,26,32,29,23,28,21,24,14,23,23,26,17,29,14,23,39,40,29,37,71,25,47,42,66,76,53,231,129,263,153,130,114,101,356,481,174,423,484,615,422,253,352,629,626,392,950,563,277,302,573,880,1000,763,331,170,234,346,298,145,181,90,96,17,64,32,51,17,4,53,27,14,19,21,12,17,10,3,15,11,8
64,170,2,2,119,0,1953125,12,0,7411,2.29,0,0,NaN,0,0,74,5,67,11,68,11,57,14,37,32,37,22,8,33,3,25,23,37,24,12,62,14,89,58,121,32,140,76,127,71,201,155,194,19,120,101,139,274,404,345,321,114,187,390,470,325,184,241,560,856,1000,862,813,607,607,384,275,214,325,251,152,165,129,257,251,242,199,53,120,96,120,7,45,30,10,72,45,36,17,69,35,37,24,44,26
64,170,2,2,119,0,1953125,12,0,7456,2.3,0,0,NaN,0,0,60,27,61,36,60,42,64,42,37,61,61,51,24,66,40,39,40,75,34,36,42,53,26,40,87,27,97,80,121,63,153,176,211,59,123,93,99,271,378,382,351,56,123,386,478,382,222,231,551,870,1000,878,814,588,557,320,244,168,266,179,101,149,114,270,298,271,212,58,115,87,85,49,32,66,30,100,51,60,48,98,52,51,49,73,56
64,170,2,2,119,0,1953125,12,0,7436,2.3,0,0,NaN,0,0,50,71,54,66,59,76,48,44,62,60,50,25,64,36,32,30,69,21,27,45,38,43,30,121,28,119,75,173,42,148,125,265,128,162,45,148,116,341,343,457,294,67,188,453,475,449,156,278,570,952,1000,968,850,640,579,332,255,182,314,180,180,151,130,265,258,305,233,80,98,116,128,8,15,65,27,71,45,58,22,79,60,38,16,63,48
64,170,2,2,119,0,1953125,12,0,7386,2.29,0,0,NaN,0,0,59,76,35,51,54,63,24,21,54,42,19,6,47,4,27,44,51,19,16,75,12,94,70,147,43,141,94,169,34,177,144,251,111,123,35,160,127,363,344,409,278,46,218,472,465,394,128,308,589,948,1000,920,840,624,609,336,241,170,344,239,219,184,153,261,235,269,228,60,107,104,148,14,50,33,47,51,59,41,24,65,70,50,25,46,46
64,170,2,2,119,0,1953125,12,0,7406,2.29,0,0,NaN,0,0,53,53,56,50,46,52,44,33,11,55,24,29,17,43,14,17,46,32,25,28,63,38,86,89,117,71,138,107,114,120,195,202,204,71,113,117,114,321,398,373,325,79,188,436,488,354,161,297,603,908,999,844,775,542,529,281,226,174,312,214,133,148,133,284,280,275,206,64,116,108,108,35,37,59,23,94,55,54,35,99,61,59,40,62,45
64,170,2,2,119,0,1953125,12,0,0,0.97,0,0,NaN,0,0,727,739,740,723,737,765,777,779,789,797,823,838,828,809,827,827,819,804,798,769,743,739,711,678,637,638,610,570,519,513,533,545,423,431,426,479,431,399,464,590,467,561,430,398,829,470,552,583,727,265,1000,192,811,475,811,119,571,742,486,539,184,389,430,429,240,314,286,293,291,240,242,292,317,260,256,294,315,328,299,311,333,364,365,342,338
64,170,2,2,119,0,1953125,12,0,0,0.97,0,0,NaN,0,0,217,159,212,149,207,168,223,173,215,175,233,190,229,180,232,192,230,175,216,167,242,172,212,152,234,196,197,203,225,284,186,394,308,455,316,418,232,453,355,773,457,760,648,1000,644,773,661,951,854,770,935,841,768,539,533,183,659,678,709,323,462,470,521,327,371,266,238,194,183,182,130,151,102,139,82,112,63,119,58,116,56,110,68,103,74
64,170,2,2,119,0,1953125,12,0,0,0.97,0,0,NaN,0,0,217,162,217,147,221,168,232,169,221,178,240,187,232,174,243,188,239,168,232,155,257,140,232,119,262,146,231,148,263,234,229,350,344,404,355,374,266,426,344,754,443,759,619,999,610,803,599,981,778,803,845,871,680,567,439,189,704,681,708,331,485,441,540,297,396,231,257,159,217,155,161,119,135,116,109,93,93,104,76,103,75,102,74,97,71
64,170,2,2,119,0,1953125,12,0,7421,2.29,0,0,NaN,0,0,28,37,24,28,27,30,29,10,25,16,22,6,20,12,21,5,28,7,34,22,41,21,31,40,26,48,11,71,17,54,108,180,121,215,122,95,39,98,289,418,167,401,459,595,382,306,292,573,532,287,745,558,144,220,469,865,999,681,347,140,171,337,303,151,161,105,76,42,26,45,9,27,36,50,6,20,27,13,22,10,14,10,10,10,8
64,170,2,2,119,0,1953125,12,0,7456,2.3,0,0,NaN,0,0,29,39,56,61,35,36,53,48,27,13,44,11,31,25,30,31,43,50,32,40,4,33,60,95,56,76,110,152,65,72,173,212,162,146,120,106,156,240,419,438,272,122,230,348,495,392,163,252,681,940,1000,937,732,673,499,385,107,198,198,179,153,45,169,184,314,299,147,95,89,137,31,30,64,21,68,36,63,13,76,54,53,36,81,67,67
64,170,2,2,119,0,1953125,12,0,7505,2.31,0,0,NaN,0,0,80,13,41,34,57,34,44,48,40,41,31,40,5,53,26,21,56,63,56,23,75,48,33,31,75,32,73,96,124,57,92,180,178,140,153,98,52,285,356,436,370,108,91,413,509,458,252,316,628,940,999,850,773,575,540,290,188,91,196,139,105,189,158,307,309,255,169,50,78,51,41,109,59,93,47,110,41,81,73,99,31,69,83,85,58
64,170,2,2,119,0,1953125,12,0,7505,2.31,0,0,NaN,0,0,26,54,3,58,13,72,24,63,24,68,32,48,48,57,36,23,75,49,70,29,87,22,44,31,55,57,49,104,83,85,65,194,154,188,150,104,45,291,339,455,383,141,74,426,530,486,265,304,614,921,1000,861,792,575,539,317,196,71,152,116,82,192,182,279,310,221,178,22,85,42,32,101,84,101,65,113,80,88,79,117,76,74,79,101,76
64,170,2,2,119,0,1953125,12,0,7470,2.3,0,0,NaN,0,0,31,53,35,49,46,55,39,33,46,33,36,15,63,25,35,50,77,42,41,61,60,35,6,90,17,103,56,157,40,119,84,230,125,212,90,124,96,317,343,477,313,137,140,442,497,482,193,337,619,975,1000,907,789,578,544,323,239,110,240,143,133,186,136,274,267,256,208,40,88,66,98,55,18,64,11,71,26,44,29,83,39,42,53,86,61
64,170,2,2,119,0,1953125,12,0,7490,2.3,0,0,NaN,0,0,30,38,49,24,48,5,69,26,50,20,65,20,45,49,51,40,47,91,48,63,36,88,25,42,33,46,88,99,80,43,139,130,188,131,162,95,129,194,430,417,363,164,170,315,541,431,276,232,656,896,1000,894,687,587,413,356,140,183,133,146,156,90,213,214,328,271,128,51,106,82,30,47,125,39,99,71,98,26,95,71,61,31,80,62,45
