34928	35048	35167	35286	35405	35524	35644	35763	35882	36001	36120	36240	36359	36478	36597	36716	36836	36955	37074	37193	37313	37432	37551	37670	37789	37909	38028	38147	38266	38385	38505	38624	38743	38862	38981	39101	39220	39339	39458	39577	39697	39816	39935	40054	40174	40293	40412	40531	40650	40770	40889	41008	41127	41246	41366	41485	41604	41723	41842	41962	42081	42200	42319	42439	42558	42677	42796	42915	43035	43154	43273	43392	43511	43631	43750	43869	43988	44107	44227	44346	44465	44584	44703	44823	44942
64	170	2	2	119	0	1953125	12	0.0	0	0.73	0	0	V0.2	0	0	17	40	41	20	35	47	32	32	46	41	35	42	47	48	46	48	59	57	47	66	70	50	66	87	71	59	92	94	84	108	118	108	130	155	163	170	212	219	204	271	264	256	314	403	392	428	418	392	500	683	748	725	741	717	781	918	1000	762	614	412	315	250	157	110	95	102	96	99	104	108	90	78	96	94	73	71	82	65	51	67	64	42	52	60	41
64	170	2	2	119	0	1953125	12	0.0	0	0.76	0	0	V0.2	0	0	277	299	291	277	308	293	279	307	286	280	309	278	282	314	281	280	315	282	283	309	256	272	314	245	250	272	197	275	283	193	270	260	147	345	273	176	376	346	136	332	433	142	550	664	306	656	395	282	885	945	352	428	420	348	542	1000	664	346	460	201	388	529	243	223	293	197	240	250	148	162	244	165	225	244	163	218	238	175	227	227	168	206	203	169	208
64	170	2	2	119	0	1953125	12	0.0	0	0.85	0	0	V0.2	0	0	35	24	43	13	43	40	11	39	7	36	34	7	31	19	28	17	36	30	9	31	2	33	15	59	59	34	86	52	46	80	107	224	148	154	232	154	187	340	342	281	115	360	421	220	175	388	711	1000	740	388	612	592	104	483	673	540	731	604	734	886	791	603	275	219	306	191	116	96	73	138	62	64	81	18	54	27	37	42	19	52	29	37	48	19	42
64	170	1	2	119	0	1953125	12	0.0	0	0.83	0	0	V0.2	0	0	17	65	67	16	77	52	30	67	29	54	50	34	64	41	57	53	52	55	46	87	48	78	114	31	118	102	61	130	46	162	219	137	348	378	345	557	613	641	626	467	525	746	584	439	563	795	861	668	255	754	818	689	1000	886	960	988	750	723	663	540	423	409	248	229	142	257	294	145	143	223	147	166	165	95	157	105	70	126	76	69	89	49	82	69	51
64	170	1	2	119	0	1953125	12	0.0	0	0.83	0	0	V0.2	0	0	22	44	48	10	52	27	34	51	7	44	34	23	35	23	41	32	43	32	38	61	22	72	63	44	83	24	64	83	17	78	58	47	116	86	206	163	97	302	274	187	287	300	407	472	359	590	508	409	348	494	699	1000	662	869	970	909	712	609	514	504	319	271	22	14	42	70	35	116	81	35	89	34	59	77	28	87	83	49	78	51	44	62	31	49	49
64	170	2	2	119	0	1953125	12	0.0	7655	2.33	0	0	V0.2	0	0	32	22	35	21	23	22	24	13	13	13	13	4	10	13	7	3	25	18	7	16	11	38	21	50	32	20	19	33	26	37	66	17	48	111	121	136	209	49	123	137	272	335	320	361	350	286	72	165	208	364	668	866	664	399	564	1000	783	202	298	302	140	276	58	234	101	115	113	27	53	63	46	73	9	50	34	26	30	45	19	14	20	11	11	7	16
64	170	2	2	119	0	1953125	12	0.0	7958	2.39	0	0	V0.2	0	0	62	77	35	54	52	65	54	12	73	33	55	20	49	37	53	52	20	94	58	89	35	107	11	50	132	147	88	66	196	159	339	273	305	226	251	205	28	149	456	372	436	315	436	446	289	354	321	113	63	141	233	371	570	615	848	976	955	1000	723	481	516	485	395	114	190	153	119	137	133	129	78	91	23	80	14	100	3	70	15	33	52	57	27	21	36
64	170	2	2	119	0	1953125	12	0.0	0	0.83	0	0	V0.2	0	0	972	967	962	966	965	972	982	991	999	992	1000	994	991	988	989	986	982	980	971	953	938	916	906	905	891	880	876	852	812	820	844	797	804	813	815	802	801	827	795	851	791	777	875	821	884	851	768	786	862	779	874	917	657	901	920	669	688	796	846	794	659	719	710	730	683	670	688	684	694	672	679	667	664	671	679	680	689	689	686	675	674	662	668	668	661
64	170	2	2	119	0	1953125	12	0.0	0	0.85	0	0	V0.2	0	0	22	31	36	9	42	21	33	40	5	33	15	25	23	18	31	16	26	17	42	26	25	54	22	78	64	36	50	48	83	44	49	100	64	203	194	165	285	94	107	217	173	261	190	306	445	423	422	471	397	316	340	570	730	824	542	260	581	990	1000	839	693	410	298	204	21	155	154	146	170	119	142	142	51	46	25	39	60	24	53	35	21	43	15	26	18
64	170	2	2	119	0	1953125	12	0.0	7571	2.32	0	0	V0.2	0	0	38	44	27	20	30	40	29	19	26	32	31	1	20	19	15	1	15	24	24	12	31	27	30	32	14	80	95	34	110	83	140	74	55	266	158	141	203	197	272	302	80	150	57	403	344	698	547	440	453	578	733	944	393	335	445	880	1000	351	523	594	279	485	197	337	166	73	146	122	27	81	37	56	99	15	61	60	11	24	9	11	12	7	8	17	4
64	170	2	2	119	0	1953125	12	0.0	0	0.83	0	0	V0.2	0	0	262	252	246	229	208	195	184	179	160	151	115	83	75	54	55	67	73	102	140	152	160	205	224	258	275	324	299	318	374	423	362	450	469	355	417	421	447	543	439	383	641	540	256	307	520	630	476	444	276	503	645	479	240	392	1000	154	551	344	85	737	288	370	417	340	307	190	287	278	307	303	312	293	263	195	167	145	165	175	185	186	167	167	144	111	84
64	170	2	2	119	0	1953125	12	0.0	0	0.82	0	0	V0.2	0	0	53	7	39	37	13	45	22	32	45	15	39	42	28	34	33	41	38	52	61	35	55	49	65	98	57	76	96	44	132	153	131	189	145	11	85	115	247	246	202	218	236	140	401	444	486	507	357	37	244	525	849	890	753	910	525	438	734	867	836	999	755	509	376	190	12	121	137	205	198	88	131	137	99	132	95	54	74	37	65	72	37	62	55	41	60
64	170	2	2	119	0	1953125	12	0.0	7735	2.35	0	0	V0.2	0	0	47	68	72	36	48	60	58	41	28	63	57	18	21	50	54	15	29	57	48	48	36	112	89	32	90	54	156	60	107	97	176	74	159	189	92	337	246	480	619	318	494	257	196	447	491	810	630	820	306	230	808	967	341	1000	157	945	759	152	903	872	966	781	740	236	467	70	41	152	70	88	62	40	19	13	23	29	24	69	57	10	35	37	27	30	10
64	170	2	2	119	0	1953125	12	0.0	0	0.82	0	0	V0.2	0	0	927	922	921	935	941	953	958	961	961	954	946	947	957	960	965	966	949	941	924	910	895	888	890	884	875	851	831	803	796	792	778	795	804	789	748	788	769	809	726	776	808	808	880	789	773	767	803	872	758	871	886	843	768	548	770	1000	751	775	728	613	707	651	681	685	681	669	651	642	629	635	652	657	651	651	647	648	647	642	645	650	653	642	643	636	619
64	170	2	2	119	0	1953125	12	0.0	0	0.82	0	0	V0.2	0	0	16	58	32	39	70	25	45	59	23	41	31	43	43	20	54	46	38	36	54	71	32	95	113	59	119	96	93	174	105	162	189	174	348	412	405	539	476	409	432	344	411	513	396	500	456	220	255	517	645	957	906	901	636	435	207	339	576	542	613	762	1000	577	195	219	242	263	227	166	203	203	91	137	168	96	80	113	85	65	46	63	80	37	52	77	38
64	170	2	2	119	0	1953125	12	0.0	0	0.85	0	0	V0.2	0	0	33	44	14	42	28	26	38	9	35	21	21	31	15	30	13	27	22	30	36	13	61	36	38	64	11	77	45	85	104	13	85	93	27	177	181	190	236	117	187	129	70	99	151	84	147	315	564	471	547	614	436	511	409	338	779	955	1000	955	807	611	424	322	409	421	248	180	165	61	58	19	69	70	18	82	53	33	60	35	62	49	29	67	41	19	41
64	170	2	2	119	0	1953125	12	0.0	0	0.85	0	0	V0.2	0	0	33	44	14	42	28	26	38	9	35	21	21	31	15	30	13	27	22	30	36	13	61	36	38	64	11	77	45	85	104	13	85	93	27	177	181	190	236	117	187	129	70	99	151	84	147	315	564	471	547	614	436	511	409	338	779	955	1000	955	807	611	424	322	409	421	248	180	165	61	58	19	69	70	18	82	53	33	60	35	62	49	29	67	41	19	41
64	170	2	2	119	0	1953125	12	0.0	0	0.76	0	0	V0.2	0	0	273	234	271	265	232	276	261	239	289	259	248	297	254	257	298	232	262	294	217	261	287	189	266	273	165	277	283	165	260	272	122	264	247	142	321	312	92	361	117	251	371	160	276	553	250	299	499	381	259	630	456	613	933	574	724	1000	467	777	901	405	379	385	115	392	342	98	247	293	82	228	272	83	200	220	100	218	213	119	228	202	145	230	189	148	215
64	170	2	2	119	0	1953125	12	0.0	7786	2.36	0	0	V0.2	0	0	37	40	28	33	31	34	17	27	30	17	24	3	16	15	9	11	15	11	28	16	41	22	16	25	75	48	30	151	71	118	69	115	33	246	102	123	35	285	288	100	375	506	377	453	474	307	241	426	395	214	358	430	83	771	1000	694	942	684	208	915	309	548	158	293	37	75	60	25	60	41	54	41	82	27	55	28	32	21	33	26	24	29	28	10	6
64	170	2	2	119	0	1953125	12	0.0	7681	2.34	0	0	V0.2	0	0	68	86	54	80	60	68	34	83	23	65	18	63	12	44	20	59	29	54	52	79	42	61	83	79	97	74	135	105	168	197	106	211	80	65	208	229	343	574	429	503	361	83	45	287	562	573	605	543	309	582	589	572	299	339	627	923	999	747	578	493	167	150	155	352	367	89	62	167	238	63	120	52	107	39	103	37	100	13	83	5	45	36	74	34	27
