34928	35048	35167	35286	35405	35524	35644	35763	35882	36001	36120	36240	36359	36478	36597	36716	36836	36955	37074	37193	37313	37432	37551	37670	37789	37909	38028	38147	38266	38385	38505	38624	38743	38862	38981	39101	39220	39339	39458	39577	39697	39816	39935	40054	40174	40293	40412	40531	40650	40770	40889	41008	41127	41246	41366	41485	41604	41723	41842	41962	42081	42200	42319	42439	42558	42677	42796	42915	43035	43154	43273	43392	43511	43631	43750	43869	43988	44107	44227	44346	44465	44584	44703	44823	44942
53	33	51	30	57	28	52	25	48	29	28	40	22	46	16	53	28	63	14	46	31	60	23	54	66	113	26	110	66	45	144	126	106	171	83	164	206	135	270	87	289	145	292	270	387	581	683	812	679	759	502	433	375	115	304	492	1000	933	968	712	239	13	279	327	184	123	87	18	64	39	59	18	84	60	75	32	63	55	38	17	24	21	13	22	34
60	57	47	38	55	47	41	38	40	36	30	28	32	22	40	34	28	33	33	37	41	40	70	48	85	109	43	129	98	60	146	110	124	175	49	182	64	94	20	98	112	260	283	326	514	362	622	640	671	969	742	872	580	286	293	665	1000	929	842	578	258	143	255	355	238	121	82	57	64	42	16	76	73	22	22	48	61	15	31	21	31	27	58	46	64
70	46	39	34	68	36	44	31	40	51	12	28	39	52	23	14	67	26	41	49	84	56	14	91	35	120	33	74	146	116	87	115	76	154	79	206	187	99	99	186	234	162	246	398	505	640	569	531	644	808	1000	988	844	555	258	600	911	972	675	461	213	254	358	329	83	82	163	20	134	63	98	56	83	71	51	78	67	26	14	12	55	81	71	43	36
16	48	22	30	33	33	9	29	17	23	14	15	9	22	18	30	2	32	10	43	27	31	33	59	28	87	44	70	50	53	58	92	109	85	200	80	175	102	166	156	183	441	350	390	501	268	367	326	539	791	915	999	820	555	151	408	671	826	610	458	204	142	153	269	192	45	67	44	22	75	59	42	52	40	27	43	30	59	62	39	45	36	57	34	31
52	26	43	25	46	28	29	29	35	37	29	38	12	44	14	13	44	31	20	39	92	29	54	49	42	90	34	153	45	68	103	151	117	170	104	201	31	137	44	293	338	410	447	322	373	387	306	393	565	771	919	994	1000	790	303	314	775	987	809	593	98	175	241	243	27	64	165	52	146	60	88	66	75	77	45	55	25	13	22	18	41	63	67	40	14
62	35	37	28	57	30	29	19	29	44	24	31	12	43	32	43	12	58	39	54	48	42	34	40	46	89	31	36	65	77	34	72	129	19	241	168	212	167	249	327	401	474	287	293	262	242	308	256	601	650	1000	985	831	693	241	260	680	947	955	689	390	67	236	204	160	79	93	33	58	39	117	74	17	17	84	55	37	33	35	25	35	34	28	10	56
48	36	35	37	35	57	11	45	4	40	12	32	3	27	13	32	14	17	5	31	39	30	37	79	10	81	28	80	59	83	26	174	133	158	141	143	115	178	138	305	218	331	359	155	336	334	212	398	469	895	934	1000	859	488	343	512	799	949	833	668	400	58	84	184	208	72	102	39	86	65	38	14	86	59	23	31	31	42	17	16	22	19	34	44	44
21	59	9	65	26	42	4	39	20	44	12	20	36	35	28	9	42	14	19	39	52	27	44	77	94	25	47	70	80	91	93	190	139	127	177	191	160	94	204	251	291	132	167	171	263	385	348	332	426	789	1000	941	793	378	203	414	686	791	926	735	480	173	169	193	191	48	128	110	88	53	82	22	26	51	93	20	26	41	57	20	42	52	38	20	48
19	54	38	56	30	53	29	44	23	23	43	33	21	4	44	11	14	29	37	27	15	58	19	103	38	92	16	111	14	43	125	233	144	183	132	284	157	159	145	340	264	274	165	194	224	170	305	272	416	719	883	962	707	370	328	489	744	999	987	879	562	98	112	288	194	77	93	153	115	45	25	68	33	86	40	37	34	66	18	11	26	31	29	48	56
37	39	19	29	46	15	22	28	18	35	6	11	33	18	17	30	31	42	32	70	8	40	18	14	97	25	56	39	76	78	71	139	85	30	76	93	284	217	281	301	493	418	475	360	330	31	171	297	419	615	761	687	651	423	316	340	613	811	1000	789	456	41	315	271	187	36	97	29	51	131	23	92	46	39	78	69	39	22	67	11	30	45	16	65	55
22	57	30	53	46	37	51	17	47	3	38	12	31	5	13	9	24	16	8	23	21	52	48	65	111	22	119	12	99	40	114	112	211	193	193	241	248	301	331	234	399	222	517	232	344	234	62	274	366	518	768	781	841	601	564	592	749	921	1000	705	525	189	146	201	250	233	65	102	35	83	84	71	25	94	48	45	22	45	27	46	41	43	41	33	56
38	78	32	58	38	52	33	35	29	42	39	12	26	48	9	38	40	51	53	23	112	28	143	73	145	22	105	38	44	160	118	77	138	127	156	215	376	389	398	453	525	552	528	532	404	255	75	153	440	572	792	806	712	624	564	557	898	973	1000	900	436	115	220	362	191	149	55	116	42	26	96	14	104	43	54	65	80	62	82	101	63	50	73	71	29
41	62	27	49	31	38	37	37	26	13	37	22	17	31	56	35	20	61	56	62	30	118	84	94	37	81	28	39	66	121	87	9	17	162	94	300	224	445	318	483	363	525	463	485	455	203	179	203	262	559	611	732	695	570	589	567	872	1000	894	831	429	93	98	346	234	121	79	77	79	61	34	111	52	44	7	45	29	71	21	36	24	57	29	20	20
72	39	39	31	75	15	58	12	56	24	45	25	35	40	31	43	23	52	16	52	39	112	35	92	63	90	60	45	172	155	86	108	182	49	266	158	413	321	436	336	435	440	507	440	425	197	170	211	252	599	560	708	691	397	603	771	849	999	966	644	416	72	207	265	248	163	29	92	32	31	69	90	40	52	41	65	6	26	40	49	14	30	27	29	15
34	46	51	50	36	34	51	18	53	10	48	17	42	17	17	48	11	34	39	61	36	33	120	108	82	66	119	73	107	69	210	45	51	170	117	240	269	437	435	466	474	534	533	469	317	211	123	155	545	531	815	685	564	580	577	566	905	1000	972	848	459	102	231	332	274	68	52	52	36	113	85	93	28	79	24	65	30	84	11	57	36	54	24	33	38
56	48	34	46	29	57	15	22	30	45	6	12	28	38	25	20	30	36	38	38	59	102	76	146	25	136	30	138	25	108	91	229	220	231	238	222	258	285	262	385	187	415	98	310	157	123	292	178	461	629	685	810	677	557	563	633	982	1000	992	868	418	223	98	328	220	218	126	66	84	33	58	78	74	43	70	34	75	5	34	25	65	17	23	23	0
52	38	72	44	58	24	66	34	45	6	52	9	21	39	38	20	7	58	14	45	32	69	55	123	75	100	57	132	55	46	157	251	213	237	197	309	188	244	251	428	297	289	154	197	163	94	200	135	390	694	850	938	650	395	388	414	721	996	1000	916	516	43	196	366	257	75	87	142	126	60	30	68	22	111	70	49	40	80	35	17	33	43	27	35	57
55	35	32	12	60	33	24	2	41	21	21	32	37	4	15	28	21	15	13	25	42	18	25	32	104	45	39	43	126	63	90	170	233	110	248	214	268	87	320	352	444	196	205	120	155	253	245	187	281	734	974	930	731	291	187	405	667	856	999	803	467	63	286	299	232	73	127	108	59	93	91	33	25	78	92	35	5	34	46	68	22	13	57	79	51
48	65	24	26	49	55	34	12	41	45	33	20	37	50	12	30	47	53	19	49	45	93	51	65	82	95	15	7	132	142	35	87	129	96	274	316	292	154	363	457	440	307	145	170	167	302	435	220	477	679	999	865	692	468	333	451	791	855	934	769	375	76	303	347	168	23	90	68	91	104	113	44	71	3	18	108	99	22	33	83	44	35	19	20	57
46	27	52	8	55	29	34	21	34	19	25	14	23	12	25	13	19	5	31	5	57	11	95	49	95	71	64	55	56	14	119	184	203	268	241	188	236	141	289	148	440	218	359	448	222	425	288	424	545	859	956	968	807	404	440	712	828	1000	918	587	428	96	243	230	262	205	71	117	24	96	35	57	36	91	18	54	25	32	24	18	12	8	15	25	31
