64,170,2,2,119,0,1953125,12,0,0,0.89,0,0,NaN,0,0,40,11,37,12,34,32,20,40,10,23,13,34,22,24,33,25,20,26,47,10,38,26,36,32,46,66,32,89,100,161,147,38,111,47,133,138,117,225,226,370,314,163,298,405,520,377,283,431,573,913,1000,932,788,294,426,485,567,365,393,536,383,226,262,155,19,45,82,66,32,67,29,60,47,35,64,32,43,15,45,46,16,45,39,40,31
64,170,2,2,119,0,1953125,12,0,0,0.75,0,0,NaN,0,0,19,16,36,23,11,31,23,13,29,22,19,30,20,23,32,21,30,39,22,27,40,28,45,41,27,78,73,28,81,100,89,68,117,97,34,107,70,81,209,302,233,213,324,402,341,296,241,77,224,380,624,1000,909,444,532,557,555,520,457,258,111,205,133,118,157,110,72,90,110,91,74,75,48,29,57,46,19,56,59,23,33,51,33,16,38
64,170,2,2,119,0,1953125,12,0,0,0.75,0,0,NaN,0,0,63,97,95,64,98,94,60,98,90,59,96,87,62,100,87,61,109,82,57,97,66,53,103,46,72,143,39,126,127,79,106,165,115,23,191,76,97,330,238,296,493,184,47,330,401,425,563,268,119,323,728,623,704,273,237,738,818,739,1000,459,239,313,320,218,360,268,79,222,203,31,158,166,65,146,154,65,134,130,64,128,114,67,131,113,73
64,170,2,2,119,0,1953125,12,0,0,0.75,0,0,NaN,0,0,79,107,85,82,109,82,86,113,83,88,116,78,90,119,73,85,113,59,83,100,43,92,94,39,107,104,51,128,133,59,166,151,89,47,190,42,142,306,224,387,530,280,336,210,368,444,763,681,668,583,657,750,779,231,113,784,874,600,1000,581,336,246,98,198,255,73,96,214,189,68,184,157,80,145,131,93,138,112,93,138,97,111,139,95,113
64,170,2,2,119,0,1953125,12,0,0,0.81,0,0,NaN,0,0,19,47,44,15,42,28,12,30,8,30,30,4,33,26,10,17,32,28,6,53,46,12,51,38,29,29,18,50,92,25,151,157,42,144,146,154,262,215,273,394,358,415,483,316,363,340,425,323,224,159,484,278,705,747,435,479,650,580,1000,854,481,384,549,605,408,335,249,195,192,97,91,125,37,67,94,33,44,57,30,35,12,27,38,9,32
64,170,1,2,119,0,1953125,12,0,0,0.78,0,0,NaN,0,0,31,16,23,28,11,19,26,6,17,19,4,19,17,12,21,13,23,22,15,32,19,13,39,37,14,50,51,17,66,57,27,63,2,5,66,46,77,247,147,227,259,162,105,107,205,222,373,395,258,393,790,792,1000,787,221,299,367,433,466,270,90,94,263,277,169,163,124,66,67,44,52,71,29,34,63,38,26,59,41,15,48,44,18,33,31
64,170,2,2,119,0,1953125,12,0,0,0.75,0,0,NaN,0,0,39,12,31,44,17,24,41,23,13,34,23,12,28,24,25,25,23,38,23,21,46,38,18,66,50,15,85,62,12,87,134,44,56,78,60,154,91,215,156,380,426,278,215,240,277,479,647,659,381,403,648,687,695,430,540,939,1000,913,836,481,200,167,359,342,162,146,164,84,33,80,78,50,78,79,37,41,47,33,38,45,21,35,47,24,28
64,170,1,2,119,0,1953125,12,0,0,0.75,0,0,NaN,0,0,39,20,17,41,27,11,42,32,4,36,35,8,30,34,23,27,33,40,31,20,55,58,10,57,74,46,61,103,82,68,137,105,82,118,165,134,136,314,240,376,457,164,159,314,406,236,523,588,329,290,653,856,816,1000,694,707,945,699,759,533,116,180,173,317,215,134,164,128,61,91,102,52,39,87,67,26,64,63,31,50,44,25,43,39,20
64,170,1,2,119,0,1953125,12,0,0,0.75,0,0,NaN,0,0,90,115,90,96,121,91,104,126,94,104,126,88,107,123,76,104,110,61,90,98,38,112,95,63,127,116,62,145,157,62,237,148,50,229,174,143,296,289,95,415,411,165,73,451,330,475,562,289,204,606,490,873,1000,910,884,583,681,517,832,432,376,190,117,282,360,109,151,243,156,101,234,137,123,194,132,113,168,111,124,166,100,136,157,109,140
64,170,1,2,119,0,1953125,12,0,0,0.75,0,0,NaN,0,0,30,31,2,28,30,8,24,29,12,26,27,15,26,29,21,28,27,29,30,21,40,47,19,40,62,26,43,77,59,76,134,83,64,87,62,60,111,189,208,275,284,165,25,173,275,360,517,525,471,362,545,693,1000,774,721,394,386,493,497,295,139,115,81,221,118,109,101,43,25,42,36,37,50,30,28,43,19,28,49,27,24,48,34,11,38
64,170,2,2,119,0,1953125,12,0,0,0.75,0,0,NaN,0,0,35,43,12,31,46,20,28,44,25,28,42,29,28,40,36,34,32,40,46,31,39,61,42,36,82,56,49,76,48,21,112,106,93,76,52,55,58,233,253,220,250,84,256,506,550,424,475,375,325,533,866,802,1000,862,917,639,816,754,889,676,215,142,66,241,184,196,187,95,70,86,57,62,73,50,44,66,51,42,74,56,22,60,55,18,40
64,170,2,2,119,0,1953125,12,0,0,0.76,0,0,NaN,0,0,34,60,28,30,56,31,26,48,27,29,47,26,37,49,33,43,38,38,49,32,51,87,36,54,106,59,86,114,68,59,177,94,49,149,142,120,270,475,513,618,787,572,427,377,302,334,630,528,507,530,900,840,950,815,808,740,1000,755,920,836,231,161,87,124,144,124,138,68,17,40,17,31,46,5,41,49,4,47,64,23,42,71,41,27,61
64,170,2,2,119,0,1953125,12,0,0,0.84,0,0,NaN,0,0,95,84,85,110,67,100,87,72,110,74,104,94,78,97,53,90,73,76,112,41,110,65,65,106,27,135,93,86,150,20,129,109,115,138,117,307,194,401,658,526,765,659,506,706,589,471,851,752,667,391,307,326,672,244,346,691,1000,528,669,583,254,222,58,169,164,90,164,50,174,184,25,196,148,84,146,93,110,90,117,128,79,148,95,93,120
64,170,2,2,119,0,1953125,12,0,0,0.76,0,0,NaN,0,0,82,52,71,86,53,78,89,51,82,87,42,83,84,41,88,74,44,88,69,38,90,52,50,84,51,58,102,49,89,131,10,161,152,7,91,97,30,149,229,131,129,268,356,416,467,203,171,263,251,600,1000,841,950,594,412,451,601,174,328,343,258,263,217,107,164,164,21,102,163,69,129,135,52,123,120,51,117,102,46,107,87,60,113,89,71
64,170,2,2,119,0,1953125,12,0,0,0.76,0,0,NaN,0,0,87,60,69,90,59,76,94,59,79,93,50,80,91,43,82,81,46,85,77,40,88,62,49,77,63,46,93,63,74,131,18,157,150,10,111,97,29,160,196,94,112,193,333,368,449,201,77,239,311,583,1000,799,845,529,566,631,656,198,258,358,289,308,286,131,172,189,46,103,185,86,108,154,65,106,140,55,107,116,45,100,101,53,105,99,65
64,170,1,2,119,0,1953125,12,0,0,0.76,0,0,NaN,0,0,84,66,66,89,66,72,94,65,72,94,57,72,91,53,75,83,48,77,80,44,80,70,50,70,67,48,79,76,54,120,37,146,149,13,131,92,21,170,172,50,120,111,315,325,389,185,84,214,400,529,999,739,790,440,643,821,756,389,286,276,306,321,312,158,170,205,99,94,201,108,88,170,89,90,147,73,91,125,54,89,108,55,97,106,64
64,170,2,2,119,0,1953125,12,0,0,0.77,0,0,NaN,0,0,50,73,68,52,80,66,59,86,60,62,83,50,69,82,39,70,79,29,78,75,25,82,70,26,97,73,46,114,40,85,86,88,92,39,107,33,37,169,142,82,134,80,269,278,301,110,142,289,456,429,884,555,529,320,606,1000,797,518,417,217,212,324,302,140,205,214,76,138,195,62,113,143,29,112,106,37,120,88,61,125,74,80,121,58,85
64,170,2,2,119,0,1953125,12,0,0,0.8,0,0,NaN,0,0,34,18,19,36,14,21,32,11,24,25,20,31,23,29,34,21,28,25,28,31,11,41,30,25,59,23,47,64,34,45,95,89,123,160,97,155,141,152,79,192,121,147,174,241,164,74,86,376,474,454,770,548,428,246,572,1000,819,568,395,235,215,307,251,195,136,118,82,19,36,30,35,50,15,37,55,28,33,37,22,33,28,18,35,23,13
64,170,2,2,119,0,1953125,12,0,0,0.82,0,0,NaN,0,0,82,59,69,86,50,79,70,49,84,52,73,83,54,85,57,55,74,23,79,59,48,90,48,66,66,37,62,38,95,95,62,205,136,154,235,123,193,314,145,306,254,117,187,45,119,108,160,359,501,452,741,469,422,292,451,1000,826,539,523,155,54,319,217,93,168,108,69,41,144,96,57,159,99,84,150,66,94,103,46,111,69,89,113,53,106
64,170,2,2,119,0,1953125,12,0,0,0.84,0,0,NaN,0,0,90,67,86,86,69,93,72,87,87,73,96,67,89,80,60,90,58,81,78,57,91,38,88,80,48,127,52,89,80,91,41,143,201,81,253,249,127,421,401,336,415,340,142,261,230,187,482,410,559,323,621,407,310,246,436,952,1000,507,669,304,110,89,177,140,125,122,230,108,219,213,18,198,156,69,147,75,110,93,95,131,76,132,99,77,112
64,170,2,2,119,0,1953125,12,0,0,0.97,0,0,NaN,0,0,18,51,26,47,31,40,34,40,42,42,48,31,36,36,37,39,34,49,38,52,46,57,54,81,100,71,103,52,107,101,210,160,196,141,49,110,248,304,302,348,106,148,268,413,450,561,562,592,597,520,529,438,412,68,331,841,1000,776,815,521,480,389,312,294,157,78,47,179,179,226,143,94,50,99,102,103,102,62,70,40,62,42,56,40,53
64,170,2,2,119,0,1953125,12,0,0,0.97,0,0,NaN,0,0,105,90,105,100,97,107,98,105,98,115,88,119,79,117,71,119,62,109,68,113,60,108,86,116,103,169,68,155,100,149,191,344,151,302,130,75,96,377,248,408,265,47,112,256,155,534,498,732,864,980,999,746,687,99,301,925,861,664,612,247,496,554,634,372,451,160,118,120,351,126,303,115,191,64,219,93,195,112,161,108,151,97,144,80,159
64,170,2,2,119,0,1953125,12,0,0,0.98,0,0,NaN,0,0,71,100,72,112,64,114,67,113,67,121,56,121,53,118,46,125,30,117,38,117,35,117,49,107,80,151,68,173,45,103,158,256,143,294,64,206,66,366,267,403,265,167,191,190,139,235,189,539,656,908,943,695,591,273,524,1000,824,615,414,71,259,638,605,461,502,120,153,105,259,87,276,25,203,25,200,41,188,40,174,61,154,61,142,53,158
64,170,2,2,119,0,1953125,12,0,0,0.77,0,0,NaN,0,0,90,85,75,100,88,79,99,79,72,94,63,76,94,61,84,99,58,89,91,50,78,76,45,78,77,49,93,89,83,105,143,77,86,90,83,120,66,240,161,209,237,57,76,373,351,118,206,174,218,675,731,400,455,36,368,1000,707,382,503,380,379,601,309,297,342,156,149,264,139,79,185,85,106,149,86,113,142,74,125,130,74,126,112,78,120
64,170,1,2,119,0,1953125,12,0,0,0.76,0,0,NaN,0,0,78,73,103,76,79,109,73,84,111,70,89,113,66,92,110,56,92,99,42,88,84,37,104,75,57,127,72,70,158,91,87,168,109,121,207,83,190,378,262,296,336,26,119,504,490,355,396,116,185,642,696,669,652,407,472,1000,830,740,709,291,187,254,90,218,215,66,111,163,132,94,132,102,107,125,88,107,130,63,130,129,71,137,125,81,134
64,170,1,2,119,0,1953125,12,0,0,0.76,0,0,NaN,0,0,23,42,19,24,43,18,27,46,20,24,47,27,19,38,30,28,21,39,47,17,56,72,23,55,87,39,52,100,67,46,128,76,145,213,141,162,276,337,311,420,244,98,199,516,518,462,380,173,241,633,1000,820,805,655,603,884,944,721,650,247,143,122,181,104,105,57,68,11,28,48,41,27,20,32,46,32,20,67,51,12,58,52,9,44,44
64,170,1,2,119,0,1953125,12,0,0,0.77,0,0,NaN,0,0,99,75,90,112,82,104,115,73,106,105,60,110,92,59,112,78,71,116,69,82,112,42,98,94,29,120,87,63,171,93,129,202,68,153,265,77,244,413,233,373,291,107,148,537,491,489,435,143,245,677,1000,788,819,595,722,701,634,673,332,79,145,296,105,149,223,115,128,125,163,120,70,157,129,87,156,149,83,155,144,83,157,122,80,144,96
64,170,1,2,119,0,1953125,12,0,0,0.99,0,0,NaN,0,0,14,36,13,31,18,35,19,36,16,36,22,34,28,38,25,25,38,36,43,40,48,39,23,23,53,36,62,56,24,22,89,82,98,80,31,40,178,274,262,287,76,144,287,477,506,464,329,187,287,626,1000,903,928,646,439,274,473,428,341,337,383,383,352,257,125,58,71,100,68,60,32,59,80,96,51,66,33,56,24,40,19,39,32,47,36
64,170,1,2,119,0,1953125,12,0,0,0.99,0,0,NaN,0,0,24,43,21,41,21,37,24,42,20,39,29,40,36,44,36,31,47,39,51,43,67,53,41,29,60,29,91,69,55,52,85,92,133,127,43,30,205,308,371,386,160,160,303,502,565,594,498,370,262,635,1000,889,999,655,379,124,135,147,259,394,471,526,487,393,210,137,44,87,83,90,10,42,80,98,60,85,48,78,29,52,25,48,32,55,43
64,170,1,2,119,0,1953125,12,0,0,0.97,0,0,NaN,0,0,107,84,119,100,109,103,111,108,109,119,90,125,90,114,86,111,82,116,78,110,66,112,83,92,115,154,122,179,59,117,138,230,125,254,68,171,193,468,354,498,259,300,295,588,564,614,531,515,429,719,866,842,999,424,355,779,759,615,963,718,612,736,395,461,487,172,293,94,203,14,243,102,173,105,162,107,173,79,184,76,175,100,148,90,155
