64,170,2,2,119,0,1953125,12,0,612,1.12,0,0,NaN,0,0,42,10,41,22,28,35,2,40,17,25,29,4,33,20,16,39,13,34,30,5,53,33,59,57,33,66,9,47,78,72,112,32,93,28,123,171,110,177,124,140,95,106,133,74,90,257,397,428,388,283,204,296,640,913,957,1000,593,278,172,329,417,286,126,58,138,157,140,48,19,82,39,65,60,33,74,29,50,44,40,45,39,44,23,37,27
64,170,2,2,119,0,1953125,12,0,0,0.86,0,0,NaN,0,0,20,32,49,19,41,31,10,24,15,40,15,30,40,21,17,32,46,19,35,38,35,44,29,73,30,59,80,40,108,73,111,81,89,169,59,66,145,124,115,102,206,287,201,278,348,373,191,241,578,488,456,483,548,713,516,162,650,1000,340,90,217,307,330,131,135,179,134,89,63,164,124,14,99,77,38,36,58,73,13,59,71,23,33,47,42
64,170,2,2,119,0,1953125,12,0,6738,2.18,0,0,NaN,0,0,13,13,3,3,8,3,11,8,7,10,8,11,4,8,9,9,12,1,21,14,19,15,8,5,32,25,29,9,45,84,24,16,109,82,155,157,63,38,77,122,73,110,250,254,268,280,90,110,261,145,432,427,443,194,308,1000,530,489,397,311,380,170,480,210,265,60,191,129,144,100,89,86,79,58,56,60,43,51,40,29,37,35,20,23,28
64,170,2,2,119,0,1953125,12,0,0,0.84,0,0,NaN,0,0,911,920,926,931,939,939,941,946,955,957,964,966,967,965,956,952,940,939,930,922,900,905,888,871,857,829,837,835,817,809,784,814,797,833,756,807,789,848,908,781,852,819,840,819,1000,806,787,918,806,976,738,904,734,797,866,823,921,985,697,769,635,890,833,739,735,676,727,750,759,746,757,728,715,722,741,753,764,760,753,740,726,723,721,730,729
64,170,2,2,119,0,1953125,12,0,0,0.82,0,0,NaN,0,0,246,229,255,214,241,241,225,273,238,265,275,215,269,225,225,276,211,273,265,216,273,190,233,237,163,278,190,222,329,143,237,240,127,332,49,353,238,141,415,286,310,509,281,590,660,255,605,850,707,850,599,652,536,93,1000,810,167,161,286,452,453,149,316,205,186,264,96,307,326,83,295,222,138,242,109,226,224,165,260,186,188,221,133,209,177
64,170,2,2,119,0,1953125,12,0,0,0.84,0,0,NaN,0,0,233,217,246,206,235,223,221,251,220,261,228,226,245,201,263,222,237,257,202,243,196,212,238,189,247,210,201,175,233,172,167,358,185,258,391,111,352,398,71,398,247,208,203,308,441,197,526,761,479,1000,704,566,532,274,607,537,200,250,408,292,255,189,301,160,187,234,161,227,188,173,145,196,176,140,237,178,191,203,142,200,158,185,199,160,210
64,170,2,2,119,0,1953125,12,0,7381,2.29,0,0,NaN,0,0,28,25,22,20,30,23,7,19,17,15,14,14,16,16,10,10,18,13,8,20,16,30,13,29,25,30,44,45,19,104,81,46,132,88,143,209,157,51,44,228,165,245,313,79,363,264,86,761,588,289,264,340,427,857,204,999,508,866,216,282,116,291,196,126,118,61,58,83,46,15,75,35,12,38,23,15,3,32,10,16,13,1,7,6,4
64,170,2,2,119,0,1953125,12,0,0,0.75,0,0,NaN,0,0,209,237,226,218,252,235,228,262,236,234,265,230,230,261,221,222,251,211,222,257,206,228,247,196,233,248,165,243,248,120,264,264,90,304,201,109,316,353,5,274,307,55,304,363,262,247,653,361,371,706,494,737,1000,494,738,894,446,651,465,148,207,317,163,228,257,205,134,256,217,125,228,180,138,211,166,154,208,163,166,215,167,172,213,166,173
64,170,2,2,119,0,1953125,12,0,6938,2.21,0,0,NaN,0,0,40,34,21,33,29,27,6,20,11,14,7,12,23,14,30,30,21,8,18,37,32,24,21,56,60,51,39,20,43,140,57,126,36,71,79,61,123,119,276,201,390,389,271,557,65,426,681,1000,324,688,625,584,664,881,679,260,336,435,458,116,216,332,371,83,98,105,121,78,163,83,83,139,57,51,82,57,62,47,44,60,48,39,34,23,29
64,170,2,2,119,0,1953125,12,0,7695,2.34,0,0,NaN,0,0,40,75,69,34,26,67,79,32,37,61,50,65,20,64,77,19,70,75,62,66,47,109,125,13,81,152,72,121,70,124,314,82,92,319,227,82,103,197,75,154,343,581,723,870,575,374,747,895,546,207,210,492,290,501,849,872,289,708,1000,680,178,550,468,261,320,132,100,292,175,80,75,81,157,98,38,69,71,120,52,28,109,85,53,66,55
64,170,2,2,119,0,1953125,12,0,0,0.75,0,0,NaN,0,0,855,857,863,873,882,889,900,906,909,915,912,920,912,900,897,889,880,870,863,861,860,845,842,821,819,816,782,779,780,768,734,754,774,780,683,736,714,837,787,830,794,822,758,794,804,899,887,625,824,789,801,800,848,643,659,797,999,999,807,592,558,666,656,716,676,721,708,712,709,688,685,698,695,691,687,690,690,698,690,693,687,691,681,678,669
64,170,2,2,119,0,1953125,12,0,0,0.78,0,0,NaN,0,0,17,48,34,9,41,28,20,40,23,29,41,23,40,47,30,43,47,41,40,38,63,59,36,94,68,48,91,69,41,170,163,109,167,243,247,430,416,272,343,281,169,258,430,341,277,630,609,476,436,363,704,515,630,1000,680,219,211,725,495,201,136,163,219,233,139,114,213,181,49,116,117,38,50,53,31,48,43,46,55,31,44,61,39,21,51
64,170,2,2,119,0,1953125,12,0,7877,2.37,0,0,NaN,0,0,37,31,20,29,31,30,17,22,23,28,6,16,15,21,13,20,29,18,33,18,38,47,15,21,46,44,42,45,103,114,56,123,29,49,119,248,311,333,574,392,416,77,157,428,237,684,590,745,634,726,302,726,390,749,768,1000,806,341,786,341,389,327,239,48,134,103,80,42,59,12,24,15,14,24,25,39,26,4,23,17,9,7,6,12,2
64,170,2,2,119,0,1953125,12,0,0,0.83,0,0,NaN,0,0,424,387,389,366,301,272,238,242,248,204,188,151,132,75,54,75,131,189,209,273,269,227,287,360,430,444,527,547,594,457,608,496,416,702,665,738,775,799,389,629,590,558,652,865,1000,621,574,610,692,869,823,391,945,471,833,856,326,108,574,797,792,267,611,480,444,368,432,356,370,401,389,350,359,343,315,295,284,241,233,185,209,200,226,176,172
64,170,2,2,119,0,1953125,12,0,0,0.87,0,0,NaN,0,0,274,294,252,289,284,300,320,281,308,263,297,290,304,333,280,313,250,283,285,287,325,248,307,222,258,261,254,374,170,296,244,216,370,79,396,284,241,302,149,315,286,454,193,280,494,218,693,401,463,849,469,640,366,999,954,180,536,400,899,475,121,549,151,469,260,253,476,180,277,193,201,288,174,328,211,246,218,179,266,188,297,228,220,225,168
64,170,2,2,119,0,1953125,12,0,7261,2.27,0,0,NaN,0,0,15,19,10,21,23,21,19,28,20,15,14,19,15,22,12,9,17,13,8,3,27,20,35,5,69,28,29,47,54,124,11,68,72,68,30,165,25,254,71,261,162,218,83,166,216,473,547,433,310,565,1000,296,414,574,401,585,794,869,509,220,159,400,111,263,158,99,97,66,72,65,56,34,34,32,21,28,20,12,18,3,15,17,10,26,15
64,170,2,2,119,0,1953125,12,0,0,0.84,0,0,NaN,0,0,25,26,35,9,27,10,29,40,8,39,34,6,18,32,36,2,41,44,22,28,39,61,31,54,86,24,64,62,77,108,65,163,128,19,130,93,108,154,181,278,176,112,341,258,273,203,280,231,283,111,385,439,492,1000,991,572,205,68,460,395,128,52,123,222,87,68,138,110,34,72,99,85,43,53,90,54,24,72,54,13,40,50,39,12,42
64,170,2,2,119,0,1953125,12,0,4726,1.83,0,0,NaN,0,0,19,20,19,19,20,24,30,24,21,15,16,23,17,16,19,10,20,8,12,24,11,8,18,38,44,14,31,42,20,123,70,144,103,170,75,61,106,165,209,172,231,132,121,364,403,155,220,370,111,765,892,616,365,593,706,886,1000,299,439,352,179,254,160,119,117,78,125,58,64,57,47,38,30,32,29,30,24,16,5,17,5,11,10,23,12
64,170,2,2,119,0,1953125,12,0,7690,2.34,0,0,NaN,0,0,9,16,10,14,21,9,20,21,14,21,17,18,19,21,21,12,19,21,13,24,1,18,2,22,20,67,18,45,37,51,54,140,69,210,232,348,184,87,435,139,272,131,185,54,226,237,196,369,633,1000,574,811,581,315,439,269,628,646,550,162,517,373,343,124,165,90,145,35,105,46,39,61,50,38,38,31,19,33,16,12,18,11,21,5,34
64,170,2,2,119,0,1953125,12,0,0,0.47,0,0,NaN,0,0,52,18,38,30,33,32,37,33,46,35,29,37,44,50,28,54,52,43,58,28,60,33,66,70,40,85,75,77,68,57,98,148,196,141,370,190,345,314,249,296,261,57,138,206,445,453,594,163,485,710,773,301,476,526,1000,468,636,595,562,510,191,453,122,31,184,138,115,66,38,54,98,97,64,65,69,70,84,88,77,94,83,40,73,54,47
64,170,2,2,119,0,1953125,12,0,0,0.95,0,0,NaN,0,0,21,43,17,76,27,75,54,49,20,73,74,22,41,76,62,44,81,103,66,82,121,90,82,89,163,52,151,137,217,96,168,195,252,295,370,552,289,337,355,594,369,177,264,343,316,351,479,492,648,676,934,1000,877,673,798,498,227,607,503,458,42,314,420,313,201,123,278,94,109,167,267,167,71,135,109,80,77,156,73,51,81,113,53,55,91
64,170,2,2,119,0,1953125,12,0,0,0.82,0,0,NaN,0,0,32,53,10,36,32,19,52,21,36,51,13,35,36,32,26,37,60,27,40,52,30,53,35,77,97,35,141,123,73,163,106,82,118,101,192,296,113,282,366,313,355,271,196,440,375,663,794,672,726,801,999,841,439,684,814,614,560,813,510,434,233,174,193,183,137,257,198,153,205,173,120,119,80,105,106,51,90,95,44,75,75,42,58,49,46
64,170,2,2,119,0,1953125,12,0,0,0.95,0,0,NaN,0,0,15,67,23,63,35,55,43,47,47,44,55,40,57,46,59,55,68,62,76,65,100,57,117,61,158,90,198,113,154,89,152,189,225,269,196,333,245,363,287,344,182,85,220,402,358,264,279,437,540,438,442,506,467,497,619,845,994,1000,682,433,289,264,287,296,338,199,217,172,216,177,145,166,123,152,104,148,88,107,84,97,81,77,87,63,74
64,170,2,2,119,0,1953125,12,0,0,0.95,0,0,NaN,0,0,15,67,23,63,35,55,43,47,47,44,55,40,57,46,59,55,68,62,76,65,100,57,117,61,158,90,198,113,154,89,152,189,225,269,196,333,245,363,287,344,182,85,220,402,358,264,279,437,540,438,442,506,467,497,619,845,994,1000,682,433,289,264,287,296,338,199,217,172,216,177,145,166,123,152,104,148,88,107,84,97,81,77,87,63,74
64,170,1,2,119,0,1953125,12,0,0,0.95,0,0,NaN,0,0,423,407,365,332,371,363,329,264,237,222,223,176,134,117,133,152,163,166,219,265,304,337,359,402,414,499,481,525,521,522,596,646,575,579,506,665,683,653,439,535,820,655,539,411,743,625,476,860,229,682,676,619,458,835,439,999,852,429,342,597,668,399,503,424,510,621,486,377,391,464,475,416,343,277,316,324,307,253,185,174,224,209,135,77,54
64,170,1,2,119,0,1953125,12,0,0,0.96,0,0,NaN,0,0,328,312,279,286,313,345,300,306,279,346,319,350,258,327,297,383,266,328,228,384,261,369,177,344,224,397,241,307,206,363,359,210,257,323,399,299,495,148,327,368,608,231,855,332,643,443,329,248,689,542,454,660,634,691,590,1000,669,828,500,866,414,716,74,556,317,389,234,424,346,216,214,329,377,172,268,187,359,210,320,125,301,195,342,168,256
64,170,1,2,119,0,1953125,12,0,0,0.96,0,0,NaN,0,0,328,312,279,286,313,345,300,306,279,346,319,350,258,327,297,383,266,328,228,384,261,369,177,344,224,397,241,307,206,363,359,210,257,323,399,299,495,148,327,368,608,231,855,332,643,443,329,248,689,542,454,660,634,691,590,1000,669,828,500,866,414,716,74,556,317,389,234,424,346,216,214,329,377,172,268,187,359,210,320,125,301,195,342,168,256
64,170,2,2,119,0,1953125,12,0,0,0.96,0,0,NaN,0,0,36,17,39,4,32,6,33,3,30,7,26,6,29,14,24,7,29,11,29,10,42,15,57,17,60,22,68,28,58,39,82,65,127,184,174,185,21,141,189,273,149,76,233,414,371,176,149,252,377,298,469,674,1000,978,597,176,269,534,264,89,253,279,313,257,192,79,129,86,128,83,105,73,54,49,64,66,32,48,42,61,33,47,29,35,24
64,170,2,2,119,0,1953125,12,0,7888,2.37,0,0,NaN,0,0,88,46,75,31,88,46,55,40,38,65,25,37,32,77,24,29,93,61,41,32,114,12,83,64,88,103,84,99,29,284,157,282,151,327,106,221,249,451,206,395,536,857,748,819,563,492,414,683,815,800,1000,908,692,548,298,302,504,612,747,493,120,160,400,312,108,153,202,18,85,67,111,85,120,79,68,112,98,82,59,104,44,55,54,63,13
64,170,2,2,119,0,1953125,12,0,4498,1.79,0,0,NaN,0,0,532,474,408,436,453,408,337,323,318,289,223,189,213,203,135,181,229,252,224,317,384,402,389,457,557,554,500,566,634,687,600,586,719,750,615,598,680,706,538,733,634,625,503,711,554,430,601,608,308,561,580,631,115,583,980,488,172,1000,662,304,677,681,461,582,509,592,506,471,489,484,453,421,398,388,379,323,267,291,261,204,147,167,135,89,25
