64,170,2,2,119,0,1953125,12,0,0,0.86,0,0,NaN,0,0,114,107,99,115,92,125,104,122,115,103,129,97,137,111,122,133,90,130,92,121,125,92,124,75,115,106,79,100,68,126,51,127,38,133,178,118,283,235,256,271,87,282,163,197,246,193,298,387,627,903,1000,993,478,515,446,145,526,957,674,529,385,581,259,218,228,185,279,175,94,147,65,169,78,96,109,32,121,26,103,76,65,116,12,106,66
64,170,2,2,119,0,1953125,12,0,0,0.86,0,0,NaN,0,0,17,38,16,28,27,9,29,4,29,23,12,24,15,22,16,30,19,20,23,20,39,8,37,34,14,54,14,34,16,59,52,23,130,73,172,179,158,256,230,97,178,157,245,188,17,41,175,170,613,746,1000,884,652,714,702,334,337,707,541,397,410,560,281,242,220,216,238,169,82,133,93,124,103,48,74,42,63,70,38,59,45,52,55,37,46
64,170,2,2,119,0,1953125,12,0,0,0.85,0,0,NaN,0,0,15,29,38,14,38,21,21,31,3,25,13,21,21,8,17,14,24,12,34,25,19,49,11,47,19,50,74,26,92,74,63,109,110,130,221,152,210,196,47,100,125,264,236,145,151,117,230,80,459,675,972,794,852,937,1000,465,100,559,436,274,434,539,271,249,154,231,226,110,102,99,78,133,81,60,76,22,66,55,30,52,19,39,41,30,42
64,170,2,2,119,0,1953125,12,0,0,0.86,0,0,NaN,0,0,13,30,25,22,31,11,27,19,10,22,2,25,12,17,16,16,24,15,38,12,28,36,20,44,9,54,50,46,92,33,95,87,94,142,150,157,189,101,86,90,181,280,177,233,201,234,283,122,279,516,694,628,842,966,1000,436,125,373,237,212,374,439,294,229,175,236,159,101,107,74,114,103,49,69,28,51,61,21,52,28,38,46,25,44,32
64,170,2,2,119,0,1953125,12,0,0,0.94,0,0,NaN,0,0,57,92,51,100,52,108,43,109,56,111,75,93,83,89,101,79,108,63,121,48,134,8,133,21,141,62,107,91,67,78,57,68,125,119,186,255,140,226,146,296,223,292,187,136,257,137,208,100,411,471,690,594,921,974,1000,512,367,286,143,99,131,166,151,125,112,232,158,186,119,173,148,94,94,79,110,41,91,38,100,16,100,28,96,46,85
64,170,2,2,119,0,1953125,12,0,0,0.95,0,0,NaN,0,0,75,91,82,87,83,88,92,86,104,74,120,62,127,55,127,53,129,52,127,56,122,70,115,91,107,119,69,147,14,126,18,102,68,135,116,249,109,242,186,362,338,362,299,205,399,272,300,109,334,327,485,450,865,1000,926,508,487,571,266,183,43,157,72,139,76,230,178,164,150,164,181,68,115,70,135,24,107,36,110,26,107,54,87,63,79
64,170,2,2,119,0,1953125,12,0,0,0.95,0,0,NaN,0,0,87,118,97,110,101,108,112,108,119,99,135,87,150,73,154,67,158,61,154,66,147,74,140,90,141,123,103,166,45,165,15,145,52,138,86,232,81,293,289,539,444,539,434,401,618,425,502,254,361,326,403,160,752,887,828,412,790,1000,587,362,180,284,145,191,101,257,175,169,152,201,193,84,138,102,158,27,129,41,129,13,130,45,104,54,105
64,170,2,2,119,0,1953125,12,0,0,0.86,0,0,NaN,0,0,32,34,13,38,9,31,27,18,37,12,31,25,29,30,29,38,24,33,20,49,43,23,61,26,79,64,32,79,31,104,118,77,124,80,136,89,114,226,284,306,294,233,342,301,329,341,348,285,490,553,778,418,185,256,163,419,745,1000,575,301,308,273,141,99,109,139,171,95,60,70,42,95,55,51,66,13,66,43,46,50,27,57,35,35,40
64,170,2,2,119,0,1953125,12,0,0,0.86,0,0,NaN,0,0,41,16,30,35,11,39,15,33,38,18,38,25,37,30,36,38,33,38,26,56,34,38,60,31,82,49,43,65,23,101,91,81,123,102,172,115,142,215,239,257,258,217,364,283,284,254,250,225,531,606,839,518,290,215,153,466,771,1000,555,333,352,328,179,122,137,161,195,109,74,94,59,111,76,61,80,27,76,60,50,63,33,61,50,41,52
64,170,1,2,119,0,1953125,12,0,0,0.86,0,0,NaN,0,0,117,77,116,79,109,106,91,127,74,129,95,109,128,80,145,79,126,110,85,144,58,126,84,99,141,35,118,56,113,127,58,162,46,223,111,190,221,128,296,289,216,341,326,415,307,167,298,161,706,698,934,719,460,382,279,524,882,1000,630,410,488,445,253,215,158,252,237,100,129,63,129,122,63,119,20,99,65,76,100,20,114,42,82,86,28
64,170,1,2,119,0,1953125,12,0,0,0.86,0,0,NaN,0,0,46,30,26,45,6,42,21,33,42,17,41,28,37,30,41,40,33,40,27,60,35,43,62,30,85,41,45,57,33,112,75,102,135,146,215,143,199,228,199,233,236,244,448,331,350,171,131,273,650,769,993,705,636,489,546,579,800,1000,574,483,532,481,323,232,200,261,249,126,122,105,112,143,68,92,69,56,97,54,77,60,59,79,46,60,50
64,170,2,2,119,0,1953125,12,0,0,0.86,0,0,NaN,0,0,46,35,23,48,7,42,25,30,46,18,41,31,37,33,41,43,33,43,29,62,40,40,68,30,89,50,40,64,23,114,87,93,138,136,220,146,185,239,212,233,248,227,438,323,333,153,122,267,657,782,1000,744,662,511,582,607,829,975,551,491,542,498,318,242,199,253,250,126,123,112,110,150,70,91,77,56,100,57,76,66,56,82,49,59,53
64,170,2,2,119,0,1953125,12,0,0,0.88,0,0,NaN,0,0,34,19,45,8,41,28,22,38,7,32,12,29,20,19,19,24,32,20,42,9,43,35,33,44,34,84,49,66,74,72,146,46,96,54,70,98,84,232,348,332,359,306,343,342,359,378,446,318,604,663,884,539,393,422,331,310,783,1000,522,283,365,359,185,131,105,166,160,38,64,29,75,81,13,58,16,57,54,24,52,12,48,38,17,31,20
64,170,2,2,119,0,1953125,12,0,0,0.85,0,0,NaN,0,0,16,40,21,31,36,9,38,17,19,25,10,29,7,20,14,17,22,21,38,2,37,24,35,46,21,64,35,74,87,11,105,84,122,174,160,180,198,97,90,50,164,233,148,210,60,180,161,42,454,767,970,839,905,1000,999,394,195,576,302,291,422,469,303,192,171,253,180,137,108,68,116,102,63,88,48,47,69,34,56,37,35,52,23,48,42
64,170,2,2,119,0,1953125,12,0,0,0.86,0,0,NaN,0,0,36,18,27,39,3,36,23,24,35,20,38,25,30,34,34,35,31,40,24,42,40,20,46,19,58,51,25,50,19,84,54,71,110,84,194,140,178,245,209,192,193,137,254,196,164,206,307,297,607,702,999,771,475,371,388,305,617,810,595,362,347,406,222,214,184,178,219,143,98,116,72,111,90,63,82,39,73,67,45,65,41,53,55,45,55
64,170,2,2,119,0,1953125,12,0,0,0.84,0,0,NaN,0,0,81,115,108,91,130,84,123,109,95,134,87,133,118,102,142,82,134,106,100,146,70,134,102,91,157,43,118,107,63,192,50,155,102,80,124,24,193,165,206,391,267,303,352,275,521,584,664,716,299,246,195,182,684,927,1000,716,671,727,378,283,232,208,226,190,174,206,75,121,124,93,148,75,89,80,39,104,36,72,82,31,94,31,75,82,30
64,170,2,2,119,0,1953125,12,0,0,0.84,0,0,NaN,0,0,20,19,34,6,30,28,10,33,17,22,26,17,28,17,28,24,27,28,21,46,28,37,53,26,72,61,28,69,44,93,104,51,80,53,15,73,34,74,150,152,224,275,235,326,340,439,511,439,269,194,83,152,592,801,1000,592,412,371,212,121,215,280,203,164,155,169,118,83,99,57,83,104,53,62,49,27,61,37,40,47,14,42,36,30,42
64,170,2,2,119,0,1953125,12,0,0,0.84,0,0,NaN,0,0,27,7,34,18,21,33,6,29,25,16,27,18,26,20,25,27,23,30,19,41,42,24,53,32,56,74,31,66,65,62,104,72,73,91,51,70,49,3,101,122,185,289,280,305,321,350,400,367,237,305,272,288,609,764,1000,596,249,256,151,24,262,336,217,184,143,161,142,84,91,60,59,102,66,55,61,25,49,48,28,47,25,28,39,23,39
64,170,2,2,119,0,1953125,12,0,0,0.84,0,0,NaN,0,0,129,91,132,100,119,133,97,146,106,128,138,96,154,108,133,148,91,159,105,123,148,60,166,97,116,146,10,205,108,103,182,48,257,203,192,248,163,223,310,133,349,283,502,338,196,213,115,190,358,585,969,999,711,699,997,532,337,764,853,495,548,540,309,309,107,165,213,110,169,130,83,139,47,136,121,32,111,31,91,89,32,102,41,85,89
64,170,2,2,119,0,1953125,12,0,0,0.84,0,0,NaN,0,0,14,51,28,29,44,2,37,25,21,37,12,35,29,24,27,31,41,25,53,33,45,63,36,73,52,60,117,83,118,112,70,170,176,196,278,140,204,322,239,283,269,325,487,263,259,90,144,104,339,697,1000,956,649,574,930,455,373,893,904,558,499,534,302,260,151,92,194,165,98,130,104,81,110,63,89,83,19,69,41,42,54,19,44,31,35
64,170,1,2,119,0,1953125,12,0,0,0.84,0,0,NaN,0,0,28,46,13,37,34,11,39,13,27,29,13,35,21,26,22,32,31,26,50,21,52,50,38,68,22,77,96,71,124,76,91,158,140,198,233,107,193,253,168,243,214,335,432,255,270,67,89,137,291,670,881,830,683,641,1000,468,268,769,755,436,472,496,296,265,138,125,199,137,102,117,73,101,96,60,93,63,35,66,26,52,43,20,45,23,42
64,170,1,2,119,0,1953125,12,0,0,0.84,0,0,NaN,0,0,34,35,10,37,19,22,31,4,30,18,20,29,15,26,18,30,20,28,40,16,51,29,45,52,16,78,62,73,106,35,104,119,114,176,161,103,152,144,108,162,181,318,347,263,259,151,150,203,255,566,655,609,628,689,999,463,115,532,509,280,418,430,291,236,143,162,174,105,100,80,58,100,67,61,76,28,48,48,26,47,23,29,35,19,43
64,170,1,2,119,0,1953125,12,0,0,0.84,0,0,NaN,0,0,62,77,75,61,92,62,83,80,65,96,62,90,86,69,102,61,91,84,62,102,49,92,84,58,107,27,88,99,32,120,45,105,125,14,116,68,65,85,45,161,172,219,328,192,301,285,328,388,194,295,329,251,586,703,1000,578,194,228,208,24,279,295,258,172,157,184,100,109,84,42,97,54,75,82,6,66,29,50,63,12,62,29,49,61,10
64,170,1,2,119,0,1953125,12,0,0,0.84,0,0,NaN,0,0,60,82,78,66,93,62,86,79,68,98,64,93,88,72,103,59,95,80,70,106,51,94,78,63,110,26,92,93,40,128,40,110,112,17,96,55,94,73,85,195,182,227,326,205,338,356,396,457,193,215,216,150,609,744,1000,620,300,264,195,72,257,275,244,175,163,190,97,109,83,55,101,58,76,74,11,68,26,52,62,14,64,24,53,61,14
64,170,1,2,119,0,1953125,12,0,0,0.84,0,0,NaN,0,0,68,96,73,85,96,71,101,72,91,99,73,110,80,97,104,69,112,71,99,102,60,112,58,102,105,26,112,58,90,130,18,140,60,85,69,21,152,64,188,258,170,275,276,247,387,416,549,534,239,159,96,109,601,739,1000,582,504,462,369,192,199,213,238,146,194,182,80,128,64,107,107,46,97,49,53,72,6,76,46,45,67,11,74,48,41
64,170,1,2,119,0,1953125,12,0,0,0.84,0,0,NaN,0,0,27,27,46,6,40,33,16,44,17,29,28,20,32,17,35,25,37,31,31,53,17,54,54,47,91,48,57,74,40,145,95,70,130,58,131,108,123,218,278,281,322,272,245,376,366,601,702,601,448,199,479,342,541,784,1000,546,746,818,666,316,120,150,188,162,191,171,78,128,122,109,128,84,63,71,36,74,60,30,62,26,46,56,27,46,32
64,170,1,2,119,0,1953125,12,0,0,0.84,0,0,NaN,0,0,30,25,46,11,40,36,14,45,23,27,30,21,34,21,33,25,36,38,33,57,19,58,64,46,91,47,60,87,45,141,100,59,155,96,178,165,160,252,317,282,295,255,223,387,365,554,714,610,534,429,756,611,436,565,763,441,834,1000,785,417,77,20,120,130,144,143,60,143,150,114,138,83,67,92,54,88,70,32,71,35,52,65,31,49,36
64,170,1,2,119,0,1953125,12,0,0,0.86,0,0,NaN,0,0,40,4,40,28,24,45,8,39,29,28,43,22,43,31,40,39,38,41,22,54,35,41,41,31,71,28,59,52,51,112,30,110,63,94,131,75,215,230,251,355,259,256,305,294,370,537,560,607,526,571,836,633,361,355,379,433,771,1000,778,396,211,114,152,220,115,126,138,117,149,108,80,90,57,88,80,49,64,47,65,61,38,61,46,48,56
64,170,1,2,119,0,1953125,12,0,0,0.85,0,0,NaN,0,0,33,13,40,17,29,34,6,35,18,21,24,11,26,13,24,17,24,20,20,36,8,43,29,38,57,7,64,34,49,110,27,83,109,111,209,134,199,260,189,218,168,95,210,210,145,297,395,317,479,563,1000,790,280,183,394,162,663,876,742,417,244,295,160,180,108,83,154,122,90,112,68,65,86,53,81,63,26,61,28,43,41,21,40,21,36
64,170,1,2,119,0,1953125,12,0,0,0.85,0,0,NaN,0,0,19,25,34,8,33,20,20,31,4,25,15,16,20,9,23,10,24,11,29,27,12,41,9,51,38,25,60,10,74,85,40,91,83,142,199,126,228,225,134,209,88,122,174,143,118,217,253,246,407,586,1000,785,412,393,583,161,549,827,688,365,299,329,219,209,90,138,166,97,101,95,52,86,66,66,84,37,46,51,28,50,27,33,36,23,45
