64,170,1,2,119,0,1953125,12,0,0,0.62,0,0,NaN,0,0,13,10,8,12,12,9,11,15,16,11,13,21,21,12,15,23,25,17,13,25,35,25,23,25,12,31,30,59,58,43,20,62,42,51,121,163,191,112,32,141,259,216,210,319,321,141,333,644,808,518,149,24,469,1000,970,644,492,277,564,679,350,313,112,143,132,57,119,123,50,25,47,69,61,12,51,68,44,9,37,57,41,6,36,51,34
64,170,1,2,119,0,1953125,12,0,0,0.62,0,0,NaN,0,0,14,9,7,14,14,8,9,17,17,9,13,22,21,13,15,27,26,16,14,25,36,27,29,39,17,16,15,38,58,39,49,84,34,28,77,149,176,187,60,32,161,94,246,431,584,327,218,497,670,650,519,559,156,540,942,913,1000,748,372,611,374,313,217,49,81,34,94,145,78,32,61,59,49,4,46,68,43,4,41,57,36,4,38,53,32
64,170,1,2,119,0,1953125,12,0,0,0.63,0,0,NaN,0,0,15,15,6,9,15,13,3,12,18,12,4,17,24,15,6,21,29,16,5,20,37,32,20,32,22,23,13,28,53,35,35,77,33,36,72,127,158,180,58,48,129,50,218,435,606,355,204,423,564,602,529,621,317,316,793,829,1000,824,251,525,339,272,233,59,45,24,68,129,82,32,69,53,34,4,41,58,33,9,42,47,26,12,40,46,22
64,170,1,2,119,0,1953125,12,0,0,0.62,0,0,NaN,0,0,13,11,10,12,12,11,12,16,15,11,16,20,21,15,17,26,26,19,15,24,34,29,29,37,20,15,19,32,54,40,43,80,38,31,74,134,173,191,54,20,146,90,230,443,597,362,195,478,684,668,513,556,229,437,826,809,1000,860,235,584,364,286,243,67,68,29,83,147,95,17,69,68,53,11,42,72,52,4,44,58,41,10,40,55,37
64,170,1,2,119,0,1953125,12,0,0,0.63,0,0,NaN,0,0,16,15,10,14,15,12,11,17,17,12,14,23,24,17,15,26,29,21,16,30,43,36,26,28,21,40,37,54,57,36,16,65,35,45,116,172,222,162,17,101,234,190,258,453,570,325,236,692,959,767,388,352,274,813,970,811,1000,765,391,775,451,381,223,113,100,42,142,173,78,36,90,79,52,5,67,85,43,20,64,67,35,19,59,64,25
64,170,2,2,119,0,1953125,12,0,0,0.63,0,0,NaN,0,0,10,19,17,10,12,19,16,8,13,20,13,10,21,25,15,14,29,29,18,19,43,41,10,9,32,65,43,55,46,10,29,59,72,64,139,178,220,76,117,225,315,218,182,395,501,244,273,793,1000,665,95,173,574,983,870,574,771,556,513,793,409,388,141,179,119,81,169,154,41,47,97,81,39,24,84,79,22,40,73,61,21,38,68,55,12
64,170,2,2,119,0,1953125,12,0,0,0.63,0,0,NaN,0,0,14,25,19,4,16,24,16,4,19,25,13,10,25,28,11,14,36,31,10,19,43,35,10,11,49,59,23,54,24,35,26,65,81,63,90,166,114,57,165,240,309,164,43,327,362,232,242,632,692,228,211,447,767,1000,434,185,314,367,565,501,246,191,38,228,121,113,111,84,35,17,62,62,36,22,55,50,18,17,43,40,16,17,39,36,12
64,170,2,2,119,0,1953125,12,0,0,0.63,0,0,NaN,0,0,13,14,10,9,14,14,8,10,16,14,7,14,19,17,8,18,28,21,10,19,33,28,9,19,46,48,28,35,11,41,46,82,84,59,70,131,54,127,211,267,280,130,50,457,426,343,216,562,554,73,409,717,919,1000,159,144,559,613,561,367,113,88,100,281,125,117,108,99,72,10,89,91,47,23,70,68,34,25,60,60,28,30,56,53,24
64,170,2,2,119,0,1953125,12,0,0,0.63,0,0,NaN,0,0,15,14,8,13,19,13,9,15,20,13,9,21,26,17,11,29,35,22,10,29,42,29,12,28,50,44,33,40,17,44,50,111,96,56,57,120,65,175,210,276,273,98,122,574,541,450,152,448,447,293,491,798,1000,934,127,371,893,874,475,225,78,45,193,269,77,114,89,121,94,14,106,98,45,17,67,81,43,16,64,69,32,20,59,63,30
64,170,2,2,119,0,1953125,12,0,0,0.63,0,0,NaN,0,0,18,17,5,11,19,14,5,17,21,13,7,22,27,19,8,30,36,19,6,27,43,30,11,32,45,34,26,33,26,46,55,120,87,29,34,105,121,177,182,233,199,19,214,626,565,415,100,383,506,479,447,670,833,664,388,554,999,864,203,319,101,146,194,186,28,66,83,131,84,18,100,83,41,9,61,78,41,15,58,62,35,17,55,59,30
64,170,2,2,119,0,1953125,12,0,0,0.62,0,0,NaN,0,0,18,10,12,18,19,12,15,22,21,12,18,31,29,14,22,37,35,19,19,37,46,27,26,41,39,29,38,47,27,33,63,142,95,36,46,137,193,190,168,193,159,57,283,706,631,424,190,534,773,638,344,598,825,735,571,575,1000,815,211,422,164,240,187,154,51,28,118,159,84,14,98,90,57,4,67,93,55,8,57,72,48,8,54,68,44
64,170,2,2,119,0,1953125,12,0,0,0.62,0,0,NaN,0,0,19,14,14,19,19,16,17,25,22,15,21,36,31,19,22,39,39,25,19,41,53,35,30,42,41,38,39,57,32,33,58,157,103,30,77,170,257,206,135,180,190,122,296,760,684,420,331,732,989,712,238,627,947,1000,674,544,963,859,279,563,201,250,174,185,109,20,134,173,93,7,102,109,77,10,75,106,68,13,59,89,61,12,60,82,60
64,170,2,2,119,0,1953125,12,0,0,0.62,0,0,NaN,0,0,15,10,17,22,16,12,22,27,22,14,27,34,28,16,30,39,32,19,28,41,44,21,34,45,30,23,40,64,29,20,41,130,89,40,61,164,228,137,89,153,193,158,238,563,531,335,292,647,877,608,188,560,848,999,640,403,810,768,321,498,162,224,133,196,131,27,126,140,91,25,71,100,79,25,54,87,66,21,37,70,62,16,37,65,59
64,170,2,2,119,0,1953125,12,0,0,0.62,0,0,NaN,0,0,13,13,17,18,13,17,23,24,18,20,27,33,24,19,31,37,29,21,28,39,39,23,36,38,28,26,44,63,27,19,40,118,84,38,67,158,207,115,85,149,194,139,229,547,530,323,311,709,897,577,172,571,884,1000,617,366,788,787,391,562,192,226,133,248,150,43,136,140,100,29,71,106,79,18,55,88,66,20,42,76,63,18,42,69,59
64,170,2,2,119,0,1953125,12,0,0,0.62,0,0,NaN,0,0,14,9,16,21,16,13,22,27,19,16,27,32,25,18,30,39,30,21,30,41,44,23,38,42,33,27,43,70,30,17,37,117,85,30,73,166,207,94,86,148,206,138,220,545,541,341,287,712,889,572,220,602,960,1000,663,425,815,813,422,560,192,222,149,262,155,60,143,143,108,32,77,112,80,17,56,89,68,16,44,80,60,14,40,68,60
64,170,1,2,119,0,1953125,12,0,0,0.62,0,0,NaN,0,0,22,11,9,20,22,10,15,24,23,10,18,35,31,14,22,41,39,19,23,43,51,26,29,40,46,41,39,61,41,21,47,115,82,9,92,181,214,85,80,164,215,127,207,534,502,301,297,697,836,478,262,642,999,928,559,423,847,844,376,513,196,223,157,234,132,78,152,129,88,22,92,110,64,13,65,82,55,1,54,72,45,6,52,67,47
64,170,1,2,119,0,1953125,12,0,0,0.63,0,0,NaN,0,0,28,29,13,11,28,29,7,17,31,25,3,26,41,29,2,32,48,31,3,37,59,41,10,36,64,53,22,59,62,37,33,103,92,26,84,181,191,79,83,169,227,102,162,481,443,272,294,614,710,338,319,654,1000,831,402,365,830,805,356,428,153,174,166,213,110,96,128,103,71,35,93,88,40,25,59,62,33,14,49,54,28,13,46,50,30
64,170,1,2,119,0,1953125,12,0,0,0.63,0,0,NaN,0,0,19,24,13,8,22,20,9,9,23,22,5,16,29,23,4,24,39,25,5,26,49,36,1,23,60,50,19,36,55,38,37,79,73,32,93,165,165,71,103,161,211,103,137,445,403,275,302,576,662,260,334,680,1000,844,308,303,793,832,410,396,107,149,187,232,112,110,136,105,73,21,103,96,36,29,70,64,27,25,62,59,19,29,58,51,17
64,170,1,2,119,0,1953125,12,0,0,0.63,0,0,NaN,0,0,11,22,17,3,15,22,16,3,18,22,13,12,26,26,11,15,35,30,11,20,45,39,5,15,55,55,13,33,49,49,41,78,74,45,100,161,169,67,124,188,229,110,110,436,415,288,313,560,653,250,392,694,999,836,177,396,834,873,367,392,128,115,162,235,117,93,121,99,82,21,93,88,39,18,62,63,31,16,55,56,21,23,48,50,22
64,170,1,2,119,0,1953125,12,0,0,0.64,0,0,NaN,0,0,11,19,18,5,14,21,16,1,17,23,12,7,20,24,15,12,30,24,10,13,39,37,11,18,56,43,4,17,55,50,40,70,61,41,80,144,147,75,101,156,178,101,153,442,448,259,310,576,648,241,423,745,1000,792,127,477,901,923,329,339,148,115,187,224,94,92,112,94,75,20,103,81,22,28,66,59,18,34,60,51,11,37,53,42,12
64,170,1,2,119,0,1953125,12,0,0,0.94,0,0,NaN,0,0,34,27,27,39,15,39,7,44,20,36,26,30,30,26,32,32,33,30,43,34,57,26,67,36,81,64,64,84,47,77,26,69,31,52,91,35,81,54,115,57,29,63,243,337,168,19,392,610,481,163,488,920,999,725,204,373,866,780,345,223,14,128,179,59,53,35,54,34,113,69,91,59,65,71,31,63,42,47,26,44,49,26,30,35,41
64,170,1,2,119,0,1953125,12,0,0,0.62,0,0,NaN,0,0,12,15,33,31,11,17,38,35,14,18,43,45,23,16,45,53,29,15,46,58,44,12,50,57,47,15,69,63,37,16,66,139,78,36,50,186,203,82,92,280,194,78,185,623,645,392,278,651,955,565,153,590,936,858,520,571,1000,947,306,468,188,158,199,181,87,30,112,138,99,46,64,68,67,46,46,60,52,33,33,40,37,32,32,35,31
64,170,1,2,119,0,1953125,12,0,0,0.62,0,0,NaN,0,0,7,20,21,13,5,21,25,16,8,23,29,26,13,23,33,31,19,28,34,35,27,23,37,38,34,32,58,35,21,17,77,115,96,41,43,132,140,89,142,282,194,99,182,593,621,371,140,545,700,388,252,707,931,786,306,524,999,910,274,324,78,23,215,253,112,43,36,135,141,50,53,72,79,45,13,59,72,43,10,48,58,42,1,40,56
64,170,1,2,119,0,1953125,12,0,0,0.62,0,0,NaN,0,0,19,11,6,17,18,8,9,22,22,10,13,29,26,12,16,31,35,18,20,38,41,19,13,30,49,44,43,64,11,32,51,108,125,37,20,86,139,65,120,279,308,184,69,447,554,364,97,480,602,284,281,678,999,1000,223,283,697,817,451,309,119,91,222,300,140,112,65,112,118,30,83,81,56,1,49,65,48,4,45,61,42,6,40,56,40
64,170,1,2,119,0,1953125,12,0,0,0.62,0,0,NaN,0,0,9,7,11,11,9,10,14,16,12,11,17,21,14,12,19,21,19,15,22,27,27,14,21,17,23,34,41,62,27,25,33,63,89,47,38,74,132,36,83,212,303,229,72,269,356,270,118,427,580,354,154,461,821,1000,439,22,299,502,464,417,218,170,135,259,152,100,75,65,92,32,54,71,54,10,34,50,46,17,26,49,40,13,23,43,39
64,170,1,2,119,0,1953125,12,0,0,0.62,0,0,NaN,0,0,8,9,11,10,9,12,14,12,12,14,16,18,15,15,20,21,17,16,19,23,27,22,27,21,9,27,37,58,38,32,26,37,49,35,53,98,155,89,59,135,258,214,141,187,287,202,143,466,699,561,188,199,637,1000,664,329,306,268,427,567,326,260,61,208,158,101,99,75,64,19,41,66,57,16,36,53,40,12,23,44,40,11,25,40,34
64,170,1,2,119,0,1953125,12,0,0,0.62,0,0,NaN,0,0,12,4,12,17,11,7,15,21,15,9,19,25,19,11,21,31,26,15,24,26,31,21,32,45,28,7,8,36,40,21,27,82,60,27,31,79,145,141,99,98,114,90,126,358,679,460,278,358,599,777,495,521,326,402,660,687,999,842,149,518,304,301,201,77,66,22,59,124,110,34,53,60,57,20,26,59,55,15,27,49,43,15,24,49,40
64,170,1,2,119,0,1953125,12,0,0,0.62,0,0,NaN,0,0,11,9,11,14,12,10,15,18,15,14,19,22,18,13,21,27,25,20,24,26,27,17,27,40,33,6,13,31,33,12,18,78,77,38,15,68,102,109,98,157,181,195,48,332,705,552,343,192,416,609,444,653,623,477,426,577,1000,925,214,361,174,204,190,142,67,31,61,106,115,33,62,77,55,11,35,60,57,16,34,58,46,14,31,52,43
64,170,1,2,119,0,1953125,12,0,0,0.62,0,0,NaN,0,0,11,9,11,15,11,9,14,18,15,15,20,23,19,12,21,28,25,20,25,27,28,17,26,41,33,5,18,35,31,11,16,80,81,37,12,81,111,92,89,178,216,245,50,366,750,581,372,212,425,587,391,642,715,569,345,534,1000,992,204,357,162,184,170,159,88,53,75,101,117,37,67,81,61,11,38,64,59,17,36,63,46,15,31,56,43
64,170,1,2,119,0,1953125,12,0,0,0.62,0,0,NaN,0,0,22,18,2,15,22,15,3,19,25,14,6,24,30,17,8,30,38,21,13,30,44,33,17,45,42,23,7,38,46,34,8,87,80,21,20,88,127,125,81,149,188,167,73,375,730,527,319,306,486,644,367,549,619,524,379,552,973,1000,196,358,185,216,169,131,72,58,63,89,99,44,65,68,47,7,32,52,45,10,33,50,34,3,27,47,35
