34928	35048	35167	35286	35405	35524	35644	35763	35882	36001	36120	36240	36359	36478	36597	36716	36836	36955	37074	37193	37313	37432	37551	37670	37789	37909	38028	38147	38266	38385	38505	38624	38743	38862	38981	39101	39220	39339	39458	39577	39697	39816	39935	40054	40174	40293	40412	40531	40650	40770	40889	41008	41127	41246	41366	41485	41604	41723	41842	41962	42081	42200	42319	42439	42558	42677	42796	42915	43035	43154	43273	43392	43511	43631	43750	43869	43988	44107	44227	44346	44465	44584	44703	44823	44942
48	64	57	61	65	55	74	56	76	59	80	64	80	73	86	75	90	80	97	77	105	79	101	72	106	86	97	91	93	98	51	106	73	162	153	203	176	192	244	294	384	410	474	444	512	531	649	772	834	874	920	952	973	999	916	862	759	642	469	359	208	174	85	71	88	59	116	86	130	112	117	119	108	128	101	128	102	122	97	109	99	97	94	90	90
54	60	62	55	69	50	76	54	77	59	81	65	80	73	86	76	92	80	99	78	106	81	99	76	101	93	90	99	85	104	48	106	81	161	167	198	191	186	253	292	390	413	478	453	506	539	647	795	833	883	920	976	986	1000	892	842	745	641	474	355	210	167	96	62	96	61	118	94	124	120	111	125	104	133	101	129	107	119	102	106	103	96	96	88	91
62	54	69	49	75	46	78	53	79	58	81	67	80	73	87	76	92	80	98	79	103	85	96	83	93	101	82	108	77	112	50	105	89	156	181	193	199	169	249	284	387	415	474	462	502	549	636	807	830	897	921	989	992	1000	880	822	730	621	471	336	210	146	104	52	101	71	113	106	116	130	104	131	100	134	102	126	109	116	105	103	107	92	97	86	90
71	44	74	43	78	48	76	56	76	63	76	72	78	75	84	80	90	83	95	87	96	93	86	96	81	112	73	114	69	111	64	91	107	134	194	170	211	164	252	291	373	430	456	478	484	568	626	814	827	907	924	982	1000	998	923	845	767	618	492	325	230	136	116	50	92	85	98	121	104	139	103	132	104	129	114	117	119	109	115	95	108	94	97	88	89
66	46	71	44	77	46	77	54	77	61	77	69	78	74	84	78	90	81	96	83	99	89	90	91	86	107	76	112	70	109	53	93	95	137	185	173	204	166	255	286	375	416	457	465	484	554	621	800	812	888	908	973	989	999	922	859	770	632	491	339	228	145	112	48	96	79	105	113	108	135	102	133	102	132	108	122	115	113	111	98	108	93	98	88	91
67	45	73	42	76	48	76	54	77	63	74	68	78	74	82	79	91	81	93	86	95	90	87	94	81	109	75	112	65	107	59	90	100	129	187	165	203	164	256	289	369	420	452	467	481	564	621	798	815	894	909	965	988	1000	933	863	778	627	492	339	232	142	115	49	91	79	100	118	104	135	102	133	103	129	112	119	116	109	114	98	110	93	98	87	90
60	52	67	46	74	48	75	52	77	60	76	66	80	72	83	76	91	78	96	81	99	83	94	86	89	100	82	107	72	107	52	98	89	143	174	172	191	168	256	284	375	405	453	445	483	547	624	783	806	876	888	949	969	1000	923	865	761	632	480	349	221	156	107	49	89	65	106	104	109	128	104	130	99	131	104	122	109	114	108	98	103	92	96	85	90
71	43	74	43	77	47	75	56	75	63	74	71	77	75	82	79	88	82	93	86	94	93	85	96	79	111	70	111	66	107	64	87	108	133	194	164	208	165	256	294	369	423	448	471	474	561	624	807	818	888	909	968	1000	998	928	840	761	614	496	332	235	141	116	45	85	81	94	116	99	135	100	129	103	127	113	114	119	107	113	95	107	94	96	89	89
61	37	65	35	70	38	70	46	69	54	69	62	70	67	76	70	82	74	87	77	88	83	79	85	72	101	63	103	59	101	55	83	101	131	189	164	201	153	246	286	368	420	448	471	475	557	625	815	818	889	911	980	999	989	898	815	736	602	481	319	219	127	104	38	83	81	94	117	100	136	100	130	103	129	115	118	121	110	117	98	114	97	101	93	95
60	42	64	39	70	40	71	48	71	54	72	64	73	68	79	71	84	74	90	77	93	82	83	84	79	99	69	105	63	104	51	92	95	135	180	170	200	156	248	282	374	417	457	468	485	554	625	809	817	894	913	987	999	1000	901	832	740	609	474	323	211	129	101	40	89	78	102	115	105	135	101	133	102	132	110	122	118	113	115	99	111	95	101	92	94
63	49	70	48	76	47	77	54	78	60	78	68	79	72	85	76	91	80	97	82	100	87	93	88	90	103	80	108	71	108	52	99	92	143	179	179	201	167	253	282	375	409	461	460	488	549	628	800	813	888	914	982	989	1000	914	859	761	632	482	344	223	149	108	49	96	73	108	108	112	131	103	131	101	132	105	123	111	113	110	99	107	91	97	87	90
39	70	42	73	42	74	55	70	59	73	68	71	72	79	75	82	81	89	82	90	91	88	90	79	102	75	109	69	112	60	89	81	92	149	153	206	157	210	201	322	329	427	431	450	488	514	648	735	833	827	929	908	1000	951	930	820	779	598	491	334	223	154	80	91	57	88	98	96	126	100	131	96	129	102	125	109	114	111	102	108	93	102	86	94	82
64	49	69	46	75	46	77	53	78	59	79	68	78	73	85	77	91	80	97	81	101	87	93	88	90	104	79	108	73	110	52	97	92	142	179	178	202	169	255	281	375	408	458	460	490	553	627	795	809	885	904	971	987	1000	912	855	764	636	485	344	221	148	106	48	93	72	105	107	110	132	103	131	100	132	103	123	112	113	109	101	106	91	96	86	91
64	49	69	46	75	46	77	53	78	59	79	68	78	73	85	77	91	80	97	81	101	87	93	88	90	104	79	108	73	110	52	97	92	142	179	178	202	169	255	281	375	408	458	460	490	553	627	795	809	885	904	971	987	1000	912	855	764	636	485	344	221	148	106	48	93	72	105	107	110	132	103	131	100	132	103	123	112	113	109	101	106	91	96	86	91
73	39	72	43	72	54	68	62	69	69	68	75	72	78	77	82	84	87	85	94	85	100	75	103	71	112	70	108	73	98	79	68	116	113	196	158	206	171	241	305	344	438	427	481	461	560	615	787	808	867	910	941	1000	962	927	820	780	602	507	319	243	129	116	58	72	93	82	120	95	130	106	120	112	114	123	105	122	100	115	94	105	95	92	90	85
64	38	67	36	71	41	71	50	71	56	70	65	71	69	77	73	83	76	87	80	89	88	79	90	73	105	63	105	60	103	59	79	104	126	191	164	207	160	252	292	368	426	450	478	479	564	624	808	814	887	909	972	1000	984	904	823	756	616	492	325	226	134	109	40	81	79	92	116	98	135	99	129	105	128	116	116	122	110	118	97	113	96	101	92	93
65	49	70	46	76	45	77	53	77	59	78	68	79	73	85	76	90	80	96	81	99	87	91	89	87	106	76	109	70	111	55	98	97	145	184	178	202	163	257	288	380	416	462	468	489	555	628	804	808	879	902	978	995	999	901	834	747	625	484	339	223	148	110	46	95	73	105	110	109	133	101	131	100	132	106	121	113	112	110	99	109	91	97	85	91
49	60	58	58	66	53	73	55	75	58	79	64	79	72	85	74	89	79	96	76	104	79	100	73	102	87	94	93	89	100	51	105	76	159	155	196	175	180	239	284	375	398	463	438	499	525	642	772	816	862	900	949	975	1000	908	855	752	637	469	355	207	167	89	67	91	59	116	89	127	115	115	121	106	129	100	127	103	120	99	108	100	95	95	88	89
47	54	55	50	64	45	69	48	71	52	74	59	73	66	79	68	85	73	91	70	98	74	93	70	94	86	83	91	77	98	41	98	74	152	160	188	179	173	245	282	377	401	468	445	497	529	637	782	813	863	897	961	980	999	900	845	740	627	464	346	204	156	88	52	90	60	114	96	121	121	111	127	103	133	103	130	107	120	106	109	108	97	100	91	95
51	59	60	56	68	51	74	54	75	57	79	64	78	70	84	74	89	79	96	76	103	79	99	76	100	90	90	96	85	102	50	103	75	154	156	191	179	177	244	281	371	393	461	442	496	522	629	766	802	852	890	952	977	1000	907	859	760	646	482	362	215	167	94	63	91	60	114	91	123	117	112	123	104	130	100	127	104	118	100	106	101	93	94	86	89
52	57	62	54	69	50	75	54	76	57	80	65	78	71	84	73	90	78	97	76	103	79	98	76	98	92	89	98	83	104	50	104	77	153	159	187	181	174	243	279	371	393	461	445	495	527	628	769	798	850	884	953	977	1000	904	852	751	637	478	357	213	163	95	60	92	61	114	94	121	120	110	125	103	130	100	126	104	117	101	104	103	94	95	86	90
62	50	67	47	73	46	77	53	76	58	78	68	78	72	84	76	90	79	96	80	100	85	92	85	90	103	79	106	73	109	52	98	90	143	176	176	195	165	248	276	371	405	460	458	486	545	623	790	801	870	892	963	985	1000	909	849	756	634	487	348	226	155	111	52	96	70	107	105	111	130	103	130	101	133	105	124	111	113	108	101	107	92	97	86	91
52	60	62	56	69	52	75	55	77	58	80	65	79	72	85	74	90	78	96	76	104	79	99	74	100	89	91	95	85	101	48	103	74	154	156	192	179	178	240	278	371	395	463	442	496	524	631	770	804	857	895	956	980	999	905	856	756	642	478	361	213	166	95	63	95	61	117	92	125	119	113	125	105	131	101	128	104	119	100	105	100	94	95	86	88
46	64	55	62	64	57	72	57	74	59	80	65	80	73	85	75	90	81	96	76	104	77	101	71	106	83	99	89	95	97	55	105	69	161	149	204	172	191	236	290	374	403	471	442	503	516	642	765	816	853	905	951	984	1000	910	856	752	638	474	361	209	173	85	72	90	61	118	87	132	112	120	118	110	128	103	129	102	121	97	110	99	96	94	88	89
55	56	63	52	70	49	76	53	77	56	79	64	78	71	85	74	90	79	97	76	104	79	98	77	98	94	88	99	80	103	45	102	77	152	163	191	186	174	247	281	381	403	469	445	491	525	624	777	802	859	893	961	979	999	902	849	743	631	472	352	215	165	99	57	96	62	116	96	122	123	109	126	102	133	101	127	106	118	103	104	103	92	96	87	89
54	59	63	56	70	50	75	53	77	57	80	64	80	72	86	75	91	79	97	76	104	79	98	75	99	93	90	98	83	103	45	102	74	153	161	196	188	181	245	280	380	404	472	447	496	522	625	777	810	871	906	965	980	999	902	855	753	640	476	357	214	165	97	60	98	63	117	96	124	123	111	127	103	134	101	129	105	119	102	105	103	94	96	88	90
40	70	40	72	40	75	51	72	56	73	65	71	70	79	74	81	80	90	80	92	90	91	87	80	101	77	107	69	113	56	91	73	92	145	158	208	159	210	195	323	323	434	429	456	476	500	631	727	822	810	918	896	1000	935	910	794	770	587	491	324	223	150	82	89	55	91	95	100	124	101	130	95	128	100	126	106	114	109	102	107	91	102	85	91	80
41	69	41	73	40	74	50	71	55	73	65	72	70	79	73	81	79	90	78	92	87	90	86	81	99	78	105	68	113	56	91	73	94	143	156	202	158	208	195	324	325	435	427	458	475	505	628	721	816	808	912	890	1000	937	918	799	774	591	500	331	230	151	86	89	53	90	91	99	122	101	130	96	129	99	127	106	116	110	103	107	91	101	86	92	81
33	63	33	66	33	66	44	63	50	66	58	63	63	71	66	73	71	82	72	82	81	82	81	70	94	67	98	59	105	50	81	75	84	144	146	200	147	204	193	321	327	426	429	448	480	502	640	732	827	810	906	892	1000	960	926	805	761	585	489	327	212	144	68	76	48	79	96	92	127	98	133	98	130	105	125	112	115	117	104	113	93	107	91	98	87
30	65	33	67	35	66	48	62	52	63	62	61	65	70	69	73	75	81	76	80	86	78	86	67	98	63	101	58	105	53	76	82	78	153	142	207	144	203	197	321	339	427	443	452	494	504	651	739	830	813	915	904	1000	956	911	804	750	590	484	335	209	154	65	80	59	76	106	88	134	95	134	99	129	109	123	118	113	120	101	115	95	109	92	100	89
36	72	39	73	41	73	54	69	59	71	68	70	71	77	75	80	81	89	82	88	91	86	91	76	105	72	108	65	113	59	87	84	88	152	150	208	149	209	196	323	328	427	434	452	486	505	644	733	822	808	913	900	1000	951	911	799	756	588	491	340	222	157	76	89	61	87	103	96	131	98	133	97	130	104	124	112	112	114	100	109	92	103	86	92	81
39	69	50	68	58	63	69	61	71	63	79	65	78	74	84	76	89	83	95	78	105	78	103	68	112	77	107	80	106	87	64	104	70	169	147	217	165	204	226	304	371	414	472	441	506	511	655	765	839	858	925	949	996	1000	914	846	751	624	471	354	200	169	73	78	82	63	118	84	137	105	128	113	118	123	107	128	103	123	95	113	94	101	90	91	87
29	65	32	67	36	66	48	62	53	64	63	63	65	70	69	73	75	80	77	81	87	78	87	66	99	63	102	59	106	53	75	79	73	150	141	208	149	208	199	318	342	429	446	448	489	497	644	733	829	817	922	912	1000	948	897	798	751	591	475	327	203	151	63	78	60	75	106	87	133	94	133	98	127	109	122	118	111	120	101	114	94	107	92	98	87
37	71	39	73	41	72	53	70	59	71	68	70	71	78	74	80	80	89	81	89	92	87	91	76	104	74	108	67	114	59	87	80	87	150	151	208	154	211	199	325	334	433	434	448	481	500	638	728	824	815	919	902	1000	950	918	807	765	585	483	330	220	156	79	89	59	86	100	96	129	99	132	97	129	102	123	111	113	113	100	109	90	102	86	93	81
38	71	40	73	43	74	56	70	60	71	69	70	72	78	76	81	81	89	84	89	94	88	93	77	106	74	109	68	115	61	87	80	86	152	150	211	156	214	200	321	334	431	439	450	486	504	638	726	829	824	925	906	1000	956	925	819	773	593	482	329	213	154	75	88	59	84	101	94	130	99	132	97	128	103	122	111	112	113	100	109	90	103	85	92	80
40	70	41	73	41	75	53	72	57	73	67	72	71	80	74	82	80	91	80	92	89	90	88	82	101	77	107	69	113	57	90	73	91	144	154	204	159	213	198	325	328	436	432	456	483	510	637	728	826	819	923	896	1000	948	931	814	779	591	491	329	225	154	83	86	52	87	95	98	125	101	130	96	128	100	125	107	115	110	102	106	90	102	85	93	81
39	70	40	74	41	74	52	71	58	73	66	72	71	80	74	82	79	90	80	92	89	90	88	80	102	76	106	68	113	57	89	74	91	145	154	206	158	213	200	329	331	440	436	458	482	507	636	727	825	816	921	897	999	940	917	799	770	587	489	325	222	153	82	86	54	88	96	98	125	100	131	96	129	100	126	107	115	111	102	106	89	101	85	92	80
64	55	59	62	54	71	53	72	56	78	59	78	67	82	71	85	78	93	75	99	78	104	71	102	75	104	83	96	92	78	93	51	115	110	190	168	196	185	222	319	328	448	418	483	455	545	603	760	801	844	907	918	1000	947	929	806	779	585	508	309	241	125	111	63	66	95	79	121	97	129	108	116	114	112	123	102	122	100	114	93	105	93	90	87	84
51	48	60	44	66	39	70	46	70	50	72	58	72	65	77	67	83	72	89	69	95	75	87	74	86	90	74	95	68	99	37	89	78	138	165	175	191	167	251	280	380	408	468	457	492	540	624	787	805	873	897	965	984	1000	906	848	749	630	480	345	215	153	95	40	87	64	106	104	112	130	103	131	101	135	105	128	114	118	111	104	111	99	102	92	96
32	67	34	69	37	68	50	64	54	66	63	64	67	72	70	75	75	83	77	83	88	81	86	69	100	67	103	59	107	55	80	80	78	149	142	203	144	205	200	324	340	432	442	451	491	505	646	732	824	810	918	905	1000	957	921	810	761	590	485	335	214	154	68	81	60	81	107	94	134	99	135	100	130	108	124	118	114	120	102	115	95	108	91	97	86
37	73	42	73	47	71	59	67	64	69	72	69	75	77	78	78	84	87	87	85	98	84	97	72	109	73	110	70	115	68	82	89	81	156	142	208	150	208	205	318	348	424	447	445	496	509	649	734	829	831	922	916	1000	982	944	847	776	612	489	350	216	165	73	85	65	78	109	90	135	100	134	102	128	110	120	118	109	118	98	111	91	103	87	93	84
31	63	33	66	35	66	46	63	52	65	60	64	64	70	67	73	73	81	74	81	83	80	82	70	95	67	98	58	103	50	78	74	79	142	141	197	144	200	194	318	332	426	433	445	480	500	638	725	820	813	919	909	1000	956	926	809	756	582	480	326	212	149	69	76	54	80	101	93	129	98	133	98	129	106	123	114	113	117	103	112	94	108	92	97	88
32	66	36	68	38	68	49	64	54	66	63	64	66	72	70	74	75	83	77	83	86	81	86	70	98	66	101	61	106	53	78	79	78	147	142	205	148	206	197	317	335	425	438	447	487	500	640	728	823	817	922	912	1000	952	919	810	759	591	484	331	211	153	70	84	61	82	105	92	132	98	134	99	130	108	124	116	113	118	102	113	93	107	91	97	87
42	70	43	73	41	75	51	71	56	74	65	72	69	80	73	83	79	91	79	92	87	91	86	83	99	78	104	70	111	56	91	72	93	140	157	199	156	203	191	321	322	436	424	458	477	509	630	726	816	813	918	900	1000	937	922	801	772	582	497	324	225	146	84	89	57	93	95	104	124	104	129	98	130	100	127	106	117	109	104	105	91	101	86	92	80
63	55	59	62	54	71	54	74	57	77	61	78	68	82	71	85	78	92	76	99	78	103	71	102	76	103	82	95	92	76	92	51	113	110	188	167	193	183	218	315	324	445	416	480	455	544	605	757	801	846	910	920	1000	950	939	816	786	589	510	313	244	128	114	68	69	98	82	123	100	130	111	118	116	112	124	103	123	101	114	93	103	95	91	89	84
37	72	42	73	47	72	59	70	63	71	73	70	74	78	78	80	84	88	86	86	96	85	95	73	107	72	107	68	111	65	80	85	78	152	141	209	152	211	205	315	340	424	447	450	498	509	646	731	828	827	926	914	1000	968	935	834	779	612	490	345	217	163	75	90	70	82	110	93	135	98	134	101	128	108	121	118	110	117	98	112	91	102	86	92	83
38	72	41	74	44	74	56	71	60	73	69	71	72	78	76	81	82	89	83	89	93	88	92	77	105	75	107	67	112	60	84	80	84	148	146	207	154	213	203	321	334	428	439	450	492	510	643	727	828	825	928	906	1000	960	943	836	792	615	498	343	225	163	82	92	61	85	102	94	131	99	133	99	130	104	123	112	113	114	101	110	92	104	86	93	83
41	70	41	74	43	75	54	73	59	74	67	72	71	80	75	82	81	90	81	91	90	90	89	80	100	76	105	66	110	56	89	74	91	145	153	201	155	211	198	322	324	432	431	456	485	514	641	731	827	820	924	898	1000	947	935	818	789	604	502	336	230	156	85	91	58	91	97	101	126	102	131	98	129	101	127	108	116	111	103	108	91	103	87	93	81
49	65	46	71	43	74	49	73	54	77	62	75	68	80	72	85	77	92	76	95	81	97	80	90	90	87	98	76	107	59	96	62	107	131	169	189	168	203	200	326	317	440	415	468	472	533	630	736	816	825	915	893	1000	943	946	816	791	591	511	326	243	143	99	81	51	95	83	111	112	113	123	102	126	100	129	102	121	104	110	101	98	101	88	92	83
33	64	34	66	35	67	45	64	49	65	60	64	64	72	67	73	71	82	73	82	81	81	81	70	93	66	96	56	102	48	78	76	83	145	145	198	145	204	197	323	332	431	435	454	488	512	650	736	828	813	917	901	999	946	920	798	759	584	487	329	218	149	73	79	50	80	98	94	126	96	132	97	130	104	126	113	116	116	105	113	96	108	92	98	87
28	65	35	65	40	62	52	60	57	62	66	60	68	70	72	71	77	78	79	76	90	74	89	61	100	61	100	58	101	61	69	89	69	154	135	206	144	200	202	309	344	414	448	445	502	505	651	744	833	829	921	925	1000	966	905	812	749	605	481	344	206	159	65	79	69	72	112	86	135	97	132	103	125	114	118	123	110	123	100	115	93	107	93	98	90
30	67	36	66	42	65	54	62	59	63	67	63	68	71	73	73	78	81	81	78	92	78	92	65	101	65	102	61	104	62	73	89	72	153	137	207	148	202	201	310	342	414	444	445	500	506	652	742	835	835	927	924	999	967	918	829	768	614	488	347	213	163	70	83	69	76	111	88	136	98	134	104	128	113	120	121	110	122	101	116	95	107	92	98	89
37	71	41	73	44	73	56	70	60	71	69	70	72	78	76	80	81	88	83	87	92	86	92	75	103	72	106	65	110	59	84	81	83	148	144	204	151	206	194	315	329	423	435	452	491	506	638	730	824	820	923	912	1000	952	918	811	765	596	490	335	215	153	74	88	64	87	104	97	131	99	132	98	128	103	122	111	112	113	98	108	89	102	86	92	81
56	60	53	66	47	73	50	73	53	77	60	76	67	81	71	84	76	91	74	97	78	100	73	95	82	95	89	84	97	63	95	53	110	116	177	174	179	188	203	318	313	439	407	472	457	533	610	743	805	829	908	905	1000	940	931	800	777	580	506	310	239	130	106	75	59	98	80	118	104	122	116	109	120	105	127	100	123	99	112	96	101	96	89	90	83
73	44	71	50	69	61	65	67	65	73	66	77	71	79	77	84	82	88	83	94	83	101	72	102	68	112	68	107	69	95	76	66	113	111	193	156	206	160	240	299	356	436	438	482	468	562	608	796	805	877	903	959	1000	985	930	839	766	607	495	326	237	135	115	48	89	87	98	120	104	138	102	130	104	129	112	117	117	108	112	96	110	92	96	87	90
43	68	53	66	61	60	70	60	74	62	80	65	79	74	85	75	89	82	96	78	104	77	101	67	108	77	101	80	96	87	56	101	65	159	140	204	163	194	227	294	370	406	468	444	515	519	650	763	834	862	927	955	994	1000	922	862	765	637	475	360	205	171	79	77	91	66	122	87	136	108	127	116	116	126	107	129	104	123	97	111	95	100	93	90	88
57	58	64	54	71	50	77	54	76	58	80	66	79	72	85	74	89	78	96	76	102	80	96	76	96	92	85	96	77	100	43	98	74	144	156	180	182	171	244	278	374	397	461	443	492	528	622	773	805	864	892	952	972	1000	913	857	749	630	471	351	210	159	95	54	94	64	115	97	121	124	108	127	102	132	100	126	105	117	102	103	104	92	95	85	89
39	69	48	68	56	63	67	61	71	63	77	65	78	74	83	76	88	83	93	79	103	78	102	68	109	73	105	75	103	81	63	99	65	159	138	208	158	201	224	305	369	415	467	443	513	515	657	762	844	857	930	947	999	996	925	852	760	627	476	357	204	170	73	79	84	68	121	86	139	103	130	111	119	121	110	126	104	123	97	113	94	101	92	91	87
39	72	41	75	43	74	54	71	59	72	67	71	71	78	75	81	80	88	80	88	89	86	89	75	101	72	105	63	108	54	84	77	83	143	146	201	145	201	191	319	326	427	426	449	483	500	633	726	822	811	917	903	1000	940	911	797	764	586	486	327	215	150	74	88	62	90	103	98	129	99	132	96	128	101	123	109	113	111	99	107	90	101	84	91	79
39	72	41	75	43	74	54	71	59	72	67	71	71	78	75	81	80	88	80	88	89	86	89	75	101	72	105	63	108	54	84	77	83	143	146	201	145	201	191	319	326	427	426	449	483	500	633	726	822	811	917	903	1000	940	911	797	764	586	486	327	215	150	74	88	62	90	103	98	129	99	132	96	128	101	123	109	113	111	99	107	90	101	84	91	79
42	67	52	64	60	60	70	59	72	61	79	65	78	74	84	76	88	82	93	77	103	78	101	68	107	78	100	81	98	88	58	101	66	157	139	200	162	191	228	295	369	404	465	440	509	514	645	753	826	855	917	946	988	1000	926	866	767	639	476	362	206	171	80	77	87	64	118	85	134	108	126	115	116	125	106	127	102	122	98	112	96	99	92	91	89
46	57	42	61	38	67	41	67	46	69	52	68	60	73	63	77	69	85	66	88	71	89	67	83	78	80	86	71	93	50	86	51	96	117	161	177	161	189	194	323	314	438	408	468	462	523	620	742	816	821	906	894	1000	940	932	794	767	565	493	299	219	120	84	71	45	93	83	112	111	114	123	104	126	102	130	102	122	106	112	104	100	104	92	96	86
54	63	51	69	46	75	50	74	53	78	59	75	67	81	70	84	76	92	74	96	77	97	75	92	83	89	92	79	99	58	94	54	105	119	172	178	169	189	199	325	314	440	406	468	459	528	620	744	808	815	902	896	1000	933	927	791	768	566	498	307	235	128	97	78	55	101	84	117	109	119	120	106	124	102	128	99	122	101	111	97	98	98	87	90	80
56	60	51	67	46	74	49	74	53	77	59	77	67	82	69	84	76	92	74	97	77	100	72	96	81	94	90	83	96	63	94	53	109	118	178	176	176	188	203	320	313	439	407	474	459	536	617	751	813	834	915	905	999	936	931	797	777	574	499	303	233	124	101	77	57	100	81	119	105	121	117	109	120	104	127	100	122	101	112	95	99	96	89	90	83
68	50	64	57	60	66	57	71	59	76	60	77	68	80	72	86	80	91	78	97	78	103	70	103	70	107	75	101	81	84	86	54	115	108	194	161	200	172	227	308	332	439	421	485	459	555	613	785	811	865	907	933	999	963	933	819	778	596	504	314	239	128	115	56	75	93	85	121	95	133	103	122	109	119	121	107	122	102	115	93	105	92	94	87	87
33	63	41	61	50	58	62	54	64	56	71	57	71	67	76	68	81	75	85	70	95	69	92	58	101	67	96	69	93	75	51	95	58	157	135	201	150	189	219	295	360	401	462	442	513	515	659	765	835	850	920	949	1000	990	907	840	753	628	473	356	201	165	70	71	83	62	120	84	136	104	126	113	118	125	110	131	107	127	100	116	98	105	98	96	92
62	55	59	61	53	71	53	73	55	77	59	77	67	81	71	85	76	91	74	98	76	102	69	99	72	102	82	94	88	76	92	52	113	109	190	164	186	171	209	310	316	437	410	483	456	543	607	770	809	847	905	920	1000	940	916	794	773	582	510	310	240	121	112	70	70	100	83	123	100	130	109	118	115	112	125	103	124	100	115	94	106	94	91	87	84
55	48	50	55	44	62	45	64	47	69	51	69	59	73	62	76	68	82	65	90	68	92	61	90	66	91	74	82	83	64	83	43	103	103	175	159	176	172	201	306	308	430	403	475	454	536	606	756	803	838	906	914	1000	939	920	793	771	578	501	304	232	116	98	61	56	95	78	118	99	124	112	113	118	109	127	102	125	102	116	98	108	100	95	94	89
36	71	41	71	46	69	58	66	63	68	72	68	74	75	77	77	84	86	86	83	96	82	95	69	105	70	105	66	108	67	77	89	75	153	139	207	148	202	199	306	333	407	439	441	496	498	643	735	826	823	919	919	1000	960	907	814	755	603	482	343	207	159	70	87	72	80	112	89	134	96	132	100	126	108	117	117	107	116	96	111	90	101	86	91	82
53	61	51	67	45	73	50	73	53	76	58	75	66	80	69	83	75	91	74	96	78	98	75	94	83	91	91	80	98	61	94	54	106	115	173	176	171	186	198	316	305	432	403	469	456	523	613	742	804	819	906	900	999	933	924	795	777	580	507	311	234	128	99	80	57	101	84	118	107	118	118	107	123	102	128	99	121	100	111	98	100	97	88	89	82
58	56	55	65	50	72	51	73	55	77	60	78	68	81	69	83	76	92	73	97	76	100	71	98	78	98	85	87	93	69	94	52	111	110	179	166	177	180	208	313	308	428	402	472	453	534	607	749	799	828	900	906	1000	948	940	811	784	585	511	314	242	129	109	72	62	99	81	121	102	125	113	113	119	108	125	101	122	99	113	94	102	96	90	88	83
53	60	61	56	68	51	74	54	76	57	79	63	78	71	85	74	89	78	96	75	102	79	98	73	99	89	91	93	83	99	46	101	70	151	152	187	173	175	237	277	367	390	460	439	496	518	628	767	803	854	891	949	975	1000	907	856	748	633	473	359	211	165	94	63	95	63	118	95	126	120	113	124	104	131	100	127	104	119	99	105	101	94	95	86	88
37	71	40	72	41	73	54	70	58	72	68	70	71	78	74	80	80	88	81	87	91	88	90	76	102	73	107	66	111	59	88	81	86	146	148	202	146	202	194	319	325	419	429	451	487	502	640	728	823	809	912	897	1000	956	927	811	763	588	486	332	214	154	75	88	59	86	103	96	130	100	133	97	129	102	124	110	113	112	101	107	88	103	86	93	80
61	51	68	47	75	45	76	51	76	57	77	66	78	71	84	74	90	78	95	77	100	84	92	83	89	101	79	103	71	107	47	96	83	138	169	173	188	160	244	274	371	399	457	453	486	535	619	784	797	862	882	950	976	1000	915	852	745	617	477	346	224	155	106	48	94	70	110	107	114	130	103	130	100	132	103	122	110	114	107	98	106	91	96	85	89
65	52	63	60	57	67	54	72	58	76	59	77	67	81	71	85	78	91	76	98	76	102	68	101	70	106	78	97	84	82	91	53	114	108	193	160	192	169	218	305	320	434	412	481	452	542	602	767	797	842	894	917	999	952	924	803	769	582	507	315	245	127	113	62	72	98	84	124	97	132	106	120	112	115	122	105	123	101	113	92	105	92	93	86	84
41	69	51	67	59	61	69	60	72	61	78	65	78	73	82	75	88	82	94	77	103	76	101	67	106	75	102	79	99	85	59	101	63	159	140	205	156	192	219	288	357	397	461	437	503	504	646	754	823	847	915	941	997	1000	919	855	760	632	476	364	209	173	79	80	90	68	123	86	138	107	128	114	117	125	108	129	103	124	97	113	96	100	93	92	87
40	71	42	73	42	73	52	71	57	73	67	71	71	77	74	81	80	89	78	90	88	89	88	79	100	75	104	66	110	57	90	75	89	141	151	198	151	202	189	311	313	417	420	447	475	499	631	720	815	807	911	892	1000	952	931	810	773	590	492	332	223	155	81	89	57	91	99	100	125	101	131	95	128	101	126	107	115	110	103	105	91	101	84	91	81
60	39	64	36	69	37	69	46	68	51	68	61	69	65	75	69	81	72	86	75	87	80	78	82	73	100	63	100	55	99	48	79	92	123	178	156	193	150	243	277	361	409	447	465	471	545	613	792	794	868	892	962	999	1000	925	843	758	614	492	336	229	139	106	37	84	80	98	116	102	137	101	131	104	131	115	120	121	113	117	99	112	97	102	93	95
67	33	68	36	69	45	64	53	64	62	63	68	67	70	71	75	78	79	79	86	79	92	69	95	62	107	61	103	63	94	73	62	109	108	193	150	196	152	230	291	337	425	423	476	448	541	599	780	794	853	891	933	1000	964	920	804	761	583	501	311	238	123	112	54	72	94	84	124	96	134	108	122	113	117	125	107	125	104	118	96	109	98	96	92	89
28	65	35	65	41	62	54	60	58	60	67	60	68	68	71	70	77	78	80	75	91	73	90	60	99	61	99	60	102	63	68	89	65	153	135	205	141	192	194	297	338	404	441	434	490	486	642	737	825	821	912	920	1000	969	897	804	738	594	468	337	198	157	62	78	72	72	114	85	137	98	132	102	124	114	116	122	107	122	98	116	94	106	92	96	88
61	35	65	33	69	39	67	47	66	53	65	62	67	66	73	70	79	73	84	77	85	84	74	87	68	103	60	102	56	97	55	72	97	114	183	153	197	147	236	278	351	413	434	469	463	546	604	792	797	873	893	957	1000	989	918	829	758	599	492	320	231	126	108	41	80	86	91	122	99	137	102	129	106	126	119	115	123	108	119	97	113	99	101	94	93
41	68	41	71	40	73	50	71	56	73	65	71	69	78	72	80	78	89	78	90	85	89	85	80	97	77	104	67	109	56	90	71	92	138	153	195	154	202	188	313	313	419	411	446	471	505	630	723	820	815	915	894	999	945	924	797	763	571	484	325	225	149	82	88	56	93	96	102	124	103	129	97	128	100	126	105	116	108	104	107	93	102	85	92	81
53	57	60	54	69	49	74	53	75	56	77	63	79	71	84	74	90	78	96	75	102	78	98	74	98	91	89	95	82	102	47	100	72	149	157	188	180	176	238	272	366	388	456	437	492	521	626	767	808	865	896	950	973	1000	909	854	744	625	469	356	214	165	94	59	94	62	116	94	123	120	109	123	102	130	101	126	105	118	101	104	103	93	95	86	89
60	38	64	35	69	38	69	46	68	52	68	61	69	63	75	70	81	72	85	74	88	82	78	84	73	100	63	101	58	99	50	75	91	118	177	153	194	149	242	278	362	413	442	463	472	554	615	799	810	885	900	961	994	1000	930	844	757	607	484	330	229	137	104	34	80	80	94	117	100	135	99	130	103	128	114	118	122	111	117	99	111	96	103	94	94
30	66	37	67	43	64	55	61	59	62	67	62	69	70	74	72	78	79	82	76	91	75	91	62	101	64	100	62	102	65	68	87	65	154	136	205	145	199	199	299	339	406	443	434	496	496	649	739	838	837	931	926	1000	972	915	822	757	609	474	344	204	165	65	82	71	73	113	85	136	96	132	103	125	114	118	122	108	121	98	116	94	107	94	97	89
29	64	33	65	37	64	51	60	54	61	62	61	65	69	69	70	74	79	77	77	85	75	85	62	97	60	98	55	101	55	70	81	67	147	134	202	141	197	190	299	327	406	432	434	489	492	639	724	825	821	922	913	999	956	904	799	746	591	470	332	203	156	62	80	64	76	109	86	132	94	131	98	126	109	119	117	109	119	100	114	94	107	91	96	87
33	61	34	65	33	67	43	64	49	66	58	63	62	72	66	73	71	82	70	82	79	82	78	71	90	67	95	58	101	45	79	69	81	134	143	193	144	192	178	304	307	413	412	442	473	493	626	719	819	810	918	898	1000	933	904	779	754	575	481	317	212	143	72	83	55	86	97	97	126	98	131	96	128	100	126	110	116	112	104	110	95	106	90	96	85
68	41	72	42	75	47	75	56	74	62	73	70	76	73	81	77	87	82	91	86	92	94	84	95	77	110	70	110	66	107	62	82	100	121	184	157	202	157	242	279	354	412	438	466	469	549	604	782	802	881	902	960	999	999	942	855	781	623	501	337	237	140	115	48	87	84	95	117	101	136	102	130	105	126	114	113	119	107	114	95	109	93	97	88	89
56	45	53	52	49	61	48	63	49	68	52	69	59	73	63	75	69	82	67	90	69	94	62	93	64	96	70	86	78	70	81	42	104	101	179	154	182	169	210	303	316	427	402	465	444	533	600	752	800	839	897	915	1000	956	941	815	776	582	498	307	233	122	102	52	57	89	76	117	96	126	108	117	114	113	124	102	124	104	117	96	107	98	95	93	90
43	54	51	50	60	45	65	47	68	50	71	56	70	62	75	64	81	70	87	67	95	69	91	64	93	78	83	82	76	89	37	92	63	144	147	184	169	171	232	271	363	380	449	427	486	505	622	756	804	852	894	953	982	1000	908	848	737	621	459	347	198	160	79	54	86	57	113	91	123	116	111	122	103	131	103	128	105	121	103	108	104	98	99	92	94
55	47	61	44	68	41	70	47	70	52	72	60	72	66	78	69	83	72	89	71	94	77	88	78	85	95	73	97	66	101	43	89	80	137	168	174	190	160	241	265	359	384	446	444	478	523	612	778	801	870	893	970	994	1000	907	845	746	628	481	345	216	151	100	47	93	69	110	106	113	129	104	130	101	134	107	125	112	116	110	103	109	95	101	91	94
63	34	65	33	68	38	66	48	66	55	65	63	68	66	73	70	79	73	82	78	84	86	72	88	66	102	59	101	56	96	57	70	98	112	182	150	196	146	233	274	342	404	422	461	456	537	594	776	790	865	892	956	1000	981	918	822	753	594	487	317	227	124	107	43	79	87	90	121	98	136	101	127	106	124	118	113	122	108	118	98	110	96	99	91	91
52	44	57	41	64	39	68	44	67	48	69	57	68	62	75	65	81	69	85	68	91	73	84	73	82	89	71	93	65	96	39	86	77	131	162	168	183	153	235	262	357	382	441	438	474	521	605	767	790	858	880	954	980	1000	910	845	738	609	464	331	204	140	92	39	87	68	105	105	111	129	103	129	101	132	106	123	112	115	110	102	108	95	101	90	94
43	58	51	55	59	50	67	51	69	54	74	58	72	66	79	68	83	73	89	70	98	72	94	65	97	78	89	84	85	89	45	97	66	151	145	191	167	178	227	272	360	382	453	429	492	505	629	756	809	848	897	948	983	1000	913	853	742	621	461	352	203	164	82	64	90	61	119	91	130	115	117	122	109	130	104	129	106	122	100	109	101	99	98	92	92
55	45	60	41	67	40	69	46	70	52	71	59	70	63	76	68	82	71	87	70	92	78	85	78	82	93	72	97	64	97	42	86	82	131	168	168	190	155	238	265	358	389	445	450	477	530	611	781	797	867	891	966	987	999	917	855	755	624	481	341	216	144	100	43	90	73	106	111	111	133	105	132	102	133	108	124	115	116	114	103	112	97	101	92	95
43	53	51	50	59	46	66	47	68	50	71	56	71	63	76	66	81	70	87	68	95	71	90	66	92	80	82	85	76	90	39	90	66	141	148	181	175	170	231	266	360	381	453	436	492	515	625	763	806	859	900	958	982	1000	916	866	757	636	474	357	209	162	88	57	92	61	115	94	123	120	111	126	106	133	104	130	109	123	106	110	109	101	101	93	96
49	53	56	49	64	46	70	48	71	53	73	59	73	66	79	68	84	73	90	70	97	74	92	71	93	86	83	90	76	95	41	93	71	145	156	182	182	172	235	265	359	382	453	441	492	518	623	767	805	864	901	966	989	1000	909	858	754	637	478	359	213	162	93	57	96	65	116	99	123	122	111	128	105	134	105	130	109	121	105	108	107	98	101	92	94
48	48	55	45	63	41	67	46	68	50	71	57	70	63	76	66	81	70	88	69	93	74	88	71	87	87	77	91	69	95	39	90	73	137	157	173	182	166	238	266	361	385	450	440	484	521	613	767	799	863	892	958	981	1000	913	854	750	632	478	356	217	160	95	50	90	64	109	99	115	125	107	128	103	133	105	127	111	119	108	106	109	97	102	92	96
48	48	55	45	63	41	67	46	68	50	71	57	70	63	76	66	81	70	88	69	93	74	88	71	87	87	77	91	69	95	39	90	73	137	157	173	182	166	238	266	361	385	450	440	484	521	613	767	799	863	892	958	981	1000	913	854	750	632	478	356	217	160	95	50	90	64	109	99	115	125	107	128	103	133	105	127	111	119	108	106	109	97	102	92	96
40	60	50	58	58	53	67	53	69	55	74	60	74	68	79	69	84	76	90	72	99	73	96	65	101	77	93	80	89	88	49	97	64	154	145	198	169	188	229	280	363	391	461	437	504	510	637	757	822	858	914	957	994	1000	913	857	760	643	481	368	211	172	81	72	92	64	119	89	132	112	122	120	114	130	107	130	107	125	103	114	101	102	98	94	93
49	48	57	45	64	42	69	46	69	50	72	58	71	64	78	67	82	71	88	70	94	75	89	73	88	88	77	92	71	96	40	90	74	137	160	175	186	167	239	268	364	390	456	448	491	527	616	770	802	867	895	966	987	999	907	850	751	635	480	355	215	157	94	49	91	66	109	101	114	126	106	129	103	134	105	127	111	119	108	106	109	97	101	92	95
45	55	53	52	61	48	66	49	69	52	72	58	72	65	77	67	83	72	89	69	96	72	92	66	94	81	85	84	79	91	39	94	67	148	151	186	176	178	238	277	369	390	463	443	499	514	627	763	811	860	904	968	993	1000	904	848	742	632	472	360	209	165	85	59	90	59	115	92	124	118	113	124	106	131	102	130	107	122	104	109	107	99	101	93	95
33	61	42	61	50	56	60	55	63	56	70	58	71	67	75	69	80	75	85	71	94	70	93	61	100	68	95	70	92	76	54	95	63	155	140	204	156	189	213	284	350	388	450	431	499	496	638	748	825	845	916	953	999	983	894	823	731	611	460	347	195	161	68	72	83	64	117	84	134	104	125	112	117	124	108	127	105	124	99	113	99	103	96	94	91
33	61	42	61	50	56	60	55	63	56	70	58	71	67	75	69	80	75	85	71	94	70	93	61	100	68	95	70	92	76	54	95	63	155	140	204	156	189	213	284	350	388	450	431	499	496	638	748	825	845	916	953	999	983	894	823	731	611	460	347	195	161	68	72	83	64	117	84	134	104	125	112	117	124	108	127	105	124	99	113	99	103	96	94	91
55	43	61	39	67	39	69	45	69	51	70	59	70	64	76	68	81	72	87	73	91	78	84	79	79	95	68	98	61	98	45	85	87	130	174	166	193	155	241	271	361	397	449	457	477	536	615	791	806	874	898	979	998	1000	916	847	750	620	481	340	220	143	104	43	90	76	103	112	108	133	103	132	103	132	111	124	118	115	116	103	115	98	103	94	96
52	43	58	38	66	37	67	45	67	50	67	60	68	64	73	68	78	72	81	78	80	84	70	89	60	99	57	97	56	85	69	56	105	103	188	150	190	157	211	288	305	414	400	468	443	526	600	750	800	823	900	907	1000	917	906	773	761	564	494	303	225	129	91	84	52	94	89	107	118	104	128	100	128	102	127	112	114	114	104	112	93	106	89	95	87
52	43	58	38	66	37	67	45	67	50	67	60	68	64	73	68	78	72	81	78	80	84	70	89	60	99	57	97	56	85	69	56	105	103	188	150	190	157	211	288	305	414	400	468	443	526	600	750	800	823	900	907	1000	917	906	773	761	564	494	303	225	129	91	84	52	94	89	107	118	104	128	100	128	102	127	112	114	114	104	112	93	106	89	95	87
63	33	63	39	60	50	56	56	56	63	56	66	62	70	66	74	72	79	71	87	72	92	62	93	58	98	62	92	69	77	78	48	106	99	185	152	186	159	206	289	306	416	397	467	447	534	598	754	795	837	898	919	999	936	918	792	766	573	495	303	232	119	101	66	57	96	79	118	101	122	114	110	120	106	128	102	124	104	115	100	103	103	93	93	86
28	64	34	64	38	62	51	60	55	60	64	60	66	69	70	70	74	78	77	76	87	74	86	61	97	60	97	57	99	57	68	84	68	150	136	200	141	194	194	296	329	398	434	431	491	495	650	736	830	820	917	916	1000	961	910	809	744	592	463	332	199	156	63	79	64	71	109	84	132	95	131	100	124	111	118	119	109	120	99	114	95	107	92	97	88
28	64	34	64	38	62	51	60	55	60	64	60	66	69	70	70	74	78	77	76	87	74	86	61	97	60	97	57	99	57	68	84	68	150	136	200	141	194	194	296	329	398	434	431	491	495	650	736	830	820	917	916	1000	961	910	809	744	592	463	332	199	156	63	79	64	71	109	84	132	95	131	100	124	111	118	119	109	120	99	114	95	107	92	97	88
34	62	43	61	51	56	62	54	64	55	71	58	71	67	75	67	80	75	86	71	96	70	93	58	99	67	93	69	92	79	52	96	62	158	139	202	153	184	213	280	352	387	454	433	502	500	647	757	829	841	912	947	1000	985	894	823	732	614	461	348	194	161	69	71	83	60	119	83	133	103	124	113	115	125	108	129	104	124	99	114	98	101	96	94	91
34	66	43	64	50	59	61	57	65	59	72	60	72	69	77	71	82	77	87	74	97	73	94	60	103	67	99	69	97	75	61	98	64	159	137	208	149	188	203	283	343	388	447	431	501	493	643	746	824	830	909	937	1000	981	892	814	729	605	460	345	195	160	68	76	85	67	121	85	138	102	128	109	118	120	110	126	103	122	96	113	93	102	93	93	88
37	61	35	65	33	66	43	64	47	66	56	64	61	71	64	73	70	81	69	83	77	82	76	73	87	68	94	60	100	45	84	66	86	131	147	188	141	186	175	302	301	408	400	440	467	501	631	730	819	807	908	893	1000	941	917	786	748	562	476	312	211	135	70	80	52	88	96	101	124	101	130	96	128	101	126	107	117	111	105	108	96	106	90	97	85
31	63	34	66	35	65	47	62	51	64	61	63	64	70	67	72	72	80	73	81	83	78	81	68	93	64	96	57	102	49	76	74	77	142	139	195	140	192	182	300	316	406	421	436	479	495	642	734	832	818	916	903	999	955	921	809	759	583	471	324	207	148	67	79	54	78	101	91	129	97	131	97	128	104	122	113	113	117	102	111	91	106	90	96	87
42	62	39	66	36	69	43	67	48	69	57	68	62	73	64	76	71	84	69	88	76	88	74	80	86	75	93	65	101	47	87	61	95	130	160	186	154	188	181	310	303	420	403	450	457	498	620	729	813	800	898	885	999	925	908	776	755	563	481	303	217	131	80	78	48	92	89	105	117	106	126	97	127	98	129	103	119	106	107	104	96	104	88	94	83
27	64	34	64	40	62	52	58	56	60	65	59	67	68	71	70	75	78	78	75	88	73	87	60	98	59	98	57	100	59	66	86	66	153	135	205	138	191	190	292	330	396	431	428	489	486	644	737	830	823	916	920	1000	962	896	805	740	589	459	330	194	153	61	80	71	72	114	85	135	95	131	100	122	112	117	121	107	121	98	115	91	104	91	95	87
27	64	34	64	39	62	51	59	56	59	63	59	66	67	69	70	75	78	77	75	88	73	88	61	97	60	98	58	100	57	67	85	66	148	131	197	135	188	187	291	328	397	429	429	487	489	641	733	822	817	910	917	1000	967	907	808	740	585	457	327	192	147	58	76	70	72	112	85	135	95	131	101	124	112	116	120	108	122	99	114	91	104	91	95	86
31	66	37	66	43	64	54	61	59	63	67	61	68	71	73	72	78	80	81	77	90	76	90	65	102	65	101	62	104	61	69	85	71	151	134	199	140	192	194	296	335	402	432	427	485	489	642	733	826	821	911	916	1000	980	930	831	756	597	467	337	202	159	65	80	67	73	110	86	135	98	132	101	125	111	117	119	107	120	98	113	92	104	91	95	86
31	65	34	67	36	66	48	63	52	64	60	62	64	70	67	71	73	80	74	79	84	78	83	66	95	62	97	55	102	49	73	78	77	146	140	198	139	193	184	304	324	410	422	431	474	482	636	726	823	802	902	894	1000	950	910	794	742	574	467	321	203	149	66	80	55	77	103	89	130	94	131	95	126	104	121	113	111	115	99	112	92	107	88	94	84
29	66	37	65	44	61	57	56	62	57	70	58	71	66	75	68	80	75	85	70	95	69	93	58	101	67	95	71	91	78	46	97	59	158	140	202	157	178	219	276	365	387	456	427	493	498	634	768	819	854	898	957	996	1000	892	829	722	614	458	344	199	155	83	51	92	59	116	97	122	121	108	128	100	134	101	128	106	120	106	105	106	96	101	90	94
31	67	37	67	44	63	57	60	61	62	69	60	70	70	74	72	79	79	82	76	92	73	92	60	102	63	101	62	103	65	66	92	65	158	138	208	141	191	191	293	338	400	435	424	488	478	640	739	830	823	914	925	1000	957	880	789	718	577	448	324	185	148	58	79	78	72	118	85	138	95	131	102	123	113	113	122	104	119	95	114	92	103	89	92	84
29	64	38	64	45	59	57	57	61	58	68	59	69	68	73	69	78	77	83	73	93	71	91	59	100	62	97	64	100	69	60	92	63	157	135	205	146	190	198	286	343	395	445	425	494	490	648	751	838	840	921	935	1000	981	906	821	735	593	446	329	186	154	59	72	77	65	118	83	137	100	130	107	120	118	111	125	104	123	97	115	94	104	94	95	89
28	64	34	65	41	61	52	59	57	60	66	59	67	68	71	70	77	78	79	74	90	72	88	59	99	61	99	58	100	60	64	88	67	155	136	206	144	192	189	292	336	400	436	423	487	483	644	739	832	823	916	921	1000	961	896	797	727	580	447	322	186	151	56	75	70	68	114	82	135	94	131	100	122	112	114	120	105	121	97	114	90	102	91	95	86
37	63	36	68	34	70	43	67	49	69	58	67	64	74	66	76	72	85	70	87	79	86	77	76	89	71	96	62	104	45	85	66	93	138	161	199	157	193	178	308	307	422	407	442	460	488	624	728	823	807	915	895	1000	915	891	756	735	543	458	288	199	127	69	81	51	91	93	102	122	100	128	93	127	96	126	102	115	107	103	106	91	102	84	93	81
33	63	33	66	34	68	44	64	49	66	58	63	62	70	65	73	71	81	70	83	81	81	79	70	92	65	96	57	102	45	78	71	80	141	146	201	149	198	182	306	314	413	414	436	471	488	634	727	828	810	918	898	1000	932	907	781	746	562	458	303	195	133	60	76	53	81	100	91	126	94	130	93	127	99	123	109	113	112	100	108	91	103	88	96	83
30	62	31	65	33	65	44	62	50	64	59	61	62	69	66	71	72	79	72	80	82	78	81	67	94	61	96	55	103	46	74	74	76	144	142	203	149	201	184	304	318	411	422	433	474	481	633	723	827	807	917	902	1000	930	892	768	727	555	448	303	189	136	55	74	52	76	101	86	126	90	129	90	124	100	121	110	109	112	98	110	91	104	87	94	83
31	66	33	67	34	67	46	64	52	66	61	63	65	71	67	74	74	83	74	83	85	81	83	68	97	64	99	57	106	49	79	77	80	149	150	209	152	205	186	307	315	412	423	436	474	478	629	720	823	803	919	901	1000	921	878	753	720	550	447	302	189	137	58	79	56	80	102	88	126	90	128	90	125	99	121	107	110	112	97	107	88	103	86	93	82
57	46	51	54	47	63	45	64	47	71	50	69	59	74	62	77	68	84	65	91	67	95	59	93	63	94	71	87	82	66	84	40	110	106	187	164	188	170	205	301	308	428	398	466	439	525	601	757	806	838	904	909	1000	930	906	766	738	540	466	276	213	100	90	53	53	92	74	118	94	123	106	111	114	106	123	99	124	99	114	93	102	95	92	89	84
57	45	52	53	48	62	46	63	48	69	50	69	57	73	62	78	68	83	66	91	68	95	59	93	62	96	71	88	80	70	84	43	112	106	190	161	191	166	207	302	312	427	401	463	436	524	602	763	805	833	893	909	1000	937	912	772	735	540	466	278	214	101	92	50	53	91	76	119	93	125	106	113	113	107	122	99	121	98	115	93	105	97	93	91	86
29	66	35	66	42	64	53	59	59	61	66	61	69	70	73	72	77	80	80	78	92	75	90	61	101	62	101	60	105	62	70	91	72	159	140	210	147	199	196	301	340	405	446	432	492	483	647	735	832	814	913	918	1000	958	897	795	719	573	447	327	190	153	56	76	64	67	113	80	133	91	131	99	122	110	114	118	105	119	96	113	88	102	88	94	86
52	49	48	56	42	63	42	65	46	69	50	69	58	72	61	76	67	83	63	90	67	93	60	89	67	90	76	81	86	60	87	44	109	108	180	164	177	168	194	303	301	422	393	461	437	510	595	738	790	807	889	899	1000	925	907	759	729	530	472	281	219	107	92	60	49	94	77	115	98	119	112	107	118	102	126	98	122	98	113	94	102	97	90	91	85
66	30	66	35	65	46	61	53	60	60	59	65	63	68	67	72	75	78	75	85	75	92	62	94	58	103	58	99	62	85	72	54	108	102	192	151	199	153	222	287	324	420	409	467	439	530	591	769	792	841	893	922	1000	947	917	785	738	544	469	284	220	102	95	51	58	95	77	121	95	127	108	115	115	109	123	101	123	101	115	94	102	97	92	92	85
54	52	51	59	45	66	45	67	49	72	53	70	61	75	64	78	70	85	67	93	71	95	64	93	71	92	79	83	87	62	87	46	109	109	182	167	181	175	200	302	302	420	391	457	437	516	596	741	796	820	897	900	999	934	925	782	749	545	474	287	221	109	91	61	51	93	76	116	98	121	111	110	116	104	123	98	122	99	113	93	101	95	90	91	83
61	41	58	47	54	58	51	62	52	67	52	69	60	72	63	76	70	81	69	89	69	94	60	94	59	99	63	93	70	76	78	47	110	100	189	151	194	161	220	292	319	421	405	468	438	529	592	768	792	842	893	928	1000	950	912	791	740	559	474	296	222	110	97	44	64	87	80	118	91	129	101	121	108	117	119	106	121	101	116	93	107	93	95	89	89
39	60	37	64	33	67	40	65	46	68	53	65	60	72	62	74	68	82	66	86	74	85	71	78	83	72	90	63	99	43	85	61	93	129	161	192	158	192	183	310	302	420	403	446	453	488	614	722	811	801	910	891	999	918	900	761	735	537	463	287	200	119	68	72	44	89	88	102	117	102	126	94	126	95	126	101	117	106	105	103	93	102	86	94	82
64	39	61	48	57	58	53	63	55	69	55	70	62	74	68	80	74	84	72	91	72	97	63	97	61	104	64	97	70	81	78	52	115	105	196	154	201	161	228	295	333	426	414	472	444	541	598	780	799	858	900	938	1000	961	926	811	749	570	475	300	224	117	105	44	72	88	84	119	94	133	99	124	106	121	117	109	122	105	116	95	108	93	97	90	91
56	46	53	53	49	61	45	64	47	70	51	69	58	73	62	77	69	84	66	91	67	94	60	92	63	93	71	86	80	67	84	43	111	107	189	162	189	171	209	302	313	427	400	468	440	526	599	758	799	832	895	910	1000	936	915	785	751	556	479	289	222	108	96	54	57	92	76	118	95	125	107	114	114	109	124	102	123	100	116	95	105	97	93	91	87
56	48	53	54	48	63	46	65	48	71	51	70	60	74	63	76	68	83	66	91	68	95	60	91	65	93	72	85	82	64	84	43	110	107	185	164	189	174	209	305	314	431	403	470	442	522	596	748	795	828	896	910	999	927	909	783	751	555	477	286	220	108	95	56	57	93	75	117	95	123	109	112	115	108	124	100	122	99	114	93	105	98	94	91	87
31	67	36	68	41	66	54	62	58	63	66	62	68	71	73	74	78	81	80	80	91	76	89	65	101	62	101	60	104	59	70	88	72	155	142	211	152	205	201	305	338	409	441	437	491	485	640	727	825	815	917	911	1000	952	901	801	741	583	456	323	193	151	61	80	67	75	111	86	134	93	132	98	125	108	117	118	108	118	96	111	91	104	88	93	85
63	35	60	42	57	53	53	59	53	66	54	68	60	71	63	76	70	81	68	90	69	93	59	94	61	97	68	90	76	71	81	43	109	102	183	159	185	173	212	308	315	429	399	467	442	521	598	744	792	814	886	893	1000	930	913	771	745	542	474	283	217	107	85	64	46	94	79	114	104	115	117	104	121	100	127	100	122	102	109	99	96	102	88	93	83
52	51	48	57	42	65	42	65	46	70	50	69	58	73	61	76	68	83	65	91	68	92	63	90	70	88	78	77	87	57	84	46	106	111	176	171	178	185	207	318	316	435	405	466	447	520	610	747	808	822	897	896	1000	933	924	785	753	547	474	283	216	110	89	59	47	93	77	114	101	118	115	107	120	102	127	99	124	101	113	98	103	99	92	93	86
43	62	41	67	38	71	45	69	49	71	57	69	64	76	66	79	72	87	69	90	77	90	74	82	86	77	92	67	99	47	87	64	99	132	165	191	166	198	195	319	313	428	410	456	461	501	622	728	813	803	903	887	1000	917	903	766	742	549	470	294	213	126	80	77	48	92	86	105	113	105	124	96	125	96	126	100	119	104	106	100	92	101	86	93	80
52	53	49	59	43	66	43	67	46	71	51	69	59	74	62	77	68	85	65	91	69	92	63	88	70	87	78	77	87	56	88	50	109	114	182	173	178	179	198	312	309	432	401	470	447	516	603	742	798	811	893	898	1000	910	890	746	727	534	471	280	216	108	90	66	52	95	77	115	100	118	114	106	119	101	126	98	123	100	112	95	102	99	90	92	83
57	47	53	54	48	63	46	64	49	70	52	71	60	74	62	78	69	83	67	91	68	94	61	92	63	94	71	86	79	66	86	47	114	106	188	163	189	170	211	306	319	431	403	474	447	529	599	761	802	836	896	916	1000	931	902	768	736	539	469	280	217	105	94	58	60	96	78	119	96	126	108	115	115	109	123	101	123	100	115	94	106	96	94	91	87
39	62	37	66	36	69	43	68	50	70	57	68	63	74	65	77	72	85	69	88	78	87	76	79	88	73	94	63	100	44	85	66	95	133	157	192	156	198	190	315	312	424	409	448	464	505	629	729	821	814	916	891	1000	928	925	789	756	552	468	303	215	132	75	78	49	90	91	102	120	103	128	96	128	98	127	103	119	108	107	105	92	102	88	94	83
56	55	52	61	47	69	46	69	50	74	55	73	63	78	66	82	73	87	69	95	71	96	65	94	70	92	80	84	88	63	94	52	113	109	185	168	180	173	202	311	310	428	394	466	445	526	605	753	799	821	888	897	999	922	901	754	730	532	480	290	228	114	98	67	56	97	78	120	100	123	112	109	117	104	125	99	122	100	113	92	100	95	89	88	82
55	50	50	57	44	66	45	66	47	71	51	70	59	74	63	78	69	84	66	92	68	94	61	91	67	90	75	82	84	60	87	46	110	107	182	163	181	172	199	308	311	429	397	467	443	522	601	750	799	824	891	903	1000	916	896	756	731	535	477	287	227	113	96	61	54	95	77	117	97	122	110	109	116	104	125	99	123	100	113	94	103	97	92	91	85
55	51	50	58	43	65	44	67	47	71	51	70	59	74	63	79	69	85	65	91	67	94	61	92	67	90	75	82	85	61	89	47	112	107	187	167	185	169	197	306	309	428	394	466	442	519	599	754	801	821	888	899	999	911	885	740	720	524	471	278	221	108	94	64	55	97	76	118	98	120	111	109	116	104	125	98	123	98	114	93	101	96	90	91	83
32	68	35	69	38	68	50	64	54	66	63	64	67	72	70	74	75	83	77	82	86	78	85	66	98	63	101	57	105	52	80	83	80	148	144	205	146	196	183	304	323	409	418	431	479	486	638	731	833	814	912	898	999	935	896	779	727	553	452	314	199	147	62	86	66	83	107	90	132	93	131	95	127	103	120	113	112	116	99	111	91	105	87	95	82
57	43	62	40	69	38	71	45	71	51	72	60	72	65	78	68	83	71	89	71	93	77	85	77	81	93	68	96	60	98	41	89	87	135	174	172	198	156	243	265	366	395	451	451	481	536	618	802	817	889	906	978	1000	993	902	832	734	603	467	332	216	140	100	40	94	74	106	109	108	133	101	131	100	134	108	124	115	115	113	101	113	97	102	92	95
50	53	46	60	41	66	42	67	46	70	51	69	59	73	61	77	68	85	65	90	69	92	64	86	72	85	80	76	89	53	87	48	106	112	173	168	171	177	190	303	298	420	388	454	446	518	604	735	802	815	895	890	1000	918	908	764	747	547	486	300	231	119	92	68	51	95	78	113	103	116	115	104	121	102	127	98	123	102	112	98	102	100	91	93	85
48	59	43	64	39	69	43	69	47	71	54	69	61	75	64	79	70	85	67	91	73	92	69	86	79	82	87	72	97	53	91	57	106	120	170	176	166	185	190	312	307	425	396	452	450	508	609	729	809	808	894	884	1000	922	910	760	737	538	478	298	226	127	88	71	46	93	82	110	108	112	120	101	123	98	127	99	120	101	110	98	97	100	88	92	82
52	52	48	59	42	66	41	66	46	71	50	69	59	74	61	77	67	83	64	89	67	91	61	88	69	87	78	78	87	57	89	48	110	112	180	166	175	175	194	311	309	431	394	459	442	515	601	736	798	811	888	890	999	913	897	748	725	531	477	291	231	122	96	64	49	93	75	115	100	118	114	104	119	101	128	98	124	100	114	97	100	98	91	93	85
44	59	41	65	36	68	40	66	46	70	53	67	60	74	63	77	69	85	66	88	71	88	69	82	80	78	88	67	98	49	90	60	102	122	169	182	160	181	180	310	300	421	394	450	454	503	614	731	810	799	891	880	1000	915	892	739	720	530	475	295	219	123	79	76	49	96	85	109	114	110	125	98	126	97	129	100	121	104	109	102	95	100	88	93	82
45	62	42	66	37	71	43	68	48	72	57	69	62	76	65	79	71	87	69	91	74	90	72	84	84	79	90	68	98	49	91	61	104	125	170	185	165	185	182	309	302	424	398	451	452	500	614	733	816	810	905	891	1000	911	895	753	730	539	478	299	223	131	85	82	52	98	87	110	114	110	124	99	126	98	128	100	120	105	108	101	97	101	88	92	81
33	63	33	67	33	67	43	64	49	66	59	64	63	72	66	75	72	82	70	84	79	81	79	70	90	64	94	55	100	44	81	74	84	141	151	200	149	195	180	307	310	412	407	435	466	481	621	718	817	800	909	897	1000	909	876	748	715	543	462	308	206	140	68	83	56	88	99	95	125	96	130	93	127	98	123	106	113	111	101	107	89	102	86	94	82
54	50	49	56	45	64	44	66	46	70	50	70	59	74	63	78	69	85	66	91	69	93	61	91	66	91	75	81	83	60	87	47	108	105	181	165	181	170	195	298	300	419	387	461	440	516	591	743	796	824	896	908	1000	914	892	755	733	543	484	293	232	116	100	67	60	99	78	119	99	122	112	111	118	106	125	100	124	100	114	95	105	99	92	91	85
42	61	40	66	36	70	43	67	48	70	56	68	62	75	65	77	71	85	69	89	75	89	73	81	84	76	90	65	98	47	88	61	97	125	162	187	159	189	180	306	299	418	396	448	457	502	614	728	815	809	906	892	999	914	902	764	742	545	477	300	219	128	80	82	53	97	89	108	116	108	126	99	127	98	129	102	120	106	108	103	95	101	87	93	82
58	48	53	55	48	64	46	66	49	70	53	70	61	74	63	79	70	84	67	91	69	95	61	92	64	93	71	84	80	64	84	44	108	103	180	159	184	170	202	297	310	425	396	464	445	531	601	757	807	840	901	912	1000	934	925	798	765	569	493	304	236	121	104	61	60	94	78	118	97	126	109	114	116	110	124	103	125	102	116	96	106	97	95	92	87
53	53	48	59	42	67	42	67	47	71	52	69	60	74	62	77	69	84	65	89	71	89	68	82	78	76	86	65	96	45	86	60	94	127	160	189	158	193	182	310	306	420	405	445	464	491	620	718	815	799	901	886	1000	911	885	758	732	557	472	313	209	141	69	83	56	84	100	93	126	94	130	94	126	101	121	111	109	114	99	110	90	105	88	94	84
50	57	47	63	41	69	43	69	47	73	54	72	61	76	64	80	70	87	68	92	71	93	66	88	74	85	83	74	92	55	91	52	106	113	178	175	173	180	190	306	299	425	391	461	448	513	601	736	801	810	895	894	999	908	888	744	728	535	479	289	224	115	91	76	55	102	82	117	105	117	117	105	121	101	127	99	122	100	110	96	99	97	88	90	81
54	48	51	56	46	64	45	66	48	70	51	70	58	73	62	78	69	84	66	91	68	94	61	92	67	91	73	82	81	62	83	42	106	105	180	163	182	173	199	300	310	429	398	464	446	527	599	750	807	839	904	911	999	930	920	791	761	562	488	297	232	117	100	63	59	97	78	118	98	125	111	113	118	109	128	102	125	102	116	96	103	99	94	94	87
34	65	34	67	35	68	45	65	51	67	59	64	63	71	66	74	71	82	72	83	81	81	79	70	91	65	95	54	101	45	78	71	79	138	147	200	150	198	184	304	311	410	416	441	474	487	625	718	821	811	918	898	999	921	895	782	752	573	475	317	212	142	69	84	56	86	99	94	125	96	130	93	127	100	125	108	115	113	103	109	91	104	89	95	84
49	57	45	63	41	68	42	68	47	70	53	69	60	74	64	77	70	85	68	91	72	91	68	86	76	83	84	72	93	53	89	52	102	115	170	177	171	184	187	301	294	418	392	455	447	505	600	726	800	813	900	895	1000	911	898	765	748	552	486	300	226	120	90	74	52	97	80	112	105	113	118	101	122	100	127	98	121	101	110	98	101	100	89	91	83
66	31	66	34	66	45	63	53	62	60	61	66	65	69	69	74	76	77	77	83	76	89	65	93	60	102	57	98	60	89	70	58	106	102	190	151	199	150	223	281	328	415	413	468	449	534	588	770	792	850	889	935	1000	943	899	783	740	566	485	299	228	113	104	53	68	93	80	121	94	128	104	118	112	113	123	104	122	102	116	95	104	96	94	92	87
43	59	39	63	35	68	41	66	46	68	53	67	61	74	63	75	69	84	66	87	72	87	69	79	80	75	87	63	94	45	86	57	95	121	161	182	157	186	182	307	298	419	398	452	457	504	616	727	808	805	903	890	1000	917	906	767	743	545	476	298	220	126	82	76	49	94	86	106	114	107	125	98	127	98	128	100	120	104	109	102	98	103	88	93	83
32	66	40	66	47	61	58	59	63	60	70	61	71	69	75	71	80	78	84	75	93	73	93	61	102	64	99	63	99	69	64	93	63	153	136	206	148	193	199	287	338	393	442	427	493	489	645	742	833	837	921	931	1000	970	908	823	740	596	456	338	195	160	65	80	77	69	116	82	135	97	129	104	121	116	112	123	105	121	97	113	92	103	90	93	86
41	61	38	65	35	69	42	67	47	69	55	66	60	72	63	75	69	84	68	86	74	85	72	77	83	72	90	61	96	43	84	60	91	127	161	190	156	188	178	303	296	414	396	446	456	495	619	729	815	807	908	893	1000	908	894	761	738	543	471	298	215	127	77	82	52	95	90	106	117	104	125	96	126	97	127	102	119	106	106	103	96	103	88	94	82
40	60	37	64	34	67	42	66	46	68	54	65	60	72	63	74	69	83	67	86	74	85	72	77	83	72	89	60	96	44	84	60	91	125	156	185	154	188	176	297	292	410	392	440	452	490	610	717	806	804	905	892	1000	913	893	758	733	540	467	295	211	125	74	79	51	94	89	104	116	103	125	95	126	96	125	101	117	106	106	103	96	102	87	92	82
38	64	38	67	36	70	45	68	50	70	58	67	63	73	66	76	72	85	71	87	79	86	77	77	88	71	93	61	101	47	84	65	88	131	154	191	154	195	180	301	299	409	400	440	457	486	612	714	808	800	904	894	1000	917	894	763	735	547	469	305	212	134	75	83	55	93	93	101	119	102	126	94	126	97	125	102	115	106	103	105	92	101	85	92	80
35	62	34	65	34	66	43	64	49	66	58	64	61	71	65	74	71	82	69	83	78	80	76	71	89	65	92	56	99	43	79	67	82	134	147	194	148	192	178	301	304	406	401	433	463	488	620	716	813	803	906	893	1000	925	899	767	732	550	464	305	204	132	68	79	54	88	96	97	123	97	128	93	126	98	123	106	114	110	102	108	92	104	88	94	82
40	61	38	66	35	68	42	66	47	68	55	66	61	72	63	74	68	83	68	85	74	86	73	77	83	71	89	61	97	43	84	63	92	127	157	187	157	190	180	304	303	414	396	441	455	493	613	717	808	799	898	889	999	916	896	757	728	540	470	300	213	127	76	77	48	91	88	103	115	102	124	94	125	95	126	101	116	105	106	103	93	102	87	94	82
32	67	40	66	48	62	60	59	63	59	71	61	72	71	77	72	80	79	85	74	94	72	93	60	102	65	99	61	97	68	61	97	67	160	138	208	148	194	204	293	343	392	436	422	492	485	637	732	823	819	909	930	1000	959	884	791	706	577	451	337	195	161	67	81	80	69	117	82	135	96	128	103	118	114	110	121	102	120	95	112	92	102	90	93	86
38	60	36	65	33	67	41	65	47	67	55	65	61	72	63	74	68	82	67	83	74	83	72	74	84	70	89	56	95	41	84	64	91	127	152	181	144	182	172	300	294	402	384	430	452	490	613	712	803	790	891	884	1000	922	899	752	719	536	472	309	219	133	77	81	51	93	90	103	118	101	126	94	125	96	125	102	117	107	105	103	92	102	87	93	82
33	62	41	61	50	56	60	55	64	56	70	58	70	66	75	69	80	75	84	69	93	68	91	57	97	64	93	65	91	75	56	97	60	153	133	198	144	178	204	281	346	379	438	418	493	491	636	744	818	825	893	937	999	992	900	811	707	585	451	342	189	152	63	69	86	66	120	85	136	104	126	113	115	123	107	127	103	123	96	113	95	102	94	92	89
40	63	39	67	38	70	46	67	51	70	59	68	64	74	67	76	72	85	71	88	79	87	78	78	88	73	94	62	100	48	85	66	92	129	153	184	151	189	181	303	303	409	397	436	458	491	616	714	809	796	895	889	999	929	909	774	732	547	474	311	218	137	77	84	55	93	92	104	120	103	127	96	127	98	126	102	115	105	103	103	93	101	86	92	82
29	66	35	65	39	63	52	60	57	61	65	61	67	70	71	70	76	78	78	75	87	73	86	60	97	60	97	54	98	58	68	88	69	151	137	201	138	189	187	291	326	393	424	423	485	481	637	726	822	808	906	916	999	941	878	773	708	569	458	332	198	154	62	84	73	77	111	85	133	93	130	99	124	109	116	118	106	118	97	114	92	103	90	94	85
31	65	34	67	36	67	48	64	53	66	62	63	64	72	69	73	73	81	74	80	83	77	82	65	94	62	96	53	101	49	78	79	77	142	141	197	139	187	173	295	311	399	408	428	474	481	633	723	820	799	902	899	1000	930	883	762	713	555	465	321	202	143	63	87	66	88	106	93	131	95	132	95	128	102	122	112	111	113	99	110	90	104	87	94	82
39	65	48	61	58	55	66	53	70	55	74	59	75	67	80	69	86	75	91	70	100	72	96	67	97	81	87	87	79	96	43	103	72	153	157	193	175	159	227	265	371	386	452	434	485	519	624	788	815	872	895	980	998	1000	890	821	709	592	460	330	208	136	102	46	98	75	111	112	113	134	103	133	101	132	106	122	114	112	111	98	111	94	99	88	91
49	56	45	62	40	67	41	65	46	70	52	68	60	74	62	77	68	84	65	89	69	89	65	84	75	81	82	71	90	49	88	53	105	116	169	170	165	175	182	307	304	424	392	456	449	514	616	740	809	812	897	895	1000	915	905	763	733	538	482	300	228	124	92	74	52	98	82	114	107	115	118	104	123	100	128	99	122	103	112	100	102	102	90	94	85
63	40	67	37	71	39	70	47	71	54	70	63	71	68	77	71	82	73	87	74	88	80	78	83	71	98	59	99	53	98	52	84	99	128	182	160	194	140	233	266	359	398	439	458	471	543	615	802	811	876	893	970	1000	978	896	814	723	590	480	335	234	140	113	45	92	80	101	116	102	134	98	130	101	129	112	119	119	112	117	99	112	96	100	91	93
37	66	37	68	35	69	45	66	51	68	61	67	65	74	68	76	74	85	74	86	81	83	80	72	91	67	96	58	102	47	86	75	89	138	154	195	143	182	168	295	299	401	395	432	462	484	622	718	815	799	904	891	1000	919	883	753	719	545	471	316	215	143	75	91	60	94	99	101	124	98	129	94	127	98	125	105	114	109	102	105	89	101	85	92	79
45	61	41	66	37	69	42	67	47	70	54	69	62	75	64	77	69	85	67	88	72	88	70	80	80	76	88	67	98	48	92	60	102	122	167	181	157	177	173	303	295	414	387	445	447	496	610	728	807	801	892	888	1000	913	884	734	707	516	463	287	213	120	81	81	52	98	87	113	114	109	123	99	125	96	126	99	119	103	107	99	95	99	87	91	80
44	60	40	64	36	68	42	67	47	69	55	68	61	74	63	76	69	84	67	88	73	87	70	81	82	76	89	65	96	47	90	62	102	123	164	180	157	180	177	307	303	416	392	446	450	499	616	731	809	798	890	887	1000	924	903	750	712	519	464	292	215	125	79	76	49	97	88	110	114	109	125	99	125	97	127	100	119	103	107	101	96	101	87	93	82
44	62	41	67	38	70	44	69	49	71	57	70	63	76	66	79	72	87	70	90	76	89	72	82	84	77	91	67	99	48	91	62	102	126	165	183	158	185	180	310	306	423	400	453	458	505	622	735	817	811	905	891	1000	918	903	759	726	534	474	302	227	136	89	83	53	97	88	110	115	110	125	99	126	98	128	100	120	104	109	101	95	102	87	93	82
33	64	34	68	35	66	46	64	51	66	59	64	63	71	67	74	72	83	72	81	80	79	79	67	91	63	95	54	100	45	80	77	85	142	148	197	143	190	178	305	313	406	412	436	472	488	634	727	825	802	904	890	1000	932	901	768	717	545	464	316	210	146	71	83	56	86	100	95	126	96	131	95	128	101	124	110	114	113	102	110	89	103	87	94	83
38	65	38	68	37	70	46	67	51	69	59	67	65	74	68	77	74	85	73	87	81	85	80	75	91	70	95	61	102	47	86	69	89	134	154	196	151	190	176	303	307	411	408	443	468	493	624	727	825	815	915	897	999	928	905	774	735	548	467	307	211	140	74	87	58	94	97	102	124	101	129	97	129	99	126	105	116	109	103	106	93	102	87	93	82
38	65	38	68	37	70	46	67	51	69	59	67	65	74	68	77	74	85	73	87	81	85	80	75	91	70	95	61	102	47	86	69	89	134	154	196	151	190	176	303	307	411	408	443	468	493	624	727	825	815	915	897	999	928	905	774	735	548	467	307	211	140	74	87	58	94	97	102	124	101	129	97	129	99	126	105	116	109	103	106	93	102	87	93	82
39	62	37	66	35	68	43	66	49	69	57	66	62	73	66	76	71	83	70	86	77	83	76	75	86	68	92	61	100	44	83	66	89	132	155	193	153	191	179	306	310	416	409	447	467	497	626	728	827	818	916	896	1000	917	900	769	739	550	472	307	215	137	78	82	53	91	93	102	120	101	128	95	127	98	126	104	118	107	106	107	96	104	87	95	82
41	61	38	65	35	69	42	67	48	69	55	66	60	72	64	76	70	83	67	87	74	85	71	77	83	71	90	62	97	43	86	62	93	127	159	189	155	187	177	307	307	420	403	452	464	500	619	727	821	813	913	891	1000	911	894	753	728	535	466	293	212	129	78	80	51	94	90	106	117	104	125	96	127	97	128	102	119	106	106	104	96	103	88	94	82
69	34	70	37	71	46	68	54	67	62	66	67	70	71	73	76	81	80	82	85	82	91	71	95	64	105	59	103	60	92	68	65	108	108	192	153	204	150	229	281	342	417	423	470	454	539	595	782	808	873	900	943	1000	958	909	800	745	573	481	306	231	121	110	52	78	92	85	122	96	132	102	123	109	117	120	107	123	103	117	94	106	96	94	90	86
66	33	69	35	70	42	66	51	64	58	64	65	67	68	73	73	78	76	81	82	81	89	70	91	62	102	56	101	57	92	65	65	107	109	191	152	203	149	231	281	347	414	423	466	455	537	593	778	802	865	890	942	1000	955	895	786	729	570	480	306	229	123	109	47	74	88	85	120	93	132	101	122	107	118	119	107	122	102	115	94	109	95	95	90	89
54	50	60	46	67	41	71	47	72	51	74	59	74	65	79	68	86	72	91	68	96	74	89	72	87	89	74	93	67	99	38	98	80	144	166	184	189	160	242	272	382	394	461	447	497	528	625	793	822	881	900	974	1000	998	885	815	703	598	459	338	210	150	95	45	97	66	116	103	118	127	106	131	100	135	102	129	110	120	109	104	106	95	100	90	94
53	54	61	51	68	46	73	50	74	54	77	61	75	68	82	71	86	75	94	71	99	76	95	72	92	88	81	92	74	98	40	101	77	151	162	191	182	165	235	270	375	386	458	436	496	522	632	791	828	876	898	965	994	1000	892	827	711	604	457	342	205	155	94	54	99	65	120	99	123	124	109	128	102	133	101	128	106	119	103	104	105	95	98	88	92
55	50	61	46	69	42	72	47	72	52	74	60	74	66	79	69	85	73	92	71	97	76	90	74	88	90	76	94	69	99	39	97	82	143	167	185	190	160	240	272	381	397	463	446	493	525	624	792	823	880	898	973	996	1000	891	823	708	597	452	331	205	146	95	45	96	68	115	104	119	129	107	131	100	134	103	127	109	117	108	102	109	96	100	90	94
45	56	54	52	62	48	68	49	70	53	75	58	74	66	79	69	84	73	91	69	98	70	94	65	95	79	85	84	79	90	39	98	70	152	151	192	174	172	233	274	375	387	460	431	497	509	635	772	828	863	898	956	994	999	900	839	721	611	457	351	205	164	86	59	93	60	120	91	127	116	115	124	106	132	103	129	105	123	103	108	103	98	99	90	93
34	68	42	66	50	62	61	60	64	60	72	62	73	71	78	72	82	79	86	76	95	73	94	60	102	64	99	64	100	72	64	100	69	161	141	210	147	188	201	297	351	393	443	423	497	485	646	745	835	822	900	921	1000	974	890	794	701	576	448	336	193	163	66	80	78	68	118	83	137	97	129	105	118	115	110	123	103	120	94	112	90	100	89	91	84
61	42	65	39	71	40	72	48	71	53	71	63	72	67	78	71	84	74	89	75	92	81	83	82	77	98	66	99	58	100	49	89	96	133	179	164	193	145	240	274	369	401	449	456	480	543	621	804	821	880	890	965	998	999	915	831	724	591	474	334	230	145	107	40	89	76	103	113	107	136	101	132	103	133	111	122	118	113	115	100	111	96	100	91	94
53	50	61	46	68	43	72	48	72	52	74	61	75	67	80	70	85	72	91	70	96	74	90	73	87	90	77	95	69	99	42	100	80	147	165	182	184	158	239	272	377	392	463	449	496	528	634	797	825	876	897	971	997	1000	898	832	720	614	470	352	220	160	100	51	97	65	115	102	118	127	107	131	103	136	105	129	112	121	109	106	108	97	101	90	93
54	54	62	50	69	45	73	50	74	54	77	62	76	67	82	71	88	75	93	71	99	74	93	73	92	88	81	94	76	100	43	103	77	152	163	190	181	160	233	269	374	387	459	439	494	520	631	791	826	872	896	969	994	1000	890	824	706	599	453	340	206	153	95	53	99	64	117	98	123	124	108	128	101	133	101	127	107	119	104	103	102	93	97	88	89
53	49	60	46	67	42	70	46	72	51	74	59	73	66	79	68	84	72	91	71	95	74	88	74	87	89	75	94	67	97	38	95	79	143	164	179	183	155	235	266	371	388	454	441	485	522	626	792	821	875	896	971	994	1000	899	835	717	603	456	340	213	153	99	49	96	67	114	103	117	127	106	130	101	134	103	127	111	119	109	105	107	95	100	90	93
68	31	67	34	68	46	64	53	63	61	61	65	66	70	71	74	78	79	78	84	77	90	66	93	59	102	58	100	58	89	71	62	109	104	194	151	197	143	219	281	331	413	408	464	448	539	601	783	806	857	890	935	999	950	907	788	735	558	481	302	235	118	109	56	73	95	83	124	96	132	105	120	113	114	125	104	124	102	117	95	107	98	96	92	88
43	61	52	58	61	53	69	53	70	55	75	60	76	69	81	70	86	76	92	71	100	72	97	65	100	76	92	82	87	88	48	103	64	156	146	202	162	175	218	272	365	386	457	431	503	509	646	775	835	862	912	957	998	1000	906	843	730	614	456	353	202	166	81	71	96	63	124	88	134	112	121	121	111	129	104	131	104	123	99	111	100	98	95	91	91
42	59	50	56	59	51	67	51	69	53	74	59	74	67	79	68	84	74	90	70	99	70	93	63	97	75	90	81	85	87	44	100	66	153	144	197	165	173	223	273	371	389	462	436	507	510	643	772	834	862	909	961	999	1000	901	840	730	615	457	354	201	165	81	67	91	60	122	88	130	112	119	121	109	130	104	132	105	125	101	113	102	99	98	92	93
66	35	68	35	71	40	69	48	67	55	66	64	69	68	75	72	81	75	85	79	84	86	74	89	66	101	58	103	57	97	59	76	103	116	187	153	196	140	232	276	353	406	429	464	462	542	601	790	802	863	881	949	1000	976	907	804	727	576	478	317	230	128	110	41	80	81	90	119	97	135	99	128	105	124	115	112	120	107	116	96	108	95	98	92	91
65	42	68	40	73	41	73	50	71	55	72	65	72	68	78	72	84	76	89	78	90	85	82	87	75	102	65	104	60	103	55	87	100	127	182	162	196	145	239	274	366	403	444	460	474	541	610	794	808	872	886	959	1000	998	918	824	727	587	474	327	228	140	110	41	87	75	99	113	103	134	99	129	101	129	111	117	117	109	114	96	108	93	96	89	90
36	63	44	61	54	55	63	54	65	55	72	59	72	67	77	69	82	76	88	70	96	69	95	60	100	68	95	72	93	80	55	103	67	159	139	203	153	180	215	287	366	393	460	434	508	505	650	762	837	843	903	939	999	1000	909	824	710	590	451	347	196	166	70	70	81	58	118	82	134	105	125	114	114	125	107	128	104	124	97	112	98	103	96	93	91
67	35	68	36	70	43	66	52	67	58	66	66	69	69	74	74	79	77	83	82	82	88	73	92	65	104	60	103	59	95	65	72	108	113	188	151	196	144	230	283	350	415	429	469	460	543	603	786	801	858	881	940	999	975	919	807	734	573	487	318	236	131	113	45	76	85	87	120	96	135	102	125	107	121	119	109	121	106	116	95	108	96	96	91	91
65	41	69	40	73	42	73	51	71	57	72	65	72	70	79	73	85	77	89	78	91	85	83	89	76	103	66	104	61	104	57	89	101	130	185	163	193	143	239	280	371	406	445	463	475	545	614	797	806	868	878	951	996	999	922	823	723	584	478	329	229	138	110	40	86	77	97	114	103	136	100	130	101	130	111	117	118	110	113	97	109	93	97	89	91
40	63	38	67	37	71	47	67	51	68	60	66	65	74	69	77	74	84	74	84	83	81	84	71	97	65	100	59	103	52	78	85	80	150	144	203	140	195	194	310	344	417	445	441	498	496	654	737	838	824	917	913	1000	966	912	812	728	588	463	346	206	171	71	83	72	68	113	83	135	98	129	107	120	119	111	126	103	124	98	115	95	104	94	95	91
41	62	50	59	59	53	67	52	69	55	75	59	73	67	80	69	84	76	91	70	99	70	96	63	100	73	92	78	88	87	50	105	67	160	149	205	161	176	221	280	369	389	463	437	506	501	642	766	828	852	906	955	999	998	891	818	710	606	461	356	202	167	78	69	91	59	121	86	134	110	121	118	112	129	104	130	103	123	97	112	101	100	97	92	92
58	47	64	44	71	42	73	48	73	54	74	62	74	68	80	71	86	75	92	74	95	79	89	81	84	96	74	101	66	103	47	97	88	140	175	178	190	152	235	266	370	392	449	446	478	528	617	795	811	875	885	961	987	1000	903	826	715	594	465	333	214	141	101	43	95	71	110	109	113	131	103	132	100	131	105	123	112	114	110	98	106	92	98	87	91
45	60	53	55	62	51	68	52	71	54	75	59	75	67	80	69	85	75	92	69	98	71	96	66	98	78	90	83	84	90	46	103	68	157	150	201	169	177	228	279	378	395	467	437	503	509	642	776	832	863	907	961	999	999	896	831	715	603	451	349	201	163	81	61	91	58	121	90	131	115	119	122	108	131	104	130	105	123	102	110	100	98	97	92	92
44	57	53	53	61	48	68	49	69	52	74	58	73	65	78	68	84	73	90	68	97	70	93	65	95	79	86	84	80	90	40	100	66	149	149	192	170	169	225	269	372	386	457	432	498	511	633	771	822	861	900	956	994	1000	893	825	708	598	451	350	204	161	82	58	94	60	119	91	128	116	115	124	106	132	102	130	104	122	101	109	103	98	98	90	92
48	58	56	54	64	49	71	51	72	53	76	60	75	67	81	70	85	74	93	71	99	73	94	67	96	81	87	88	82	94	44	101	69	152	153	195	173	169	225	267	373	389	461	434	500	512	632	775	828	869	901	954	986	1000	898	832	718	605	453	348	203	160	85	59	94	60	118	92	127	118	114	124	105	132	101	128	104	121	101	107	103	97	97	89	90
51	53	58	48	66	45	71	48	72	52	75	61	74	65	79	68	84	72	91	69	96	73	91	71	91	86	80	91	74	96	39	97	73	145	157	185	181	164	233	266	374	390	463	441	493	516	623	778	819	867	893	959	993	999	894	828	719	612	464	350	210	160	93	53	92	61	116	97	120	122	109	126	102	133	102	128	107	119	105	105	106	95	98	89	92
46	57	55	53	63	48	70	49	70	52	74	59	73	66	79	69	84	72	91	69	98	71	94	67	95	80	85	87	81	94	43	100	67	150	150	194	173	169	227	270	374	390	464	439	502	512	629	775	825	865	898	959	994	1000	890	826	715	612	462	350	203	158	86	57	95	60	120	94	128	119	116	127	106	133	103	130	105	123	102	108	105	97	98	90	92
46	60	55	57	63	51	70	52	71	54	76	60	75	67	81	70	86	76	93	71	100	72	96	67	99	80	91	86	85	91	45	100	66	150	145	194	170	174	227	276	377	395	466	438	506	515	637	771	828	865	906	954	991	1000	908	843	729	618	463	357	209	168	86	63	94	61	122	92	131	116	118	123	109	131	103	131	106	123	100	110	102	99	97	90	91
50	53	57	49	65	45	70	48	72	52	74	60	74	66	80	69	85	73	92	71	97	74	92	71	92	86	82	92	75	96	39	96	72	144	157	185	181	164	232	267	375	392	465	444	500	524	628	783	826	882	907	964	989	999	905	843	734	622	464	349	206	158	92	53	94	62	114	98	120	123	110	128	104	134	104	128	108	120	106	105	107	97	99	91	92
47	57	54	53	62	48	69	50	70	52	75	59	74	67	81	69	85	74	92	70	99	72	94	66	96	82	87	86	82	93	39	97	66	149	149	190	176	174	231	272	375	393	468	441	505	514	632	771	825	871	911	964	996	1000	902	843	735	627	465	355	206	165	88	61	94	60	118	92	128	118	115	124	108	133	104	131	107	123	103	110	104	98	98	91	93
44	56	52	52	60	47	67	49	69	53	74	59	73	66	79	68	84	73	90	69	97	71	93	66	95	80	86	85	80	90	39	93	62	144	146	188	173	172	230	273	374	393	464	434	498	509	625	765	819	867	905	958	989	1000	910	853	743	629	465	353	201	159	83	58	93	60	119	92	128	118	115	124	108	133	104	131	107	123	103	110	105	99	100	91	94
65	35	67	34	70	41	69	50	68	56	67	64	69	69	74	72	79	75	83	79	86	87	75	90	67	103	58	101	56	97	55	69	96	108	183	152	201	151	240	279	358	416	440	466	465	539	596	782	803	873	895	951	1000	976	917	821	750	599	489	325	232	132	110	44	81	86	92	121	97	135	102	128	106	124	118	114	123	106	118	96	111	96	99	91	92
66	41	69	39	72	42	73	51	71	58	72	66	73	70	80	73	84	78	89	80	90	88	81	90	75	104	64	103	59	102	54	79	95	120	183	160	202	151	240	272	361	408	444	461	471	539	601	786	806	879	893	956	1000	988	915	824	742	604	487	330	228	135	111	45	88	83	98	118	102	136	101	129	103	128	113	116	119	108	114	96	109	92	97	88	89
59	45	64	42	70	41	72	48	72	53	72	61	73	66	78	69	84	73	89	73	93	80	86	81	82	96	70	99	62	100	44	87	85	130	171	169	193	152	239	266	369	399	455	454	483	533	612	789	811	879	892	963	997	1000	912	840	740	619	483	341	222	146	106	44	93	74	109	113	111	134	104	133	103	133	109	124	115	115	113	100	110	95	101	90	94
61	42	66	39	71	40	72	49	71	54	71	63	72	68	78	71	84	74	89	75	92	83	84	83	78	99	67	101	60	99	46	83	88	124	174	162	194	148	238	266	366	405	449	457	478	539	611	792	811	884	898	966	999	997	921	844	747	612	481	335	228	140	108	44	93	81	106	116	108	136	104	132	103	132	112	121	118	114	116	99	111	96	101	91	93
32	63	64	40	61	74	53	57	72	60	59	74	71	72	82	74	76	87	77	78	100	87	71	97	98	62	89	102	66	65	84	92	78	123	182	162	160	195	220	265	339	455	416	426	496	539	589	753	845	870	910	936	982	934	1000	827	766	595	477	323	253	165	90	58	78	98	85	92	130	124	102	126	135	107	107	126	113	100	116	115	96	99	102	89	84
51	55	47	61	42	68	44	68	48	72	53	71	60	74	64	77	69	85	67	90	71	93	67	88	74	86	82	75	89	55	86	47	101	109	168	167	168	178	191	305	306	424	399	461	452	515	603	733	806	818	895	891	1000	929	924	786	760	565	496	307	234	127	98	73	54	96	81	115	105	118	119	108	122	102	129	100	123	102	113	98	101	99	92	94	85
66	39	68	38	71	47	66	56	64	64	62	71	67	73	70	78	77	83	75	92	73	96	67	95	70	93	81	82	92	60	91	53	101	119	165	184	155	190	181	311	314	424	419	448	483	491	634	720	829	815	910	901	1000	956	895	798	726	594	462	345	198	163	74	74	86	60	118	87	128	110	115	122	102	129	99	128	103	116	104	102	103	91	98	85	89
66	39	68	38	71	47	66	56	64	64	62	71	67	73	70	78	77	83	75	92	73	96	67	95	70	93	81	82	92	60	91	53	101	119	165	184	155	190	181	311	314	424	419	448	483	491	634	720	829	815	910	901	1000	956	895	798	726	594	462	345	198	163	74	74	86	60	118	87	128	110	115	122	102	129	99	128	103	116	104	102	103	91	98	85	89
50	52	57	49	65	45	70	47	71	52	75	59	73	66	79	68	84	73	91	69	97	73	92	70	91	84	80	89	72	95	39	96	71	143	152	181	171	156	225	263	367	385	457	443	499	523	629	782	817	870	895	958	985	1000	898	835	722	614	465	350	212	159	95	55	96	64	118	99	123	124	110	129	104	135	102	129	108	121	105	107	106	97	99	89	93
44	61	52	58	61	52	69	53	71	56	76	60	75	69	82	71	85	76	92	72	99	73	96	66	99	77	90	81	86	90	49	99	64	150	141	191	159	169	216	267	361	385	455	432	503	510	639	763	824	860	900	945	985	1000	910	849	740	626	471	362	211	172	86	71	92	61	120	88	131	112	120	121	111	130	105	129	105	123	100	111	101	98	95	90	90
31	66	36	67	39	65	52	63	55	63	65	63	66	71	71	73	75	80	77	79	86	76	86	65	98	63	98	57	100	55	74	82	73	145	134	194	133	185	181	294	321	396	422	432	488	491	639	725	822	810	904	900	999	959	916	807	745	586	474	339	214	164	74	86	62	79	107	90	133	96	133	99	128	108	121	117	111	118	99	114	93	105	89	96	86
33	68	37	69	40	68	52	64	56	65	66	65	68	73	72	74	77	83	79	81	88	80	88	68	98	64	100	58	103	56	79	84	77	145	138	197	136	187	179	296	321	399	419	431	484	487	637	725	823	808	904	900	1000	954	906	795	738	578	474	334	213	160	74	90	65	83	108	92	132	97	134	99	128	106	120	114	111	116	98	110	89	104	87	93	83
46	55	54	53	62	47	69	49	69	52	74	59	73	66	78	67	83	72	89	68	97	71	92	65	94	79	83	84	78	92	41	97	66	147	145	187	165	160	217	262	362	381	451	433	498	512	630	772	819	864	897	958	989	999	896	840	728	615	460	350	205	161	89	62	95	62	119	93	128	120	115	125	107	134	103	130	106	123	104	110	104	98	99	90	92
48	54	55	50	63	46	70	48	70	50	74	59	73	65	79	67	84	71	90	69	97	72	92	67	92	82	81	88	76	94	40	98	71	147	151	186	172	159	222	261	367	386	455	438	497	516	628	776	816	867	899	964	991	1000	896	838	726	612	457	344	206	159	92	57	96	63	119	97	126	122	113	127	105	134	103	130	108	121	104	108	105	98	99	91	93
51	58	48	65	43	70	45	71	50	74	56	72	64	77	66	80	72	88	69	93	72	94	68	90	77	85	84	76	93	56	92	51	106	114	174	171	169	172	180	297	297	419	389	457	448	508	601	732	802	814	897	892	999	915	895	759	742	546	487	302	236	130	102	80	61	101	83	118	106	119	118	106	122	101	127	98	122	101	112	95	99	97	88	90	82
43	59	52	55	60	50	68	50	69	53	74	58	73	65	78	68	84	73	91	70	98	71	94	63	97	77	87	82	82	91	44	99	66	153	146	196	165	168	213	259	356	377	450	430	499	507	634	767	822	867	911	964	999	999	892	831	724	614	461	351	203	161	85	64	98	63	123	93	132	116	118	124	110	132	104	131	105	124	104	112	102	100	97	92	92
44	58	52	55	60	49	68	50	69	52	75	59	74	67	79	68	85	75	92	70	98	71	94	64	97	77	87	83	82	92	44	100	66	153	147	195	168	169	216	258	358	380	455	435	505	511	635	769	823	867	911	967	1000	996	888	829	723	614	461	354	207	165	89	67	97	63	123	92	131	117	118	124	109	133	104	131	106	124	102	112	102	99	98	91	92
44	60	54	57	62	51	69	52	71	54	76	59	74	68	81	71	86	76	92	71	100	73	96	66	99	79	89	85	85	94	47	101	67	153	148	195	168	171	216	260	359	381	457	435	506	513	638	771	826	870	913	962	996	1000	899	840	736	623	463	354	206	165	89	67	98	64	123	92	132	117	119	124	110	132	104	130	106	124	102	112	102	98	97	90	91
63	40	67	39	71	41	71	49	70	54	70	64	71	67	77	71	83	74	88	76	90	84	81	86	75	98	64	102	59	100	51	82	94	124	177	160	196	146	231	259	353	397	438	456	472	537	604	786	802	876	892	962	1000	991	907	828	741	602	480	330	227	138	110	46	91	80	101	116	104	136	102	131	102	130	112	118	117	111	115	96	110	94	100	91	93
64	40	67	37	71	40	71	49	70	55	70	63	71	67	77	72	82	75	88	78	88	84	79	86	73	100	62	102	58	100	52	81	96	123	179	158	196	145	232	262	357	403	437	459	471	540	603	788	802	874	889	959	1000	986	903	817	735	600	487	331	233	138	113	45	92	81	100	117	103	136	102	131	103	130	113	118	119	110	114	95	110	96	100	91	93
40	65	49	62	57	56	67	55	70	56	75	61	76	70	81	72	86	78	92	72	100	73	97	61	103	72	95	75	94	85	54	102	64	160	140	205	157	182	205	271	355	387	453	432	509	501	642	761	831	849	910	946	1000	983	880	810	714	605	460	350	201	164	81	78	96	66	125	86	137	106	125	115	114	125	106	129	102	123	96	110	95	99	93	90	87
62	41	67	39	70	40	71	49	70	55	71	63	71	67	78	71	82	75	88	76	90	84	80	85	76	100	64	102	59	101	52	83	94	123	174	156	192	144	228	260	353	396	431	454	474	544	607	788	803	874	884	953	995	999	920	832	737	598	483	332	229	134	109	42	89	80	100	117	104	136	102	132	103	130	111	119	117	110	113	99	109	94	98	89	92
65	36	68	38	70	43	68	53	68	59	67	66	70	70	75	74	81	77	84	82	85	90	75	92	69	104	61	102	61	97	62	72	103	111	181	147	198	147	229	273	348	412	428	464	464	547	603	782	802	868	889	946	999	989	934	830	754	595	492	322	237	132	113	47	79	86	91	121	99	136	104	128	108	123	119	112	122	107	117	97	110	95	98	91	91
37	68	45	67	53	63	62	60	66	61	74	63	73	71	77	72	82	80	88	76	97	74	95	63	105	67	101	69	102	74	63	96	67	158	135	203	149	189	203	288	352	397	447	425	499	490	641	736	825	825	902	923	1000	984	903	817	726	600	462	347	203	169	73	83	78	67	117	84	136	99	130	107	120	117	110	123	103	121	95	113	92	102	90	91	86
69	35	70	36	70	44	67	53	66	60	65	67	69	71	75	75	81	79	83	84	82	91	71	93	64	105	58	104	59	96	66	70	109	111	187	148	198	143	226	280	349	416	421	463	455	539	595	779	794	852	872	933	1000	972	910	792	721	563	487	312	240	127	115	49	76	89	86	124	97	136	105	125	108	119	120	107	122	103	117	94	109	94	95	89	88
48	61	44	65	38	72	44	69	48	73	56	72	63	78	67	80	71	87	68	92	74	92	70	86	81	82	87	72	98	51	90	54	103	121	171	177	164	177	177	308	308	432	400	459	456	507	615	739	816	809	896	885	1000	916	898	758	730	542	488	302	232	131	94	82	52	100	85	116	111	114	124	103	125	98	129	98	122	102	110	99	97	98	88	92	81
55	54	61	51	69	47	73	51	74	53	77	62	76	68	82	71	87	75	93	71	99	76	93	73	93	88	82	93	76	99	42	98	74	148	158	184	178	158	225	258	365	383	452	435	492	514	620	772	807	865	893	961	990	1000	895	836	719	614	469	354	218	159	99	58	101	66	118	99	122	122	111	129	103	133	102	128	106	119	105	102	103	93	97	88	90
43	60	51	58	60	53	68	52	69	55	75	59	74	68	79	70	84	76	91	70	98	72	96	63	99	75	90	79	86	88	47	99	65	154	143	197	163	174	213	264	355	376	449	426	497	498	631	757	818	852	902	953	996	1000	900	834	720	613	465	358	207	168	84	71	93	61	120	87	131	111	120	120	111	129	104	129	104	123	99	112	100	97	95	90	91
45	60	54	58	62	52	70	53	71	56	77	61	75	67	81	70	85	75	92	71	101	73	96	65	99	77	90	82	86	90	46	100	65	155	146	199	169	175	216	264	361	383	459	433	502	499	631	764	823	860	909	962	1000	997	892	831	724	621	467	355	201	164	85	69	96	62	122	89	132	113	120	121	110	130	104	130	104	123	99	110	98	98	95	90	90
