34928	35048	35167	35286	35405	35524	35644	35763	35882	36001	36120	36240	36359	36478	36597	36716	36836	36955	37074	37193	37313	37432	37551	37670	37789	37909	38028	38147	38266	38385	38505	38624	38743	38862	38981	39101	39220	39339	39458	39577	39697	39816	39935	40054	40174	40293	40412	40531	40650	40770	40889	41008	41127	41246	41366	41485	41604	41723	41842	41962	42081	42200	42319	42439	42558	42677	42796	42915	43035	43154	43273	43392	43511	43631	43750	43869	43988	44107	44227	44346	44465	44584	44703	44823	44942
2	32	39	18	16	40	36	4	33	44	29	11	44	45	17	32	56	39	14	52	62	37	48	93	83	46	65	75	55	75	151	262	234	179	188	85	159	223	231	259	36	88	202	238	420	581	560	796	531	563	561	581	766	817	555	310	463	908	1000	900	656	575	356	226	207	228	209	153	95	75	119	121	100	73	91	89	70	54	62	62	45	48	61	48	33
4	27	34	14	16	34	30	5	26	38	22	8	33	32	9	29	40	23	10	41	49	30	47	83	62	48	71	60	28	63	147	212	198	142	113	70	183	233	276	334	168	59	200	132	166	387	407	696	608	363	307	480	877	911	1000	509	421	973	857	881	570	583	361	217	222	228	235	185	103	84	146	127	77	56	99	85	42	58	74	46	20	59	64	27	38
2	19	26	14	7	25	24	8	17	31	23	2	26	27	13	18	32	24	5	29	40	31	33	65	51	35	53	49	16	44	109	155	135	90	66	65	180	220	255	319	173	73	205	134	90	222	205	424	378	180	126	537	871	867	1000	505	359	795	600	660	381	436	280	193	198	191	199	166	97	77	119	102	63	41	78	68	33	45	57	35	19	46	52	26	29
16	7	23	23	8	15	29	21	5	22	29	15	13	28	25	9	22	27	18	16	36	39	22	43	37	27	29	30	36	32	91	162	155	80	44	75	203	247	276	321	161	79	86	66	203	303	295	463	318	183	271	633	1000	891	963	375	307	739	708	833	438	473	332	239	220	199	216	174	86	80	126	106	55	46	89	65	26	58	60	24	27	59	47	15	46
3	20	28	13	13	28	24	2	22	29	17	9	28	26	9	23	34	19	8	31	39	26	35	63	46	36	63	53	6	47	103	165	146	131	136	56	59	128	187	264	199	93	217	132	152	338	227	543	585	328	388	283	648	725	1000	607	359	812	604	709	434	569	405	237	128	152	182	147	95	92	125	97	60	48	87	74	37	55	64	36	20	53	56	25	37
4	22	27	11	16	29	25	4	22	33	16	9	29	27	7	24	37	19	8	34	40	22	36	64	39	33	59	54	10	55	106	167	125	122	142	70	11	76	123	205	180	69	220	150	180	377	255	462	641	349	501	111	494	647	1000	761	400	824	571	727	447	529	436	251	131	133	161	153	92	94	124	99	60	46	88	76	35	54	65	37	17	52	57	25	33
5	19	18	0	15	18	5	12	21	12	9	20	22	18	17	18	21	29	26	21	26	25	10	10	28	14	3	24	57	6	74	139	102	87	79	46	67	146	148	213	195	20	145	144	288	547	472	591	769	422	613	66	509	699	1000	892	399	792	575	939	721	714	600	385	204	165	197	167	131	83	98	90	28	35	62	58	16	40	70	40	25	64	59	20	37
22	47	51	25	28	49	40	11	44	53	26	23	51	51	6	40	59	43	5	48	60	20	47	51	29	36	65	50	50	56	163	226	185	198	172	24	66	239	152	198	184	18	196	191	334	661	718	788	972	591	668	156	575	694	822	968	478	974	556	1000	743	829	736	469	269	195	285	216	177	140	157	123	34	59	85	67	25	62	75	45	46	63	51	31	42
7	20	31	22	6	29	32	16	17	35	28	11	25	33	21	18	33	25	4	27	39	33	28	62	49	45	55	57	9	31	122	236	201	192	213	72	108	265	258	264	154	178	114	129	270	520	633	750	735	579	515	70	771	966	1000	886	522	756	319	837	553	708	663	384	239	163	281	197	157	161	179	124	29	69	94	69	24	69	72	26	38	68	49	12	49
9	21	22	11	15	25	22	9	20	28	17	9	26	23	11	20	32	21	13	31	31	23	28	63	51	46	60	73	29	49	93	175	159	173	211	111	56	171	240	272	199	238	236	12	64	313	413	621	560	627	544	62	643	852	1000	991	761	695	282	534	394	509	523	321	195	130	207	166	135	131	158	120	40	58	85	73	28	55	72	41	26	59	56	21	38
13	5	20	20	6	14	25	19	3	20	25	14	10	23	22	7	21	21	10	8	23	30	12	39	41	32	36	53	8	23	46	163	168	175	225	138	94	163	260	312	235	284	297	114	158	447	521	674	540	721	684	280	522	765	934	1000	844	690	342	487	365	437	540	381	219	144	208	161	106	118	154	109	30	61	77	48	8	52	59	21	34	56	41	6	43
197	188	196	201	189	191	200	191	186	199	197	179	192	206	183	181	200	199	176	184	204	178	178	189	184	185	184	177	205	161	189	171	106	284	231	122	179	279	301	92	357	311	101	240	155	382	490	257	465	526	245	260	512	586	579	1000	775	513	550	250	287	67	411	408	226	61	263	255	142	117	228	196	109	177	187	128	140	168	143	117	152	158	118	128	151
210	204	191	203	207	195	197	208	198	192	206	199	190	202	206	190	190	207	196	178	199	201	185	184	190	202	189	163	232	167	167	198	105	247	248	129	172	212	312	163	303	358	177	247	199	307	482	198	391	446	228	204	314	568	473	1000	822	521	578	278	348	58	419	389	231	60	255	253	140	129	215	190	130	187	183	133	160	173	142	137	167	157	128	147	155
25	21	41	10	33	29	14	38	21	34	30	28	43	32	44	39	43	37	41	58	37	66	53	68	101	78	134	144	109	155	102	155	169	140	202	137	90	197	211	309	394	279	334	228	202	402	405	462	317	288	209	62	347	669	710	1000	928	708	581	187	65	74	188	192	212	128	96	44	74	105	77	105	89	64	83	60	69	70	36	53	45	34	44	34	46
3	21	25	9	12	25	20	7	21	28	19	15	29	32	15	20	28	22	13	21	29	27	22	27	26	23	34	15	55	53	24	120	132	149	197	104	70	111	201	311	325	229	352	147	25	291	426	499	365	440	527	383	466	804	801	1000	800	668	316	283	260	227	396	254	222	136	186	148	106	102	109	79	39	47	53	31	24	34	31	27	37	35	24	32	35
223	230	243	227	220	238	232	215	226	239	215	214	238	225	202	223	237	207	199	231	223	188	219	221	197	220	201	214	195	163	235	111	208	342	146	182	273	259	161	195	463	188	219	272	182	476	325	446	571	330	511	520	593	574	752	1000	495	638	375	477	231	227	555	321	93	192	344	196	69	233	243	123	145	199	148	124	166	167	124	147	177	142	121	162	160
10	18	18	12	17	20	19	18	21	21	24	24	25	31	26	21	25	31	25	19	28	38	25	26	31	32	33	22	47	50	13	130	153	157	238	108	101	111	192	345	357	235	404	141	20	293	494	612	473	530	739	537	668	1000	859	923	739	688	283	406	307	320	503	307	247	175	247	178	123	136	137	97	56	62	62	34	37	44	33	37	50	39	32	46	43
234	221	215	231	226	209	224	230	210	209	232	219	198	224	230	201	201	232	224	191	216	234	194	211	220	191	220	201	245	234	190	278	198	126	351	192	169	147	350	388	103	365	446	119	200	147	592	489	259	535	530	250	488	1000	667	670	815	542	196	144	402	320	209	311	379	224	32	267	279	136	140	243	201	145	203	212	171	168	209	188	150	189	203	162	161
215	201	193	209	208	189	201	212	192	188	209	202	178	200	211	185	178	211	203	172	195	214	175	190	203	171	191	190	209	206	187	257	182	110	280	190	156	86	320	405	141	335	487	48	175	115	476	402	172	432	549	364	451	1000	729	697	834	529	187	124	351	290	185	232	323	215	3	227	259	135	105	212	182	125	173	193	153	146	188	172	136	168	188	151	143
208	200	188	203	204	185	192	207	191	180	202	200	174	186	207	182	169	199	201	168	181	208	173	178	197	170	179	180	191	209	163	252	217	92	256	196	152	44	277	416	173	300	495	17	225	14	445	489	168	427	626	408	378	1000	807	688	837	558	175	136	279	333	208	169	285	226	58	174	246	165	72	182	181	115	150	178	150	131	173	171	128	151	177	151	135
170	194	179	181	205	186	185	205	184	181	204	174	172	203	170	164	194	163	158	187	151	148	186	155	132	180	171	125	231	197	161	250	159	162	314	168	220	241	276	249	100	312	281	244	288	134	569	458	197	481	614	351	508	999	679	729	845	520	329	132	304	141	203	196	126	130	46	108	173	91	75	171	129	97	172	151	130	178	167	131	176	167	133	167	155
175	208	205	191	220	216	196	221	215	187	214	207	173	203	203	159	193	195	159	191	195	153	186	213	147	167	220	159	173	252	165	244	255	155	266	235	177	144	239	397	205	321	453	55	443	335	248	553	317	138	585	609	580	904	1000	823	724	683	285	171	283	314	236	106	92	104	167	74	123	221	158	86	187	176	113	171	175	133	169	183	137	167	176	136	167
7	13	22	14	4	19	19	3	15	21	13	10	24	21	4	16	26	19	15	28	26	12	19	12	10	14	1	29	58	29	15	53	43	44	79	27	6	159	166	266	267	235	318	163	78	151	242	262	343	207	391	392	579	985	1000	923	725	561	228	339	251	309	400	219	147	86	181	153	89	89	103	68	22	55	58	19	22	44	36	13	32	38	19	12	22
42	41	16	54	21	41	48	21	52	28	43	42	33	54	41	55	41	63	60	57	89	55	96	93	79	123	74	93	97	75	187	187	258	261	179	293	271	259	289	275	192	262	187	375	390	503	610	517	701	449	230	367	762	1000	938	764	399	181	268	638	656	687	616	403	280	171	129	184	175	182	178	111	118	105	99	123	87	95	98	63	88	71	67	78	62
42	41	16	54	21	41	48	21	52	28	43	42	33	54	41	55	41	63	60	57	89	55	96	93	79	123	74	93	97	75	187	187	258	261	179	293	271	259	289	275	192	262	187	375	390	503	610	517	701	449	230	367	762	1000	938	764	399	181	268	638	656	687	616	403	280	171	129	184	175	182	178	111	118	105	99	123	87	95	98	63	88	71	67	78	62
10	27	27	8	19	32	22	6	27	30	13	12	30	21	3	24	27	14	11	31	29	8	31	52	26	39	65	59	42	88	142	156	114	123	152	88	89	189	220	272	225	287	191	150	253	402	432	517	881	452	237	297	676	958	1000	806	271	448	488	770	623	603	516	188	57	59	182	168	122	114	133	96	30	54	90	70	14	64	71	26	28	61	56	8	44
4	16	25	15	7	24	25	8	14	26	22	6	21	23	14	13	25	18	0	23	32	22	25	57	44	43	55	77	49	80	136	155	108	87	147	75	47	207	235	306	246	260	240	225	263	424	440	521	878	506	222	282	738	959	1000	663	140	400	629	841	605	627	491	174	40	79	198	158	113	125	124	71	14	58	79	46	24	62	53	10	41	54	31	14	48
261	247	278	277	264	294	280	269	303	278	262	297	263	255	287	245	245	276	215	240	266	201	258	241	191	306	274	164	367	347	127	335	395	165	351	429	127	627	541	130	616	491	117	410	605	436	284	625	750	249	423	167	1000	706	640	876	698	492	614	906	613	553	566	250	106	138	108	193	142	129	269	224	148	247	247	177	234	228	175	243	220	182	250	207	187
29	29	21	17	21	28	23	13	17	26	19	10	18	20	17	12	6	33	26	8	29	23	26	32	26	29	58	68	41	81	65	44	83	115	153	142	185	247	217	249	352	138	223	365	39	516	252	120	807	501	57	368	1000	245	528	56	336	365	298	611	298	503	197	239	53	53	120	20	104	57	54	34	36	26	20	36	38	23	3	17	30	33	15	13	39
88	80	76	87	87	87	77	84	78	87	84	67	82	95	89	82	79	75	83	85	76	84	97	94	92	92	97	123	104	137	111	65	121	102	154	160	302	136	186	289	110	295	149	168	344	322	123	310	142	244	255	187	1000	736	386	419	492	539	418	280	113	29	40	66	41	102	48	58	66	42	37	46	50	46	58	47	58	56	57	64	44	56	55	56	63
5	31	33	12	19	37	29	4	30	38	21	12	38	33	7	27	42	21	15	44	41	20	38	81	63	55	94	117	85	137	196	204	152	118	227	116	59	175	239	273	265	216	407	531	358	546	424	355	877	335	488	127	618	599	908	610	392	834	857	1000	683	789	551	255	159	146	282	228	152	128	154	116	60	73	115	95	48	71	84	47	29	70	68	29	51
8	28	28	11	21	33	29	9	27	38	21	9	32	31	13	24	39	27	12	37	41	28	29	72	65	60	83	101	84	122	194	210	162	107	216	103	38	161	220	267	299	191	427	592	439	593	430	329	828	240	556	172	602	529	917	612	506	955	936	1000	627	761	540	228	151	138	293	206	127	137	167	117	47	93	130	85	42	92	85	28	50	81	59	17	74
16	9	26	28	8	24	35	23	10	32	34	15	20	29	27	11	29	30	14	15	37	39	22	59	63	56	61	80	57	98	175	197	162	87	192	69	34	232	272	299	326	192	377	518	403	512	288	324	847	146	575	220	518	466	953	567	442	981	943	1000	603	751	542	246	166	135	294	208	114	126	154	112	28	82	118	70	31	87	72	11	51	77	45	19	67
27	4	20	34	17	10	34	32	7	28	45	27	10	42	42	12	27	51	36	7	49	57	8	44	49	20	36	53	18	45	147	165	108	54	146	20	119	253	327	326	302	188	345	468	389	508	276	303	782	159	491	327	561	572	1000	586	421	923	859	926	619	717	512	246	164	149	251	176	139	136	110	56	48	65	61	47	56	53	41	58	55	32	42	55	41
270	284	262	251	279	275	245	261	282	256	236	275	274	239	249	281	255	226	259	277	231	234	285	233	220	286	261	214	242	280	194	176	353	252	171	244	200	455	228	242	446	225	25	420	583	456	161	496	600	126	453	307	750	327	958	745	339	501	862	1000	308	675	664	332	168	197	456	314	103	291	330	235	187	272	282	185	209	277	216	182	251	249	185	202	260
8	19	33	23	5	28	35	14	17	34	32	6	27	33	21	16	33	31	9	25	43	36	23	56	47	42	58	60	16	57	141	178	145	94	164	44	27	173	217	206	194	102	224	376	306	529	437	447	887	431	583	109	659	793	1000	667	340	613	690	887	623	710	585	329	153	123	269	227	147	132	156	102	38	60	104	80	27	72	79	36	35	69	63	15	54
18	8	17	26	15	11	28	28	9	26	37	26	16	41	40	15	32	54	38	18	54	57	16	30	51	28	28	40	43	17	95	144	84	58	112	35	92	203	228	186	181	47	243	369	329	529	555	479	742	512	536	309	617	999	947	718	419	497	542	662	555	630	579	382	203	148	224	194	168	148	121	98	65	52	57	56	35	31	58	56	28	45	57	39	14
20	24	10	13	25	17	5	23	23	8	17	26	16	15	28	23	12	29	34	20	28	36	23	6	22	19	7	8	48	35	30	90	58	36	48	40	95	208	202	163	150	99	110	151	239	400	420	355	514	354	387	308	560	1000	998	855	577	394	226	418	369	410	486	307	168	79	163	172	125	101	123	107	35	57	81	51	9	51	68	30	30	64	50	11	38
44	25	22	41	37	15	28	42	29	16	37	40	20	29	45	36	17	44	49	25	32	48	42	22	39	52	41	7	87	92	26	66	50	25	28	87	136	171	223	219	150	160	152	83	199	289	360	354	295	191	307	417	553	981	1000	918	745	516	208	227	183	272	392	225	91	75	141	111	48	82	108	59	31	74	56	12	50	53	31	26	54	50	19	42	53
28	42	34	18	35	42	27	20	41	41	19	28	45	33	21	40	45	22	33	49	36	25	43	54	36	21	49	68	29	71	83	26	31	84	48	55	95	217	188	231	266	179	242	119	85	216	262	203	263	106	185	326	475	922	905	1000	929	673	513	129	102	158	307	248	125	28	91	116	81	18	58	83	33	40	70	40	30	64	58	27	41	65	47	28	60
2	28	35	14	19	36	22	10	30	26	14	26	31	27	23	26	34	30	17	35	40	19	30	55	39	23	55	62	61	88	70	23	53	79	21	14	47	113	120	208	204	193	326	276	70	190	227	128	109	91	51	282	377	780	808	919	1000	769	639	369	280	229	294	230	101	89	95	64	58	93	89	67	76	72	53	52	55	37	37	48	35	31	41	30	21
28	5	22	30	11	19	32	19	15	30	21	14	27	25	22	25	24	31	25	21	38	37	18	53	60	31	58	91	72	102	105	44	44	96	27	19	45	115	115	190	227	219	357	371	151	207	243	152	46	41	119	163	191	618	666	833	1000	753	652	377	286	212	287	239	99	95	106	62	53	95	87	62	71	67	50	44	41	32	35	36	26	31	34	19	30
179	182	188	180	177	185	183	174	180	186	174	172	187	182	165	180	188	170	164	183	183	155	171	184	154	172	193	147	191	156	144	149	145	196	170	153	223	175	230	38	268	357	233	396	344	89	179	144	288	159	193	119	187	543	516	873	1000	593	701	305	133	136	383	321	178	115	202	243	155	112	202	200	121	165	192	143	140	170	153	123	153	163	128	127	152
27	25	1	22	27	10	16	27	17	12	26	24	16	20	23	22	22	19	28	28	17	28	31	20	13	26	18	7	36	64	21	56	79	37	88	90	45	16	57	170	174	164	318	259	66	120	164	147	149	83	239	315	334	675	801	916	1000	748	653	317	252	222	297	210	72	64	70	46	35	62	61	45	63	64	43	44	51	42	33	37	36	33	33	28	25
160	171	164	156	165	170	156	158	170	161	150	167	169	146	155	170	155	141	159	168	143	147	172	149	142	173	145	147	144	119	151	120	165	191	90	150	190	213	71	269	390	155	366	395	214	142	105	77	168	164	146	455	495	623	928	1000	804	726	612	121	145	247	315	135	59	117	208	139	34	160	179	83	96	146	107	80	119	113	78	100	123	92	82	111	105
159	170	163	155	165	168	153	159	168	157	150	168	166	144	155	170	153	140	162	166	137	149	173	145	143	169	144	148	136	128	157	113	167	190	84	153	179	204	49	283	374	133	392	368	178	152	69	131	162	121	208	421	449	604	966	1000	763	700	556	103	139	263	331	123	37	132	205	120	36	168	169	65	104	143	95	80	118	108	73	104	121	86	86	113	102
7	28	28	7	18	30	19	6	25	23	9	12	20	15	11	14	21	24	17	22	35	28	14	31	34	6	37	32	26	54	41	62	38	5	80	56	27	44	60	163	166	143	270	143	66	171	229	216	206	169	275	449	513	866	946	1000	890	591	447	194	194	178	287	196	83	28	39	59	27	29	30	6	33	51	34	27	50	49	24	32	41	28	25	36	30
23	5	27	26	4	21	30	16	13	28	23	11	18	20	17	17	17	26	28	16	33	37	13	23	38	13	21	24	47	57	28	77	42	31	109	78	60	21	34	129	111	163	272	137	137	217	300	270	205	185	320	470	466	852	968	1000	896	598	425	130	182	198	307	185	60	45	16	15	45	45	44	53	53	40	40	50	41	27	44	42	25	36	41	19	21
27	29	6	20	27	11	17	26	12	18	27	18	22	28	21	25	26	18	26	25	16	31	31	18	35	44	16	34	87	63	22	91	41	50	121	66	50	80	120	186	133	260	333	141	117	190	268	231	174	195	324	521	513	871	1000	939	803	570	357	156	186	213	257	131	22	52	37	42	82	75	80	83	54	40	60	45	17	42	48	20	32	46	22	21	39
182	197	169	192	207	175	196	210	176	196	208	169	193	208	158	184	199	150	173	188	139	165	187	123	163	205	142	166	260	155	179	215	169	237	249	182	246	343	280	53	363	394	135	401	164	222	474	155	252	373	355	345	594	999	835	1000	910	462	484	293	162	107	272	164	64	137	23	128	163	9	166	200	84	149	205	134	148	200	146	141	191	143	133	174	126
161	163	156	178	176	167	191	185	170	189	179	166	182	163	151	172	149	137	165	142	135	173	137	150	192	136	144	213	118	156	203	176	176	180	171	187	212	175	130	409	245	205	476	184	285	256	130	302	142	165	244	649	556	758	1000	790	579	522	249	119	229	299	174	109	94	100	145	58	125	201	110	92	173	121	106	155	122	129	163	131	132	163	128	134	161
263	257	270	269	253	261	270	254	251	271	262	242	262	272	245	245	272	265	230	252	275	231	239	254	238	239	254	238	267	221	252	174	224	267	221	224	203	459	376	179	426	359	131	158	333	533	337	225	498	393	237	606	848	944	978	1000	488	168	255	498	380	163	533	468	267	81	331	344	184	141	289	238	135	208	224	171	169	207	184	145	188	195	149	155	187
208	209	222	211	198	215	211	195	206	215	195	196	214	199	182	201	211	180	177	211	190	170	200	192	181	190	189	190	162	166	162	146	216	175	131	156	234	353	85	383	375	15	254	245	501	365	343	482	318	183	300	665	621	746	1000	823	195	324	279	482	147	465	509	199	39	201	294	136	86	239	205	81	172	188	127	136	172	152	119	168	172	127	145	174	151
251	238	233	251	245	230	244	248	228	233	253	235	222	247	251	220	224	260	243	213	251	250	218	232	242	227	224	236	260	235	285	270	189	261	249	274	201	293	497	170	121	347	269	397	262	653	631	128	482	307	507	356	595	1000	699	596	410	402	234	409	568	346	234	337	327	254	71	289	334	165	170	275	218	161	214	232	188	182	235	206	163	210	217	174	175
67	43	44	67	58	34	52	68	50	37	60	67	47	56	70	58	50	81	75	50	70	82	77	47	76	92	67	61	125	116	121	74	100	142	35	189	208	257	347	144	63	84	196	579	600	650	612	281	242	318	560	719	889	1000	994	644	109	361	588	675	476	529	488	260	115	144	248	174	105	138	129	50	46	83	47	29	61	70	36	40	77	61	32	69	73
241	256	247	232	246	252	230	234	252	236	222	246	247	215	224	252	231	199	236	242	199	217	242	222	201	228	236	205	178	226	183	219	223	244	181	136	355	277	86	354	268	216	163	417	656	396	385	378	163	341	471	846	888	854	999	491	297	88	602	667	195	480	503	267	38	224	368	184	76	275	231	97	158	201	156	122	172	177	117	154	186	142	126	170	170
31	14	23	36	25	15	36	36	14	27	43	27	10	41	43	15	22	51	40	4	45	47	13	29	41	30	4	34	49	25	63	99	45	35	59	103	158	248	264	178	95	122	65	370	433	504	455	237	243	255	528	612	862	1000	852	458	136	200	482	571	407	429	387	242	139	153	212	170	145	130	104	73	47	46	44	39	37	36	39	43	32	31	37	34	29
240	236	249	248	235	243	251	235	237	253	240	225	248	256	226	230	256	247	218	247	261	219	233	245	235	221	248	248	236	241	262	162	228	226	225	204	168	455	291	199	326	198	160	104	455	690	263	292	599	283	249	448	1000	807	784	701	46	131	323	683	408	297	535	426	209	90	331	339	147	184	283	202	157	213	217	169	170	211	176	142	193	190	146	155	185
255	262	279	262	251	270	273	245	254	277	257	233	263	274	237	238	267	258	226	252	272	225	230	269	236	205	253	249	221	244	313	215	166	256	272	219	120	380	426	50	222	366	242	201	222	678	431	75	635	248	500	288	950	1000	682	678	294	246	245	526	545	294	354	394	285	133	168	334	263	58	204	245	167	136	208	208	142	169	213	163	137	189	191	137	150
13	5	20	20	5	16	26	18	5	23	26	13	14	26	22	6	18	21	10	12	29	28	14	42	44	35	32	45	28	43	93	112	88	61	117	48	80	196	214	228	148	199	192	348	329	481	446	217	450	90	445	497	863	1000	929	480	67	237	528	578	446	501	423	218	98	125	239	186	110	126	133	75	23	67	89	49	27	64	50	13	42	55	33	20	52
20	2	18	28	15	10	30	27	5	27	35	21	13	36	37	9	25	45	29	12	44	46	11	40	48	25	27	36	17	21	91	95	58	34	95	64	130	239	290	243	161	189	228	403	352	497	397	186	361	202	565	525	915	1000	937	414	91	296	540	605	485	517	423	228	127	158	241	186	138	139	110	56	49	63	51	37	47	42	40	48	47	25	34	46	34
22	4	20	30	14	10	30	27	3	25	36	22	12	36	36	9	25	46	31	10	46	48	7	38	45	20	21	31	22	20	87	99	58	55	85	38	137	217	299	235	204	237	233	339	308	432	336	179	334	126	518	474	903	942	1000	517	171	267	442	494	389	416	371	205	113	140	212	162	119	129	103	55	46	59	47	36	43	43	33	42	40	22	31	43	32
250	262	276	258	249	270	269	240	251	273	255	234	261	269	237	236	267	258	226	251	271	226	230	269	238	209	249	253	226	236	323	231	158	290	247	247	156	327	482	136	211	428	258	212	96	605	420	109	606	282	439	253	803	1000	732	640	331	202	196	407	560	331	277	353	284	165	95	300	275	85	166	237	183	121	179	211	155	141	202	178	131	167	192	151	129
250	262	276	258	249	270	269	240	251	273	255	234	261	269	237	236	267	258	226	251	271	226	230	269	238	209	249	253	226	236	323	231	158	290	247	247	156	327	482	136	211	428	258	212	96	605	420	109	606	282	439	253	803	1000	732	640	331	202	196	407	560	331	277	353	284	165	95	300	275	85	166	237	183	121	179	211	155	141	202	178	131	167	192	151	129
244	248	268	254	238	257	266	237	240	266	253	225	249	266	237	226	258	257	224	237	269	231	214	265	246	200	235	255	221	217	313	281	139	292	277	215	199	251	435	219	94	406	337	307	103	578	527	150	569	316	415	234	606	1000	726	569	441	284	193	249	518	413	233	310	259	198	17	248	279	134	107	222	190	113	149	201	163	119	183	181	131	144	186	161	118
14	6	20	20	6	18	23	17	6	23	25	12	13	24	21	6	18	21	8	9	23	29	20	40	43	35	29	47	34	43	88	138	110	117	129	79	38	191	190	251	196	281	283	213	171	305	301	273	511	194	254	361	625	1000	986	850	486	487	191	278	255	411	440	266	77	123	206	169	95	131	135	76	25	73	77	39	25	65	49	6	46	54	26	19	54
16	3	14	19	11	11	21	18	6	15	23	16	8	20	21	8	15	19	12	5	17	28	18	32	42	33	24	45	32	32	54	109	97	90	114	84	37	185	175	272	230	292	312	123	96	179	251	230	399	172	291	441	516	1000	904	812	545	493	113	152	162	308	358	234	83	116	185	143	82	122	121	68	28	72	72	30	24	62	43	3	43	49	23	23	53
2	11	11	5	6	11	6	3	7	8	6	8	12	13	10	11	17	18	12	16	24	23	14	11	12	3	14	15	48	69	20	39	16	23	84	52	29	134	171	249	252	458	540	309	191	178	41	175	220	228	155	280	267	990	999	925	977	871	597	277	252	304	339	178	53	88	117	95	49	73	84	52	37	54	35	11	33	29	16	16	32	26	14	23	24
14	2	13	18	9	6	16	18	4	12	20	13	2	16	19	9	10	20	14	6	17	15	6	20	32	35	21	65	77	87	78	39	68	69	102	140	77	36	71	212	217	429	570	406	251	277	180	234	181	296	268	245	67	709	1000	821	902	774	576	257	247	292	336	147	44	89	129	99	41	98	126	77	41	87	73	18	35	57	42	15	50	50	20	32	50
12	23	35	15	18	33	20	19	29	19	23	25	17	30	28	21	37	34	22	41	34	28	52	41	41	78	62	69	136	136	75	115	102	64	83	72	59	145	218	274	242	438	498	359	217	253	113	46	21	97	39	349	227	720	952	855	1000	655	483	330	313	319	315	234	165	109	76	72	66	77	108	90	54	78	82	34	37	59	35	27	46	34	20	38	30
13	31	22	9	30	24	12	29	23	13	27	20	17	30	22	24	34	26	30	36	26	40	49	30	60	81	46	88	132	104	79	110	72	48	96	86	56	184	246	264	271	420	423	340	212	207	80	57	86	113	31	348	254	681	917	865	1000	665	440	306	282	270	274	224	146	91	87	78	60	83	106	80	51	74	75	33	37	55	35	26	46	35	20	35	32
137	157	169	145	169	176	147	173	178	146	171	173	142	171	163	132	168	156	119	161	144	109	166	133	101	195	153	104	253	178	94	237	195	99	236	231	112	310	350	85	372	497	259	428	372	151	223	225	199	141	129	214	215	677	658	818	1000	514	494	358	202	188	301	201	47	140	49	94	141	10	143	174	63	137	174	103	139	163	110	139	158	108	131	146	97
184	192	178	173	188	185	167	177	190	174	164	183	185	161	168	189	172	158	179	180	157	159	189	160	140	200	182	129	204	160	124	137	195	142	126	215	172	263	228	209	407	375	353	474	337	67	109	282	282	8	166	161	278	529	852	1000	883	605	596	161	49	237	418	280	114	159	248	224	107	160	236	172	111	189	186	131	148	176	149	128	166	168	130	140	167
10	15	23	19	9	21	27	17	12	27	27	17	19	32	30	17	28	35	26	21	38	48	37	34	57	53	36	20	29	61	43	64	70	118	73	118	192	247	292	231	237	57	142	234	301	428	464	512	368	706	760	1000	988	631	410	330	29	405	359	412	385	212	50	90	178	132	79	77	83	73	44	43	76	81	58	47	65	57	36	33	50	39	19	35	45
10	45	33	26	49	1	50	40	28	53	36	49	37	49	54	42	53	46	68	49	78	91	64	128	94	101	130	79	143	122	71	154	70	146	148	212	366	377	499	593	447	465	507	434	419	192	61	264	195	503	600	762	781	905	923	999	974	836	656	427	329	210	368	338	183	201	175	159	197	146	175	172	92	142	131	89	96	71	98	83	65	100	73	63	81
28	24	44	7	44	32	22	43	16	39	27	36	45	27	47	39	48	30	54	63	36	84	63	68	84	51	137	128	110	174	80	163	174	93	88	52	219	220	138	363	457	531	465	210	385	504	518	193	221	454	394	505	741	1000	838	759	592	416	429	349	295	250	79	66	27	87	116	105	132	133	77	129	111	68	89	65	75	71	34	73	55	41	62	48	56
41	31	55	26	53	36	40	63	25	50	56	51	53	55	71	53	63	65	74	70	53	102	73	79	114	82	148	137	168	231	182	253	259	177	233	181	98	96	67	191	300	373	592	606	662	671	759	784	601	429	682	579	144	162	801	1000	683	586	753	608	448	228	197	315	281	158	192	180	156	139	105	164	110	86	140	98	94	97	83	101	60	77	90	52	65
28	76	29	54	67	11	62	32	46	51	29	70	46	54	58	70	69	58	105	67	97	101	87	119	49	142	155	114	243	212	297	347	298	452	401	251	335	247	183	88	281	469	508	742	869	841	842	858	812	940	1000	680	305	200	302	554	594	991	761	714	518	355	408	364	278	319	208	247	240	116	155	150	114	132	102	142	132	76	121	109	75	97	78	76	65
40	32	13	43	20	23	30	13	35	23	24	35	24	31	31	42	34	33	52	34	52	47	36	63	27	57	74	33	72	67	37	102	95	118	148	81	122	137	75	130	137	105	103	33	250	315	271	191	142	227	348	599	946	1000	933	755	486	484	444	321	283	279	155	100	69	3	81	88	69	112	81	84	108	69	81	80	38	64	48	45	62	36	45	44	28
13	14	20	11	16	20	7	19	21	4	19	25	9	11	18	15	15	7	21	23	5	27	31	7	39	38	9	39	71	39	28	115	72	104	166	82	213	271	208	248	332	153	200	249	486	244	140	483	331	209	553	1000	689	583	135	314	332	607	601	518	343	212	159	150	95	86	77	67	59	54	35	31	62	43	26	53	56	15	31	39	16	20	36	21	21
214	172	229	179	218	220	192	257	185	237	217	176	248	153	234	208	174	240	118	233	167	172	244	105	286	160	204	284	65	325	218	203	368	165	267	133	396	481	161	619	458	302	581	306	675	735	252	418	222	335	470	493	1000	712	675	785	880	765	730	846	577	381	333	151	167	179	72	217	43	222	179	123	266	73	227	203	113	253	102	210	193	134	234	109	199
48	18	33	39	14	48	24	37	47	29	46	37	50	45	46	55	49	59	43	71	69	58	113	92	123	135	103	157	126	83	139	70	91	94	165	227	236	331	378	391	406	437	462	406	408	358	297	112	272	185	255	405	471	784	1000	826	675	603	418	320	244	190	246	114	87	115	117	140	123	152	152	76	120	115	82	105	70	81	73	49	88	61	51	69	56
268	229	281	250	288	291	260	316	246	293	272	252	309	227	298	242	240	273	175	299	201	267	278	151	358	150	308	330	174	395	198	312	254	355	536	109	770	744	316	840	437	472	762	68	691	679	94	289	289	659	614	618	1000	623	959	627	891	724	372	489	194	256	265	54	307	53	245	203	182	353	116	258	247	125	304	130	265	263	178	298	162	252	224	176	275
272	257	257	290	266	266	301	269	270	302	265	265	295	258	259	290	237	239	271	213	227	253	193	253	276	177	273	291	216	270	293	255	387	367	125	411	570	194	433	692	234	283	470	380	80	354	538	99	821	758	485	999	847	757	825	338	64	417	623	356	506	432	141	256	247	42	211	154	96	226	232	123	251	267	162	249	260	180	246	252	179	238	234	176	218
241	222	255	258	235	265	267	243	269	267	239	269	261	228	259	252	207	237	229	195	228	213	188	256	223	191	260	222	243	255	221	283	377	244	145	488	393	57	517	438	92	407	235	226	264	323	364	330	1000	756	852	985	802	681	586	426	102	405	534	295	495	386	232	271	136	78	228	145	91	233	209	111	252	239	130	236	237	152	222	220	156	213	209	159	206
221	252	259	233	294	238	284	268	250	293	222	292	242	249	280	196	288	195	238	257	177	289	163	261	249	194	309	113	389	279	187	428	226	330	311	239	344	259	505	118	535	920	439	895	847	224	813	441	977	1000	777	764	492	286	601	404	776	333	282	125	482	503	309	420	247	201	317	58	267	156	166	239	104	298	174	192	271	131	270	184	219	253	150	248	162
267	293	270	284	308	284	299	320	289	304	322	284	302	313	262	287	290	231	265	260	216	266	246	226	294	277	239	319	315	184	413	362	194	538	366	216	504	489	85	510	686	221	440	925	321	458	999	203	807	754	323	407	856	557	679	814	787	532	705	114	244	167	98	103	235	78	91	231	216	133	231	174	223	280	185	227	283	216	227	260	208	225	251	197	218
47	31	15	46	31	17	49	30	23	52	29	23	45	37	32	38	40	53	37	33	66	35	31	77	45	39	96	68	71	149	102	123	187	176	213	282	236	285	349	333	203	416	488	474	445	523	838	673	779	705	674	705	601	356	735	628	907	1000	825	465	515	471	249	226	173	199	120	127	53	63	124	104	63	111	106	37	79	80	27	75	87	40	56	72	41
38	18	31	35	15	35	34	11	32	32	3	27	21	14	20	16	33	27	13	41	30	24	57	24	37	75	40	54	121	81	90	182	116	198	278	203	217	405	263	273	255	395	330	375	496	310	670	692	559	653	624	581	381	478	738	690	783	1000	603	435	429	380	301	295	119	226	188	120	43	103	105	61	95	101	59	59	66	33	45	55	38	51	48	28	46
299	294	336	316	318	358	321	324	360	315	318	354	295	308	341	274	299	326	250	288	313	235	301	289	243	322	321	218	390	337	183	459	413	248	481	389	192	606	508	127	561	624	391	566	1000	422	622	767	92	622	703	410	666	864	514	513	729	640	679	543	175	516	438	226	301	350	63	195	302	144	233	316	163	278	342	201	279	321	219	281	300	202	273	281	195
54	19	45	53	10	54	32	24	33	9	37	12	34	33	25	34	31	54	23	52	52	33	72	22	83	66	88	148	81	159	216	102	176	106	106	88	57	186	165	204	376	325	577	550	473	505	377	160	294	361	436	308	262	541	733	1000	792	737	457	359	256	358	344	258	238	82	116	190	124	184	172	109	135	99	103	108	39	69	69	38	68	51	55	59	41
284	252	268	291	263	314	273	301	307	254	315	254	285	293	240	307	219	265	264	199	290	202	266	273	191	327	151	342	313	195	422	228	261	334	287	506	225	462	613	205	691	609	218	760	409	242	458	416	440	149	742	519	168	976	700	893	999	541	497	248	226	253	77	290	212	129	204	75	316	187	178	310	114	281	223	178	287	180	273	236	208	284	172	255	231
306	331	299	353	316	350	358	319	381	315	348	345	296	363	284	344	314	260	351	230	324	285	261	380	182	384	299	275	438	217	418	330	341	455	133	668	513	289	781	525	541	641	70	762	294	479	939	361	900	906	696	886	613	871	672	466	1000	350	438	93	414	477	254	504	328	160	338	42	377	283	167	379	157	320	275	206	354	205	327	293	234	348	204	301	281
270	263	263	296	259	311	284	284	316	254	307	268	276	294	233	305	226	254	278	197	289	197	272	272	178	347	164	316	309	227	378	188	345	328	282	533	273	427	621	261	511	364	316	477	265	684	603	812	906	638	945	819	390	1000	492	566	769	302	420	95	514	388	420	531	222	282	253	170	354	104	272	277	125	303	132	271	269	183	311	175	263	262	169	290	181
264	309	291	303	332	291	354	300	319	335	279	342	277	325	296	271	330	214	316	258	257	307	205	347	206	307	331	208	402	230	343	339	292	456	108	554	537	122	675	606	252	463	339	522	117	628	778	715	1000	844	900	968	529	991	513	539	815	353	536	138	592	459	462	601	267	320	281	186	372	76	313	274	168	321	131	322	257	241	328	172	322	243	231	309	179
275	238	275	267	262	289	254	303	264	282	289	243	288	242	268	250	248	259	203	267	207	243	233	224	278	171	306	208	270	298	195	355	253	350	300	285	553	262	379	684	133	306	355	436	193	363	880	390	751	1000	531	754	681	522	491	262	727	273	501	241	505	582	349	528	346	175	297	41	310	163	192	257	132	282	142	244	239	188	284	167	255	230	190	250	171
31	60	8	53	41	28	52	2	45	27	38	45	21	43	21	29	9	44	26	43	61	16	62	12	82	71	67	119	31	104	115	65	132	65	237	163	234	391	321	362	398	182	116	117	389	272	693	815	744	1000	934	691	541	503	329	507	638	503	470	361	628	628	531	541	352	215	217	141	203	144	97	123	44	107	89	55	86	46	74	68	36	59	29	36	38
224	232	255	225	278	241	267	269	232	284	225	266	252	231	270	196	262	208	214	251	175	267	169	238	252	158	316	152	294	282	183	322	228	367	277	264	515	201	325	530	95	365	355	349	121	359	784	289	774	1000	318	841	474	717	774	730	725	329	280	114	394	452	242	364	275	117	273	46	292	222	120	266	102	259	192	167	263	133	264	198	188	259	138	239	189
224	232	255	225	278	241	267	269	232	284	225	266	252	231	270	196	262	208	214	251	175	267	169	238	252	158	316	152	294	282	183	322	228	367	277	264	515	201	325	530	95	365	355	349	121	359	784	289	774	1000	318	841	474	717	774	730	725	329	280	114	394	452	242	364	275	117	273	46	292	222	120	266	102	259	192	167	263	133	264	198	188	259	138	239	189
44	6	43	21	32	39	12	49	29	32	46	28	39	29	47	38	45	55	44	63	33	72	78	49	103	77	88	114	61	131	84	50	91	91	195	212	170	255	191	176	272	192	221	91	109	218	428	558	662	723	536	751	559	810	775	1000	657	473	157	11	199	238	215	210	197	121	159	159	146	175	122	102	108	65	101	87	61	84	57	72	74	55	73	59	56
8	32	28	16	36	6	37	31	20	42	24	34	30	27	34	30	43	33	52	38	45	66	41	82	67	65	97	53	103	99	38	87	37	113	136	147	205	190	143	232	178	199	258	57	16	143	355	444	510	687	484	660	662	764	841	999	664	617	282	84	32	84	151	138	92	117	94	131	173	128	115	112	62	88	74	64	79	45	61	65	44	66	54	52	56
11	29	23	10	29	21	12	30	20	11	30	21	13	25	25	27	22	20	37	22	26	50	24	34	74	40	33	66	27	37	88	43	97	124	98	118	169	192	117	215	235	240	395	339	206	267	316	359	350	471	227	468	506	528	708	1000	736	613	349	267	246	183	190	77	65	137	119	144	167	126	75	94	76	17	61	63	20	46	63	32	30	48	31	29	36
200	199	225	208	208	233	205	213	236	201	216	238	195	214	232	184	206	213	163	199	197	144	209	190	144	229	183	186	255	182	228	301	143	227	312	251	180	412	293	158	423	285	313	610	244	219	538	454	198	417	415	406	577	517	555	1000	658	648	493	269	117	206	213	78	184	120	143	267	128	135	246	133	128	202	128	168	212	142	178	221	153	184	211	145	172
222	215	244	233	225	254	233	227	254	224	224	254	217	222	250	207	214	237	187	207	227	161	216	220	157	230	215	180	273	211	222	343	197	221	330	319	154	420	360	128	425	399	182	686	404	145	569	477	340	215	390	457	452	530	551	1000	866	711	558	372	93	136	249	15	175	152	96	279	187	83	262	187	114	224	163	152	231	173	161	238	181	173	232	176	167
16	33	19	17	31	17	19	33	16	15	29	16	13	24	21	24	15	26	39	17	38	56	18	38	68	32	41	69	10	40	78	40	100	93	10	90	170	158	122	192	200	220	382	468	367	405	409	116	143	343	206	416	476	433	814	999	928	884	518	362	148	135	150	80	76	129	111	145	155	127	93	101	66	38	84	64	24	70	71	21	44	59	25	33	45
187	189	181	215	179	214	195	187	226	169	224	201	179	220	147	207	171	167	207	129	216	144	168	207	113	230	157	189	241	115	254	203	188	269	124	352	171	275	360	102	353	271	118	522	272	131	290	215	453	239	494	532	449	724	710	874	1000	762	606	426	178	165	66	239	143	91	130	92	186	26	205	185	87	223	94	182	195	105	215	132	179	186	117	201	112
22	24	35	2	37	17	28	38	8	38	27	30	33	29	39	27	40	33	45	41	42	75	39	70	75	45	88	55	92	111	48	129	98	60	163	116	190	194	134	177	95	131	248	247	212	124	65	232	353	563	429	525	528	614	842	880	1000	883	561	376	142	105	131	202	132	90	109	69	130	130	107	117	71	87	97	63	78	63	46	62	43	58	57	43	60
177	175	172	202	163	203	181	176	213	158	210	184	168	204	137	198	153	162	195	116	206	127	161	199	100	219	147	173	216	118	236	170	203	250	96	366	170	265	363	90	277	283	68	392	231	165	100	383	604	428	649	663	410	742	636	750	1000	651	549	380	60	44	89	190	74	136	126	96	195	31	201	182	82	208	91	178	179	103	202	118	177	170	113	193	107
39	26	53	8	48	36	31	57	16	53	44	38	49	39	59	40	59	56	59	70	49	101	67	77	109	57	116	98	103	155	90	180	181	111	248	151	204	242	118	208	163	105	348	332	402	309	256	457	597	765	648	683	496	655	607	745	999	776	513	301	232	256	283	322	220	156	176	112	156	184	137	147	109	96	130	93	97	92	59	87	66	67	81	55	70
206	228	191	253	204	233	240	194	265	196	242	244	184	261	165	229	217	162	253	137	238	201	148	260	125	250	215	173	294	110	294	276	179	388	157	346	305	210	383	167	335	305	74	557	353	312	556	193	789	562	554	880	330	797	610	577	999	467	452	256	221	226	217	355	197	174	230	32	243	124	194	254	58	254	153	176	254	97	243	173	179	239	113	230	160
31	33	51	8	54	31	40	59	18	51	40	43	49	41	61	46	59	52	67	69	59	108	72	90	107	63	119	85	111	145	73	195	175	145	272	152	193	213	98	198	138	117	314	262	410	259	360	542	621	776	608	764	599	753	766	753	1000	638	458	262	312	360	398	394	260	216	205	123	179	183	148	161	110	123	140	99	110	92	69	90	67	80	83	60	78
41	35	60	6	62	41	39	70	18	56	47	47	57	46	72	51	68	62	74	82	59	120	83	92	125	70	137	110	122	173	94	213	214	153	280	156	173	239	77	203	133	150	358	345	522	323	427	567	632	807	631	845	615	706	778	694	1000	759	545	450	482	488	470	491	321	240	241	142	199	214	167	189	135	137	165	116	117	110	76	103	76	84	96	65	87
33	38	54	7	58	34	40	56	17	57	41	47	54	45	65	49	65	54	70	73	59	110	69	97	114	73	140	106	118	154	88	198	179	128	235	89	154	192	141	242	167	195	388	350	545	357	431	399	374	624	510	744	661	716	824	702	1000	838	649	506	472	424	404	430	255	225	214	123	200	199	171	184	126	143	150	106	121	101	76	96	72	83	86	64	85
56	5	57	32	37	55	8	56	32	39	51	34	58	42	59	53	55	64	46	84	52	88	100	57	118	80	93	141	66	152	146	135	205	150	187	164	90	224	114	168	220	177	420	480	520	404	488	299	389	496	439	672	498	659	725	637	999	752	657	522	356	407	350	354	273	183	188	146	128	205	166	143	151	105	142	131	77	114	74	72	81	59	84	64	65
55	0	52	33	34	53	5	51	35	33	50	34	53	37	54	51	45	60	41	74	45	78	95	46	108	80	79	133	57	147	147	119	198	146	171	150	78	197	82	151	216	190	427	510	544	439	500	293	427	464	374	631	308	480	594	555	999	732	661	470	251	295	254	312	270	188	160	125	106	184	146	133	143	87	127	124	68	101	68	62	74	54	79	62	53
50	16	55	23	38	42	14	55	24	40	49	31	51	36	54	42	47	57	43	66	33	84	77	51	113	68	88	121	61	150	118	132	200	125	199	142	93	176	72	181	198	158	415	450	508	470	456	339	451	476	425	613	215	403	559	548	999	761	686	437	214	208	173	301	249	166	168	99	110	175	126	149	133	81	127	108	83	102	58	73	71	52	79	58	60
32	20	39	28	10	31	22	10	27	16	15	28	12	21	32	17	27	28	19	40	23	30	51	30	45	84	44	70	118	58	74	96	32	32	117	160	121	296	295	270	365	370	389	361	289	333	249	419	503	607	521	999	464	671	721	567	877	441	236	343	355	467	334	264	225	94	124	133	78	117	128	87	70	73	42	46	61	33	50	74	43	33	68	46	23
16	40	28	14	43	30	16	44	33	9	39	33	6	26	26	20	19	14	40	33	18	64	53	7	85	95	20	116	126	47	126	118	52	87	160	148	143	346	280	321	462	391	450	440	326	340	292	583	627	694	527	1000	407	660	583	599	739	489	187	367	424	468	358	303	247	129	139	140	71	96	110	80	62	71	50	22	51	41	20	55	49	16	54	49	14
257	289	274	279	312	288	291	321	285	292	316	269	280	305	253	264	289	234	259	278	216	269	266	205	297	275	199	337	279	224	369	259	278	377	421	144	441	510	56	646	683	126	792	583	120	655	515	303	557	1000	513	696	695	682	411	681	308	587	262	180	369	563	284	242	364	151	168	248	63	227	220	92	239	243	164	247	260	200	271	263	197	260	251	179	236
196	221	211	214	237	215	220	239	210	219	235	201	218	226	186	215	216	173	207	199	167	204	183	173	212	161	205	211	161	245	247	184	255	284	136	318	411	60	401	570	155	525	497	68	443	489	113	481	750	585	423	1000	566	509	414	103	309	107	154	207	392	254	306	327	145	192	201	43	183	148	111	215	178	140	202	166	161	199	155	163	201	159	165	200	159
31	17	31	25	8	27	19	5	26	17	10	27	16	15	27	20	25	27	16	33	21	18	46	25	45	82	32	57	98	60	41	110	73	42	189	221	175	304	352	383	460	459	348	355	309	258	259	562	643	707	639	999	734	712	380	390	449	288	284	56	316	347	311	305	283	215	143	113	56	58	75	58	56	60	33	25	46	22	29	55	37	10	45	41	6
31	14	37	31	3	31	24	5	30	21	13	32	21	19	34	27	29	30	20	36	23	18	51	27	52	97	42	63	107	76	36	131	97	57	220	251	198	327	386	438	468	446	379	360	328	246	249	614	759	743	614	1000	764	769	460	521	535	433	318	178	347	364	345	313	305	229	149	143	78	65	96	74	49	62	41	20	46	23	30	57	39	22	57	48	10
213	236	245	227	254	256	235	263	256	230	262	245	224	258	227	209	249	210	200	236	196	209	224	186	243	196	211	263	206	220	301	228	227	378	290	186	501	403	169	710	483	290	636	359	196	497	537	331	787	951	472	855	1000	554	503	292	436	304	76	122	422	399	264	364	309	118	244	157	87	198	116	157	222	169	178	215	177	203	215	162	197	208	157	194	197
240	216	231	255	224	239	260	221	242	261	219	240	257	212	236	250	199	226	234	178	222	220	157	233	230	135	274	236	166	311	271	176	340	322	128	364	427	183	354	649	288	516	657	83	426	529	326	433	906	834	426	999	899	514	536	429	560	383	172	170	499	413	350	416	258	121	242	143	91	190	120	135	230	182	138	232	205	161	230	198	167	228	185	158	209
265	249	244	282	258	253	288	254	251	286	249	247	284	241	241	275	228	237	266	206	230	261	180	226	277	147	258	303	164	299	342	181	332	373	247	278	440	379	249	718	504	384	782	236	253	607	448	303	746	900	410	909	1000	552	579	507	416	389	170	143	505	470	284	385	350	99	230	211	62	195	172	101	228	226	132	221	245	177	235	243	179	232	233	170	220
247	237	228	263	249	237	270	247	233	269	237	224	263	228	217	257	218	216	253	200	211	249	177	205	268	151	223	287	165	245	323	179	292	372	245	269	392	359	142	630	525	283	751	370	194	626	388	242	519	764	396	686	1000	672	547	710	541	526	408	185	450	451	245	331	354	123	210	218	48	184	191	66	204	226	122	195	233	164	209	238	167	210	230	164	199
33	39	12	25	37	15	19	35	21	16	31	26	24	22	26	34	23	19	43	35	17	52	47	23	70	82	45	92	91	63	92	123	81	77	140	149	123	197	237	234	312	370	391	462	509	521	407	715	646	639	709	1000	834	800	321	220	394	116	290	278	219	197	163	217	204	185	125	146	124	47	67	93	47	40	68	44	27	47	32	25	46	33	28	45	31
37	26	7	35	31	3	29	34	13	20	30	21	20	23	26	30	21	29	43	29	26	52	40	19	61	68	36	80	71	45	75	90	43	60	101	69	39	157	174	217	374	368	387	300	337	240	193	313	209	63	88	337	258	571	779	905	1000	586	425	290	347	304	166	141	140	88	93	124	109	76	90	92	59	50	64	50	41	58	47	36	52	47	29	45	40
176	196	216	190	209	227	198	217	235	201	217	237	195	207	230	185	192	216	165	176	211	142	179	204	148	190	228	149	228	253	181	195	298	270	101	397	264	130	403	272	97	420	295	196	402	301	145	307	596	312	558	1000	359	559	750	568	572	496	334	179	329	162	135	140	41	166	189	38	138	186	115	111	206	164	130	216	186	132	211	193	136	196	183	135	181
12	23	29	6	23	27	5	24	26	3	27	29	13	29	34	33	29	23	42	37	19	51	48	15	58	50	22	82	64	61	146	173	117	145	181	35	79	48	31	210	365	382	571	626	813	774	909	1000	446	372	66	204	110	309	192	350	559	471	473	703	601	393	341	196	97	109	125	102	92	99	63	67	75	33	48	66	31	42	73	42	24	57	40	16	41
341	363	382	362	401	408	382	426	414	381	427	396	363	407	357	338	382	316	332	370	298	353	375	270	402	369	285	449	360	307	543	362	273	730	495	262	819	631	237	958	809	310	945	706	114	737	883	478	849	637	269	1000	765	225	538	770	393	446	465	452	800	520	404	614	294	269	501	224	226	374	180	283	379	214	328	396	257	353	387	265	349	355	256	334	323
297	296	325	308	289	311	318	285	296	320	296	285	316	306	272	306	319	279	283	322	298	263	316	304	262	281	355	282	225	348	392	153	291	499	341	113	479	528	135	311	378	308	147	479	634	477	232	854	812	389	765	1000	925	639	769	564	335	529	461	432	101	388	503	174	289	389	343	187	271	333	256	214	295	281	202	266	288	217	211	273	239	189	238	248	196
25	28	62	43	6	54	55	13	41	61	34	25	57	47	28	49	55	47	49	51	74	79	56	50	90	88	40	95	104	59	50	143	129	60	136	146	150	67	233	335	360	571	447	407	556	703	832	859	854	1000	796	830	999	972	613	394	417	642	379	294	259	223	293	255	98	146	168	126	28	78	80	36	51	76	57	21	68	68	24	45	74	51	23	61	61
20	65	56	13	56	51	4	45	42	9	31	26	26	31	16	42	40	17	52	38	38	63	25	61	95	47	111	171	108	136	235	230	134	289	285	121	184	141	108	121	148	429	220	450	677	671	769	613	547	794	480	759	862	868	964	717	1000	760	897	503	452	514	407	360	454	333	239	234	220	168	155	166	93	116	132	70	89	122	66	69	102	64	48	79	53
269	267	260	291	277	279	303	277	282	304	269	282	289	256	273	269	233	271	248	212	277	239	215	267	245	233	271	202	304	320	188	331	441	176	310	564	257	298	525	443	214	298	295	469	174	284	678	534	58	562	701	650	932	967	776	709	1000	554	466	466	176	154	248	71	225	185	42	200	202	70	256	240	146	256	237	186	262	225	189	266	217	184	255	206	186
24	21	17	16	19	23	34	30	20	25	31	26	12	20	24	18	20	12	13	27	21	11	41	58	17	57	32	57	88	85	111	139	295	152	354	273	61	361	304	245	382	294	421	357	230	255	627	748	480	738	945	999	587	158	748	315	401	868	186	849	589	291	891	106	68	182	265	148	46	85	83	102	53	47	77	47	11	20	44	49	21	23	31	28	16
704	724	739	763	775	783	797	802	798	801	793	782	775	758	739	723	700	686	667	652	653	643	650	656	670	693	712	722	725	765	773	806	835	823	836	825	866	911	844	942	901	911	878	1000	960	919	939	772	764	789	603	490	528	781	726	734	465	578	321	341	426	332	302	359	372	371	394	433	439	473	499	530	546	565	580	600	612	621	628	631	625	626	619	611	598
19	42	28	18	40	26	14	36	23	13	28	12	15	22	8	20	18	21	25	4	24	29	8	49	31	20	43	41	37	19	43	79	117	48	152	295	211	254	379	295	333	523	486	461	413	378	330	310	261	388	191	396	556	619	1000	777	847	616	639	562	658	449	266	206	181	85	153	175	118	108	90	60	48	49	12	38	43	12	47	54	21	34	55	31	14
42	56	14	46	56	11	38	41	4	28	19	23	28	23	43	32	33	38	32	50	26	45	74	40	63	103	45	75	86	43	126	163	157	245	220	229	159	317	359	380	431	629	744	633	766	878	714	885	960	730	553	404	556	505	781	912	1000	920	551	721	816	599	569	425	271	220	243	191	83	114	31	71	93	27	81	85	26	77	69	31	68	55	40	60	45
56	14	53	49	6	49	42	12	52	42	23	58	44	39	65	50	52	61	44	80	64	47	109	95	82	184	165	93	221	251	163	276	275	164	264	331	217	369	389	453	529	651	660	493	974	728	654	824	435	363	319	563	838	414	965	827	1000	919	683	793	823	598	421	356	293	141	122	172	105	58	128	122	88	116	102	76	99	69	51	96	67	33	89	76	17
33	43	19	21	43	29	8	35	31	5	22	28	19	16	24	33	26	14	45	50	17	37	59	47	31	53	40	12	53	48	38	132	98	127	192	190	191	204	215	175	129	268	186	176	216	186	168	333	334	481	387	451	873	1000	727	814	536	662	682	256	201	170	294	211	190	185	116	15	75	84	19	59	73	37	52	68	41	45	61	38	31	52	35	22	42
10	11	13	17	8	30	26	12	16	26	28	22	19	22	14	20	26	15	21	20	19	33	4	63	4	11	13	87	40	56	86	146	122	107	215	467	95	223	393	554	339	543	282	400	250	506	522	240	703	453	263	991	1000	885	683	880	391	840	790	393	65	376	367	423	371	194	21	30	40	88	100	88	54	81	46	49	32	41	40	30	21	19	36	19	3
28	34	20	15	32	31	20	27	36	29	22	37	42	30	35	47	43	34	44	58	54	50	72	78	73	81	100	114	114	141	173	181	129	178	163	168	151	189	148	29	86	204	464	456	654	605	777	891	933	1000	798	758	617	603	467	217	282	572	450	233	212	389	371	207	156	238	192	155	149	159	122	77	99	101	78	65	70	62	50	54	53	43	51	54	41
28	34	20	15	32	31	20	27	36	29	22	37	42	30	35	47	43	34	44	58	54	50	72	78	73	81	100	114	114	141	173	181	129	178	163	168	151	189	148	29	86	204	464	456	654	605	777	891	933	1000	798	758	617	603	467	217	282	572	450	233	212	389	371	207	156	238	192	155	149	159	122	77	99	101	78	65	70	62	50	54	53	43	51	54	41
15	29	37	25	24	39	35	21	35	46	33	27	47	46	31	39	57	48	42	61	68	57	64	88	73	65	82	121	120	115	125	144	132	185	244	302	301	381	447	482	379	490	432	379	347	447	371	456	489	455	623	503	881	874	941	1000	764	809	624	346	466	271	196	150	252	210	160	136	192	174	79	92	149	118	58	92	114	71	39	90	85	26	56	90	57
11	37	37	5	35	38	4	33	35	5	34	39	20	36	41	35	35	33	46	42	15	53	42	32	114	99	66	148	149	103	148	179	92	52	123	56	122	118	108	151	446	266	620	618	687	620	787	1000	650	754	845	542	573	174	96	431	441	352	366	538	454	412	462	300	149	77	163	100	38	87	73	107	115	62	93	106	51	50	87	48	29	73	57	8	43
25	27	43	19	29	40	17	25	40	14	26	36	10	28	33	28	33	28	43	57	23	53	67	26	72	77	12	102	129	80	139	219	98	111	201	134	63	126	49	73	242	126	482	476	554	516	560	693	479	625	670	826	712	713	1000	314	775	437	358	612	449	350	350	273	86	70	212	157	120	134	96	94	117	68	61	99	73	33	88	76	22	69	78	33	41
27	36	49	23	30	50	22	24	44	13	26	38	16	32	36	30	48	34	40	66	36	33	54	35	50	68	16	137	136	87	162	201	133	92	218	133	59	86	78	81	379	406	556	724	602	820	980	889	1000	640	601	872	535	276	109	343	422	337	552	811	578	700	560	419	293	132	263	211	93	104	116	55	93	92	56	82	75	32	87	81	18	67	78	26	43
16	14	14	18	16	15	11	8	10	9	12	11	2	8	5	3	7	8	9	6	5	25	2	25	28	6	9	72	27	38	59	18	80	126	110	73	193	225	190	4	196	202	248	131	470	347	175	388	486	162	248	469	199	652	630	197	1000	192	501	99	231	197	135	79	84	70	49	13	26	54	36	32	43	23	23	19	37	15	11	6	4	16	10	3	13
74	95	34	107	28	77	26	94	76	42	62	64	106	49	63	44	123	90	117	68	75	82	106	154	9	133	55	199	142	102	157	152	320	195	31	217	556	676	743	837	578	471	451	680	1000	999	963	806	337	80	331	682	838	835	748	498	492	446	603	708	564	562	395	85	5	206	302	188	240	132	153	181	114	168	46	126	87	127	124	88	129	93	111	75	81
253	250	232	229	223	215	190	177	170	147	131	109	98	85	102	92	110	119	154	166	170	222	228	249	258	291	312	300	324	318	378	352	392	372	340	328	381	337	435	213	451	431	117	481	284	334	282	166	451	514	107	306	1000	148	318	390	528	85	432	242	329	381	184	375	329	316	205	249	323	291	227	189	250	241	189	145	168	177	140	78	96	103	85	33	15
20	24	8	10	12	20	15	15	9	22	18	10	13	3	12	17	10	9	10	5	11	20	12	36	16	40	54	27	91	91	127	48	52	20	120	147	142	211	279	128	235	142	247	188	361	259	83	477	847	321	755	284	276	176	213	471	262	592	1000	535	100	221	291	189	197	79	132	117	75	47	65	92	46	32	59	47	36	14	37	26	20	11	18	23	10
59	40	38	47	40	64	10	15	61	23	48	47	19	72	50	33	77	36	32	89	53	78	41	73	86	64	80	29	77	140	128	121	248	141	22	128	141	242	195	82	108	250	136	126	80	346	461	166	367	624	495	861	1000	877	472	462	529	715	707	69	487	669	389	413	410	254	112	152	33	110	145	80	121	51	61	98	39	52	60	58	89	17	53	74	22
54	26	37	21	59	30	21	23	45	14	14	30	32	17	18	49	19	30	40	77	7	44	13	49	65	41	63	38	97	70	59	17	152	106	160	84	151	112	246	244	215	146	123	138	177	110	348	505	660	581	709	895	999	906	530	242	209	253	315	391	380	437	318	364	222	171	46	123	84	108	27	78	31	49	42	64	8	13	74	56	49	56	73	54	33
960	953	951	950	945	942	940	936	931	928	922	921	916	919	907	910	902	901	889	891	884	885	883	880	874	889	865	851	854	851	845	871	810	838	796	854	785	836	816	851	953	818	848	773	820	881	583	753	986	951	1000	962	650	981	767	863	854	861	643	623	760	761	742	788	714	755	730	723	712	720	695	708	701	702	690	688	687	676	675	673	658	665	663	664	663
28	21	28	26	19	25	27	20	22	22	19	18	20	20	14	11	20	19	16	29	17	31	42	48	33	49	44	59	63	73	65	127	35	60	40	58	95	37	75	130	329	216	216	174	170	162	251	167	47	561	999	287	183	624	303	597	307	312	493	325	368	75	83	16	167	41	126	13	5	21	39	15	16	18	10	22	11	11	14	26	9	15	32	22	7
282	266	268	251	245	243	218	174	166	119	91	87	50	22	30	75	86	114	132	150	189	215	200	228	248	304	299	324	385	400	424	495	570	523	462	453	501	533	551	523	587	859	574	621	147	932	1000	776	509	406	566	443	710	551	459	441	650	994	766	507	597	623	479	504	496	375	311	275	223	196	185	220	193	168	167	151	156	158	165	153	153	169	172	174	162
255	223	249	267	231	228	267	251	214	251	268	220	226	274	243	206	260	273	210	221	289	250	183	259	316	179	204	333	291	120	292	370	208	95	313	406	199	219	598	460	156	523	381	183	271	393	455	181	319	681	597	391	762	1000	696	873	944	560	528	401	289	45	282	330	331	38	278	336	201	112	291	292	143	187	277	213	127	225	239	152	171	231	185	141	199
25	25	14	20	27	17	15	14	21	11	14	11	10	15	13	5	12	19	7	18	20	22	20	11	38	19	18	44	91	30	10	82	137	162	249	195	265	436	162	357	230	17	352	339	199	408	373	274	475	418	309	561	191	248	839	691	93	452	1000	551	492	114	137	175	99	132	23	51	42	53	23	33	24	31	13	41	35	11	21	11	0	2	5	12	10
101	98	95	102	87	89	98	87	97	81	83	85	73	93	73	66	71	76	93	72	81	84	84	74	87	69	80	99	79	87	143	187	208	110	121	238	279	328	225	272	558	439	461	180	874	759	712	503	213	588	563	871	726	1000	296	119	583	501	71	320	185	350	121	176	155	150	170	177	156	162	162	166	150	117	129	136	148	153	151	148	125	143	138	146	132
316	306	314	336	321	326	344	326	329	345	324	324	339	311	313	324	295	295	307	259	283	303	241	282	302	257	312	361	256	352	389	236	356	437	349	392	530	264	437	445	215	304	515	511	454	789	557	214	800	767	404	681	1000	866	763	970	702	540	849	628	343	468	366	64	120	227	139	99	193	224	250	186	236	303	249	236	310	286	239	296	269	238	273	249	221
21	20	17	19	21	18	16	11	13	13	5	3	9	10	9	13	5	9	6	18	11	31	23	32	71	28	28	3	57	49	54	38	32	93	145	88	209	76	207	289	248	239	241	209	263	183	513	307	428	681	110	277	213	1000	294	584	471	358	471	156	372	218	90	175	151	56	104	33	35	88	18	25	59	22	25	31	42	29	32	3	28	30	15	10	20
169	164	155	154	148	138	139	134	112	104	93	91	70	67	43	31	23	39	53	83	92	126	164	190	202	238	279	267	275	311	355	387	383	404	352	449	447	433	405	442	445	385	278	321	132	235	564	428	505	480	414	459	466	182	349	763	1000	493	96	277	300	350	290	209	247	227	193	202	187	173	182	149	168	161	169	170	161	145	138	153	144	139	130	114	96
49	35	27	45	2	48	27	28	41	3	39	21	39	29	32	36	20	35	19	50	24	26	20	44	58	29	100	95	60	95	28	87	16	131	153	166	377	332	456	510	436	449	324	219	210	500	577	688	726	423	59	432	613	798	965	999	581	304	56	395	372	513	557	449	366	233	87	127	98	66	88	13	70	33	48	60	10	46	28	33	40	21	44	29	26
31	22	8	8	21	17	6	3	12	15	22	12	7	10	14	23	39	13	42	39	4	18	16	26	82	29	67	12	31	21	42	79	43	112	115	176	462	264	142	209	692	20	848	334	67	980	115	141	999	632	587	189	845	165	828	90	380	772	13	990	476	474	531	131	208	126	54	89	106	14	100	101	66	52	61	71	51	29	32	59	28	13	21	44	30
597	614	631	645	657	671	678	677	666	659	651	655	645	642	623	605	587	572	569	564	575	564	549	547	555	566	586	619	619	629	655	647	680	687	744	783	704	702	840	670	714	631	919	1000	649	657	644	601	965	665	669	450	707	371	476	558	733	219	258	427	313	299	296	323	278	282	322	385	384	411	418	434	449	479	486	508	531	539	531	520	518	520	520	521	508
21	19	6	18	26	13	14	11	13	7	2	10	5	9	3	14	9	4	21	7	9	2	7	30	27	13	37	29	11	92	8	144	84	77	183	108	28	211	134	163	165	342	177	304	299	371	269	491	494	75	999	607	624	940	121	328	438	216	374	310	213	269	269	166	13	116	192	39	96	105	44	41	45	41	10	28	15	31	28	9	2	18	21	11	6
23	28	9	10	24	24	7	8	23	19	3	3	21	12	7	5	31	29	20	20	19	35	19	23	27	37	17	14	69	30	70	83	20	37	124	184	133	58	167	118	197	354	136	217	118	389	426	342	1000	887	204	437	538	388	208	344	250	151	288	190	152	212	281	106	57	69	90	67	57	7	55	18	19	40	43	8	31	20	15	3	22	18	21	9	32
30	55	52	28	21	53	39	28	14	36	36	11	10	22	51	34	53	40	19	18	34	30	59	39	31	77	37	83	43	98	100	94	92	232	245	98	94	151	174	290	366	326	416	348	444	303	372	479	819	1000	977	973	902	707	579	412	163	181	231	270	355	352	337	281	183	142	200	125	58	73	30	4	118	98	51	33	74	73	14	15	41	31	40	53	63
31	52	40	38	28	37	48	25	20	24	39	28	24	27	34	47	51	47	49	25	29	69	55	57	31	142	59	87	17	98	46	121	61	140	249	172	145	137	185	221	338	306	434	364	406	290	292	421	787	999	926	800	773	742	624	238	355	564	508	142	377	496	433	102	219	241	254	98	153	14	80	114	114	24	23	34	63	66	11	17	54	56	42	46	33
9	61	46	49	14	49	33	45	29	26	26	42	27	41	14	53	54	74	69	20	22	57	79	39	34	34	75	119	100	106	165	89	91	118	239	154	14	60	205	189	309	461	465	537	337	14	255	575	887	937	994	1000	848	680	610	330	220	182	41	68	258	331	233	200	164	214	193	240	173	30	36	92	98	28	81	58	92	28	59	51	65	44	41	55	63
44	20	44	44	35	17	39	32	23	20	5	46	24	31	20	70	44	49	20	42	11	28	47	71	15	26	81	35	96	74	89	89	135	130	237	183	29	42	204	176	323	438	524	541	282	177	273	562	727	938	1000	906	879	697	480	297	50	151	109	77	231	314	219	180	144	154	130	169	56	125	43	38	47	112	32	53	29	80	20	41	27	37	26	36	40
31	71	21	83	27	59	24	66	17	54	27	58	7	12	33	19	36	67	76	30	37	91	67	71	33	111	77	40	95	114	174	259	70	24	283	323	184	130	248	286	210	323	615	736	559	419	385	694	860	1000	849	697	767	767	699	531	228	177	269	206	325	373	266	157	137	158	219	171	141	101	75	53	150	68	81	28	71	5	65	5	24	77	91	44	26
45	46	49	53	42	42	33	52	45	20	16	43	5	28	39	67	42	61	61	83	32	45	82	90	55	71	56	81	129	91	230	158	40	23	241	164	193	105	193	153	281	344	500	551	410	345	292	629	803	1000	898	662	589	504	378	307	248	88	211	285	382	487	280	166	151	182	80	136	13	98	44	71	66	132	34	51	17	70	18	37	11	20	31	46	31
50	69	60	52	35	44	74	19	40	27	84	24	21	36	49	18	36	80	7	55	56	91	58	106	111	137	50	107	31	27	249	221	187	139	142	89	174	55	149	47	260	321	553	456	425	262	395	544	805	839	605	383	41	416	415	546	504	288	472	706	1000	839	483	118	307	307	194	49	188	122	47	93	216	93	65	65	119	10	117	91	68	64	131	103	51
83	48	87	18	59	45	66	28	23	76	81	31	36	87	73	23	22	60	25	44	58	65	96	83	150	111	135	167	84	138	216	141	216	102	158	88	248	131	209	61	205	345	648	602	608	467	435	574	814	1000	849	652	165	383	631	868	745	474	362	291	531	456	325	149	188	180	153	101	108	59	65	34	170	88	49	46	145	70	61	51	83	36	44	55	56
735	750	780	792	814	824	826	832	827	817	806	796	780	766	747	741	731	720	713	712	698	687	683	678	684	686	705	724	731	786	808	849	883	859	885	931	914	889	874	861	944	978	911	1000	983	971	851	833	816	659	715	595	800	738	610	312	576	688	510	401	313	358	304	327	359	406	457	472	478	492	514	527	563	568	594	611	624	644	649	658	670	667	654	648	625
10	10	10	11	10	10	14	21	17	11	11	11	11	6	8	11	9	3	7	13	7	4	6	40	16	32	16	31	45	18	17	55	107	76	115	109	59	138	183	98	237	271	267	514	139	171	251	171	196	138	67	384	206	197	186	999	645	582	399	249	250	114	141	99	22	30	40	14	46	9	3	22	29	17	20	12	6	11	2	12	9	6	12	15	4
54	46	64	48	64	13	45	55	67	32	48	30	53	40	57	39	18	15	56	88	44	52	62	103	41	69	13	206	210	190	198	39	175	75	152	16	168	117	68	257	405	394	411	301	344	522	492	552	370	440	483	379	550	901	999	963	754	258	219	481	681	581	292	124	190	254	158	125	190	166	48	27	102	151	87	36	67	98	65	60	72	89	51	37	54
212	197	193	191	181	173	156	158	138	138	109	109	81	72	52	21	17	48	84	126	154	190	228	255	281	293	290	322	370	314	364	322	359	456	505	476	522	577	311	361	285	504	617	555	1000	890	832	252	420	613	358	276	568	843	774	683	953	842	502	466	359	426	265	249	212	329	296	266	243	180	221	211	233	202	202	200	175	178	162	159	155	164	151	135	120
19	37	32	12	40	38	3	39	40	4	37	38	14	32	39	33	22	28	52	48	35	79	70	32	88	82	34	96	110	35	164	198	104	174	232	220	250	312	213	144	449	344	468	581	679	623	854	796	559	604	812	1000	263	329	218	379	788	505	476	541	551	354	406	220	132	132	170	147	90	95	51	35	66	34	51	83	49	44	93	62	18	70	65	11	44
28	40	47	17	39	47	11	35	48	12	33	45	21	38	50	40	31	36	53	60	34	83	98	45	88	114	49	99	152	59	201	310	187	197	318	309	234	366	283	221	614	529	637	745	983	810	1000	970	639	561	716	964	203	159	541	219	828	529	571	771	821	527	523	322	231	137	182	189	73	80	80	25	57	66	38	86	72	27	89	84	7	69	82	27	41
25	24	17	12	16	18	11	13	4	23	8	9	11	12	11	9	22	20	20	10	35	15	22	17	20	21	45	15	8	56	33	54	38	29	90	180	26	206	150	88	536	231	652	424	378	326	239	221	474	215	482	748	434	506	530	1000	792	539	594	411	404	276	355	99	94	94	56	43	49	30	13	23	36	35	18	12	13	25	25	13	15	17	7	7	16
55	58	17	102	35	71	16	73	46	85	74	78	48	79	75	24	88	71	91	26	109	31	69	77	116	38	7	181	87	219	254	405	318	99	263	501	546	236	162	195	130	595	788	919	805	581	692	1000	914	700	549	149	160	706	908	806	559	33	503	550	558	160	295	277	346	159	23	80	72	144	175	39	36	138	127	62	63	116	78	92	111	119	54	61	96
582	554	490	479	506	472	377	349	371	328	235	243	250	219	176	226	268	278	291	370	453	449	441	546	610	631	587	682	705	782	670	772	876	644	766	709	1000	550	841	577	717	966	804	938	885	627	566	764	802	224	907	429	864	802	501	890	794	257	688	723	678	769	637	533	730	642	555	593	592	593	521	481	509	478	424	363	334	377	319	199	167	215	163	82	56
23	46	57	22	36	37	28	23	19	32	29	30	10	25	44	13	30	50	45	22	48	19	32	56	32	50	77	61	35	114	152	158	227	73	124	420	141	468	119	326	378	667	576	624	686	219	258	184	216	377	533	147	331	345	567	809	810	1000	363	118	508	346	365	143	193	104	85	24	170	29	73	54	63	34	48	15	61	49	19	39	53	31	20	44	20
73	42	62	47	57	58	57	46	22	70	38	70	41	87	44	60	62	78	56	56	92	69	63	23	97	46	96	50	113	150	310	281	342	145	361	354	488	267	195	242	386	727	1000	894	684	205	344	703	986	899	818	552	183	61	276	134	28	230	519	411	454	277	343	251	239	148	49	54	151	92	165	24	100	66	126	60	117	62	83	63	110	104	101	57	67
73	42	62	47	57	58	57	46	22	70	38	70	41	87	44	60	62	78	56	56	92	69	63	23	97	46	96	50	113	150	310	281	342	145	361	354	488	267	195	242	386	727	1000	894	684	205	344	703	986	899	818	552	183	61	276	134	28	230	519	411	454	277	343	251	239	148	49	54	151	92	165	24	100	66	126	60	117	62	83	63	110	104	101	57	67
72	97	53	77	70	86	41	33	81	58	62	42	72	27	42	31	66	32	52	61	56	90	46	116	19	187	98	210	105	387	353	411	281	250	315	376	428	193	294	439	542	950	995	843	575	101	362	766	1000	906	925	607	225	59	256	131	81	298	515	353	424	226	399	302	335	239	101	111	119	47	171	68	63	26	120	33	118	42	100	35	103	72	102	49	54
35	93	59	97	64	88	63	58	82	65	94	57	102	61	78	38	77	49	60	72	61	54	7	117	13	113	77	173	118	291	321	459	209	290	260	491	311	325	182	170	546	827	946	1000	526	234	349	781	807	891	643	448	149	147	59	70	201	415	380	391	228	405	331	404	223	173	99	52	99	183	49	87	63	100	74	99	84	91	66	78	81	70	61	55	62
24	72	43	93	19	61	32	54	49	54	56	46	40	33	57	18	37	7	36	56	36	55	7	127	64	82	43	212	101	268	244	394	284	206	211	307	281	24	40	249	203	510	620	628	426	195	586	924	1000	696	538	341	379	626	905	986	991	595	147	128	349	151	159	170	323	248	53	68	78	67	115	32	62	83	116	42	52	86	131	48	51	78	103	35	36
36	46	10	16	40	40	13	6	26	24	38	25	22	31	30	24	28	32	5	11	63	24	37	27	64	37	92	70	95	17	81	69	115	170	17	126	183	223	42	143	141	58	274	415	339	136	378	594	525	324	82	191	115	424	866	1000	836	584	208	148	236	254	97	116	173	196	114	54	67	49	51	108	52	12	52	76	19	34	61	40	33	44	37	11	32
185	180	170	147	146	131	131	126	119	117	124	107	90	85	68	32	9	30	65	111	144	195	231	254	292	299	316	316	367	335	329	275	247	335	297	342	304	406	498	500	607	629	434	569	512	422	368	190	498	214	478	438	509	704	906	622	705	1000	497	627	263	504	288	295	245	157	161	170	189	208	176	198	163	180	189	177	173	174	166	173	172	152	133	119	112
28	35	35	38	38	32	35	47	31	22	31	27	31	24	32	31	21	22	39	49	21	34	49	103	56	64	25	75	97	21	73	168	116	128	180	138	73	355	130	121	462	423	1000	527	828	408	78	519	546	712	734	217	373	526	403	629	776	577	433	674	591	228	383	45	93	46	26	45	53	61	23	22	11	27	29	5	20	8	33	20	10	23	23	29	10
712	736	752	769	786	796	807	810	809	808	797	787	772	754	736	720	698	690	678	675	669	673	681	679	687	698	702	718	737	746	754	768	786	844	860	857	933	965	985	1000	899	826	866	761	857	849	785	850	861	847	792	730	649	423	728	646	383	349	468	499	407	398	372	352	344	350	366	413	443	478	506	528	558	590	601	623	634	637	633	630	623	613	606	596	587
49	41	40	48	54	37	29	49	43	15	24	35	43	28	34	42	41	36	42	70	49	40	65	125	46	52	52	65	106	35	39	178	165	156	165	95	179	335	135	212	373	452	915	579	922	392	92	197	595	862	973	469	794	825	444	369	716	722	887	560	1000	421	265	186	91	18	33	112	54	83	84	55	20	59	81	40	53	30	54	39	25	31	28	48	20
75	41	77	92	86	35	67	70	59	24	29	114	52	44	68	149	72	51	89	145	60	87	108	170	20	70	124	113	138	113	236	185	166	201	342	349	94	138	141	83	464	718	900	1000	629	425	49	458	643	911	753	381	242	710	887	798	767	487	178	332	614	941	739	583	275	125	115	124	42	231	172	25	79	247	160	45	37	144	82	65	87	126	27	85	112
38	102	77	67	34	87	43	72	36	81	16	59	29	26	54	29	12	78	123	23	11	128	115	48	34	174	110	75	32	147	69	154	53	84	253	373	227	171	178	223	111	358	806	894	662	387	256	531	785	1000	882	817	665	563	614	458	329	297	279	227	617	657	565	292	131	103	164	115	273	142	45	133	237	68	87	65	103	56	80	44	48	123	92	52	73
88	56	70	6	76	44	61	11	29	60	66	25	20	52	41	12	61	66	19	14	94	67	75	26	149	74	142	75	121	48	152	31	123	81	298	183	294	141	335	172	8	345	722	762	838	485	224	395	899	1000	864	694	450	421	553	355	195	261	351	230	542	621	625	424	46	81	246	175	142	107	77	20	175	110	64	18	94	10	72	74	114	19	65	82	72
84	73	75	32	81	38	86	36	55	27	86	33	62	44	104	85	95	46	83	84	91	93	114	100	126	81	120	86	48	176	125	176	151	269	292	179	277	175	270	183	271	650	920	862	887	464	76	336	872	999	894	846	621	392	380	246	412	348	343	155	535	689	667	583	159	69	161	254	63	167	14	77	97	175	73	106	34	107	13	56	74	116	37	36	76
14	152	54	88	22	126	39	84	32	87	55	75	82	43	98	108	142	53	99	66	152	16	155	59	172	56	124	57	106	134	212	82	169	220	369	126	287	163	316	83	320	603	999	880	876	559	51	174	707	926	893	977	845	494	366	401	810	724	617	278	758	964	909	687	102	156	261	285	153	256	76	72	186	239	107	81	109	135	45	65	153	135	46	70	113
75	108	37	38	113	89	60	40	132	43	89	75	103	17	71	73	29	122	92	106	63	174	79	87	170	227	121	115	151	157	88	24	168	89	239	187	281	130	369	150	39	528	899	918	923	513	360	242	693	791	913	887	821	800	622	306	747	1000	762	383	709	971	893	368	213	230	251	183	248	101	42	239	182	100	28	177	51	94	129	165	39	122	120	71	78
92	72	84	66	68	86	68	66	31	108	75	51	8	78	19	4	83	70	68	25	126	44	119	39	187	60	197	68	138	39	175	14	109	128	216	167	278	256	389	88	91	457	784	828	939	577	272	225	806	955	984	1000	844	620	523	467	814	961	917	449	593	711	801	479	165	121	330	199	182	85	104	35	204	100	86	39	135	34	74	88	137	64	93	87	75
77	50	85	28	79	21	85	12	68	30	99	32	51	46	69	17	26	71	7	64	47	103	43	95	113	162	100	168	62	115	112	147	62	52	201	139	262	208	313	244	65	215	659	752	790	645	239	344	682	1000	935	880	747	432	285	341	714	781	768	526	468	649	566	475	66	168	210	261	83	144	31	63	125	148	12	21	79	47	53	34	60	15	90	92	74
45	76	35	59	44	59	30	33	19	70	19	22	31	41	8	9	71	29	58	13	91	7	85	34	133	28	141	23	96	53	124	6	88	123	140	172	231	191	310	126	70	289	495	586	718	475	305	212	677	889	1000	998	674	363	189	350	554	647	629	307	362	412	511	337	95	37	225	164	114	77	74	29	116	86	76	62	60	17	32	33	90	51	49	23	49
191	174	170	181	137	158	155	159	138	121	124	119	93	63	52	14	26	72	83	132	168	203	220	253	276	270	264	340	337	339	269	308	270	337	312	269	435	467	527	638	638	578	593	396	302	592	700	402	242	312	267	1000	920	626	166	329	770	616	367	446	208	429	115	241	168	183	263	295	282	265	253	249	192	223	190	198	173	174	155	158	145	119	124	105	93
46	51	18	40	47	7	39	45	7	36	45	23	32	39	38	47	35	54	48	35	76	70	44	117	105	34	106	111	52	118	115	116	187	217	127	241	387	396	358	405	319	363	508	404	460	635	566	763	732	655	774	717	946	512	99	317	615	1000	911	666	703	381	226	171	200	154	109	237	197	58	122	152	80	85	131	89	75	94	58	71	78	42	59	83	43
30	17	36	27	17	39	23	20	38	22	21	40	22	19	31	26	33	25	29	50	20	45	84	53	50	94	59	44	131	70	63	168	126	112	198	213	200	383	314	168	311	324	263	348	404	366	416	743	573	560	774	436	653	383	370	285	582	1000	641	569	557	115	174	167	141	67	120	109	81	79	63	44	70	77	45	74	89	39	47	82	50	21	66	52	15
263	263	251	282	273	259	292	271	260	294	262	262	295	250	258	283	227	247	259	209	241	236	201	267	230	205	286	234	250	320	222	343	382	192	282	481	181	426	523	162	438	595	69	525	635	182	525	1000	472	381	882	148	525	387	584	336	937	895	618	745	320	207	294	47	202	216	66	232	183	116	204	196	142	234	192	174	261	201	204	269	214	209	262	196	206
26	52	31	21	54	40	8	46	42	10	36	38	23	35	35	35	37	24	56	67	31	60	89	49	47	89	66	42	113	87	67	183	133	70	116	221	182	294	300	156	213	347	325	332	503	497	434	794	570	708	623	335	651	155	502	527	834	999	672	620	427	220	119	137	224	136	21	76	100	83	55	112	93	32	67	71	31	44	61	38	40	52	36	39	43
22	32	51	19	30	51	20	27	50	23	24	45	26	24	44	32	30	29	35	63	32	45	85	74	36	94	79	13	124	102	41	180	148	30	110	238	202	317	329	153	206	415	332	417	565	513	578	1000	661	760	742	677	695	510	549	614	817	966	740	746	527	333	203	226	279	140	78	137	99	50	79	109	69	57	80	39	48	62	35	38	68	43	32	60	44
14	36	37	9	35	34	3	39	36	2	41	40	13	37	40	33	33	32	46	45	20	70	72	32	94	106	25	88	153	50	82	122	78	113	229	174	237	386	283	177	318	364	325	562	426	431	667	1000	558	671	697	561	625	609	550	545	863	850	639	779	517	326	326	305	237	139	169	130	92	99	98	56	90	96	49	89	100	40	63	93	52	38	76	55	30
39	19	42	31	18	42	27	15	43	24	21	46	29	26	43	33	37	33	35	64	29	46	91	65	57	115	75	38	158	100	39	146	125	60	204	230	193	345	324	176	299	450	316	513	486	412	580	999	529	525	678	593	521	522	430	576	921	821	607	732	531	336	280	279	241	115	161	152	88	81	105	63	77	97	52	80	101	39	65	99	55	35	82	55	24
29	21	18	17	21	19	17	18	9	27	16	9	3	10	0	6	12	14	8	8	36	25	28	36	24	24	32	34	34	39	40	51	78	39	163	85	96	196	64	114	211	410	529	801	592	315	483	728	166	652	803	461	466	277	97	740	936	478	362	1000	435	315	137	84	39	95	63	57	88	57	17	15	42	7	44	12	27	16	14	11	14	8	12	7	4
45	49	9	56	33	56	5	41	29	53	13	18	51	46	18	21	76	23	41	64	107	20	63	105	137	31	81	108	139	47	78	90	96	190	197	239	140	147	166	87	236	588	747	854	630	158	231	542	446	303	254	583	798	874	999	981	959	601	347	57	326	246	210	81	270	255	265	56	126	91	111	77	139	90	82	77	110	65	51	78	85	49	45	78	66
65	49	51	41	43	63	38	45	12	65	21	39	33	68	11	24	80	59	45	40	123	42	86	70	165	37	116	72	164	42	123	55	95	162	233	167	149	163	311	147	238	590	790	812	672	250	332	578	523	282	409	673	935	846	1000	934	949	613	309	90	381	264	172	71	335	276	257	82	128	73	105	41	150	63	78	55	114	38	65	80	102	47	72	76	66
22	24	15	28	28	19	15	25	13	10	15	34	8	3	18	20	26	28	39	35	35	24	53	70	8	28	55	110	39	42	39	46	145	68	180	11	180	311	271	130	377	211	279	662	564	171	464	127	405	317	198	407	575	331	495	1000	797	265	112	204	326	241	87	101	218	177	126	111	37	31	52	29	13	27	37	30	2	35	15	13	25	40	30	5	32
26	62	48	36	24	34	69	35	17	33	37	42	42	51	22	28	13	62	46	38	53	101	32	73	57	62	45	131	131	210	63	142	48	35	192	113	163	367	488	368	470	251	115	555	662	531	351	565	684	450	319	538	549	661	827	1000	980	667	296	299	788	702	434	366	553	282	70	166	55	138	95	52	137	85	47	106	107	67	70	28	70	90	12	71	78
67	53	28	29	53	52	32	15	48	32	35	22	62	61	23	25	28	67	36	58	57	39	38	23	90	92	10	95	58	108	199	115	166	140	79	168	223	398	370	271	284	223	198	222	349	308	387	490	440	392	408	456	629	814	1000	888	749	570	234	279	335	425	457	271	238	166	141	192	92	41	65	113	81	33	55	55	62	32	39	62	59	29	22	28	43
41	56	51	41	31	32	70	27	30	24	67	15	9	38	22	40	54	82	19	67	77	74	82	95	88	42	154	151	86	106	97	65	69	158	165	97	175	350	346	316	402	223	180	400	432	356	210	496	700	622	542	510	652	890	979	1000	891	435	231	424	610	376	192	203	416	292	202	74	88	36	34	71	110	40	46	50	83	59	33	15	47	77	50	29	44
56	58	55	42	37	50	54	35	19	49	24	46	37	57	13	28	25	42	53	18	34	95	115	88	83	144	171	179	196	99	159	60	44	185	7	151	210	481	466	661	472	273	111	352	391	548	493	626	573	444	438	479	684	962	1000	901	791	340	244	313	588	461	350	268	462	456	255	145	141	113	79	15	128	68	39	15	74	27	60	41	48	38	59	24	6
38	60	29	59	49	30	42	30	41	19	26	20	46	18	47	18	65	24	66	10	72	19	74	54	68	43	87	154	60	161	156	119	205	59	180	106	346	326	392	402	187	140	252	299	434	550	544	708	677	656	640	500	637	928	1000	867	735	323	384	424	538	428	204	241	287	398	240	158	131	79	33	18	61	75	42	26	60	70	23	63	42	64	10	50	58
59	54	59	35	58	39	58	24	19	46	58	2	10	64	30	16	57	55	39	43	88	18	115	73	102	48	190	128	181	34	109	88	42	174	73	133	166	362	267	388	295	108	250	463	419	478	593	927	902	752	524	383	613	912	984	1000	682	198	242	565	572	324	109	223	362	265	231	66	89	45	24	54	109	48	12	39	85	71	24	18	47	79	44	11	53
68	32	55	36	68	20	49	21	48	22	33	38	44	38	48	55	52	25	25	55	61	18	50	54	42	44	79	81	86	197	95	203	109	148	86	197	224	313	403	260	240	232	247	337	455	427	634	595	631	623	480	551	798	891	1000	905	557	304	232	554	537	472	254	199	313	304	318	122	15	59	94	36	57	21	70	42	34	7	33	43	19	20	9	38	28
48	36	22	66	50	33	32	39	50	47	33	32	38	38	35	30	64	42	53	44	96	40	48	128	131	54	73	245	169	97	31	104	119	178	121	66	279	344	434	382	379	223	154	376	614	442	596	693	809	620	346	490	713	799	1000	858	667	270	263	513	628	530	119	236	361	391	131	43	57	51	101	64	15	65	85	44	63	95	40	82	90	67	19	99	85
36	75	26	71	26	74	43	53	32	56	41	57	50	75	66	70	57	71	71	58	73	43	89	21	62	38	110	99	88	218	116	188	155	101	123	202	354	333	474	389	219	321	510	473	567	515	630	827	813	866	700	528	748	1000	973	846	667	190	296	407	581	425	277	189	228	316	177	171	161	73	17	32	95	75	21	19	74	81	19	48	50	84	31	36	45
45	22	61	46	31	36	26	55	21	13	53	24	34	21	25	57	39	52	55	93	45	43	73	92	13	46	86	191	110	169	84	158	62	64	184	77	232	404	579	476	446	127	277	599	611	570	735	940	1000	656	302	223	501	734	884	767	597	259	365	354	434	286	139	245	453	358	139	32	97	50	116	45	25	113	52	48	62	94	24	57	40	66	70	9	42
81	75	35	53	50	83	3	52	17	57	18	18	21	50	26	34	59	8	50	35	129	84	82	68	103	136	71	162	40	147	131	99	150	261	53	180	284	611	646	522	439	257	353	541	752	745	969	1000	890	778	348	81	369	650	659	584	620	491	577	510	380	375	180	317	296	291	305	115	37	61	125	37	57	5	80	40	57	43	93	77	50	73	67	75	35
556	539	470	478	506	448	384	348	345	318	252	232	222	214	187	197	258	283	277	358	403	463	440	499	599	615	578	660	701	706	726	699	698	864	719	691	796	862	630	922	739	707	558	1000	362	872	151	988	944	397	845	667	230	602	635	501	922	321	693	621	604	798	591	633	602	708	530	559	621	561	500	437	522	454	404	334	342	361	269	212	165	181	198	72	52
46	36	5	20	42	32	24	11	31	38	32	12	49	40	15	29	47	50	11	65	85	28	48	67	59	85	126	76	170	107	41	38	216	22	136	111	108	402	336	72	384	687	357	516	784	249	659	637	660	416	355	491	1000	753	869	420	536	595	460	221	294	145	197	116	292	50	115	161	100	33	109	93	35	57	60	50	40	64	9	56	80	18	25	56	43
37	62	31	54	42	47	37	21	59	37	35	18	33	6	23	27	42	14	35	29	69	15	97	29	101	28	178	112	223	149	89	79	164	82	172	69	246	312	479	319	244	152	487	697	919	848	1000	895	804	589	345	519	807	710	554	336	156	355	328	470	452	259	223	196	340	200	178	81	54	43	39	73	48	54	7	83	20	64	18	59	16	60	41	49	20
42	88	14	76	16	83	4	69	28	87	20	49	26	55	42	60	85	93	88	95	109	127	70	101	88	147	73	163	53	57	168	124	147	148	154	265	310	480	341	357	257	234	441	716	645	621	576	549	637	499	485	744	983	1000	988	631	374	430	470	599	420	260	106	169	277	217	255	135	43	8	92	49	84	53	62	63	49	20	27	12	58	38	26	7	37
59	50	56	21	49	48	36	31	7	60	46	31	19	54	29	20	27	60	27	55	67	81	55	69	83	71	126	156	103	159	88	32	64	116	216	184	359	366	557	455	314	343	440	440	500	295	373	387	464	456	392	612	983	1000	846	548	73	304	467	679	612	369	169	162	315	233	198	72	105	15	28	95	139	24	36	45	80	26	31	31	52	46	21	3	31
550	519	445	459	507	445	390	343	366	298	229	206	233	204	161	188	267	257	250	343	409	415	416	513	580	591	545	676	661	714	684	714	745	703	767	498	893	731	617	928	423	540	988	580	618	584	505	882	324	572	817	768	89	999	606	687	386	679	540	549	569	916	558	497	603	695	562	527	561	552	524	443	429	494	432	334	308	339	304	216	166	209	170	85	47
44	59	54	51	37	57	30	62	33	50	7	68	36	32	36	63	46	32	81	77	55	15	103	52	86	30	142	47	126	77	195	77	114	42	82	114	283	246	254	101	516	689	805	659	328	262	451	485	622	521	483	458	499	461	294	406	803	1000	808	529	163	381	391	360	104	131	61	102	108	190	95	126	100	154	38	71	84	105	17	77	98	85	36	79	84
46	54	14	12	32	55	17	18	25	17	19	30	39	37	3	30	32	22	26	13	61	38	22	21	29	67	76	116	80	105	150	87	156	117	156	209	181	153	234	244	367	779	14	806	626	490	377	586	776	333	474	402	451	933	851	865	617	930	999	464	391	204	120	98	30	145	65	77	69	71	55	31	56	7	42	46	86	36	56	23	65	47	33	58	15
84	52	61	47	75	31	58	10	82	49	40	16	45	16	9	59	37	38	29	111	53	55	31	139	21	137	128	279	157	166	68	221	113	251	216	300	246	1	110	369	349	562	639	766	773	502	256	288	734	901	1000	732	545	831	967	644	296	316	781	897	737	577	277	126	138	34	167	132	42	32	200	158	70	24	111	106	17	38	103	59	33	61	92	46	45
70	39	69	11	29	67	69	6	11	52	36	38	56	52	31	54	86	46	38	29	59	63	73	33	59	73	58	100	144	223	22	110	185	246	182	349	329	298	66	245	347	347	521	764	723	554	64	435	805	1000	869	709	535	572	679	552	228	455	614	767	605	420	335	177	19	53	40	105	147	84	61	112	94	32	47	111	101	28	40	67	41	39	35	18	42
34	4	32	30	4	32	27	6	30	25	14	37	32	23	33	35	37	34	29	55	39	28	71	61	27	66	61	11	93	61	30	132	113	121	140	158	176	222	224	207	210	364	342	388	458	186	199	398	413	325	220	322	337	603	451	591	1000	867	835	510	415	201	92	152	132	68	140	158	117	119	133	94	84	98	60	65	84	49	43	76	48	25	65	51	23
42	17	20	36	13	20	35	12	19	30	15	28	34	22	31	37	35	36	29	43	48	25	54	69	32	41	62	23	73	78	17	115	121	143	108	148	216	199	240	300	193	387	433	372	480	224	148	324	378	394	162	315	392	585	493	646	1000	949	948	545	459	275	77	138	179	100	115	178	144	98	136	122	77	92	87	59	74	66	30	65	64	25	53	61	25
276	252	260	293	257	265	300	261	268	302	258	265	297	251	262	295	240	253	275	208	241	255	188	240	258	200	288	269	180	353	317	162	373	441	239	317	461	255	278	565	168	391	708	364	408	586	343	209	559	540	57	655	614	545	772	799	867	1000	791	415	440	158	132	211	183	62	216	118	114	258	174	118	274	218	147	282	243	173	268	248	184	257	232	180	236
210	232	256	223	250	265	226	262	267	222	268	254	206	265	233	196	263	218	188	254	193	190	253	174	215	261	195	233	237	213	287	198	200	419	332	146	457	391	97	556	359	182	667	555	234	540	507	208	526	534	109	665	718	579	772	910	853	1000	877	421	462	231	103	232	148	103	252	103	166	271	120	164	267	147	187	265	154	205	243	145	212	226	138	219	213
256	303	282	285	329	290	299	338	285	295	335	266	282	319	242	278	310	229	279	297	211	280	288	195	291	280	236	315	255	259	383	233	233	510	401	193	496	478	103	579	434	138	709	643	139	518	572	156	472	523	89	802	818	579	716	991	867	985	999	408	477	271	106	257	222	38	287	198	90	298	233	98	305	258	150	317	271	179	302	260	186	291	235	186	274
235	278	282	257	307	295	266	316	291	262	319	281	248	310	258	229	296	241	230	295	213	228	297	206	230	291	234	274	297	222	334	323	178	385	447	230	337	529	192	393	521	104	560	690	316	381	633	421	201	405	305	688	940	692	483	965	878	808	1000	493	371	299	18	211	267	84	224	287	67	202	275	101	215	287	145	247	304	181	252	293	189	248	274	172	234
242	269	239	270	284	247	286	289	243	286	281	223	276	266	207	276	252	201	273	234	199	274	217	188	282	220	216	281	198	262	330	161	277	463	291	245	461	312	264	520	206	393	666	396	388	593	424	256	609	449	159	790	615	526	629	606	748	1000	794	488	532	164	211	288	133	146	278	79	195	277	110	185	290	154	198	289	173	211	273	172	212	261	161	213	245
28	19	43	21	21	40	17	22	40	15	28	48	24	31	43	39	40	31	44	60	25	51	85	50	58	90	52	47	90	44	69	138	127	140	183	178	115	275	259	147	316	347	328	347	462	205	313	485	377	102	431	608	638	718	506	658	1000	910	720	542	416	144	229	213	100	142	210	179	164	158	128	99	115	93	60	100	89	36	76	84	34	59	77	40	48
54	50	12	55	52	7	43	43	4	35	24	13	30	15	21	21	17	44	21	24	43	12	45	70	21	82	111	16	86	119	8	114	187	123	234	270	166	323	341	205	286	322	283	380	470	252	400	613	559	209	572	657	589	684	376	575	953	1000	734	543	484	197	304	271	117	179	226	182	179	165	98	100	116	71	46	98	64	21	81	57	13	58	50	20	38
22	24	23	25	28	20	19	32	18	18	13	13	17	3	12	13	12	12	28	23	5	8	23	62	28	41	73	61	25	39	24	25	143	42	172	110	126	189	154	157	324	256	314	329	324	109	94	193	331	356	1000	621	397	577	352	479	585	658	667	227	621	81	263	86	177	98	71	89	80	56	5	42	34	20	14	5	2	11	25	0	3	7	9	27	3
71	86	71	79	77	74	82	73	85	53	87	59	93	56	102	66	86	66	96	77	71	136	126	117	65	145	105	209	147	141	63	150	48	189	61	323	236	307	50	330	454	703	567	377	237	294	467	653	478	407	354	636	619	625	674	859	1000	953	853	564	494	589	782	669	638	291	206	33	115	85	152	167	178	137	173	121	121	107	133	83	62	86	98	77	70
65	63	55	67	42	82	39	79	32	91	31	68	49	81	66	71	88	59	96	50	106	39	148	76	133	46	141	141	213	109	169	86	133	123	92	222	223	269	158	226	383	674	655	469	337	174	300	433	290	392	470	794	749	693	656	822	998	1000	845	524	458	650	783	634	522	181	143	63	67	154	137	179	132	175	128	118	76	134	76	77	58	104	65	76	78
