34928	35048	35167	35286	35405	35524	35644	35763	35882	36001	36120	36240	36359	36478	36597	36716	36836	36955	37074	37193	37313	37432	37551	37670	37789	37909	38028	38147	38266	38385	38505	38624	38743	38862	38981	39101	39220	39339	39458	39577	39697	39816	39935	40054	40174	40293	40412	40531	40650	40770	40889	41008	41127	41246	41366	41485	41604	41723	41842	41962	42081	42200	42319	42439	42558	42677	42796	42915	43035	43154	43273	43392	43511	43631	43750	43869	43988	44107	44227	44346	44465	44584	44703	44823	44942
64	170	1	2	119	0	1953125	12	0.0	0	0.91	0	0	V0.2	0	0	233	264	223	255	225	258	253	252	247	225	257	224	280	226	253	211	248	247	247	260	207	253	209	284	234	269	211	258	237	275	319	215	269	206	354	233	351	297	331	372	324	613	85	484	320	228	540	101	780	378	553	182	1000	543	942	740	174	388	335	429	124	608	434	239	300	172	430	236	366	309	228	306	282	369	261	314	216	320	287	327	291	255	279	263	327
64	170	1	2	119	0	1953125	12	0.0	0	0.90	0	0	V0.2	0	0	212	184	210	211	211	219	192	217	182	234	199	220	199	192	208	193	236	180	219	167	219	201	217	220	184	218	183	256	187	252	216	186	213	243	279	190	281	115	358	235	360	417	128	402	152	252	387	174	531	332	607	101	780	472	1000	690	245	411	246	272	154	504	321	169	243	174	341	213	310	247	192	271	229	321	216	262	185	261	252	268	264	204	241	206	278
64	170	1	2	119	0	1953125	12	0.0	0	0.91	0	0	V0.2	0	0	213	197	199	211	207	231	197	216	185	225	204	223	210	185	212	188	238	187	220	174	213	203	214	230	187	208	199	225	223	252	202	196	204	281	270	187	322	44	425	195	402	318	240	433	69	369	357	276	490	438	730	118	478	299	1000	626	329	359	197	242	369	518	109	272	207	275	358	165	309	179	261	276	264	272	208	254	207	303	228	270	208	240	246	247	271
64	170	1	2	119	0	1953125	12	0.0	0	0.89	0	0	V0.2	0	0	30	35	15	35	10	54	37	17	35	28	36	2	42	31	14	18	45	38	15	43	29	39	11	72	52	43	75	65	97	19	86	72	25	95	77	114	67	165	200	70	186	202	253	158	71	172	280	294	440	639	678	473	295	543	1000	716	533	352	363	15	228	257	237	144	14	126	95	75	41	111	140	54	49	75	56	33	37	84	53	21	51	45	27	17	55
64	170	1	2	119	0	1953125	12	0.0	0	0.91	0	0	V0.2	0	0	30	15	36	41	21	45	10	25	6	43	32	18	37	34	29	18	46	25	25	13	59	32	37	45	33	27	53	64	26	78	65	55	60	73	187	84	139	227	272	226	172	302	241	231	263	284	516	460	479	743	671	621	84	442	1000	718	638	388	359	30	304	228	201	183	103	78	126	47	50	80	144	77	56	99	51	33	36	95	56	26	62	53	32	26	65
64	170	1	2	119	0	1953125	12	0.0	0	0.92	0	0	V0.2	0	0	32	45	36	28	34	32	61	15	31	20	46	19	34	41	35	7	52	51	18	31	49	67	19	78	32	41	41	67	117	41	71	64	94	54	173	73	79	137	262	254	78	159	139	254	317	373	662	512	513	813	832	766	103	359	1000	891	724	500	434	50	243	169	254	198	111	19	60	100	35	102	132	40	43	60	107	27	72	77	48	25	51	77	28	30	45
64	170	1	2	119	0	1953125	12	0.0	0	0.96	0	0	V0.2	0	0	270	315	258	325	274	327	266	321	270	331	275	311	270	316	290	300	283	286	302	288	309	260	323	268	362	239	366	227	407	213	402	255	401	262	405	297	390	285	419	260	482	364	378	543	339	823	376	992	282	918	607	927	644	390	523	999	853	249	600	397	261	386	607	175	401	239	559	235	388	289	420	340	377	309	367	368	364	356	318	372	332	397	288	376	293
64	170	1	2	119	0	1953125	12	0.0	0	0.96	0	0	V0.2	0	0	270	315	258	325	274	327	266	321	270	331	275	311	270	316	290	300	283	286	302	288	309	260	323	268	362	239	366	227	407	213	402	255	401	262	405	297	390	285	419	260	482	364	378	543	339	823	376	992	282	918	607	927	644	390	523	999	853	249	600	397	261	386	607	175	401	239	559	235	388	289	420	340	377	309	367	368	364	356	318	372	332	397	288	376	293
64	170	1	2	119	0	1953125	12	0.0	0	0.97	0	0	V0.2	0	0	45	48	46	39	45	36	55	20	44	21	47	17	35	23	34	24	35	37	42	41	47	40	39	53	38	71	48	83	83	76	167	97	181	67	229	138	242	159	250	117	264	295	383	397	328	568	633	743	551	522	646	784	503	192	760	1000	972	563	275	131	570	337	392	226	242	279	260	237	38	121	89	133	50	147	91	88	53	108	90	53	63	69	63	32	57
64	170	1	2	119	0	1953125	12	0.0	7575	2.32	0	0	V0.2	0	0	35	34	16	26	19	34	8	20	17	26	11	10	17	19	12	10	17	36	13	21	40	19	48	26	90	22	48	19	63	59	20	76	55	200	124	229	171	440	260	249	277	385	144	266	130	169	168	143	568	369	351	540	597	1000	669	875	945	336	292	523	771	332	298	101	199	137	153	38	70	59	105	22	68	11	43	26	24	9	20	30	17	1	4	16	19
64	170	1	2	119	0	1953125	12	0.0	7575	2.32	0	0	V0.2	0	0	35	34	16	26	19	34	8	20	17	26	11	10	17	19	12	10	17	36	13	21	40	19	48	26	90	22	48	19	63	59	20	76	55	200	124	229	171	440	260	249	277	385	144	266	130	169	168	143	568	369	351	540	597	1000	669	875	945	336	292	523	771	332	298	101	199	137	153	38	70	59	105	22	68	11	43	26	24	9	20	30	17	1	4	16	19
64	170	1	2	119	0	1953125	12	0.0	86	1.03	0	0	V0.2	0	0	417	368	341	341	368	325	262	247	283	238	164	150	185	153	91	165	205	191	177	280	332	285	322	404	406	463	395	447	510	581	469	490	590	578	444	618	534	593	496	545	380	887	410	276	562	287	620	451	418	704	532	573	573	558	1000	474	398	757	649	759	195	689	545	346	366	570	464	402	355	429	428	325	277	328	319	266	211	216	232	163	126	105	122	93	31
64	170	1	2	119	0	1953125	12	0.0	106	1.04	0	0	V0.2	0	0	68	43	53	26	81	34	54	0	80	22	39	35	70	16	29	53	46	36	15	83	12	85	44	132	47	74	45	40	113	106	135	147	346	388	430	461	419	596	555	680	718	799	523	320	74	274	287	455	451	232	100	520	729	915	524	709	937	780	270	543	970	1000	755	422	266	299	225	46	66	187	121	32	13	80	23	94	44	73	39	100	39	40	38	59	19
64	170	1	2	119	0	1953125	12	0.0	81	1.03	0	0	V0.2	0	0	74	37	54	66	77	41	43	65	60	36	20	76	35	46	30	70	6	39	54	67	55	68	89	106	40	39	101	21	181	70	194	151	437	392	573	507	591	650	691	695	787	808	586	397	136	218	444	544	609	406	55	364	682	917	578	606	1000	986	465	541	914	996	803	512	231	304	224	125	66	244	160	71	13	127	35	82	61	111	24	94	67	73	21	71	55
64	170	1	2	119	0	1953125	12	0.0	76	1.03	0	0	V0.2	0	0	74	7	64	23	80	7	56	30	69	11	31	51	50	34	23	61	15	41	32	76	27	73	55	107	22	38	91	32	139	86	146	105	326	333	470	474	517	622	615	643	648	688	494	353	92	151	324	436	492	362	81	297	505	729	663	713	1000	993	542	524	728	780	606	367	144	237	153	106	78	215	123	68	15	98	7	85	55	83	21	81	46	48	30	61	36
64	170	1	2	119	0	1953125	12	0.0	81	1.03	0	0	V0.2	0	0	56	22	48	35	59	23	42	38	47	20	17	49	31	30	12	46	4	29	41	55	38	48	64	77	25	28	77	3	117	42	113	57	250	224	398	376	477	496	519	450	486	468	309	216	87	125	255	288	423	248	86	276	492	647	678	725	1000	958	607	436	549	597	445	265	88	215	110	90	83	191	88	60	34	82	14	67	57	65	31	62	46	39	33	50	29
64	170	1	2	119	0	1953125	12	0.0	143	1.04	0	0	V0.2	0	0	30	38	32	37	44	27	40	13	53	26	37	10	52	25	34	38	48	32	14	62	21	57	29	107	29	79	5	68	47	67	57	23	164	160	304	314	411	505	457	400	396	399	228	182	124	174	172	216	348	173	189	397	581	715	709	842	1000	967	549	408	548	580	376	200	67	158	40	29	71	114	28	15	72	37	61	51	51	18	63	42	31	20	53	25	36
64	170	1	2	119	0	1953125	12	0.0	0	0.98	0	0	V0.2	0	0	281	293	288	299	279	302	284	309	283	293	287	305	281	293	276	295	288	286	277	282	292	295	271	297	265	334	277	308	289	323	318	309	319	297	459	220	524	1	653	160	565	291	444	485	246	352	284	372	393	407	125	670	455	621	390	1000	974	574	757	194	447	291	560	186	462	216	445	338	356	310	387	335	335	381	310	380	302	377	304	380	303	360	309	362	316
64	170	1	2	119	0	1953125	12	0.0	7561	2.32	0	0	V0.2	0	0	56	21	21	36	56	23	28	16	45	23	26	12	16	33	13	43	28	38	11	65	74	30	46	113	151	67	51	78	157	199	213	145	113	120	255	317	384	72	188	131	321	256	167	13	9	576	582	196	423	372	450	671	537	878	813	1000	896	838	952	395	305	403	209	180	198	257	254	211	76	197	21	70	93	90	29	28	20	29	81	27	29	14	40	18	26
64	170	1	2	119	0	1953125	12	0.0	0	0.97	0	0	V0.2	0	0	388	345	374	388	358	327	260	284	278	241	165	147	153	161	130	92	180	228	224	218	254	345	394	376	410	412	469	556	554	432	586	619	470	653	658	388	797	716	527	435	766	430	690	548	467	215	719	798	329	522	816	440	660	583	230	1000	997	621	394	885	750	386	388	386	582	328	452	473	402	367	382	392	348	304	300	280	277	251	232	194	163	160	120	108	48
64	170	1	2	119	0	1953125	12	0.0	0	0.97	0	0	V0.2	0	0	285	265	278	260	288	268	296	253	288	262	300	254	286	249	296	253	296	228	301	243	307	227	299	234	338	223	334	214	355	207	404	193	376	257	403	245	384	198	490	148	488	249	542	563	341	662	493	846	155	730	339	1000	567	465	295	800	161	340	327	688	273	707	350	435	290	441	433	262	387	310	376	272	351	292	393	273	363	258	390	273	365	255	359	282	354
64	170	1	2	119	0	1953125	12	0.0	0	0.97	0	0	V0.2	0	0	276	277	268	276	279	286	283	270	279	281	292	266	276	269	285	270	278	248	293	259	296	247	285	266	316	251	317	248	340	232	398	171	396	223	436	182	387	201	459	241	419	99	601	363	572	490	794	775	392	741	450	1000	269	483	482	748	18	372	321	628	429	702	144	524	156	522	294	391	329	370	320	325	319	348	353	315	332	312	368	300	347	283	356	299	344
64	170	1	2	119	0	1953125	12	0.0	0	0.97	0	0	V0.2	0	0	269	264	262	260	273	270	279	256	271	265	285	253	272	252	277	258	271	238	281	246	289	234	282	245	308	239	306	236	325	221	375	183	357	241	388	220	335	238	373	296	341	164	470	344	555	509	797	808	452	808	461	1000	274	475	350	787	163	322	418	532	317	619	189	459	168	491	341	329	341	341	340	288	322	313	354	292	328	281	361	284	342	263	343	285	338
64	170	1	2	119	0	1953125	12	0.0	0	0.97	0	0	V0.2	0	0	12	56	7	57	16	58	28	44	17	51	33	33	23	43	19	32	22	56	12	61	21	66	1	82	16	68	17	94	32	133	121	152	133	82	219	91	90	20	83	114	62	107	282	243	491	762	980	924	720	893	916	999	508	254	609	727	369	344	152	412	586	396	434	186	261	244	323	220	121	123	116	102	58	102	54	71	58	112	47	57	41	71	28	37	40
64	170	1	2	119	0	1953125	12	0.0	0	0.88	0	0	V0.2	0	0	11	38	12	50	38	23	40	15	28	2	43	35	4	23	35	26	21	52	27	25	19	66	55	33	84	44	54	30	118	132	21	97	59	87	158	102	145	85	212	267	156	146	169	176	300	266	593	667	412	403	686	1000	556	24	582	414	500	374	478	498	627	317	117	187	270	96	140	171	95	32	64	142	95	26	89	70	53	8	72	69	14	52	47	27	11
64	170	1	2	119	0	1953125	12	0.0	0	0.96	0	0	V0.2	0	0	47	18	53	25	33	13	43	30	31	30	31	24	28	32	36	21	52	40	39	29	59	55	42	56	56	64	34	81	42	114	35	117	48	81	135	85	124	61	143	159	74	62	77	47	354	472	663	537	511	675	662	531	257	642	1000	988	700	482	387	234	342	350	397	143	127	160	232	147	81	119	107	106	55	131	64	56	37	96	53	49	64	65	45	42	65
64	170	1	2	119	0	1953125	12	0.0	0	0.97	0	0	V0.2	0	0	254	259	250	254	260	263	265	251	254	259	272	243	262	243	262	254	252	238	260	246	271	228	268	238	283	243	273	252	284	238	342	201	332	191	412	202	360	291	314	455	150	373	167	300	649	264	916	456	820	721	684	718	386	589	712	1000	264	520	313	546	158	630	178	437	157	474	297	323	261	392	297	310	295	316	330	303	299	291	331	295	319	266	319	287	319
64	170	1	2	119	0	1953125	12	0.0	0	0.89	0	0	V0.2	0	0	49	21	56	41	16	33	21	44	14	44	39	1	19	40	37	15	48	35	31	17	72	64	28	70	51	87	28	140	136	2	58	41	96	56	53	167	53	191	279	257	256	337	509	330	312	316	514	531	412	711	686	525	247	450	999	701	519	528	596	135	367	306	171	279	144	70	101	152	42	145	160	63	29	60	89	64	37	90	60	9	44	56	39	17	63
64	170	1	2	119	0	1953125	12	0.0	0	0.89	0	0	V0.2	0	0	21	44	40	10	26	16	49	18	35	40	20	16	23	40	6	23	29	41	9	50	50	16	28	38	84	16	101	86	62	62	10	73	22	60	85	11	66	80	228	163	234	403	345	285	267	185	387	273	474	707	485	280	488	632	1000	595	529	423	523	56	284	327	202	212	107	84	144	71	69	124	145	90	41	108	64	6	36	64	56	26	69	49	0	32	51
64	170	1	2	119	0	1953125	12	0.0	0	0.92	0	0	V0.2	0	0	12	43	37	21	33	10	31	11	40	25	9	16	33	29	11	31	30	22	20	50	15	23	11	48	38	50	24	31	20	36	103	67	53	96	110	112	12	208	150	100	162	289	272	166	281	180	169	184	433	636	315	92	595	612	1000	494	359	305	289	262	344	449	303	135	49	116	181	71	53	97	74	58	33	90	40	28	42	55	37	28	62	38	12	28	45
64	170	1	2	119	0	1953125	12	0.0	7399	2.29	0	0	V0.2	0	0	17	44	38	55	32	43	39	39	41	35	46	24	33	17	35	11	36	18	29	32	14	42	7	76	53	28	96	127	19	51	78	68	146	172	152	149	42	74	111	87	81	47	171	268	505	513	400	232	118	168	481	671	999	949	539	196	380	750	689	687	454	427	214	76	189	248	193	166	129	169	89	88	77	85	90	97	74	48	50	52	55	32	56	39	22
64	170	1	2	119	0	1953125	12	0.0	7399	2.29	0	0	V0.2	0	0	17	44	38	55	32	43	39	39	41	35	46	24	33	17	35	11	36	18	29	32	14	42	7	76	53	28	96	127	19	51	78	68	146	172	152	149	42	74	111	87	81	47	171	268	505	513	400	232	118	168	481	671	999	949	539	196	380	750	689	687	454	427	214	76	189	248	193	166	129	169	89	88	77	85	90	97	74	48	50	52	55	32	56	39	22
64	170	1	2	119	0	1953125	12	0.0	51	1.03	0	0	V0.2	0	0	334	326	281	292	295	280	223	213	221	191	152	137	140	122	111	132	154	154	182	207	248	270	265	328	348	346	391	428	402	438	423	383	497	460	424	482	411	461	383	411	323	427	454	349	557	534	332	375	173	201	538	600	754	621	469	1000	362	823	497	843	334	427	298	221	442	394	285	329	352	341	278	268	303	279	253	210	186	230	187	109	104	119	108	46	23
64	170	1	2	119	0	1953125	12	0.0	51	1.03	0	0	V0.2	0	0	20	54	36	36	10	47	18	45	12	40	14	50	31	36	24	34	32	13	57	25	39	18	78	14	30	72	75	66	91	115	133	75	127	123	127	171	261	328	326	306	443	374	286	54	274	318	398	462	697	530	410	464	1000	840	943	427	125	325	137	486	620	527	489	294	351	293	266	107	109	96	122	61	112	66	55	33	80	34	30	28	51	2	47	41	25
64	170	1	2	119	0	1953125	12	0.0	76	1.03	0	0	V0.2	0	0	42	15	40	25	44	11	24	22	48	3	13	36	41	16	8	46	29	17	18	57	15	26	36	64	30	13	67	15	106	65	102	57	135	113	110	89	230	282	243	290	403	425	228	77	259	314	353	490	692	638	427	566	908	902	1000	531	235	231	46	387	587	517	379	288	207	282	180	92	48	143	59	90	44	87	4	50	26	39	30	40	22	11	37	41	12
64	170	1	2	119	0	1953125	12	0.0	0	0.89	0	0	V0.2	0	0	254	260	249	269	223	264	238	265	273	243	263	220	262	237	270	259	231	250	208	277	240	270	242	229	264	210	336	210	310	234	265	293	202	373	255	316	253	139	431	167	570	382	341	447	141	372	399	240	703	385	664	196	1000	650	925	803	206	436	513	330	91	479	591	247	263	195	318	370	263	422	256	269	300	280	386	282	330	249	279	309	298	348	266	299	252
64	170	1	2	119	0	1953125	12	0.0	0	0.91	0	0	V0.2	0	0	226	232	215	250	228	260	227	237	219	244	247	237	249	199	245	212	267	221	235	212	225	247	227	262	209	225	246	248	247	273	233	241	233	263	355	201	301	110	420	209	479	295	371	433	23	444	493	362	621	574	794	140	710	395	1000	462	80	419	119	329	371	633	153	293	219	362	377	204	335	183	321	304	312	292	249	272	261	336	261	305	224	288	266	299	288
64	170	1	2	119	0	1953125	12	0.0	0	0.91	0	0	V0.2	0	0	34	11	42	39	26	48	8	27	9	46	29	24	41	37	27	24	49	22	25	18	61	24	41	41	29	19	67	57	38	82	54	39	17	85	153	31	100	195	271	203	243	425	374	331	426	388	664	516	556	776	662	517	307	669	1000	665	427	289	340	69	317	370	347	224	49	139	127	54	76	97	152	75	64	96	47	36	50	102	51	38	67	52	32	31	66
64	170	1	2	119	0	1953125	12	0.0	0	0.89	0	0	V0.2	0	0	12	41	13	40	29	41	58	10	32	25	46	26	29	42	22	8	38	59	7	42	31	51	26	66	86	24	94	74	132	65	71	103	14	116	89	123	88	159	338	188	227	270	321	285	272	329	595	477	441	582	701	572	154	602	999	894	576	596	624	266	201	176	209	268	137	36	73	63	39	110	157	75	49	82	64	50	24	83	57	18	52	43	30	17	61
64	170	2	2	119	0	1953125	12	0.0	0	0.91	0	0	V0.2	0	0	251	274	244	271	274	276	290	246	275	243	300	257	292	244	255	268	262	297	237	275	219	296	247	304	253	266	268	269	301	270	352	203	304	234	428	273	305	310	214	577	148	437	223	278	535	163	893	384	669	378	910	882	94	542	730	1000	288	730	383	140	518	452	339	147	343	317	346	362	282	324	257	369	311	377	259	330	273	351	343	305	326	258	343	283	359
64	170	2	2	119	0	1953125	12	0.0	0	0.91	0	0	V0.2	0	0	251	274	244	271	274	276	290	246	275	243	300	257	292	244	255	268	262	297	237	275	219	296	247	304	253	266	268	269	301	270	352	203	304	234	428	273	305	310	214	577	148	437	223	278	535	163	893	384	669	378	910	882	94	542	730	1000	288	730	383	140	518	452	339	147	343	317	346	362	282	324	257	369	311	377	259	330	273	351	343	305	326	258	343	283	359
64	170	2	2	119	0	1953125	12	0.0	0	0.92	0	0	V0.2	0	0	28	47	31	36	34	38	62	10	32	23	51	20	35	39	36	7	52	50	25	29	57	67	25	82	35	54	27	84	110	44	74	94	105	65	207	104	105	99	206	329	157	209	158	172	292	442	754	654	592	776	984	1000	387	386	733	715	567	512	385	263	414	226	228	186	142	58	61	69	25	115	109	50	52	81	113	15	78	69	51	24	54	77	22	24	38
64	170	1	2	119	0	1953125	12	0.0	0	0.97	0	0	V0.2	0	0	243	260	237	267	250	273	243	261	250	273	251	255	243	263	253	258	237	250	256	257	250	245	246	271	253	265	243	284	280	264	317	196	338	261	357	212	380	242	453	204	348	221	515	133	474	141	887	501	634	577	634	1000	222	469	585	514	352	519	195	462	574	556	101	442	212	482	81	423	266	354	238	328	262	372	260	325	253	351	293	308	276	305	306	299	284
64	170	1	2	119	0	1953125	12	0.0	0	0.97	0	0	V0.2	0	0	243	260	237	267	250	273	243	261	250	273	251	255	243	263	253	258	237	250	256	257	250	245	246	271	253	265	243	284	280	264	317	196	338	261	357	212	380	242	453	204	348	221	515	133	474	141	887	501	634	577	634	1000	222	469	585	514	352	519	195	462	574	556	101	442	212	482	81	423	266	354	238	328	262	372	260	325	253	351	293	308	276	305	306	299	284
64	170	1	2	119	0	1953125	12	0.0	0	0.98	0	0	V0.2	0	0	53	40	56	17	42	35	57	8	38	23	52	4	32	32	44	15	34	45	37	46	53	35	49	43	59	35	20	71	70	89	101	94	122	86	182	154	216	249	308	115	221	278	459	381	348	526	764	791	593	568	515	737	519	127	705	1000	831	508	311	487	701	444	442	179	272	267	361	200	81	61	157	85	112	113	110	81	64	105	54	46	42	75	25	30	52
64	170	1	2	119	0	1953125	12	0.0	0	0.97	0	0	V0.2	0	0	21	42	26	58	21	51	6	47	15	47	10	29	15	46	10	19	29	54	6	38	28	54	45	52	47	58	64	116	3	95	34	133	27	160	168	265	189	351	320	277	279	408	526	397	319	272	501	454	339	208	245	460	215	251	836	999	764	528	231	387	604	544	419	241	245	256	335	165	66	71	151	62	114	94	112	62	71	92	61	51	52	74	30	36	42
64	170	1	2	119	0	1953125	12	0.0	0	0.96	0	0	V0.2	0	0	56	22	65	23	41	10	60	35	38	39	50	34	35	46	46	23	57	47	45	25	75	70	67	90	95	123	30	116	43	118	61	200	125	202	251	317	288	304	464	368	447	373	540	402	173	21	206	151	129	97	233	634	451	548	859	1000	885	580	392	317	486	415	487	286	144	126	238	222	22	62	97	127	40	131	84	95	36	110	81	57	59	77	65	41	67
64	170	1	2	119	0	1953125	12	0.0	0	0.96	0	0	V0.2	0	0	56	22	65	23	41	10	60	35	38	39	50	34	35	46	46	23	57	47	45	25	75	70	67	90	95	123	30	116	43	118	61	200	125	202	251	317	288	304	464	368	447	373	540	402	173	21	206	151	129	97	233	634	451	548	859	1000	885	580	392	317	486	415	487	286	144	126	238	222	22	62	97	127	40	131	84	95	36	110	81	57	59	77	65	41	67
64	170	1	2	119	0	1953125	12	0.0	0	0.96	0	0	V0.2	0	0	61	18	68	25	45	12	65	42	44	43	58	42	39	51	52	28	60	55	52	31	83	80	74	95	100	132	35	121	56	142	80	221	152	215	252	321	296	308	475	400	489	410	587	433	181	86	289	196	32	140	277	703	525	666	875	990	1000	726	495	262	390	317	443	261	104	80	227	212	29	59	101	128	37	127	83	97	38	111	81	62	62	78	66	42	68
64	170	1	2	119	0	1953125	12	0.0	0	0.96	0	0	V0.2	0	0	60	29	63	9	52	12	70	21	47	27	68	31	43	41	59	20	62	41	62	14	90	54	93	63	130	106	69	96	95	120	115	211	133	233	209	367	259	353	422	410	425	412	562	406	212	118	315	187	44	105	296	657	457	662	918	1000	965	816	538	332	303	316	416	242	128	65	243	180	64	25	130	109	59	107	91	102	37	114	65	66	46	88	56	51	65
64	170	1	2	119	0	1953125	12	0.0	0	0.96	0	0	V0.2	0	0	56	33	59	11	47	19	66	11	44	24	62	20	42	37	54	18	64	40	60	16	90	42	89	49	129	84	77	84	103	99	112	177	121	211	202	378	239	388	444	415	389	424	521	348	171	188	391	278	103	140	329	626	418	647	925	999	831	703	421	371	417	415	460	260	161	112	273	191	69	35	133	101	70	106	90	97	45	117	65	77	53	93	54	54	63
64	170	1	2	119	0	1953125	12	0.0	0	0.96	0	0	V0.2	0	0	54	30	57	1	40	16	59	16	40	18	53	20	38	30	45	10	55	28	46	11	81	38	72	41	107	71	65	71	84	81	83	129	71	163	158	309	198	366	376	346	322	348	427	243	100	82	279	149	60	124	270	401	194	638	999	997	772	628	372	328	403	388	393	212	141	151	288	183	54	42	119	79	80	107	80	82	43	109	52	60	46	79	41	48	59
64	170	1	2	119	0	1953125	12	0.0	7541	2.31	0	0	V0.2	0	0	24	23	20	13	15	33	18	17	12	21	18	14	9	14	21	11	8	33	12	16	24	28	37	9	47	12	34	14	73	79	41	25	69	102	132	165	177	404	255	235	250	182	138	49	125	130	255	99	337	99	249	212	429	933	1000	642	562	301	260	616	681	130	114	71	135	24	113	55	83	61	82	20	64	1	25	28	28	9	8	23	16	7	7	11	10
64	170	1	2	119	0	1953125	12	0.0	7561	2.32	0	0	V0.2	0	0	29	49	67	25	19	42	58	26	6	31	40	44	30	35	37	60	55	33	70	72	73	5	146	121	143	60	152	81	141	163	328	258	71	179	381	294	280	148	175	52	244	269	211	112	427	621	662	534	251	149	179	403	651	537	194	352	885	1000	817	368	279	509	470	251	186	319	292	159	145	221	136	59	117	137	40	19	101	82	27	40	67	50	61	58	27
64	170	1	2	119	0	1953125	12	0.0	0	0.98	0	0	V0.2	0	0	398	364	338	369	372	321	267	261	271	243	187	115	148	174	129	76	171	223	242	226	254	367	369	345	378	455	529	493	472	480	593	473	652	527	433	616	664	518	519	503	795	553	436	636	493	498	1000	311	419	765	328	605	532	301	563	803	772	433	745	532	666	308	630	460	493	402	446	363	461	388	357	343	361	341	294	262	242	255	208	195	137	149	128	74	55
64	170	1	2	119	0	1953125	12	0.0	0	0.97	0	0	V0.2	0	0	282	321	276	332	293	335	281	325	291	341	286	319	281	334	290	323	269	324	288	328	271	327	265	365	273	341	279	363	310	357	331	312	378	319	400	328	358	403	463	443	436	308	726	89	597	158	1000	332	817	291	883	701	216	321	975	603	329	519	388	425	753	549	300	505	333	600	93	542	291	449	262	424	303	463	290	410	295	443	319	397	303	402	341	385	320
64	170	2	2	119	0	1953125	12	0.0	0	0.96	0	0	V0.2	0	0	18	57	6	65	23	62	29	43	16	62	45	35	37	66	45	52	47	72	32	72	59	81	61	112	116	81	87	103	147	52	148	54	144	20	176	130	207	148	320	287	339	449	385	408	341	691	795	730	565	670	705	518	161	353	1000	688	366	121	285	593	665	437	358	224	216	361	300	224	79	174	128	73	81	118	120	49	111	91	96	47	106	77	60	58	73
64	170	2	2	119	0	1953125	12	0.0	0	0.96	0	0	V0.2	0	0	26	59	12	60	23	65	41	39	22	62	48	32	39	65	44	57	59	73	37	78	75	73	65	105	118	61	89	100	150	44	155	52	144	15	170	142	187	115	246	196	292	424	338	448	572	916	1000	937	854	967	945	740	373	373	881	597	244	211	248	576	661	439	340	201	215	369	274	176	85	183	130	56	91	105	108	49	129	90	90	53	110	78	52	63	70
64	170	2	2	119	0	1953125	12	0.0	0	0.92	0	0	V0.2	0	0	241	256	236	239	248	251	273	236	252	224	265	243	271	227	240	234	249	263	229	253	209	265	224	285	232	239	245	262	261	278	287	215	288	213	414	191	331	148	396	401	246	357	153	453	205	519	665	356	620	522	887	327	428	163	1000	573	205	582	70	255	497	423	124	212	422	348	288	233	285	268	360	294	317	232	310	294	322	320	257	291	261	334	282	304	254
64	170	2	2	119	0	1953125	12	0.0	0	0.92	0	0	V0.2	0	0	241	256	236	239	248	251	273	236	252	224	265	243	271	227	240	234	249	263	229	253	209	265	224	285	232	239	245	262	261	278	287	215	288	213	414	191	331	148	396	401	246	357	153	453	205	519	665	356	620	522	887	327	428	163	1000	573	205	582	70	255	497	423	124	212	422	348	288	233	285	268	360	294	317	232	310	294	322	320	257	291	261	334	282	304	254
64	170	2	2	119	0	1953125	12	0.0	0	0.93	0	0	V0.2	0	0	317	285	331	315	325	306	304	324	309	347	290	321	280	341	293	340	276	309	295	324	333	286	318	266	365	300	363	289	315	281	419	354	323	274	382	369	414	411	265	512	259	598	168	452	635	266	995	221	892	466	808	552	713	625	1000	941	71	656	103	544	193	717	456	197	346	402	504	298	362	314	405	381	439	328	358	363	384	428	338	378	306	411	354	408	316
64	170	2	2	119	0	1953125	12	0.0	0	0.94	0	0	V0.2	0	0	40	41	28	44	30	59	8	35	11	53	15	38	32	43	14	37	28	37	5	63	42	38	20	80	81	66	139	76	116	51	118	53	85	6	98	56	95	96	223	161	220	300	260	461	640	660	849	688	880	965	613	491	500	699	1000	644	316	149	143	400	414	379	348	51	121	156	201	116	78	78	27	42	67	128	53	46	49	69	37	53	76	30	27	49	66
64	170	2	2	119	0	1953125	12	0.0	7306	2.27	0	0	V0.2	0	0	29	26	21	30	22	32	29	19	20	18	23	26	10	21	32	14	25	41	33	15	19	40	35	35	33	70	83	32	82	111	21	19	53	39	84	107	37	177	304	213	332	223	371	284	250	493	713	792	908	1000	213	900	866	221	902	105	463	122	202	453	257	177	193	228	98	67	31	27	93	58	46	23	20	14	21	13	29	18	10	18	10	30	12	2	2
64	170	2	2	119	0	1953125	12	0.0	0	0.89	0	0	V0.2	0	0	246	243	254	241	204	181	168	161	168	141	124	82	55	61	74	84	82	94	115	164	176	203	238	238	221	260	289	312	365	317	352	359	365	392	380	370	517	384	249	531	473	385	365	435	315	429	304	227	695	665	336	652	478	721	508	403	410	1000	194	783	342	349	364	198	214	312	251	353	269	253	185	221	241	213	218	217	181	155	118	132	123	116	113	96	59
64	170	2	2	119	0	1953125	12	0.0	0	0.88	0	0	V0.2	0	0	222	247	212	256	234	252	253	229	247	216	258	229	261	238	222	241	207	261	219	264	225	223	237	207	296	208	300	230	226	238	256	334	205	304	207	282	270	222	409	187	466	351	317	442	160	317	400	228	686	463	720	249	800	604	1000	852	99	525	271	228	148	486	491	227	256	256	266	370	256	382	196	292	257	293	343	265	325	223	288	269	287	326	258	297	225
64	170	2	2	119	0	1953125	12	0.0	0	0.89	0	0	V0.2	0	0	211	231	225	212	230	197	249	214	241	219	211	223	205	249	203	240	196	211	217	216	250	196	237	177	247	208	261	261	187	233	204	284	216	264	246	233	242	193	348	220	401	324	221	351	194	267	306	222	569	369	575	117	907	675	1000	767	58	459	122	377	44	555	488	121	278	165	325	314	255	348	154	292	219	320	286	266	274	200	288	240	307	261	255	242	228
64	170	1	2	119	0	1953125	12	0.0	0	0.91	0	0	V0.2	0	0	220	245	205	243	215	247	235	234	230	216	244	218	257	207	234	203	241	226	235	228	203	237	207	267	212	246	203	259	222	238	292	207	269	170	346	257	266	288	257	324	316	403	107	344	238	182	337	276	590	281	447	171	1000	692	999	697	121	435	90	535	149	656	478	101	286	187	420	242	308	254	242	286	295	336	228	289	213	313	272	306	252	253	261	267	305
64	170	1	2	119	0	1953125	12	0.0	0	0.92	0	0	V0.2	0	0	213	233	232	232	230	211	244	221	254	212	235	206	241	234	226	229	202	229	216	252	205	233	191	248	233	242	231	223	225	216	309	220	270	155	333	248	289	330	227	340	276	410	93	339	296	132	338	312	501	167	301	290	1000	579	924	483	308	382	231	598	235	696	411	199	254	256	437	203	309	204	282	270	323	286	240	261	256	312	268	289	215	279	253	306	256
64	170	1	2	119	0	1953125	12	0.0	7765	2.35	0	0	V0.2	0	0	17	11	18	32	17	14	11	21	13	4	10	16	13	7	23	11	21	18	21	13	37	20	22	38	35	17	71	25	67	49	8	48	22	69	75	75	87	336	143	244	145	182	170	17	207	245	235	320	471	271	145	257	836	181	999	394	246	581	219	498	572	260	227	56	88	95	106	51	66	21	28	28	30	31	31	16	6	29	25	4	7	24	13	8	9
64	170	1	2	119	0	1953125	12	0.0	7751	2.35	0	0	V0.2	0	0	32	58	43	54	20	54	24	49	5	41	15	53	23	36	40	52	47	32	50	37	38	8	92	44	40	46	152	74	52	84	116	17	110	43	15	176	272	256	341	187	49	87	51	158	348	465	709	585	460	407	530	677	905	804	472	281	338	811	888	1000	771	372	142	187	269	248	261	127	161	40	120	52	104	6	62	24	5	89	82	43	28	45	47	31	31
64	170	1	2	119	0	1953125	12	0.0	7566	2.32	0	0	V0.2	0	0	44	56	28	65	32	64	16	59	12	59	17	39	20	36	22	30	28	35	28	41	45	51	6	56	107	72	46	108	103	24	78	72	68	56	126	85	260	279	158	209	134	32	122	125	379	503	562	613	516	389	548	718	758	683	390	37	398	857	1000	880	726	364	70	66	240	198	215	194	91	95	73	116	45	84	30	91	36	12	43	46	13	6	31	21	22
64	170	1	2	119	0	1953125	12	0.0	7740	2.35	0	0	V0.2	0	0	12	73	22	51	15	42	42	49	33	21	57	36	33	25	66	23	32	56	59	22	14	88	38	48	20	58	57	109	26	57	180	126	65	59	100	43	194	215	334	209	55	165	182	89	243	388	542	393	401	348	401	619	798	610	352	96	589	892	1000	839	617	415	195	87	191	242	222	147	85	99	87	46	98	79	41	32	37	21	56	29	35	23	36	22	16
64	170	1	2	119	0	1953125	12	0.0	7575	2.32	0	0	V0.2	0	0	23	32	42	49	34	30	37	43	30	34	39	40	23	29	56	31	26	17	57	27	54	32	85	72	59	35	116	118	46	71	113	30	68	67	36	176	275	182	200	91	128	106	116	53	270	358	600	611	554	493	498	602	848	762	422	153	422	929	983	1000	745	379	212	95	163	173	231	111	113	38	102	35	67	24	80	42	28	89	68	35	43	59	56	26	55
64	170	1	2	119	0	1953125	12	0.0	7331	2.28	0	0	V0.2	0	0	18	23	24	38	23	24	25	26	16	9	21	26	12	9	33	9	29	26	39	14	29	25	42	45	39	43	91	5	75	48	42	38	53	15	99	73	37	292	273	246	238	290	430	65	91	494	542	501	817	855	153	710	419	458	999	133	286	587	447	553	281	240	296	134	119	83	84	62	48	34	34	24	19	29	42	15	19	25	28	15	8	31	20	11	4
64	170	1	2	119	0	1953125	12	0.0	7331	2.28	0	0	V0.2	0	0	18	23	24	38	23	24	25	26	16	9	21	26	12	9	33	9	29	26	39	14	29	25	42	45	39	43	91	5	75	48	42	38	53	15	99	73	37	292	273	246	238	290	430	65	91	494	542	501	817	855	153	710	419	458	999	133	286	587	447	553	281	240	296	134	119	83	84	62	48	34	34	24	19	29	42	15	19	25	28	15	8	31	20	11	4
64	170	2	2	119	0	1953125	12	0.0	0	0.92	0	0	V0.2	0	0	770	773	770	772	780	795	791	787	779	775	783	787	778	766	763	763	773	769	762	756	759	769	775	782	778	780	792	812	815	834	821	826	848	863	882	879	856	883	885	883	891	828	853	910	845	851	1000	773	964	856	909	885	669	979	891	835	769	971	842	920	846	911	840	861	911	909	899	901	902	916	926	924	917	918	918	919	916	919	914	900	904	901	902	899	893
64	170	2	2	119	0	1953125	12	0.0	0	0.92	0	0	V0.2	0	0	300	278	318	264	303	264	319	294	303	283	275	295	288	320	257	304	240	319	267	317	267	272	288	281	338	269	315	256	309	289	389	317	255	309	356	364	339	406	260	512	255	533	112	445	523	176	957	437	984	701	964	1000	211	743	773	901	181	335	309	456	200	614	518	134	356	271	501	323	345	316	325	398	355	410	259	374	287	421	337	356	306	326	363	338	370
64	170	2	2	119	0	1953125	12	0.0	0	0.92	0	0	V0.2	0	0	274	256	280	234	276	244	298	257	274	246	261	273	268	284	225	276	224	300	240	282	230	258	260	271	297	228	292	223	302	277	332	254	247	265	380	286	307	308	299	525	211	403	177	338	389	151	877	323	755	366	800	765	232	475	1000	948	198	529	24	525	198	528	424	146	434	267	421	262	306	280	344	358	317	332	250	349	281	387	274	324	261	333	325	310	316
64	170	2	2	119	0	1953125	12	0.0	0	0.91	0	0	V0.2	0	0	229	258	233	267	264	261	268	231	268	237	291	242	269	225	251	261	257	274	214	264	216	293	233	281	233	249	264	267	277	266	316	196	298	238	396	285	260	293	265	515	232	287	234	288	337	119	834	315	720	416	936	902	220	428	882	1000	233	581	187	344	427	341	383	30	440	343	330	336	236	303	275	369	297	336	236	314	280	350	314	282	289	265	339	275	336
64	170	2	2	119	0	1953125	12	0.0	0	0.95	0	0	V0.2	0	0	211	222	203	216	224	228	225	203	221	215	242	204	222	187	245	201	239	175	228	194	254	190	225	182	255	212	253	201	229	277	212	266	193	244	225	313	180	292	173	331	173	355	268	224	196	506	749	477	694	489	1000	549	591	127	732	441	348	527	173	177	359	223	214	289	326	245	175	351	216	321	208	267	252	286	282	231	252	255	280	255	254	227	269	242	289
64	170	2	2	119	0	1953125	12	0.0	0	0.96	0	0	V0.2	0	0	236	260	230	277	244	277	232	271	242	282	236	262	233	277	239	267	226	263	245	268	237	255	238	284	246	273	237	294	280	256	330	204	334	256	380	186	388	174	437	226	340	118	493	243	454	271	902	667	572	644	614	1000	148	382	443	728	17	330	253	473	354	473	51	426	156	523	178	375	290	347	298	285	284	333	315	300	282	301	337	283	319	254	333	272	325
64	170	2	2	119	0	1953125	12	0.0	0	0.98	0	0	V0.2	0	0	52	54	53	31	42	50	60	17	33	38	56	11	32	45	44	21	31	54	28	57	44	48	43	58	52	36	26	90	49	137	110	153	94	132	212	186	185	240	306	64	175	292	508	298	344	695	1000	926	513	565	628	803	516	161	710	782	566	69	112	720	750	488	528	386	425	344	426	197	124	77	193	74	133	108	144	82	95	109	73	49	53	75	24	25	55
64	170	2	2	119	0	1953125	12	0.0	0	0.97	0	0	V0.2	0	0	26	41	35	26	30	29	42	10	27	18	29	13	30	21	21	18	25	22	19	32	34	24	13	66	48	63	67	57	70	32	113	34	96	51	207	124	172	191	253	168	232	313	352	342	99	183	181	153	224	272	210	266	180	532	1000	883	729	328	198	352	592	411	371	289	201	223	180	163	14	132	99	125	52	115	84	51	39	75	72	22	45	49	45	16	45
64	170	2	2	119	0	1953125	12	0.0	0	0.97	0	0	V0.2	0	0	26	41	35	26	30	29	42	10	27	18	29	13	30	21	21	18	25	22	19	32	34	24	13	66	48	63	67	57	70	32	113	34	96	51	207	124	172	191	253	168	232	313	352	342	99	183	181	153	224	272	210	266	180	532	1000	883	729	328	198	352	592	411	371	289	201	223	180	163	14	132	99	125	52	115	84	51	39	75	72	22	45	49	45	16	45
64	170	2	2	119	0	1953125	12	0.0	0	0.97	0	0	V0.2	0	0	27	45	31	33	31	33	42	15	23	24	31	16	27	25	23	19	21	31	19	34	25	30	3	83	51	77	67	74	67	58	129	82	138	65	246	134	164	179	292	200	290	361	418	390	108	115	112	71	275	367	319	444	218	516	999	944	792	413	175	343	613	421	392	257	180	194	174	168	37	146	115	137	44	113	79	55	28	82	70	25	46	54	49	13	43
64	170	2	2	119	0	1953125	12	0.0	0	0.96	0	0	V0.2	0	0	281	261	291	255	286	261	294	263	291	251	299	254	295	246	287	248	296	246	285	237	302	241	318	209	328	249	316	253	321	268	331	323	306	348	211	460	206	494	149	522	179	639	139	552	347	409	140	370	333	607	216	521	383	566	888	773	1000	196	498	299	636	196	650	200	436	181	468	340	341	230	411	324	352	307	319	357	330	340	285	347	313	356	278	335	291
64	170	2	2	119	0	1953125	12	0.0	0	0.96	0	0	V0.2	0	0	296	286	296	280	304	287	307	283	300	278	315	274	307	265	307	272	312	257	304	260	320	255	332	221	366	242	349	241	361	253	390	278	383	295	349	425	295	487	335	532	322	617	138	671	314	418	97	477	429	480	63	599	354	674	693	1000	913	193	536	440	546	380	661	114	469	196	540	280	370	269	457	296	395	278	392	351	371	318	341	353	359	349	313	340	334
64	170	2	2	119	0	1953125	12	0.0	0	0.97	0	0	V0.2	0	0	261	267	253	263	266	273	269	258	259	275	271	259	256	256	269	266	254	244	262	266	262	250	247	278	283	255	276	257	295	263	332	217	332	241	459	115	424	73	596	103	502	51	580	411	244	205	452	398	306	174	392	532	187	503	650	999	271	622	100	554	240	658	135	443	217	435	302	295	308	383	280	315	295	333	344	286	309	299	347	286	320	276	333	291	322
64	170	2	2	119	0	1953125	12	0.0	0	0.98	0	0	V0.2	0	0	255	245	270	245	261	242	277	254	262	242	265	254	269	236	256	249	269	237	249	242	264	253	247	240	276	249	282	232	273	248	334	218	307	217	423	165	394	120	533	175	480	171	478	474	192	304	304	467	278	223	293	474	226	559	530	1000	312	552	161	566	145	590	167	426	206	417	316	280	300	372	274	305	295	323	324	280	296	301	329	284	291	285	315	291	291
64	170	1	2	119	0	1953125	12	0.0	5299	1.93	0	0	V0.2	0	0	26	23	39	31	32	26	36	21	22	11	27	19	12	13	30	12	11	31	22	22	20	26	37	65	12	47	55	83	76	76	43	40	63	38	189	171	191	413	350	232	366	97	249	211	109	284	283	351	356	383	301	329	430	663	867	766	1000	253	415	698	951	205	177	82	340	17	155	95	141	45	77	27	74	29	2	21	22	29	11	13	4	26	12	9	16
64	170	2	2	119	0	1953125	12	0.0	7466	2.30	0	0	V0.2	0	0	44	63	19	12	34	58	36	11	23	56	44	39	37	32	51	53	50	26	29	82	66	59	70	113	75	67	75	72	121	122	10	45	122	205	294	196	134	135	192	24	241	90	174	44	209	586	432	98	102	490	451	257	481	1000	806	395	491	348	795	375	297	522	263	45	77	76	185	161	36	187	120	81	57	84	77	56	48	60	55	63	55	32	54	45	56
64	170	2	2	119	0	1953125	12	0.0	7566	2.32	0	0	V0.2	0	0	46	111	17	64	71	88	45	71	72	46	62	55	52	15	74	40	23	73	74	34	31	66	91	67	123	111	83	65	162	86	189	183	80	240	414	265	226	167	395	220	304	338	350	113	525	816	929	518	204	414	437	173	651	805	660	64	691	1000	955	433	229	430	515	292	230	299	261	117	256	159	107	97	151	24	21	129	68	75	111	143	49	75	83	59	48
64	170	1	2	119	0	1953125	12	0.0	0	0.98	0	0	V0.2	0	0	432	421	367	320	349	369	329	258	221	249	233	180	122	133	183	159	129	179	272	292	255	289	406	425	458	409	460	507	573	533	494	607	496	647	683	483	660	602	598	617	538	261	635	728	605	461	798	693	477	486	718	375	567	913	465	620	816	1000	186	768	691	566	300	409	458	357	455	490	394	361	374	410	384	304	289	298	294	246	209	189	160	161	113	91	56
64	170	2	2	119	0	1953125	12	0.0	0	0.96	0	0	V0.2	0	0	67	33	72	9	58	10	76	27	45	24	70	29	47	49	68	27	72	54	70	14	91	55	83	51	136	98	92	119	133	183	73	208	108	174	88	236	125	259	219	260	192	388	571	466	432	583	1000	967	716	614	821	981	545	259	581	610	551	256	251	473	409	295	392	119	144	231	372	218	131	68	137	105	56	105	98	99	58	134	76	76	58	105	65	56	71
64	170	2	2	119	0	1953125	12	0.0	0	0.96	0	0	V0.2	0	0	224	243	214	254	230	256	223	246	231	256	233	238	225	252	231	244	222	232	246	234	240	220	240	247	253	233	244	250	296	199	333	152	357	199	353	167	345	175	361	257	327	110	448	253	506	424	837	851	497	743	469	1000	384	405	256	465	114	185	202	649	255	591	198	385	174	434	279	286	298	306	314	244	285	280	323	256	304	233	339	241	321	217	313	245	314
64	170	2	2	119	0	1953125	12	0.0	0	0.88	0	0	V0.2	0	0	278	239	261	237	257	267	261	287	240	264	231	260	265	264	278	225	261	219	269	263	258	287	214	263	212	303	285	276	325	164	305	258	354	340	202	329	244	375	188	336	440	315	254	217	431	425	245	790	134	594	372	1000	905	85	420	329	777	414	390	612	388	533	431	389	444	143	366	169	371	360	308	363	203	324	259	351	349	288	325	237	310	278	331	325	280
64	170	2	2	119	0	1953125	12	0.0	0	0.95	0	0	V0.2	0	0	228	215	247	223	224	217	234	244	225	227	208	241	226	250	190	234	203	260	204	237	178	257	214	259	196	243	209	280	262	200	266	201	323	232	252	199	310	264	275	221	344	175	314	307	386	392	519	698	239	695	473	1000	382	704	432	759	767	340	599	145	213	328	340	210	195	311	380	179	286	216	321	287	262	263	243	307	262	286	230	279	249	303	235	276	217
64	170	2	2	119	0	1953125	12	0.0	0	0.94	0	0	V0.2	0	0	11	49	8	64	29	57	50	31	25	48	62	17	40	58	60	12	48	57	53	37	96	49	72	30	128	75	89	101	135	121	48	116	65	67	49	145	76	33	28	215	196	205	247	193	430	636	940	821	490	771	932	1000	558	648	992	934	874	513	429	88	216	93	342	133	86	111	174	165	20	124	106	105	67	102	136	37	63	53	81	13	77	67	39	32	75
64	170	2	2	119	0	1953125	12	0.0	0	0.94	0	0	V0.2	0	0	14	49	14	50	24	51	47	24	28	40	55	17	45	48	50	11	47	42	40	34	87	40	67	38	116	75	90	116	105	104	43	95	37	58	30	114	79	41	42	192	218	214	237	247	572	749	1000	882	585	837	873	904	488	366	691	571	514	220	247	203	339	263	394	178	73	156	172	172	29	125	113	81	63	93	123	30	62	53	69	10	72	67	32	40	72
64	170	2	2	119	0	1953125	12	0.0	0	0.87	0	0	V0.2	0	0	58	36	33	39	10	28	2	48	40	13	42	32	24	20	56	46	21	37	48	55	8	70	53	16	57	51	91	44	102	124	47	43	61	87	101	86	202	123	194	198	128	129	161	223	476	422	642	680	562	597	732	1000	663	77	473	404	353	202	175	463	733	412	221	189	315	157	91	175	117	51	25	93	122	25	91	102	45	45	54	75	42	38	80	52	24
