34928	35048	35167	35286	35405	35524	35644	35763	35882	36001	36120	36240	36359	36478	36597	36716	36836	36955	37074	37193	37313	37432	37551	37670	37789	37909	38028	38147	38266	38385	38505	38624	38743	38862	38981	39101	39220	39339	39458	39577	39697	39816	39935	40054	40174	40293	40412	40531	40650	40770	40889	41008	41127	41246	41366	41485	41604	41723	41842	41962	42081	42200	42319	42439	42558	42677	42796	42915	43035	43154	43273	43392	43511	43631	43750	43869	43988	44107	44227	44346	44465	44584	44703	44823	44942
64	170	1	2	119	0	1953125	12	0.0	0	0.97	0	0	V0.2	0	0	54	3	47	3	57	16	42	14	42	18	39	30	41	21	41	32	38	11	53	24	48	15	71	38	65	43	80	80	75	105	56	109	58	104	41	265	288	342	175	325	419	468	355	101	359	402	345	88	446	584	629	651	60	527	1000	845	302	39	241	396	424	389	187	155	246	301	281	89	134	109	144	46	114	85	81	48	89	86	45	50	57	59	21	42	43
64	170	1	2	119	0	1953125	12	0.0	0	0.97	0	0	V0.2	0	0	36	36	35	35	47	21	42	22	47	13	42	28	42	21	42	32	34	31	47	32	43	42	71	24	74	35	98	25	118	53	107	57	134	91	107	241	365	335	148	293	376	467	237	103	385	497	362	142	317	483	557	489	57	502	1000	874	472	113	234	377	553	507	208	121	198	335	221	90	86	148	120	82	123	91	92	44	106	56	60	37	75	39	38	39	48
64	170	1	2	119	0	1953125	12	0.0	0	0.97	0	0	V0.2	0	0	36	36	35	35	47	21	42	22	47	13	42	28	42	21	42	32	34	31	47	32	43	42	71	24	74	35	98	25	118	53	107	57	134	91	107	241	365	335	148	293	376	467	237	103	385	497	362	142	317	483	557	489	57	502	1000	874	472	113	234	377	553	507	208	121	198	335	221	90	86	148	120	82	123	91	92	44	106	56	60	37	75	39	38	39	48
64	170	1	2	119	0	1953125	12	0.0	0	0.97	0	0	V0.2	0	0	3	52	13	48	16	47	25	41	28	33	28	40	34	33	28	43	24	43	28	54	25	59	42	60	45	69	80	50	106	55	120	45	149	50	119	181	343	250	155	162	368	401	162	113	424	562	387	117	226	459	500	378	93	626	1000	937	622	183	90	217	495	419	197	6	198	296	183	108	73	161	80	101	85	118	67	66	74	60	48	46	65	32	37	37	47
64	170	1	2	119	0	1953125	12	0.0	0	0.97	0	0	V0.2	0	0	51	8	44	9	56	10	43	15	44	13	40	30	39	17	42	31	36	15	55	22	41	11	64	24	67	44	79	72	69	91	47	79	54	99	33	227	238	270	108	186	298	365	192	150	426	453	401	72	313	378	384	379	235	641	1000	886	502	171	139	265	336	367	156	124	190	266	238	50	100	94	125	41	118	78	75	37	79	64	39	42	50	49	24	42	37
64	170	1	2	119	0	1953125	12	0.0	0	0.98	0	0	V0.2	0	0	51	42	30	32	37	46	25	49	27	34	23	51	32	29	37	49	28	24	49	51	21	31	48	54	50	86	59	103	45	112	30	98	78	145	31	253	257	272	138	215	360	442	276	234	572	532	469	128	430	548	459	516	267	666	1000	818	355	132	335	450	438	402	196	167	219	244	209	8	116	100	120	38	122	59	51	28	92	49	38	42	57	29	36	50	40
64	170	1	2	119	0	1953125	12	0.0	0	0.97	0	0	V0.2	0	0	301	312	318	323	316	308	318	323	334	308	317	313	345	306	322	294	332	307	316	282	299	297	325	244	312	234	327	244	309	215	350	168	443	94	345	135	560	114	298	93	776	448	532	258	751	657	483	244	654	660	400	1000	197	487	539	818	197	315	349	688	408	750	341	174	123	351	271	212	105	312	241	231	199	216	238	223	226	181	226	210	232	183	203	199	229
64	170	1	2	119	0	1953125	12	0.0	0	0.97	0	0	V0.2	0	0	301	312	318	323	316	308	318	323	334	308	317	313	345	306	322	294	332	307	316	282	299	297	325	244	312	234	327	244	309	215	350	168	443	94	345	135	560	114	298	93	776	448	532	258	751	657	483	244	654	660	400	1000	197	487	539	818	197	315	349	688	408	750	341	174	123	351	271	212	105	312	241	231	199	216	238	223	226	181	226	210	232	183	203	199	229
64	170	1	2	119	0	1953125	12	0.0	0	0.98	0	0	V0.2	0	0	48	78	35	62	13	62	30	76	19	43	16	72	29	33	32	66	8	27	44	55	44	59	56	95	37	121	7	79	81	191	60	254	202	276	102	314	377	413	199	441	708	801	650	335	826	864	826	280	588	602	685	1000	271	240	875	936	501	313	319	730	777	695	369	180	181	226	208	76	223	172	203	22	151	78	66	10	111	61	36	36	74	38	43	61	52
64	170	1	2	119	0	1953125	12	0.0	0	0.98	0	0	V0.2	0	0	61	33	38	16	52	38	37	33	38	33	31	41	32	19	38	33	26	2	56	24	39	12	72	51	51	42	65	50	113	127	69	116	130	154	52	244	340	375	128	324	457	604	415	241	555	652	575	124	378	339	314	461	133	534	1000	959	703	567	262	423	473	485	232	158	174	240	152	84	150	168	161	47	118	54	62	24	90	32	40	28	71	28	38	41	42
64	170	1	2	119	0	1953125	12	0.0	0	0.97	0	0	V0.2	0	0	55	4	47	12	60	15	40	14	44	18	35	26	34	8	39	25	32	10	59	22	47	11	71	26	66	33	89	63	86	104	39	90	107	149	67	256	306	337	122	270	420	534	424	196	487	573	514	127	306	341	298	414	131	532	988	1000	852	719	355	236	327	355	228	188	149	211	191	31	135	118	157	48	113	84	60	31	68	67	31	39	48	54	18	44	36
64	170	1	2	119	0	1953125	12	0.0	7461	2.30	0	0	V0.2	0	0	23	23	19	7	17	15	18	11	9	18	14	6	14	14	13	7	16	25	15	15	8	45	16	3	11	59	32	37	61	55	19	62	109	87	60	222	234	61	114	157	180	171	199	235	268	112	224	77	199	169	85	730	512	396	1000	577	605	463	238	219	309	188	160	284	99	155	83	8	69	27	67	26	37	40	19	31	35	18	24	17	21	15	7	9	22
64	170	1	2	119	0	1953125	12	0.0	7461	2.30	0	0	V0.2	0	0	23	23	19	7	17	15	18	11	9	18	14	6	14	14	13	7	16	25	15	15	8	45	16	3	11	59	32	37	61	55	19	62	109	87	60	222	234	61	114	157	180	171	199	235	268	112	224	77	199	169	85	730	512	396	1000	577	605	463	238	219	309	188	160	284	99	155	83	8	69	27	67	26	37	40	19	31	35	18	24	17	21	15	7	9	22
64	170	1	2	119	0	1953125	12	0.0	7651	2.33	0	0	V0.2	0	0	62	18	32	42	56	21	14	39	26	38	7	22	34	40	27	30	30	15	11	59	41	33	18	94	54	44	68	16	117	145	45	63	215	226	155	164	47	307	345	333	180	261	410	339	44	529	844	904	710	381	550	533	561	873	1000	908	742	446	379	361	190	175	152	80	36	183	160	45	39	80	74	35	32	52	64	32	7	28	54	32	30	46	30	25	42
64	170	1	2	119	0	1953125	12	0.0	8133	2.42	0	0	V0.2	0	0	14	56	38	28	20	31	53	16	17	33	52	5	16	38	37	41	44	29	49	30	26	54	60	42	46	125	123	61	69	122	94	59	77	158	95	194	224	259	268	101	189	160	209	71	212	334	577	703	630	622	552	479	138	525	870	1000	705	271	420	505	261	93	110	135	35	20	27	76	131	20	26	60	59	67	40	36	47	58	29	40	57	4	46	37	22
64	170	1	2	119	0	1953125	12	0.0	7640	2.33	0	0	V0.2	0	0	51	35	58	25	49	38	45	55	35	66	20	68	49	85	54	53	22	52	38	40	42	52	32	75	107	8	66	49	103	20	106	38	147	186	224	365	304	279	331	170	179	154	138	309	348	584	748	858	1000	804	558	318	413	759	867	984	913	560	333	330	392	286	267	150	91	154	132	177	53	70	32	90	57	65	69	70	92	15	49	29	59	52	31	33	46
64	170	2	2	119	0	1953125	12	0.0	7551	2.32	0	0	V0.2	0	0	54	42	39	58	58	47	33	43	50	45	22	25	47	38	22	52	68	23	23	65	86	12	22	76	141	92	73	154	171	71	67	138	171	83	193	137	307	401	299	258	96	316	259	262	305	706	904	969	873	551	528	376	263	601	886	971	1000	758	433	320	302	86	118	113	166	79	112	116	96	64	81	83	26	24	100	77	21	1	73	60	0	13	47	38	26
64	170	2	2	119	0	1953125	12	0.0	7898	2.37	0	0	V0.2	0	0	30	47	54	26	16	41	51	33	11	38	42	36	32	38	19	30	31	53	46	11	19	75	68	17	33	67	121	96	77	163	141	70	86	206	188	94	190	226	340	205	54	107	330	304	119	404	821	1000	826	666	515	486	361	558	803	878	680	494	473	300	144	124	139	101	59	56	23	99	109	34	17	82	74	63	35	52	41	75	31	21	30	57	39	33	28
64	170	2	2	119	0	1953125	12	0.0	7706	2.34	0	0	V0.2	0	0	48	41	49	20	30	41	39	21	9	39	29	20	13	47	40	8	22	32	19	34	39	80	6	81	24	74	76	99	73	168	95	60	53	132	230	147	190	258	150	282	269	327	295	269	397	520	768	834	1000	961	788	644	440	434	542	574	484	365	394	408	229	52	106	223	161	55	63	117	82	17	14	75	77	31	4	55	50	42	21	50	19	58	63	51	26
64	170	2	2	119	0	1953125	12	0.0	7606	2.32	0	0	V0.2	0	0	29	83	38	65	13	64	44	56	13	35	49	51	14	39	94	66	57	31	123	84	75	38	103	43	1	131	207	92	121	42	109	55	24	136	135	251	438	441	500	224	329	344	471	300	476	655	882	957	883	1000	925	922	814	669	655	631	583	539	541	517	315	136	199	262	149	46	31	109	103	120	76	100	95	90	46	33	66	94	65	47	88	76	6	48	83
64	170	2	2	119	0	1953125	12	0.0	7636	2.33	0	0	V0.2	0	0	86	50	55	77	88	51	41	60	45	68	46	47	39	50	7	23	105	76	54	28	144	88	15	58	112	81	127	171	248	87	39	86	139	221	196	367	388	633	629	431	287	482	632	405	307	686	996	903	803	687	895	1000	866	862	786	497	489	800	815	476	229	310	393	173	74	105	172	91	98	151	147	83	83	70	54	131	115	57	29	104	57	28	84	128	68
64	170	2	2	119	0	1953125	12	0.0	7611	2.33	0	0	V0.2	0	0	57	56	111	12	45	43	82	22	18	43	62	21	6	24	46	62	61	55	50	79	56	93	95	30	53	54	204	128	87	98	127	38	78	190	332	340	635	615	650	341	352	501	632	399	326	668	925	950	661	724	756	977	1000	789	601	306	514	832	895	744	401	300	424	396	113	104	97	136	118	176	101	100	119	123	25	14	141	143	26	16	92	60	47	101	124
64	170	2	2	119	0	1953125	12	0.0	0	0.98	0	0	V0.2	0	0	414	417	378	347	343	341	324	249	247	225	209	171	125	118	160	140	160	181	245	253	278	329	371	393	440	439	463	533	492	542	530	572	541	526	540	571	740	462	506	629	545	606	437	663	541	295	652	853	156	540	874	871	1000	188	362	969	636	434	604	653	603	340	518	428	460	486	511	379	435	496	452	362	335	355	380	334	256	215	225	251	219	109	102	110	107
64	170	2	2	119	0	1953125	12	0.0	7636	2.33	0	0	V0.2	0	0	19	27	19	12	13	16	22	11	4	17	14	15	13	19	13	3	15	21	26	13	1	46	18	21	9	56	41	48	53	50	16	78	49	70	58	137	145	77	109	192	183	325	195	343	476	408	505	244	303	303	493	1000	335	251	925	609	322	213	258	308	339	244	32	138	89	10	42	25	17	30	63	23	24	13	18	18	20	21	14	11	11	13	4	9	16
64	170	2	2	119	0	1953125	12	0.0	364	1.08	0	0	V0.2	0	0	409	371	347	339	342	326	277	257	255	222	182	141	168	150	140	141	190	190	225	251	293	339	329	365	435	414	448	468	503	494	476	578	489	537	475	536	597	401	567	467	487	304	515	663	431	284	599	441	550	147	491	788	783	420	109	945	1000	111	652	471	287	332	539	310	373	338	466	366	393	396	331	348	336	314	302	238	251	253	198	135	163	136	116	72	35
64	170	2	2	119	0	1953125	12	0.0	389	1.09	0	0	V0.2	0	0	31	35	20	51	32	30	9	46	21	23	15	42	4	24	41	38	15	12	45	6	55	45	81	14	80	57	98	43	113	34	88	64	136	51	68	65	58	88	118	278	225	419	486	538	497	296	347	260	221	217	507	746	666	726	1000	745	627	231	368	482	510	309	40	82	185	28	114	90	99	33	125	71	53	60	95	27	8	70	78	8	20	61	46	16	45
64	170	2	2	119	0	1953125	12	0.0	439	1.09	0	0	V0.2	0	0	40	41	26	12	44	27	36	17	40	16	35	18	28	19	36	33	19	38	29	23	31	56	13	43	43	81	38	89	91	128	34	78	76	119	3	102	42	84	192	171	272	345	469	501	408	289	224	255	99	129	413	602	572	744	1000	803	495	238	309	477	331	206	98	133	80	86	92	141	19	39	71	88	37	50	66	42	48	59	46	12	54	53	27	16	48
64	170	1	2	119	0	1953125	12	0.0	627	1.13	0	0	V0.2	0	0	35	28	30	5	31	18	39	8	21	24	26	10	6	35	8	20	28	31	18	16	56	12	66	28	60	13	76	23	46	71	14	63	27	105	57	183	145	170	109	66	143	204	329	402	355	321	315	335	139	112	345	498	537	786	1000	782	436	219	280	342	147	72	172	102	41	46	60	31	83	57	50	48	107	48	25	53	70	11	36	55	36	25	42	39	15
64	170	1	2	119	0	1953125	12	0.0	7656	2.33	0	0	V0.2	0	0	21	19	9	9	18	21	11	9	19	16	9	4	17	14	8	5	10	15	6	14	35	13	23	7	31	31	12	64	57	81	52	14	24	33	140	161	135	51	58	232	109	312	92	232	246	193	297	187	204	179	541	786	350	801	1000	366	411	312	204	215	30	152	271	59	17	125	41	68	11	38	65	34	17	13	29	26	3	17	16	12	3	8	20	8	14
64	170	1	2	119	0	1953125	12	0.0	7561	2.32	0	0	V0.2	0	0	36	55	37	38	37	32	36	32	31	11	52	35	24	7	49	17	35	26	85	30	35	51	67	46	89	81	148	16	72	51	141	89	45	156	162	200	372	373	442	156	195	387	639	616	374	266	246	298	572	783	867	1000	746	462	392	472	399	535	648	557	360	217	81	215	197	201	206	110	92	116	24	96	10	75	15	66	29	27	18	50	18	51	29	38	16
64	170	1	2	119	0	1953125	12	0.0	7575	2.32	0	0	V0.2	0	0	64	32	61	58	56	27	34	38	54	18	7	55	53	7	22	81	29	39	48	113	47	15	93	96	78	120	136	161	54	84	93	111	184	135	263	210	533	582	528	319	220	498	637	671	277	95	253	374	621	915	902	1000	706	368	254	400	333	482	644	603	414	281	101	219	216	272	285	145	129	61	110	104	40	26	82	65	27	15	72	28	52	51	64	5	65
64	170	2	2	119	0	1953125	12	0.0	0	0.97	0	0	V0.2	0	0	64	20	52	28	71	2	49	16	61	6	54	38	51	13	55	38	42	28	75	27	55	39	106	25	88	44	115	69	109	94	72	71	144	164	103	332	432	462	206	351	499	580	285	142	563	647	513	275	590	667	651	568	230	629	1000	877	467	228	130	266	477	555	240	110	210	363	286	27	113	146	151	45	153	93	84	33	119	80	43	45	70	53	26	50	45
64	170	2	2	119	0	1953125	12	0.0	0	0.96	0	0	V0.2	0	0	305	261	302	261	307	265	305	266	307	267	308	272	296	275	297	278	288	265	284	275	277	263	250	282	241	279	208	283	184	282	193	288	148	326	148	508	173	543	249	494	317	583	432	313	337	638	489	518	586	664	872	430	397	350	1000	493	614	218	130	172	634	346	270	185	406	305	237	253	233	250	157	206	195	276	133	220	141	259	143	231	122	227	151	215	140
64	170	2	2	119	0	1953125	12	0.0	0	0.96	0	0	V0.2	0	0	44	45	39	53	27	55	22	55	17	56	26	54	21	48	33	52	33	66	43	75	41	100	39	93	25	112	49	79	73	75	78	107	140	76	163	296	503	333	197	261	550	581	196	46	575	637	350	480	761	999	792	655	368	649	1000	750	475	181	85	194	505	454	203	58	261	382	249	148	53	194	109	100	94	136	108	61	101	78	90	48	90	59	61	42	52
64	170	2	2	119	0	1953125	12	0.0	0	0.96	0	0	V0.2	0	0	3	55	8	58	17	46	17	50	30	42	38	41	29	39	38	45	25	62	50	58	42	81	75	50	70	64	99	21	103	16	91	31	133	63	155	278	398	369	116	294	418	524	234	119	484	567	370	429	702	825	694	576	361	628	1000	739	384	235	125	135	355	434	174	81	182	357	289	90	92	133	153	40	130	97	111	41	102	88	66	57	69	78	37	52	44
64	170	2	2	119	0	1953125	12	0.0	0	0.96	0	0	V0.2	0	0	13	51	10	55	7	47	10	50	18	45	30	43	24	40	33	43	20	61	39	62	33	83	59	60	57	70	84	33	99	20	93	27	125	37	137	239	392	330	126	272	393	492	209	109	436	520	314	431	639	762	607	496	344	620	1000	716	411	228	74	107	353	393	155	64	170	342	258	99	67	128	129	47	113	88	106	32	99	73	71	50	69	67	38	47	42
64	170	2	2	119	0	1953125	12	0.0	0	0.97	0	0	V0.2	0	0	234	293	251	293	238	288	252	303	253	281	246	305	259	285	239	286	264	284	234	266	244	284	228	250	216	271	244	217	239	224	277	224	290	152	238	353	417	211	379	263	631	244	416	207	598	224	512	203	739	427	542	691	329	401	1000	734	453	366	228	115	410	478	85	163	262	486	68	234	128	306	98	237	83	273	143	227	101	227	158	221	134	189	150	212	141
64	170	2	2	119	0	1953125	12	0.0	0	0.97	0	0	V0.2	0	0	234	293	251	293	238	288	252	303	253	281	246	305	259	285	239	286	264	284	234	266	244	284	228	250	216	271	244	217	239	224	277	224	290	152	238	353	417	211	379	263	631	244	416	207	598	224	512	203	739	427	542	691	329	401	1000	734	453	366	228	115	410	478	85	163	262	486	68	234	128	306	98	237	83	273	143	227	101	227	158	221	134	189	150	212	141
64	170	2	2	119	0	1953125	12	0.0	0	0.97	0	0	V0.2	0	0	267	234	281	226	260	233	281	247	254	233	272	259	258	240	244	268	252	253	217	249	242	262	198	237	200	285	173	256	116	292	162	295	112	261	189	421	164	393	226	451	466	382	423	212	438	298	490	327	696	428	687	635	368	349	999	673	362	298	263	112	379	447	85	195	192	463	118	222	103	295	124	207	88	244	173	186	128	187	190	178	163	142	169	176	177
64	170	2	2	119	0	1953125	12	0.0	0	0.96	0	0	V0.2	0	0	239	206	236	197	243	207	246	198	240	202	259	195	243	194	252	207	237	189	232	203	236	190	211	203	208	222	166	213	145	239	134	249	93	230	158	371	95	379	110	469	397	431	397	163	341	252	335	387	578	411	609	381	431	393	1000	564	393	284	203	38	398	350	112	87	258	397	50	225	74	270	82	197	64	223	132	183	108	175	153	164	156	125	155	137	164
64	170	1	2	119	0	1953125	12	0.0	0	0.96	0	0	V0.2	0	0	49	10	43	14	50	39	16	19	39	53	10	32	35	50	10	39	38	51	5	63	45	59	22	81	87	30	49	33	102	26	73	71	92	73	110	255	250	229	100	384	470	406	239	48	343	276	167	236	505	548	371	358	195	662	1000	856	414	60	55	214	332	272	141	33	196	284	200	131	43	156	135	65	62	91	114	36	67	76	84	50	48	77	55	36	31
64	170	1	2	119	0	1953125	12	0.0	0	0.96	0	0	V0.2	0	0	48	5	46	16	41	21	36	26	30	31	35	38	25	33	34	32	31	37	41	39	44	63	39	68	31	85	18	60	34	72	49	74	95	17	69	183	312	172	184	276	474	445	214	80	240	302	76	291	459	540	368	235	233	647	1000	782	431	119	100	219	342	315	79	77	193	291	173	94	78	143	112	58	94	79	84	30	89	62	59	42	65	57	32	43	41
64	170	1	2	119	0	1953125	12	0.0	0	0.96	0	0	V0.2	0	0	40	26	38	35	28	36	23	35	22	41	26	41	22	36	28	37	27	41	36	48	35	65	37	70	24	78	17	57	27	78	48	93	97	50	75	201	307	198	179	261	472	422	206	67	280	317	101	260	483	541	353	243	195	682	1000	790	431	128	19	221	351	266	106	77	222	263	176	109	74	145	76	80	60	104	64	58	64	64	61	40	63	42	46	27	44
64	170	1	2	119	0	1953125	12	0.0	0	0.97	0	0	V0.2	0	0	5	46	11	44	22	39	23	35	27	28	25	35	29	27	26	37	19	36	24	42	16	53	37	52	43	56	68	23	80	35	90	47	131	31	95	179	332	225	165	272	457	468	205	114	316	405	186	243	429	490	415	306	131	605	1000	760	412	98	123	272	415	319	106	110	251	309	168	102	88	161	76	92	82	104	57	67	80	56	47	46	66	29	37	36	43
64	170	1	2	119	0	1953125	12	0.0	0	0.97	0	0	V0.2	0	0	43	21	36	26	48	10	44	12	36	12	48	24	33	22	43	20	30	29	46	13	43	28	61	22	81	26	62	19	86	45	77	70	92	54	130	267	283	251	180	428	461	429	204	177	284	246	227	334	432	272	220	221	243	565	1000	805	218	201	489	642	550	365	43	259	267	275	161	97	127	89	91	79	118	50	76	54	93	43	58	43	51	32	40	37	32
64	170	1	2	119	0	1953125	12	0.0	0	0.97	0	0	V0.2	0	0	20	62	8	62	9	61	11	60	27	55	26	56	37	47	29	55	32	62	32	62	19	91	48	91	30	125	71	83	77	152	157	77	133	146	178	67	303	382	468	389	443	511	442	282	355	505	586	535	334	217	394	112	197	399	363	498	807	1000	863	573	518	513	526	342	308	273	245	184	72	124	110	148	99	142	81	114	70	91	59	70	57	54	51	54	53
64	170	1	2	119	0	1953125	12	0.0	0	0.97	0	0	V0.2	0	0	20	62	8	62	9	61	11	60	27	55	26	56	37	47	29	55	32	62	32	62	19	91	48	91	30	125	71	83	77	152	157	77	133	146	178	67	303	382	468	389	443	511	442	282	355	505	586	535	334	217	394	112	197	399	363	498	807	1000	863	573	518	513	526	342	308	273	245	184	72	124	110	148	99	142	81	114	70	91	59	70	57	54	51	54	53
64	170	1	2	119	0	1953125	12	0.0	0	0.89	0	0	V0.2	0	0	240	227	244	226	256	230	248	232	233	252	233	260	221	254	225	237	242	229	250	207	243	197	227	225	219	227	171	227	168	263	151	213	201	194	188	164	271	259	156	224	276	600	51	295	258	688	440	142	334	209	600	422	471	551	291	1000	797	394	41	726	690	291	314	260	245	144	179	253	42	220	150	200	214	115	171	115	212	159	181	146	146	160	139	181	143
64	170	1	2	119	0	1953125	12	0.0	0	0.96	0	0	V0.2	0	0	198	199	182	205	196	216	177	205	186	232	179	212	168	229	185	222	153	209	175	236	148	199	131	239	160	198	98	207	207	192	129	175	179	282	186	164	243	204	372	65	219	136	360	25	367	224	508	183	411	378	615	359	186	413	1000	751	142	368	681	607	89	218	205	390	33	284	62	220	125	228	60	190	103	211	127	138	106	173	154	133	116	131	153	133	133
64	170	1	2	119	0	1953125	12	0.0	0	0.96	0	0	V0.2	0	0	61	50	44	51	48	68	27	63	37	66	18	64	40	47	41	76	46	52	63	98	49	104	67	110	13	140	73	77	7	171	168	89	123	285	323	184	241	229	347	216	228	310	455	427	596	671	345	355	660	740	522	629	647	994	1000	339	672	872	649	293	340	271	367	250	289	320	142	125	80	193	85	129	87	142	91	97	103	87	91	69	95	58	76	54	55
64	170	1	2	119	0	1953125	12	0.0	0	0.97	0	0	V0.2	0	0	38	55	37	60	29	69	15	46	30	77	22	38	39	62	12	49	55	58	27	71	48	70	60	132	27	70	51	144	46	144	162	211	114	235	288	269	181	287	415	239	121	338	586	531	678	709	615	440	342	614	592	1000	633	713	979	609	240	768	664	387	149	268	353	252	244	135	206	92	124	126	160	98	100	140	85	82	68	120	44	63	64	86	32	50	58
64	170	1	2	119	0	1953125	12	0.0	0	0.97	0	0	V0.2	0	0	22	82	45	50	26	71	56	41	51	56	48	36	56	47	23	66	60	45	24	95	70	65	78	87	81	97	131	86	126	76	278	162	128	116	328	265	198	234	440	428	247	442	516	681	744	1000	822	489	200	554	419	593	533	397	840	529	513	834	925	450	234	204	280	227	218	298	163	121	104	260	166	116	88	166	132	54	97	90	84	46	107	65	55	52	82
64	170	2	2	119	0	1953125	12	0.0	0	0.98	0	0	V0.2	0	0	64	66	52	28	36	67	73	12	14	62	69	16	46	68	49	35	55	71	35	79	60	48	3	132	135	22	25	169	161	87	186	211	199	170	211	227	221	276	458	276	196	241	505	517	730	877	963	750	202	493	553	513	453	371	957	1000	588	702	965	877	483	58	270	318	297	162	305	132	155	147	258	153	56	87	123	81	72	97	60	27	76	98	29	25	66
64	170	2	2	119	0	1953125	12	0.0	7665	2.33	0	0	V0.2	0	0	21	23	27	21	10	30	22	20	5	22	19	11	3	19	12	4	6	21	11	13	29	17	31	14	75	27	66	46	63	104	108	70	82	104	42	168	176	206	91	117	82	308	98	375	561	462	454	350	461	508	478	394	474	659	1000	783	710	719	438	456	167	101	97	266	206	54	111	110	59	1	74	7	53	32	11	18	35	19	11	11	17	21	9	7	15
64	170	2	2	119	0	1953125	12	0.0	6415	2.12	0	0	V0.2	0	0	78	40	58	99	31	68	83	4	64	44	51	88	50	55	48	12	38	30	95	81	43	88	40	81	83	90	218	184	153	268	194	148	258	173	122	199	58	107	111	258	440	486	553	680	618	543	531	499	489	665	722	841	1000	992	935	939	847	551	460	341	110	89	47	157	244	118	138	157	49	171	168	101	159	123	8	48	25	115	130	97	113	92	42	59	68
64	170	2	2	119	0	1953125	12	0.0	7536	2.31	0	0	V0.2	0	0	29	56	22	25	41	31	33	29	20	16	43	8	3	38	37	37	51	27	9	36	40	7	63	49	10	83	105	136	112	97	61	212	160	102	159	84	243	367	177	215	318	207	416	497	351	483	530	690	828	951	627	439	594	815	937	1000	641	331	251	284	172	112	162	42	114	88	104	64	53	124	68	93	43	9	30	53	27	37	18	3	49	25	29	13	21
64	170	2	2	119	0	1953125	12	0.0	7606	2.32	0	0	V0.2	0	0	62	24	45	41	51	35	29	45	39	37	20	56	16	33	50	68	40	57	51	45	58	49	61	30	81	6	126	79	212	167	77	178	177	34	102	279	371	284	304	137	205	269	507	435	360	493	718	954	1000	693	487	437	474	652	768	730	853	718	589	518	371	66	58	166	185	62	109	58	117	60	136	56	37	64	67	24	23	48	26	22	20	16	47	39	12
64	170	2	2	119	0	1953125	12	0.0	7706	2.34	0	0	V0.2	0	0	33	30	45	55	37	18	36	48	32	10	23	41	18	22	13	19	36	18	57	38	50	19	81	37	72	19	15	151	233	165	207	138	63	13	121	265	230	330	245	204	103	283	421	441	341	435	695	1000	901	487	266	196	345	414	522	567	690	627	651	663	416	30	142	287	224	70	82	114	112	21	51	25	50	96	47	27	61	74	40	46	63	48	22	45	34
64	170	2	2	119	0	1953125	12	0.0	7556	2.32	0	0	V0.2	0	0	74	34	44	75	68	32	27	66	63	25	18	75	47	29	53	118	66	21	45	115	30	45	51	133	59	96	149	285	182	93	195	187	71	169	172	346	316	495	329	190	66	431	546	428	384	595	785	1000	936	505	342	234	238	211	455	584	855	896	772	653	551	198	114	200	355	230	57	115	235	226	35	72	63	92	52	98	60	74	35	92	54	43	54	68	38
64	170	2	2	119	0	1953125	12	0.0	7631	2.33	0	0	V0.2	0	0	69	33	50	44	65	37	21	55	50	27	5	48	26	17	45	45	53	56	53	41	68	32	57	49	87	55	111	153	302	182	150	263	183	79	88	375	411	400	362	217	241	333	568	469	435	562	743	1000	941	522	347	321	463	659	704	736	861	719	614	569	293	194	198	278	235	133	143	94	120	82	155	60	70	90	60	23	39	40	53	35	31	24	83	72	33
64	170	2	2	119	0	1953125	12	0.0	7706	2.34	0	0	V0.2	0	0	55	44	47	45	67	28	40	30	58	7	27	26	40	13	12	41	56	24	41	43	76	32	62	52	94	51	18	183	281	165	190	134	96	80	23	240	290	427	420	314	313	458	748	653	578	526	653	967	1000	729	593	413	256	299	335	348	529	585	502	483	318	380	386	287	238	55	122	53	106	3	90	87	35	71	43	69	30	47	51	73	30	30	56	54	13
64	170	2	2	119	0	1953125	12	0.0	7792	2.36	0	0	V0.2	0	0	60	26	36	60	52	32	10	62	25	50	29	62	20	47	62	66	17	10	43	54	77	35	70	68	95	15	78	186	144	195	159	42	66	145	79	264	322	584	461	417	315	738	913	821	571	409	632	998	1000	871	819	645	534	498	407	338	449	468	302	303	239	440	384	218	168	49	92	41	85	66	71	91	53	67	62	74	30	42	51	47	14	20	23	26	35
64	170	2	2	119	0	1953125	12	0.0	0	0.98	0	0	V0.2	0	0	358	375	348	322	308	298	283	244	217	189	181	153	116	103	123	149	146	165	222	231	262	278	319	384	381	403	410	460	465	467	529	495	504	547	517	507	534	577	562	402	591	223	1000	187	324	787	603	164	699	491	259	778	770	501	415	878	146	257	441	427	458	478	424	397	463	488	367	321	422	434	388	286	302	328	333	279	221	175	227	216	199	87	93	109	106
64	170	2	2	119	0	1953125	12	0.0	7673	2.34	0	0	V0.2	0	0	17	18	20	18	14	24	20	16	14	17	11	12	6	10	7	3	5	8	5	9	24	5	32	9	49	28	58	29	30	70	102	103	94	161	111	151	143	221	167	235	53	240	256	612	622	319	257	373	627	370	493	873	68	346	1000	417	464	721	764	751	152	184	236	335	140	48	29	116	86	27	44	47	71	23	13	22	48	21	11	18	25	16	4	5	22
64	170	2	2	119	0	1953125	12	0.0	0	0.98	0	0	V0.2	0	0	979	974	966	969	981	989	981	977	987	1000	993	981	978	992	985	967	955	956	949	937	912	904	901	888	868	849	849	852	830	803	810	812	817	793	770	817	846	788	788	829	859	752	896	811	767	897	879	686	956	777	717	810	651	817	825	663	803	835	727	707	716	746	657	683	686	672	660	659	657	652	666	654	655	653	656	654	649	651	643	646	640	642	629	623	615
64	170	2	2	119	0	1953125	12	0.0	169	1.05	0	0	V0.2	0	0	5	57	17	51	15	36	36	36	30	12	41	9	31	30	40	23	25	46	14	40	11	44	37	63	9	34	90	9	50	29	58	93	135	129	155	145	223	342	370	358	329	316	447	522	598	339	233	161	294	419	655	870	402	328	546	287	160	845	1000	872	449	415	485	554	263	143	153	192	34	111	57	48	84	98	50	50	102	62	50	61	77	22	62	61	35
64	170	2	2	119	0	1953125	12	0.0	119	1.04	0	0	V0.2	0	0	28	35	7	42	22	42	10	40	11	47	20	29	25	47	29	16	37	28	25	13	72	28	47	19	84	12	75	76	131	25	70	84	142	66	167	183	284	212	284	280	315	234	284	334	374	293	129	215	300	448	752	1000	878	715	683	564	398	99	446	671	630	491	301	361	298	261	49	124	124	118	22	103	74	62	43	98	54	43	55	85	38	31	63	73	39
64	170	2	2	119	0	1953125	12	0.0	0	0.96	0	0	V0.2	0	0	206	221	207	225	194	223	204	239	194	227	191	247	193	239	176	240	186	243	178	217	168	245	169	222	124	237	179	200	154	182	207	216	158	189	173	243	284	159	327	115	403	78	339	21	343	124	493	227	340	192	530	575	1000	736	505	547	738	502	42	176	225	242	177	262	73	248	23	277	102	183	41	241	118	182	101	179	139	170	132	142	141	150	155	117	140
64	170	2	2	119	0	1953125	12	0.0	0	0.96	0	0	V0.2	0	0	206	221	207	225	194	223	204	239	194	227	191	247	193	239	176	240	186	243	178	217	168	245	169	222	124	237	179	200	154	182	207	216	158	189	173	243	284	159	327	115	403	78	339	21	343	124	493	227	340	192	530	575	1000	736	505	547	738	502	42	176	225	242	177	262	73	248	23	277	102	183	41	241	118	182	101	179	139	170	132	142	141	150	155	117	140
64	170	2	2	119	0	1953125	12	0.0	0	0.96	0	0	V0.2	0	0	252	258	266	262	274	248	266	258	288	247	281	236	297	241	294	215	289	224	295	214	270	192	301	196	289	148	283	225	264	193	214	231	299	205	207	251	318	477	171	460	116	602	145	391	93	557	220	496	136	396	47	605	704	1000	909	253	366	685	641	186	310	205	425	93	350	91	321	113	251	143	258	144	222	171	211	193	174	189	170	208	152	199	137	207	135
64	170	2	2	119	0	1953125	12	0.0	0	0.96	0	0	V0.2	0	0	308	259	296	258	298	274	299	266	290	282	298	285	274	284	282	301	259	284	251	293	260	284	210	296	228	319	158	277	182	339	177	244	147	405	151	332	70	544	428	303	306	484	542	150	355	434	614	97	399	331	230	338	991	716	1000	87	672	540	822	441	184	95	476	323	200	275	210	320	105	248	161	290	103	260	110	274	117	245	117	242	137	234	126	214	142
64	170	2	2	119	0	1953125	12	0.0	0	0.97	0	0	V0.2	0	0	27	52	10	48	10	51	4	45	19	43	13	47	30	35	21	49	26	39	22	54	2	50	26	69	3	89	50	64	31	112	123	35	48	151	182	82	194	264	344	194	194	292	349	175	235	334	443	352	96	104	89	363	621	1000	822	273	373	693	643	497	237	116	297	194	160	76	174	154	94	81	105	125	61	91	62	87	32	70	43	52	28	55	46	34	33
64	170	1	2	119	0	1953125	12	0.0	0	0.96	0	0	V0.2	0	0	45	49	25	48	21	49	17	57	19	42	19	54	24	37	34	57	20	45	35	60	23	84	41	75	27	110	72	47	61	96	131	27	84	114	175	64	265	267	306	192	213	337	195	143	278	444	466	388	130	169	120	367	662	1000	805	221	554	662	719	599	253	20	250	199	110	120	137	201	99	108	84	137	92	84	100	81	84	53	90	48	60	49	72	46	43
64	170	1	2	119	0	1953125	12	0.0	0	0.96	0	0	V0.2	0	0	52	21	48	19	59	3	47	21	56	15	46	35	43	19	53	40	43	22	64	27	56	39	90	45	84	81	76	78	62	142	71	63	24	168	91	127	178	319	325	170	226	279	242	89	324	391	546	340	175	181	126	306	566	1000	708	264	522	719	736	571	288	93	259	179	175	54	177	150	119	90	104	130	67	97	68	106	51	79	64	65	47	57	63	42	45
64	170	1	2	119	0	1953125	12	0.0	0	0.96	0	0	V0.2	0	0	57	40	40	34	40	47	30	51	30	45	23	55	31	37	38	57	31	39	47	62	35	74	53	82	35	118	57	85	50	140	136	9	49	149	156	103	273	327	418	228	311	346	243	191	310	440	529	391	195	257	129	308	606	1000	786	227	511	701	805	598	287	59	259	195	138	76	145	186	94	108	86	154	73	95	80	98	68	66	86	53	55	51	76	40	45
64	170	1	2	119	0	1953125	12	0.0	0	0.96	0	0	V0.2	0	0	57	40	40	34	40	47	30	51	30	45	23	55	31	37	38	57	31	39	47	62	35	74	53	82	35	118	57	85	50	140	136	9	49	149	156	103	273	327	418	228	311	346	243	191	310	440	529	391	195	257	129	308	606	1000	786	227	511	701	805	598	287	59	259	195	138	76	145	186	94	108	86	154	73	95	80	98	68	66	86	53	55	51	76	40	45
64	170	1	2	119	0	1953125	12	0.0	0	0.96	0	0	V0.2	0	0	54	5	47	6	57	18	40	18	52	26	38	37	42	19	47	43	42	15	64	39	54	40	86	58	70	84	72	87	55	153	80	62	22	182	104	139	206	375	390	243	320	343	301	148	320	373	525	306	224	292	222	333	589	1000	692	207	352	574	640	532	290	89	198	157	170	34	157	127	126	75	113	124	71	88	69	103	42	83	61	70	39	66	62	43	42
64	170	1	2	119	0	1953125	12	0.0	0	0.96	0	0	V0.2	0	0	226	279	233	275	223	274	238	288	222	276	230	292	234	274	220	282	236	271	222	256	220	274	221	231	205	249	259	189	246	177	332	147	258	129	341	129	389	140	560	145	474	248	400	323	466	288	594	402	202	376	186	418	337	999	385	289	499	675	433	637	261	252	59	349	196	228	146	230	227	178	197	168	223	145	222	124	221	125	222	118	211	115	210	124	193
64	170	1	2	119	0	1953125	12	0.0	0	0.96	0	0	V0.2	0	0	236	244	251	244	250	235	251	249	266	231	256	235	275	230	261	212	274	219	268	197	251	201	282	177	252	152	291	170	276	110	282	226	243	133	268	168	369	294	374	363	287	443	160	378	346	535	364	513	58	370	49	436	340	1000	552	237	315	766	605	531	406	248	156	232	286	152	233	111	263	118	244	78	237	105	239	99	213	110	216	129	195	117	193	140	179
64	170	1	2	119	0	1953125	12	0.0	0	0.96	0	0	V0.2	0	0	43	46	25	43	20	44	16	52	18	40	16	50	24	35	29	52	21	41	30	57	23	75	38	72	19	101	67	57	58	109	137	8	72	95	161	47	224	256	328	210	235	327	218	174	296	441	450	322	78	105	152	340	621	1000	800	255	358	536	773	617	337	119	203	166	105	76	106	184	99	86	66	124	81	64	82	69	70	40	79	40	47	37	65	40	32
64	170	1	2	119	0	1953125	12	0.0	0	0.96	0	0	V0.2	0	0	41	33	25	29	24	33	19	37	17	32	15	39	18	25	25	40	17	27	29	43	28	58	36	61	18	87	40	47	24	96	101	13	43	90	128	39	168	206	262	134	221	278	242	130	300	414	399	334	158	195	217	419	639	1000	779	326	53	303	466	387	246	159	253	154	116	82	98	155	77	65	38	103	52	52	55	58	48	35	60	29	35	32	52	30	24
64	170	1	2	119	0	1953125	12	0.0	0	0.96	0	0	V0.2	0	0	45	23	31	20	35	31	25	30	27	31	19	35	21	19	28	38	22	19	37	39	38	51	54	65	29	80	29	46	16	119	75	43	38	134	140	54	143	215	283	112	209	258	255	106	357	427	459	365	204	261	241	405	620	1000	812	364	106	347	505	375	237	172	263	178	161	84	109	146	80	69	47	108	40	55	40	70	34	49	59	40	31	37	56	25	23
64	170	1	2	119	0	1953125	12	0.0	113	1.04	0	0	V0.2	0	0	30	21	49	26	28	12	50	5	32	26	36	25	32	41	12	37	27	37	25	35	44	17	80	38	52	32	118	36	71	40	85	112	174	156	178	147	223	308	375	404	452	392	361	199	354	280	314	152	133	282	316	322	504	1000	879	454	82	665	875	788	400	187	371	345	156	131	184	188	62	116	86	53	52	128	42	43	76	97	3	48	74	46	39	67	58
64	170	1	2	119	0	1953125	12	0.0	113	1.04	0	0	V0.2	0	0	30	21	49	26	28	12	50	5	32	26	36	25	32	41	12	37	27	37	25	35	44	17	80	38	52	32	118	36	71	40	85	112	174	156	178	147	223	308	375	404	452	392	361	199	354	280	314	152	133	282	316	322	504	1000	879	454	82	665	875	788	400	187	371	345	156	131	184	188	62	116	86	53	52	128	42	43	76	97	3	48	74	46	39	67	58
64	170	1	2	119	0	1953125	12	0.0	119	1.04	0	0	V0.2	0	0	36	39	41	33	32	19	50	18	36	3	51	16	37	27	46	20	21	43	24	38	14	73	1	61	30	90	37	108	10	56	107	136	123	126	105	173	231	347	407	479	334	395	286	299	288	358	320	241	247	331	284	168	556	1000	925	552	179	670	926	846	431	130	300	360	185	124	167	235	128	53	56	94	14	113	76	78	23	95	44	36	53	84	36	36	61
64	170	1	2	119	0	1953125	12	0.0	7706	2.34	0	0	V0.2	0	0	81	54	54	39	62	57	65	26	31	67	55	14	30	91	50	20	66	82	8	13	125	99	33	26	146	116	74	100	251	134	97	28	108	38	169	65	111	125	342	245	148	31	328	338	347	551	638	528	581	657	941	999	861	913	943	778	569	413	485	358	211	67	261	279	185	176	134	28	64	17	87	55	102	46	66	65	95	36	27	53	92	32	12	58	76
64	170	1	2	119	0	1953125	12	0.0	7706	2.34	0	0	V0.2	0	0	81	54	54	39	62	57	65	26	31	67	55	14	30	91	50	20	66	82	8	13	125	99	33	26	146	116	74	100	251	134	97	28	108	38	169	65	111	125	342	245	148	31	328	338	347	551	638	528	581	657	941	999	861	913	943	778	569	413	485	358	211	67	261	279	185	176	134	28	64	17	87	55	102	46	66	65	95	36	27	53	92	32	12	58	76
64	170	1	2	119	0	1953125	12	0.0	7696	2.34	0	0	V0.2	0	0	60	61	57	19	35	64	68	3	13	71	58	1	32	91	53	10	51	84	7	20	100	107	24	41	125	134	63	56	194	148	91	91	64	37	144	116	46	104	316	263	87	47	340	369	288	401	565	466	434	531	770	869	685	759	991	1000	770	386	371	449	331	180	100	316	243	171	129	107	30	20	62	61	76	81	64	68	74	73	44	25	71	68	27	12	65
64	170	1	2	119	0	1953125	12	0.0	7721	2.34	0	0	V0.2	0	0	75	24	27	34	64	28	21	38	59	32	23	44	40	34	35	56	34	31	29	53	66	46	31	51	107	76	45	84	121	42	89	18	91	60	69	20	57	129	219	192	221	102	182	185	244	350	384	298	184	266	586	577	428	567	916	1000	985	613	238	283	414	285	52	171	199	197	70	58	49	88	94	22	42	38	107	57	30	46	88	44	24	31	38	23	42
64	170	1	2	119	0	1953125	12	0.0	7721	2.34	0	0	V0.2	0	0	75	24	27	34	64	28	21	38	59	32	23	44	40	34	35	56	34	31	29	53	66	46	31	51	107	76	45	84	121	42	89	18	91	60	69	20	57	129	219	192	221	102	182	185	244	350	384	298	184	266	586	577	428	567	916	1000	985	613	238	283	414	285	52	171	199	197	70	58	49	88	94	22	42	38	107	57	30	46	88	44	24	31	38	23	42
64	170	1	2	119	0	1953125	12	0.0	7576	2.32	0	0	V0.2	0	0	43	27	39	60	48	18	22	70	48	5	19	62	37	3	40	73	26	15	49	88	26	17	63	105	47	7	111	152	46	67	77	55	91	104	59	117	84	176	140	223	219	98	35	91	356	488	481	508	288	321	454	431	503	748	914	992	1000	548	233	228	339	141	106	154	323	240	79	31	129	135	8	34	40	74	75	46	57	43	56	55	35	27	49	50	25
64	170	1	2	119	0	1953125	12	0.0	7928	2.38	0	0	V0.2	0	0	34	30	46	55	39	7	54	47	21	5	36	43	8	6	25	34	26	29	57	34	40	30	75	74	35	9	77	160	131	108	169	97	45	17	64	184	129	23	77	298	253	60	65	207	380	566	736	783	487	560	625	623	684	897	1000	917	581	243	310	265	71	75	111	207	146	99	109	74	92	57	64	46	85	70	12	8	53	37	45	37	48	16	51	42	28
64	170	1	2	119	0	1953125	12	0.0	7701	2.34	0	0	V0.2	0	0	34	82	54	44	18	80	52	42	19	69	38	42	43	76	31	20	48	63	37	53	81	117	33	54	38	95	96	147	124	220	143	74	80	171	48	176	153	221	145	130	189	199	292	326	416	594	670	731	1000	951	858	714	599	633	758	788	589	302	317	276	175	43	130	275	287	188	205	222	87	66	67	162	121	42	34	97	92	45	54	68	71	35	51	54	44
64	170	1	2	119	0	1953125	12	0.0	7700	2.34	0	0	V0.2	0	0	62	69	20	40	44	70	35	4	55	76	24	13	64	74	31	41	72	36	40	80	125	40	35	57	103	83	96	125	179	21	82	40	21	191	148	96	113	278	330	137	69	171	321	282	453	746	765	671	787	863	991	785	476	621	972	1000	782	532	334	230	195	221	319	247	176	181	82	100	133	115	131	45	101	54	72	68	107	67	58	60	62	37	33	52	45
64	170	1	2	119	0	1953125	12	0.0	7550	2.32	0	0	V0.2	0	0	75	5	37	33	65	22	19	24	56	40	9	27	43	52	48	59	29	31	40	79	60	23	44	57	75	74	61	110	85	13	83	43	119	138	57	96	170	300	154	84	86	197	166	206	480	715	623	603	573	717	759	522	303	582	953	1000	909	533	104	119	236	216	174	144	209	169	5	97	74	126	94	23	23	47	110	68	7	32	98	77	11	23	65	61	13
64	170	1	2	119	0	1953125	12	0.0	7316	2.28	0	0	V0.2	0	0	42	27	43	25	47	35	26	28	36	24	23	18	33	21	43	11	42	21	62	25	53	27	34	30	66	8	76	23	152	89	106	74	87	55	155	160	89	156	97	69	149	100	158	349	596	841	729	672	556	608	649	517	428	628	899	999	946	557	174	177	381	355	170	46	174	174	43	72	116	158	16	78	94	152	46	52	64	119	55	48	46	74	37	31	52
64	170	1	2	119	0	1953125	12	0.0	7260	2.27	0	0	V0.2	0	0	48	42	5	67	41	41	7	55	22	42	11	22	39	48	34	15	59	44	49	29	59	10	37	75	130	10	70	94	182	19	68	95	157	55	190	228	298	211	169	276	273	201	326	569	617	540	636	635	742	541	339	235	182	464	892	1000	864	493	95	419	555	450	136	87	233	223	75	146	154	151	30	84	93	82	66	81	57	51	89	84	44	48	69	54	39
64	170	1	2	119	0	1953125	12	0.0	119	1.04	0	0	V0.2	0	0	346	346	315	296	311	305	254	235	220	214	171	149	143	131	125	122	171	186	193	212	260	301	303	345	353	382	422	398	416	470	488	498	422	462	459	603	480	292	515	633	357	259	674	462	375	608	352	566	581	676	752	353	163	411	395	1000	287	294	425	662	410	352	539	480	365	343	339	434	374	347	328	311	340	307	254	223	240	256	174	120	149	127	83	37	32
64	170	1	2	119	0	1953125	12	0.0	0	0.96	0	0	V0.2	0	0	222	214	231	217	207	217	228	231	212	221	208	245	212	232	190	236	207	239	188	216	179	252	188	195	177	198	223	187	170	162	247	163	238	83	268	101	332	125	328	217	309	418	224	320	241	484	226	498	62	422	280	453	664	865	1000	396	214	436	468	81	145	243	402	81	234	143	209	196	114	179	125	214	93	178	95	195	113	182	109	162	138	159	146	124	142
64	170	1	2	119	0	1953125	12	0.0	0	0.96	0	0	V0.2	0	0	35	34	20	32	18	33	15	37	13	33	10	38	16	25	20	38	14	28	25	45	26	64	36	62	5	71	34	32	6	97	82	41	81	136	151	45	154	160	232	129	218	310	280	167	257	394	324	260	188	301	202	407	635	1000	968	447	116	264	366	215	58	157	281	195	116	97	79	137	63	78	48	96	63	55	57	50	52	37	62	32	43	32	51	31	26
