34928	35048	35167	35286	35405	35524	35644	35763	35882	36001	36120	36240	36359	36478	36597	36716	36836	36955	37074	37193	37313	37432	37551	37670	37789	37909	38028	38147	38266	38385	38505	38624	38743	38862	38981	39101	39220	39339	39458	39577	39697	39816	39935	40054	40174	40293	40412	40531	40650	40770	40889	41008	41127	41246	41366	41485	41604	41723	41842	41962	42081	42200	42319	42439	42558	42677	42796	42915	43035	43154	43273	43392	43511	43631	43750	43869	43988	44107	44227	44346	44465	44584	44703	44823	44942
64	170	1	2	119	0	1953125	12	0.0	0	1.02	0	0	V0.2	0	0	236	172	252	174	247	180	261	190	245	205	249	215	227	229	215	246	184	250	170	265	136	256	137	262	123	240	151	248	179	186	260	167	249	72	396	180	388	250	562	381	695	378	751	438	836	513	1000	776	950	531	722	466	777	360	737	537	805	514	508	197	265	216	36	303	141	342	158	286	133	291	116	291	89	299	81	277	63	269	74	239	91	226	106	209	123
64	170	1	2	119	0	1953125	12	0.0	0	1.02	0	0	V0.2	0	0	172	198	186	202	194	190	212	190	219	176	230	179	231	168	232	171	228	162	219	169	216	168	188	190	174	197	135	226	102	252	36	265	89	278	122	396	67	440	212	612	323	626	372	700	459	766	588	1000	553	744	348	691	415	563	414	740	585	422	467	256	130	172	217	90	321	49	297	16	275	15	278	33	269	45	260	72	236	87	217	114	185	134	159	154	145
64	170	1	2	119	0	1953125	12	0.0	0	1.02	0	0	V0.2	0	0	181	195	197	201	205	185	223	188	227	175	240	177	239	168	237	178	230	172	218	182	212	181	183	203	168	210	126	242	89	261	41	272	102	271	156	392	93	443	235	610	351	612	399	688	496	750	619	999	572	742	353	684	458	534	448	718	643	416	523	221	172	167	217	115	337	84	312	21	286	45	285	62	276	76	263	97	235	110	212	132	179	150	151	172	135
64	170	1	2	119	0	1953125	12	0.0	0	1.02	0	0	V0.2	0	0	169	195	187	197	194	185	213	184	218	170	232	171	233	160	233	167	227	160	215	171	212	170	184	194	165	199	128	231	90	254	36	263	95	264	147	388	94	442	236	605	349	616	402	688	488	750	620	999	590	767	380	677	437	533	456	724	611	390	481	230	153	179	191	115	313	73	295	15	271	41	270	60	262	73	251	95	222	106	204	127	172	145	144	166	125
64	170	1	2	119	0	1953125	12	0.0	0	1.02	0	0	V0.2	0	0	169	188	184	191	193	179	210	180	214	166	227	170	227	160	225	166	221	161	209	170	207	168	179	191	161	196	125	226	89	246	38	255	93	256	144	382	95	441	237	601	350	619	397	679	475	746	622	1000	609	794	393	676	414	529	435	707	586	380	467	234	148	193	166	125	293	67	284	10	263	35	263	55	258	65	248	87	222	99	205	122	169	138	146	161	129
64	170	1	2	119	0	1953125	12	0.0	0	1.02	0	0	V0.2	0	0	235	169	254	172	246	183	256	194	238	210	242	221	219	235	208	249	177	254	165	263	132	255	140	259	131	235	162	237	190	170	273	148	257	51	404	154	397	222	571	357	696	354	757	430	841	497	1000	743	957	497	724	420	764	358	728	541	787	533	481	225	243	220	46	313	123	353	135	296	110	299	93	300	63	302	59	279	56	267	70	237	97	221	116	201	134
64	170	1	2	119	0	1953125	12	0.0	0	1.02	0	0	V0.2	0	0	235	169	254	172	246	183	256	194	238	210	242	221	219	235	208	249	177	254	165	263	132	255	140	259	131	235	162	237	190	170	273	148	257	51	404	154	397	222	571	357	696	354	757	430	841	497	1000	743	957	497	724	420	764	358	728	541	787	533	481	225	243	220	46	313	123	353	135	296	110	299	93	300	63	302	59	279	56	267	70	237	97	221	116	201	134
64	170	1	2	119	0	1953125	12	0.0	0	1.02	0	0	V0.2	0	0	242	242	239	253	229	276	224	285	214	299	211	300	208	296	219	280	224	267	240	245	247	217	267	176	276	142	296	102	304	115	333	146	261	258	350	301	423	304	569	543	669	605	698	723	736	832	973	1000	995	671	768	643	637	743	557	920	551	800	271	469	138	113	322	218	280	316	211	300	211	273	226	250	249	238	245	199	262	173	244	144	258	114	248	98	256
64	170	1	2	119	0	1953125	12	0.0	0	1.02	0	0	V0.2	0	0	229	194	235	200	223	222	224	232	207	249	206	252	191	261	189	258	177	254	184	248	171	228	199	207	204	174	236	149	260	71	315	59	265	123	393	127	432	140	593	337	694	388	743	482	790	580	999	749	1000	478	784	415	696	523	658	682	625	668	292	358	221	138	211	266	104	350	49	317	52	304	72	295	102	292	110	257	143	240	146	202	179	169	189	137	209
64	170	1	2	119	0	1953125	12	0.0	0	1.02	0	0	V0.2	0	0	229	217	227	226	216	249	212	257	203	271	198	273	191	273	201	259	201	250	215	233	216	212	234	176	245	142	266	105	283	88	315	108	251	214	356	245	422	242	566	456	656	510	687	612	719	730	960	903	1000	593	762	527	617	653	577	822	538	737	255	435	177	98	286	216	224	318	156	304	155	275	173	259	200	248	197	212	221	194	208	155	225	122	223	93	238
64	170	1	2	119	0	1953125	12	0.0	0	1.02	0	0	V0.2	0	0	220	207	220	215	210	239	207	244	194	259	192	262	185	263	192	250	192	242	203	227	201	208	222	174	230	143	253	105	270	78	309	96	245	198	352	230	414	221	557	433	647	479	681	575	712	692	948	869	999	582	759	489	606	602	568	766	530	703	247	418	186	92	270	203	199	310	135	297	132	271	149	257	177	251	180	214	202	194	192	162	213	129	213	94	228
64	170	1	2	119	0	1953125	12	0.0	0	1.02	0	0	V0.2	0	0	231	224	229	234	218	255	215	263	204	279	203	279	198	277	207	263	209	252	222	234	226	209	244	176	252	141	277	101	292	92	326	118	263	223	359	259	423	259	573	484	673	538	706	644	741	749	963	916	1000	618	778	581	647	662	562	828	544	764	262	440	142	119	285	225	232	324	173	310	171	285	186	266	209	255	211	214	227	193	219	156	233	119	232	91	243
64	170	1	2	119	0	1953125	12	0.0	0	1.02	0	0	V0.2	0	0	238	216	238	226	225	251	220	259	207	276	204	279	193	281	201	270	199	260	212	246	214	222	236	189	244	150	272	115	290	74	335	95	269	202	382	230	437	229	592	449	685	510	730	611	762	712	987	870	1000	562	771	524	653	647	587	805	569	757	257	422	164	129	278	247	208	343	148	318	150	290	167	272	192	264	191	225	214	201	206	166	227	133	226	99	237
64	170	1	2	119	0	1953125	12	0.0	0	1.02	0	0	V0.2	0	0	227	189	234	199	220	218	222	227	205	247	202	250	186	259	188	254	174	250	182	242	171	225	194	205	201	172	234	145	257	69	313	56	263	126	391	131	433	139	585	340	688	381	730	473	779	576	994	755	1000	468	766	405	686	518	639	667	609	666	293	357	223	125	217	264	113	348	50	315	55	300	74	291	102	289	111	253	144	236	148	198	176	165	189	130	205
64	170	1	2	119	0	1953125	12	0.0	0	1.02	0	0	V0.2	0	0	226	188	233	196	221	216	222	225	207	245	203	249	188	256	188	255	172	250	181	245	166	229	190	209	197	174	228	153	254	74	313	58	263	112	391	115	430	133	589	328	696	371	735	458	785	559	994	740	1000	465	766	396	701	499	646	648	626	667	304	350	218	142	207	269	100	353	41	320	44	302	63	295	91	292	100	258	132	239	135	201	168	170	183	136	200
64	170	1	2	119	0	1953125	12	0.0	0	1.02	0	0	V0.2	0	0	237	235	236	241	226	266	221	274	209	290	208	289	202	288	212	273	216	262	232	240	235	216	256	178	264	141	287	99	303	99	336	129	264	241	363	274	428	275	583	507	677	568	713	681	753	786	986	954	1000	622	768	595	654	710	587	893	571	797	271	461	132	132	297	237	250	339	188	317	186	288	204	266	226	257	226	217	245	191	231	155	242	120	242	92	253
64	170	1	2	119	0	1953125	12	0.0	0	1.02	0	0	V0.2	0	0	166	219	166	225	169	228	171	240	173	237	170	245	173	237	165	244	162	237	147	245	133	241	122	240	122	235	107	246	126	238	147	229	175	234	221	357	156	453	239	616	353	667	354	736	439	828	561	1000	589	734	447	650	407	662	374	801	461	653	224	391	107	107	236	252	122	315	51	309	8	278	4	293	28	272	39	262	64	233	72	221	86	203	74	209	74
64	170	1	2	119	0	1953125	12	0.0	0	1.02	0	0	V0.2	0	0	245	235	244	247	228	272	224	278	210	297	209	297	203	296	214	280	220	267	233	247	236	220	259	181	268	145	294	101	307	101	340	132	268	241	369	275	436	281	593	517	688	581	722	696	760	797	990	957	1000	630	777	600	652	725	585	906	568	799	272	462	139	128	310	238	261	336	195	316	193	284	209	266	231	252	231	212	247	187	234	154	246	118	244	95	252
64	170	1	2	119	0	1953125	12	0.0	0	1.02	0	0	V0.2	0	0	237	208	239	217	226	241	224	250	208	269	204	272	191	277	194	267	188	262	200	247	198	226	222	194	231	159	262	124	283	67	330	80	269	174	384	191	436	200	603	421	703	476	740	580	783	677	995	831	1000	537	785	502	692	635	629	787	590	736	268	410	173	139	250	261	180	348	120	324	125	300	142	285	168	276	171	235	195	213	190	174	211	138	216	105	229
64	170	1	2	119	0	1953125	12	0.0	0	1.02	0	0	V0.2	0	0	231	172	246	173	237	188	247	197	229	214	229	224	209	236	198	250	169	251	161	261	131	250	146	247	138	222	172	224	203	153	279	128	261	33	403	133	401	202	581	343	704	349	761	421	841	496	1000	728	960	481	741	421	774	385	730	541	756	536	443	224	240	211	65	304	102	350	118	299	97	300	81	299	53	304	46	281	50	268	68	236	102	219	121	197	137
64	170	1	2	119	0	1953125	12	0.0	0	1.02	0	0	V0.2	0	0	210	239	209	246	200	263	198	269	195	276	199	273	202	264	219	245	229	226	244	202	251	175	262	140	268	116	278	87	281	146	285	183	216	281	281	343	357	351	486	577	559	633	585	746	620	836	837	1000	856	687	638	663	525	742	473	916	496	744	302	437	93	97	314	162	308	255	251	253	243	217	255	193	274	179	268	142	275	120	251	107	250	85	234	91	239
64	170	1	2	119	0	1953125	12	0.0	0	1.02	0	0	V0.2	0	0	229	201	231	209	221	232	219	240	204	258	201	263	186	268	189	260	184	255	194	241	189	221	213	193	222	157	253	128	273	65	324	68	265	158	384	175	430	175	589	389	690	439	727	539	770	641	982	805	1000	511	766	467	679	597	633	759	598	722	286	409	176	138	233	264	160	351	100	323	103	301	120	287	146	281	151	242	179	219	174	178	200	146	205	112	221
64	170	1	2	119	0	1953125	12	0.0	0	1.02	0	0	V0.2	0	0	227	177	236	181	226	199	231	209	212	231	210	237	193	246	188	252	165	252	165	251	146	239	167	227	169	198	205	182	233	104	299	77	266	51	398	80	422	136	588	309	703	337	755	418	814	504	1000	704	988	449	770	394	755	448	693	588	681	608	359	293	230	172	149	286	48	352	39	315	19	308	4	303	32	301	47	272	86	258	101	220	138	193	155	165	176
64	170	1	2	119	0	1953125	12	0.0	0	1.02	0	0	V0.2	0	0	245	200	269	204	268	195	289	205	277	207	287	219	269	227	259	249	232	252	211	276	181	272	158	291	129	279	119	302	126	271	202	263	226	203	358	336	318	415	508	572	653	563	726	637	833	695	969	1000	903	739	671	675	794	458	775	664	898	422	611	78	270	248	102	276	285	277	287	216	263	236	249	246	227	260	211	256	171	260	156	246	117	251	99	252	84
64	170	1	2	119	0	1953125	12	0.0	0	1.02	0	0	V0.2	0	0	227	198	228	203	231	208	232	218	231	227	225	230	227	234	212	244	199	246	181	247	174	253	151	251	138	263	109	270	83	299	49	288	109	321	101	428	59	500	205	673	321	711	360	788	456	868	664	1000	712	689	567	633	521	684	475	818	527	715	249	413	151	148	216	304	85	355	28	336	41	304	30	318	62	294	60	287	82	258	84	243	99	224	77	231	82
64	170	1	2	119	0	1953125	12	0.0	0	1.02	0	0	V0.2	0	0	247	226	256	223	267	220	281	217	285	216	297	207	296	210	296	201	291	199	290	181	287	185	275	181	257	204	248	207	208	277	190	285	131	357	150	438	268	463	414	668	528	713	581	787	651	870	903	1000	972	674	787	609	705	699	641	857	667	769	299	429	215	163	214	327	73	393	30	366	41	342	24	353	42	334	38	319	71	292	77	273	105	251	99	245	116
64	170	1	2	119	0	1953125	12	0.0	0	1.02	0	0	V0.2	0	0	225	169	242	170	235	183	243	190	227	207	227	218	209	228	200	241	171	244	161	253	131	246	141	243	133	221	160	220	190	156	262	132	244	42	383	130	397	211	573	345	702	366	755	420	823	499	1000	751	997	556	779	453	766	368	746	545	749	480	427	185	297	153	108	264	73	315	118	274	105	276	88	282	63	289	56	270	53	263	67	230	97	215	112	196	130
64	170	1	2	119	0	1953125	12	0.0	0	1.02	0	0	V0.2	0	0	231	196	255	194	255	188	275	194	267	193	277	204	263	209	254	233	226	237	208	257	181	254	154	276	127	265	111	292	114	261	180	254	204	197	335	331	304	413	485	550	624	559	693	624	801	693	944	1000	891	760	645	676	747	458	727	646	815	356	562	81	272	242	67	261	256	255	268	193	247	211	235	227	215	238	201	236	165	241	153	230	119	231	100	237	82
64	170	1	2	119	0	1953125	12	0.0	1	1.02	0	0	V0.2	0	0	50	65	51	63	60	60	55	43	63	44	57	27	65	27	50	32	59	37	45	72	60	76	46	111	50	116	39	154	29	167	69	173	30	208	164	339	209	419	387	607	518	639	578	726	684	806	890	1000	889	668	650	618	705	614	645	756	738	643	486	294	150	142	144	251	264	279	241	203	209	180	213	168	191	149	176	118	134	104	117	74	82	81	82	76	78
64	170	1	2	119	0	1953125	12	0.0	1	1.02	0	0	V0.2	0	0	72	54	68	52	60	62	60	55	40	65	39	58	25	65	20	46	43	56	50	45	92	48	93	40	120	28	133	44	155	44	196	55	149	118	299	222	348	288	532	499	650	536	710	644	789	733	963	999	897	700	619	661	677	619	638	811	756	623	539	297	99	49	254	162	331	246	260	202	219	192	204	178	184	175	156	134	133	121	99	83	92	78	84	79	89
64	170	1	2	119	0	1953125	12	0.0	1	1.02	0	0	V0.2	0	0	18	83	10	83	18	81	22	71	33	66	38	48	53	45	49	16	65	18	62	47	89	51	75	85	89	92	75	135	67	156	78	167	21	214	164	339	234	398	416	597	546	628	614	712	703	795	931	1000	925	673	683	592	688	598	665	745	742	621	487	268	160	134	133	240	256	275	240	197	206	177	206	163	186	150	169	116	132	105	107	72	82	80	79	78	79
64	170	1	2	119	0	1953125	12	0.0	1	1.02	0	0	V0.2	0	0	32	81	25	82	17	84	14	75	8	77	22	60	37	58	40	25	64	23	64	22	101	18	95	49	117	55	114	95	115	130	127	138	76	204	206	305	296	351	472	552	605	587	676	672	764	765	1000	996	976	684	720	612	727	567	679	741	766	564	513	235	167	128	161	190	304	223	272	152	235	136	228	130	210	125	186	94	148	86	121	56	93	65	85	72	85
64	170	1	2	119	0	1953125	12	0.0	1	1.02	0	0	V0.2	0	0	48	74	39	76	30	83	29	70	13	76	21	62	29	62	33	32	58	36	63	18	103	12	96	28	123	27	126	66	138	102	155	110	103	182	237	266	313	307	494	515	626	550	693	647	787	738	1000	981	948	664	682	621	729	570	662	747	778	574	537	253	149	114	200	162	326	209	276	148	238	137	228	131	209	128	182	99	149	86	119	61	97	63	88	70	88
64	170	1	2	119	0	1953125	12	0.0	1	1.02	0	0	V0.2	0	0	21	83	6	86	13	85	19	73	30	71	37	52	53	48	48	16	68	18	62	44	95	46	80	81	97	90	85	135	78	155	85	169	28	216	162	328	232	387	418	587	544	612	615	709	709	790	948	1000	924	648	683	609	709	591	658	759	768	637	526	296	168	148	149	244	281	279	257	195	218	177	219	162	196	148	176	113	136	102	113	72	84	83	79	77	81
64	170	1	2	119	0	1953125	12	0.0	1	1.02	0	0	V0.2	0	0	23	81	5	84	14	82	16	71	27	67	33	50	47	46	46	16	66	15	61	40	94	43	78	74	95	83	86	124	79	151	83	162	30	207	160	320	234	379	425	584	555	614	626	698	711	788	950	1000	945	687	724	626	717	588	684	780	783	608	504	279	175	121	124	219	269	257	255	185	223	168	218	155	199	146	181	111	141	101	119	70	86	80	87	79	82
64	170	1	2	119	0	1953125	12	0.0	0	1.02	0	0	V0.2	0	0	220	186	225	193	216	213	214	222	199	240	195	244	183	250	182	247	170	242	178	233	168	221	188	195	196	166	220	138	249	72	293	70	243	131	356	133	415	150	572	353	675	398	713	488	759	579	973	766	1000	516	800	448	691	512	648	680	584	612	255	334	252	72	230	216	111	307	54	294	61	276	80	273	107	269	113	238	143	222	146	184	172	154	183	123	199
64	170	1	2	119	0	1953125	12	0.0	0	1.02	0	0	V0.2	0	0	216	197	238	197	242	187	261	191	257	186	269	195	259	198	249	215	231	217	211	236	195	232	163	258	138	249	111	282	93	264	139	262	176	216	283	355	229	430	397	577	523	572	588	640	697	702	834	1000	768	751	541	678	648	463	658	677	789	349	566	107	234	234	118	224	294	206	292	140	270	166	261	180	246	195	232	198	195	207	179	202	138	217	111	225	89
64	170	1	2	119	0	1953125	12	0.0	1	1.02	0	0	V0.2	0	0	28	83	10	84	9	84	10	74	16	73	28	56	45	54	44	19	66	18	65	31	100	28	88	63	110	68	100	109	100	136	106	143	59	198	178	313	271	372	455	571	575	595	646	679	726	766	980	1000	969	682	720	607	723	576	688	742	761	589	511	245	183	122	136	203	278	234	259	159	223	143	218	135	199	129	182	99	144	89	119	60	89	73	87	74	83
64	170	1	2	119	0	1953125	12	0.0	1	1.02	0	0	V0.2	0	0	19	86	1	88	9	85	16	76	25	73	36	55	54	49	47	18	70	19	63	41	97	43	84	77	101	82	91	126	85	149	88	158	40	204	160	322	244	386	435	591	557	617	630	706	717	783	956	1000	943	682	729	643	737	600	702	789	783	614	502	264	167	130	130	221	272	262	256	188	223	171	221	154	196	145	181	111	140	98	116	72	87	82	82	78	82
64	170	1	2	119	0	1953125	12	0.0	0	1.02	0	0	V0.2	0	0	232	173	246	176	237	189	249	196	231	216	232	224	212	236	202	248	174	252	167	259	135	249	149	247	141	222	172	220	200	154	271	128	248	37	387	118	392	188	566	321	685	326	740	399	817	472	1000	716	961	486	751	424	761	363	735	543	746	514	432	210	267	188	100	284	76	336	110	291	90	292	74	291	53	299	49	275	58	266	73	229	106	218	120	195	139
64	170	1	2	119	0	1953125	12	0.0	1	1.02	0	0	V0.2	0	0	23	82	4	85	9	84	14	72	24	68	32	53	49	47	44	16	65	18	61	37	94	39	83	76	101	82	90	121	84	145	86	155	37	203	159	320	240	377	423	581	556	617	628	704	715	781	957	1000	939	685	722	638	733	590	685	765	758	580	476	247	171	133	123	209	259	244	242	172	212	157	211	146	195	139	177	105	139	99	114	63	82	77	84	78	81
64	170	1	2	119	0	1953125	12	0.0	1	1.02	0	0	V0.2	0	0	20	85	3	87	13	85	19	74	30	71	40	49	52	46	51	18	66	19	64	47	92	45	78	81	94	87	83	132	78	151	78	161	28	206	155	324	233	388	413	587	542	615	613	710	706	790	946	1000	927	672	704	631	725	597	673	768	761	610	491	271	169	137	131	231	261	264	242	186	208	171	211	161	189	147	173	114	134	101	113	69	80	83	79	75	79
64	170	1	2	119	0	1953125	12	0.0	1	1.02	0	0	V0.2	0	0	33	83	18	85	12	87	12	78	12	77	28	59	40	57	43	25	68	21	70	29	104	21	91	57	118	61	109	103	111	136	116	148	64	204	186	306	272	353	465	565	592	593	664	685	751	768	996	999	975	683	738	647	767	592	714	790	816	594	540	263	176	131	164	206	311	241	280	169	245	148	238	142	216	131	193	102	153	92	127	64	98	73	90	77	88
64	170	1	2	119	0	1953125	12	0.0	1	1.02	0	0	V0.2	0	0	21	80	4	83	13	80	16	70	25	68	33	50	47	45	44	15	64	16	61	40	90	42	76	74	93	78	82	120	74	141	74	149	26	197	150	320	233	381	416	578	543	614	612	686	690	778	940	1000	948	710	727	616	701	578	671	745	725	558	451	236	189	123	108	207	230	238	225	168	196	151	197	144	180	134	167	104	130	96	112	67	77	77	76	73	76
64	170	1	2	119	0	1953125	12	0.0	1	1.02	0	0	V0.2	0	0	47	69	49	62	55	62	50	50	60	51	53	31	65	30	49	26	59	31	46	69	66	68	48	101	58	105	43	144	31	158	54	157	17	192	149	326	202	403	378	587	506	621	567	695	657	787	901	1000	908	689	683	610	681	579	635	732	699	574	446	255	175	129	123	225	238	252	224	181	196	155	198	146	178	131	168	104	127	90	111	63	76	74	79	71	73
64	170	1	2	119	0	1953125	12	0.0	1	1.02	0	0	V0.2	0	0	26	85	8	85	10	86	10	73	18	74	27	55	45	55	45	20	70	19	64	33	103	31	87	66	109	72	101	116	100	144	104	155	53	216	181	320	261	367	449	576	576	599	648	689	734	773	982	1000	961	664	710	610	729	578	688	756	783	605	527	247	160	145	160	228	300	254	270	174	236	158	231	147	210	136	189	106	150	92	119	66	92	74	87	75	85
64	170	1	2	119	0	1953125	12	0.0	1	1.02	0	0	V0.2	0	0	23	82	5	84	8	84	12	75	20	73	30	54	45	49	45	17	64	16	63	34	96	33	84	70	104	72	93	113	90	145	95	150	41	206	166	311	248	366	432	567	558	595	628	680	713	770	967	1000	954	680	706	598	707	564	664	731	750	576	491	237	171	136	139	216	272	242	251	168	219	152	216	142	198	131	177	103	141	91	115	61	84	73	82	72	79
64	170	1	2	119	0	1953125	12	0.0	1	1.02	0	0	V0.2	0	0	19	80	8	83	17	80	20	71	31	67	35	48	52	44	47	16	65	19	60	45	89	45	75	81	89	85	77	126	69	149	71	158	19	201	148	320	224	385	404	581	532	612	596	695	686	782	931	1000	927	684	694	599	684	573	643	736	720	582	458	251	169	132	124	230	243	261	230	188	198	167	198	156	179	143	163	110	128	100	104	67	76	80	73	72	76
64	170	1	2	119	0	1953125	12	0.0	1	1.02	0	0	V0.2	0	0	21	81	6	85	15	82	19	72	29	69	35	49	51	45	47	16	65	16	62	44	92	43	76	80	92	84	81	125	73	152	81	162	23	209	154	321	231	384	416	586	545	614	612	697	702	784	946	1000	935	675	695	597	694	576	655	748	747	600	486	261	161	142	140	239	270	272	248	191	217	172	214	158	194	148	176	112	136	102	114	71	84	80	81	78	81
64	170	1	2	119	0	1953125	12	0.0	1	1.02	0	0	V0.2	0	0	32	82	17	82	11	86	11	74	11	75	23	56	41	55	40	25	65	20	66	26	102	22	91	58	113	58	106	97	107	130	116	141	62	199	189	302	276	359	471	568	601	601	675	682	751	768	994	1000	985	703	737	612	725	569	691	758	775	560	502	232	164	130	149	196	289	225	267	157	233	140	227	133	208	125	186	96	148	87	122	61	95	70	87	72	84
64	170	1	2	119	0	1953125	12	0.0	1	1.02	0	0	V0.2	0	0	20	81	8	83	16	82	21	70	30	68	36	51	53	44	48	14	66	18	60	45	90	49	73	83	90	87	78	131	67	149	73	161	19	207	155	325	226	394	415	591	539	626	614	711	701	795	938	1000	928	681	695	598	687	581	651	747	731	591	459	250	148	142	134	241	252	269	236	191	204	175	205	160	185	148	169	115	131	99	105	72	80	81	77	78	79
64	170	1	2	119	0	1953125	12	0.0	1	1.02	0	0	V0.2	0	0	24	83	4	84	9	84	12	73	22	73	29	51	47	51	47	18	67	17	62	35	97	35	84	70	101	74	94	116	86	144	92	152	38	206	169	320	247	372	438	581	570	613	639	693	725	784	967	1000	962	686	707	585	699	570	669	744	761	582	486	231	156	137	139	224	273	251	257	176	222	158	218	145	199	137	182	106	141	96	116	64	88	76	85	75	82
64	170	1	2	119	0	1953125	12	0.0	1	1.02	0	0	V0.2	0	0	39	78	31	79	24	83	21	74	8	77	19	61	33	59	35	29	60	28	66	21	103	10	95	39	118	40	118	74	120	112	137	116	82	186	214	280	301	334	492	536	616	574	686	652	763	746	1000	990	984	703	713	601	705	552	662	728	746	535	490	209	143	133	172	176	299	204	266	144	232	127	220	123	205	121	180	93	149	81	115	54	94	62	88	69	86
64	170	1	2	119	0	1953125	12	0.0	1	1.02	0	0	V0.2	0	0	62	66	55	65	49	73	48	66	26	73	31	63	24	67	28	43	52	48	57	31	98	34	97	21	125	7	130	39	142	69	176	75	120	142	262	234	334	290	524	500	642	533	706	627	779	723	996	1000	961	718	683	648	691	569	648	783	746	542	505	240	106	96	227	150	326	210	272	166	235	155	219	145	201	144	171	110	143	98	110	65	95	67	87	72	86
64	170	1	2	119	0	1953125	12	0.0	1	1.02	0	0	V0.2	0	0	72	25	74	20	69	30	68	30	55	42	50	42	35	51	25	47	19	60	30	66	57	71	62	71	83	67	97	75	121	44	167	49	124	61	269	206	303	297	466	489	579	530	621	622	688	724	865	1000	842	744	575	641	563	585	532	768	614	559	400	292	58	26	204	149	236	245	181	211	142	196	135	183	125	182	110	141	88	125	64	85	64	80	63	76	76
64	170	1	2	119	0	1953125	12	0.0	1	1.02	0	0	V0.2	0	0	41	76	29	80	21	81	18	72	6	75	19	57	33	59	35	27	60	29	63	20	102	13	95	38	119	43	118	79	122	116	132	118	83	187	211	288	299	336	484	533	609	574	678	652	757	748	1000	997	993	707	711	597	703	552	660	717	723	520	483	201	146	137	167	180	294	204	260	140	227	126	220	121	204	119	180	90	144	79	117	57	92	63	86	69	81
64	170	1	2	119	0	1953125	12	0.0	1	1.02	0	0	V0.2	0	0	18	81	11	84	19	83	24	71	33	68	38	48	54	46	50	18	66	20	63	48	90	50	77	86	90	93	78	136	70	156	77	168	25	214	161	337	232	396	414	598	546	622	605	709	700	787	933	1000	929	665	664	584	690	588	631	717	724	617	474	244	135	158	151	258	263	284	241	199	207	181	205	165	187	152	168	115	128	105	105	73	78	81	75	76	79
64	170	1	2	119	0	1953125	12	0.0	1	1.02	0	0	V0.2	0	0	24	88	5	86	11	87	10	74	26	75	31	51	50	52	45	18	71	17	63	40	100	35	83	73	105	81	98	124	89	155	102	164	42	222	175	326	249	382	448	592	581	621	652	710	741	787	970	1000	953	664	698	602	732	596	670	748	790	618	508	236	140	162	174	249	304	272	271	193	242	171	233	159	212	143	187	112	149	96	120	70	89	80	87	79	85
64	170	1	2	119	0	1953125	12	0.0	1	1.02	0	0	V0.2	0	0	42	77	30	78	24	82	20	72	7	76	20	59	34	58	36	30	62	29	65	20	102	12	97	37	120	39	122	77	121	114	140	122	90	189	219	281	306	338	499	542	627	581	697	664	772	748	1000	984	966	695	717	610	714	570	672	730	746	528	482	189	127	135	183	177	303	208	269	146	236	134	227	129	210	124	184	96	149	82	119	57	91	64	89	71	85
64	170	1	2	119	0	1953125	12	0.0	1	1.02	0	0	V0.2	0	0	20	84	4	83	10	85	17	72	28	69	33	52	52	49	48	17	68	20	65	43	95	43	79	77	97	84	88	125	77	151	89	162	33	208	164	328	243	389	429	586	556	618	627	703	715	788	954	1000	944	675	695	583	691	579	656	732	732	577	461	228	148	148	146	240	267	263	245	185	214	167	211	155	191	143	172	108	136	97	111	65	80	76	79	76	79
64	170	1	2	119	0	1953125	12	0.0	1	1.02	0	0	V0.2	0	0	21	81	17	80	24	79	27	68	39	64	42	43	56	41	49	15	63	22	58	52	85	55	67	89	81	96	66	135	55	157	67	168	3	203	150	332	211	392	393	594	532	626	590	709	681	795	908	1000	912	679	662	577	659	590	625	742	723	611	448	258	138	148	141	253	248	287	231	211	199	189	195	170	178	158	164	124	127	112	105	79	75	86	74	81	79
64	170	1	2	119	0	1953125	12	0.0	1	1.02	0	0	V0.2	0	0	23	80	8	83	7	82	8	71	18	71	26	52	43	50	42	18	64	15	61	32	97	31	83	62	104	70	94	107	90	138	98	148	44	200	172	316	255	369	443	570	574	607	646	684	724	775	968	1000	979	702	708	567	674	555	656	714	722	536	458	210	165	134	133	213	265	235	247	165	219	145	210	134	194	130	177	98	138	87	113	61	86	68	82	73	78
64	170	1	2	119	0	1953125	12	0.0	1	1.02	0	0	V0.2	0	0	24	81	11	84	8	85	10	75	16	74	27	55	45	50	44	20	64	17	66	32	99	33	89	65	109	71	102	110	96	142	103	149	52	206	175	316	264	373	448	574	589	619	657	693	739	778	976	999	973	691	707	587	709	566	647	701	727	554	462	193	142	153	149	219	275	242	249	165	221	148	214	136	197	126	176	99	140	85	111	60	88	69	82	72	79
64	170	1	2	119	0	1953125	12	0.0	1	1.02	0	0	V0.2	0	0	22	81	15	81	24	78	27	69	38	64	44	44	53	39	49	18	68	22	59	52	83	59	69	90	80	98	67	139	56	159	68	169	9	213	158	338	219	402	402	598	531	632	600	722	694	801	916	1000	911	666	656	589	677	593	631	740	713	608	454	257	125	162	149	266	258	294	235	213	202	192	203	175	182	162	169	129	129	114	105	79	78	85	76	80	82
64	170	1	2	119	0	1953125	12	0.0	1	1.02	0	0	V0.2	0	0	44	82	31	83	24	86	22	75	7	79	21	61	34	61	36	32	64	33	69	18	106	11	100	39	124	40	125	79	128	118	146	130	91	196	224	284	307	335	505	552	643	586	707	670	785	752	1000	980	966	671	695	606	734	581	676	738	787	570	516	196	115	152	215	201	331	226	285	158	252	145	238	134	219	127	187	98	156	89	124	58	99	67	92	76	88
64	170	1	2	119	0	1953125	12	0.0	1	1.02	0	0	V0.2	0	0	37	85	24	84	17	88	19	77	7	79	25	62	39	60	39	28	67	25	67	22	108	18	99	51	120	56	116	93	117	131	132	144	75	205	209	303	292	352	492	570	629	601	694	688	781	766	1000	984	966	661	703	601	734	576	680	747	792	576	507	197	119	160	204	219	324	240	285	163	250	149	237	136	217	128	191	99	154	87	121	57	94	69	90	73	85
64	170	1	2	119	0	1953125	12	0.0	1	1.02	0	0	V0.2	0	0	44	78	32	80	25	85	22	76	3	80	20	62	33	61	35	30	61	30	66	17	107	9	97	37	122	42	121	77	125	121	143	130	86	200	221	288	305	334	496	549	630	579	693	663	777	747	1000	979	962	665	690	597	719	562	657	733	767	556	499	187	114	156	215	203	326	223	281	153	245	136	237	128	214	122	187	95	153	83	121	57	96	64	91	72	85
64	170	1	2	119	0	1953125	12	0.0	1	1.02	0	0	V0.2	0	0	25	86	9	86	9	91	7	76	22	77	29	56	49	52	45	17	68	18	64	35	102	34	87	70	106	77	98	119	95	152	105	166	44	226	181	328	256	375	452	587	584	611	653	708	750	789	983	1000	950	642	680	578	717	581	663	751	797	626	527	237	137	179	199	262	320	279	283	191	245	173	241	156	215	143	193	110	151	96	124	66	92	80	90	79	87
64	170	1	2	119	0	1953125	12	0.0	1	1.02	0	0	V0.2	0	0	33	83	19	85	13	88	14	77	11	75	23	56	41	59	41	23	67	22	67	26	105	20	92	55	115	60	108	97	109	138	120	145	62	210	197	314	282	359	475	569	608	600	681	684	758	770	998	1000	979	681	708	575	695	551	659	726	761	570	498	202	134	164	191	227	308	245	279	163	240	147	234	135	211	127	187	96	149	85	121	57	91	68	89	72	81
64	170	1	2	119	0	1953125	12	0.0	1	1.02	0	0	V0.2	0	0	63	64	58	60	51	69	50	61	30	71	29	59	20	63	21	40	47	47	56	32	95	37	93	23	120	9	131	31	145	65	180	73	123	143	269	228	336	285	523	498	653	532	709	632	787	724	983	1000	943	720	655	633	664	562	613	771	741	546	492	246	90	99	245	153	329	221	273	178	233	163	216	155	196	154	166	120	137	103	106	69	93	67	87	74	88
64	170	1	2	119	0	1953125	12	0.0	1	1.02	0	0	V0.2	0	0	68	49	66	45	59	54	57	49	40	58	38	53	23	60	18	45	36	54	47	49	83	52	85	42	107	32	122	43	139	31	181	42	131	101	273	205	333	282	512	487	640	533	687	625	752	716	933	1000	899	741	623	636	611	566	559	756	653	516	427	249	48	81	236	133	289	218	230	187	192	173	179	164	164	161	136	125	117	113	86	73	78	73	76	73	79
64	170	1	2	119	0	1953125	12	0.0	1	1.02	0	0	V0.2	0	0	66	61	63	59	55	67	54	64	33	73	33	59	23	66	22	42	47	54	55	38	98	39	94	28	122	14	133	35	149	56	186	68	132	135	278	228	342	286	527	495	653	526	705	632	788	724	981	1000	929	699	627	621	658	566	604	767	736	567	515	250	89	95	268	167	343	232	274	183	232	170	216	159	195	158	166	120	139	108	104	69	91	69	87	70	84
64	170	1	2	119	0	1953125	12	0.0	1	1.02	0	0	V0.2	0	0	28	90	8	87	8	86	7	74	18	76	29	55	47	55	45	18	70	18	66	35	104	32	88	69	110	74	98	115	94	150	109	165	46	224	187	328	261	376	460	584	591	611	659	699	749	786	984	1000	965	654	686	567	695	571	664	752	793	610	522	240	136	171	196	255	322	277	288	189	248	169	239	153	216	140	192	110	154	96	124	65	93	78	89	77	87
64	170	1	2	119	0	1953125	12	0.0	1	1.02	0	0	V0.2	0	0	42	76	30	77	24	81	21	74	8	76	21	60	33	61	35	27	59	31	65	18	101	11	94	35	115	33	111	68	117	108	130	118	80	176	202	279	303	331	488	535	621	576	684	647	752	737	985	991	1000	725	733	608	683	526	652	727	733	507	469	195	137	137	166	175	287	199	261	142	228	125	219	120	202	117	178	92	145	82	114	54	89	62	89	69	82
64	170	1	2	119	0	1953125	12	0.0	1	1.02	0	0	V0.2	0	0	43	77	33	77	26	82	26	72	9	77	22	60	31	62	34	30	61	31	65	20	103	13	97	35	119	31	117	69	122	104	140	116	86	176	212	281	311	336	495	532	626	579	694	652	760	739	995	994	1000	722	720	606	688	530	641	713	713	507	473	192	137	134	177	178	294	202	261	142	231	124	216	119	200	117	177	89	142	79	115	51	87	59	83	66	80
64	170	1	2	119	0	1953125	12	0.0	1	1.02	0	0	V0.2	0	0	41	81	30	84	23	85	20	75	6	80	20	61	35	60	38	29	62	29	66	18	105	13	98	41	121	43	119	80	124	121	139	133	87	193	215	296	308	345	503	555	638	588	702	674	786	756	1000	989	991	693	712	603	710	546	657	730	770	569	519	203	124	145	210	210	328	233	287	160	250	144	239	136	218	128	191	99	156	85	124	58	97	68	90	73	86
64	170	1	2	119	0	1953125	12	0.0	1	1.02	0	0	V0.2	0	0	26	85	8	83	11	88	10	74	21	75	29	54	46	54	44	18	69	15	64	37	101	32	85	69	107	74	96	113	91	149	101	161	44	217	180	328	263	382	458	587	589	622	661	702	743	783	978	999	972	675	708	589	702	567	668	743	766	596	499	220	131	166	183	249	302	268	279	187	240	166	232	149	213	140	188	109	150	95	120	67	91	74	87	78	86
64	170	1	2	119	0	1953125	12	0.0	1	1.02	0	0	V0.2	0	0	50	71	41	75	33	79	33	70	14	74	23	61	28	62	32	35	57	36	62	22	101	18	97	23	120	18	121	53	130	94	151	104	96	168	234	268	324	314	510	526	641	563	705	645	773	736	1000	999	997	735	713	606	671	532	639	721	726	519	480	198	114	135	194	167	304	199	267	143	229	128	218	123	200	124	175	96	142	82	111	54	91	58	83	67	83
64	170	1	2	119	0	1953125	12	0.0	1	1.02	0	0	V0.2	0	0	72	23	73	18	73	31	68	30	57	40	48	42	36	52	24	49	19	59	30	63	57	73	64	71	81	68	99	76	120	44	167	50	130	65	265	209	308	304	467	494	595	545	624	636	693	726	863	1000	836	748	570	645	567	569	481	725	565	532	366	252	49	52	229	149	240	244	179	206	140	193	134	179	121	176	102	135	85	122	63	84	62	77	59	72	70
64	170	1	2	119	0	1953125	12	0.0	1	1.02	0	0	V0.2	0	0	27	90	12	88	10	93	12	81	19	79	28	57	48	57	45	21	73	19	68	35	107	33	93	68	115	74	106	118	106	154	113	169	60	226	192	332	281	387	478	601	615	623	678	723	771	780	997	1000	967	650	699	606	751	573	656	734	784	618	512	207	112	204	219	267	331	279	288	189	255	171	243	157	222	140	196	109	155	95	123	70	98	75	91	80	88
64	170	1	2	119	0	1953125	12	0.0	1	1.02	0	0	V0.2	0	0	34	90	17	91	13	92	10	80	15	81	25	62	47	58	45	24	73	22	72	31	111	24	97	63	120	69	111	107	115	150	131	166	67	231	207	327	291	374	492	597	631	617	696	712	781	776	1000	989	960	638	688	587	744	581	668	744	821	638	546	215	117	204	235	266	351	277	300	184	266	168	252	151	227	140	200	105	161	93	128	65	97	73	95	78	87
64	170	1	2	119	0	1953125	12	0.0	1	1.02	0	0	V0.2	0	0	25	87	7	88	13	88	11	77	23	75	29	54	51	52	45	17	69	15	69	39	100	37	86	74	103	80	95	119	88	156	96	169	37	229	181	338	260	390	460	609	611	645	674	726	755	794	980	1000	962	674	713	594	725	584	660	734	768	602	474	193	107	197	190	262	302	275	270	189	238	172	230	156	211	142	189	110	149	96	121	69	89	78	88	78	85
64	170	1	2	119	0	1953125	12	0.0	1	1.02	0	0	V0.2	0	0	76	19	82	12	76	19	74	21	62	35	56	38	42	49	27	49	16	62	22	72	47	79	53	82	72	80	96	95	117	61	174	66	135	74	278	227	288	317	455	520	580	557	608	661	689	743	839	1000	787	703	531	641	558	591	488	776	617	598	392	278	18	89	258	219	255	294	188	242	145	226	142	210	122	200	108	153	87	139	62	92	63	91	58	79	76
64	170	1	2	119	0	1953125	12	0.0	1	1.02	0	0	V0.2	0	0	21	86	7	87	15	86	19	74	30	70	36	51	54	47	47	15	69	17	64	43	95	47	77	80	94	88	81	130	70	157	78	170	16	222	168	340	233	391	426	602	565	633	624	718	717	796	950	1000	935	658	680	574	682	571	623	728	748	617	475	229	119	187	180	274	281	291	254	203	219	182	216	165	193	151	178	114	138	103	111	71	83	80	78	78	80
64	170	1	2	119	0	1953125	12	0.0	1	1.02	0	0	V0.2	0	0	25	83	6	85	11	85	10	76	19	72	28	55	46	50	45	19	67	14	64	33	98	36	82	69	101	74	91	114	85	148	96	161	33	221	175	332	252	377	447	592	590	625	650	703	738	786	974	1000	964	676	705	578	692	552	629	717	757	585	475	200	128	176	177	253	288	266	265	184	229	163	226	151	206	138	186	107	146	94	118	64	85	77	85	73	81
64	170	1	2	119	0	1953125	12	0.0	1	1.02	0	0	V0.2	0	0	26	83	11	85	12	86	8	76	19	74	27	53	45	52	43	18	66	14	64	31	100	33	85	67	103	73	95	112	89	148	98	157	39	217	179	328	260	378	457	589	597	626	662	706	751	783	982	1000	972	678	714	595	707	547	638	714	740	565	465	191	128	174	177	242	291	258	261	175	230	158	226	146	205	134	184	104	144	88	117	62	89	72	84	75	82
64	170	1	2	119	0	1953125	12	0.0	1	1.02	0	0	V0.2	0	0	69	39	71	34	74	30	70	21	71	24	62	20	60	26	43	41	40	50	23	80	28	83	12	108	11	109	27	138	50	131	104	132	87	153	203	299	209	393	376	577	503	621	543	706	633	784	820	1000	812	682	575	599	582	582	513	727	617	606	368	264	89	144	184	263	207	304	177	232	145	210	152	190	134	176	131	135	92	120	82	80	59	89	62	77	70
64	170	1	2	119	0	1953125	12	0.0	1	1.02	0	0	V0.2	0	0	79	20	79	14	75	21	74	24	61	38	57	42	39	50	26	50	17	62	24	69	51	79	53	80	72	76	93	90	121	58	174	57	134	68	276	220	294	311	455	509	579	545	603	646	687	732	842	1000	800	703	529	641	563	590	487	760	605	591	402	283	20	71	255	209	258	288	187	234	144	219	141	202	123	196	108	151	85	136	65	90	63	88	62	81	76
64	170	1	2	119	0	1953125	12	0.0	1	1.02	0	0	V0.2	0	0	77	14	79	7	77	1	75	10	67	19	60	32	51	39	32	48	20	60	13	77	28	84	35	95	47	93	70	114	96	89	149	90	122	95	256	253	259	346	413	532	540	570	562	667	653	755	809	1000	779	689	518	626	556	596	473	741	585	608	373	285	59	99	237	237	227	306	168	243	124	224	129	205	112	196	105	149	78	134	63	91	55	91	55	78	70
64	170	1	2	119	0	1953125	12	0.0	1	1.02	0	0	V0.2	0	0	78	38	79	38	73	50	70	46	51	55	48	54	31	64	22	52	33	63	42	61	78	65	80	58	103	51	124	58	145	24	193	38	145	90	297	209	331	286	510	502	639	528	672	637	756	726	911	1000	845	694	565	665	629	595	548	795	705	613	485	281	57	81	293	197	328	278	248	229	202	212	187	200	165	191	138	147	115	129	82	85	80	79	76	80	83
64	170	1	2	119	0	1953125	12	0.0	1	1.02	0	0	V0.2	0	0	77	15	80	9	76	16	74	20	61	32	56	38	43	46	28	47	17	62	20	70	44	81	48	82	65	82	86	95	114	63	166	64	132	71	271	225	285	322	453	524	579	565	608	660	676	741	832	1000	804	725	558	654	555	590	497	769	601	586	379	274	40	62	241	200	240	285	181	236	136	220	133	205	118	195	106	150	81	136	65	92	59	89	61	78	74
64	170	1	2	119	0	1953125	12	0.0	1	1.02	0	0	V0.2	0	0	74	41	75	41	68	51	63	47	49	55	44	51	27	59	17	48	32	58	41	57	77	60	79	51	104	48	119	51	140	24	183	33	140	92	290	205	332	282	508	495	640	532	672	638	753	723	916	1000	854	712	586	661	622	576	525	755	656	560	430	242	10	77	273	167	304	249	232	205	189	194	176	183	161	179	132	137	111	122	81	80	78	80	72	75	80
64	170	1	2	119	0	1953125	12	0.0	1	1.02	0	0	V0.2	0	0	75	51	77	49	68	59	65	55	45	63	42	58	25	65	22	51	41	61	50	51	90	57	89	46	117	35	133	44	156	34	195	50	146	113	298	211	342	280	531	504	658	524	697	646	788	722	951	1000	866	678	595	669	671	589	563	767	720	598	492	236	58	104	305	186	345	259	266	206	222	197	206	183	183	179	153	136	127	118	93	78	88	75	81	76	84
64	170	1	2	119	0	1953125	12	0.0	1	1.02	0	0	V0.2	0	0	81	21	83	16	78	25	78	28	62	40	58	44	42	54	27	53	20	67	28	72	55	78	60	82	81	78	103	93	130	61	186	63	148	77	289	219	296	310	470	527	595	546	620	667	713	738	848	1000	778	664	511	660	602	620	509	791	671	660	456	305	44	115	285	242	288	319	213	258	170	245	159	221	138	209	117	160	94	142	72	97	70	98	67	85	83
64	170	1	2	119	0	1953125	12	0.0	1	1.02	0	0	V0.2	0	0	74	25	76	20	77	15	74	8	68	14	59	23	56	33	37	47	27	55	13	78	21	85	19	102	28	101	49	129	76	114	128	112	109	123	229	274	230	370	391	564	524	603	548	693	638	774	804	999	786	687	545	608	558	599	496	741	602	622	369	275	75	123	208	252	207	311	167	241	129	224	139	204	120	189	118	146	83	131	72	89	57	94	58	79	72
64	170	1	2	119	0	1953125	12	0.0	1	1.02	0	0	V0.2	0	0	61	48	64	46	69	43	65	31	69	31	61	20	63	24	46	38	47	46	31	76	42	82	22	109	23	112	15	143	26	145	82	146	69	170	183	318	200	401	369	594	508	632	543	715	643	791	839	1000	845	679	609	591	608	579	543	716	642	613	381	247	113	156	172	265	218	300	195	221	164	199	175	182	154	164	148	128	108	113	94	73	63	87	70	74	70
64	170	1	2	119	0	1953125	12	0.0	1	1.02	0	0	V0.2	0	0	69	32	70	29	74	25	71	16	68	16	59	23	58	28	38	41	36	51	18	78	25	82	11	104	13	104	33	134	55	122	107	125	88	135	209	291	219	382	373	563	507	608	532	689	625	773	806	1000	813	700	575	597	559	567	488	710	592	597	351	259	107	120	188	244	194	297	166	227	132	207	143	190	124	175	121	134	87	122	79	79	53	91	59	76	68
64	170	1	2	119	0	1953125	12	0.0	1	1.02	0	0	V0.2	0	0	74	44	72	40	65	49	65	47	46	57	45	52	25	60	18	48	33	59	41	52	79	58	79	50	103	44	120	48	140	24	185	36	132	91	285	208	336	280	504	485	627	519	662	620	745	708	913	1000	874	717	583	640	596	554	530	758	668	566	456	258	37	74	268	166	308	249	240	204	194	189	181	182	163	176	134	137	114	123	85	81	82	76	75	75	80
64	170	1	2	119	0	1953125	12	0.0	1	1.02	0	0	V0.2	0	0	75	36	75	34	67	44	69	42	51	52	49	52	30	59	21	49	30	61	40	57	70	65	74	58	99	55	110	56	134	23	176	32	132	78	281	208	327	286	492	487	621	525	650	622	728	713	894	1000	864	727	572	630	577	563	512	737	650	571	438	265	29	60	256	165	290	253	221	207	177	193	165	181	150	176	122	136	106	123	77	82	77	74	69	72	78
64	170	1	2	119	0	1953125	12	0.0	1	1.02	0	0	V0.2	0	0	77	32	75	29	70	39	70	39	55	49	47	49	32	56	22	48	25	59	35	64	67	68	69	67	93	61	110	67	133	32	178	36	137	72	284	208	321	297	491	496	617	536	647	638	729	724	883	1000	840	716	563	652	591	589	509	752	637	577	425	265	13	62	265	182	290	267	215	220	172	208	161	193	145	187	120	145	102	130	75	88	73	79	67	77	77
64	170	1	2	119	0	1953125	12	0.0	1	1.02	0	0	V0.2	0	0	76	38	77	34	70	44	69	42	52	53	48	49	31	61	21	50	30	61	39	61	73	65	77	61	101	52	120	58	140	27	187	35	142	84	291	209	325	287	502	499	631	532	662	640	754	730	904	999	842	702	563	654	609	595	538	772	678	600	461	265	32	71	280	190	310	273	234	224	189	209	175	195	157	188	131	147	111	128	77	86	80	81	72	80	82
64	170	1	2	119	0	1953125	12	0.0	1	1.02	0	0	V0.2	0	0	75	42	77	42	68	50	69	49	50	58	47	55	28	65	21	50	35	62	43	55	79	62	81	54	105	44	122	53	144	27	189	37	138	92	291	208	332	281	514	499	645	530	682	644	771	729	923	1000	866	707	587	666	626	588	556	783	700	593	472	255	40	79	286	184	318	261	245	217	206	203	188	190	166	182	139	143	116	123	85	79	82	82	77	77	82
64	170	1	2	119	0	1953125	12	0.0	1	1.02	0	0	V0.2	0	0	74	32	75	32	69	39	70	39	52	48	49	50	31	57	23	49	25	60	34	58	67	67	69	59	91	58	107	62	131	27	176	33	132	75	282	205	317	292	494	498	621	539	651	635	729	726	881	1000	845	727	573	654	583	578	516	760	637	567	413	261	19	59	256	164	276	253	211	212	170	202	157	188	143	183	120	143	103	128	72	83	70	79	68	76	75
64	170	1	2	119	0	1953125	12	0.0	1	1.02	0	0	V0.2	0	0	74	31	76	28	71	36	69	36	54	46	48	46	31	56	22	48	24	60	33	63	65	69	68	65	89	60	104	69	128	30	176	35	129	70	278	205	311	293	486	496	608	536	641	634	716	721	872	1000	835	725	576	665	585	582	511	766	622	559	406	258	9	60	259	174	275	261	209	218	169	204	156	193	140	186	116	142	97	127	69	84	73	84	66	79	77
64	170	1	2	119	0	1953125	12	0.0	1	1.02	0	0	V0.2	0	0	72	50	69	51	62	60	59	54	42	65	40	60	25	66	21	49	42	57	48	47	89	52	88	38	114	29	125	38	146	37	183	49	132	114	280	215	340	284	530	501	654	531	695	635	780	720	952	1000	914	717	627	652	652	584	586	757	704	564	475	243	53	78	262	156	320	231	254	187	213	176	196	167	180	165	152	127	128	112	94	72	87	69	80	71	84
64	170	1	2	119	0	1953125	12	0.0	1	1.02	0	0	V0.2	0	0	69	51	65	48	60	60	59	52	41	62	40	56	25	63	20	46	41	56	48	46	86	51	85	39	110	32	122	38	139	33	175	39	128	106	277	214	341	278	515	491	647	530	687	633	774	727	947	1000	908	728	625	656	655	586	570	739	664	540	446	234	45	90	253	146	303	219	238	179	199	168	188	164	171	162	144	126	122	111	90	73	82	70	80	73	80
64	170	1	2	119	0	1953125	12	0.0	1	1.02	0	0	V0.2	0	0	77	35	78	34	68	45	69	42	52	53	48	52	32	61	24	52	32	62	39	60	73	69	77	60	99	55	116	62	138	28	184	37	138	76	287	208	327	285	498	494	625	525	654	641	752	728	900	1000	856	711	574	669	628	602	524	746	648	588	450	265	23	62	272	174	297	261	225	212	181	203	173	190	153	186	128	141	107	129	79	84	78	81	72	75	80
64	170	1	2	119	0	1953125	12	0.0	1	1.02	0	0	V0.2	0	0	74	48	75	49	63	57	64	53	46	64	44	56	27	66	23	49	39	59	49	53	87	58	87	49	113	38	127	46	147	30	189	41	137	103	291	212	339	278	518	497	650	528	689	644	785	731	940	1000	890	713	602	658	644	584	549	738	690	585	481	247	50	79	280	171	324	251	256	199	209	189	194	177	174	174	143	131	120	115	88	77	87	73	79	74	83
64	170	1	2	119	0	1953125	12	0.0	1	1.02	0	0	V0.2	0	0	78	23	79	20	74	27	73	31	58	39	52	43	37	53	26	49	18	61	29	65	55	74	60	72	80	71	98	81	123	46	173	49	131	65	276	212	301	299	468	505	593	540	624	651	707	736	854	1000	826	732	562	657	567	585	488	748	618	589	407	273	10	59	253	192	265	279	200	227	155	217	148	198	132	195	112	147	92	135	67	87	68	90	63	79	77
64	170	1	2	119	0	1953125	12	0.0	1	1.02	0	0	V0.2	0	0	72	42	70	40	66	51	63	47	46	56	44	51	25	59	20	48	33	57	41	53	78	59	78	52	104	42	118	49	136	23	183	37	133	88	279	203	327	276	506	493	637	536	679	643	763	728	915	1000	888	750	620	665	606	567	536	756	658	550	426	248	25	68	255	150	295	237	229	196	189	189	176	176	159	176	133	134	112	120	82	79	80	76	73	74	79
64	170	1	2	119	0	1953125	12	0.0	1	1.02	0	0	V0.2	0	0	74	26	76	23	70	33	70	34	56	44	50	45	35	53	23	49	23	61	30	63	62	71	65	68	84	65	100	73	123	34	165	42	129	67	272	209	313	296	472	493	608	546	634	639	716	736	869	1000	847	754	579	648	570	575	486	724	585	537	370	252	41	55	242	158	253	245	189	204	149	191	138	179	127	177	108	138	88	122	65	79	63	79	62	73	73
64	170	1	2	119	0	1953125	12	0.0	1	1.02	0	0	V0.2	0	0	77	26	79	22	74	33	73	33	57	45	54	47	34	57	23	51	25	62	31	63	63	73	68	74	89	65	106	77	130	39	178	47	139	69	283	215	316	297	482	501	611	540	639	652	731	739	872	1000	832	719	562	663	592	590	496	738	609	578	413	253	10	72	268	190	282	273	210	222	165	212	156	198	140	190	116	147	97	132	69	87	71	83	66	76	78
64	170	1	2	119	0	1953125	12	0.0	1	1.02	0	0	V0.2	0	0	73	50	74	50	64	59	62	53	43	64	43	57	26	65	20	49	41	59	49	49	88	54	90	44	114	34	127	43	152	36	195	48	142	113	296	214	342	280	529	504	660	534	701	653	794	732	946	1000	891	706	607	660	644	586	564	761	713	595	491	240	57	90	297	184	342	258	266	207	221	197	206	188	184	181	152	137	128	122	94	80	90	80	83	78	88
64	170	1	2	119	0	1953125	12	0.0	1	1.02	0	0	V0.2	0	0	78	32	78	31	72	40	69	39	53	50	48	47	32	57	23	50	27	59	35	60	67	68	69	66	93	59	112	67	135	28	179	35	136	77	287	207	315	283	483	488	615	524	637	630	733	727	882	1000	833	710	548	643	576	567	487	733	619	576	425	258	2	73	277	184	294	270	218	215	173	204	160	190	144	186	118	141	101	130	73	82	72	82	67	78	78
64	170	1	2	119	0	1953125	12	0.0	1	1.02	0	0	V0.2	0	0	74	15	78	7	77	0	74	10	66	18	60	29	50	38	33	46	21	59	12	75	26	83	29	94	44	95	66	112	94	89	145	94	120	93	250	252	256	343	409	530	533	568	555	660	646	755	805	1000	795	710	533	612	520	568	468	730	570	588	364	281	65	92	227	234	220	305	173	242	125	224	132	206	110	195	103	147	78	135	64	86	51	91	55	77	70
64	170	1	2	119	0	1953125	12	0.0	1	1.02	0	0	V0.2	0	0	75	14	76	6	75	5	72	11	62	23	57	31	48	40	30	46	15	58	15	72	33	80	37	91	52	90	72	106	97	82	149	82	120	85	251	244	266	338	420	529	549	572	574	669	661	751	803	1000	798	730	557	636	536	573	472	732	561	566	338	262	67	74	224	212	215	288	163	236	125	221	126	199	111	193	102	146	77	134	61	86	52	89	54	76	70
64	170	1	2	119	0	1953125	12	0.0	1	1.02	0	0	V0.2	0	0	75	14	76	6	75	5	72	11	62	23	57	31	48	40	30	46	15	58	15	72	33	80	37	91	52	90	72	106	97	82	149	82	120	85	251	244	266	338	420	529	549	572	574	669	661	751	803	1000	798	730	557	636	536	573	472	732	561	566	338	262	67	74	224	212	215	288	163	236	125	221	126	199	111	193	102	146	77	134	61	86	52	89	54	76	70
64	170	1	2	119	0	1953125	12	0.0	1	1.02	0	0	V0.2	0	0	76	9	78	4	75	4	72	13	65	21	57	30	48	39	30	47	19	59	15	75	33	80	36	90	49	89	71	106	94	81	143	82	118	87	250	242	266	334	413	516	543	563	563	654	654	745	809	1000	797	720	540	620	536	567	450	708	541	554	325	257	79	78	231	205	211	280	156	223	115	206	120	193	105	184	96	142	72	128	58	84	51	84	51	73	67
64	170	1	2	119	0	1953125	12	0.0	1	1.02	0	0	V0.2	0	0	74	20	79	17	73	27	73	28	58	38	50	40	37	53	25	48	19	62	27	68	53	73	58	76	77	72	99	85	121	51	172	57	132	69	277	220	300	303	454	497	579	532	604	639	692	725	841	1000	814	715	534	630	554	576	478	731	585	577	398	268	12	74	264	202	267	281	194	229	152	214	145	200	127	193	109	147	88	135	66	84	64	87	62	77	75
64	170	1	2	119	0	1953125	12	0.0	1	1.02	0	0	V0.2	0	0	55	71	50	71	40	78	37	67	18	74	25	61	23	65	28	37	57	42	61	26	104	22	97	17	124	10	129	48	141	88	170	96	113	170	262	258	335	298	525	523	668	556	715	650	806	741	999	1000	970	705	667	611	698	558	613	713	741	558	502	201	81	136	254	184	342	221	288	160	243	149	232	144	210	139	179	109	151	95	116	60	99	67	89	74	87
64	170	1	2	119	0	1953125	12	0.0	1	1.02	0	0	V0.2	0	0	72	30	74	30	71	36	67	37	57	43	48	45	39	51	22	51	20	57	30	69	51	71	61	80	72	75	93	94	117	67	163	66	135	84	267	232	283	329	439	520	572	573	591	672	690	769	818	1000	794	709	532	643	584	613	475	724	580	592	344	261	59	106	224	238	211	299	166	243	126	221	135	203	113	187	110	146	76	128	71	88	51	90	57	76	67
64	170	1	2	119	0	1953125	12	0.0	1	1.02	0	0	V0.2	0	0	62	65	59	64	48	75	45	65	26	71	30	61	22	66	24	40	52	48	59	30	101	31	100	22	124	4	132	41	147	70	179	82	125	155	278	242	341	290	532	508	668	547	716	643	807	737	992	1000	944	694	650	640	696	566	598	722	725	556	491	203	68	128	280	179	347	228	284	171	242	159	225	151	206	149	172	116	146	99	108	66	96	66	88	71	86
64	170	1	2	119	0	1953125	12	0.0	1	1.02	0	0	V0.2	0	0	76	12	80	3	77	9	74	15	66	26	58	36	48	45	31	50	19	60	16	75	36	82	45	92	56	89	85	109	109	82	163	85	133	92	270	247	272	332	438	538	568	575	594	676	682	760	817	1000	786	700	532	647	573	613	487	754	608	619	383	276	22	116	253	244	246	314	188	253	143	236	143	214	121	204	111	154	83	140	66	92	60	95	59	83	76
64	170	1	2	119	0	1953125	12	0.0	1	1.02	0	0	V0.2	0	0	75	10	78	4	75	5	74	12	64	25	59	32	47	41	33	47	17	59	15	72	33	83	38	90	51	90	71	106	98	80	148	85	122	88	254	248	266	335	422	531	554	573	574	662	662	752	807	1000	798	720	548	633	551	591	482	738	571	567	334	261	64	78	220	213	214	289	165	233	122	218	126	197	111	188	101	144	75	131	61	85	51	89	54	76	71
64	170	1	2	119	0	1953125	12	0.0	1	1.02	0	0	V0.2	0	0	73	13	74	6	72	0	71	9	64	21	56	31	46	38	33	45	18	56	13	74	30	80	32	91	44	93	64	109	91	88	134	89	111	94	240	250	260	344	406	523	535	567	552	650	642	748	802	1000	804	724	548	618	549	582	461	706	542	553	317	254	93	73	213	202	196	278	150	222	112	205	116	188	104	183	98	139	76	128	59	82	52	86	51	73	65
64	170	1	2	119	0	1953125	12	0.0	1	1.02	0	0	V0.2	0	0	76	12	78	2	77	6	75	14	65	25	57	34	46	40	30	46	18	60	16	73	36	83	43	91	54	91	76	108	99	84	152	89	126	88	258	245	269	337	427	529	553	565	572	663	667	748	811	1000	792	702	530	632	568	604	477	735	575	588	358	275	45	87	230	222	224	296	171	237	126	221	131	203	113	194	103	146	78	132	64	89	55	89	56	76	70
64	170	1	2	119	0	1953125	12	0.0	1	1.02	0	0	V0.2	0	0	78	11	80	4	78	12	77	18	65	29	59	37	48	47	31	50	19	62	20	76	41	82	48	89	62	87	87	106	109	76	165	81	132	84	270	241	281	329	441	532	573	569	596	672	692	755	821	1000	786	696	522	636	572	609	484	754	613	609	377	285	15	97	246	230	241	303	182	243	141	231	139	206	118	199	107	147	78	136	63	89	59	92	58	76	74
64	170	1	2	119	0	1953125	12	0.0	1	1.02	0	0	V0.2	0	0	79	13	79	9	77	15	74	18	63	31	57	37	43	47	29	49	18	60	20	74	43	80	51	85	66	83	90	99	112	71	169	74	137	83	273	231	281	322	449	531	585	571	609	672	698	758	827	1000	794	712	541	654	583	614	489	765	617	596	361	270	21	89	242	218	240	293	182	241	141	228	138	209	120	198	106	151	83	137	63	90	59	89	58	80	79
64	170	1	2	119	0	1953125	12	0.0	1	1.02	0	0	V0.2	0	0	48	67	46	64	55	64	52	48	60	45	53	27	65	27	48	27	57	32	44	70	65	71	44	103	52	110	41	146	19	160	64	168	37	213	164	339	201	407	392	606	532	645	585	722	695	815	905	1000	909	668	658	588	682	589	599	722	728	598	427	227	121	171	172	266	274	280	249	202	218	181	219	162	194	144	179	112	136	93	115	68	84	82	85	74	79
64	170	1	2	119	0	1953125	12	0.0	1	1.02	0	0	V0.2	0	0	31	79	17	80	14	81	12	76	11	73	23	57	41	55	40	23	64	21	65	25	101	21	88	52	110	57	103	94	102	128	108	137	57	204	192	312	279	357	466	568	614	612	666	677	757	772	982	1000	994	706	709	575	696	546	630	688	726	522	431	176	143	158	166	213	277	222	251	148	221	132	213	125	198	119	175	92	138	80	112	54	83	61	82	66	77
64	170	1	2	119	0	1953125	12	0.0	1	1.02	0	0	V0.2	0	0	63	40	65	34	68	30	66	20	67	19	57	20	58	24	40	38	36	49	22	76	28	82	16	104	10	103	25	135	44	127	90	129	81	148	196	295	215	385	367	561	505	612	531	684	628	776	811	1000	838	702	581	599	601	580	500	678	555	543	308	231	134	114	170	229	180	275	157	210	129	190	143	179	127	163	124	126	90	111	78	72	50	82	58	71	65
64	170	1	2	119	0	1953125	12	0.0	1	1.02	0	0	V0.2	0	0	78	26	81	24	73	33	73	33	59	46	54	45	38	55	24	52	24	62	31	67	61	75	68	73	88	68	106	81	133	48	181	59	147	76	288	220	309	305	478	508	606	537	627	646	723	729	856	1000	817	682	525	655	610	606	507	773	641	602	427	285	36	82	274	213	287	291	216	237	170	227	161	209	141	197	118	151	97	136	72	88	68	87	69	81	79
64	170	1	2	119	0	1953125	12	0.0	1	1.02	0	0	V0.2	0	0	77	16	79	14	73	23	74	27	61	37	57	42	43	52	27	50	20	63	25	69	51	77	57	80	76	75	93	87	120	57	170	61	136	73	276	225	299	314	460	514	590	552	611	646	697	737	839	1000	807	695	520	625	569	598	485	740	599	589	389	272	23	62	251	200	257	282	189	228	144	216	141	198	123	191	105	144	86	130	62	84	58	84	58	75	73
64	170	1	2	119	0	1953125	12	0.0	1	1.02	0	0	V0.2	0	0	77	15	78	9	77	20	73	22	62	33	55	38	43	49	27	49	19	61	22	73	48	79	54	80	70	79	92	97	114	66	169	71	139	80	274	229	290	319	449	519	583	554	602	660	699	750	834	1000	791	686	514	641	585	605	478	745	603	603	381	276	19	83	252	216	252	292	185	235	142	224	139	204	122	195	106	150	85	136	62	89	58	89	58	76	74
64	170	1	2	119	0	1953125	12	0.0	1	1.02	0	0	V0.2	0	0	78	18	80	14	77	23	75	27	61	36	57	42	43	50	26	50	18	63	25	71	52	78	58	80	76	78	98	94	126	62	178	68	146	80	282	226	295	314	463	523	591	547	614	663	713	750	844	1000	787	679	519	658	599	618	494	781	650	628	414	295	20	98	265	230	272	306	203	249	157	236	153	215	131	206	112	156	90	142	67	93	66	91	65	83	80
64	170	1	2	119	0	1953125	12	0.0	1	1.02	0	0	V0.2	0	0	75	32	76	30	71	38	69	39	54	51	50	49	33	57	21	50	26	59	36	60	67	68	72	59	93	57	112	65	133	31	184	40	137	79	286	207	320	292	497	503	625	537	656	644	739	735	892	1000	845	721	577	660	611	600	533	770	637	560	399	265	15	49	254	167	277	256	214	214	171	203	160	188	145	185	123	140	101	126	73	79	71	78	67	75	77
64	170	1	2	119	0	1953125	12	0.0	1	1.02	0	0	V0.2	0	0	78	12	77	4	76	7	74	14	67	24	59	33	48	42	31	48	19	60	16	74	34	84	40	94	54	92	76	112	101	87	154	89	125	95	257	246	266	341	429	541	566	580	583	681	681	769	816	1000	788	716	554	667	597	618	488	758	601	586	337	278	46	88	216	218	216	293	168	241	131	226	133	206	114	195	106	150	79	134	62	87	51	89	56	79	71
64	170	1	2	119	0	1953125	12	0.0	1	1.02	0	0	V0.2	0	0	47	79	38	78	31	84	29	75	10	80	21	62	31	61	32	33	63	34	65	20	105	7	97	34	125	36	127	72	132	112	158	128	101	195	243	277	308	319	510	541	651	572	708	675	810	753	1000	969	938	645	693	641	771	592	662	754	800	567	498	204	120	147	251	200	351	229	297	163	262	154	247	144	222	136	195	104	157	87	119	61	102	68	95	74	86
64	170	1	2	119	0	1953125	12	0.0	1	1.02	0	0	V0.2	0	0	74	39	74	37	70	47	67	45	50	55	47	53	31	60	23	50	31	63	41	58	74	62	79	56	104	49	120	58	142	28	188	42	144	90	290	207	327	283	509	502	645	541	680	647	767	745	914	1000	859	712	598	676	663	623	565	787	697	587	435	278	46	53	259	173	301	261	235	217	193	206	181	192	161	185	136	142	114	126	82	80	77	80	75	75	79
64	170	1	2	119	0	1953125	12	0.0	1	1.02	0	0	V0.2	0	0	34	81	31	75	17	86	24	70	9	78	18	59	36	61	33	35	62	34	63	24	101	14	98	26	120	20	131	52	135	83	165	85	113	156	255	244	332	301	518	502	658	550	702	639	801	748	986	1000	947	723	662	660	713	593	607	760	722	540	455	246	80	77	241	146	311	218	251	190	210	175	200	171	174	162	148	132	121	115	92	79	83	75	78	75	81
64	170	1	2	119	0	1953125	12	0.0	1	1.02	0	0	V0.2	0	0	21	89	2	83	16	91	15	74	28	77	30	54	52	53	47	23	70	16	67	36	102	29	93	64	110	67	111	102	108	137	125	147	67	210	206	307	291	357	488	563	630	596	686	680	795	771	1000	984	969	671	705	629	761	583	669	751	790	555	492	205	123	131	227	189	333	216	288	163	251	146	238	141	212	131	185	106	148	90	119	61	93	66	89	68	84
64	170	1	2	119	0	1953125	12	0.0	1	1.02	0	0	V0.2	0	0	53	72	46	72	39	77	37	71	18	76	22	61	26	63	28	37	59	41	63	23	106	19	100	24	124	20	127	55	140	90	164	102	111	173	253	260	325	305	517	524	655	556	706	651	805	748	1000	992	963	676	671	631	742	587	656	758	792	569	508	229	120	108	237	175	342	223	287	165	250	151	238	145	214	139	184	107	152	93	115	61	100	69	91	73	89
64	170	1	2	119	0	1953125	12	0.0	1	1.02	0	0	V0.2	0	0	71	51	69	50	60	57	59	55	42	64	40	57	25	64	21	48	39	53	51	50	87	49	88	41	112	29	130	46	148	38	188	51	137	111	286	210	333	278	526	499	660	543	704	642	789	740	947	1000	899	715	636	683	691	617	611	807	733	574	462	264	66	58	252	157	311	239	253	201	214	192	199	178	180	176	151	135	127	119	96	78	85	76	79	74	82
64	170	1	2	119	0	1953125	12	0.0	0	1.02	0	0	V0.2	0	0	163	199	178	205	184	194	203	193	210	178	224	177	227	163	232	164	229	154	223	157	220	158	194	176	182	184	148	212	114	241	48	258	83	271	91	390	57	437	203	616	317	632	353	702	434	771	571	999	560	758	365	696	399	577	400	750	539	404	397	253	84	177	227	79	312	37	288	30	271	8	272	23	268	29	260	62	235	74	216	105	186	122	164	145	150
64	170	1	2	119	0	1953125	12	0.0	0	1.02	0	0	V0.2	0	0	248	183	263	189	258	194	267	209	253	219	256	234	240	239	227	264	197	258	180	278	152	266	147	279	129	256	141	276	163	221	235	214	239	131	377	274	353	362	533	503	675	520	724	576	829	668	984	1000	943	775	661	654	747	446	734	665	844	359	552	97	268	244	95	255	282	232	297	162	278	179	273	191	256	200	247	199	211	208	196	203	156	219	130	229	104
64	170	1	2	119	0	1953125	12	0.0	0	1.01	0	0	V0.2	0	0	40	73	40	74	42	66	39	56	44	55	47	36	58	34	59	32	81	38	81	53	107	49	100	75	118	74	121	96	139	137	177	144	121	201	269	272	321	283	499	497	638	522	674	602	758	704	956	999	961	758	677	659	660	564	618	780	678	483	379	250	115	163	190	71	213	135	161	147	135	147	125	153	124	167	114	143	97	137	82	108	68	90	63	80	73
64	170	1	2	119	0	1953125	12	0.0	0	1.02	0	0	V0.2	0	0	155	215	165	217	172	213	187	212	199	199	214	192	222	179	229	164	236	149	234	137	239	136	222	143	212	156	190	177	160	227	112	246	89	290	44	395	126	437	221	620	319	659	348	744	420	805	575	1000	596	741	406	710	402	658	343	802	468	517	332	323	55	130	263	29	306	100	268	120	253	92	266	81	264	67	257	60	243	53	224	78	207	86	191	105	185
64	170	1	2	119	0	1953125	12	0.0	0	1.02	0	0	V0.2	0	0	155	215	165	217	172	213	187	212	199	199	214	192	222	179	229	164	236	149	234	137	239	136	222	143	212	156	190	177	160	227	112	246	89	290	44	395	126	437	221	620	319	659	348	744	420	805	575	1000	596	741	406	710	402	658	343	802	468	517	332	323	55	130	263	29	306	100	268	120	253	92	266	81	264	67	257	60	243	53	224	78	207	86	191	105	185
64	170	1	2	119	0	1953125	12	0.0	0	1.02	0	0	V0.2	0	0	227	197	249	195	251	186	271	192	267	189	273	202	262	204	251	229	227	230	208	252	185	250	157	271	129	260	108	289	107	260	167	257	196	201	322	342	278	415	451	557	593	559	655	630	771	691	901	1000	848	735	591	656	723	454	692	641	831	378	566	89	252	232	109	252	282	242	285	177	258	201	250	212	227	226	213	223	172	231	159	219	125	229	101	231	82
64	170	1	2	119	0	1953125	12	0.0	0	1.01	0	0	V0.2	0	0	219	168	229	174	238	164	243	176	246	171	244	187	243	186	223	212	213	209	185	229	177	223	144	243	130	238	93	262	92	254	116	250	160	225	242	354	195	427	330	570	462	594	497	658	610	738	712	1000	668	769	411	680	532	532	510	707	693	389	516	200	173	194	219	131	338	93	319	24	291	48	296	55	279	72	275	85	240	105	229	116	188	146	173	159	148
64	170	1	2	119	0	1953125	12	0.0	0	1.02	0	0	V0.2	0	0	198	258	195	264	191	275	197	274	201	278	211	271	219	260	236	235	247	218	261	189	268	169	271	136	272	123	279	102	270	162	278	190	204	287	269	344	363	351	495	577	599	637	626	735	679	838	918	1000	978	691	743	625	628	715	542	872	529	732	209	418	183	86	301	201	227	310	165	307	157	278	171	274	187	263	191	233	206	208	199	179	216	143	219	113	238
64	170	1	2	119	0	1953125	12	0.0	0	1.02	0	0	V0.2	0	0	188	174	202	175	209	167	222	171	225	163	232	167	230	164	224	173	219	171	204	180	199	182	172	200	157	206	123	230	92	246	44	252	98	262	124	381	74	441	216	603	335	637	369	709	462	784	577	999	564	764	362	711	420	613	369	757	515	435	365	291	65	162	241	43	306	54	274	85	256	60	264	58	262	45	258	52	237	52	223	76	202	84	191	101	181
64	170	1	2	119	0	1953125	12	0.0	0	1.02	0	0	V0.2	0	0	216	168	234	172	235	165	247	176	242	173	247	186	240	187	228	210	209	209	189	228	173	224	145	245	125	238	97	264	87	248	124	250	159	221	245	352	194	419	341	569	469	587	510	662	622	733	715	1000	661	751	438	712	581	545	525	720	684	356	486	192	167	197	212	134	331	92	312	29	291	55	292	63	282	74	271	90	242	106	224	123	190	145	168	163	149
64	170	1	2	119	0	1953125	12	0.0	0	1.02	0	0	V0.2	0	0	181	191	194	193	202	184	217	183	222	175	233	174	236	167	233	169	232	163	222	162	224	164	200	177	189	188	156	210	124	243	63	255	82	285	53	396	69	439	188	609	293	646	326	729	417	805	563	999	573	742	385	698	384	653	334	799	457	520	317	341	44	126	272	41	297	124	254	152	235	125	246	123	248	111	244	102	232	86	219	91	208	76	201	83	200
64	170	1	2	119	0	1953125	12	0.0	0	1.02	0	0	V0.2	0	0	167	200	182	201	191	191	208	191	214	177	227	177	231	165	232	166	230	157	221	163	220	164	193	183	179	191	143	220	110	244	46	256	92	268	105	389	59	431	201	602	319	621	357	699	456	771	581	1000	559	753	354	702	429	579	408	736	564	408	427	258	119	169	222	85	317	42	292	21	273	11	277	28	272	39	260	68	237	82	217	110	185	131	162	151	148
64	170	1	2	119	0	1953125	12	0.0	0	1.02	0	0	V0.2	0	0	159	210	165	214	175	206	192	204	204	191	217	188	223	172	229	164	232	152	228	145	233	142	212	155	203	168	174	192	143	233	82	249	82	285	39	392	80	428	191	612	297	640	324	722	410	795	559	999	567	748	367	695	374	623	347	775	494	486	369	312	67	143	254	29	314	67	280	89	264	60	271	49	269	34	261	47	243	50	223	83	203	98	184	121	173
64	170	1	2	119	0	1953125	12	0.0	0	1.02	0	0	V0.2	0	0	163	226	167	231	173	230	184	228	197	220	212	211	222	198	231	180	239	163	242	144	249	136	236	134	230	145	214	158	190	216	152	240	109	298	82	387	169	412	257	609	346	644	366	741	435	817	620	1000	645	724	457	697	411	674	341	829	445	583	297	364	58	104	285	74	300	159	258	173	243	144	255	135	258	119	254	102	247	85	230	91	221	78	208	87	208
64	170	1	2	119	0	1953125	12	0.0	0	1.02	0	0	V0.2	0	0	158	219	162	223	170	220	181	219	193	209	207	203	216	188	226	171	233	156	235	140	242	130	228	133	221	144	201	161	178	215	135	238	100	287	63	384	153	412	243	611	338	647	356	734	426	813	603	1000	635	745	453	697	402	668	351	817	441	546	287	355	40	131	261	51	288	130	250	154	238	125	250	117	253	103	250	87	241	74	225	85	213	77	199	91	197
64	170	1	2	119	0	1953125	12	0.0	0	1.01	0	0	V0.2	0	0	35	73	29	73	29	71	23	69	12	65	20	60	26	56	44	49	65	50	77	45	99	46	105	40	127	37	135	51	163	60	205	68	167	114	302	215	316	261	466	467	596	506	618	610	703	708	865	999	842	738	586	673	595	578	533	781	597	504	326	285	105	98	198	66	177	172	116	164	93	164	93	163	99	174	93	141	80	132	70	103	58	86	52	79	68
64	170	1	2	119	0	1953125	12	0.0	0	1.02	0	0	V0.2	0	0	201	262	197	267	194	278	198	278	203	283	213	274	221	264	238	240	248	224	262	194	270	172	277	139	275	126	283	98	276	160	284	186	213	285	275	338	368	348	495	568	599	628	625	734	688	836	931	1000	972	678	735	639	656	732	557	883	533	733	210	436	169	99	299	217	220	314	157	311	153	286	173	280	189	269	193	240	204	214	198	183	219	146	224	117	238
64	170	1	2	119	0	1953125	12	0.0	0	1.02	0	0	V0.2	0	0	233	172	247	175	239	187	247	198	232	213	231	225	211	236	203	250	171	252	165	262	134	250	147	250	138	221	171	224	196	151	272	131	252	34	394	124	399	186	568	321	697	330	739	408	834	487	1000	733	976	476	722	400	773	376	705	518	750	520	422	210	256	198	85	302	86	344	109	295	88	295	72	299	49	299	45	277	56	266	70	231	106	214	125	195	141
64	170	1	2	119	0	1953125	12	0.0	0	1.02	0	0	V0.2	0	0	168	236	168	241	173	243	184	242	195	235	210	227	219	213	232	190	242	171	249	149	257	137	247	126	243	134	232	141	213	204	183	232	132	299	126	383	216	405	311	612	405	652	415	747	479	829	671	1000	716	730	518	695	459	703	374	856	453	617	257	386	71	101	284	105	284	195	239	207	226	180	240	167	247	155	244	134	240	114	226	106	223	85	213	83	217
64	170	1	2	119	0	1953125	12	0.0	0	1.01	0	0	V0.2	0	0	59	51	56	51	53	50	46	53	37	54	30	53	24	53	30	60	44	64	59	73	71	75	84	79	94	80	111	96	136	90	185	93	163	118	283	251	268	314	408	507	533	550	550	645	632	741	794	1000	805	734	576	660	569	595	522	776	558	511	270	269	157	57	179	111	114	199	84	166	74	165	97	156	96	164	108	127	89	123	87	88	68	83	56	74	71
64	170	1	2	119	0	1953125	12	0.0	0	1.01	0	0	V0.2	0	0	62	47	59	47	55	45	50	48	40	50	34	52	26	53	29	61	39	64	52	75	65	78	76	83	84	85	103	104	129	99	177	104	156	120	273	258	250	316	385	505	501	539	522	631	612	736	783	1000	812	722	564	636	556	581	520	767	563	517	287	283	162	50	168	124	111	204	93	166	83	162	105	152	104	160	115	122	91	118	91	85	70	79	60	73	73
64	170	1	2	119	0	1953125	12	0.0	0	1.01	0	0	V0.2	0	0	62	46	68	50	62	40	65	33	63	27	62	18	60	30	54	47	64	62	55	87	69	92	51	121	59	123	49	155	52	179	88	194	45	236	186	352	211	364	378	565	516	590	567	668	664	764	905	1000	954	696	681	575	661	539	626	702	668	493	378	218	228	140	107	162	148	167	167	105	158	98	168	96	164	107	162	84	136	83	123	58	90	61	77	61	76
64	170	1	2	119	0	1953125	12	0.0	0	1.01	0	0	V0.2	0	0	21	77	14	78	15	73	9	68	4	66	23	55	32	51	50	41	71	42	82	37	108	35	109	35	128	28	136	48	163	72	199	81	158	139	296	225	325	249	474	455	607	495	639	593	720	696	899	1000	891	740	605	663	612	563	550	758	606	478	353	280	111	136	190	54	193	144	133	147	110	150	107	151	112	164	100	138	90	133	74	100	61	85	58	79	70
64	170	1	2	119	0	1953125	12	0.0	0	1.02	0	0	V0.2	0	0	157	219	160	224	169	218	180	219	192	209	206	203	214	189	222	170	230	155	232	138	239	130	227	129	221	140	202	156	180	211	139	233	102	289	69	383	158	412	246	601	335	640	362	732	429	808	610	1000	640	729	438	689	404	661	349	809	420	539	292	359	38	130	259	54	286	132	247	155	234	127	246	117	250	103	246	88	236	74	223	81	211	75	197	88	195
64	170	1	2	119	0	1953125	12	0.0	0	1.02	0	0	V0.2	0	0	163	230	166	234	171	236	182	233	196	225	208	216	221	202	230	180	242	162	245	142	253	133	241	125	236	137	223	150	200	210	163	235	118	301	104	387	191	411	280	608	366	650	389	747	456	825	643	1000	663	711	463	695	432	692	359	837	438	600	298	371	66	91	291	87	295	172	251	184	237	155	251	142	254	128	250	110	244	92	225	92	220	76	207	86	207
64	170	1	2	119	0	1953125	12	0.0	0	1.02	0	0	V0.2	0	0	160	217	165	220	173	218	184	218	196	207	209	201	219	189	226	172	235	156	236	140	242	134	227	138	219	147	201	165	175	218	130	239	99	288	60	385	146	411	235	604	328	638	347	730	419	809	595	1000	620	728	428	689	397	669	349	828	459	564	311	365	43	122	263	57	290	137	256	157	242	127	254	116	256	101	251	89	242	71	226	85	215	75	201	91	199
64	170	1	2	119	0	1953125	12	0.0	0	1.01	0	0	V0.2	0	0	51	56	48	60	45	56	36	57	29	57	26	54	22	54	34	57	50	60	64	64	79	67	91	66	106	64	116	79	145	73	192	81	163	101	286	231	277	290	420	491	545	530	566	629	647	723	806	1000	813	739	571	660	562	589	526	776	565	517	295	292	149	68	176	85	123	191	88	169	71	168	89	158	88	167	96	132	83	131	82	93	63	84	54	76	70
64	170	1	2	119	0	1953125	12	0.0	0	1.01	0	0	V0.2	0	0	32	77	37	81	37	70	44	62	44	55	53	38	59	36	62	33	82	44	82	59	106	65	96	90	112	92	110	121	122	157	150	173	93	231	237	314	294	322	473	531	615	561	673	649	768	738	989	1000	992	713	725	641	730	553	667	749	720	465	410	219	173	170	120	113	207	108	191	89	178	92	178	101	174	117	159	99	132	98	115	79	92	67	79	67	79
64	170	1	2	119	0	1953125	12	0.0	0	1.02	0	0	V0.2	0	0	191	256	189	261	186	272	193	273	198	274	209	267	217	253	235	230	245	213	261	184	268	163	273	132	272	121	278	100	268	165	268	189	204	286	255	343	345	357	467	574	565	632	593	740	661	839	888	1000	923	683	695	657	635	734	524	875	511	719	215	435	148	100	288	205	223	297	169	295	161	270	180	265	195	252	201	222	210	200	205	171	218	138	221	109	234
64	170	1	2	119	0	1953125	12	0.0	0	1.02	0	0	V0.2	0	0	188	256	187	261	184	271	188	270	196	271	207	262	216	253	231	229	244	210	258	180	267	161	270	130	269	120	273	103	263	167	265	194	194	290	248	350	332	360	457	577	557	631	582	738	639	839	865	1000	913	689	685	642	598	728	510	885	524	725	228	440	134	109	285	201	231	301	178	296	168	269	188	261	201	247	202	217	216	194	205	164	219	129	221	104	231
64	170	1	2	119	0	1953125	12	0.0	0	1.01	0	0	V0.2	0	0	73	29	73	29	67	28	64	33	55	36	46	45	40	49	30	69	34	71	42	94	45	96	56	112	58	113	78	135	97	143	150	147	135	174	243	301	213	359	367	560	499	602	529	683	621	776	802	1000	831	711	618	636	613	588	556	750	609	531	303	240	190	89	141	149	102	202	122	148	120	144	141	131	134	139	147	105	116	103	115	70	83	72	74	67	76
64	170	1	2	119	0	1953125	12	0.0	0	1.02	0	0	V0.2	0	0	204	237	201	244	191	262	193	263	189	273	193	269	190	265	207	246	212	233	227	214	229	190	247	160	247	133	269	94	274	97	302	117	239	215	335	229	403	227	547	434	656	491	694	589	760	692	977	836	1000	536	769	505	728	616	628	746	614	680	251	372	219	124	228	263	110	344	59	324	58	305	77	303	96	295	104	269	132	245	136	216	170	182	179	153	199
64	170	1	2	119	0	1953125	12	0.0	0	1.02	0	0	V0.2	0	0	160	202	170	204	179	196	193	196	204	182	218	180	222	167	225	160	227	151	221	149	224	146	200	161	190	172	160	196	130	234	67	251	80	275	60	387	56	421	184	598	290	622	327	705	419	787	564	999	560	748	357	692	385	601	365	774	517	461	381	305	83	154	231	41	303	48	278	71	262	42	268	34	265	20	258	44	239	52	221	84	196	102	174	124	165
64	170	1	2	119	0	1953125	12	0.0	0	1.01	0	0	V0.2	0	0	78	16	77	15	72	16	67	24	61	28	50	38	46	42	32	66	37	72	34	95	37	99	42	120	39	120	56	147	77	159	132	167	114	189	221	319	197	369	353	569	487	601	522	681	618	773	820	1000	867	718	652	619	628	560	585	748	642	519	323	236	209	100	119	147	108	187	140	134	138	124	156	116	147	119	154	95	126	93	119	66	91	67	78	63	76
64	170	1	2	119	0	1953125	12	0.0	0	1.01	0	0	V0.2	0	0	60	53	56	53	54	53	45	55	34	55	33	55	24	55	34	62	46	65	61	72	72	74	86	78	98	78	113	96	139	92	191	97	164	115	281	245	268	310	411	508	533	544	554	644	641	738	794	1000	803	729	571	661	569	584	517	786	576	533	290	283	142	48	173	110	119	203	89	172	77	172	97	158	96	168	108	130	88	125	87	88	65	83	56	73	67
64	170	1	2	119	0	1953125	12	0.0	0	1.01	0	0	V0.2	0	0	16	78	8	80	11	75	8	70	7	66	27	55	34	49	51	40	74	41	86	36	111	33	110	38	131	31	137	51	161	82	203	96	160	153	300	232	323	251	487	469	621	501	656	603	744	701	916	1000	899	733	621	657	624	560	581	794	657	494	368	287	110	136	178	50	198	146	147	149	123	151	118	152	120	165	108	140	94	133	80	103	68	86	63	80	70
64	170	1	2	119	0	1953125	12	0.0	0	1.01	0	0	V0.2	0	0	34	72	25	74	26	70	19	67	11	64	21	56	24	54	45	48	66	49	76	47	101	45	106	42	124	35	136	51	162	59	203	71	168	119	304	218	313	261	464	462	591	506	620	602	700	707	867	1000	853	738	583	657	581	572	538	788	597	499	328	294	112	105	186	55	172	168	115	164	92	165	94	162	97	171	90	139	82	133	68	102	61	86	54	82	71
64	170	1	2	119	0	1953125	12	0.0	0	1.01	0	0	V0.2	0	0	56	60	50	59	46	59	41	58	33	58	28	57	23	56	35	60	49	63	65	68	82	69	92	72	105	71	121	87	149	81	197	88	169	110	295	241	283	301	424	496	548	534	562	633	654	729	804	1000	807	722	549	645	556	583	511	773	564	526	296	286	130	54	178	104	134	202	92	174	76	172	91	162	91	170	99	134	82	128	79	93	62	81	53	77	69
64	170	1	2	119	0	1953125	12	0.0	0	1.02	0	0	V0.2	0	0	231	171	246	173	244	179	253	190	240	203	242	216	222	228	210	245	182	248	169	261	137	252	139	257	126	235	149	243	176	178	252	162	245	66	382	172	381	237	554	364	690	370	738	439	843	524	1000	783	968	534	725	471	798	371	735	543	789	450	453	154	275	196	52	281	129	318	156	272	136	280	120	287	94	291	84	273	68	264	73	237	91	224	104	209	119
64	170	1	2	119	0	1953125	12	0.0	0	1.01	0	0	V0.2	0	0	20	80	13	82	13	78	12	71	5	66	25	57	33	51	49	41	73	43	83	39	109	36	111	37	131	30	138	51	165	74	204	90	162	146	304	231	326	256	492	466	620	504	654	603	734	707	909	1000	889	734	612	660	614	567	568	780	634	489	359	283	106	130	183	52	194	147	139	151	117	152	111	152	114	165	101	136	89	130	74	101	64	84	60	78	70
64	170	1	2	119	0	1953125	12	0.0	0	1.02	0	0	V0.2	0	0	192	192	209	193	216	181	234	185	238	173	247	179	243	174	239	189	226	187	212	202	200	203	169	226	147	228	110	254	84	254	87	261	137	239	213	371	165	431	313	581	440	594	486	661	596	731	712	1000	680	759	440	682	543	506	542	690	686	332	490	178	190	204	159	166	295	131	291	74	271	100	268	115	253	131	242	141	210	156	194	163	158	180	129	195	103
64	170	1	2	119	0	1953125	12	0.0	0	1.01	0	0	V0.2	0	0	69	41	75	43	68	33	70	25	66	24	65	15	63	32	51	55	60	68	47	94	61	98	41	128	45	130	37	162	48	188	95	200	62	243	194	355	201	378	380	589	524	616	567	694	667	785	883	1000	921	692	682	603	673	560	614	726	686	528	366	213	197	128	108	168	146	192	168	126	158	120	171	109	161	120	164	94	135	95	121	64	91	66	77	65	80
64	170	1	2	119	0	1953125	12	0.0	0	1.02	0	0	V0.2	0	0	191	193	209	196	214	182	236	184	238	173	249	178	244	174	239	188	228	187	212	202	202	202	170	225	150	226	113	255	85	255	82	263	130	244	200	374	151	430	304	590	438	600	485	678	592	737	695	1000	651	750	438	704	562	522	523	697	676	331	478	181	181	204	168	158	300	120	292	71	274	97	274	111	258	126	246	139	216	149	197	159	160	177	132	193	107
64	170	1	2	119	0	1953125	12	0.0	0	1.02	0	0	V0.2	0	0	192	194	211	195	215	182	236	185	238	174	250	178	244	173	240	188	226	187	215	202	202	203	170	226	149	226	113	258	82	256	87	264	130	243	204	373	159	433	308	590	439	596	482	672	596	733	706	999	669	756	449	707	579	520	543	700	698	337	486	176	194	200	165	160	302	125	295	75	276	103	273	115	260	130	247	144	214	155	193	162	158	180	130	195	106
64	170	1	2	119	0	1953125	12	0.0	0	1.02	0	0	V0.2	0	0	171	199	188	200	197	186	214	185	222	172	234	173	235	162	235	167	231	162	220	170	217	172	185	194	172	200	133	232	99	247	44	261	95	266	135	389	86	441	233	600	347	617	393	698	499	761	613	999	586	752	363	689	454	562	452	733	604	388	452	240	149	175	205	104	314	61	295	7	275	34	275	50	266	65	254	89	228	103	209	124	176	143	150	163	133
64	170	1	2	119	0	1953125	12	0.0	0	1.02	0	0	V0.2	0	0	174	194	191	196	199	184	215	185	222	171	233	173	234	164	233	171	226	166	215	175	210	175	182	197	164	202	128	230	93	246	48	259	103	253	145	382	95	432	237	596	360	615	403	688	505	757	622	1000	601	763	372	682	453	545	449	715	611	373	443	243	151	192	185	121	302	67	289	15	271	41	272	59	264	73	254	92	226	105	208	126	174	147	151	166	131
64	170	1	2	119	0	1953125	12	0.0	0	1.01	0	0	V0.2	0	0	12	82	7	83	8	78	15	72	21	66	35	52	44	47	58	36	80	38	88	37	114	34	112	50	131	47	136	70	158	108	197	126	148	182	291	259	331	269	506	487	645	517	684	617	768	709	949	1000	950	745	676	677	662	548	607	782	685	473	385	270	119	151	160	61	210	123	168	135	150	141	145	143	141	157	127	134	109	127	93	101	74	83	69	78	75
64	170	1	2	119	0	1953125	12	0.0	0	1.01	0	0	V0.2	0	0	72	34	77	34	72	27	70	19	69	21	63	21	62	33	52	59	57	70	46	98	56	102	38	131	38	133	39	165	47	185	101	197	73	237	198	354	205	395	379	588	518	626	568	708	659	787	865	1000	910	705	681	617	664	558	605	728	645	507	324	214	205	107	107	158	126	190	151	135	144	127	160	120	153	125	154	95	128	95	118	67	86	67	74	62	78
64	170	1	2	119	0	1953125	12	0.0	0	1.02	0	0	V0.2	0	0	185	191	202	193	211	182	227	185	230	169	243	174	238	168	237	180	224	176	212	189	206	190	175	213	152	219	115	247	84	254	63	267	115	253	182	383	134	439	283	599	405	608	453	683	560	747	671	1000	643	756	413	695	515	528	505	707	666	359	480	195	181	180	186	135	310	100	297	49	280	77	276	90	263	105	250	117	221	132	201	146	163	167	137	183	118
64	170	1	2	119	0	1953125	12	0.0	0	1.01	0	0	V0.2	0	0	21	80	12	82	14	75	10	70	8	67	25	56	32	51	50	40	72	42	84	39	109	34	111	37	131	30	139	52	165	76	208	91	167	150	308	234	333	259	494	469	618	500	654	599	731	704	906	1000	899	740	609	655	596	552	563	777	634	494	362	280	101	122	188	60	204	155	147	157	124	160	114	155	118	166	101	140	91	130	73	104	67	83	58	78	72
64	170	1	2	119	0	1953125	12	0.0	0	1.01	0	0	V0.2	0	0	13	81	2	82	7	76	9	71	14	64	29	52	40	49	53	37	77	36	85	36	112	32	110	42	132	39	137	60	162	96	204	111	156	166	298	245	330	259	499	474	631	500	664	599	745	699	926	1000	928	743	640	666	634	552	587	777	661	482	373	267	102	135	174	62	212	142	161	147	140	151	131	150	131	163	116	139	102	131	84	101	72	85	64	80	73
64	170	1	2	119	0	1953125	12	0.0	0	1.02	0	0	V0.2	0	0	216	184	224	192	211	208	215	218	200	233	198	241	182	243	183	250	161	245	166	248	145	229	171	221	167	189	198	185	220	107	285	91	250	43	382	83	412	154	575	302	703	334	742	405	830	499	999	738	1000	512	746	420	767	366	703	516	736	452	407	166	294	167	81	265	108	305	140	260	136	260	120	268	105	272	98	260	82	249	85	228	89	218	89	210	97
64	170	1	2	119	0	1953125	12	0.0	0	1.01	0	0	V0.2	0	0	66	48	71	48	66	40	67	30	67	28	64	19	65	32	57	52	64	66	55	90	69	97	51	126	57	129	50	163	54	192	99	208	53	247	193	360	218	378	387	578	526	600	572	681	676	773	902	1000	946	684	682	591	680	554	629	726	693	519	384	226	203	118	88	161	170	187	185	121	172	112	182	107	172	115	171	91	138	90	130	66	93	64	83	67	81
64	170	1	2	119	0	1953125	12	0.0	0	1.01	0	0	V0.2	0	0	26	77	16	79	18	71	12	69	6	65	24	58	31	53	47	42	69	44	81	38	106	38	108	34	127	30	135	47	162	68	202	84	165	133	302	227	328	257	479	464	609	499	635	598	718	703	885	1000	884	750	600	659	598	560	535	759	611	482	340	292	114	123	179	49	185	156	130	158	106	160	103	156	108	168	97	140	85	132	69	103	62	85	55	80	71
64	170	1	2	119	0	1953125	12	0.0	0	1.02	0	0	V0.2	0	0	157	201	169	201	178	192	195	190	204	178	216	175	222	163	224	159	226	148	220	149	220	149	196	165	185	177	153	202	121	233	57	253	75	273	74	391	65	431	193	594	305	621	338	700	432	777	570	1000	569	754	355	698	407	592	367	745	508	410	386	291	101	166	213	61	300	33	279	52	261	24	266	21	262	17	254	49	233	63	216	94	188	115	166	134	154
64	170	1	2	119	0	1953125	12	0.0	0	1.01	0	0	V0.2	0	0	44	67	37	71	37	65	29	64	19	62	24	57	22	57	41	53	58	57	75	55	92	58	99	52	120	52	130	64	160	66	205	75	171	108	304	232	311	277	449	476	573	506	588	608	675	711	833	1000	832	730	550	653	565	569	504	765	570	513	329	303	116	78	186	84	162	191	109	174	84	174	91	166	91	173	91	142	80	135	73	97	59	86	50	78	69
64	170	1	2	119	0	1953125	12	0.0	0	1.01	0	0	V0.2	0	0	43	66	37	66	37	64	31	63	21	62	22	57	22	55	38	53	58	56	70	56	91	55	97	51	116	49	127	63	156	63	203	76	169	106	301	229	306	276	450	477	570	509	590	610	669	714	830	999	836	750	575	660	551	557	509	771	577	515	323	308	129	86	175	75	151	187	104	176	82	172	87	163	90	172	92	140	77	134	71	97	60	86	50	76	69
64	170	1	2	119	0	1953125	12	0.0	0	1.01	0	0	V0.2	0	0	43	66	37	66	37	64	31	63	21	62	22	57	22	55	38	53	58	56	70	56	91	55	97	51	116	49	127	63	156	63	203	76	169	106	301	229	306	276	450	477	570	509	590	610	669	714	830	999	836	750	575	660	551	557	509	771	577	515	323	308	129	86	175	75	151	187	104	176	82	172	87	163	90	172	92	140	77	134	71	97	60	86	50	76	69
64	170	1	2	119	0	1953125	12	0.0	0	1.01	0	0	V0.2	0	0	42	67	38	67	35	64	28	63	20	62	23	57	23	54	39	51	58	56	75	55	93	56	101	52	116	49	130	65	159	67	208	76	172	109	301	227	305	279	451	484	581	520	598	622	679	717	827	1000	839	756	587	687	589	583	521	784	591	520	314	300	118	75	172	71	146	186	102	176	85	175	91	166	94	175	94	142	84	137	77	101	62	88	54	79	69
64	170	1	2	119	0	1953125	12	0.0	0	1.01	0	0	V0.2	0	0	27	75	20	77	19	73	15	70	8	65	23	56	29	54	46	45	69	49	83	43	106	41	111	39	130	32	141	50	169	72	215	87	176	133	311	228	329	264	488	474	616	509	649	622	730	711	882	1000	869	739	606	687	616	584	560	802	630	510	351	293	97	94	176	54	181	168	131	168	110	170	106	167	110	179	101	148	88	140	75	105	65	87	57	84	72
64	170	1	2	119	0	1953125	12	0.0	0	1.01	0	0	V0.2	0	0	25	77	17	78	18	74	13	71	6	67	24	58	31	53	47	44	72	47	84	41	109	39	111	39	133	34	141	52	169	73	213	89	169	137	309	231	331	256	485	469	613	498	641	607	728	704	893	999	884	734	600	665	606	572	567	800	638	508	367	300	100	103	177	59	195	170	144	166	119	169	115	165	113	173	102	144	91	135	76	106	65	87	59	82	75
64	170	1	2	119	0	1953125	12	0.0	0	1.00	0	0	V0.2	0	0	30	67	38	70	32	59	37	61	39	54	50	49	52	49	71	44	82	49	97	41	106	43	114	42	133	44	138	49	174	88	216	99	196	156	322	225	306	235	435	441	561	475	577	575	652	675	824	1000	854	763	580	652	519	526	499	756	530	449	263	279	179	179	248	84	138	100	30	109	16	117	39	111	48	130	68	110	66	110	76	93	72	73	52	60	56
64	170	1	2	119	0	1953125	12	0.0	0	1.00	0	0	V0.2	0	0	22	72	30	71	23	65	32	63	32	56	46	53	49	51	71	52	84	53	96	43	106	43	117	40	131	42	141	46	174	84	221	94	199	144	321	226	304	246	426	448	556	490	571	589	645	686	809	1000	844	764	587	671	537	542	498	758	515	450	247	271	177	158	240	75	126	109	20	110	20	117	48	111	52	128	76	107	74	106	84	86	73	69	54	60	59
64	170	1	2	119	0	1953125	12	0.0	0	1.01	0	0	V0.2	0	0	26	81	35	81	31	72	40	65	42	58	50	42	59	41	64	35	84	42	84	58	110	58	100	85	121	84	114	118	131	150	160	170	110	225	250	315	312	314	476	514	617	548	670	631	761	727	973	991	1000	724	713	635	707	545	646	744	717	474	427	243	185	150	113	103	214	114	197	100	177	102	174	110	170	122	155	106	133	103	113	81	86	69	78	68	79
64	170	1	2	119	0	1953125	12	0.0	0	1.01	0	0	V0.2	0	0	32	76	24	77	24	75	18	69	9	66	20	57	29	56	46	46	69	51	82	48	106	46	108	42	128	35	141	56	170	65	212	80	175	126	315	230	330	266	480	471	603	508	633	613	718	712	876	1000	872	744	594	680	604	593	547	794	631	538	375	311	95	82	176	65	188	185	134	176	110	176	106	169	107	180	99	148	89	141	75	107	65	89	56	83	74
64	170	1	2	119	0	1953125	12	0.0	0	1.01	0	0	V0.2	0	0	74	19	77	21	71	23	67	26	60	33	50	41	44	47	32	66	36	74	38	95	42	97	47	118	50	120	69	146	89	152	138	163	123	187	235	324	216	373	360	563	494	604	527	679	621	775	812	1000	870	728	639	618	609	570	568	735	621	528	329	266	211	68	109	144	108	195	142	143	133	133	149	121	142	126	152	99	121	97	117	67	85	69	75	63	77
64	170	1	2	119	0	1953125	12	0.0	0	1.01	0	0	V0.2	0	0	75	27	76	26	72	28	64	31	58	37	48	44	43	49	33	69	37	74	42	96	48	98	56	116	58	118	77	143	97	148	150	155	133	179	244	311	223	367	368	562	505	608	532	685	628	775	801	1000	845	723	621	646	629	591	554	735	606	534	314	266	194	62	119	138	107	200	129	149	123	143	144	133	137	137	144	104	117	102	113	73	82	71	71	65	75
64	170	1	2	119	0	1953125	12	0.0	0	1.02	0	0	V0.2	0	0	201	254	199	260	194	275	195	278	195	280	205	276	209	269	228	246	234	230	253	204	255	181	270	145	271	123	289	85	286	130	304	156	239	258	316	299	395	303	537	515	643	583	676	688	746	790	961	938	1000	625	760	602	718	705	606	848	592	741	249	452	173	143	245	263	160	352	115	337	108	313	127	307	145	295	155	264	174	238	171	205	200	169	208	137	228
64	170	1	2	119	0	1953125	12	0.0	0	1.01	0	0	V0.2	0	0	59	53	58	54	54	52	47	52	38	54	33	55	24	56	33	63	48	65	60	74	76	78	86	81	99	82	113	99	141	94	191	101	167	120	290	256	278	318	417	515	541	553	557	650	650	747	795	1000	809	733	572	668	579	599	516	769	570	539	306	304	156	40	159	107	115	207	95	174	81	174	102	160	96	165	107	129	86	126	86	91	67	82	56	73	70
64	170	1	2	119	0	1953125	12	0.0	0	1.02	0	0	V0.2	0	0	237	183	259	184	254	183	273	191	261	200	265	211	248	221	235	246	205	248	188	268	155	263	142	276	118	260	126	280	147	227	227	218	234	135	376	259	363	328	538	464	686	458	734	535	856	607	1000	897	963	645	710	582	818	407	749	576	843	421	541	122	308	202	44	273	209	297	224	244	203	259	190	267	164	276	147	266	116	262	108	243	97	239	92	233	93
64	170	1	2	119	0	1953125	12	0.0	0	1.02	0	0	V0.2	0	0	164	201	178	204	186	192	201	192	211	178	224	176	228	165	229	164	228	155	221	157	223	156	195	176	183	184	149	214	112	242	49	261	76	275	87	393	62	436	194	605	310	622	341	706	446	780	572	999	572	760	356	705	421	597	395	761	572	449	432	299	146	149	219	51	316	43	295	46	277	18	281	12	273	18	263	51	241	67	222	98	192	117	171	141	153
64	170	1	2	119	0	1953125	12	0.0	0	1.01	0	0	V0.2	0	0	225	165	228	164	227	177	232	184	220	199	224	206	207	222	200	230	174	239	164	243	146	244	125	253	100	248	93	260	86	261	130	259	173	235	258	362	187	403	304	563	425	577	458	646	555	708	675	1000	674	803	444	704	484	494	489	693	619	290	423	225	173	270	80	204	219	98	234	60	234	60	244	65	247	61	248	74	237	80	230	89	211	108	185	128	171
64	170	1	2	119	0	1953125	12	0.0	0	1.01	0	0	V0.2	0	0	200	204	211	196	222	195	235	188	243	184	255	179	255	174	263	162	262	158	261	151	254	156	236	164	221	180	202	193	178	253	151	274	89	341	112	414	196	405	292	600	391	641	414	729	473	808	681	1000	768	738	580	664	460	650	393	818	380	560	170	385	142	166	281	69	226	160	153	205	145	206	148	202	171	210	163	196	176	193	165	174	173	159	174	127	189
64	170	1	2	119	0	1953125	12	0.0	0	1.01	0	0	V0.2	0	0	66	42	68	42	63	43	56	46	48	50	38	53	30	54	31	65	40	71	52	84	63	86	75	96	83	99	104	120	126	116	179	128	161	145	276	280	254	340	390	534	513	567	534	671	634	753	786	1000	806	709	568	652	596	594	524	767	591	559	309	295	153	30	142	136	113	219	109	173	99	169	121	155	116	161	127	124	102	121	101	82	73	81	63	73	75
64	170	1	2	119	0	1953125	12	0.0	0	1.02	0	0	V0.2	0	0	160	226	162	232	168	231	179	227	193	221	205	212	216	196	227	177	239	159	242	139	248	129	238	123	234	134	218	148	196	208	162	235	115	297	101	388	188	414	278	606	371	649	386	743	454	824	632	1000	672	724	459	672	422	684	348	820	453	609	306	402	25	123	264	88	286	173	246	185	232	156	245	143	247	127	246	109	239	90	222	90	215	80	202	84	204
64	170	1	2	119	0	1953125	12	0.0	0	1.01	0	0	V0.2	0	0	72	28	73	31	68	33	62	35	57	37	44	49	38	50	32	70	35	72	44	91	47	94	60	110	64	112	85	138	108	140	160	146	142	169	253	301	224	359	368	552	501	587	521	680	625	769	793	1000	820	700	591	646	613	577	524	750	608	549	328	282	178	61	125	150	111	217	129	161	120	157	142	141	132	146	146	113	117	110	113	73	82	75	71	65	77
64	170	1	2	119	0	1953125	12	0.0	0	1.01	0	0	V0.2	0	0	56	57	54	59	50	59	45	55	36	59	30	57	24	57	34	61	51	66	66	72	82	73	93	75	108	74	124	92	152	88	205	97	179	119	302	249	287	309	431	510	556	546	575	647	658	735	799	1000	804	726	566	687	582	588	509	795	591	550	326	311	119	24	164	115	133	214	102	187	84	183	100	169	98	175	105	139	88	134	83	94	65	86	56	81	72
64	170	1	2	119	0	1953125	12	0.0	0	1.01	0	0	V0.2	0	0	41	69	34	72	32	70	23	65	16	65	23	57	24	56	40	52	62	53	76	51	98	53	105	48	121	46	135	61	166	64	213	78	181	116	312	227	312	272	465	480	591	517	613	621	694	716	841	1000	835	735	581	693	595	588	527	804	616	540	353	312	105	66	174	80	164	196	118	182	94	183	102	173	97	181	98	148	84	138	78	105	62	92	55	82	70
64	170	1	2	119	0	1953125	12	0.0	0	1.01	0	0	V0.2	0	0	41	70	36	69	35	68	25	63	17	65	22	57	21	55	40	51	62	53	73	51	97	54	104	50	120	46	135	64	163	63	210	77	177	115	309	228	311	271	458	479	585	511	605	611	681	709	839	1000	837	742	585	688	580	572	518	793	603	536	349	314	114	73	172	72	158	192	113	180	90	179	95	167	93	178	96	145	80	138	74	103	63	87	53	81	72
64	170	1	2	119	0	1953125	12	0.0	0	1.01	0	0	V0.2	0	0	66	36	71	32	64	35	60	37	54	44	43	48	38	52	27	64	39	71	45	88	53	90	64	103	70	102	88	126	110	126	166	136	146	151	260	288	240	350	382	541	509	582	528	662	613	754	783	1000	825	740	612	652	587	573	529	752	586	531	299	285	190	39	133	126	95	203	114	167	105	157	126	144	118	148	130	116	101	110	102	75	72	74	68	68	72
64	170	1	2	119	0	1953125	12	0.0	0	1.01	0	0	V0.2	0	0	61	48	59	50	54	48	48	51	40	52	35	55	29	55	30	60	42	64	55	76	70	79	80	84	93	85	107	103	136	102	183	107	158	120	275	256	267	323	402	510	523	549	541	643	621	730	782	1000	816	742	583	666	568	563	502	762	559	520	293	299	159	36	148	106	102	201	94	172	84	166	105	156	102	159	111	126	90	119	86	82	67	80	60	74	72
64	170	1	2	119	0	1953125	12	0.0	0	1.01	0	0	V0.2	0	0	66	41	65	41	63	41	56	47	49	47	39	54	35	52	27	64	39	69	50	86	60	88	72	98	80	98	100	123	124	121	175	130	152	148	271	280	246	340	383	531	505	567	526	658	613	747	784	1000	815	712	572	637	569	571	515	765	591	562	330	303	155	28	133	136	113	222	120	174	106	167	127	153	120	158	131	121	104	118	102	78	75	79	67	74	79
64	170	1	2	119	0	1953125	12	0.0	0	1.01	0	0	V0.2	0	0	60	49	57	51	56	49	49	50	42	53	36	56	30	55	31	61	41	67	57	78	71	80	81	86	92	85	109	106	135	100	181	108	157	120	276	260	268	324	401	514	527	560	548	644	622	734	787	1000	823	749	587	661	564	575	515	775	575	535	298	299	157	39	151	106	107	204	98	173	86	169	109	155	99	160	112	127	90	122	88	85	68	79	60	75	71
64	170	1	2	119	0	1953125	12	0.0	0	1.01	0	0	V0.2	0	0	31	74	40	79	35	65	44	59	45	53	50	38	60	36	62	33	80	42	79	61	105	61	91	92	111	92	108	126	122	156	152	176	96	233	237	321	293	319	467	520	603	551	660	630	744	725	971	990	1000	723	727	631	686	520	658	763	729	475	429	237	190	148	102	109	209	118	201	100	184	100	178	104	173	119	158	102	136	100	115	75	89	68	83	72	83
64	170	1	2	119	0	1953125	12	0.0	0	1.01	0	0	V0.2	0	0	204	209	215	202	226	199	240	192	249	188	262	179	260	175	269	162	268	157	268	151	260	153	246	164	228	179	213	191	191	254	167	280	98	347	122	413	198	405	310	606	411	649	429	733	482	808	689	1000	771	728	597	686	483	662	412	859	412	592	190	379	134	132	277	81	226	182	156	219	152	216	149	214	170	221	163	202	178	202	160	182	178	165	174	128	196
64	170	1	2	119	0	1953125	12	0.0	0	1.00	0	0	V0.2	0	0	55	54	58	56	53	46	54	46	56	42	57	37	63	40	71	48	88	52	93	46	107	48	115	59	131	53	136	61	175	98	218	111	191	164	318	227	308	234	442	442	565	487	579	577	648	677	812	1000	851	777	607	693	540	534	510	791	542	463	248	271	185	144	232	70	112	120	19	112	32	114	66	108	70	122	96	94	87	99	99	77	83	65	63	52	63
64	170	1	2	119	0	1953125	12	0.0	0	1.00	0	0	V0.2	0	0	200	204	206	199	222	198	227	195	242	191	245	183	254	179	257	161	266	154	264	139	253	129	262	106	256	98	257	83	271	81	309	103	266	188	379	146	385	82	515	249	639	290	668	342	731	430	926	675	1000	510	770	420	704	277	650	471	616	401	268	90	348	182	258	232	98	224	133	148	161	148	176	148	165	170	183	154	175	165	189	149	179	147	176	147	145
64	170	1	2	119	0	1953125	12	0.0	0	1.01	0	0	V0.2	0	0	225	315	282	207	278	311	250	261	303	261	261	324	280	210	317	351	209	226	363	303	145	286	334	195	205	307	213	152	347	291	52	380	427	178	238	527	489	230	520	842	689	443	848	990	613	582	948	998	631	776	1000	988	694	967	834	673	800	631	48	214	261	159	223	211	228	126	215	283	184	112	304	316	110	193	348	261	70	256	312	165	146	275	222	117	221
64	170	1	2	119	0	1953125	12	0.0	0	1.01	0	0	V0.2	0	0	256	211	254	214	245	241	246	243	230	269	230	270	210	286	202	294	170	302	165	301	138	295	149	292	135	276	162	281	186	246	262	232	279	161	407	302	345	351	498	523	642	516	684	589	793	650	933	1000	909	773	647	713	736	419	703	667	836	327	519	99	283	266	30	258	212	207	254	134	257	145	264	157	255	170	258	170	236	177	231	177	201	190	173	204	146
64	170	1	2	119	0	1953125	12	0.0	0	1.01	0	0	V0.2	0	0	256	211	254	214	245	241	246	243	230	269	230	270	210	286	202	294	170	302	165	301	138	295	149	292	135	276	162	281	186	246	262	232	279	161	407	302	345	351	498	523	642	516	684	589	793	650	933	1000	909	773	647	713	736	419	703	667	836	327	519	99	283	266	30	258	212	207	254	134	257	145	264	157	255	170	258	170	236	177	231	177	201	190	173	204	146
64	170	1	2	119	0	1953125	12	0.0	0	1.01	0	0	V0.2	0	0	223	162	229	159	227	174	231	179	222	195	225	200	207	216	201	227	175	237	162	241	143	243	121	253	98	249	89	263	77	263	116	264	163	244	247	364	180	407	300	562	427	582	455	647	547	709	667	1000	657	794	433	715	494	501	469	691	597	283	405	237	163	271	86	196	222	92	234	57	233	56	241	61	244	55	247	75	233	77	225	94	202	108	181	124	168
64	170	1	2	119	0	1953125	12	0.0	0	1.01	0	0	V0.2	0	0	52	61	49	61	46	61	38	58	30	61	28	57	26	57	33	57	52	62	67	67	85	69	94	71	112	71	126	91	154	82	203	96	176	112	300	246	295	301	429	500	555	531	566	638	656	724	807	1000	810	725	561	689	595	591	506	781	582	547	324	310	105	21	163	113	144	218	109	189	88	186	102	172	98	178	105	141	88	133	80	94	64	89	58	80	75
64	170	1	2	119	0	1953125	12	0.0	0	1.01	0	0	V0.2	0	0	70	38	69	39	67	40	59	43	53	46	43	53	38	55	32	67	39	73	51	90	59	94	71	106	79	109	99	135	124	135	175	146	155	162	267	293	246	355	387	556	527	597	542	688	635	766	788	1000	817	724	605	690	636	608	540	780	624	573	322	286	138	45	114	109	235	138	220	111	203	110	200	114	188	127	176	109	147	105	121	80	97	72	88	75	88
64	170	1	2	119	0	1953125	12	0.0	0	1.01	0	0	V0.2	0	0	208	239	221	233	234	228	249	223	262	214	273	208	280	195	289	176	295	164	297	151	291	148	280	149	270	162	257	170	246	236	229	269	159	352	209	407	291	384	407	591	525	644	540	730	598	822	834	1000	920	705	716	651	600	668	496	844	459	650	141	395	222	102	314	108	206	234	120	261	114	260	110	259	134	271	125	252	145	252	135	226	154	206	165	174	185
64	170	1	2	119	0	1953125	12	0.0	0	1.01	0	0	V0.2	0	0	62	50	59	52	56	51	49	53	41	52	35	55	30	56	30	62	43	68	59	77	70	79	83	88	96	87	111	108	141	106	187	114	169	127	281	262	269	325	404	518	537	561	547	653	636	743	786	1000	807	730	581	690	606	591	515	779	582	537	296	290	143	26	147	120	112	212	102	178	93	175	112	161	104	165	115	128	93	123	90	89	70	82	62	76	74
64	170	1	2	119	0	1953125	12	0.0	0	1.01	0	0	V0.2	0	0	73	35	74	35	69	36	64	41	58	45	48	52	42	55	31	70	39	76	47	94	57	98	67	112	74	115	93	141	116	141	169	153	154	170	261	302	237	360	380	557	518	594	530	687	633	776	793	1000	812	706	599	679	641	602	542	779	632	577	328	281	158	56	125	155	120	223	129	169	122	168	143	153	132	152	143	117	113	112	107	74	78	79	72	71	78
64	170	1	2	119	0	1953125	12	0.0	0	1.01	0	0	V0.2	0	0	20	72	20	72	19	68	13	69	18	65	23	64	31	60	50	70	63	71	79	75	81	78	98	83	108	89	119	103	152	126	191	133	190	168	284	288	233	323	349	519	483	556	490	640	575	727	766	1000	845	749	640	653	574	524	533	745	558	470	241	235	246	132	208	124	52	136	68	76	82	77	111	68	105	84	124	63	107	74	111	55	89	52	68	43	66
64	170	1	2	119	0	1953125	12	0.0	0	1.00	0	0	V0.2	0	0	20	72	20	72	19	68	13	69	18	65	23	64	31	60	50	70	63	71	79	75	81	78	98	83	108	89	119	103	152	126	191	133	190	168	284	288	233	323	349	519	483	556	490	640	575	727	766	1000	845	749	640	653	574	524	533	745	558	470	241	235	246	132	208	124	52	136	68	76	82	77	111	68	105	84	124	63	107	74	111	55	89	52	68	43	66
64	170	1	2	119	0	1953125	12	0.0	0	1.00	0	0	V0.2	0	0	37	71	36	67	32	66	30	68	29	64	28	65	34	66	46	78	59	80	72	91	71	90	85	103	91	105	104	127	130	148	172	156	163	188	262	311	217	349	333	526	468	573	485	642	574	734	782	1000	883	755	665	632	600	508	546	719	569	462	258	217	248	135	193	141	44	135	83	62	96	58	119	49	114	72	131	51	109	65	115	56	86	54	69	44	65
64	170	1	2	119	0	1953125	12	0.0	0	1.00	0	0	V0.2	0	0	13	74	12	74	9	70	6	70	14	66	24	64	34	61	54	66	71	67	84	69	90	68	106	73	117	75	128	87	158	110	203	119	187	147	297	273	253	309	361	499	487	537	497	628	580	715	761	1000	840	754	606	650	550	523	514	741	531	479	241	243	213	111	217	114	74	143	48	90	67	93	99	82	96	98	116	72	102	80	106	57	88	54	65	47	65
64	170	1	2	119	0	1953125	12	0.0	0	1.00	0	0	V0.2	0	0	15	79	13	78	11	72	8	74	18	69	28	69	35	63	55	71	71	70	87	72	92	72	109	78	120	81	131	96	164	116	207	125	198	160	297	271	243	304	358	510	495	543	500	643	589	721	757	1000	816	724	596	673	580	542	518	768	562	508	257	242	185	99	198	113	70	159	61	98	72	105	107	87	104	105	125	76	110	86	108	60	92	59	67	50	71
64	170	1	2	119	0	1953125	12	0.0	0	1.00	0	0	V0.2	0	0	15	79	13	78	11	72	8	74	18	69	28	69	35	63	55	71	71	70	87	72	92	72	109	78	120	81	131	96	164	116	207	125	198	160	297	271	243	304	358	510	495	543	500	643	589	721	757	1000	816	724	596	673	580	542	518	768	562	508	257	242	185	99	198	113	70	159	61	98	72	105	107	87	104	105	125	76	110	86	108	60	92	59	67	50	71
64	170	1	2	119	0	1953125	12	0.0	0	1.01	0	0	V0.2	0	0	198	245	208	241	224	239	234	232	249	225	261	212	271	200	283	177	291	163	294	143	290	136	285	123	279	132	271	132	265	199	268	228	193	325	265	362	341	329	471	532	584	585	605	673	664	769	910	952	1000	662	780	588	662	635	579	818	527	660	166	388	257	71	305	126	168	260	77	272	78	271	69	272	92	287	80	266	109	269	99	240	127	223	137	190	159
64	170	1	2	119	0	1953125	12	0.0	0	1.00	0	0	V0.2	0	0	23	74	22	72	20	72	16	70	19	65	24	65	33	65	47	72	66	75	79	79	80	82	98	89	105	92	119	108	148	131	189	140	187	174	279	288	223	320	342	516	471	551	480	635	574	727	764	1000	848	737	630	655	587	534	540	755	569	482	258	236	215	114	185	121	49	145	79	82	90	81	121	69	113	88	134	63	114	72	115	58	93	59	72	48	72
64	170	1	2	119	0	1953125	12	0.0	0	1.00	0	0	V0.2	0	0	244	177	244	176	255	184	257	182	261	192	265	189	261	200	264	191	257	197	255	190	237	199	222	207	200	220	181	224	162	280	149	304	76	373	131	425	212	379	318	572	442	612	453	687	509	773	751	1000	906	746	715	632	543	600	472	806	388	540	85	348	267	172	366	43	252	127	139	187	128	204	102	208	111	232	91	225	101	239	88	224	95	222	106	194	110
64	170	1	2	119	0	1953125	12	0.0	0	1.00	0	0	V0.2	0	0	241	186	244	183	257	183	263	181	271	184	275	179	278	178	283	166	282	165	280	157	267	161	259	162	242	174	232	176	225	229	234	256	167	341	246	353	307	292	429	472	555	518	577	590	643	674	876	862	1000	600	791	528	684	532	591	702	472	551	98	278	328	44	367	69	213	179	135	185	137	205	121	207	113	237	108	224	109	241	110	228	109	220	119	202	102
64	170	1	2	119	0	1953125	12	0.0	0	1.01	0	0	V0.2	0	0	199	196	211	189	220	185	235	180	241	176	252	170	253	165	258	158	258	154	254	152	252	155	230	170	218	182	196	198	177	250	146	279	89	335	101	416	181	410	274	593	372	631	386	716	444	793	645	1000	735	729	533	684	458	660	384	838	403	584	239	374	89	150	260	72	233	166	167	209	157	202	160	199	181	205	173	187	187	184	173	167	181	148	179	115	196
