34928	35048	35167	35286	35405	35524	35644	35763	35882	36001	36120	36240	36359	36478	36597	36716	36836	36955	37074	37193	37313	37432	37551	37670	37789	37909	38028	38147	38266	38385	38505	38624	38743	38862	38981	39101	39220	39339	39458	39577	39697	39816	39935	40054	40174	40293	40412	40531	40650	40770	40889	41008	41127	41246	41366	41485	41604	41723	41842	41962	42081	42200	42319	42439	42558	42677	42796	42915	43035	43154	43273	43392	43511	43631	43750	43869	43988	44107	44227	44346	44465	44584	44703	44823	44942
64	170	1	2	119	0	1953125	12	0.0	0	1.02	0	0	V0.2	0	0	46	54	40	56	30	57	20	62	22	60	20	66	29	57	40	65	50	54	63	52	63	29	85	20	107	34	152	62	201	127	263	206	352	262	360	258	332	220	214	232	151	108	54	173	53	64	360	383	467	460	636	695	843	1000	959	687	835	959	811	579	400	429	308	301	193	224	106	182	109	146	88	144	93	124	76	121	75	94	69	90	60	71	61	65	46
64	170	1	2	119	0	1953125	12	0.0	0	1.02	0	0	V0.2	0	0	15	71	25	62	26	61	33	59	37	48	52	53	55	35	69	43	68	33	82	31	66	49	78	61	67	111	106	145	150	200	229	261	321	316	343	286	328	217	274	153	219	20	127	138	44	147	303	474	424	530	633	748	864	997	1000	675	905	920	888	553	487	355	401	230	283	147	195	110	183	78	157	80	154	70	131	66	120	59	102	60	90	53	76	52	60
64	170	1	2	119	0	1953125	12	0.0	0	1.02	0	0	V0.2	0	0	44	55	42	40	49	36	53	31	55	20	59	31	58	30	63	44	57	52	62	55	38	74	39	84	25	128	52	160	100	229	161	298	248	351	262	332	255	268	216	187	177	86	137	54	69	160	261	449	353	532	555	745	767	1000	897	688	812	925	805	572	433	371	367	240	262	156	189	128	164	110	135	108	134	93	112	89	106	77	86	74	80	63	65	61	56
64	170	1	2	119	0	1953125	12	0.0	0	1.02	0	0	V0.2	0	0	67	21	66	27	59	36	53	42	51	50	41	58	42	62	36	73	40	73	45	75	46	61	73	63	98	64	144	93	188	157	240	245	326	298	331	296	304	256	182	245	132	118	31	127	53	117	354	355	446	490	626	693	804	1000	922	661	782	943	785	589	394	435	302	310	196	232	116	199	122	162	98	159	99	130	82	125	77	98	76	95	64	72	67	65	50
64	170	1	2	119	0	1953125	12	0.0	0	1.02	0	0	V0.2	0	0	66	23	62	9	64	3	63	11	62	23	60	38	53	47	50	61	39	70	34	76	16	82	25	88	59	109	89	141	129	210	167	291	250	341	247	335	228	280	137	230	100	118	93	57	64	166	313	402	390	531	564	727	727	1000	850	694	737	929	721	585	359	411	287	284	190	209	121	180	111	160	82	154	89	128	67	124	73	97	59	97	55	74	53	68	45
64	170	1	2	119	0	1953125	12	0.0	0	1.02	0	0	V0.2	0	0	64	23	61	12	63	5	61	10	59	20	59	36	50	46	49	61	39	70	33	74	15	81	25	86	57	109	85	144	130	209	164	291	252	341	247	335	226	278	137	230	99	119	94	60	66	165	314	401	388	533	566	726	725	1000	849	685	737	930	723	588	362	417	292	290	195	210	123	182	110	155	81	154	89	128	68	124	71	98	58	97	54	74	53	70	45
64	170	1	2	119	0	1953125	12	0.0	0	1.02	0	0	V0.2	0	0	69	13	66	14	65	19	60	26	57	36	50	48	45	54	37	67	37	74	31	76	30	71	51	76	81	88	122	120	162	185	207	274	292	322	289	322	263	267	143	249	104	123	71	102	65	137	345	373	421	510	602	711	757	1000	876	676	759	950	751	600	372	441	289	309	183	230	104	197	103	165	76	162	85	136	65	131	66	102	61	98	52	73	57	69	45
64	170	1	2	119	0	1953125	12	0.0	0	1.02	0	0	V0.2	0	0	57	41	57	45	45	52	39	59	36	59	24	65	34	61	36	70	48	61	60	61	61	36	90	33	109	38	160	67	206	132	272	216	363	272	370	258	336	214	224	226	171	94	39	160	50	92	377	395	478	484	673	702	862	1000	982	668	884	965	857	578	457	430	352	296	235	213	144	173	147	130	128	130	124	110	110	106	96	83	94	80	76	63	76	59	55
64	170	1	2	119	0	1953125	12	0.0	0	1.02	0	0	V0.2	0	0	63	27	59	14	60	8	61	8	61	19	59	34	51	43	48	57	39	69	32	72	11	80	21	85	55	111	80	142	123	208	158	294	247	347	242	337	222	284	151	240	112	116	121	72	86	146	305	406	389	526	556	729	720	1000	842	689	756	944	737	596	375	422	308	293	206	208	130	174	109	147	76	147	87	124	66	119	72	98	58	96	53	72	53	67	45
64	170	1	2	119	0	1953125	12	0.0	0	1.02	0	0	V0.2	0	0	67	16	63	14	61	17	58	22	57	32	50	43	44	50	39	63	32	71	29	76	23	75	43	78	74	94	110	124	152	191	192	279	277	329	273	326	249	283	155	262	110	136	79	102	64	131	317	362	395	492	566	699	744	1000	853	678	753	954	745	606	375	444	301	317	197	237	115	200	106	167	74	162	85	138	64	132	69	104	60	104	58	77	61	76	48
64	170	1	2	119	0	1953125	12	0.0	0	1.02	0	0	V0.2	0	0	70	13	64	14	63	17	59	27	58	34	53	47	47	55	41	68	37	73	31	79	29	74	50	77	80	89	117	120	162	186	203	271	287	325	287	327	263	281	159	262	123	142	63	104	58	129	325	353	401	485	576	697	759	999	862	664	752	948	744	599	372	436	290	312	187	234	108	199	106	167	76	163	82	134	64	130	67	102	60	96	53	75	58	69	46
64	170	1	2	119	0	1953125	12	0.0	0	1.02	0	0	V0.2	0	0	63	36	60	22	65	15	64	11	63	13	63	31	57	40	58	57	45	71	45	77	17	88	18	94	41	126	67	160	113	227	151	309	246	368	250	363	239	306	172	250	148	156	105	62	43	177	263	382	340	523	537	724	713	1000	827	661	736	929	735	594	379	412	320	294	223	213	151	183	137	160	104	155	109	127	84	123	85	98	66	96	62	74	57	70	48
64	170	1	2	119	0	1953125	12	0.0	0	1.02	0	0	V0.2	0	0	43	64	43	50	51	45	55	40	58	29	66	38	63	31	74	47	64	54	75	63	50	80	55	89	38	138	65	174	110	240	179	313	278	378	294	360	291	290	243	205	222	128	138	36	76	170	241	418	329	531	579	751	765	1000	902	656	815	912	819	579	456	374	394	253	284	169	210	143	197	122	160	117	158	95	129	87	117	74	98	76	84	65	70	62	59
64	170	1	2	119	0	1953125	12	0.0	0	1.02	0	0	V0.2	0	0	43	66	38	51	49	50	53	42	59	34	64	41	67	31	72	49	70	52	76	59	55	78	59	88	40	137	73	169	114	241	190	311	287	379	310	362	308	294	261	202	234	125	159	57	94	153	226	408	327	522	571	742	768	1000	912	662	847	921	838	585	476	377	406	259	295	166	217	141	202	114	164	111	158	88	134	86	121	73	99	73	86	66	77	61	59
64	170	1	2	119	0	1953125	12	0.0	16	1.02	0	0	V0.2	0	0	53	54	43	36	57	33	48	15	59	10	51	24	57	28	51	56	48	59	45	77	23	77	14	83	28	108	57	135	109	219	161	304	264	380	273	377	266	338	196	292	171	192	120	108	55	140	256	363	354	499	544	732	719	1000	845	709	776	964	761	642	403	445	322	324	209	230	128	197	117	171	84	161	84	133	66	119	59	98	51	90	48	76	49	62	40
64	170	1	2	119	0	1953125	12	0.0	16	1.02	0	0	V0.2	0	0	72	31	59	41	58	39	40	51	38	52	25	59	22	59	37	70	39	67	58	64	59	51	74	36	101	26	138	50	205	124	271	223	391	289	395	301	391	269	270	279	241	167	81	185	28	52	324	324	427	447	658	690	827	1000	982	674	852	980	871	634	466	463	369	332	231	252	144	202	148	173	118	151	116	134	91	114	88	93	76	87	75	66	65	62	53
64	170	1	2	119	0	1953125	12	0.0	16	1.02	0	0	V0.2	0	0	72	30	57	40	57	39	39	49	35	50	25	59	24	60	35	65	40	65	57	64	56	49	73	36	99	26	137	50	201	123	266	220	381	286	391	297	380	264	258	273	227	157	72	179	8	43	329	331	432	450	660	697	834	1000	982	683	849	976	865	626	455	455	362	328	227	250	140	198	145	169	115	149	115	130	86	111	84	92	74	86	74	64	66	61	51
64	170	1	2	119	0	1953125	12	0.0	16	1.02	0	0	V0.2	0	0	70	33	60	43	55	42	40	52	34	52	24	60	22	60	38	69	44	65	62	64	62	50	78	33	102	25	140	51	205	123	270	221	385	288	397	299	390	264	273	273	238	155	76	174	19	40	324	329	432	455	665	699	844	993	1000	683	844	960	869	635	469	451	369	329	236	247	154	199	157	168	125	148	120	129	94	110	90	90	78	82	72	61	66	60	51
64	170	1	2	119	0	1953125	12	0.0	0	1.02	0	0	V0.2	0	0	37	64	32	64	18	67	8	69	13	67	25	66	36	59	51	60	64	51	77	42	80	17	94	14	113	46	153	80	206	129	274	209	378	272	392	269	378	223	266	227	224	118	86	187	18	37	307	340	420	441	653	678	838	967	1000	656	851	929	865	598	478	421	374	310	255	234	163	190	166	156	129	142	128	123	100	114	98	92	88	87	77	66	73	67	55
64	170	1	2	119	0	1953125	12	0.0	16	1.02	0	0	V0.2	0	0	53	55	41	35	57	37	47	13	59	11	51	26	58	29	53	55	50	61	48	76	25	76	14	81	26	108	55	134	105	217	156	306	262	381	273	380	269	340	202	290	175	190	142	122	90	105	240	355	344	493	544	735	716	1000	876	723	769	977	786	666	413	448	338	337	219	236	140	203	120	171	90	160	84	134	66	117	59	103	56	91	48	75	50	62	45
64	170	1	2	119	0	1953125	12	0.0	16	1.02	0	0	V0.2	0	0	73	27	63	39	61	37	41	49	40	49	26	59	22	58	38	69	41	68	58	70	58	56	73	37	100	27	134	47	201	124	269	226	386	294	397	312	391	278	276	298	247	183	91	202	38	45	306	298	400	428	635	671	808	992	987	671	852	1000	882	651	470	472	376	346	238	261	153	213	149	175	116	155	111	134	85	114	83	95	73	84	70	65	62	62	53
64	170	1	2	119	0	1953125	12	0.0	16	1.02	0	0	V0.2	0	0	71	36	59	46	53	45	37	52	33	51	22	60	23	61	38	66	46	65	63	62	65	49	80	30	103	20	139	47	204	117	274	220	394	288	405	301	401	267	289	284	259	164	96	195	54	52	310	294	409	440	651	664	817	995	1000	657	860	988	898	640	494	466	395	344	260	261	173	212	170	177	134	155	128	134	100	114	96	93	84	84	78	65	71	65	58
64	170	1	2	119	0	1953125	12	0.0	0	1.02	0	0	V0.2	0	0	53	55	43	57	35	60	26	63	21	67	24	65	30	66	44	65	54	62	64	52	74	38	86	22	117	35	155	71	214	128	272	225	378	284	385	297	365	252	239	269	202	154	80	202	42	32	326	333	441	457	659	693	812	995	998	706	872	1000	873	657	473	473	364	347	232	264	141	214	137	178	101	160	103	141	79	128	82	105	70	97	69	77	65	74	55
64	170	1	2	119	0	1953125	12	0.0	16	1.02	0	0	V0.2	0	0	52	53	43	35	56	34	46	12	56	9	52	25	55	28	50	55	48	60	44	74	21	76	11	79	32	101	56	128	110	212	157	300	261	369	267	369	262	335	197	291	170	184	141	127	95	90	257	358	365	491	550	726	716	1000	876	713	774	985	788	666	418	462	346	342	218	239	136	197	112	162	82	155	75	129	60	116	54	98	51	86	47	73	49	58	41
64	170	1	2	119	0	1953125	12	0.0	0	1.02	0	0	V0.2	0	0	52	51	47	56	38	59	29	63	27	63	22	68	29	62	41	69	52	62	65	60	68	41	92	31	114	41	157	67	211	134	270	225	372	289	379	299	359	261	243	281	200	153	66	194	9	49	319	312	428	460	639	680	808	999	965	666	834	1000	855	664	473	495	370	366	242	280	148	230	140	189	103	172	100	147	80	138	79	110	71	102	66	81	66	76	56
64	170	1	2	119	0	1953125	12	0.0	0	1.02	0	0	V0.2	0	0	52	51	47	56	38	59	29	63	27	63	22	68	29	62	41	69	52	62	65	60	68	41	92	31	114	41	157	67	211	134	270	225	372	289	379	299	359	261	243	281	200	153	66	194	9	49	319	312	428	460	639	680	808	999	965	666	834	1000	855	664	473	495	370	366	242	280	148	230	140	189	103	172	100	147	80	138	79	110	71	102	66	81	66	76	56
64	170	1	2	119	0	1953125	12	0.0	16	1.02	0	0	V0.2	0	0	14	76	13	64	18	66	19	53	34	49	39	41	53	33	59	39	75	32	81	42	72	45	73	61	52	106	74	141	109	217	206	295	293	366	337	359	332	300	314	236	272	133	191	94	131	135	201	383	328	522	558	717	771	1000	934	652	866	959	889	636	547	430	455	295	333	193	238	155	220	118	169	116	161	84	128	82	113	68	94	74	79	64	72	58	49
64	170	1	2	119	0	1953125	12	0.0	16	1.02	0	0	V0.2	0	0	67	38	54	22	62	21	53	2	59	6	52	28	51	35	52	60	42	67	41	77	15	80	11	80	37	103	60	128	114	211	158	305	263	375	272	387	274	350	218	313	195	201	164	154	98	112	218	331	320	504	525	711	691	1000	859	689	793	997	815	685	472	480	390	345	270	241	188	194	159	160	119	145	110	119	87	106	80	90	64	87	58	73	54	62	46
64	170	1	2	119	0	1953125	12	0.0	16	1.02	0	0	V0.2	0	0	65	47	51	29	61	29	52	9	59	4	55	26	54	30	55	56	47	64	47	76	24	79	17	81	24	109	45	131	98	219	150	313	255	386	269	391	273	352	240	315	215	202	192	153	126	103	194	342	300	493	502	711	693	991	853	677	805	1000	829	680	486	474	408	330	284	226	201	177	167	144	125	132	117	107	92	100	86	85	69	81	64	68	57	61	45
64	170	1	2	119	0	1953125	12	0.0	16	1.02	0	0	V0.2	0	0	63	40	54	45	47	47	33	51	24	52	18	57	21	57	38	60	48	57	63	55	64	41	77	20	93	11	129	50	189	109	269	211	380	270	400	290	397	260	319	291	278	182	160	246	85	15	258	297	384	421	613	635	802	950	978	625	891	1000	931	658	543	489	434	350	285	262	185	195	165	156	126	128	124	112	97	96	97	79	85	75	77	58	69	59	54
64	170	1	2	119	0	1953125	12	0.0	16	1.02	0	0	V0.2	0	0	70	22	62	32	58	30	43	40	42	40	29	52	25	53	31	66	34	65	47	67	46	58	62	46	83	33	120	39	179	117	249	215	356	279	367	300	360	283	274	319	235	209	140	262	81	55	247	255	352	383	563	593	737	918	903	607	819	1000	872	676	490	508	390	369	245	282	153	217	130	175	94	149	94	131	69	112	73	94	65	83	64	67	57	61	50
64	170	1	2	119	0	1953125	12	0.0	16	1.02	0	0	V0.2	0	0	70	22	62	32	58	30	43	40	42	40	29	52	25	53	31	66	34	65	47	67	46	58	62	46	83	33	120	39	179	117	249	215	356	279	367	300	360	283	274	319	235	209	140	262	81	55	247	255	352	383	563	593	737	918	903	607	819	1000	872	676	490	508	390	369	245	282	153	217	130	175	94	149	94	131	69	112	73	94	65	83	64	67	57	61	50
64	170	1	2	119	0	1953125	12	0.0	16	1.02	0	0	V0.2	0	0	73	15	60	16	65	14	50	23	52	24	40	41	36	45	33	64	25	68	32	75	21	73	37	66	68	68	98	76	156	157	206	251	311	319	312	335	306	316	222	330	190	217	142	234	87	71	240	260	328	407	518	613	680	930	838	623	764	1000	811	686	443	510	361	371	223	277	146	217	112	179	78	159	74	137	54	117	58	101	49	91	54	76	49	63	46
64	170	1	2	119	0	1953125	12	0.0	16	1.02	0	0	V0.2	0	0	69	37	56	19	65	20	55	2	59	6	49	28	49	35	46	58	36	65	37	79	10	79	10	78	39	94	64	116	116	200	161	296	265	366	273	376	267	344	218	327	193	209	186	194	124	84	206	294	293	449	483	655	654	954	814	639	763	1000	809	692	451	488	380	353	253	249	176	199	144	166	106	147	96	121	77	109	71	94	55	85	56	72	49	61	45
64	170	1	2	119	0	1953125	12	0.0	16	1.02	0	0	V0.2	0	0	73	19	63	30	61	30	46	40	44	42	30	53	26	55	31	65	32	66	49	70	45	61	64	47	89	38	124	45	184	123	250	223	361	287	371	310	363	285	270	321	236	206	127	248	69	64	258	247	352	397	566	589	731	923	893	587	812	1000	856	667	479	510	384	367	239	280	152	220	134	184	98	158	96	137	71	117	74	98	62	89	67	69	59	65	53
64	170	1	2	119	0	1953125	12	0.0	16	1.02	0	0	V0.2	0	0	71	33	61	43	56	41	41	51	36	51	21	57	20	57	35	65	43	64	60	62	62	50	76	35	98	18	135	39	194	113	273	215	384	279	402	301	394	271	310	307	275	193	149	251	98	57	258	250	353	395	582	582	764	928	929	574	856	1000	894	652	514	503	417	356	267	273	177	211	163	177	120	149	121	131	90	108	91	90	77	79	75	63	67	62	53
64	170	1	2	119	0	1953125	12	0.0	16	1.02	0	0	V0.2	0	0	48	61	45	60	32	62	21	62	8	61	13	59	31	56	49	54	64	44	81	39	83	17	94	6	96	40	131	80	179	138	278	234	382	299	422	305	412	252	368	268	327	149	228	227	154	26	220	303	343	436	586	612	805	943	974	579	949	1000	965	640	588	472	483	318	335	233	234	170	217	133	167	109	162	90	125	82	120	62	104	65	89	48	80	58	55
64	170	1	2	119	0	1953125	12	0.0	16	1.02	0	0	V0.2	0	0	69	31	58	38	55	37	39	48	35	47	24	54	21	56	32	66	41	61	57	63	59	53	75	39	92	21	130	38	187	112	265	212	373	276	392	297	383	273	306	312	271	205	163	263	100	59	241	245	347	386	566	579	753	921	913	583	866	1000	881	649	508	503	404	348	256	272	167	206	151	174	115	145	116	127	85	107	88	90	75	83	72	63	62	61	53
64	170	1	2	119	0	1953125	12	0.0	16	1.02	0	0	V0.2	0	0	71	26	60	36	59	33	42	45	39	45	24	54	23	55	33	66	36	64	57	66	54	54	72	44	90	27	127	36	187	113	260	210	368	276	384	293	372	277	302	317	262	212	161	266	103	77	224	225	327	365	533	554	739	917	886	569	854	1000	855	633	486	500	393	347	248	274	162	208	147	174	105	146	109	130	78	111	84	94	69	85	74	65	62	63	54
64	170	1	2	119	0	1953125	12	0.0	16	1.02	0	0	V0.2	0	0	22	78	22	65	11	70	8	59	23	58	26	47	46	41	55	41	74	28	83	34	83	25	85	42	70	83	94	117	124	190	234	276	317	343	370	341	360	288	369	259	321	137	269	177	187	64	144	327	274	448	497	626	763	956	911	601	952	1000	931	631	572	439	476	283	345	191	245	137	225	104	172	98	168	72	132	73	125	56	101	65	87	53	77	57	55
64	170	1	2	119	0	1953125	12	0.0	16	1.02	0	0	V0.2	0	0	73	13	61	22	62	21	45	32	46	34	33	47	28	49	31	64	28	67	42	71	37	62	52	56	75	48	111	52	166	127	229	223	332	287	344	309	335	300	261	324	224	225	150	258	79	73	220	219	319	370	511	565	697	908	846	621	833	1000	817	655	450	493	356	350	217	268	137	209	114	176	85	152	85	136	61	116	68	100	55	86	60	71	53	62	49
64	170	1	2	119	0	1953125	12	0.0	41	1.03	0	0	V0.2	0	0	72	10	66	15	62	14	53	23	46	26	30	38	26	43	21	57	22	58	40	67	37	60	53	54	63	28	101	16	157	92	242	194	347	259	376	285	371	278	320	320	282	216	183	267	116	72	214	224	320	358	531	550	742	897	886	587	884	1000	874	636	497	480	395	329	246	246	157	182	147	148	113	122	115	103	86	87	86	69	76	64	70	47	62	47	41
64	170	1	2	119	0	1953125	12	0.0	41	1.03	0	0	V0.2	0	0	68	18	64	23	61	21	47	33	42	31	28	41	20	42	21	54	25	56	41	63	40	57	52	52	65	32	97	18	158	93	235	195	339	257	359	286	355	282	295	328	254	218	154	262	101	92	227	206	306	357	512	548	702	911	846	596	826	1000	823	652	440	489	352	344	207	262	130	202	111	174	79	147	82	130	52	105	59	94	47	80	54	61	44	52	41
64	170	1	2	119	0	1953125	12	0.0	41	1.03	0	0	V0.2	0	0	67	27	60	31	58	29	43	38	37	35	22	44	18	46	22	52	30	53	49	58	48	51	61	44	72	20	103	14	160	84	246	187	347	247	373	277	367	264	314	310	271	199	159	250	106	73	235	217	321	362	530	546	732	913	874	599	857	1000	844	632	448	478	365	335	215	256	137	194	123	168	93	140	93	126	63	97	69	87	56	77	62	58	49	52	43
64	170	1	2	119	0	1953125	12	0.0	16	1.02	0	0	V0.2	0	0	74	16	63	14	64	17	54	21	53	22	43	38	36	42	38	61	23	70	34	78	11	80	22	77	50	89	77	98	127	181	175	279	273	346	276	362	268	338	221	341	194	220	189	221	126	118	171	244	234	407	415	588	623	937	766	615	805	1000	779	650	429	460	373	315	256	222	192	173	154	145	122	129	112	109	93	92	88	84	70	77	68	65	55	58	51
64	170	1	2	119	0	1953125	12	0.0	16	1.02	0	0	V0.2	0	0	73	13	61	21	65	16	51	29	50	30	35	42	34	46	30	64	25	64	35	77	29	70	50	66	72	59	106	65	161	140	224	236	321	297	336	318	321	304	251	336	209	222	146	261	84	99	211	197	281	354	463	533	667	917	806	599	813	1000	791	640	415	489	344	348	206	268	135	210	106	178	74	152	74	137	53	115	61	101	50	90	58	74	48	63	47
64	170	1	2	119	0	1953125	12	0.0	41	1.03	0	0	V0.2	0	0	28	73	28	62	19	65	13	53	10	52	15	38	33	34	42	27	62	17	72	22	77	15	80	27	63	63	72	97	100	172	212	272	294	337	357	342	353	291	386	286	343	155	298	201	215	61	137	287	243	409	477	570	749	935	902	585	983	1000	945	622	566	437	478	279	332	188	232	126	205	92	160	78	154	60	119	53	111	42	91	54	81	43	68	45	45
64	170	1	2	119	0	1953125	12	0.0	41	1.03	0	0	V0.2	0	0	70	22	61	16	62	17	50	10	54	10	38	26	38	32	29	53	19	60	25	73	7	73	20	72	44	69	71	70	125	145	192	248	291	314	307	342	297	341	260	373	224	255	179	273	126	142	172	192	235	370	419	559	632	934	771	623	795	1000	782	669	421	487	363	349	228	251	157	197	118	165	88	144	78	124	59	101	55	93	43	79	46	67	38	55	39
64	170	1	2	119	0	1953125	12	0.0	16	1.02	0	0	V0.2	0	0	23	77	21	68	14	68	8	61	17	56	25	51	42	44	53	39	68	31	86	26	86	16	91	26	84	59	115	96	156	158	265	254	358	312	409	314	394	256	393	280	342	149	265	242	202	30	177	269	273	366	505	530	777	935	934	567	969	1000	952	620	543	456	461	311	309	239	216	175	190	139	144	113	145	106	109	86	112	79	89	69	90	60	72	60	63
64	170	1	2	119	0	1953125	12	0.0	6	1.02	0	0	V0.2	0	0	75	12	63	15	67	14	51	24	53	27	39	43	37	48	32	65	26	68	37	78	25	74	44	70	66	66	102	73	155	150	221	253	322	317	338	337	319	325	262	363	222	243	171	280	110	109	188	195	268	346	446	541	664	928	818	631	813	1000	802	670	426	496	355	364	220	273	141	213	107	177	75	154	73	137	54	115	58	106	49	92	57	76	48	64	48
64	170	1	2	119	0	1953125	12	0.0	16	1.02	0	0	V0.2	0	0	17	73	12	62	20	64	17	46	32	46	32	34	51	30	54	36	71	29	72	42	73	41	69	58	49	90	60	128	88	203	191	302	273	367	329	368	319	322	355	298	316	168	305	204	218	35	87	299	205	398	396	586	692	955	856	635	927	1000	889	656	537	439	459	300	334	199	236	142	199	105	152	98	141	78	115	78	107	68	87	73	75	62	67	59	52
64	170	1	2	119	0	1953125	12	0.0	41	1.03	0	0	V0.2	0	0	53	45	46	34	51	32	42	13	49	9	38	14	41	19	34	44	30	54	27	68	16	70	6	73	27	71	52	79	103	152	163	253	267	322	287	348	280	349	263	375	234	265	221	285	152	109	152	194	242	332	395	539	621	906	776	634	808	999	790	677	445	496	363	355	231	258	147	196	105	158	68	136	62	118	48	103	48	88	38	79	44	65	39	51	34
64	170	1	2	119	0	1953125	12	0.0	41	1.03	0	0	V0.2	0	0	66	18	59	14	61	15	49	12	48	14	34	27	32	33	24	49	14	57	23	71	12	70	22	65	46	57	73	49	130	122	193	221	297	288	309	319	300	332	271	371	229	261	196	297	138	109	168	189	246	320	398	517	621	897	762	588	785	1000	787	668	431	494	360	354	223	259	147	191	99	158	72	133	61	117	48	98	46	88	36	75	42	66	36	53	35
64	170	1	2	119	0	1953125	12	0.0	41	1.03	0	0	V0.2	0	0	22	76	13	63	19	64	13	46	24	46	24	27	41	24	46	22	59	19	65	35	70	36	69	46	50	76	40	107	51	191	159	293	245	362	303	368	299	327	367	325	331	187	321	223	249	67	73	283	173	385	377	556	665	919	815	563	920	1000	904	635	545	437	471	288	336	190	236	123	194	86	147	80	137	59	107	61	101	52	82	57	68	48	60	47	40
64	170	1	2	119	0	1953125	12	0.0	36	1.03	0	0	V0.2	0	0	29	75	21	63	27	62	27	42	35	40	34	25	47	16	51	25	58	28	65	43	68	49	69	54	47	83	39	113	56	200	167	304	254	372	322	380	324	336	393	338	360	193	327	231	274	79	71	264	154	362	397	537	696	928	876	568	955	1000	955	631	566	435	495	291	348	205	254	135	211	97	164	74	153	62	120	50	112	47	91	47	84	44	71	48	51
64	170	1	2	119	0	1953125	12	0.0	36	1.03	0	0	V0.2	0	0	47	58	46	53	38	54	26	49	12	51	4	45	21	46	34	37	52	31	69	29	75	15	81	4	74	30	97	64	137	126	246	226	337	286	399	304	394	272	420	317	371	180	289	269	229	47	135	236	233	330	472	506	755	909	922	567	962	1000	960	632	552	457	465	316	315	237	216	165	187	126	143	97	138	86	105	69	105	56	87	60	81	44	67	48	50
64	170	1	2	119	0	1953125	12	0.0	36	1.03	0	0	V0.2	0	0	45	65	40	54	43	50	39	35	43	25	42	16	46	12	50	30	51	40	61	51	61	58	61	60	37	85	28	117	50	200	157	303	252	370	315	385	329	342	385	339	366	195	322	228	262	51	74	261	185	370	436	550	729	918	900	585	982	1000	966	637	575	442	484	300	332	216	230	151	192	114	150	89	140	83	108	63	104	59	84	58	81	48	63	50	53
64	170	1	2	119	0	1953125	12	0.0	36	1.03	0	0	V0.2	0	0	52	59	49	53	42	53	32	50	16	48	6	47	18	46	33	40	52	34	69	33	76	23	84	13	77	27	101	56	141	120	252	220	346	284	412	307	409	278	435	335	392	206	309	299	252	76	117	199	219	311	462	487	739	888	891	537	960	1000	956	630	563	473	465	326	315	251	218	178	189	137	141	107	141	94	103	75	104	64	85	62	82	46	68	53	52
64	170	1	2	119	0	1953125	12	0.0	36	1.03	0	0	V0.2	0	0	22	76	13	64	21	66	16	47	30	46	27	29	47	22	48	23	60	26	66	44	68	47	69	58	49	83	40	114	48	201	158	302	240	379	306	394	305	364	370	364	347	231	326	247	267	116	37	217	146	382	377	553	644	922	794	570	916	1000	886	641	533	442	455	296	329	199	237	142	200	107	150	98	140	73	107	71	100	61	79	65	70	55	58	49	42
64	170	1	2	119	0	1953125	12	0.0	41	1.03	0	0	V0.2	0	0	58	49	57	46	49	45	37	47	25	46	11	46	13	46	27	46	44	41	64	41	68	33	82	27	75	14	105	34	152	96	259	204	360	268	412	295	413	277	419	344	385	229	296	319	249	110	120	162	227	292	460	464	709	867	853	524	923	1000	923	625	536	480	437	334	284	262	191	189	167	154	124	123	124	107	89	86	94	74	75	64	76	49	62	52	48
64	170	1	2	119	0	1953125	12	0.0	36	1.03	0	0	V0.2	0	0	72	15	66	20	65	16	49	25	48	23	31	36	26	38	18	51	15	56	36	69	31	67	47	63	57	48	89	33	149	100	229	203	333	270	359	309	353	324	324	387	293	281	216	339	179	161	126	103	215	289	411	466	615	855	745	542	804	1000	798	640	432	499	352	358	213	279	137	212	102	176	68	146	66	129	44	107	47	93	43	84	51	68	41	57	38
64	170	1	2	119	0	1953125	12	0.0	36	1.03	0	0	V0.2	0	0	71	28	62	30	61	28	47	37	39	36	22	46	15	44	20	53	28	53	49	59	51	54	66	48	71	31	101	3	157	79	249	188	355	253	389	288	386	293	366	369	333	260	244	340	206	144	140	126	232	282	453	465	661	849	795	528	853	1000	855	633	468	498	379	350	233	280	148	206	124	176	88	141	87	127	55	100	67	90	53	76	62	61	48	55	44
64	170	1	2	119	0	1953125	12	0.0	61	1.03	0	0	V0.2	0	0	61	38	60	34	57	36	46	37	32	39	22	37	5	40	15	36	33	34	53	35	63	33	75	28	65	27	85	41	121	98	233	201	326	269	395	296	401	282	444	341	408	227	343	310	287	105	115	183	213	305	459	493	721	867	860	516	951	1000	954	618	566	460	462	304	314	227	213	153	191	116	143	88	142	73	102	53	100	42	84	48	77	34	63	39	38
64	170	1	2	119	0	1953125	12	0.0	36	1.03	0	0	V0.2	0	0	69	17	61	16	61	16	48	22	46	21	32	32	24	37	23	50	14	61	30	67	21	72	30	66	49	62	73	50	134	122	194	224	299	295	315	340	312	354	284	403	263	294	232	328	187	157	114	139	190	317	382	522	570	868	700	563	781	1000	787	658	428	478	371	335	247	241	183	180	134	146	105	123	93	109	77	91	67	82	54	72	53	63	44	52	39
64	170	1	2	119	0	1953125	12	0.0	61	1.03	0	0	V0.2	0	0	67	21	64	20	62	17	52	21	44	22	31	31	21	32	7	42	15	45	36	55	40	55	52	57	52	39	78	20	133	53	229	165	334	231	383	274	387	286	395	365	361	269	291	351	235	134	120	159	229	271	456	473	678	832	809	509	879	1000	890	637	502	490	403	336	246	259	157	186	136	145	99	117	102	99	74	77	76	64	68	60	65	39	53	39	38
64	170	1	2	119	0	1953125	12	0.0	61	1.03	0	0	V0.2	0	0	54	49	51	47	47	44	40	42	29	41	15	38	3	36	17	33	34	29	55	31	62	29	75	31	66	29	81	44	121	87	230	191	324	251	389	282	397	274	434	348	400	244	330	339	282	125	110	154	209	269	442	446	686	839	813	471	894	1000	913	621	511	483	423	334	261	263	176	188	147	155	108	119	107	105	72	79	77	69	65	63	68	46	51	41	40
64	170	1	2	119	0	1953125	12	0.0	61	1.03	0	0	V0.2	0	0	56	48	52	46	50	46	38	44	29	41	15	41	6	38	18	34	32	29	57	32	66	27	76	28	68	24	86	43	122	90	235	198	332	257	396	288	403	275	438	358	412	250	342	344	296	133	116	133	215	280	454	450	692	849	827	475	897	1000	915	628	523	488	429	336	267	264	180	192	156	158	113	121	111	108	76	81	80	71	66	59	68	46	52	43	39
64	170	1	2	119	0	1953125	12	0.0	61	1.03	0	0	V0.2	0	0	58	53	47	42	54	45	43	24	49	25	37	4	44	7	34	34	32	43	32	61	33	73	28	71	37	80	27	81	70	173	130	275	231	354	264	390	269	398	322	430	312	315	333	341	283	182	28	154	110	349	331	535	571	895	708	510	828	1000	841	639	492	452	438	294	301	201	229	138	185	111	144	90	126	67	96	60	86	57	69	59	61	48	50	43	38
64	170	1	2	119	0	1953125	12	0.0	86	1.03	0	0	V0.2	0	0	56	48	52	45	48	47	44	43	28	45	23	38	5	37	10	26	29	22	49	18	63	19	78	20	72	35	66	56	69	121	187	227	270	295	356	323	379	312	468	368	453	268	436	351	368	141	82	154	168	299	417	487	688	861	843	470	942	1000	971	624	581	461	488	300	325	214	225	138	196	101	147	70	137	52	98	39	93	25	76	38	69	23	55	30	31
64	170	1	2	119	0	1953125	12	0.0	61	1.03	0	0	V0.2	0	0	47	61	38	51	44	55	34	34	42	34	31	12	40	2	37	24	38	37	42	53	47	63	48	63	48	73	30	83	39	178	113	290	219	365	263	400	280	394	357	418	362	307	394	338	331	152	34	183	107	335	328	537	583	880	747	507	868	1000	893	632	533	441	473	280	323	186	240	119	195	86	149	66	135	50	102	43	95	42	78	50	68	39	52	38	38
64	170	1	2	119	0	1953125	12	0.0	7730	2.35	0	0	V0.2	0	0	25	25	21	20	21	26	21	21	14	24	6	16	7	17	6	15	8	23	7	25	27	21	17	24	54	17	40	11	31	55	83	199	168	168	132	200	90	61	190	247	185	78	380	392	359	263	100	164	122	222	129	235	267	862	734	258	904	1000	759	514	153	199	212	126	68	58	45	35	37	47	25	19	12	32	30	12	32	6	14	1	14	3	9	3	12
64	170	1	2	119	0	1953125	12	0.0	86	1.03	0	0	V0.2	0	0	391	403	360	351	342	329	287	285	243	221	186	169	145	148	122	155	166	209	199	272	302	314	354	378	414	436	456	478	475	522	546	517	551	573	571	564	520	464	531	507	612	478	506	602	345	672	370	476	511	333	446	173	779	770	210	762	1000	523	628	411	588	511	287	566	453	467	375	396	477	457	316	332	385	363	306	215	262	285	230	117	154	174	129	63	39
64	170	1	2	119	0	1953125	12	0.0	7755	2.35	0	0	V0.2	0	0	26	25	22	20	20	27	21	22	12	26	7	15	8	17	9	16	9	25	8	26	26	23	19	25	52	20	38	10	24	55	92	202	161	176	133	210	84	47	205	242	207	71	382	384	381	254	112	184	131	215	133	195	283	843	742	315	951	1000	792	494	184	185	236	104	85	36	48	11	56	34	11	0	32	34	11	28	23	10	4	11	14	9	3	9	8
64	170	1	2	119	0	1953125	12	0.0	7705	2.34	0	0	V0.2	0	0	31	8	39	29	35	9	28	19	42	21	31	17	25	18	25	25	26	14	27	37	38	17	42	51	28	36	11	79	59	43	33	87	100	14	18	96	107	46	104	62	137	211	154	151	81	312	398	394	295	148	358	388	397	524	769	948	1000	772	420	139	136	253	179	130	102	54	75	45	68	82	100	64	77	15	99	69	44	5	70	59	23	33	56	33	7
64	170	1	2	119	0	1953125	12	0.0	7780	2.35	0	0	V0.2	0	0	23	21	38	34	21	12	37	40	7	20	10	41	22	19	16	30	9	17	33	34	4	15	52	54	20	46	60	46	44	54	67	50	84	38	50	89	122	89	120	51	77	147	129	194	87	252	346	424	329	138	296	361	418	534	759	981	1000	716	397	74	191	246	176	150	52	86	70	60	88	112	59	49	16	101	75	19	31	69	53	37	50	56	30	35	46
64	170	1	2	119	0	1953125	12	0.0	7669	2.34	0	0	V0.2	0	0	46	43	23	16	41	38	31	12	45	25	21	12	35	27	12	14	34	33	14	32	41	35	14	33	19	83	60	47	40	84	101	45	71	66	101	42	93	23	135	155	139	220	204	45	168	321	461	381	244	217	376	490	434	502	791	1000	957	835	538	127	85	208	275	182	81	72	67	80	54	37	94	116	57	47	5	72	62	20	9	40	47	16	19	40	32
64	170	1	2	119	0	1953125	12	0.0	7585	2.32	0	0	V0.2	0	0	26	62	25	24	17	58	25	20	4	33	28	21	27	29	15	25	40	34	27	22	42	38	61	34	77	44	67	47	74	55	67	77	37	58	84	88	45	101	59	57	159	144	207	147	129	257	366	424	223	173	257	423	500	558	767	1000	947	743	487	76	168	214	241	147	23	21	44	81	105	58	59	65	30	55	46	73	66	23	46	62	66	19	31	41	34
64	170	1	2	119	0	1953125	12	0.0	7760	2.35	0	0	V0.2	0	0	57	26	13	31	51	23	5	25	27	37	25	33	20	35	28	30	35	34	23	41	54	23	14	43	48	56	26	70	44	93	54	88	28	110	37	48	81	192	126	107	113	20	110	129	173	127	306	397	332	184	213	392	409	536	842	1000	940	714	294	44	167	241	165	31	24	99	141	81	44	82	67	61	88	94	82	46	53	46	41	38	28	25	44	48	17
64	170	1	2	119	0	1953125	12	0.0	7595	2.32	0	0	V0.2	0	0	34	53	27	20	26	45	21	27	11	33	30	18	21	15	34	31	42	18	41	28	48	33	62	34	77	24	78	50	68	38	78	75	36	44	96	95	61	106	27	90	168	150	205	132	134	262	362	412	203	171	278	450	534	580	775	1000	950	749	496	89	168	206	226	142	49	35	52	68	107	67	59	64	43	34	31	55	75	24	30	48	66	37	23	37	40
64	170	1	2	119	0	1953125	12	0.0	7660	2.33	0	0	V0.2	0	0	26	37	44	14	20	36	39	6	5	33	43	10	9	35	33	15	24	33	39	24	39	44	46	7	26	49	92	19	24	69	113	22	21	70	83	42	81	116	165	113	67	86	71	197	134	162	211	374	315	149	158	325	451	538	765	1000	928	651	333	65	239	204	156	78	81	64	71	114	92	44	20	40	98	100	57	34	62	74	36	19	41	34	15	29	38
64	170	1	2	119	0	1953125	12	0.0	7585	2.32	0	0	V0.2	0	0	39	34	9	40	29	44	20	32	31	37	10	12	35	53	33	17	42	47	33	16	57	36	29	14	102	66	41	6	102	68	31	12	82	60	61	44	128	141	58	106	115	114	206	142	156	166	344	360	245	118	242	428	480	609	870	1000	945	772	383	80	170	284	217	45	17	75	100	92	63	80	73	42	52	43	86	79	27	28	68	76	32	23	42	42	23
64	170	1	2	119	0	1953125	12	0.0	7665	2.33	0	0	V0.2	0	0	41	32	17	39	44	36	20	20	41	39	9	20	41	21	12	43	42	11	23	65	39	29	34	70	26	75	46	75	53	104	58	77	56	98	12	20	113	169	92	116	143	43	152	157	198	121	299	364	308	149	209	376	414	567	859	1000	952	713	272	98	214	278	156	29	33	94	129	98	55	74	70	64	69	95	99	31	48	58	57	28	52	44	36	38	41
64	170	1	2	119	0	1953125	12	0.0	86	1.03	0	0	V0.2	0	0	357	369	329	301	315	302	266	229	219	216	190	136	134	146	121	116	154	198	189	214	260	317	322	314	370	433	415	412	430	490	509	445	474	526	528	522	431	443	471	454	511	407	459	621	264	515	387	552	400	322	258	328	782	484	196	1000	687	141	679	476	454	362	340	555	442	378	298	370	466	358	281	320	361	335	233	211	251	254	189	116	149	167	104	30	53
64	170	1	2	119	0	1953125	12	0.0	111	1.04	0	0	V0.2	0	0	55	30	53	23	61	13	54	16	51	11	40	21	32	22	16	29	13	26	20	44	25	48	43	64	33	60	44	57	88	28	192	136	298	200	357	253	382	307	428	422	413	355	372	444	305	218	56	118	182	232	412	438	641	845	806	511	794	1000	849	662	470	519	387	363	209	266	123	183	79	150	51	109	54	96	32	64	43	61	39	49	39	33	31	29	24
64	170	1	2	119	0	1953125	12	0.0	8017	2.40	0	0	V0.2	0	0	22	21	16	16	27	13	13	7	21	8	16	2	15	5	5	1	14	5	14	3	14	21	17	19	27	34	35	48	50	30	136	142	231	106	195	135	139	91	166	289	201	167	341	457	331	262	160	185	63	184	160	237	260	891	814	187	810	1000	766	513	168	213	197	133	55	74	44	47	21	52	39	27	6	28	37	8	32	13	18	2	12	3	15	2	12
64	170	1	2	119	0	1953125	12	0.0	0	0.97	0	0	V0.2	0	0	326	353	363	328	286	256	280	270	235	164	156	176	147	102	88	156	160	160	152	232	287	314	271	318	387	419	438	421	443	488	507	531	447	487	529	599	526	437	433	479	616	498	510	399	386	646	436	204	414	426	561	652	227	257	814	1000	84	452	744	500	329	366	438	563	357	370	342	373	389	394	291	300	338	264	274	234	207	219	210	167	108	96	102	95	65
64	170	1	2	119	0	1953125	12	0.0	7983	2.39	0	0	V0.2	0	0	22	21	18	26	18	27	18	25	11	22	5	17	10	12	8	18	9	17	7	22	27	23	15	21	54	26	50	34	44	51	108	174	205	130	174	149	119	96	174	303	176	154	335	453	332	257	158	211	65	166	152	208	276	841	787	262	839	1000	779	475	192	206	214	106	59	67	9	52	39	11	31	32	43	23	26	28	1	14	12	16	8	12	10	10	6
64	170	1	2	119	0	1953125	12	0.0	7690	2.34	0	0	V0.2	0	0	40	21	27	46	54	8	16	44	60	19	26	19	47	25	23	32	41	19	29	43	56	16	44	70	73	22	54	53	111	35	76	32	111	62	51	15	145	199	127	173	238	169	100	92	221	382	313	297	167	295	443	418	435	579	776	921	1000	850	553	295	46	175	200	166	194	148	58	19	60	78	84	83	100	137	72	14	29	76	64	24	23	47	46	33	43
64	170	1	2	119	0	1953125	12	0.0	8112	2.41	0	0	V0.2	0	0	32	40	35	2	30	39	43	13	31	22	30	13	27	32	11	12	37	36	16	9	33	46	34	11	61	79	21	19	41	87	34	51	19	102	38	91	93	176	71	41	76	77	184	186	104	192	318	384	212	127	219	427	479	503	753	1000	924	693	354	26	140	168	239	174	42	60	108	64	98	81	86	18	68	41	38	75	36	51	48	46	29	49	25	21	45
64	170	1	2	119	0	1953125	12	0.0	7812	2.36	0	0	V0.2	0	0	23	29	35	59	32	20	28	42	34	8	20	53	36	13	18	51	36	32	39	49	26	30	48	56	38	19	48	112	58	39	14	122	140	20	26	124	225	167	155	174	129	51	119	123	334	361	285	308	258	456	491	422	433	583	759	920	1000	834	593	383	131	97	165	174	238	175	58	49	118	104	13	47	64	132	99	31	35	51	59	52	54	74	53	22	22
64	170	1	2	119	0	1953125	12	0.0	7735	2.35	0	0	V0.2	0	0	32	41	30	19	20	40	27	23	20	55	23	12	15	39	17	8	37	40	15	6	50	48	26	16	59	20	77	26	72	19	103	57	76	36	105	64	100	71	76	124	132	165	229	106	148	253	388	361	162	190	322	443	442	543	810	1000	899	718	447	77	134	177	238	177	46	23	56	87	59	35	77	99	20	43	33	74	48	15	15	32	49	44	30	20	16
64	170	1	2	119	0	1953125	12	0.0	7740	2.35	0	0	V0.2	0	0	14	31	41	32	12	26	39	18	20	4	31	26	2	6	23	19	4	22	27	31	9	33	42	56	17	66	16	83	29	71	10	104	58	47	32	132	78	102	81	18	128	172	147	180	75	289	329	378	212	153	314	379	457	607	805	1000	974	682	401	85	178	235	191	182	72	56	48	62	81	99	62	67	15	80	74	32	25	60	52	18	29	56	38	20	38
64	170	1	2	119	0	1953125	12	0.0	7735	2.35	0	0	V0.2	0	0	27	16	32	46	25	12	28	27	23	18	22	31	13	7	21	26	22	13	31	33	30	9	39	64	33	44	19	80	61	45	27	95	93	27	13	118	114	57	93	35	106	196	153	160	63	286	355	353	237	121	336	370	426	620	845	993	1000	722	377	104	162	258	175	141	87	62	68	34	70	102	76	36	28	54	93	43	23	35	63	47	33	39	27	30	37
64	170	1	2	119	0	1953125	12	0.0	7640	2.33	0	0	V0.2	0	0	20	25	48	26	16	22	43	14	22	2	30	25	7	14	21	23	8	20	26	40	7	25	53	62	29	56	38	83	13	55	32	94	29	31	57	125	53	73	83	42	157	194	159	174	90	292	314	351	187	123	285	364	472	622	808	1000	988	712	431	104	186	245	189	164	74	55	35	55	93	90	46	55	28	70	94	61	52	34	79	57	44	35	49	31	12
64	170	1	2	119	0	1953125	12	0.0	7715	2.34	0	0	V0.2	0	0	23	29	36	23	16	19	28	35	14	26	25	24	14	24	24	23	13	28	38	17	16	27	45	27	22	57	78	23	41	68	86	34	64	58	60	85	114	104	130	78	53	123	106	197	104	219	282	373	268	110	251	339	418	563	787	1000	959	653	354	19	209	221	175	140	37	89	67	76	81	91	36	28	64	123	65	22	43	80	42	23	47	35	23	48	52
64	170	1	2	119	0	1953125	12	0.0	7665	2.33	0	0	V0.2	0	0	20	16	42	40	19	5	44	37	12	9	24	24	16	12	29	18	11	25	25	34	23	32	32	64	34	62	30	73	44	58	25	91	70	38	12	123	105	71	99	47	106	173	126	167	68	271	316	350	230	124	319	383	466	607	796	984	1000	724	411	97	199	263	179	149	68	61	52	49	96	90	44	33	25	66	92	48	36	42	82	56	40	36	40	23	24
64	170	1	2	119	0	1953125	12	0.0	7927	2.38	0	0	V0.2	0	0	17	42	27	30	9	24	40	38	14	28	27	15	9	34	19	16	23	45	21	18	27	36	39	33	8	61	68	19	16	74	69	49	44	81	47	102	98	133	124	37	78	111	112	190	80	220	282	393	253	143	268	381	425	520	761	1000	942	653	378	48	165	188	198	164	10	90	67	66	90	96	53	26	78	98	36	31	53	52	55	54	43	22	41	28	19
64	170	1	2	119	0	1953125	12	0.0	7655	2.33	0	0	V0.2	0	0	33	52	31	26	14	53	28	25	16	32	41	16	11	31	19	17	25	49	14	29	19	62	31	49	32	105	58	43	20	100	88	34	52	69	96	30	99	62	138	194	186	187	188	35	247	309	371	304	139	276	362	460	478	553	766	1000	967	784	588	227	76	153	217	240	132	41	49	82	81	44	31	100	122	52	34	10	76	64	23	14	33	32	14	19	41
64	170	1	2	119	0	1953125	12	0.0	7615	2.33	0	0	V0.2	0	0	49	24	23	21	41	29	32	23	51	30	6	8	30	37	17	20	32	34	14	25	46	33	19	8	79	67	7	23	83	60	25	8	78	65	57	37	109	146	81	119	146	124	215	144	156	177	344	354	211	96	253	414	425	550	836	1000	950	792	418	90	155	265	231	66	26	52	109	91	48	57	72	42	56	54	93	69	29	43	70	57	14	33	39	27	31
64	170	1	2	119	0	1953125	12	0.0	7938	2.38	0	0	V0.2	0	0	12	50	34	26	3	39	15	44	10	21	37	20	6	33	46	5	13	50	34	17	25	50	27	35	4	44	79	22	26	53	99	13	51	60	75	69	114	121	151	88	50	108	90	205	124	194	254	371	271	118	243	347	405	529	768	1000	940	643	362	25	207	214	180	109	64	103	56	61	112	83	20	7	90	101	48	37	42	64	51	34	22	35	36	25	29
64	170	1	2	119	0	1953125	12	0.0	7827	2.36	0	0	V0.2	0	0	16	29	36	41	19	22	27	31	25	14	32	33	8	5	29	25	10	7	38	31	23	6	45	55	53	31	82	42	66	21	94	49	79	45	90	52	118	170	122	171	217	171	160	111	230	391	366	363	173	321	414	387	383	544	760	955	1000	776	525	277	5	185	200	230	195	53	40	69	94	52	92	84	123	76	23	16	47	60	45	16	12	30	48	36	29
64	170	1	2	119	0	1953125	12	0.0	7685	2.34	0	0	V0.2	0	0	15	39	28	43	7	31	28	45	15	36	14	31	14	23	22	21	10	25	42	21	22	30	53	16	44	6	86	46	42	3	100	76	32	7	104	88	62	98	48	125	199	176	201	133	173	320	354	377	154	229	329	398	438	552	758	1000	998	753	520	175	128	202	200	210	102	15	11	73	86	65	50	93	91	5	56	47	75	24	33	25	36	37	38	24	12
64	170	1	2	119	0	1953125	12	0.0	7796	2.36	0	0	V0.2	0	0	25	40	38	15	13	36	43	19	20	29	20	24	20	28	18	15	25	29	29	10	26	40	46	22	29	80	48	25	12	86	41	58	24	77	40	110	84	151	101	27	100	102	146	197	83	217	295	398	223	152	268	403	449	538	771	1000	931	684	422	54	176	203	225	158	12	60	64	74	75	72	61	42	58	86	39	34	41	46	32	39	59	29	18	34	40
64	170	1	2	119	0	1953125	12	0.0	7838	2.36	0	0	V0.2	0	0	34	23	24	32	34	33	7	22	43	32	11	21	27	26	19	29	23	19	15	46	46	16	26	57	34	43	22	69	73	38	44	66	97	44	52	91	118	48	142	87	114	213	187	122	105	289	411	345	250	162	400	451	429	597	864	993	1000	834	471	182	82	263	259	144	90	63	106	30	5	77	131	60	51	13	67	65	14	15	29	52	37	24	28	28	18
64	170	1	2	119	0	1953125	12	0.0	7942	2.38	0	0	V0.2	0	0	27	44	34	16	19	38	42	16	24	43	19	11	13	40	22	4	21	44	17	9	33	56	21	20	35	38	71	19	50	37	102	45	70	24	115	60	109	78	119	147	131	162	227	105	172	268	389	368	163	221	344	474	463	527	779	1000	936	766	523	136	127	180	257	205	50	14	65	92	52	45	80	102	30	29	11	53	56	20	3	16	39	32	17	20	18
64	170	1	2	119	0	1953125	12	0.0	7982	2.39	0	0	V0.2	0	0	38	36	41	20	25	28	32	31	8	28	43	23	14	15	29	23	23	22	39	26	22	32	65	46	25	72	73	21	21	70	103	10	69	57	111	25	141	124	192	177	150	170	198	70	258	316	367	322	167	313	382	465	467	517	725	989	1000	804	599	240	69	147	190	232	146	28	27	109	91	32	56	116	129	40	2	34	56	58	40	44	19	36	41	23	24
64	170	1	2	119	0	1953125	12	0.0	7590	2.32	0	0	V0.2	0	0	34	18	47	37	22	11	45	47	4	12	34	33	2	0	40	43	24	21	37	54	14	31	55	81	35	77	31	75	37	63	54	69	60	36	38	81	148	99	128	201	198	143	158	72	265	309	293	285	133	313	383	434	489	566	706	927	1000	825	625	331	54	217	225	244	155	61	51	97	79	63	75	78	123	101	37	24	38	72	65	36	36	42	47	33	24
64	170	1	2	119	0	1953125	12	0.0	7987	2.39	0	0	V0.2	0	0	15	28	49	19	13	30	37	23	29	23	29	27	5	8	39	22	6	32	54	6	9	54	40	31	12	28	72	54	20	25	106	32	66	49	93	52	140	125	150	99	44	112	98	210	158	174	242	349	310	113	240	370	474	548	746	1000	991	684	363	41	240	232	164	96	75	122	58	42	114	93	13	33	103	98	48	32	42	71	54	20	18	61	39	21	34
64	170	1	2	119	0	1953125	12	0.0	7780	2.35	0	0	V0.2	0	0	45	31	21	40	44	36	3	31	53	39	22	24	32	37	32	35	27	20	23	43	54	33	29	69	82	27	49	37	93	58	44	38	89	100	12	29	120	213	139	122	191	172	71	126	193	379	337	288	247	320	499	476	436	591	823	955	1000	896	580	286	67	183	258	179	159	116	84	49	41	54	93	111	81	106	63	37	36	49	64	50	33	29	31	36	42
64	170	1	2	119	0	1953125	12	0.0	8036	2.40	0	0	V0.2	0	0	36	18	19	48	34	15	16	28	26	29	28	27	21	26	24	33	26	7	20	47	22	10	38	66	15	30	22	51	66	11	34	69	108	11	31	109	116	83	125	36	98	201	170	165	92	283	351	322	236	128	354	411	438	578	796	958	1000	769	413	149	94	240	211	169	104	65	96	36	20	107	96	34	24	35	52	50	34	33	34	57	27	22	39	24	12
64	170	1	2	119	0	1953125	12	0.0	7912	2.38	0	0	V0.2	0	0	21	46	49	26	11	38	56	29	11	36	37	15	9	41	43	6	8	43	46	9	14	68	66	15	34	69	42	58	17	92	48	79	70	79	74	99	140	143	200	161	104	131	129	90	280	299	342	284	222	370	398	449	461	559	755	1000	991	790	608	294	33	130	175	250	197	65	28	88	111	27	39	81	145	100	29	30	53	56	47	44	56	35	36	38	34
64	170	1	2	119	0	1953125	12	0.0	7892	2.37	0	0	V0.2	0	0	29	16	42	35	33	9	37	23	25	13	15	35	18	4	13	34	20	18	25	31	27	8	34	47	61	19	72	50	64	33	85	82	42	54	45	57	81	157	106	136	183	154	115	109	156	348	333	348	201	279	422	418	456	613	792	954	1000	777	499	248	24	205	210	215	177	47	54	56	77	67	102	81	106	62	28	22	36	67	48	11	10	32	47	29	25
64	170	1	2	119	0	1953125	12	0.0	7646	2.33	0	0	V0.2	0	0	53	31	25	37	44	36	22	34	22	37	8	21	31	24	9	15	47	34	37	20	50	35	27	16	86	82	44	53	73	102	41	83	40	94	8	72	21	141	141	98	193	251	143	108	134	351	392	312	234	185	403	459	459	606	835	965	1000	881	543	236	69	242	267	147	103	96	92	31	8	75	122	85	51	72	41	45	34	47	48	25	31	28	33	19	26
64	170	1	2	119	0	1953125	12	0.0	7857	2.37	0	0	V0.2	0	0	20	25	35	31	26	11	22	45	30	17	26	21	20	13	28	27	10	19	38	28	9	19	42	40	48	38	83	39	53	35	85	28	83	22	54	73	142	102	139	92	29	110	90	160	107	194	302	375	333	123	284	372	467	601	791	986	1000	702	367	57	215	261	169	124	34	118	79	49	82	107	34	23	56	115	74	21	39	67	65	46	40	30	40	38	30
64	170	1	2	119	0	1953125	12	0.0	7987	2.39	0	0	V0.2	0	0	23	54	30	21	28	46	37	19	38	36	17	16	18	33	21	2	22	45	16	8	35	53	15	27	23	52	70	17	46	44	113	44	77	22	121	44	108	69	147	158	135	172	204	54	186	281	399	371	184	223	334	468	448	496	754	1000	940	755	500	122	84	133	226	222	83	40	60	109	33	54	92	120	28	27	9	32	62	39	28	13	60	48	10	22	35
64	170	1	2	119	0	1953125	12	0.0	7615	2.33	0	0	V0.2	0	0	28	28	24	55	25	37	7	55	44	12	10	39	25	12	21	53	27	9	20	71	43	10	20	99	81	37	42	68	109	20	61	36	112	46	46	9	148	174	107	156	219	135	78	90	242	382	309	307	202	299	447	431	451	588	752	900	1000	883	598	340	59	204	241	185	175	108	74	35	56	71	99	71	78	112	73	10	8	62	93	56	29	20	38	40	29
64	170	1	2	119	0	1953125	12	0.0	7785	2.36	0	0	V0.2	0	0	43	48	24	6	36	30	33	14	17	39	32	4	14	41	25	6	33	46	18	9	46	45	26	3	28	71	67	14	18	95	82	26	6	101	58	72	85	178	141	44	75	64	116	196	129	193	281	421	275	154	208	386	427	509	773	1000	909	688	377	31	191	217	214	79	69	68	92	89	88	50	48	36	105	79	53	48	56	49	38	51	32	24	33	36	28
64	170	1	2	119	0	1953125	12	0.0	7570	2.32	0	0	V0.2	0	0	42	62	31	16	28	60	45	7	34	47	23	7	23	55	38	21	21	55	45	33	41	68	65	53	81	34	76	22	86	64	67	41	50	70	87	119	80	155	197	180	173	204	64	170	264	339	360	223	229	297	403	503	496	565	791	1000	967	879	701	315	130	135	271	264	122	60	97	121	41	20	30	112	113	60	62	69	50	38	34	65	46	12	20	37	45
64	170	1	2	119	0	1953125	12	0.0	7841	2.37	0	0	V0.2	0	0	13	33	44	24	4	32	37	18	13	19	40	25	2	23	44	20	5	34	45	18	16	52	40	19	11	26	80	53	16	29	113	63	26	38	93	37	116	129	179	110	36	80	57	198	166	193	266	408	358	138	186	315	423	545	765	1000	945	643	340	25	242	236	180	88	87	117	65	70	108	70	9	35	113	99	31	28	60	58	40	32	26	30	40	29	26
64	170	1	2	119	0	1953125	12	0.0	7807	2.36	0	0	V0.2	0	0	33	20	24	43	37	21	18	51	33	2	14	21	31	12	19	25	24	7	28	38	30	12	34	38	41	39	30	81	35	63	33	117	51	62	28	124	37	129	124	86	155	197	143	148	103	359	406	397	273	210	395	388	405	597	821	968	1000	780	453	204	62	239	223	181	134	53	84	42	54	82	112	64	73	21	63	38	27	38	33	22	13	30	37	19	12
64	170	1	2	119	0	1953125	12	0.0	7902	2.38	0	0	V0.2	0	0	39	34	39	6	30	26	39	19	15	39	34	4	3	34	34	8	17	40	25	2	34	56	23	16	40	29	62	31	49	28	89	70	54	38	100	73	94	95	91	133	120	128	204	117	147	277	405	423	207	211	304	429	438	518	765	1000	932	736	491	117	130	176	241	203	53	23	52	96	52	53	79	110	25	47	27	53	37	32	10	13	33	43	19	6	16
64	170	1	2	119	0	1953125	12	0.0	7649	2.33	0	0	V0.2	0	0	33	45	37	19	17	51	36	17	21	23	37	14	6	35	24	9	13	54	30	19	4	63	38	38	21	102	82	23	26	91	113	11	31	78	108	18	109	73	152	180	168	186	204	50	235	327	420	385	193	262	329	437	467	542	756	1000	968	787	581	214	87	156	221	230	117	37	37	79	93	50	37	100	113	44	34	15	80	61	23	13	34	40	21	19	31
64	170	1	2	119	0	1953125	12	0.0	7801	2.36	0	0	V0.2	0	0	21	36	33	27	8	28	32	34	11	35	30	14	12	33	25	10	13	35	32	14	17	35	42	31	7	65	81	16	23	77	94	21	44	71	54	99	122	145	140	38	40	96	94	201	108	238	318	448	333	153	227	344	450	572	776	999	950	675	405	58	195	228	211	141	42	106	69	70	92	83	32	12	82	105	44	27	56	62	42	37	40	30	42	42	36
64	170	1	2	119	0	1953125	12	0.0	7665	2.33	0	0	V0.2	0	0	46	35	29	14	39	35	30	23	40	48	11	4	24	28	19	17	34	28	30	33	52	35	32	44	59	36	72	28	70	39	98	27	68	53	114	53	112	49	98	137	131	193	232	81	166	295	463	431	253	207	326	480	471	534	795	1000	947	814	517	129	131	211	264	153	40	33	63	84	64	36	84	93	24	34	21	81	56	10	12	48	47	19	22	36	23
64	170	1	2	119	0	1953125	12	0.0	7790	2.36	0	0	V0.2	0	0	28	30	41	20	15	25	41	29	9	35	24	23	21	38	24	15	20	34	33	11	23	30	49	30	6	74	77	19	14	85	75	38	35	73	35	118	115	146	129	27	66	106	116	203	96	258	342	468	328	177	268	391	478	563	765	999	954	684	408	51	194	221	210	150	26	95	67	79	87	88	43	30	67	112	56	33	50	70	39	26	38	36	34	39	44
64	170	1	2	119	0	1953125	12	0.0	7691	2.34	0	0	V0.2	0	0	27	41	34	32	13	37	27	44	16	38	25	22	8	19	35	26	29	15	49	27	46	21	65	23	65	10	89	45	59	12	103	72	42	9	123	104	68	95	34	109	196	182	220	143	172	343	419	460	221	217	334	468	547	597	764	1000	985	768	543	182	122	203	230	218	73	22	29	77	82	76	52	91	56	33	33	35	53	37	20	10	32	50	33	10	12
64	170	1	2	119	0	1953125	12	0.0	7640	2.33	0	0	V0.2	0	0	28	36	55	9	22	38	52	6	19	24	41	10	6	34	23	8	20	48	12	26	27	59	32	41	50	85	25	54	41	81	32	80	29	66	59	127	74	123	64	15	108	108	156	171	79	245	340	443	267	166	275	452	550	586	760	999	971	753	488	95	204	225	222	132	40	48	39	77	101	61	37	46	43	75	55	63	46	46	52	48	42	33	33	24	30
64	170	1	2	119	0	1953125	12	0.0	7665	2.33	0	0	V0.2	0	0	30	51	18	18	24	40	26	26	32	39	23	20	26	27	33	26	29	37	35	25	24	53	31	23	22	99	48	31	32	115	47	42	30	103	25	102	92	165	114	37	90	71	142	185	120	216	326	451	295	165	219	428	502	547	772	1000	928	722	411	36	199	219	212	94	42	36	72	106	84	36	46	43	76	83	70	64	41	62	50	51	32	33	22	25	39
64	170	1	2	119	0	1953125	12	0.0	7590	2.32	0	0	V0.2	0	0	32	34	37	19	16	25	47	28	12	36	32	9	9	38	28	7	20	52	24	13	22	53	22	48	38	87	35	49	32	87	42	57	13	64	47	109	64	106	115	57	111	125	147	189	75	216	289	407	273	137	207	368	509	598	772	1000	966	735	466	73	210	236	225	117	52	62	43	68	103	62	30	23	65	85	48	49	40	60	56	49	44	32	30	24	28
64	170	1	2	119	0	1953125	12	0.0	7765	2.35	0	0	V0.2	0	0	30	46	32	14	22	37	29	14	2	30	41	13	5	31	36	11	18	42	33	10	33	47	37	7	21	50	76	14	16	70	105	12	21	82	85	51	94	143	168	80	53	76	66	189	121	187	257	418	322	155	190	359	451	533	765	1000	919	652	349	33	214	206	187	80	74	83	75	82	95	58	27	31	110	88	35	29	63	58	36	39	33	28	37	34	23
64	170	1	2	119	0	1953125	12	0.0	7465	2.30	0	0	V0.2	0	0	49	30	23	25	42	31	21	16	37	50	11	14	26	39	15	19	32	37	15	28	49	54	25	58	47	43	12	38	63	56	31	12	76	95	37	26	91	82	70	167	165	251	176	56	137	300	396	309	193	76	264	425	505	675	903	1000	963	842	511	184	113	267	301	155	83	33	110	67	28	68	119	56	25	14	61	74	37	15	33	42	44	37	40	20	24
64	170	1	2	119	0	1953125	12	0.0	7790	2.36	0	0	V0.2	0	0	40	33	27	5	21	34	37	9	23	37	17	16	31	29	17	22	36	29	23	9	32	60	39	16	57	48	44	31	63	40	91	57	57	71	114	29	42	124	203	139	121	128	8	166	185	187	169	379	345	210	101	349	435	517	795	1000	890	645	253	133	230	230	140	43	121	102	108	98	73	31	34	110	99	43	20	59	52	13	14	39	48	37	24	22	34
64	170	1	2	119	0	1953125	12	0.0	7540	2.31	0	0	V0.2	0	0	23	20	36	40	20	25	17	33	30	17	30	29	13	16	33	27	13	9	44	39	20	11	60	44	28	18	50	52	43	32	40	68	64	38	53	88	36	39	85	82	216	240	142	122	122	342	346	340	208	132	324	382	486	633	780	936	1000	805	511	232	103	275	226	186	89	70	58	27	56	106	79	47	49	25	60	41	41	43	24	51	51	61	30	20	36
64	170	1	2	119	0	1953125	12	0.0	7545	2.31	0	0	V0.2	0	0	25	56	26	8	28	56	25	5	20	36	33	23	31	22	33	30	39	33	34	26	43	60	41	30	25	67	59	4	28	89	76	22	46	98	60	42	39	120	179	151	146	95	91	170	125	149	226	380	288	153	116	356	485	567	793	1000	935	737	391	90	248	271	200	8	127	93	88	104	98	36	14	92	116	60	44	55	60	39	32	34	30	39	29	21	23
64	170	1	2	119	0	1953125	12	0.0	7565	2.32	0	0	V0.2	0	0	12	44	42	24	6	47	42	18	7	24	30	31	20	20	34	30	25	24	50	25	21	52	70	14	24	49	83	21	14	69	98	46	18	77	76	59	79	93	176	179	114	116	61	191	132	170	220	375	326	133	139	321	480	565	753	1000	971	716	405	62	276	254	186	23	135	103	58	95	115	40	14	64	112	81	30	33	53	63	32	16	26	53	35	11	25
64	170	1	2	119	0	1953125	12	0.0	7640	2.33	0	0	V0.2	0	0	38	42	40	6	26	46	39	3	10	32	41	16	18	30	30	19	32	33	38	22	38	52	51	22	27	62	86	14	16	86	95	8	4	95	72	54	74	142	178	125	102	93	67	176	112	152	223	393	304	153	161	379	480	521	748	1000	951	731	401	79	247	241	190	29	105	76	81	107	93	32	21	62	105	77	50	36	63	59	28	17	47	40	18	28	35
64	170	1	2	119	0	1953125	12	0.0	7665	2.33	0	0	V0.2	0	0	19	46	34	18	10	30	31	38	20	39	24	25	18	24	33	22	19	30	46	13	21	44	44	21	14	82	76	21	19	95	75	39	34	84	42	104	108	143	144	58	73	100	96	179	62	199	286	422	307	141	226	384	472	513	721	997	1000	756	464	73	235	242	205	98	63	72	46	87	106	57	19	24	66	96	62	53	35	68	59	45	36	36	37	31	34
64	170	1	2	119	0	1953125	12	0.0	7665	2.33	0	0	V0.2	0	0	18	39	28	32	6	23	36	43	16	28	20	30	12	19	29	19	9	35	41	0	8	39	44	33	20	76	63	40	27	84	61	56	45	68	31	115	109	117	119	46	60	107	96	178	56	206	281	399	287	132	271	408	499	530	705	969	1000	754	474	95	224	254	211	133	38	76	45	73	100	75	26	31	43	103	72	45	27	78	68	37	27	46	35	19	37
64	170	1	2	119	0	1953125	12	0.0	7635	2.33	0	0	V0.2	0	0	25	25	39	30	16	10	45	42	6	15	33	22	2	18	35	12	4	38	40	11	9	41	38	43	31	70	58	48	31	71	57	57	40	48	32	112	99	89	115	79	75	139	115	179	56	224	299	397	288	105	259	388	483	525	695	954	1000	761	480	120	221	259	198	119	52	89	42	60	103	82	22	19	45	96	76	49	34	62	74	50	34	31	48	37	28
64	170	1	2	119	0	1953125	12	0.0	7812	2.36	0	0	V0.2	0	0	46	32	23	5	40	26	32	11	34	42	23	7	22	41	17	8	37	44	10	12	45	43	12	10	45	73	35	24	41	95	44	35	25	103	37	63	87	184	110	44	68	20	118	150	100	140	303	420	287	165	242	447	439	454	739	1000	969	797	435	97	191	246	216	54	49	54	100	93	66	47	64	38	83	72	75	54	50	45	48	56	42	12	25	49	44
64	170	1	2	119	0	1953125	12	0.0	7679	2.34	0	0	V0.2	0	0	22	21	35	30	21	18	16	41	33	20	25	22	20	17	19	25	11	21	31	33	2	24	46	41	24	33	50	73	14	42	50	97	15	40	63	126	34	100	61	74	163	172	141	137	102	318	356	398	231	200	362	415	432	457	644	900	999	801	536	221	104	231	197	183	101	44	22	39	81	86	56	59	73	14	58	40	56	40	31	26	23	32	41	25	8
64	170	1	2	119	0	1953125	12	0.0	7680	2.34	0	0	V0.2	0	0	44	33	22	14	43	30	33	24	49	14	29	25	34	17	26	34	28	30	19	35	27	48	9	18	59	86	15	31	67	97	13	47	61	95	31	57	111	157	48	63	69	64	165	126	98	156	344	396	254	142	262	433	410	465	760	1000	978	827	468	100	146	243	237	95	27	22	97	96	43	40	88	47	48	66	96	78	22	53	67	56	26	42	40	18	37
64	170	1	2	119	0	1953125	12	0.0	7615	2.33	0	0	V0.2	0	0	32	33	7	41	36	37	16	41	35	27	11	24	30	31	22	26	34	28	24	26	49	24	16	35	85	41	23	38	92	41	25	30	81	46	50	47	125	107	37	108	91	135	197	123	128	198	380	371	264	91	282	425	437	539	794	973	1000	858	474	153	151	303	249	92	29	77	102	61	41	84	83	24	42	49	94	64	14	25	66	65	29	22	39	36	32
64	170	1	2	119	0	1953125	12	0.0	7685	2.34	0	0	V0.2	0	0	28	36	41	7	16	31	33	17	9	38	34	14	17	37	26	14	23	40	33	12	25	44	41	11	7	66	77	10	13	82	90	16	23	77	61	72	88	117	131	74	45	83	88	195	103	175	256	402	303	117	211	384	448	472	703	1000	997	748	437	62	245	234	189	85	74	71	58	91	101	61	30	23	80	105	61	41	43	79	48	28	37	42	27	31	41
64	170	1	2	119	0	1953125	12	0.0	7596	2.32	0	0	V0.2	0	0	34	41	35	11	28	37	43	12	32	29	18	8	23	36	12	6	38	44	1	7	44	49	27	24	76	83	18	18	69	81	28	28	45	56	72	78	73	116	69	36	112	98	188	161	122	211	337	408	225	113	247	443	465	486	731	1000	990	835	531	125	202	256	260	104	34	38	68	84	98	57	62	35	63	47	41	64	45	35	36	57	36	31	41	43	26
64	170	1	2	119	0	1953125	12	0.0	7590	2.32	0	0	V0.2	0	0	5	39	29	35	5	32	20	33	9	12	30	31	5	10	41	29	10	20	53	21	9	36	55	10	29	44	76	31	35	49	83	53	30	42	49	72	85	58	119	144	67	109	90	189	125	181	250	348	299	76	175	303	418	511	704	960	1000	748	446	86	241	262	183	86	79	95	47	72	114	69	11	27	81	97	59	37	35	67	59	31	21	47	44	21	23
64	170	1	2	119	0	1953125	12	0.0	7746	2.35	0	0	V0.2	0	0	29	46	31	11	26	34	32	9	5	29	45	17	9	33	32	9	21	43	30	10	34	45	34	2	21	46	81	20	19	66	109	26	17	73	87	35	72	127	154	80	46	67	47	172	119	167	230	395	316	141	190	386	440	438	686	1000	998	764	440	57	228	225	188	78	67	63	71	102	95	45	28	28	100	93	49	23	65	69	32	26	41	31	25	33	35
64	170	1	2	119	0	1953125	12	0.0	7857	2.37	0	0	V0.2	0	0	36	7	26	34	37	7	20	23	26	22	14	33	21	13	20	35	23	5	22	39	36	7	30	64	52	25	31	54	75	16	45	40	85	18	27	72	121	45	81	52	72	154	139	121	78	228	365	370	300	125	346	417	388	430	687	912	1000	824	466	170	80	228	194	138	104	44	85	43	45	83	98	40	36	33	73	32	9	37	39	38	40	39	13	35	43
64	170	1	2	119	0	1953125	12	0.0	7790	2.36	0	0	V0.2	0	0	29	47	30	13	20	42	38	3	25	26	19	18	24	34	10	8	31	40	10	6	29	41	24	20	12	60	72	9	34	49	101	42	50	39	105	50	76	46	126	149	96	120	173	74	130	244	382	382	202	242	367	498	432	407	674	979	1000	854	615	205	94	148	220	200	100	60	52	77	72	23	46	111	92	28	16	53	70	19	2	33	42	17	22	35	31
64	170	1	2	119	0	1953125	12	0.0	7812	2.36	0	0	V0.2	0	0	18	16	28	31	25	11	18	24	33	13	21	23	22	12	26	25	9	2	30	42	16	9	41	50	8	31	17	64	31	36	6	76	67	26	9	106	88	52	85	43	118	147	107	121	33	254	336	365	273	143	348	407	410	430	643	882	1000	825	517	224	79	215	167	135	112	58	38	24	66	84	75	48	61	11	66	49	43	32	27	36	32	44	35	14	20
64	170	1	2	119	0	1953125	12	0.0	7882	2.37	0	0	V0.2	0	0	14	21	26	35	19	14	22	29	27	9	28	15	24	17	26	14	22	19	29	32	16	23	32	45	5	37	25	75	7	51	18	90	45	39	37	117	53	65	63	48	124	133	84	98	50	253	303	339	241	156	348	407	415	420	620	873	999	826	534	237	72	208	174	164	134	42	40	38	67	71	86	70	76	7	64	37	34	34	37	21	22	41	34	11	18
64	170	1	2	119	0	1953125	12	0.0	8003	2.39	0	0	V0.2	0	0	5	41	27	33	12	26	33	31	21	14	28	20	7	18	31	2	9	37	24	25	8	45	16	43	9	21	62	60	25	15	96	91	25	19	114	94	74	98	80	118	155	135	150	71	156	269	308	343	165	204	329	435	422	372	588	906	1000	799	556	226	34	115	145	220	174	36	17	87	72	61	84	116	92	17	26	21	38	62	33	8	27	47	22	20	40
64	170	1	2	119	0	1953125	12	0.0	7571	2.32	0	0	V0.2	0	0	52	7	39	34	46	28	24	41	45	25	31	25	26	36	43	41	16	29	52	71	23	20	48	103	56	24	15	81	83	9	20	74	94	15	43	19	120	134	93	153	229	144	68	89	243	366	284	258	163	260	392	379	385	508	711	878	1000	943	692	432	172	147	241	189	178	108	90	60	80	38	84	88	75	96	64	27	14	41	71	61	35	24	23	44	45
64	170	1	2	119	0	1953125	12	0.0	7596	2.32	0	0	V0.2	0	0	21	25	48	13	26	22	40	12	28	16	29	26	19	18	23	30	13	16	42	37	12	23	54	25	26	12	71	45	32	24	78	68	47	42	72	42	88	69	119	164	90	90	65	174	160	164	239	330	321	110	162	291	411	489	673	927	1000	762	452	103	236	276	184	95	72	98	60	78	104	58	24	26	67	99	71	35	19	77	73	28	12	57	50	12	30
64	170	1	2	119	0	1953125	12	0.0	8052	2.40	0	0	V0.2	0	0	35	7	25	33	36	5	11	31	22	29	28	26	27	16	13	33	27	7	34	39	23	18	46	23	52	14	22	72	45	39	57	91	37	80	78	42	127	139	77	73	89	50	121	139	153	114	245	284	298	162	182	339	391	411	643	907	1000	747	340	60	139	206	175	127	30	130	117	12	59	113	17	60	58	66	70	37	5	64	89	25	17	36	25	44	46
64	170	1	2	119	0	1953125	12	0.0	7621	2.33	0	0	V0.2	0	0	51	14	39	45	46	25	35	49	25	17	11	31	35	26	33	33	27	26	53	61	25	15	54	88	26	37	11	95	77	16	17	73	99	20	46	58	163	153	88	154	201	103	84	115	277	374	282	278	213	335	441	404	384	499	709	878	1000	949	708	453	207	82	195	159	177	140	91	50	74	62	56	59	49	101	100	35	13	25	81	76	44	30	34	40	26
64	170	1	2	119	0	1953125	12	0.0	7585	2.32	0	0	V0.2	0	0	49	15	15	31	45	15	13	26	46	25	11	29	27	24	23	31	28	31	33	38	41	31	32	21	70	63	33	34	83	71	21	37	91	62	26	14	112	139	75	110	97	82	171	145	161	142	332	377	316	162	187	355	390	504	771	962	1000	854	475	136	134	272	216	72	24	78	99	88	65	78	58	54	40	55	96	69	7	35	85	75	17	22	49	41	20
64	170	1	2	119	0	1953125	12	0.0	7760	2.35	0	0	V0.2	0	0	12	45	34	18	8	38	24	22	4	24	39	23	9	22	36	18	15	35	39	18	29	45	36	15	15	35	78	33	16	47	110	42	17	65	100	20	99	123	175	96	34	62	51	180	136	163	233	392	347	162	185	336	419	471	710	991	1000	736	439	67	170	201	197	146	29	80	80	93	84	74	35	6	95	109	47	20	59	60	33	42	55	22	34	42	32
64	170	1	2	119	0	1953125	12	0.0	8217	2.43	0	0	V0.2	0	0	22	12	25	32	22	12	14	23	25	19	26	24	16	8	18	32	11	2	31	41	13	10	46	43	20	36	24	54	42	30	26	48	65	13	24	96	131	84	117	58	75	137	149	167	89	277	313	289	203	68	251	375	430	390	583	875	1000	751	381	115	69	123	195	211	125	64	93	42	38	120	64	16	40	24	60	48	34	17	57	31	19	36	29	21	19
64	170	1	2	119	0	1953125	12	0.0	7710	2.34	0	0	V0.2	0	0	17	33	40	53	10	27	30	54	25	37	26	24	31	30	35	12	14	24	46	31	10	25	56	60	33	52	93	45	47	10	101	101	26	27	105	190	115	102	98	62	19	112	115	232	342	262	282	290	386	540	484	431	394	472	649	867	1000	891	734	554	301	79	50	76	190	179	103	99	109	115	71	81	50	58	100	72	83	40	54	57	67	52	24	56	76
64	170	1	2	119	0	1953125	12	0.0	7596	2.32	0	0	V0.2	0	0	25	46	33	10	20	47	35	4	20	28	20	15	26	32	11	16	40	36	16	15	48	40	43	33	77	62	38	22	71	56	50	29	52	37	83	83	61	94	57	30	117	124	208	164	109	211	340	405	233	146	226	410	471	519	753	1000	990	832	567	165	168	219	253	154	24	31	70	82	92	60	77	49	39	53	45	68	49	30	27	48	41	28	28	30	25
64	170	1	2	119	0	1953125	12	0.0	7570	2.32	0	0	V0.2	0	0	7	31	30	37	6	19	24	33	14	3	34	29	6	15	41	23	8	28	53	19	12	38	54	19	39	35	61	49	52	40	66	74	57	43	44	65	96	59	105	160	77	110	103	196	152	169	255	338	316	102	192	321	459	566	730	939	1000	768	462	130	210	285	196	122	61	105	70	70	107	83	22	19	70	107	72	28	28	81	84	44	16	42	55	30	21
64	170	1	2	119	0	1953125	12	0.0	7765	2.35	0	0	V0.2	0	0	19	56	23	18	19	42	20	23	9	28	42	20	9	29	42	18	15	42	37	11	26	52	38	1	17	49	76	20	15	65	104	26	8	83	94	31	79	133	159	74	35	55	60	184	129	165	244	420	350	184	186	362	417	440	699	1000	996	759	450	58	190	206	196	118	48	63	74	91	91	59	35	24	104	94	43	28	65	55	22	29	36	33	38	35	18
64	170	1	2	119	0	1953125	12	0.0	7615	2.33	0	0	V0.2	0	0	7	38	36	24	8	32	29	20	16	14	25	24	7	14	18	29	16	17	30	43	19	25	52	53	36	44	44	64	23	47	40	74	8	41	61	122	42	57	41	7	122	154	145	156	79	271	319	379	241	152	285	374	454	517	685	920	1000	809	566	242	96	213	190	173	87	56	24	40	93	104	55	58	34	45	58	40	53	42	42	37	41	35	35	29	23
64	170	1	2	119	0	1953125	12	0.0	7796	2.36	0	0	V0.2	0	0	25	45	26	19	23	37	21	27	12	25	35	20	10	25	38	16	10	39	42	12	24	47	34	12	5	61	72	13	4	72	100	18	12	86	87	41	83	129	144	51	22	54	60	179	113	165	251	418	342	176	190	343	397	460	721	1000	981	732	444	75	153	189	204	148	25	73	82	89	84	72	46	6	96	100	45	30	66	55	22	33	41	23	36	41	29
64	170	1	2	119	0	1953125	12	0.0	7812	2.36	0	0	V0.2	0	0	27	17	18	33	30	19	7	22	39	24	14	20	26	19	19	25	25	12	23	41	38	8	33	45	31	23	16	51	56	28	41	56	83	33	56	92	123	36	106	49	77	136	142	109	62	234	366	351	275	151	355	404	368	487	770	950	1000	830	491	215	22	170	194	142	125	53	74	49	39	72	108	61	51	2	69	51	16	31	36	13	33	38	41	8	21
64	170	1	2	119	0	1953125	12	0.0	7665	2.33	0	0	V0.2	0	0	24	23	32	27	11	23	21	31	18	22	27	18	5	14	19	18	5	14	42	30	22	22	50	31	41	22	65	58	37	35	67	83	15	38	80	120	30	75	21	69	114	120	136	132	93	271	317	374	215	169	283	367	421	489	683	933	1000	805	578	260	82	168	153	157	102	42	5	41	97	88	45	62	68	19	41	40	67	32	24	29	37	40	31	24	16
64	170	1	2	119	0	1953125	12	0.0	7635	2.33	0	0	V0.2	0	0	18	46	20	36	13	30	31	46	25	27	25	38	22	15	33	26	20	24	40	11	13	38	42	27	17	73	56	35	27	85	67	40	26	73	38	83	77	89	96	50	39	74	102	177	84	190	253	368	277	105	180	315	414	494	705	970	1000	776	512	149	174	212	181	143	59	47	48	96	110	57	25	42	34	88	84	75	37	52	67	43	21	55	56	24	21
64	170	1	2	119	0	1953125	12	0.0	7475	2.30	0	0	V0.2	0	0	43	40	11	12	36	39	14	9	36	47	12	3	32	37	10	12	41	37	9	19	49	37	14	7	55	68	32	18	54	85	63	38	61	68	62	2	27	117	133	95	123	85	185	137	126	150	278	338	217	107	97	292	401	540	803	1000	970	837	536	157	172	262	286	126	29	63	121	94	69	65	78	31	82	77	88	62	34	45	53	68	47	20	24	42	45
64	170	1	2	119	0	1953125	12	0.0	7585	2.32	0	0	V0.2	0	0	3	31	19	37	10	15	23	38	9	5	22	26	12	13	22	25	16	25	18	39	18	25	47	58	13	22	53	61	8	5	60	79	53	39	87	75	60	44	87	163	141	65	13	162	207	115	146	274	333	164	56	211	383	535	751	989	1000	715	385	66	265	251	148	56	110	115	79	92	82	56	45	57	92	78	20	12	59	58	6	32	55	39	16	39	34
64	170	1	2	119	0	1953125	12	0.0	7590	2.32	0	0	V0.2	0	0	48	50	8	11	45	45	9	9	37	28	25	29	43	11	28	36	35	29	39	51	32	46	36	48	15	76	48	31	28	103	63	22	45	108	50	17	46	122	109	73	103	42	110	149	131	119	228	350	271	158	92	293	362	474	767	1000	978	813	461	118	184	240	205	69	39	53	98	120	69	36	35	78	69	51	74	65	33	48	64	50	24	49	49	29	23
64	170	1	2	119	0	1953125	12	0.0	6817	2.19	0	0	V0.2	0	0	56	46	12	12	30	56	23	13	6	46	51	31	33	17	32	35	54	38	9	13	59	66	14	29	20	84	69	29	48	64	101	65	103	90	37	72	86	165	129	36	30	62	124	64	44	71	181	272	215	146	13	296	557	738	930	999	872	718	494	171	69	143	246	214	77	29	76	167	133	84	51	53	116	96	94	65	30	59	68	82	43	14	39	64	69
64	170	1	2	119	0	1953125	12	0.0	6818	2.19	0	0	V0.2	0	0	26	28	26	28	26	21	22	7	41	24	14	8	39	17	13	18	25	11	6	33	21	29	20	65	24	30	18	62	15	38	37	62	54	95	18	41	75	112	74	104	55	75	97	126	189	162	66	185	315	302	82	183	516	745	882	1000	877	693	360	16	201	328	228	45	61	161	91	64	49	97	25	80	67	92	23	53	30	42	23	56	30	33	38	48	23
64	170	1	2	119	0	1953125	12	0.0	8112	2.41	0	0	V0.2	0	0	22	10	20	22	19	11	15	18	25	7	11	17	23	7	12	16	11	2	12	14	32	4	17	55	9	21	31	36	19	14	57	22	66	39	49	95	44	111	98	51	25	148	96	55	232	242	63	189	351	254	36	257	443	452	690	999	979	698	181	157	254	265	106	47	166	94	37	25	8	71	20	51	38	47	13	27	37	22	39	5	13	11	23	10	16
64	170	1	2	119	0	1953125	12	0.0	148	1.05	0	0	V0.2	0	0	416	407	325	322	363	348	264	241	282	250	171	143	183	171	103	135	204	212	175	250	323	322	324	358	464	456	404	444	542	553	514	507	555	541	539	529	546	656	502	406	502	471	587	551	205	667	455	247	450	217	520	798	297	228	778	1000	160	602	964	294	384	536	452	525	316	398	455	439	357	390	379	339	335	295	285	273	261	229	197	164	148	115	95	68	50
64	170	1	2	119	0	1953125	12	0.0	148	1.05	0	0	V0.2	0	0	60	28	55	27	50	26	44	25	41	30	36	34	31	41	21	46	14	49	6	47	28	47	45	61	58	74	56	94	15	95	99	166	202	209	283	235	347	261	442	374	446	309	402	390	358	201	106	114	180	241	449	493	712	919	901	595	831	1000	923	687	512	515	399	351	206	235	112	159	92	133	73	96	71	80	56	49	62	44	56	41	56	29	56	44	52
64	170	1	2	119	0	1953125	12	0.0	86	1.03	0	0	V0.2	0	0	43	58	42	55	40	56	32	48	29	40	29	26	30	12	32	3	34	22	47	30	58	38	74	31	68	41	56	74	20	150	131	272	241	328	322	346	373	312	451	361	441	240	379	324	338	133	95	212	187	259	451	483	711	905	902	541	834	1000	930	668	495	527	411	382	218	274	136	206	83	165	61	133	42	120	27	85	25	87	23	66	30	60	15	37	27
64	170	1	2	119	0	1953125	12	0.0	66	1.03	0	0	V0.2	0	0	46	56	40	57	41	50	31	49	24	42	10	39	1	34	24	31	38	27	57	33	67	33	77	33	65	30	72	40	121	74	225	186	341	250	394	280	419	290	425	380	396	291	321	379	268	177	102	171	208	229	433	469	677	893	856	570	806	1000	898	673	489	527	399	382	232	283	144	210	97	173	69	137	62	124	41	93	47	89	35	72	45	60	30	47	35
64	170	1	2	119	0	1953125	12	0.0	148	1.05	0	0	V0.2	0	0	46	40	32	44	29	46	11	44	12	48	16	37	31	37	34	21	47	16	42	10	52	27	46	54	71	57	74	58	96	15	114	110	209	189	234	256	266	340	325	462	341	397	339	440	298	259	20	57	130	230	347	508	599	900	777	660	770	999	846	722	481	518	373	356	205	233	104	160	64	133	44	108	46	84	45	67	49	52	54	46	46	36	50	39	48
64	170	1	2	119	0	1953125	12	0.0	7760	2.35	0	0	V0.2	0	0	34	26	29	22	29	23	23	22	21	24	20	12	20	15	12	18	18	26	13	26	35	38	28	25	62	34	56	16	43	54	81	228	190	195	160	197	118	52	229	283	228	90	363	382	434	264	175	319	156	117	206	289	379	977	853	113	793	1000	970	523	229	201	272	90	96	35	33	43	52	12	27	27	39	7	31	32	6	18	15	14	4	12	8	4	11
64	170	1	2	119	0	1953125	12	0.0	66	1.03	0	0	V0.2	0	0	74	23	71	11	69	17	61	6	51	10	46	13	32	28	31	42	16	61	23	70	16	85	27	75	32	79	40	85	67	179	123	310	241	388	280	418	311	400	378	415	389	262	376	275	322	67	56	286	175	381	448	594	706	931	915	581	905	976	1000	641	578	462	478	325	296	233	192	177	149	135	114	113	96	102	69	81	65	78	53	64	58	57	36	40	35
64	170	1	2	119	0	1953125	12	0.0	66	1.03	0	0	V0.2	0	0	74	23	71	11	69	17	61	6	51	10	46	13	32	28	31	42	16	61	23	70	16	85	27	75	32	79	40	85	67	179	123	310	241	388	280	418	311	400	378	415	389	262	376	275	322	67	56	286	175	381	448	594	706	931	915	581	905	976	1000	641	578	462	478	325	296	233	192	177	149	135	114	113	96	102	69	81	65	78	53	64	58	57	36	40	35
64	170	1	2	119	0	1953125	12	0.0	66	1.03	0	0	V0.2	0	0	73	36	68	31	69	27	61	22	53	25	39	28	25	40	21	48	8	67	20	73	15	93	9	83	34	88	55	70	117	160	172	291	291	381	308	428	317	434	339	475	350	327	341	320	303	147	62	244	152	410	425	634	678	999	887	615	892	999	985	654	602	458	521	305	350	201	249	145	198	102	159	85	135	71	104	56	88	53	75	49	72	40	50	37	40
64	170	1	2	119	0	1953125	12	0.0	66	1.03	0	0	V0.2	0	0	73	36	68	31	69	27	61	22	53	25	39	28	25	40	21	48	8	67	20	73	15	93	9	83	34	88	55	70	117	160	172	291	291	381	308	428	317	434	339	475	350	327	341	320	303	147	62	244	152	410	425	634	678	999	887	615	892	999	985	654	602	458	521	305	350	201	249	145	198	102	159	85	135	71	104	56	88	53	75	49	72	40	50	37	40
64	170	2	2	119	0	1953125	12	0.0	66	1.03	0	0	V0.2	0	0	70	21	61	13	69	15	52	9	52	11	34	22	32	27	19	46	5	54	21	70	10	75	22	75	34	65	59	42	127	109	196	216	315	297	338	337	339	363	314	435	293	327	241	350	198	176	133	158	220	325	426	551	607	939	775	615	725	1000	811	675	440	513	380	359	233	252	160	185	109	153	78	126	62	111	47	87	41	81	32	70	37	59	27	44	27
64	170	2	2	119	0	1953125	12	0.0	66	1.03	0	0	V0.2	0	0	70	21	61	13	69	15	52	9	52	11	34	22	32	27	19	46	5	54	21	70	10	75	22	75	34	65	59	42	127	109	196	216	315	297	338	337	339	363	314	435	293	327	241	350	198	176	133	158	220	325	426	551	607	939	775	615	725	1000	811	675	440	513	380	359	233	252	160	185	109	153	78	126	62	111	47	87	41	81	32	70	37	59	27	44	27
64	170	1	2	119	0	1953125	12	0.0	89	1.03	0	0	V0.2	0	0	45	49	46	38	51	25	55	8	55	2	53	13	44	21	27	28	8	36	19	58	34	76	48	91	42	83	53	59	96	25	220	152	325	235	413	292	439	331	493	443	465	332	405	409	339	187	96	150	185	258	445	469	709	908	881	547	909	1000	965	614	583	474	469	293	308	194	205	127	202	93	166	84	154	48	118	44	92	31	86	46	61	55	68	50	53
64	170	1	2	119	0	1953125	12	0.0	89	1.03	0	0	V0.2	0	0	45	49	46	38	51	25	55	8	55	2	53	13	44	21	27	28	8	36	19	58	34	76	48	91	42	83	53	59	96	25	220	152	325	235	413	292	439	331	493	443	465	332	405	409	339	187	96	150	185	258	445	469	709	908	881	547	909	1000	965	614	583	474	469	293	308	194	205	127	202	93	166	84	154	48	118	44	92	31	86	46	61	55	68	50	53
64	170	1	2	119	0	1953125	12	0.0	114	1.04	0	0	V0.2	0	0	38	53	30	44	39	38	32	22	44	17	38	6	46	7	29	14	31	17	13	44	12	65	4	86	18	86	22	71	74	56	149	151	263	235	299	309	332	380	361	490	362	401	324	437	282	256	40	53	126	278	359	499	558	904	722	617	748	1000	801	671	459	506	376	337	216	230	137	173	97	162	79	140	63	114	39	88	29	73	23	69	35	60	38	55	46
64	170	1	2	119	0	1953125	12	0.0	114	1.04	0	0	V0.2	0	0	59	30	52	32	48	33	36	34	35	35	28	40	23	36	9	34	5	29	26	28	48	31	68	48	68	55	58	65	58	66	158	162	265	217	345	264	400	291	465	405	463	325	395	397	338	197	80	120	167	230	438	457	651	867	840	577	826	1000	889	650	497	516	395	351	208	245	121	177	108	154	90	126	85	108	58	78	56	66	52	52	55	40	55	53	55
64	170	1	2	119	0	1953125	12	0.0	7615	2.33	0	0	V0.2	0	0	44	44	17	29	27	41	8	11	27	29	14	11	35	17	19	27	49	10	31	43	79	28	20	35	81	24	35	25	81	25	54	17	79	29	72	37	86	82	2	86	97	155	202	102	148	222	361	334	215	196	325	453	430	516	796	995	1000	879	590	262	184	193	223	121	25	54	92	91	67	63	91	66	3	26	41	89	49	15	25	71	56	6	20	47	39
64	170	1	2	119	0	1953125	12	0.0	7584	2.32	0	0	V0.2	0	0	42	50	6	22	28	42	17	3	32	32	25	21	31	25	29	32	27	38	39	52	31	37	20	27	26	71	32	9	53	99	40	5	56	108	49	23	60	125	125	97	119	43	154	178	157	134	264	368	270	163	193	395	450	549	815	999	964	776	427	206	253	266	203	75	73	90	100	91	57	41	34	65	82	61	68	42	55	59	61	30	39	53	43	23	36
64	170	1	2	119	0	1953125	12	0.0	7584	2.32	0	0	V0.2	0	0	42	50	6	22	28	42	17	3	32	32	25	21	31	25	29	32	27	38	39	52	31	37	20	27	26	71	32	9	53	99	40	5	56	108	49	23	60	125	125	97	119	43	154	178	157	134	264	368	270	163	193	395	450	549	815	999	964	776	427	206	253	266	203	75	73	90	100	91	57	41	34	65	82	61	68	42	55	59	61	30	39	53	43	23	36
64	170	1	2	119	0	1953125	12	0.0	7684	2.34	0	0	V0.2	0	0	42	16	14	34	28	35	14	30	22	38	20	27	36	29	21	33	34	16	27	61	28	24	20	61	22	59	31	54	56	94	47	51	75	113	38	24	98	144	86	110	135	27	137	175	219	132	294	369	337	183	259	416	444	576	843	996	1000	761	378	214	229	286	186	61	53	109	115	66	43	63	46	67	74	94	76	28	44	48	42	32	41	35	45	48	29
64	170	1	2	119	0	1953125	12	0.0	8026	2.40	0	0	V0.2	0	0	31	36	26	15	39	34	12	1	32	33	10	9	26	18	15	15	29	31	7	10	45	51	16	16	56	55	41	31	45	79	38	39	49	133	35	76	106	172	59	44	41	51	180	185	162	198	345	408	282	223	305	457	408	440	752	1000	969	758	408	133	129	151	216	158	24	58	142	84	44	66	87	7	73	44	45	66	32	30	53	67	22	29	26	18	47
64	170	1	2	119	0	1953125	12	0.0	6817	2.19	0	0	V0.2	0	0	19	75	61	2	38	17	50	54	27	58	44	0	12	22	55	44	44	51	26	22	15	73	89	37	56	62	45	71	27	94	122	37	52	35	78	159	134	135	194	131	12	25	89	182	204	180	189	130	128	296	396	607	796	859	921	999	945	771	697	509	279	177	91	129	212	166	139	144	39	74	90	111	174	144	84	83	35	43	63	61	82	66	26	25	38
64	170	1	2	119	0	1953125	12	0.0	6818	2.19	0	0	V0.2	0	0	24	25	25	27	24	20	18	5	36	19	15	7	28	6	6	20	17	13	1	26	19	33	34	65	10	29	30	51	26	41	45	51	57	69	36	34	97	113	95	104	37	38	109	121	164	103	99	211	316	242	18	242	572	782	921	999	847	619	247	119	280	374	236	57	58	146	67	54	41	85	20	88	72	87	12	51	34	46	19	38	13	26	42	39	18
64	170	1	2	119	0	1953125	12	0.0	6818	2.19	0	0	V0.2	0	0	27	13	35	23	26	14	19	11	36	11	16	13	23	7	5	23	12	15	7	29	16	22	42	59	5	20	43	44	34	24	61	36	73	54	55	21	104	90	111	86	54	36	107	113	177	84	103	221	344	240	44	244	588	782	950	1000	853	622	224	122	300	389	229	74	73	147	59	51	54	84	32	80	78	84	11	45	39	35	24	32	32	29	49	40	23
64	170	1	2	119	0	1953125	12	0.0	6818	2.19	0	0	V0.2	0	0	20	41	6	29	13	32	12	17	21	34	8	2	23	12	14	13	28	8	16	15	15	47	38	47	32	45	23	50	17	64	18	80	27	87	22	77	55	140	83	99	59	18	83	179	148	103	80	264	291	248	8	304	550	823	942	1000	912	592	281	117	326	339	273	52	87	112	110	20	74	55	51	76	101	54	38	42	51	28	26	39	32	23	33	39	17
64	170	1	2	119	0	1953125	12	0.0	6818	2.19	0	0	V0.2	0	0	28	6	35	20	25	11	18	17	32	2	11	20	20	8	3	28	8	18	12	28	19	23	50	55	16	18	55	40	42	19	70	33	85	49	61	14	114	86	115	73	56	31	119	128	190	73	117	244	368	243	53	268	616	799	966	1000	862	633	232	98	293	379	220	75	82	145	57	48	63	84	34	74	83	86	14	40	42	36	24	27	23	19	44	34	19
64	170	1	2	119	0	1953125	12	0.0	6817	2.19	0	0	V0.2	0	0	31	17	35	22	29	15	19	10	37	11	15	13	24	3	2	25	10	16	8	30	16	29	44	59	9	25	45	46	37	26	64	42	78	59	52	23	106	89	97	73	48	27	123	132	187	89	110	229	347	235	50	272	616	804	957	1000	844	609	215	123	295	375	214	60	78	146	55	54	57	85	33	82	77	85	11	44	40	38	24	34	25	25	45	36	21
64	170	1	2	119	0	1953125	12	0.0	6823	2.19	0	0	V0.2	0	0	32	2	39	12	29	7	21	19	32	8	14	22	19	16	0	28	9	19	14	26	17	15	55	50	21	13	55	29	43	6	75	22	82	32	67	11	111	73	122	58	70	35	104	131	196	68	96	244	370	243	63	260	605	796	989	1000	877	626	220	90	304	365	206	73	100	134	59	38	73	71	48	68	93	78	22	32	46	25	32	28	34	22	48	32	20
64	170	1	2	119	0	1953125	12	0.0	6798	2.19	0	0	V0.2	0	0	42	11	27	11	38	3	28	17	40	2	16	28	30	12	15	36	14	25	16	37	15	51	43	65	11	41	39	52	40	54	60	68	64	75	41	47	95	108	74	81	25	10	134	153	166	95	128	248	336	255	48	265	574	795	917	1000	854	614	269	103	259	349	233	42	51	139	74	48	39	82	16	85	70	82	20	47	28	39	17	50	25	26	31	41	17
64	170	1	2	119	0	1953125	12	0.0	6812	2.19	0	0	V0.2	0	0	27	24	18	26	25	18	20	5	35	23	12	6	31	8	10	26	29	12	6	34	13	37	29	71	23	32	20	60	16	53	41	71	39	78	24	46	78	115	71	89	24	31	108	132	165	109	108	234	339	261	40	263	586	800	927	1000	848	614	246	112	270	354	212	41	64	137	50	57	45	76	33	95	72	77	14	51	29	34	33	42	14	24	41	29	22
64	170	1	2	119	0	1953125	12	0.0	6817	2.19	0	0	V0.2	0	0	26	15	38	7	22	15	17	24	20	20	14	20	11	20	7	20	16	15	25	16	23	9	65	33	37	11	61	7	46	26	78	29	78	31	74	33	94	75	120	46	83	30	76	154	193	64	60	252	339	232	84	284	579	798	1000	995	914	607	216	99	337	337	204	58	121	109	79	23	97	46	66	67	113	57	43	31	58	14	43	23	26	32	56	36	18
64	170	1	2	119	0	1953125	12	0.0	6787	2.18	0	0	V0.2	0	0	25	30	30	26	22	27	13	38	23	21	1	35	16	22	21	36	23	21	35	24	31	20	73	40	35	0	64	11	52	24	85	29	88	25	72	41	120	75	123	46	82	34	100	151	199	58	92	262	357	217	70	307	621	808	999	1000	901	634	229	78	316	360	212	80	103	128	71	41	82	69	50	64	104	79	30	33	49	23	38	37	38	19	51	41	22
64	170	1	2	119	0	1953125	12	0.0	6770	2.18	0	0	V0.2	0	0	17	31	29	18	11	29	10	32	12	28	7	27	20	22	20	28	34	12	36	16	38	26	82	40	51	16	72	13	41	51	85	43	67	51	67	60	92	106	123	53	74	34	69	173	187	67	76	284	333	233	50	344	606	839	1000	995	926	592	233	121	348	326	225	48	122	102	96	26	102	40	65	76	118	49	47	35	55	18	43	39	33	39	54	43	26
64	170	1	2	119	0	1953125	12	0.0	6340	2.11	0	0	V0.2	0	0	35	51	27	67	10	43	5	47	13	40	28	53	33	18	17	53	36	25	8	47	35	27	9	84	86	29	49	54	104	34	89	18	90	26	82	32	141	145	123	161	93	159	80	38	172	333	349	272	202	147	368	569	789	822	920	1000	927	845	575	276	124	269	319	259	225	36	113	87	127	44	114	116	117	103	33	75	54	76	30	75	63	60	26	44	64
64	170	1	2	119	0	1953125	12	0.0	6334	2.11	0	0	V0.2	0	0	49	39	41	29	46	33	31	8	39	5	46	21	38	17	34	32	25	44	28	35	8	56	8	59	43	108	16	39	77	131	28	53	77	96	43	49	136	154	132	153	135	150	14	12	210	228	321	321	179	99	402	631	816	892	879	1000	942	870	563	270	169	301	284	290	138	128	65	125	41	125	84	135	58	105	50	78	37	80	62	74	38	49	36	47	55
64	170	1	2	119	0	1953125	12	0.0	91	1.04	0	0	V0.2	0	0	302	277	243	249	270	250	196	194	203	176	129	120	128	112	85	105	144	144	147	178	239	236	236	271	322	328	302	335	402	377	344	406	435	376	362	405	384	356	428	329	436	329	305	300	381	434	391	386	376	471	299	104	710	373	804	778	1000	586	312	456	554	64	408	394	212	325	304	295	283	300	236	265	240	242	222	191	175	189	156	119	110	105	91	47	46
64	170	1	2	119	0	1953125	12	0.0	91	1.04	0	0	V0.2	0	0	61	33	53	19	64	23	51	7	53	13	36	7	34	13	15	32	9	43	9	60	5	72	4	72	34	63	52	34	112	106	174	208	281	287	288	327	295	352	268	407	240	281	224	281	153	78	229	281	288	413	494	666	641	978	799	681	773	1000	791	636	425	442	352	269	216	171	144	129	111	122	92	109	83	87	63	69	52	59	37	54	27	39	20	34	18
64	170	1	2	119	0	1953125	12	0.0	91	1.04	0	0	V0.2	0	0	59	32	51	34	62	25	49	27	49	20	31	24	23	25	2	31	13	39	30	48	32	64	34	66	40	55	54	28	127	56	207	165	317	233	331	281	341	315	294	394	260	279	191	300	123	100	237	232	292	383	512	631	645	960	792	659	745	1000	774	640	401	458	339	291	201	191	139	147	102	138	87	113	76	95	61	71	48	63	35	54	31	46	21	34	22
64	170	1	2	119	0	1953125	12	0.0	91	1.04	0	0	V0.2	0	0	57	33	48	35	57	27	48	29	47	22	30	25	22	25	2	31	15	38	28	47	36	63	36	64	39	56	52	31	123	46	206	161	317	223	333	274	346	306	303	389	269	275	187	301	123	91	242	232	301	377	522	629	645	948	797	663	747	999	775	647	404	460	330	296	191	197	131	152	95	141	83	121	70	99	54	73	42	63	31	53	26	45	18	35	23
64	170	1	2	119	0	1953125	12	0.0	91	1.04	0	0	V0.2	0	0	49	52	44	53	42	52	38	46	31	41	19	35	8	28	18	22	35	16	53	24	64	25	75	33	63	41	56	65	97	103	208	209	313	261	369	274	396	262	413	328	373	211	285	277	200	35	227	292	317	368	587	605	765	925	915	596	863	1000	899	612	481	471	381	298	216	216	129	156	129	138	102	109	99	99	63	66	62	58	49	43	47	27	43	30	29
64	170	1	2	119	0	1953125	12	0.0	91	1.04	0	0	V0.2	0	0	57	48	48	37	58	45	46	29	47	31	37	8	37	10	28	29	25	42	24	61	30	73	36	66	47	66	49	59	80	159	127	272	239	353	254	387	276	389	299	410	278	266	269	243	201	110	175	322	239	455	489	707	679	1000	837	658	821	997	869	625	494	413	419	242	273	140	195	100	164	88	137	76	125	53	91	41	78	35	57	38	52	31	37	30	26
64	170	2	2	119	0	1953125	12	0.0	66	1.03	0	0	V0.2	0	0	69	23	62	23	69	16	53	19	49	19	34	28	21	35	16	47	10	57	29	69	22	76	23	68	47	56	68	32	140	112	204	220	317	296	317	329	323	349	262	392	230	268	182	272	125	100	236	263	285	406	492	654	641	976	784	644	727	1000	780	640	411	455	356	291	221	195	161	149	122	136	105	119	92	97	75	74	64	65	49	55	41	47	30	37	26
64	170	1	2	119	0	1953125	12	0.0	66	1.03	0	0	V0.2	0	0	68	28	61	19	68	23	53	5	52	12	36	14	34	25	24	46	14	57	18	70	2	78	1	72	40	64	61	56	122	144	182	251	294	329	299	354	302	362	262	398	228	263	196	259	134	100	232	282	290	420	492	660	643	981	785	653	733	1000	784	649	413	453	348	294	218	197	149	157	115	141	91	124	83	101	64	83	56	69	39	63	35	50	25	39	22
64	170	2	2	119	0	1953125	12	0.0	66	1.03	0	0	V0.2	0	0	69	38	60	27	68	33	52	14	54	14	38	10	36	22	28	46	21	56	23	73	16	79	11	76	37	73	50	75	108	170	164	280	273	360	284	381	292	389	277	405	238	268	213	250	151	132	204	290	256	434	471	666	647	1000	788	640	745	995	806	638	432	444	376	284	249	188	178	147	143	130	115	116	109	92	80	73	70	64	50	57	44	50	33	39	27
64	170	2	2	119	0	1953125	12	0.0	66	1.03	0	0	V0.2	0	0	70	25	62	14	71	18	53	5	55	10	35	18	31	27	22	48	11	56	22	74	2	77	9	75	39	62	65	52	127	138	192	245	302	324	314	351	315	365	277	407	236	270	175	261	119	125	229	258	283	406	483	633	644	974	779	658	732	1000	776	647	403	461	340	304	212	211	148	172	114	150	87	134	82	111	60	88	52	74	36	67	36	54	27	41	24
64	170	2	2	119	0	1953125	12	0.0	66	1.03	0	0	V0.2	0	0	69	27	61	18	68	20	55	5	55	8	37	16	33	26	24	48	14	56	20	74	2	77	6	74	37	64	59	61	124	146	189	253	296	331	310	360	311	372	282	410	239	273	178	260	129	137	213	253	263	409	473	630	636	972	774	643	734	1000	781	644	406	456	343	300	222	205	156	166	119	149	93	129	88	108	65	86	55	72	40	64	38	53	28	43	25
64	170	2	2	119	0	1953125	12	0.0	41	1.03	0	0	V0.2	0	0	76	17	67	16	70	17	53	21	50	23	36	36	27	42	28	60	18	70	32	79	20	79	24	73	53	70	80	70	144	161	205	268	314	346	320	370	319	375	273	408	237	275	181	267	144	148	205	239	240	396	453	610	612	958	758	618	727	1000	787	645	417	469	361	310	242	218	183	174	141	151	120	130	110	110	87	88	80	78	63	70	54	59	43	45	37
64	170	2	2	119	0	1953125	12	0.0	41	1.03	0	0	V0.2	0	0	61	57	49	43	58	47	45	23	52	21	44	12	48	19	49	50	47	58	50	78	40	78	33	80	20	97	19	121	74	221	153	326	254	407	286	417	299	398	323	397	287	260	262	228	208	127	143	289	200	419	444	645	647	980	798	632	800	1000	847	635	483	447	412	283	290	185	215	149	179	119	144	114	137	85	108	77	99	63	74	62	63	52	53	46	39
64	170	2	2	119	0	1953125	12	0.0	41	1.03	0	0	V0.2	0	0	70	43	58	31	67	34	50	11	57	8	43	17	45	28	41	55	33	64	37	79	19	82	14	80	27	90	45	102	102	200	167	304	272	385	292	402	295	399	288	414	260	283	236	268	190	147	152	236	203	391	428	611	604	949	754	631	753	1000	793	637	439	473	377	312	257	216	189	175	150	146	120	132	113	109	87	92	78	76	59	72	53	58	41	49	36
64	170	2	2	119	0	1953125	12	0.0	41	1.03	0	0	V0.2	0	0	53	65	43	54	51	57	38	35	48	26	41	10	49	16	52	42	56	53	59	68	53	71	53	73	28	98	4	123	53	226	152	334	257	415	300	421	321	402	364	396	332	259	322	245	259	107	94	277	176	397	431	619	655	964	816	637	852	1000	889	634	533	456	456	284	328	186	244	137	204	105	161	94	152	73	120	64	112	52	84	57	75	46	61	45	43
64	170	2	2	119	0	1953125	12	0.0	41	1.03	0	0	V0.2	0	0	45	70	35	61	42	59	33	42	41	33	38	15	48	11	53	37	59	45	67	60	62	63	62	64	37	91	19	123	50	222	160	333	263	410	314	416	338	390	386	383	356	245	345	247	278	73	88	292	180	389	433	611	667	951	825	627	889	1000	912	621	554	451	468	276	336	179	243	124	206	93	164	82	157	65	119	54	115	47	87	51	76	41	64	42	44
64	170	1	2	119	0	1953125	12	0.0	66	1.03	0	0	V0.2	0	0	35	68	25	59	33	62	25	45	35	42	28	18	40	8	38	23	46	33	48	54	55	60	53	63	47	77	20	98	39	196	127	309	230	392	278	413	303	408	360	430	333	296	336	294	277	136	78	236	151	376	393	591	612	948	768	622	822	1000	853	638	523	470	435	296	307	190	218	140	176	112	136	104	123	81	93	73	87	61	64	59	56	47	41	39	29
64	170	1	2	119	0	1953125	12	0.0	66	1.03	0	0	V0.2	0	0	52	61	40	52	51	56	35	36	40	37	29	11	38	3	36	29	41	39	45	58	49	65	51	62	47	75	25	95	44	198	126	312	241	400	284	420	314	411	377	429	356	287	363	291	298	99	78	259	158	380	405	598	643	957	804	621	881	1000	902	622	559	451	463	276	328	170	231	114	191	81	151	73	143	54	111	46	100	34	78	40	66	35	51	34	34
64	170	1	2	119	0	1953125	12	0.0	6289	2.10	0	0	V0.2	0	0	31	30	22	25	18	28	17	26	11	28	7	19	10	13	15	20	10	29	16	28	34	25	27	18	56	21	37	18	30	70	97	225	170	210	138	205	113	53	246	304	206	69	345	369	369	282	224	295	140	187	254	288	413	986	708	80	785	999	810	433	178	239	243	80	108	30	53	20	67	50	12	11	36	29	1	29	25	11	4	13	9	16	3	12	5
64	170	1	2	119	0	1953125	12	0.0	6379	2.11	0	0	V0.2	0	0	41	34	36	37	25	49	34	38	13	33	6	33	26	36	27	23	41	15	47	16	44	16	28	41	34	85	72	36	6	122	69	58	20	118	28	58	76	163	94	157	126	181	49	34	179	234	313	345	218	78	289	520	720	817	857	1000	954	861	525	242	180	297	279	252	87	122	83	105	68	105	98	99	70	71	53	34	57	36	59	34	47	19	44	40	47
64	170	1	2	119	0	1953125	12	0.0	6289	2.10	0	0	V0.2	0	0	17	54	16	45	15	45	0	44	16	59	20	32	17	40	23	23	41	33	28	6	68	27	75	39	106	56	43	21	127	61	55	15	122	35	85	45	167	93	155	95	159	92	28	67	269	259	351	290	155	122	390	569	761	820	849	1000	978	921	633	341	181	254	246	266	153	124	84	113	54	104	66	117	69	99	62	73	39	62	43	70	45	48	30	45	45
64	170	1	2	119	0	1953125	12	0.0	6339	2.11	0	0	V0.2	0	0	62	21	59	16	63	17	45	3	44	16	46	34	40	30	29	43	15	43	16	40	24	41	40	40	78	87	42	28	103	89	72	38	106	50	73	24	154	98	157	80	189	109	70	73	228	260	374	284	231	101	327	562	786	787	892	937	1000	851	550	302	151	240	331	241	155	108	132	90	105	75	134	87	109	64	94	40	72	45	87	51	63	33	51	43	59
64	170	1	2	119	0	1953125	12	0.0	6488	2.13	0	0	V0.2	0	0	16	48	17	41	27	38	22	13	35	9	42	13	27	18	24	26	11	37	2	31	41	56	42	57	39	38	63	30	59	45	87	43	75	43	90	37	42	101	63	128	100	198	152	95	69	199	277	385	290	124	195	510	691	855	865	1000	928	764	434	87	208	379	281	207	51	124	69	105	73	115	58	63	49	41	55	37	73	35	51	31	52	32	48	29	23
64	170	1	2	119	0	1953125	12	0.0	6781	2.18	0	0	V0.2	0	0	16	34	12	23	22	16	33	16	36	5	25	18	19	32	20	25	24	40	21	13	52	18	67	36	60	29	49	52	26	85	50	87	18	99	30	61	88	121	102	92	42	24	130	133	191	60	99	303	406	284	77	350	625	845	952	1000	938	603	243	207	354	357	206	39	67	112	37	91	37	53	80	77	74	57	62	20	54	30	41	24	34	38	39	39	30
64	170	1	2	119	0	1953125	12	0.0	6702	2.17	0	0	V0.2	0	0	22	42	23	45	23	44	21	43	4	13	29	31	13	1	30	10	17	20	38	18	38	48	70	7	11	62	59	33	34	78	69	46	50	59	42	74	74	85	89	21	51	91	110	184	144	46	187	372	380	211	63	393	641	825	991	1000	970	655	277	88	367	391	293	122	93	118	106	41	94	66	50	41	119	80	64	45	81	45	47	49	57	22	41	48	39
64	170	1	2	119	0	1953125	12	0.0	6434	2.12	0	0	V0.2	0	0	36	37	38	25	27	38	44	22	37	19	34	15	21	33	36	26	17	43	38	42	34	42	52	21	9	77	68	29	26	91	106	44	72	52	108	8	69	83	183	112	196	126	149	68	175	254	429	434	266	67	297	581	720	880	908	1000	998	743	496	192	212	330	408	248	118	64	145	117	80	96	110	123	28	54	37	62	23	64	41	54	4	44	41	44	16
64	170	1	2	119	0	1953125	12	0.0	6459	2.13	0	0	V0.2	0	0	10	54	9	40	15	51	10	40	31	50	13	21	41	28	37	27	50	8	47	42	65	22	57	22	39	69	50	52	38	100	48	91	14	107	38	75	36	130	86	172	138	224	113	82	130	262	341	429	291	82	275	616	766	896	872	1000	980	781	486	156	249	430	368	206	126	115	102	97	86	121	87	75	50	50	13	65	31	57	22	50	23	51	43	45	21
64	170	1	2	119	0	1953125	12	0.0	6365	2.11	0	0	V0.2	0	0	38	43	31	45	33	45	37	36	24	39	26	39	11	37	20	29	18	43	24	35	29	33	29	3	90	70	40	14	111	91	71	49	95	69	63	18	127	101	159	131	165	154	54	14	230	277	375	382	222	89	345	587	744	862	849	1000	962	823	556	209	186	391	367	245	166	101	129	82	87	113	124	86	97	69	79	36	53	59	64	43	46	40	41	53	59
64	170	1	2	119	0	1953125	12	0.0	6390	2.12	0	0	V0.2	0	0	26	55	25	48	37	56	30	40	33	26	35	25	48	19	39	24	36	28	43	38	36	33	19	39	29	106	32	49	56	138	50	80	52	115	29	57	98	145	121	161	166	210	67	38	201	261	360	394	248	109	345	596	770	841	826	999	972	880	538	192	225	407	334	285	117	147	81	130	56	142	79	128	53	97	29	63	36	70	42	52	31	42	46	54	53
64	170	1	2	119	0	1953125	12	0.0	6429	2.12	0	0	V0.2	0	0	39	32	32	33	22	45	23	44	18	38	4	36	23	39	23	33	38	22	51	31	57	13	55	16	31	53	93	0	23	96	107	46	42	93	88	36	4	147	91	165	141	201	137	63	101	280	331	404	328	78	248	617	755	854	861	949	999	778	518	185	226	388	380	196	148	94	123	82	101	102	105	78	75	47	36	59	40	65	41	52	26	51	41	49	30
64	170	1	2	119	0	1953125	12	0.0	6459	2.13	0	0	V0.2	0	0	27	50	20	35	33	35	30	16	53	34	29	10	43	16	31	35	40	26	28	64	40	47	26	55	37	62	33	80	42	74	65	98	40	83	60	78	70	82	134	127	176	187	133	90	140	205	382	404	290	113	312	575	796	866	871	1000	941	811	431	106	270	439	328	243	74	146	74	122	71	140	59	98	33	65	25	58	46	56	31	36	35	37	51	42	24
64	170	1	2	119	0	1953125	12	0.0	6340	2.11	0	0	V0.2	0	0	34	47	46	32	34	38	38	25	14	48	36	29	14	38	15	28	19	52	5	21	35	47	38	55	71	97	16	42	90	121	16	53	80	106	42	68	114	163	113	173	111	166	24	67	202	328	335	357	226	107	357	667	750	834	854	937	1000	786	560	264	193	328	398	229	170	70	144	66	112	70	135	75	109	70	81	34	63	44	72	48	60	36	41	43	62
64	170	1	2	119	0	1953125	12	0.0	6415	2.12	0	0	V0.2	0	0	55	15	53	22	50	32	49	33	39	31	21	40	25	44	16	37	25	33	41	42	36	24	42	27	44	41	94	21	33	92	118	26	44	93	88	55	47	165	112	158	147	185	121	62	127	300	332	382	282	64	335	695	790	850	834	956	1000	787	517	160	203	385	363	215	150	105	116	104	85	117	99	97	62	67	35	52	22	71	35	51	27	48	34	48	38
64	170	1	2	119	0	1953125	12	0.0	6365	2.11	0	0	V0.2	0	0	31	41	36	43	33	40	31	35	27	19	42	30	31	9	36	11	29	22	45	8	27	32	22	57	34	83	56	54	29	121	71	52	14	112	42	77	55	180	107	157	116	153	85	66	139	302	323	319	249	102	304	618	737	803	876	928	1000	766	506	232	213	313	373	209	162	79	137	62	122	76	131	74	113	56	73	25	69	35	71	43	57	25	49	47	56
64	170	1	2	119	0	1953125	12	0.0	6364	2.11	0	0	V0.2	0	0	14	54	10	54	12	55	5	40	11	28	31	34	30	18	35	18	35	10	47	2	26	36	25	53	39	84	65	47	24	117	72	48	16	117	33	84	61	177	85	163	117	161	74	66	167	304	304	335	228	94	340	649	728	822	840	965	999	780	532	209	180	346	357	215	179	81	127	85	106	85	110	84	92	56	68	46	44	57	61	46	32	37	35	45	43
64	170	1	2	119	0	1953125	12	0.0	6429	2.12	0	0	V0.2	0	0	48	14	45	16	35	30	37	34	36	32	21	33	19	39	15	37	29	32	46	46	53	35	47	31	32	32	92	18	28	73	108	21	40	79	90	29	11	140	98	152	136	176	126	53	98	266	309	364	284	46	258	593	700	817	857	977	1000	756	477	169	236	390	365	197	135	94	112	101	87	106	92	87	56	60	31	63	34	73	37	47	25	50	36	47	34
64	170	1	2	119	0	1953125	12	0.0	6770	2.18	0	0	V0.2	0	0	28	30	22	20	19	25	21	17	30	12	26	15	25	20	20	20	12	36	12	11	54	19	65	38	66	26	67	58	43	73	43	74	15	88	22	45	99	102	100	74	69	26	111	119	170	37	100	318	377	268	9	409	641	835	878	999	911	620	191	258	394	410	179	75	90	110	74	71	64	23	81	43	82	41	50	34	34	52	32	49	29	51	40	31	25
64	170	1	2	119	0	1953125	12	0.0	6440	2.12	0	0	V0.2	0	0	62	30	33	13	48	34	31	25	43	47	9	16	43	45	21	14	42	41	27	22	53	66	8	25	64	65	17	38	58	87	20	72	33	108	26	59	30	154	101	152	149	166	173	7	125	261	405	322	233	65	318	507	715	837	882	1000	906	700	440	132	190	348	395	221	127	26	154	105	85	56	110	112	40	38	40	62	11	33	32	56	11	33	36	50	23
64	170	1	2	119	0	1953125	12	0.0	6765	2.18	0	0	V0.2	0	0	35	13	34	17	20	26	8	37	6	25	19	25	25	10	31	11	21	32	15	33	22	47	43	65	34	18	80	32	43	50	94	44	49	89	53	81	59	150	76	125	40	37	109	125	142	91	151	286	416	233	60	443	743	855	970	1000	992	623	207	258	447	378	219	60	102	123	63	105	34	76	66	84	75	71	50	22	50	19	46	30	36	42	41	30	28
64	170	1	2	119	0	1953125	12	0.0	6473	2.13	0	0	V0.2	0	0	46	24	43	36	31	27	26	20	37	36	31	25	25	27	37	15	34	26	55	20	65	52	76	60	35	28	68	65	39	38	63	69	49	77	41	78	53	93	95	152	110	206	136	78	91	287	364	369	296	37	281	560	802	859	990	1000	911	720	335	62	258	425	345	244	87	115	123	119	74	93	114	56	47	51	82	43	50	37	71	34	45	43	70	41	17
64	170	1	2	119	0	1953125	12	0.0	6359	2.11	0	0	V0.2	0	0	41	39	47	45	42	47	37	39	30	22	44	24	40	27	42	8	41	24	48	10	39	23	24	69	81	60	72	58	70	83	94	44	68	76	77	73	89	137	168	134	192	91	101	68	194	289	401	291	220	151	414	631	847	822	917	989	1000	873	503	239	262	383	340	284	85	132	81	128	56	144	80	121	51	108	40	68	33	84	41	69	39	53	28	59	58
