34928	35048	35167	35286	35405	35524	35644	35763	35882	36001	36120	36240	36359	36478	36597	36716	36836	36955	37074	37193	37313	37432	37551	37670	37789	37909	38028	38147	38266	38385	38505	38624	38743	38862	38981	39101	39220	39339	39458	39577	39697	39816	39935	40054	40174	40293	40412	40531	40650	40770	40889	41008	41127	41246	41366	41485	41604	41723	41842	41962	42081	42200	42319	42439	42558	42677	42796	42915	43035	43154	43273	43392	43511	43631	43750	43869	43988	44107	44227	44346	44465	44584	44703	44823	44942
40	66	39	69	38	71	49	69	53	70	62	68	65	74	69	78	75	86	75	87	82	88	82	76	91	72	99	63	105	52	89	62	79	121	143	185	144	183	163	284	289	392	400	430	462	474	605	703	820	807	918	883	1000	937	936	811	776	604	508	342	225	155	84	98	63	96	100	104	127	104	134	99	131	100	128	106	117	111	105	106	91	103	87	93	81
34	70	40	71	45	68	56	65	61	66	69	66	70	73	74	75	79	83	83	81	91	80	93	67	101	66	103	62	106	62	79	80	66	135	130	194	139	187	172	275	304	376	416	418	481	470	614	701	820	815	920	903	1000	965	937	834	767	621	496	359	213	167	76	98	77	84	115	93	136	98	136	101	127	107	120	116	110	116	98	111	91	103	88	91	83
34	67	38	69	41	67	54	66	57	67	66	65	69	73	72	75	76	83	79	82	88	81	89	69	99	67	102	60	105	57	81	74	70	131	131	190	138	187	170	279	301	380	411	421	473	470	613	702	823	811	919	895	1000	961	945	833	769	613	499	355	215	162	75	96	70	86	110	95	135	99	137	100	129	106	124	114	112	116	101	111	90	105	89	94	84
67	40	71	40	75	44	72	53	72	58	71	67	73	69	78	74	83	77	89	82	88	88	81	91	73	105	66	106	60	102	56	76	89	106	174	150	194	139	222	252	333	382	425	448	458	521	585	773	802	870	899	949	1000	995	952	863	775	630	515	349	240	139	118	56	94	88	102	123	106	140	106	132	106	128	116	117	120	109	117	96	109	93	98	88	90
46	63	55	59	63	54	71	56	73	57	77	62	75	69	81	71	85	77	93	73	100	74	98	68	100	79	94	82	88	90	51	94	56	139	136	188	158	167	203	249	338	358	441	413	487	483	613	740	815	848	908	941	989	1000	931	871	757	646	485	376	215	175	94	78	102	68	126	91	135	114	124	120	112	128	105	128	103	121	100	109	100	98	94	89	88
62	45	66	43	72	42	73	51	73	56	73	64	74	68	80	71	84	76	91	77	93	83	86	83	81	98	71	101	65	103	47	85	80	117	162	156	185	141	216	239	336	367	427	432	467	515	588	760	799	873	899	952	988	1000	942	869	768	641	504	362	236	151	115	57	100	78	108	112	111	134	106	132	103	133	109	121	114	113	112	99	107	92	98	88	91
72	37	71	40	73	49	70	58	68	64	68	70	70	73	76	77	80	81	85	87	82	95	73	96	66	107	63	104	62	97	66	64	97	96	178	142	193	139	211	259	320	395	412	455	448	523	581	764	804	863	902	931	1000	977	959	850	786	621	524	340	249	137	121	67	85	96	92	125	101	137	109	126	112	120	123	107	123	104	117	94	106	96	95	89	87
52	56	60	52	67	48	74	53	73	55	77	62	76	68	82	70	87	76	93	73	99	78	96	72	94	87	86	92	79	99	45	92	61	133	144	175	169	156	212	241	340	358	440	417	480	492	599	746	805	859	898	944	980	1000	930	873	764	660	497	377	223	171	105	71	105	67	120	96	125	121	114	126	106	132	103	128	105	119	103	105	103	94	96	87	90
60	48	65	45	72	44	74	51	74	55	75	64	75	69	81	71	85	75	91	74	94	81	89	81	85	96	74	99	68	104	45	87	74	121	157	158	181	146	220	240	337	363	433	431	472	511	590	756	797	865	890	944	981	999	936	865	761	644	503	368	232	159	114	59	101	73	112	107	114	131	107	132	103	133	107	124	113	114	110	101	107	95	98	88	89
68	39	71	40	74	45	72	54	71	60	71	69	72	72	78	75	83	79	88	83	88	91	80	93	71	106	65	105	62	104	60	76	92	106	176	147	193	141	221	256	330	386	422	453	461	529	587	772	806	872	896	943	1000	995	955	855	776	629	520	350	243	140	119	58	89	88	97	121	102	138	105	131	108	126	117	113	120	108	118	95	110	96	98	89	89
49	60	58	58	65	52	73	55	74	57	78	63	77	70	82	71	86	76	94	73	100	76	98	70	99	83	91	88	85	95	50	96	60	138	141	184	166	165	210	248	343	364	446	421	489	491	611	748	817	858	902	938	979	1000	930	873	758	651	490	377	216	170	96	73	99	64	121	92	130	118	119	124	108	129	103	127	103	120	101	106	100	96	96	88	89
56	53	62	48	70	46	74	51	74	55	76	63	75	68	81	70	86	75	93	73	97	78	92	76	89	92	80	95	72	100	43	90	69	131	154	172	179	154	220	246	348	368	447	432	483	505	604	762	809	865	899	951	984	1000	928	868	758	649	496	372	227	165	109	64	105	70	119	104	121	127	111	131	104	133	105	127	109	119	107	105	105	94	98	88	91
46	61	54	58	63	53	70	53	72	55	76	61	75	69	81	70	85	76	92	72	99	74	97	67	98	79	93	84	87	91	51	95	59	142	138	187	159	165	203	250	342	360	439	412	484	482	610	743	818	854	904	938	984	1000	931	868	753	643	484	372	211	171	93	76	98	65	122	91	132	115	122	122	110	129	104	129	103	121	100	108	99	98	95	90	89
51	59	59	56	66	51	73	52	74	56	78	63	76	69	83	71	87	77	94	73	100	76	97	72	98	85	89	90	83	97	47	96	63	139	143	182	168	160	211	248	348	364	445	419	486	490	607	749	812	857	899	944	984	1000	920	861	747	643	486	370	214	166	97	70	102	65	122	95	129	119	117	124	107	130	103	127	104	118	102	106	101	97	95	86	89
54	54	61	51	69	47	73	51	73	55	76	62	76	68	81	71	86	75	92	72	97	77	93	74	91	89	82	93	76	99	43	92	67	132	147	171	174	153	216	242	345	361	437	421	480	501	601	752	806	858	887	937	976	1000	928	865	752	642	492	372	222	165	104	64	99	66	116	99	122	123	111	128	103	131	103	126	107	118	105	104	103	93	96	87	90
51	56	59	55	67	48	72	52	74	55	76	61	75	68	81	70	86	76	93	72	99	76	96	71	95	85	86	89	80	97	47	96	63	137	144	179	170	159	211	244	342	356	439	419	486	495	606	751	811	852	891	939	980	1000	922	861	745	639	488	372	217	166	100	69	101	67	121	97	127	120	116	126	106	131	103	128	105	119	104	105	100	94	96	87	89
58	53	64	50	72	46	75	52	75	56	77	64	76	69	82	72	86	77	94	76	98	80	93	78	90	94	80	97	73	101	44	91	70	129	153	167	176	148	216	243	344	364	437	428	480	507	598	759	808	864	890	942	979	1000	933	872	760	646	497	369	227	162	110	64	102	69	115	103	119	127	110	130	103	132	104	125	108	115	105	101	105	93	97	86	88
63	44	68	42	72	43	73	52	73	57	73	65	74	69	79	72	84	76	90	78	92	85	84	86	78	101	69	102	64	104	51	82	84	115	166	152	187	141	220	248	338	375	427	441	467	521	587	766	801	870	892	948	987	1000	947	868	771	635	505	355	233	143	115	55	96	80	105	116	109	135	104	132	104	130	111	120	116	111	113	97	109	95	98	89	90
68	38	66	44	64	55	59	62	60	68	59	71	66	74	69	78	74	83	73	92	73	96	66	96	68	98	76	89	83	71	86	45	98	96	167	157	169	168	181	285	287	402	389	446	447	495	594	714	813	812	907	882	1000	939	952	822	784	595	508	335	231	151	89	94	58	92	97	103	125	103	132	100	128	102	124	111	112	113	102	110	91	104	88	93	83
71	40	72	42	74	46	72	56	71	62	72	70	74	72	78	76	83	79	87	84	87	92	79	95	72	108	66	107	62	101	61	73	95	105	176	145	193	139	218	258	329	385	416	449	453	520	578	765	799	859	889	943	1000	985	947	849	774	623	518	346	247	142	124	60	90	89	96	122	101	136	105	129	106	122	117	112	120	105	115	93	106	93	94	88	87
58	51	65	49	71	46	75	51	75	55	76	63	75	68	81	71	86	76	93	74	97	80	91	78	89	94	79	97	71	101	45	92	71	127	152	166	178	146	214	241	343	362	436	427	475	502	591	758	803	864	891	949	982	1000	929	868	758	644	495	366	227	159	113	63	103	72	116	105	119	128	110	131	103	133	106	125	110	116	107	101	105	93	97	87	90
70	38	69	44	68	55	64	62	64	68	63	72	68	74	72	78	77	83	78	90	77	97	69	97	64	105	67	100	71	89	77	54	101	89	177	143	188	146	198	265	301	395	394	455	440	513	572	742	798	843	897	916	1000	958	953	831	788	605	524	329	244	130	115	75	73	99	86	124	102	130	115	119	119	110	126	102	122	101	115	94	102	98	92	90	83
69	41	73	42	75	46	73	54	72	60	72	68	74	71	79	75	85	80	90	82	91	91	82	92	75	106	66	106	63	104	57	77	91	107	175	151	198	143	221	251	333	380	423	450	459	519	577	767	802	869	896	952	1000	992	947	858	772	626	513	346	241	139	121	60	94	88	101	122	105	138	107	133	106	127	116	115	119	107	115	94	108	92	96	87	88
64	42	68	41	73	44	73	52	72	58	72	66	74	70	79	73	84	77	89	79	91	87	84	88	77	103	68	104	62	101	51	80	85	111	170	154	193	142	220	245	335	374	423	441	464	520	582	765	800	871	900	953	994	1000	953	874	777	633	505	352	240	146	120	58	97	83	105	118	107	137	106	133	106	130	113	118	118	112	115	97	108	93	98	89	90
47	58	55	55	63	50	69	52	71	55	75	61	74	67	80	69	83	75	91	71	98	73	95	68	96	81	88	84	82	90	45	93	58	134	137	182	166	164	210	246	340	356	438	413	483	486	601	737	807	850	902	937	976	1000	936	874	755	638	473	365	209	167	93	70	99	65	122	93	130	117	119	124	109	129	103	127	104	120	102	107	102	97	95	89	90
71	39	72	40	73	48	71	57	70	63	69	70	72	74	77	78	83	81	86	86	85	94	77	96	69	109	65	105	62	98	63	66	96	98	181	146	198	144	219	258	324	392	414	450	449	522	580	763	806	870	907	937	1000	988	969	864	792	623	514	338	242	134	117	58	84	91	92	123	100	137	107	127	110	121	121	108	121	104	115	93	106	93	94	89	87
70	38	71	40	74	46	71	55	71	62	70	68	71	71	77	75	82	79	87	85	86	92	78	95	70	107	64	105	61	99	59	69	95	101	178	147	197	142	219	256	329	391	420	452	453	522	583	766	802	867	900	940	999	989	955	854	777	620	511	340	241	136	116	56	86	91	95	124	102	137	105	128	107	122	118	110	121	104	114	93	108	93	97	88	87
39	69	40	72	41	72	51	68	58	71	68	68	71	75	74	77	79	85	82	84	91	81	92	69	102	66	103	61	104	60	75	84	62	141	130	201	142	187	178	271	321	375	431	417	489	466	623	716	832	826	920	921	1000	973	917	838	750	632	486	371	211	175	79	90	91	70	123	87	138	102	127	112	117	121	107	127	101	122	97	110	94	98	92	88	86
72	36	72	41	72	50	68	60	67	66	66	72	70	74	74	78	80	82	83	89	81	97	72	97	63	108	63	104	64	95	71	60	100	94	183	145	195	137	203	256	310	392	401	453	442	515	571	756	803	859	901	929	999	957	932	818	771	602	515	327	246	129	120	71	84	99	90	127	101	134	109	122	113	116	124	104	123	102	115	93	104	93	92	87	83
69	38	67	45	65	55	60	62	61	68	61	72	66	75	70	79	76	84	77	92	75	99	68	99	64	105	69	98	74	84	80	49	101	89	177	145	184	149	193	268	293	395	385	449	436	509	573	732	798	836	901	904	1000	949	952	823	787	595	518	324	245	132	112	82	70	104	85	124	105	127	119	115	122	108	129	101	123	102	114	97	99	98	90	91	82
66	39	70	39	73	45	72	54	70	60	71	67	72	71	78	74	82	79	87	83	88	91	80	92	72	105	64	104	61	101	57	74	90	103	172	144	191	139	217	248	327	380	414	442	453	523	581	759	798	867	894	938	994	1000	969	876	790	634	515	349	246	145	122	59	92	87	98	120	103	138	106	131	107	126	117	114	121	107	117	96	109	95	97	89	89
72	38	73	41	73	49	71	58	69	65	68	71	71	73	76	76	81	82	84	88	84	96	75	97	67	107	64	104	63	97	68	66	98	96	180	143	194	142	213	259	317	390	406	451	445	522	581	761	804	858	895	929	1000	985	969	858	791	618	519	338	246	134	120	65	81	94	90	125	100	136	108	125	113	119	122	107	122	104	117	94	105	94	93	88	85
70	37	70	40	70	49	68	58	66	63	66	69	69	72	75	77	79	80	82	87	81	95	73	96	65	106	63	103	62	95	67	61	97	94	180	142	193	143	212	259	313	385	399	446	440	517	574	754	796	850	887	921	1000	980	964	851	785	611	516	333	242	129	115	63	78	94	88	124	100	135	109	124	113	116	122	106	122	103	116	94	108	96	94	89	86
68	40	71	39	74	44	71	53	70	60	70	68	72	71	78	75	84	79	88	82	87	90	79	92	71	106	63	104	59	100	57	71	92	104	175	145	193	141	221	254	329	381	417	446	453	519	581	763	794	855	886	938	1000	991	948	851	770	619	509	342	244	140	119	56	89	88	98	122	102	137	104	128	107	125	117	112	120	105	116	94	106	91	96	88	87
72	38	72	40	73	50	69	58	69	64	67	71	71	73	76	77	81	82	84	88	82	95	73	97	66	107	64	104	64	98	69	65	100	97	181	142	191	137	210	261	317	389	404	452	445	522	581	762	801	857	894	926	999	975	956	841	776	606	518	336	249	133	120	63	82	94	90	125	99	135	109	123	111	118	122	106	122	103	116	93	105	95	93	88	85
63	45	68	42	73	44	74	51	72	57	74	65	73	69	80	73	85	76	91	77	92	84	86	84	79	99	69	100	63	102	47	84	82	118	164	157	185	138	213	235	330	360	419	429	459	507	582	761	796	864	886	949	989	1000	935	858	754	625	501	355	235	146	115	54	100	79	109	116	111	134	106	132	102	130	109	121	113	111	112	96	104	90	96	87	88
69	38	68	43	66	55	62	61	62	68	61	71	66	74	70	76	76	83	76	90	75	97	66	97	62	103	66	97	70	85	77	50	101	89	177	142	185	142	192	262	294	391	385	447	434	510	573	738	796	835	890	904	999	953	947	817	773	587	516	325	246	128	111	76	70	101	86	125	105	129	115	116	119	108	127	100	123	101	113	95	101	97	91	90	82
70	37	71	38	72	46	70	55	68	62	68	69	69	72	77	76	81	80	85	85	84	92	75	95	67	107	62	104	60	97	61	67	95	99	176	141	192	134	212	254	323	388	411	451	453	527	583	770	806	867	898	938	1000	982	951	846	775	615	516	338	245	134	119	60	85	92	94	126	102	138	108	128	109	122	121	110	122	105	117	94	107	93	96	88	88
70	37	71	38	72	46	70	55	68	62	68	69	69	72	77	76	81	80	85	85	84	92	75	95	67	107	62	104	60	97	61	67	95	99	176	141	192	134	212	254	323	388	411	451	453	527	583	770	806	867	898	938	1000	982	951	846	775	615	516	338	245	134	119	60	85	92	94	126	102	138	108	128	109	122	121	110	122	105	117	94	107	93	96	88	88
54	53	61	51	69	47	73	50	73	55	77	62	74	67	81	69	84	74	93	72	97	77	93	74	91	89	81	91	74	96	42	92	66	129	146	171	173	152	211	237	338	353	431	418	478	502	601	756	808	864	893	943	976	999	928	869	750	642	489	367	218	161	102	61	98	66	118	101	122	124	112	128	102	132	103	126	107	117	105	102	103	94	97	87	90
71	38	72	39	74	46	71	56	70	62	70	69	71	72	77	76	81	80	86	85	85	93	77	94	68	108	63	105	59	99	63	70	96	101	176	142	190	136	215	256	324	384	409	449	451	525	586	771	801	859	890	938	1000	982	947	842	770	616	517	340	245	135	120	58	85	91	95	125	101	136	105	128	108	121	120	110	121	104	115	92	106	94	95	88	86
65	44	69	42	74	44	74	52	74	57	73	65	74	70	80	73	84	77	91	78	92	85	85	85	79	101	69	102	62	102	47	82	83	116	164	152	183	135	217	243	339	371	426	436	465	519	593	772	806	874	894	950	991	1000	940	861	760	632	502	355	233	146	115	52	96	77	107	115	109	134	104	131	102	130	110	119	114	111	111	97	106	91	97	87	89
69	38	71	39	72	47	70	56	69	62	68	69	71	72	76	75	80	80	85	85	83	91	75	94	67	106	62	103	60	98	63	67	95	100	175	140	188	132	209	252	318	380	405	448	448	519	578	761	796	856	888	936	1000	979	943	839	767	608	516	339	243	131	116	59	83	92	92	123	100	135	106	126	108	120	119	109	120	103	115	94	106	94	95	88	85
63	48	68	45	73	44	75	51	74	56	75	64	74	69	81	72	85	75	92	75	94	82	88	82	83	97	72	99	64	102	45	88	79	122	160	161	181	138	214	238	338	361	426	429	467	508	584	762	794	856	878	947	989	1000	923	850	744	623	497	357	231	148	111	54	99	77	112	114	113	133	105	132	101	132	106	121	111	111	108	97	105	90	96	86	88
65	43	69	42	74	43	73	51	72	56	73	66	73	69	79	72	84	76	90	78	90	85	84	86	77	101	67	102	61	102	47	80	83	113	165	151	186	135	217	243	338	374	424	436	462	518	585	767	796	866	884	943	989	1000	943	863	764	626	503	351	237	143	116	53	96	84	106	118	109	137	106	132	103	130	111	119	116	110	112	96	108	94	97	87	90
66	41	70	41	74	44	73	54	72	58	73	67	73	70	80	74	83	77	89	80	90	88	83	89	75	104	66	102	61	102	51	77	84	107	167	148	191	140	218	245	334	377	421	443	461	523	585	767	801	873	894	945	994	999	951	869	779	636	514	354	239	141	116	54	93	85	102	119	106	137	104	132	104	129	113	116	117	109	114	96	107	93	96	87	89
71	39	72	41	74	47	73	56	72	61	70	69	72	72	78	76	83	80	88	84	86	92	77	94	70	107	63	104	60	99	58	68	94	101	175	144	197	141	219	255	330	385	414	449	455	527	581	767	800	862	891	938	1000	982	942	840	761	610	511	340	243	136	118	56	87	90	96	123	101	136	104	128	106	122	117	110	119	104	115	92	107	93	93	86	85
66	44	70	42	75	43	74	52	74	57	74	66	73	70	80	72	84	77	91	78	92	85	84	86	78	101	68	102	61	101	46	80	83	114	166	153	191	140	221	246	341	374	428	440	467	518	583	770	804	874	895	956	1000	999	934	852	752	621	496	345	232	140	113	51	97	83	108	118	109	136	104	132	102	130	111	119	115	110	113	96	106	91	96	86	88
70	36	71	40	73	47	69	56	69	63	67	69	70	72	76	75	80	80	84	85	82	94	75	96	66	106	62	104	60	97	63	64	94	94	176	142	194	137	211	254	320	388	405	450	446	518	571	759	798	859	892	933	1000	972	942	835	771	609	513	329	238	124	114	60	82	95	92	126	101	135	106	126	109	119	120	107	121	102	115	92	106	93	92	87	85
61	49	66	45	73	44	75	50	74	55	75	64	75	71	82	72	86	76	93	75	96	82	90	81	85	96	75	98	67	101	42	87	73	122	157	162	184	146	220	241	344	366	436	431	475	510	594	763	803	867	893	953	990	1000	928	858	750	634	490	356	224	150	109	54	101	75	114	110	115	131	106	131	101	131	104	122	110	114	107	98	104	90	96	85	88
66	41	69	40	73	43	73	52	72	58	72	66	72	70	79	74	83	77	89	79	90	87	83	88	74	102	66	103	60	102	51	78	87	111	170	151	191	138	218	245	332	373	421	441	461	520	584	766	798	867	891	949	999	999	943	855	764	628	506	347	231	135	112	51	93	82	102	118	105	136	104	131	103	127	112	116	118	109	114	95	108	93	97	87	89
64	43	69	42	73	43	73	51	72	56	73	65	73	68	79	72	83	76	90	77	90	84	84	85	78	100	69	100	61	101	46	80	81	113	164	152	186	139	219	242	336	369	427	436	462	512	584	764	795	862	885	942	987	1000	941	859	755	621	492	344	227	139	109	48	94	79	106	115	108	135	104	131	102	129	110	118	113	109	112	96	106	90	96	86	89
72	37	72	40	72	50	67	58	66	64	66	71	70	74	75	77	79	82	83	87	80	94	72	97	65	106	63	103	64	95	68	59	98	94	179	140	192	141	210	260	313	390	403	451	441	515	574	755	796	847	888	919	999	966	942	826	767	600	514	328	241	127	114	64	77	95	87	124	99	133	108	122	112	115	123	103	122	101	115	92	105	95	93	88	85
69	38	70	39	73	43	71	53	70	60	71	68	72	71	78	75	82	78	87	82	86	89	78	91	69	105	62	104	58	101	57	72	92	105	176	144	191	134	216	250	329	382	417	448	452	519	580	768	796	861	886	938	999	983	934	832	754	610	512	340	243	134	118	54	89	89	98	123	102	138	104	129	105	124	116	112	119	105	116	93	107	94	97	87	86
69	39	71	40	74	44	72	53	71	59	70	67	71	70	78	74	82	78	87	81	87	89	79	90	70	105	64	104	58	102	57	75	92	106	174	146	192	133	216	250	331	380	417	445	455	518	578	769	799	863	887	943	1000	988	934	833	753	606	507	339	241	131	117	55	92	91	100	124	105	138	105	131	106	126	117	114	119	107	116	94	106	92	95	87	87
71	39	72	41	75	46	71	56	72	62	71	70	73	72	78	75	82	80	88	84	87	93	78	95	70	107	65	106	61	102	60	72	95	104	176	145	194	136	214	256	332	390	415	448	453	525	582	769	806	875	899	941	1000	992	957	854	772	610	506	331	238	128	116	57	87	91	96	125	103	139	107	130	108	123	117	111	120	105	115	93	107	94	95	87	87
67	41	70	39	74	44	73	53	72	59	71	67	73	70	79	73	83	78	89	81	88	88	81	89	73	104	65	103	60	101	53	76	88	107	171	148	192	138	219	252	337	384	426	448	461	524	586	772	808	875	898	950	999	1000	953	859	764	617	499	338	234	136	114	52	90	85	99	121	105	137	105	131	105	127	115	115	119	108	115	96	107	91	96	87	89
68	40	70	40	74	45	72	53	71	60	70	68	72	71	78	75	83	79	87	82	87	90	79	92	72	105	65	104	61	101	58	74	92	106	173	145	192	139	220	255	332	381	420	449	458	524	583	769	803	866	890	943	1000	995	954	855	766	617	509	343	239	134	114	54	88	88	97	122	103	138	105	131	106	124	115	113	119	106	116	95	109	94	96	88	88
66	43	69	42	75	44	73	52	74	59	74	67	74	70	79	73	84	77	91	80	91	88	85	88	78	103	68	103	63	103	51	80	82	110	166	148	188	141	222	249	336	375	426	442	463	518	583	763	797	866	889	947	993	1000	947	865	769	633	504	351	234	142	113	53	94	83	103	116	106	136	104	131	103	129	111	117	115	108	113	96	106	91	96	87	88
36	66	38	69	40	70	50	67	55	68	64	66	67	74	70	75	74	84	76	84	85	84	86	72	96	68	100	60	105	52	84	68	75	127	133	184	138	185	167	285	297	384	404	425	471	475	612	703	821	802	906	881	1000	949	939	816	758	591	490	340	213	151	72	91	63	88	104	98	130	100	135	98	129	100	125	109	112	110	101	107	92	103	87	93	81
70	37	71	39	72	47	70	56	68	62	67	69	70	72	76	75	81	80	85	86	84	92	74	95	67	107	64	104	61	98	65	67	95	96	177	142	192	138	215	261	323	391	413	457	455	530	585	769	805	864	893	933	1000	979	955	848	774	612	516	337	241	129	114	59	80	93	91	125	100	137	107	126	111	120	122	109	123	103	116	93	108	95	95	87	86
67	47	63	54	59	64	54	67	56	72	57	73	65	77	68	80	73	87	72	93	72	98	66	96	69	97	78	86	84	69	87	42	98	94	168	153	168	161	180	285	287	401	385	448	442	500	589	719	806	811	897	879	1000	936	948	806	768	573	503	323	235	134	94	84	55	98	88	115	114	113	125	102	125	98	128	99	117	103	107	99	93	101	85	90	78
66	43	69	41	74	44	74	52	73	57	72	66	73	69	80	73	84	76	91	80	91	85	84	88	77	102	67	102	60	102	51	80	85	112	169	151	189	138	221	247	338	376	429	445	465	518	585	769	804	874	899	953	999	1000	943	861	764	629	502	353	236	142	112	51	93	81	103	118	106	137	105	132	103	129	112	117	116	110	114	96	108	92	97	87	89
69	36	70	39	72	47	69	56	68	62	68	70	70	72	75	76	81	80	85	85	82	92	74	95	67	106	62	103	61	98	64	66	96	98	177	142	192	139	214	257	321	384	409	449	447	517	576	760	798	858	892	932	999	978	944	837	768	608	510	336	242	131	114	58	82	92	92	124	99	135	106	126	109	120	120	108	121	103	115	92	106	93	93	87	85
69	41	72	41	74	44	72	54	72	60	71	68	73	71	79	75	83	78	88	82	89	90	81	91	72	104	65	104	60	102	57	76	92	107	175	148	192	138	221	252	333	382	423	447	457	521	582	767	799	864	890	944	1000	990	938	842	757	613	503	341	237	136	114	53	89	86	98	120	102	136	104	130	104	124	114	113	118	105	114	94	105	91	95	87	87
71	38	69	43	68	54	63	60	63	67	62	72	68	73	72	79	78	83	78	90	76	97	67	98	61	104	65	97	70	87	78	52	101	89	178	141	187	146	200	269	302	398	393	454	443	521	583	749	806	844	900	909	1000	951	946	815	769	584	512	321	242	126	109	73	69	101	86	124	102	129	116	117	119	109	127	102	122	102	115	96	102	96	90	90	82
69	38	68	44	66	55	62	62	61	67	62	71	66	74	70	79	76	84	76	90	74	97	67	97	63	103	67	96	70	83	78	50	102	88	175	140	181	146	195	273	301	399	390	453	442	521	588	749	810	840	900	900	1000	956	965	831	783	591	515	324	245	129	108	75	67	102	85	124	105	128	118	117	122	108	130	103	124	103	115	97	102	99	91	92	83
71	41	72	42	75	47	73	57	72	61	70	70	72	72	79	77	83	80	89	85	88	92	80	94	71	107	66	105	60	101	61	72	93	104	175	141	189	136	219	258	332	388	416	447	457	533	592	772	810	873	899	941	999	1000	974	875	789	632	519	350	248	143	119	55	87	89	96	122	102	138	106	130	107	125	117	112	121	107	115	94	108	95	97	89	89
67	45	62	52	59	63	55	67	57	73	57	73	65	77	67	80	73	87	72	93	71	98	66	95	68	97	76	87	83	71	87	43	100	93	170	151	169	159	182	283	288	401	386	448	442	503	594	729	812	821	902	884	1000	942	956	820	783	592	515	329	241	140	100	84	56	99	86	115	111	114	125	104	127	99	130	100	120	103	110	101	95	101	87	92	81
71	39	68	46	66	56	62	63	62	70	62	73	66	75	71	80	76	85	77	92	74	98	66	98	62	103	68	95	72	83	82	49	103	90	179	142	181	146	195	278	298	398	389	453	441	512	583	742	802	827	890	896	1000	942	943	808	771	588	519	324	245	130	110	78	65	100	83	123	103	125	117	113	121	105	128	100	123	101	112	97	100	97	88	89	81
57	58	53	64	47	71	48	72	52	76	57	73	65	79	68	81	73	89	70	93	75	94	73	87	82	82	92	71	99	54	93	56	93	114	158	176	150	171	160	290	286	397	391	437	459	479	607	714	824	803	906	877	1000	930	923	795	754	585	502	339	221	152	80	99	65	93	103	101	131	100	135	98	129	100	125	109	111	112	100	107	85	100	83	91	79
71	36	71	40	71	49	68	57	67	63	66	70	69	73	75	77	79	81	83	87	81	95	73	96	63	106	63	103	63	96	70	63	99	94	180	143	193	135	205	258	313	389	401	454	445	519	574	760	798	851	887	924	1000	962	930	813	757	590	509	325	243	124	116	68	82	100	90	128	101	135	109	124	113	117	123	105	123	101	115	93	106	95	93	88	85
68	40	71	40	74	45	73	52	71	60	72	67	73	70	79	74	83	78	89	82	88	89	81	91	73	105	66	105	61	102	56	78	91	106	173	147	193	138	219	252	338	388	426	452	466	531	590	776	809	879	901	946	998	1000	959	871	783	629	512	346	243	139	120	56	92	88	100	122	106	140	107	133	108	128	118	116	122	109	117	96	110	96	98	89	90
72	38	71	42	69	54	66	61	65	68	64	72	69	75	73	79	79	84	80	91	79	98	70	99	64	106	65	102	68	89	75	55	101	90	179	142	192	147	206	268	310	401	401	455	443	521	583	753	805	850	904	913	1000	960	961	840	791	605	518	330	251	135	117	71	73	98	86	125	101	132	113	119	116	112	127	103	123	102	116	95	102	96	93	90	84
69	40	66	47	63	59	58	63	58	70	59	72	65	75	69	79	75	85	74	92	73	98	66	97	63	102	71	94	77	78	83	46	103	90	175	148	182	156	193	278	298	404	389	452	441	514	587	738	806	831	900	889	1000	946	956	820	788	594	520	327	244	132	105	78	62	100	85	122	107	123	121	110	123	104	130	101	123	102	113	98	99	100	90	91	82
70	37	72	40	73	47	70	56	69	63	68	70	71	73	77	76	80	80	84	85	83	94	75	95	67	107	63	104	60	98	63	66	95	96	176	140	194	141	215	257	325	396	414	452	453	527	584	763	801	861	897	927	1000	978	950	843	780	617	517	340	247	135	119	61	85	94	93	125	100	136	106	127	110	121	121	110	123	104	116	94	109	95	95	89	86
71	38	72	41	73	48	71	58	70	64	69	70	72	73	77	77	82	82	86	87	85	95	76	95	68	108	64	105	62	99	65	67	96	95	177	142	196	143	219	260	327	396	415	454	456	529	580	758	798	864	902	930	1000	979	954	845	785	623	520	342	248	136	119	61	84	93	92	123	99	136	107	126	110	121	120	108	121	104	116	92	104	93	93	88	86
72	38	70	43	70	52	66	60	65	67	65	73	69	74	73	78	79	83	81	90	79	97	70	98	64	107	64	101	67	92	75	56	102	92	181	142	192	148	210	273	317	406	406	456	446	527	585	756	810	859	906	914	1000	967	963	836	787	609	522	332	245	131	114	68	72	97	86	124	101	131	112	120	116	112	126	104	124	102	115	94	105	98	93	90	85
70	39	72	40	75	47	73	56	72	62	72	70	73	73	79	76	83	81	88	84	87	93	80	94	71	108	65	105	60	102	61	72	93	104	179	148	196	142	223	260	338	397	429	455	462	531	592	776	813	879	907	942	1000	991	956	856	780	630	516	345	242	140	117	55	87	89	96	123	102	138	106	130	107	124	119	112	120	107	117	95	109	96	97	88	88
72	40	73	42	75	46	73	57	72	61	70	71	73	73	79	77	83	81	88	85	86	93	79	95	70	108	64	105	60	102	62	70	93	102	182	148	196	140	220	257	331	391	425	455	458	524	584	771	807	872	903	942	999	979	938	839	773	627	519	342	244	136	119	59	90	92	96	123	100	136	105	129	108	123	119	112	121	104	116	93	108	94	96	87	86
71	39	70	46	67	55	63	62	63	69	62	72	68	76	72	79	77	84	78	92	76	98	68	98	64	105	68	98	72	87	79	52	101	90	179	145	187	148	198	265	297	396	392	452	438	514	577	738	798	840	900	903	999	950	943	814	777	594	516	324	245	131	113	78	73	101	86	124	103	128	116	116	120	108	127	101	122	101	114	96	100	95	89	89	81
70	36	69	42	68	52	64	59	64	66	63	71	68	74	72	78	78	83	80	90	77	96	69	97	64	105	65	100	68	90	76	55	101	92	182	145	191	147	206	266	306	397	400	455	444	521	581	749	802	848	899	909	1000	961	952	828	785	601	514	323	242	130	114	72	74	100	85	124	102	131	114	119	118	112	126	104	124	102	115	97	104	97	92	90	84
65	42	69	41	73	44	73	52	72	58	73	66	72	70	78	73	83	77	90	80	90	87	83	89	75	103	67	103	61	102	52	78	85	110	171	152	191	142	224	249	340	382	430	444	464	526	594	771	805	873	895	936	990	1000	954	870	778	638	507	353	240	148	118	54	94	82	103	119	107	138	105	133	105	130	113	118	118	110	113	96	110	94	98	88	90
70	41	72	42	75	48	73	56	72	62	72	70	73	73	78	77	84	81	88	85	87	92	79	94	71	107	65	105	61	102	61	72	93	103	176	146	194	142	220	256	331	389	422	453	460	530	593	773	809	871	900	935	1000	994	958	855	780	630	518	348	248	143	120	58	89	90	97	122	102	137	106	129	108	125	118	112	121	106	116	95	108	94	95	88	87
70	38	69	44	67	55	63	62	62	67	62	72	67	74	71	78	76	84	77	90	75	97	67	97	63	104	67	97	70	87	79	51	101	89	178	143	185	147	200	271	302	398	394	454	442	516	578	738	795	829	888	896	1000	952	945	813	776	598	521	329	248	133	112	73	68	99	85	123	102	128	116	115	118	108	127	101	123	101	114	95	99	97	90	90	82
72	37	71	41	71	50	67	58	66	66	65	71	69	74	74	77	79	83	81	88	79	96	70	97	63	106	63	101	64	93	73	60	100	93	180	143	191	142	208	264	314	396	403	454	447	523	579	754	800	849	894	917	1000	963	939	815	767	601	516	328	243	130	114	67	76	98	87	125	100	133	111	121	114	114	125	104	123	101	115	93	104	96	92	89	84
70	38	68	45	66	55	63	62	62	68	62	72	67	74	71	79	76	84	77	90	75	97	67	98	63	105	68	98	70	85	79	52	102	91	178	143	184	148	199	271	298	395	390	451	441	517	582	742	799	832	893	902	1000	951	946	812	771	591	517	324	244	131	110	75	67	102	86	124	103	127	116	114	119	108	128	101	122	102	114	96	100	97	90	89	82
70	39	68	45	65	56	61	63	61	69	61	72	66	76	70	79	76	85	76	92	74	98	67	98	62	104	69	96	71	83	82	52	104	91	179	145	182	147	194	271	293	395	389	452	441	515	584	743	803	835	896	901	1000	947	939	804	771	590	518	324	244	131	109	78	68	101	86	123	104	125	117	114	121	106	128	101	123	100	114	96	101	98	90	90	81
71	38	69	45	68	56	63	63	62	69	62	73	67	75	72	79	77	84	78	92	76	97	68	98	64	104	67	98	71	86	80	53	101	91	179	144	185	149	197	266	294	395	392	456	441	513	576	740	800	838	898	904	1000	950	940	809	772	593	516	325	243	131	111	76	70	100	85	122	102	126	115	114	118	107	126	100	122	100	113	94	101	94	88	88	81
57	44	72	47	58	72	49	71	65	57	76	66	74	75	69	83	75	88	86	76	99	78	86	100	66	94	91	67	112	73	50	95	81	102	182	144	183	189	164	273	329	375	429	432	452	546	604	726	831	853	937	939	996	999	969	830	819	593	538	358	223	168	87	59	99	99	87	126	117	105	136	115	113	130	107	114	126	104	111	107	92	101	97	89	88
127	115	102	105	104	107	92	75	64	67	73	52	33	36	44	46	41	38	68	90	99	81	100	123	123	144	159	142	135	162	202	207	150	145	205	211	167	213	140	141	357	188	253	305	171	497	167	444	483	341	561	426	809	1000	701	907	722	705	687	430	460	111	310	269	55	202	140	116	160	113	92	123	107	112	104	73	74	79	75	69	47	36	30	42	26
51	56	61	52	69	45	73	48	74	54	75	62	76	68	81	70	85	74	92	76	91	84	83	87	73	102	64	103	59	101	57	70	90	101	178	144	190	137	208	254	312	392	405	455	442	516	577	748	798	845	897	905	999	943	933	807	779	598	525	327	246	131	108	82	66	103	85	120	109	119	122	107	126	100	129	102	119	106	107	103	92	101	87	91	80
46	64	44	70	41	72	47	71	51	73	59	71	65	77	67	79	72	87	73	91	77	91	77	82	85	79	93	67	100	51	91	54	91	113	154	175	154	179	167	286	287	400	392	437	455	489	605	716	824	809	910	875	999	934	935	795	768	583	500	321	224	141	88	91	57	98	91	110	118	111	129	100	127	98	129	101	119	104	107	101	93	98	86	90	80
46	64	44	70	41	72	47	71	51	73	59	71	65	77	67	79	72	87	73	91	77	91	77	82	85	79	93	67	100	51	91	54	91	113	154	175	154	179	167	286	287	400	392	437	455	489	605	716	824	809	910	875	999	934	935	795	768	583	500	321	224	141	88	91	57	98	91	110	118	111	129	100	127	98	129	101	119	104	107	101	93	98	86	90	80
62	51	58	59	52	68	50	69	52	74	57	73	63	77	67	81	73	89	71	94	74	98	70	91	76	90	86	79	95	62	93	48	99	105	164	168	161	172	170	284	282	399	384	440	452	494	602	717	820	810	907	875	1000	930	931	793	768	585	503	325	221	142	86	94	60	96	94	107	122	106	130	98	128	98	127	103	115	107	103	105	90	100	84	89	79
69	38	71	40	74	46	72	55	70	60	69	68	72	72	78	76	82	79	86	84	86	92	77	94	70	106	63	104	61	100	61	71	93	101	175	145	193	139	216	251	324	386	415	451	458	529	585	768	803	867	897	940	1000	986	941	841	773	623	511	338	239	135	116	58	87	91	95	123	101	137	105	128	106	123	118	111	120	105	115	95	106	92	95	88	87
36	69	43	67	51	63	62	61	65	61	72	62	71	71	77	72	81	80	86	76	95	76	95	63	102	65	100	65	100	70	68	87	58	140	126	194	140	181	181	265	319	368	430	414	492	477	629	726	835	831	919	916	1000	983	928	840	757	630	484	363	204	169	72	89	83	74	119	86	138	100	132	106	121	115	113	123	104	121	96	113	90	101	90	92	85
71	37	71	40	72	49	69	58	68	65	67	70	70	73	75	76	80	82	84	87	82	94	74	97	66	107	63	101	62	96	70	63	99	97	178	139	190	140	209	256	310	387	403	451	442	520	578	754	797	852	892	925	1000	972	941	828	771	607	511	331	242	133	116	62	79	92	87	122	97	132	106	122	110	117	122	105	121	101	115	93	103	93	92	87	83
71	36	71	41	70	50	66	59	66	65	64	71	68	73	73	77	78	81	80	87	78	95	69	96	61	104	61	100	62	92	72	57	100	92	181	141	189	137	202	258	305	389	395	450	436	510	568	746	791	841	888	916	1000	954	924	802	755	586	509	320	240	124	111	68	76	97	85	124	98	131	108	120	113	111	123	102	121	99	113	92	101	92	90	87	82
70	39	68	46	67	56	61	63	61	69	60	72	67	75	71	79	76	84	76	91	75	98	67	99	63	103	68	97	72	83	78	49	100	87	177	143	184	150	194	267	294	395	384	445	428	503	568	731	793	831	896	900	1000	948	940	808	772	581	509	314	236	123	105	77	67	101	84	123	103	126	116	113	118	105	126	99	120	100	110	93	97	95	87	87	80
50	58	58	54	66	49	72	52	72	54	76	61	75	67	81	69	85	74	93	70	98	74	95	69	95	83	86	86	81	92	41	91	58	134	140	178	165	161	210	241	343	359	440	411	477	484	601	743	809	854	897	938	982	1000	915	859	745	640	477	365	208	165	92	65	97	62	119	93	126	116	114	123	105	129	101	126	102	119	100	105	97	94	94	86	88
61	51	56	59	50	67	49	69	50	73	56	73	62	77	66	81	71	88	69	93	71	96	68	90	75	88	84	76	93	57	90	47	95	105	163	169	160	172	168	286	282	398	382	438	447	478	590	704	809	794	897	869	1000	919	908	769	746	570	496	321	220	139	82	92	58	95	96	106	122	102	130	96	127	96	125	103	114	107	101	105	88	100	83	89	77
70	41	72	41	75	44	73	54	73	60	72	68	73	71	79	75	83	78	89	82	89	90	81	91	73	106	65	105	60	103	56	77	92	110	177	150	194	135	218	251	340	383	421	444	457	523	584	776	808	871	892	946	1000	993	934	837	751	609	497	334	234	134	115	51	89	85	99	120	103	137	103	130	103	125	114	113	117	106	113	92	107	91	95	85	86
34	68	43	67	49	63	62	60	65	60	72	61	74	69	78	71	83	78	89	73	98	73	98	62	101	70	96	75	92	81	53	93	52	140	131	190	157	170	202	251	343	359	440	409	483	477	603	739	814	851	901	946	989	1000	911	851	737	629	470	358	206	158	93	61	100	64	118	98	123	122	112	128	101	131	101	125	104	117	104	102	102	92	96	85	88
68	41	70	40	74	44	73	52	72	58	72	67	73	70	79	74	83	77	89	80	90	88	82	90	74	103	65	104	59	101	52	75	86	107	173	150	196	142	222	248	336	378	419	440	454	515	576	765	800	869	897	952	1000	990	928	843	758	615	495	335	228	132	112	53	92	86	99	119	103	136	103	130	103	126	113	115	118	106	113	93	106	91	94	86	87
66	42	70	40	74	43	74	53	73	58	73	67	74	71	80	74	85	78	90	79	92	89	85	89	77	105	66	104	60	102	50	79	85	111	172	153	196	144	224	245	339	376	426	441	463	519	585	771	807	874	900	955	1000	997	934	851	760	622	495	341	229	137	113	53	95	85	104	119	105	136	102	131	102	128	111	116	115	107	113	94	107	91	96	86	88
70	36	70	41	69	50	65	59	64	65	64	71	68	73	72	76	78	81	80	88	78	95	69	97	62	105	63	101	65	90	72	55	101	92	180	141	191	144	206	261	307	388	391	444	435	518	576	746	797	844	893	911	1000	965	954	831	775	594	506	322	237	125	110	65	72	96	85	123	97	130	110	120	114	112	124	102	121	100	115	93	103	94	90	88	83
72	36	71	40	71	48	68	57	67	63	66	69	70	72	74	76	80	81	83	86	81	94	73	95	64	106	61	101	60	94	66	60	97	95	182	144	196	144	213	258	316	388	403	448	440	515	576	758	800	851	895	924	1000	966	937	823	761	598	507	325	238	128	114	60	78	92	87	123	97	133	106	122	110	115	121	105	121	100	115	92	105	93	92	88	84
68	43	71	42	75	43	74	52	73	57	74	67	74	70	81	73	85	78	91	79	92	87	85	88	77	103	67	103	61	104	52	80	87	115	174	154	191	140	223	245	336	369	425	440	462	515	585	772	804	870	894	949	999	1000	931	846	751	622	498	345	231	140	113	51	95	80	104	116	106	136	103	132	102	128	110	116	114	108	112	94	108	91	95	85	87
70	37	71	41	71	49	67	58	66	65	66	71	69	73	74	76	78	81	82	88	80	96	72	97	65	107	63	102	64	94	70	59	99	93	180	140	190	139	207	258	309	386	397	446	435	509	571	750	795	850	893	919	1000	967	940	820	764	596	510	324	239	126	112	65	77	95	87	124	98	133	108	121	111	114	123	103	121	100	115	91	102	93	90	87	84
68	42	70	41	76	44	73	53	72	59	73	68	74	70	80	75	84	78	90	80	90	88	83	90	74	104	66	104	60	103	54	77	88	111	175	150	193	139	221	247	336	378	425	441	455	512	583	768	800	866	890	945	1000	996	931	842	755	622	509	347	237	140	117	55	94	84	101	117	104	136	103	131	104	127	113	115	118	107	113	94	108	91	96	87	87
70	41	68	47	64	59	61	64	59	69	60	73	66	76	70	79	75	86	75	91	73	99	66	97	63	102	69	94	75	81	83	48	104	91	176	142	179	148	188	271	292	393	382	445	432	503	578	731	798	819	885	887	1000	940	931	789	754	573	513	322	244	131	108	79	64	101	84	122	105	123	118	110	120	103	128	99	121	100	111	96	94	96	86	88	79
66	46	63	53	57	63	55	67	55	73	57	73	63	76	67	80	73	87	72	93	70	98	66	95	68	96	77	86	83	69	89	44	102	95	175	155	172	158	176	277	280	395	378	442	436	493	584	720	808	813	898	879	1000	931	929	785	758	570	507	319	234	135	96	88	59	101	88	116	114	114	126	103	126	98	129	100	120	104	107	99	91	98	85	88	77
69	38	71	39	72	46	69	55	68	62	69	69	71	71	76	75	81	80	85	84	84	92	76	94	66	106	63	104	60	98	62	69	95	100	178	142	192	134	209	250	320	385	409	448	449	522	581	764	801	861	893	934	1000	977	936	834	765	610	511	337	245	136	118	60	85	91	92	123	99	135	105	126	108	120	120	109	121	104	117	94	106	94	94	88	86
69	42	66	50	63	60	58	66	59	71	60	74	66	76	69	79	75	86	75	93	73	98	67	98	65	100	71	91	78	76	85	45	102	92	176	148	178	151	181	268	283	392	381	446	435	500	581	727	804	821	896	890	999	932	929	799	775	593	520	329	248	140	110	86	64	101	84	119	106	120	120	108	122	102	129	99	120	101	111	98	97	99	86	89	79
56	52	62	47	70	45	73	49	74	54	77	62	75	68	81	70	86	74	93	72	97	78	93	76	88	91	79	94	72	100	43	92	68	130	152	168	174	146	207	233	336	352	431	420	476	499	594	754	802	859	891	952	991	1000	911	847	741	638	485	359	217	156	106	60	104	70	118	104	120	127	109	130	102	132	103	125	107	116	105	101	102	91	95	85	88
66	42	63	50	59	60	55	65	56	70	58	72	64	75	67	79	72	85	72	93	72	97	66	95	67	98	74	89	82	74	86	44	100	91	170	150	173	156	178	270	280	391	377	440	433	496	582	718	802	817	897	886	1000	941	944	808	780	592	512	318	233	133	101	85	60	100	85	116	110	117	123	106	124	101	128	99	119	103	109	100	93	99	86	90	79
63	49	60	57	55	67	52	69	54	73	57	74	64	76	67	81	73	87	71	94	72	97	68	93	73	92	81	81	90	64	91	46	98	100	166	160	164	166	171	279	279	394	382	439	442	486	592	709	807	799	892	871	1000	931	930	794	767	586	508	327	232	144	92	92	57	97	91	109	118	108	128	99	127	98	127	102	115	106	104	102	89	100	84	90	78
70	36	70	42	68	52	64	60	64	66	63	71	67	73	71	77	78	82	78	89	76	96	68	96	61	105	64	98	66	89	77	54	101	90	180	139	183	138	197	261	296	382	382	444	432	507	572	740	788	824	878	900	1000	953	931	803	760	585	515	323	247	130	116	74	73	99	86	125	100	129	112	117	116	110	126	101	122	99	114	92	100	95	90	88	82
65	45	61	53	57	62	53	66	54	72	57	72	62	75	67	79	72	86	71	93	71	96	65	94	69	94	77	85	85	68	88	43	99	93	168	153	166	157	172	273	277	386	368	432	431	487	582	708	796	802	887	873	1000	940	940	796	765	573	503	319	235	137	95	88	59	99	89	114	115	114	126	104	126	99	127	101	118	103	107	101	91	99	85	89	79
64	49	60	57	55	65	52	68	54	73	58	73	64	77	68	81	73	87	71	94	73	97	69	94	74	93	82	83	90	66	90	47	100	99	165	159	165	163	171	279	282	390	376	432	435	484	587	710	807	802	888	871	1000	949	957	816	777	583	508	328	231	143	93	91	59	97	92	111	119	111	130	102	127	99	128	102	116	106	105	102	91	100	85	90	78
68	43	64	50	61	61	57	65	58	71	58	72	64	75	68	79	74	85	72	93	72	97	65	96	65	98	72	90	79	74	83	44	101	90	171	146	175	152	181	273	286	391	376	439	429	489	573	717	794	803	877	877	1000	939	936	798	767	579	513	323	241	136	104	84	62	101	86	120	110	119	122	108	124	101	128	99	119	102	109	99	94	97	86	91	80
66	40	69	41	73	43	73	52	71	56	73	65	72	68	80	72	84	74	90	74	93	82	88	79	83	94	73	96	68	99	42	88	70	124	151	165	176	146	210	236	339	351	425	408	466	485	587	745	798	849	882	935	978	1000	916	855	738	633	477	363	212	165	95	69	101	67	124	95	132	117	119	122	110	129	104	127	101	119	98	106	96	95	92	87	87
68	42	66	49	62	60	57	65	58	70	59	72	65	76	69	79	74	86	73	91	73	98	66	97	65	99	71	91	79	74	83	44	102	91	172	147	177	154	182	271	286	393	377	440	428	491	570	718	796	813	890	885	1000	935	932	794	761	575	504	314	236	132	102	83	62	100	86	119	108	118	121	106	122	99	127	97	118	99	109	97	95	97	85	89	78
62	47	67	45	73	43	74	51	74	55	74	63	74	68	81	71	85	75	92	75	95	82	88	82	83	97	72	100	65	100	43	85	76	118	160	159	185	141	215	236	340	363	428	428	465	500	580	757	798	864	886	948	989	1000	925	858	759	641	496	356	229	155	114	57	100	74	111	110	112	131	106	132	102	132	107	121	112	113	110	98	106	91	98	85	89
60	49	66	45	72	43	75	50	75	56	76	63	75	69	82	71	85	75	93	75	95	81	91	81	85	97	74	98	67	102	44	88	74	123	159	163	184	144	216	236	340	360	433	428	470	498	580	751	796	860	886	951	993	1000	913	845	747	637	494	358	226	154	112	59	103	74	114	109	116	130	106	131	101	132	106	123	110	113	107	97	105	91	96	86	88
65	43	70	41	74	43	73	52	72	58	74	66	73	70	80	74	84	77	91	80	92	87	84	89	77	103	68	104	63	104	52	81	82	108	167	152	192	139	216	238	331	372	421	437	457	507	570	752	791	862	885	943	996	1000	933	851	765	633	506	350	236	144	117	56	97	83	105	116	106	135	105	131	103	128	111	117	116	108	112	95	107	89	96	86	88
68	38	70	38	72	44	71	54	69	60	70	68	70	70	78	75	82	79	86	81	86	89	77	92	70	105	62	104	59	100	57	69	90	100	174	144	193	137	216	248	328	381	414	442	448	511	570	756	794	856	883	931	1000	990	940	843	770	621	511	343	244	139	120	57	90	89	98	123	102	137	104	130	107	125	117	112	120	107	115	93	105	93	95	88	87
60	47	65	44	72	43	73	51	73	55	74	64	73	67	79	71	84	75	91	74	93	81	88	81	82	96	73	96	65	100	45	85	77	121	157	156	179	140	214	234	331	352	419	418	455	493	576	741	781	842	865	928	980	999	922	846	742	627	495	360	230	153	110	55	98	73	110	107	112	129	106	129	100	129	105	119	109	111	106	97	106	91	95	85	87
60	47	65	44	72	43	73	51	73	55	74	64	73	67	79	71	84	75	91	74	93	81	88	81	82	96	73	96	65	100	45	85	77	121	157	156	179	140	214	234	331	352	419	418	455	493	576	741	781	842	865	928	980	999	922	846	742	627	495	360	230	153	110	55	98	73	110	107	112	129	106	129	100	129	105	119	109	111	106	97	106	91	95	85	87
67	44	64	51	60	61	56	66	57	71	58	73	64	75	68	80	73	87	73	93	71	98	67	96	67	98	75	90	81	73	88	46	102	93	174	150	171	151	179	276	285	391	378	440	431	490	578	716	797	804	881	875	1000	943	944	799	764	577	512	321	235	133	99	83	59	98	86	118	111	117	124	105	124	99	127	100	119	101	108	99	93	99	85	90	78
65	43	67	41	72	43	72	51	71	56	72	65	71	68	78	72	82	75	89	77	90	84	84	85	77	99	68	99	60	100	48	81	83	114	165	151	182	135	216	241	332	362	416	423	447	500	572	751	784	845	867	932	985	999	936	849	745	614	487	342	228	142	111	50	92	77	104	114	108	133	104	130	101	127	108	117	113	108	111	96	106	90	95	85	87
55	51	61	47	68	44	72	50	74	54	75	61	74	66	80	69	84	74	91	71	96	77	91	74	88	89	78	92	71	96	40	89	67	127	149	168	172	148	211	235	336	350	427	410	462	486	586	743	792	842	874	934	980	1000	917	852	736	629	477	358	218	160	102	59	98	67	115	101	119	125	110	127	101	129	101	124	106	114	104	99	100	92	95	85	88
47	61	55	58	64	53	71	53	73	56	77	61	75	68	81	71	86	76	92	71	99	74	97	67	98	78	90	82	85	88	47	95	59	142	140	188	161	165	201	243	336	350	436	407	481	474	604	737	813	841	892	938	993	999	911	847	733	632	471	363	207	170	92	75	99	65	123	89	132	113	121	120	109	128	103	126	102	119	97	105	99	96	94	86	87
70	37	70	41	70	50	65	59	65	65	64	70	68	72	72	77	79	82	80	87	78	95	70	96	63	104	64	100	64	89	72	59	100	91	178	139	187	137	198	256	302	384	390	442	433	506	565	738	786	832	879	909	1000	963	939	814	763	589	503	318	238	124	111	67	75	98	86	123	100	131	110	120	114	111	123	102	120	100	113	91	100	94	89	87	82
70	37	69	42	70	51	66	58	66	65	64	70	68	73	73	76	78	81	81	88	79	94	70	97	64	106	64	101	64	91	70	57	97	89	177	140	188	139	202	255	306	387	394	445	436	511	571	744	791	844	890	912	1000	970	952	833	779	603	511	325	242	128	115	67	78	98	88	124	101	133	110	122	114	113	123	104	122	101	114	93	103	96	92	89	84
36	68	41	70	48	66	59	65	63	65	71	66	71	73	75	74	79	82	84	80	92	78	94	67	101	68	102	63	103	64	74	79	62	136	127	192	139	184	173	265	309	370	418	412	477	461	611	702	818	810	904	894	1000	975	938	844	770	627	490	358	212	171	77	95	76	80	114	89	135	97	134	102	126	110	117	116	106	116	96	108	87	101	88	91	82
68	36	68	41	67	51	64	58	63	65	63	69	67	72	71	76	76	80	78	87	76	94	69	96	63	104	63	99	64	89	73	54	97	88	175	136	184	141	200	258	301	388	391	446	434	506	563	731	780	827	877	901	1000	958	935	807	762	591	508	320	241	126	111	67	73	98	85	123	99	129	110	118	114	111	123	102	121	99	113	93	102	94	90	89	83
67	41	71	41	74	44	73	53	73	59	72	68	73	71	78	73	83	77	89	81	89	88	82	89	73	103	65	102	60	102	53	74	86	104	171	147	192	138	217	242	331	379	422	441	454	512	578	760	795	866	892	943	999	997	938	847	765	628	504	342	234	137	115	53	93	85	101	118	104	137	104	130	104	127	113	115	117	108	113	93	105	90	95	86	87
60	48	65	46	72	44	73	51	74	56	75	64	74	68	80	72	84	75	91	75	94	81	89	80	84	95	73	96	66	100	44	86	74	121	156	159	180	144	215	234	336	357	426	418	460	494	582	747	788	846	870	929	981	1000	924	853	747	636	492	356	223	153	109	55	97	69	110	105	113	127	105	128	100	129	103	120	108	112	106	97	102	90	95	84	88
54	55	61	52	68	47	72	50	72	54	76	62	75	67	81	69	85	75	92	71	97	75	93	72	91	86	81	89	73	94	40	91	64	132	143	168	165	150	209	235	336	348	429	409	470	484	590	736	789	834	870	927	981	1000	914	850	738	640	486	368	221	165	104	65	101	66	119	97	123	122	112	125	102	130	102	125	104	117	102	102	100	91	95	85	88
61	47	66	45	71	43	73	49	72	55	74	63	73	67	79	71	84	74	90	75	93	81	88	81	82	96	71	97	64	99	44	86	77	120	160	159	179	137	213	235	334	354	419	417	456	496	578	753	788	849	868	929	981	1000	923	842	734	620	487	349	226	145	111	53	99	75	111	111	113	132	105	131	101	130	105	120	110	112	108	95	105	92	95	85	87
47	69	40	72	42	71	59	62	68	60	77	60	77	67	82	69	85	76	90	81	86	95	73	98	63	107	71	91	86	68	95	46	95	117	154	188	143	189	166	275	310	373	425	406	476	476	598	741	805	859	885	940	1000	994	936	828	768	592	515	317	250	117	106	86	63	105	90	116	129	109	133	105	127	113	111	123	104	118	97	105	100	91	96	84	88
61	46	66	44	71	42	72	49	72	55	73	63	73	67	78	69	83	74	90	75	92	82	87	82	81	96	71	98	64	99	43	81	75	114	158	156	183	141	214	235	333	359	417	419	453	496	572	747	787	857	878	936	982	999	931	858	752	628	489	347	222	143	108	53	97	77	109	111	111	132	105	131	102	129	107	119	111	111	108	96	104	91	96	85	87
67	41	70	41	73	44	72	54	71	58	72	68	72	69	78	74	82	77	88	81	87	88	81	90	73	103	65	102	60	100	53	71	86	104	170	144	189	138	216	246	330	378	416	438	449	511	574	757	796	862	888	937	1000	999	951	860	772	626	506	343	239	141	117	53	89	84	99	118	103	137	104	130	105	125	114	113	118	107	114	94	108	93	95	87	87
62	45	67	44	72	43	73	51	73	56	73	64	74	70	80	72	84	76	91	76	92	83	87	85	80	98	71	99	63	100	46	83	78	116	161	152	181	139	216	238	332	357	418	425	456	500	578	751	788	851	871	929	979	1000	936	858	753	632	500	357	231	149	111	53	95	75	106	110	108	132	104	129	101	128	107	118	111	109	108	95	103	90	94	85	87
37	68	38	71	41	70	52	67	56	68	64	67	68	74	71	76	75	84	77	83	85	83	87	72	95	68	99	60	103	52	81	69	73	128	135	183	135	180	163	278	293	378	398	419	463	460	604	692	810	789	895	876	1000	947	924	804	751	599	500	347	219	158	77	96	67	90	104	98	130	99	134	98	129	101	123	108	111	110	100	108	90	102	86	91	80
52	55	59	52	68	48	72	51	73	54	76	61	74	68	81	70	84	74	92	71	96	75	94	71	92	85	83	88	75	94	42	94	63	133	143	174	165	151	203	235	334	344	427	410	471	480	590	737	795	843	878	935	984	1000	909	844	727	630	484	367	216	160	100	64	102	67	120	98	125	121	113	126	104	130	100	125	103	116	102	103	102	94	94	85	88
66	44	69	42	74	43	73	51	73	57	73	66	74	70	80	72	84	77	90	79	92	85	84	86	76	101	67	102	60	102	50	82	85	115	169	156	188	134	209	234	328	362	416	433	456	504	573	756	791	862	880	948	999	996	917	835	741	618	500	345	234	138	117	58	101	84	107	117	107	136	104	132	103	130	110	117	115	109	112	94	105	88	95	85	88
66	41	70	42	73	44	72	52	71	59	72	66	73	70	79	72	83	77	89	81	90	88	82	88	74	102	66	102	60	101	52	80	87	110	169	149	186	130	207	237	326	366	413	435	454	510	573	753	789	856	878	942	998	1000	936	845	752	616	500	343	237	137	118	55	95	84	103	118	106	136	105	132	104	127	111	114	116	107	112	94	104	90	94	86	87
44	66	42	70	41	73	50	70	55	71	63	69	68	75	71	78	76	86	78	86	86	85	87	74	97	69	101	61	104	55	82	77	75	133	134	191	137	180	167	273	301	366	404	409	473	466	616	706	823	810	900	893	1000	985	951	853	758	613	484	360	210	168	76	89	82	74	117	88	137	102	132	109	120	117	111	123	102	120	95	111	91	99	90	89	86
40	65	49	64	57	59	66	57	68	59	75	63	75	70	80	72	84	79	90	74	98	74	97	64	102	72	97	73	94	79	59	93	59	142	128	188	145	170	186	252	325	351	425	405	484	474	619	728	819	827	895	918	994	1000	938	864	750	629	480	372	213	175	83	84	93	70	123	87	138	105	129	114	116	122	108	125	102	120	96	110	94	101	92	89	85
70	38	71	40	72	47	70	56	69	63	68	69	71	73	76	76	81	80	85	86	84	92	75	94	66	106	62	103	60	98	64	69	95	98	176	141	189	133	205	247	313	379	402	447	445	517	576	760	793	853	886	929	1000	978	939	836	767	608	514	336	246	133	120	64	88	95	94	124	100	135	107	127	109	121	120	108	120	103	116	94	104	91	93	87	86
64	45	69	44	72	43	74	52	73	57	74	65	74	70	80	72	84	76	90	77	92	85	86	85	80	99	70	101	63	102	48	82	80	113	161	151	183	138	213	235	332	368	425	436	463	510	582	757	793	862	886	945	992	1000	933	862	765	637	505	361	241	153	117	57	100	80	109	114	110	134	105	132	103	131	110	119	115	111	112	97	105	90	96	86	89
66	43	70	41	74	44	74	53	73	58	74	67	74	71	80	74	84	78	91	81	91	88	84	90	77	103	68	103	63	103	52	81	85	109	167	150	189	136	214	239	330	368	418	436	456	512	579	762	799	869	889	947	998	999	937	852	759	624	503	346	237	141	118	57	97	85	104	118	107	137	105	132	104	128	112	116	116	108	113	95	107	92	95	86	87
67	42	70	41	73	45	73	53	71	59	72	67	72	70	78	73	82	77	88	81	89	88	81	90	75	104	66	103	61	102	55	77	86	105	165	142	182	132	212	240	325	367	409	431	449	511	572	744	780	848	869	924	986	1000	950	860	769	628	508	351	243	146	121	57	92	82	98	115	103	134	104	130	104	125	112	113	116	107	113	92	104	91	95	86	87
36	67	39	70	42	70	52	67	57	68	65	67	68	74	72	76	75	84	78	84	85	84	87	72	96	68	99	60	103	53	83	71	75	127	133	180	134	179	164	276	294	379	402	419	465	467	608	694	811	790	892	874	1000	961	938	819	760	597	494	349	224	163	80	95	65	88	105	98	131	101	135	99	129	102	124	109	112	110	101	109	92	100	85	91	81
62	45	67	43	72	43	73	51	73	56	74	65	74	68	80	72	84	75	90	76	92	83	87	84	80	98	70	99	64	100	47	85	79	116	158	151	179	134	213	237	336	359	420	423	456	501	577	749	784	843	862	927	981	1000	927	850	744	622	496	356	236	151	112	53	95	76	107	111	109	133	105	131	101	128	106	118	111	109	108	94	105	90	96	85	87
57	52	63	49	69	45	74	51	73	54	76	62	75	68	82	70	85	74	93	72	96	77	92	75	90	90	78	93	72	98	43	92	68	129	148	167	171	145	208	233	337	349	426	415	468	489	586	746	794	847	874	939	986	1000	907	840	729	626	488	365	229	160	111	62	103	70	118	104	121	126	110	129	102	131	102	124	106	116	103	99	101	92	94	85	89
60	48	65	45	71	44	74	50	72	55	75	63	73	68	80	71	85	75	91	73	93	80	88	81	83	95	73	98	66	101	44	88	73	121	154	158	177	136	208	229	331	352	419	418	459	494	578	746	785	849	871	937	983	1000	916	843	734	616	484	352	231	150	114	58	103	76	113	110	115	131	107	131	101	131	104	121	109	112	107	96	105	92	95	84	87
57	50	63	47	69	44	72	50	72	54	73	61	74	67	79	69	84	73	90	72	94	78	89	77	87	92	77	94	71	98	42	87	67	119	147	159	173	142	208	230	332	350	422	414	461	487	577	738	783	841	867	928	974	999	921	854	742	623	480	354	224	152	109	58	103	73	115	107	118	129	110	131	103	131	104	123	108	113	106	100	106	92	95	84	88
42	63	51	61	59	56	68	56	69	57	75	61	73	68	80	71	83	76	89	73	98	74	97	65	101	74	96	78	93	81	55	90	53	134	122	180	147	165	191	246	329	353	424	399	476	470	605	717	804	827	887	910	980	1000	938	873	758	637	480	374	218	176	89	82	95	66	122	87	134	108	125	116	114	124	105	125	102	119	96	108	94	95	91	88	85
71	37	70	41	70	51	67	59	65	65	65	70	68	72	73	76	78	81	80	88	79	95	70	96	64	106	63	100	64	92	70	58	98	90	174	135	185	137	201	257	308	387	394	444	435	510	571	745	793	838	880	908	999	972	952	832	775	601	516	333	251	135	118	68	75	95	86	124	99	133	111	121	114	113	124	104	122	101	114	93	104	95	92	89	84
64	48	59	56	54	65	51	67	52	73	56	73	63	76	67	80	72	86	70	93	71	96	66	92	71	91	79	81	89	63	88	42	96	96	163	155	162	160	167	276	279	393	378	436	436	479	579	702	798	791	884	867	1000	926	923	784	756	572	503	326	237	144	94	91	58	97	90	111	118	108	128	99	127	97	127	101	116	104	105	101	89	99	84	90	77
36	67	46	64	54	59	66	57	69	58	75	60	75	69	80	70	84	78	91	70	99	72	97	65	99	76	92	81	86	89	48	94	54	137	131	179	156	157	200	238	335	347	429	404	473	477	590	736	795	836	873	930	982	1000	914	851	735	627	479	360	223	159	106	60	103	70	116	103	119	127	108	130	101	131	103	123	107	112	106	97	103	90	94	84	87
66	42	63	50	59	60	56	65	56	70	57	72	63	75	67	78	73	85	71	92	72	97	65	95	67	98	74	89	80	73	83	42	96	89	166	146	172	156	178	267	279	388	373	437	429	489	568	707	789	804	881	875	1000	937	937	806	780	588	514	326	245	137	103	86	63	101	86	117	110	116	122	105	124	101	127	99	118	103	109	98	94	98	87	91	79
66	42	63	50	59	60	56	65	56	70	57	72	63	75	67	78	73	85	71	92	72	97	65	95	67	98	74	89	80	73	83	42	96	89	166	146	172	156	178	267	279	388	373	437	429	489	568	707	789	804	881	875	1000	937	937	806	780	588	514	326	245	137	103	86	63	101	86	117	110	116	122	105	124	101	127	99	118	103	109	98	94	98	87	91	79
68	37	71	39	72	46	70	54	68	61	69	68	70	71	76	74	82	79	85	83	84	91	76	93	69	106	63	104	61	100	60	68	89	95	171	139	191	139	215	250	322	384	413	445	444	511	569	752	791	850	880	926	1000	985	944	846	779	623	515	341	245	136	118	58	85	89	92	121	100	136	105	127	109	121	119	109	120	104	116	94	108	93	94	88	87
62	45	68	42	71	43	73	51	73	56	73	64	73	69	80	71	83	76	90	76	92	84	86	84	80	99	70	100	64	103	46	81	77	112	162	152	184	139	219	240	341	369	429	430	458	503	578	757	794	857	877	933	986	1000	932	856	756	631	495	351	230	146	112	51	95	74	106	112	109	133	104	131	101	130	108	118	112	110	111	96	105	89	96	86	88
70	37	69	42	68	52	65	60	63	66	63	71	67	73	72	78	78	83	79	90	78	96	69	97	63	105	63	100	67	90	73	53	97	87	177	139	187	143	200	260	302	389	394	448	433	505	568	740	791	832	881	904	1000	957	936	812	767	590	510	322	243	126	112	68	73	97	85	122	99	129	112	118	115	110	124	101	121	100	114	92	98	93	89	87	82
69	37	70	39	71	45	69	54	68	61	67	67	70	70	75	74	81	78	84	83	83	91	75	93	67	104	62	103	60	99	60	66	91	96	173	139	191	138	211	250	322	383	408	442	442	513	574	754	793	854	884	926	1000	985	948	843	773	616	513	338	244	133	117	57	85	90	91	121	99	135	106	127	108	121	119	110	121	104	115	95	108	94	94	88	87
68	39	70	41	73	45	71	55	71	60	70	68	72	71	77	74	82	78	87	82	87	90	79	92	71	105	64	103	61	102	56	71	88	100	170	141	191	139	217	249	329	383	419	443	449	513	576	757	793	857	883	933	1000	996	949	851	768	622	511	344	242	139	116	54	87	86	95	120	101	136	104	128	105	123	115	111	119	105	115	93	108	93	95	87	88
66	42	70	41	74	44	74	53	72	59	73	67	74	70	80	74	85	78	90	79	90	87	83	88	74	103	66	103	60	103	51	77	85	110	169	149	189	138	220	247	340	377	427	441	457	506	576	759	793	856	880	943	1000	991	927	843	757	630	514	355	247	149	121	56	95	81	103	119	104	135	103	131	103	126	112	116	117	108	114	94	107	92	97	87	88
54	54	61	51	67	46	72	50	72	53	75	61	73	67	79	69	84	74	93	70	95	75	92	72	90	87	81	88	73	95	42	91	61	127	141	166	165	147	207	235	337	347	424	406	468	483	585	733	786	837	871	929	980	1000	918	850	732	628	483	367	224	163	104	62	102	66	117	99	123	122	111	128	104	130	101	126	105	117	103	101	99	91	95	85	87
69	36	71	40	72	47	70	56	69	62	68	68	70	71	76	75	81	80	85	85	84	92	76	95	67	105	62	103	59	98	64	67	93	95	174	139	189	134	210	250	319	378	399	437	439	511	572	753	792	851	881	925	1000	987	952	840	766	606	511	335	248	136	121	62	86	93	93	125	100	136	108	128	109	119	119	108	121	104	116	93	107	93	95	88	85
71	38	72	41	73	49	69	58	69	63	68	69	71	72	76	76	80	81	84	86	83	94	75	96	66	107	63	103	61	96	65	64	94	94	176	140	190	137	210	256	320	385	402	443	442	512	575	754	793	846	878	922	999	979	943	832	766	606	514	333	246	133	120	64	83	95	91	125	100	136	108	125	111	118	120	107	121	102	114	91	102	92	92	87	84
68	40	70	40	74	45	72	54	71	59	72	67	72	71	78	74	83	78	88	82	88	89	80	91	72	104	65	104	60	101	55	75	88	103	171	145	189	133	215	250	334	377	415	440	453	511	574	759	793	853	872	934	1000	998	941	844	760	619	511	344	245	139	121	57	92	87	99	123	104	138	105	131	106	125	115	114	119	108	115	93	106	90	95	87	87
69	39	70	40	73	47	71	55	70	61	70	68	72	72	77	75	82	79	86	83	85	91	79	93	70	105	64	104	59	98	58	72	91	98	171	144	192	137	214	251	326	378	410	442	448	513	571	754	789	850	876	932	1000	990	945	846	768	614	512	338	243	135	120	59	88	90	96	123	102	137	106	130	109	123	117	112	121	105	115	94	108	94	95	88	87
68	42	71	42	74	45	73	54	72	60	72	67	73	71	79	75	83	79	89	82	89	90	82	92	74	105	67	104	61	101	54	76	86	103	169	145	190	140	219	251	333	379	418	443	457	518	578	759	793	855	881	936	1000	999	950	860	773	623	507	346	244	141	120	57	93	87	101	121	105	137	106	132	106	126	116	114	118	107	114	94	106	91	95	87	87
56	50	61	47	69	44	72	50	72	54	74	62	74	66	79	69	84	73	91	72	95	77	90	75	88	90	78	93	71	96	42	88	69	123	146	162	175	148	215	239	340	354	425	413	468	495	587	734	785	844	872	923	968	999	936	875	758	638	485	365	226	162	107	61	98	67	114	101	119	125	110	128	103	131	104	124	107	115	106	101	105	94	96	86	89
41	70	40	72	42	72	53	68	61	67	70	66	73	72	76	74	82	78	88	76	98	72	99	64	102	72	96	77	87	85	49	93	57	136	139	175	166	159	216	241	343	360	436	421	469	501	593	752	797	857	879	933	990	999	943	856	762	619	506	345	247	141	122	58	87	89	92	123	99	134	108	125	114	114	124	106	122	103	115	99	100	98	92	92	83
36	69	43	68	51	64	61	62	66	63	72	64	72	72	78	74	82	81	87	77	95	76	96	62	101	65	100	63	99	67	68	87	58	141	127	194	139	180	179	266	318	362	417	405	483	464	617	711	822	811	898	898	1000	977	920	828	737	615	487	369	216	175	81	95	88	78	120	89	140	100	136	105	123	115	114	121	104	120	96	111	88	101	88	90	82
66	44	62	54	57	62	54	67	55	71	57	73	64	76	68	79	72	86	71	92	71	96	65	94	67	95	76	84	82	68	87	44	100	91	168	152	167	156	174	272	277	386	366	435	433	489	576	709	792	796	878	866	999	933	928	779	749	559	502	319	238	135	96	91	64	104	91	117	116	115	126	103	126	99	128	100	119	103	106	99	91	99	84	89	77
66	46	62	53	59	62	55	66	56	71	57	73	64	76	67	80	73	86	72	93	71	97	67	95	69	97	77	87	83	71	86	44	100	93	166	149	167	158	178	278	287	394	372	432	432	498	587	714	799	808	881	869	999	958	968	823	778	580	508	325	239	138	100	86	59	99	88	116	115	117	127	105	127	101	128	101	119	105	108	101	94	100	87	91	80
71	39	68	45	67	54	63	61	63	68	63	72	67	74	72	78	76	83	78	89	75	96	68	97	63	103	65	97	69	85	76	52	100	88	175	139	182	141	193	265	297	386	383	445	434	508	571	734	789	824	874	897	1000	951	939	816	773	595	523	332	256	137	119	78	74	100	86	124	102	128	115	117	119	109	127	102	123	101	114	95	99	95	89	89	82
64	48	60	55	55	65	52	68	55	73	56	73	64	76	68	81	73	86	71	93	72	96	67	93	72	91	79	81	86	63	88	46	97	96	162	156	160	161	168	275	277	388	371	435	438	485	582	705	796	796	882	869	1000	932	930	790	761	577	509	328	238	144	96	95	63	101	91	112	117	110	128	102	128	98	127	102	117	105	104	101	90	99	83	90	79
67	43	63	51	59	60	55	66	57	71	58	73	64	75	68	80	74	85	72	92	71	97	66	96	68	97	74	88	80	72	84	45	99	91	168	148	172	156	178	274	285	392	375	441	434	493	573	713	789	799	875	876	999	937	933	793	761	572	505	320	240	137	102	87	63	102	87	119	111	116	122	105	124	100	128	100	119	102	108	99	95	98	85	89	78
68	40	65	47	62	58	58	63	58	70	58	71	65	75	68	79	75	85	74	92	73	97	65	97	65	99	70	91	75	76	80	46	99	88	169	144	175	152	184	271	289	391	376	441	434	502	573	720	793	816	884	887	1000	946	946	812	776	585	512	323	243	134	107	84	66	102	85	120	108	122	120	110	123	104	128	101	122	102	110	98	98	100	89	91	81
68	41	65	48	62	59	58	65	58	70	59	72	65	74	68	79	75	84	73	92	72	97	66	97	64	99	70	91	76	76	82	45	101	91	172	145	176	153	187	272	288	390	377	442	433	501	580	725	798	816	882	882	1000	947	948	810	774	585	511	322	242	135	107	81	63	99	84	119	107	120	119	109	123	102	128	99	121	101	112	97	96	98	87	91	81
68	40	66	49	63	58	58	64	60	70	59	73	66	76	69	80	75	85	74	93	74	97	66	97	65	101	70	92	75	76	82	46	101	90	174	145	178	152	187	271	289	390	379	444	434	501	576	724	795	814	878	883	1000	945	937	798	764	580	511	321	242	131	105	82	65	101	85	119	106	120	118	109	121	103	127	99	120	100	110	97	96	97	86	89	79
36	68	39	70	42	69	53	68	57	68	66	67	68	74	72	76	75	83	79	83	85	82	87	71	96	67	99	58	102	54	82	73	73	128	132	185	137	180	164	274	293	373	400	419	471	469	608	693	812	793	894	876	1000	951	921	801	745	592	490	343	218	160	78	98	70	90	106	96	131	98	134	98	129	102	123	110	111	111	99	107	90	101	85	91	81
40	66	48	65	56	59	66	58	68	59	75	63	75	71	78	71	83	78	90	74	97	73	97	63	101	70	98	71	94	77	61	94	55	142	128	193	146	174	186	254	326	355	430	410	493	478	623	728	823	831	901	918	999	1000	927	844	741	625	480	368	211	173	84	87	96	71	124	87	139	105	130	114	120	122	110	126	103	121	96	112	94	99	90	90	86
61	48	67	46	72	44	74	51	73	56	76	64	74	68	81	72	84	74	91	75	94	81	88	81	82	96	73	97	65	99	45	87	74	118	154	156	178	138	210	231	330	352	419	420	463	503	583	750	786	851	871	929	978	1000	925	850	740	616	483	352	230	150	113	56	102	76	112	109	114	131	107	130	102	130	104	120	110	111	107	97	104	90	94	83	87
58	51	64	48	70	45	74	51	74	54	75	62	74	67	81	70	84	74	91	72	95	78	90	76	87	91	76	94	69	97	42	88	68	122	149	162	173	142	209	230	336	355	429	417	468	496	590	748	794	853	877	927	973	1000	926	862	748	632	485	360	226	158	109	60	101	69	114	103	119	127	109	129	102	132	103	124	107	115	106	100	104	91	95	86	88
59	52	64	48	72	45	75	51	74	54	77	63	76	69	82	71	85	74	93	73	95	77	91	78	87	92	76	93	68	99	41	89	69	125	152	164	174	142	212	233	342	359	433	421	473	499	595	754	798	853	877	932	983	1000	919	852	744	634	489	364	231	162	112	61	104	70	117	105	119	128	108	130	101	131	103	125	108	115	107	102	104	91	96	86	90
67	42	71	41	74	44	74	54	73	59	73	67	73	71	80	74	84	78	90	80	90	88	83	89	73	104	66	104	60	102	53	79	86	107	169	147	187	130	210	237	331	374	416	438	457	519	581	767	798	869	888	940	999	998	936	841	757	621	507	348	245	142	124	59	100	86	104	120	106	137	103	132	104	128	113	116	117	108	113	95	107	91	94	85	87
35	70	42	70	50	65	61	60	66	62	75	63	76	70	81	72	86	77	92	74	102	73	99	66	99	77	91	84	82	91	45	96	56	132	139	174	166	151	209	235	341	361	439	425	476	502	596	760	804	862	887	939	987	999	930	852	760	636	507	357	244	150	123	58	100	85	102	120	103	137	104	131	104	124	117	112	119	105	115	95	106	94	94	88	85
57	48	64	44	72	42	71	49	71	55	70	63	71	67	76	71	81	75	85	81	82	88	75	92	64	102	61	100	58	93	68	59	95	89	174	135	178	134	189	256	290	389	381	444	433	507	576	727	797	824	894	881	1000	939	938	790	765	572	508	320	238	134	96	90	62	99	90	112	119	109	129	101	126	98	126	107	112	110	101	106	87	102	85	91	79
43	65	41	69	40	71	47	70	53	72	61	70	66	77	69	79	73	86	73	89	78	89	79	80	88	75	94	64	99	51	89	57	84	113	144	171	142	172	159	274	278	385	384	426	452	480	603	703	815	808	908	874	1000	946	945	808	768	586	501	330	227	147	87	93	59	97	93	108	120	108	129	100	128	98	127	101	117	105	106	102	93	99	86	92	79
71	37	69	42	69	52	65	59	65	65	64	71	68	74	73	78	77	82	80	88	77	95	69	97	62	104	62	97	63	89	73	56	99	90	175	133	181	137	199	258	303	387	392	445	435	513	575	744	790	832	879	904	999	964	939	807	755	584	509	324	246	129	114	69	74	98	87	123	99	129	110	118	114	111	123	101	120	100	114	92	101	93	89	87	83
67	45	63	53	58	63	55	67	55	71	57	73	64	77	68	80	73	86	71	93	70	97	65	94	66	95	75	85	80	69	87	44	99	92	166	147	163	152	172	274	280	391	373	438	434	495	586	718	801	805	885	871	999	940	940	785	751	565	504	319	236	136	98	87	59	99	87	114	112	114	125	103	126	98	128	100	118	103	107	100	94	99	85	90	78
69	36	69	39	69	50	64	58	64	66	62	70	67	72	71	76	76	82	76	89	74	95	67	96	61	100	66	92	71	78	82	48	98	86	170	142	170	146	179	266	278	387	373	442	432	495	574	713	794	806	886	876	1000	937	932	779	752	564	500	315	230	133	93	92	62	100	92	112	118	108	128	100	126	98	125	104	114	106	102	104	89	99	84	89	78
57	56	53	63	47	70	47	70	52	74	57	72	64	76	66	79	71	86	70	91	74	92	73	86	81	81	90	69	95	52	89	53	90	108	146	165	141	167	157	277	280	384	379	423	451	483	606	702	816	804	900	867	1000	959	960	823	767	585	497	341	227	156	83	95	64	92	102	100	129	103	135	100	128	103	123	110	111	113	100	109	88	102	86	91	81
58	53	54	61	49	68	48	70	51	74	57	73	63	76	66	79	71	86	70	92	73	94	71	88	78	84	87	72	92	54	89	50	92	104	151	161	146	164	161	277	278	385	378	427	445	483	599	702	810	798	894	867	1000	953	957	816	765	579	501	339	231	152	84	93	59	94	98	105	126	104	132	99	128	100	125	107	112	110	101	106	89	102	86	91	80
59	56	52	61	49	68	46	70	51	72	56	74	63	75	67	81	71	86	71	92	71	92	72	86	78	83	89	68	93	52	90	53	92	109	153	164	144	164	155	278	277	383	373	424	446	472	597	703	808	782	882	861	1000	934	922	783	736	564	493	333	224	151	82	95	61	93	102	102	126	101	133	96	126	100	123	105	109	111	98	104	87	101	82	89	79
59	56	52	61	49	68	46	70	51	72	56	74	63	75	67	81	71	86	71	92	71	92	72	86	78	83	89	68	93	52	90	53	92	109	153	164	144	164	155	278	277	383	373	424	446	472	597	703	808	782	882	861	1000	934	922	783	736	564	493	333	224	151	82	95	61	93	102	102	126	101	133	96	126	100	123	105	109	111	98	104	87	101	82	89	79
57	52	62	49	70	45	73	50	73	54	76	62	75	68	81	71	85	74	92	72	94	76	90	75	87	90	76	93	68	96	40	90	68	127	146	165	168	137	202	230	335	345	421	412	465	489	589	755	796	847	870	934	982	1000	909	837	721	614	475	355	222	151	108	60	105	72	118	104	121	128	110	129	101	131	102	123	105	114	104	99	102	91	95	84	88
63	49	59	57	54	66	51	68	52	73	56	73	63	77	66	79	71	86	69	92	70	95	67	92	72	89	80	79	87	60	87	45	96	96	160	155	158	153	158	267	270	381	365	428	432	479	584	709	801	795	885	870	1000	933	927	783	746	560	495	320	227	137	89	94	64	101	94	112	120	108	129	100	126	98	126	102	115	105	102	102	90	100	84	89	78
52	60	47	66	43	71	46	70	51	72	58	70	64	76	67	78	72	86	71	89	77	88	77	81	87	73	92	62	98	46	84	61	82	117	139	175	139	170	152	269	282	374	385	413	454	462	604	696	813	792	897	876	999	943	916	793	735	578	479	338	212	158	77	98	74	88	111	95	133	97	134	99	125	105	117	114	105	113	96	109	87	101	84	89	80
68	40	71	39	73	45	71	52	70	60	70	67	71	71	78	75	81	78	87	81	86	88	77	90	69	103	61	101	56	97	55	74	89	100	168	140	187	126	205	235	320	367	402	435	449	518	581	767	798	863	885	936	1000	986	932	831	750	604	502	339	245	136	122	60	95	93	101	123	104	136	104	130	105	125	116	113	118	105	114	93	105	93	95	87	87
71	38	70	43	69	54	64	61	63	67	63	72	68	74	72	78	78	83	79	89	76	96	68	97	62	103	62	97	65	85	73	52	101	86	173	135	183	135	189	251	293	383	381	445	437	516	577	748	801	843	890	905	1000	948	931	805	763	584	512	324	250	131	119	78	79	102	87	125	102	129	112	118	116	110	126	102	122	99	114	93	101	94	89	88	82
69	37	68	42	67	51	64	61	63	66	62	71	66	73	71	76	76	82	78	88	75	95	67	95	61	103	62	97	64	86	72	52	99	86	169	130	177	133	189	254	295	383	380	441	437	519	579	744	796	838	886	902	1000	963	952	823	773	591	511	326	249	130	115	72	75	100	86	124	101	130	113	118	116	110	126	103	123	101	114	94	100	96	91	89	83
38	68	40	71	41	71	50	68	55	69	63	68	67	74	70	75	74	84	75	84	83	84	84	73	93	69	98	59	102	51	84	66	77	120	132	175	132	172	158	274	288	376	390	416	461	472	609	698	816	798	899	873	1000	956	950	824	768	597	496	342	221	156	80	93	62	91	101	99	127	102	133	98	129	101	124	107	113	110	101	106	91	101	85	90	80
64	45	68	43	74	43	73	51	73	56	74	66	73	68	80	72	83	75	90	76	90	82	85	84	78	98	68	98	60	100	45	82	78	112	157	147	178	131	211	235	333	360	420	427	459	507	583	758	791	852	870	934	988	1000	931	848	746	621	494	351	233	147	115	54	98	77	107	112	108	132	104	130	100	128	107	119	113	110	111	96	106	90	95	86	88
69	42	71	40	74	44	73	52	72	59	71	67	72	70	79	74	82	77	88	80	87	87	80	89	72	103	63	101	56	99	53	75	86	104	166	141	183	127	209	239	323	365	406	434	449	514	576	762	791	854	873	933	1000	996	934	836	750	610	505	344	242	137	118	55	94	86	101	119	104	136	103	130	104	126	113	113	117	105	112	92	107	90	95	85	87
59	50	65	47	71	44	73	50	73	54	75	63	73	67	80	70	83	74	92	72	93	78	89	78	84	92	73	94	66	98	40	87	68	119	149	159	173	136	206	228	332	348	419	416	464	495	581	751	791	853	876	938	986	1000	911	842	736	621	483	355	225	151	111	58	105	74	115	108	117	129	108	130	102	131	103	123	108	114	105	100	103	90	95	84	88
59	49	64	47	70	43	72	50	72	54	74	62	73	67	79	70	83	73	90	72	94	79	89	78	84	92	74	94	67	97	40	84	69	116	146	153	171	135	205	227	331	349	415	409	456	495	581	743	787	853	873	925	975	1000	931	862	750	625	478	351	223	152	109	57	101	71	113	104	116	128	107	129	101	131	102	120	107	113	105	97	102	90	95	84	87
60	47	65	45	72	43	72	50	73	55	75	63	72	67	79	71	83	74	90	75	92	80	87	79	82	94	71	95	64	96	39	81	72	114	150	150	173	132	209	231	334	354	417	412	454	495	580	748	787	845	864	922	976	1000	931	857	748	626	485	353	225	151	110	53	98	72	110	107	113	130	105	129	100	130	104	119	108	111	107	97	104	89	95	84	87
60	49	65	46	71	43	73	49	74	54	75	63	73	67	80	70	85	75	92	72	94	79	89	78	84	93	73	95	66	98	39	85	69	118	149	157	173	136	210	232	340	355	425	418	468	499	588	756	797	853	876	934	983	1000	916	847	742	631	488	359	225	154	109	56	102	72	114	106	116	128	107	129	99	130	104	123	108	113	106	99	105	90	96	84	88
62	45	67	43	73	43	73	51	73	56	74	65	73	68	80	71	84	75	91	76	92	83	87	83	79	98	70	99	62	99	43	81	75	112	155	147	177	130	210	234	334	360	418	424	461	509	585	757	794	862	881	935	986	999	932	855	755	629	492	351	230	146	112	53	98	77	108	111	110	132	105	131	100	130	107	120	112	110	109	95	104	90	94	85	87
70	37	69	42	69	51	65	60	64	66	63	71	68	73	72	76	77	82	79	88	77	96	69	97	62	103	62	98	65	89	70	52	95	83	169	131	180	136	197	260	304	388	390	444	435	511	572	743	793	836	881	906	1000	965	950	828	777	597	512	326	241	126	111	67	73	96	85	122	99	131	112	119	115	111	125	102	121	101	114	94	102	94	90	88	83
67	41	70	41	74	43	72	52	72	58	72	67	73	70	79	73	83	77	88	79	88	86	81	88	73	102	65	101	58	100	49	74	84	103	163	138	180	129	217	247	335	372	417	436	454	512	577	759	788	847	869	934	998	1000	941	846	755	618	501	345	237	141	115	51	90	81	101	118	104	135	102	130	103	126	111	114	116	106	113	93	105	91	94	86	87
63	47	67	45	73	43	73	51	74	55	74	63	73	67	79	70	83	73	90	74	92	80	87	81	81	95	71	97	63	98	42	83	72	113	153	151	175	133	214	239	339	360	423	424	461	502	582	752	791	853	874	935	982	1000	932	859	755	635	492	355	226	151	110	53	96	71	107	107	110	130	104	130	99	129	103	119	109	109	107	95	103	90	95	84	87
67	41	69	41	74	44	72	53	71	58	71	67	72	69	79	74	82	77	88	79	87	87	81	89	72	101	63	100	58	98	50	72	83	102	164	140	183	128	209	239	325	364	406	430	446	504	567	751	785	848	871	934	1000	994	934	841	756	619	504	345	237	139	116	56	92	86	101	118	104	135	103	129	104	125	112	112	116	105	112	92	106	91	93	85	86
69	41	71	40	74	44	73	53	71	58	70	66	71	69	77	72	81	76	86	78	86	87	79	88	71	101	62	101	58	99	50	72	82	99	164	141	186	128	208	236	324	366	410	437	452	506	565	749	783	852	875	937	1000	991	925	832	753	613	499	339	233	132	114	54	93	86	100	119	102	134	102	130	103	125	110	112	114	104	110	92	104	89	94	84	87
66	43	69	42	74	44	74	52	72	57	73	65	73	69	79	71	82	74	89	77	90	84	84	85	77	99	67	100	60	100	46	78	77	106	160	146	182	129	209	232	328	362	415	431	457	508	575	756	788	857	879	937	994	999	935	852	758	624	496	347	232	142	114	53	97	82	106	117	108	135	105	131	103	128	109	116	113	107	110	93	105	90	94	85	86
63	43	66	42	73	42	73	50	72	54	73	63	72	67	78	71	82	74	89	75	91	82	84	82	78	97	67	98	61	98	43	81	75	110	155	147	178	131	210	229	328	354	414	420	454	503	579	753	788	854	877	933	986	1000	934	857	754	626	491	351	229	147	111	51	95	75	106	112	109	132	104	130	101	129	106	118	110	109	110	95	104	90	96	85	89
35	69	38	69	44	66	56	63	60	64	68	64	69	72	74	73	77	81	81	78	89	77	90	64	99	62	98	57	101	56	72	78	61	132	122	187	131	176	164	262	306	368	410	409	474	461	615	703	820	801	901	886	1000	962	922	820	748	605	484	353	209	166	72	93	75	79	113	89	135	95	134	100	126	106	118	115	106	116	97	110	86	99	86	90	80
41	65	50	62	59	56	67	56	69	57	75	61	75	69	80	71	83	76	90	71	97	72	96	61	99	70	94	73	92	80	52	94	51	141	125	188	143	160	182	244	333	353	428	404	488	471	614	731	820	830	891	919	1000	999	913	832	722	619	472	365	204	168	82	77	97	65	126	87	138	107	126	115	113	124	105	127	101	121	95	108	93	97	90	86	84
67	43	70	42	74	42	73	51	72	56	73	65	72	69	80	73	83	76	90	77	90	84	84	86	76	100	65	100	59	102	48	82	83	112	161	148	179	122	205	231	330	360	410	426	454	509	580	764	797	860	875	932	990	1000	935	844	748	620	501	351	236	141	116	53	97	81	106	116	108	134	104	131	103	130	109	117	113	109	112	95	105	89	95	85	87
66	43	69	42	73	42	72	50	72	56	73	66	72	69	80	73	84	76	91	78	90	85	83	85	76	99	65	100	60	100	45	80	81	110	160	147	181	127	206	233	330	364	414	429	456	509	578	762	796	861	878	939	995	1000	933	847	750	618	497	349	235	142	115	54	98	82	106	117	108	135	103	132	102	129	110	117	115	109	112	95	104	91	96	85	87
68	42	65	49	61	60	57	64	57	71	58	73	64	75	68	79	73	84	73	92	71	97	64	96	64	98	70	89	76	74	82	41	97	85	167	141	171	145	173	263	278	388	372	442	431	493	567	716	791	811	884	880	1000	929	922	783	759	575	509	319	239	130	101	86	64	103	85	120	108	118	120	106	124	100	127	98	120	100	108	96	93	96	85	88	78
58	50	64	47	71	43	73	49	73	53	75	61	74	66	80	68	84	72	90	72	94	77	90	75	86	91	76	94	69	97	40	87	65	119	145	159	171	140	207	230	334	351	422	412	466	493	583	746	791	848	872	932	980	1000	924	859	748	635	485	357	218	153	106	57	100	69	114	105	118	128	109	128	101	131	103	123	107	114	105	100	104	90	95	84	89
52	55	60	51	67	46	72	50	72	53	76	62	75	67	81	69	84	73	91	70	96	73	93	70	91	85	82	88	75	94	41	90	58	127	138	168	163	146	203	233	338	350	429	410	475	488	593	740	797	839	870	925	979	1000	918	853	737	633	478	363	214	160	100	62	100	64	118	96	124	121	112	125	103	130	100	125	104	116	100	103	100	91	93	84	87
56	51	62	47	70	44	72	49	72	54	76	62	74	67	80	69	84	73	91	72	95	77	91	75	87	90	77	92	69	95	40	88	63	120	142	160	167	138	203	228	330	344	420	409	466	489	580	738	784	839	865	925	977	1000	921	851	737	627	482	361	220	152	102	57	100	70	117	101	118	125	108	128	101	129	101	122	105	112	103	99	103	90	93	84	87
53	52	61	50	67	45	72	49	72	53	74	61	73	67	79	68	83	73	91	70	94	75	90	72	88	87	79	90	72	95	40	90	61	122	140	162	165	144	204	229	330	343	421	406	463	483	581	736	785	836	865	920	969	999	926	861	745	634	484	364	218	157	101	58	99	66	116	99	120	124	110	127	102	130	100	124	105	115	102	100	100	90	95	84	88
37	68	39	70	39	70	50	67	54	68	63	67	66	74	71	76	73	84	75	84	82	84	85	73	94	69	98	59	103	48	84	65	73	121	133	182	134	175	157	277	290	381	394	418	461	465	606	698	814	791	898	871	1000	949	938	815	765	596	498	343	221	155	76	94	64	91	103	100	129	101	134	97	130	100	125	107	114	110	101	107	88	100	84	91	80
55	52	61	50	69	45	72	50	73	54	75	61	74	66	80	69	84	73	92	71	95	76	92	74	88	88	79	91	72	95	40	88	62	123	141	163	165	140	203	229	333	349	428	413	467	483	582	738	785	841	875	935	982	1000	913	848	738	631	481	363	218	156	101	57	101	67	117	100	120	124	110	127	101	129	100	123	104	113	102	100	102	90	94	85	87
65	42	68	40	72	43	71	52	71	57	71	66	72	68	78	72	82	76	88	77	87	85	82	86	73	101	65	99	58	99	49	75	82	105	163	141	179	127	212	238	328	363	410	425	444	501	570	751	784	845	865	925	988	1000	945	851	755	621	504	349	237	142	113	50	90	80	100	115	104	134	104	129	102	125	110	113	114	105	111	92	105	90	94	86	87
65	42	68	40	72	43	71	52	71	57	71	66	72	68	78	72	82	76	88	77	87	85	82	86	73	101	65	99	58	99	49	75	82	105	163	141	179	127	212	238	328	363	410	425	444	501	570	751	784	845	865	925	988	1000	945	851	755	621	504	349	237	142	113	50	90	80	100	115	104	134	104	129	102	125	110	113	114	105	111	92	105	90	94	86	87
65	43	69	42	73	42	73	51	73	56	72	65	73	68	79	71	83	75	90	76	89	83	84	85	76	100	66	99	57	100	47	81	81	110	161	146	180	130	213	238	331	359	414	425	450	499	571	753	783	840	859	933	995	1000	930	843	747	624	508	357	240	146	115	53	96	79	105	115	107	134	103	132	102	128	109	117	113	109	111	95	106	88	95	86	87
71	38	71	38	74	45	70	54	69	61	68	68	70	70	76	75	79	78	85	83	83	90	75	93	65	106	61	102	55	98	60	70	92	96	171	133	180	120	205	247	320	373	396	433	438	511	570	757	784	835	863	917	1000	987	950	835	759	602	516	341	254	134	120	58	88	93	95	125	102	138	106	129	108	122	118	110	121	103	115	91	104	92	94	87	85
66	41	70	41	73	42	73	51	73	57	72	67	72	69	78	73	82	76	89	79	88	85	82	87	73	102	65	102	57	101	50	81	83	108	162	142	177	121	208	236	329	361	407	422	444	505	574	758	787	850	866	928	986	1000	948	856	757	618	503	347	241	139	117	53	94	84	103	118	105	137	104	132	103	128	112	115	116	107	112	94	106	89	96	86	86
66	41	70	40	73	43	73	51	72	57	72	66	72	70	80	74	83	76	88	79	89	86	83	89	74	102	65	102	58	101	49	78	83	107	165	145	184	128	211	238	334	368	415	429	447	503	576	761	790	851	870	938	997	1000	939	849	757	623	505	346	238	140	116	54	95	84	105	119	106	135	104	131	103	128	111	115	116	107	112	94	107	90	95	85	86
70	36	72	38	72	47	69	55	68	62	67	70	70	72	75	75	79	78	83	85	81	92	73	95	64	105	59	103	59	96	62	64	94	92	173	135	186	124	199	244	312	375	392	437	431	500	556	746	784	840	870	918	1000	969	930	815	754	595	511	327	244	125	117	64	85	95	92	126	99	136	107	126	109	118	119	106	120	100	114	92	105	93	92	86	83
55	53	62	51	68	45	72	49	73	53	75	61	75	67	80	68	84	73	92	70	96	74	92	72	90	88	79	91	73	96	39	90	61	126	143	169	168	142	203	229	338	348	428	412	471	483	585	746	799	852	881	940	986	999	914	853	739	628	478	359	216	154	103	59	106	70	121	103	124	125	111	129	103	133	101	126	105	116	103	101	101	91	95	85	88
71	37	69	42	70	51	65	60	65	65	64	70	68	74	72	77	78	83	80	89	78	95	70	97	64	105	64	101	66	91	71	57	98	86	172	134	183	134	195	253	303	385	384	439	431	509	568	740	792	840	885	904	1000	970	964	843	788	603	521	335	251	132	117	70	77	97	85	124	101	131	111	120	116	113	124	102	122	101	115	94	101	95	90	89	83
69	37	68	42	68	53	63	60	63	66	63	72	66	73	72	77	75	82	77	89	75	94	67	97	62	104	63	97	67	87	74	53	99	85	173	135	182	136	193	255	296	384	384	441	428	501	568	736	791	827	879	899	1000	959	948	820	773	592	518	328	246	130	112	72	73	99	85	124	101	129	113	117	117	110	126	101	122	99	113	93	100	97	90	89	82
69	37	67	43	66	54	61	61	60	67	60	71	66	73	70	78	75	82	75	90	73	95	65	96	61	102	65	96	69	83	77	48	99	85	175	137	179	139	187	260	290	387	379	442	427	498	566	728	788	817	878	889	1000	949	941	804	765	582	516	324	245	127	109	76	69	101	83	122	102	126	115	113	119	105	127	99	122	100	113	94	98	95	88	89	81
70	38	68	45	65	55	60	62	61	68	60	72	66	74	70	79	76	83	75	90	74	97	66	97	62	102	66	95	70	83	79	48	99	84	174	138	180	139	185	258	287	386	379	442	428	498	565	726	790	821	884	891	1000	946	937	800	765	581	513	322	244	128	108	78	69	102	84	122	103	125	115	112	119	104	126	99	121	99	111	94	98	95	87	88	80
