34928	35048	35167	35286	35405	35524	35644	35763	35882	36001	36120	36240	36359	36478	36597	36716	36836	36955	37074	37193	37313	37432	37551	37670	37789	37909	38028	38147	38266	38385	38505	38624	38743	38862	38981	39101	39220	39339	39458	39577	39697	39816	39935	40054	40174	40293	40412	40531	40650	40770	40889	41008	41127	41246	41366	41485	41604	41723	41842	41962	42081	42200	42319	42439	42558	42677	42796	42915	43035	43154	43273	43392	43511	43631	43750	43869	43988	44107	44227	44346	44465	44584	44703	44823	44942
64	170	1	2	119	0	1953125	12	0.0	0	0.96	0	0	V0.2	0	0	304	257	304	255	315	267	321	262	325	268	334	263	331	259	338	254	332	238	330	224	342	199	333	176	357	172	344	149	354	218	312	273	335	353	327	425	276	500	163	724	253	793	333	1000	460	889	276	923	494	809	463	738	601	431	555	516	350	242	663	148	575	176	583	107	473	96	409	102	351	152	304	178	275	197	250	207	233	226	213	225	205	231	192	222	184
64	170	1	2	119	0	1953125	12	0.0	0	0.96	0	0	V0.2	0	0	321	262	323	265	331	279	335	273	339	281	346	278	344	272	351	269	345	252	340	243	349	223	334	212	346	221	332	209	328	282	268	336	273	419	243	481	182	536	91	747	230	800	360	1000	494	872	370	888	592	754	568	695	659	285	585	461	354	309	698	128	604	250	586	160	459	187	390	190	319	227	272	237	248	244	230	247	218	255	201	253	192	258	186	241	185
64	170	1	2	119	0	1953125	12	0.0	0	0.96	0	0	V0.2	0	0	312	259	312	257	322	268	327	264	327	273	339	269	335	262	341	262	335	242	334	231	345	207	334	190	352	189	341	175	343	245	296	303	310	378	299	445	240	502	123	737	229	782	328	1000	458	871	313	926	539	793	524	759	611	360	568	490	376	261	681	118	603	196	588	108	472	129	401	139	340	186	294	202	262	219	241	223	228	237	205	238	196	243	187	231	180
64	170	1	2	119	0	1953125	12	0.0	0	0.96	0	0	V0.2	0	0	322	265	323	264	333	276	338	272	338	282	346	279	343	268	350	269	345	253	340	245	348	226	332	211	349	220	329	213	325	285	270	345	274	424	250	478	180	527	97	757	244	795	356	1000	497	857	365	881	601	737	572	696	668	271	605	432	376	303	704	126	600	238	588	146	460	187	388	194	316	234	270	238	245	251	228	249	216	257	202	259	194	255	188	244	179
64	170	1	2	119	0	1953125	12	0.0	0	0.97	0	0	V0.2	0	0	324	284	326	283	325	299	336	302	330	304	340	313	337	302	336	306	332	294	322	282	331	273	309	259	317	274	298	268	283	333	225	395	204	465	176	525	95	556	148	774	292	788	412	999	568	845	445	852	700	697	631	658	751	213	622	417	329	353	701	198	608	294	585	196	444	226	371	219	299	248	257	252	241	250	237	250	231	252	220	247	221	245	214	229	213
64	170	1	2	119	0	1953125	12	0.0	119	1.04	0	0	V0.2	0	0	43	67	37	58	29	58	28	43	27	36	37	24	49	17	59	30	70	26	69	29	49	49	39	72	11	123	10	141	23	160	46	105	87	107	184	72	270	234	551	577	715	689	872	978	1000	911	783	973	845	835	726	707	495	243	93	421	409	446	503	391	526	493	551	406	401	371	327	271	204	185	128	102	103	57	84	26	100	30	86	44	80	34	64	35	37
64	170	1	2	119	0	1953125	12	0.0	0	0.96	0	0	V0.2	0	0	316	289	301	296	308	318	301	322	297	337	301	342	284	343	284	355	269	339	257	353	245	335	235	332	266	304	289	276	341	196	399	79	468	10	524	135	478	279	436	632	437	691	437	1000	474	873	217	994	464	835	427	777	592	274	594	396	379	380	742	269	613	394	549	322	359	377	244	358	149	363	109	338	135	312	171	286	197	259	220	244	233	223	238	203	239
64	170	1	2	119	0	1953125	12	0.0	0	0.96	0	0	V0.2	0	0	84	72	72	75	53	74	46	87	26	71	34	78	31	74	58	77	63	86	69	106	77	152	63	183	79	234	84	258	136	259	194	237	325	282	399	261	437	241	509	550	653	618	718	961	863	798	544	999	783	827	681	821	703	347	535	290	336	641	724	486	606	563	534	435	337	402	234	323	153	258	145	195	129	140	131	83	124	58	119	45	107	53	80	51	70
64	170	1	2	119	0	1953125	12	0.0	0	0.96	0	0	V0.2	0	0	84	73	71	75	54	76	48	85	27	72	31	75	34	72	57	76	63	88	67	106	77	153	66	182	81	233	90	259	138	260	198	242	327	287	408	271	436	240	510	535	638	598	700	929	837	782	544	1000	793	840	707	842	750	386	551	332	291	607	696	470	589	564	529	436	337	402	234	319	160	259	145	192	133	138	132	83	125	57	119	43	105	54	84	53	70
64	170	1	2	119	0	1953125	12	0.0	0	0.96	0	0	V0.2	0	0	104	45	98	50	78	54	76	67	55	63	58	69	55	67	72	64	88	75	94	87	120	132	111	166	131	230	111	273	114	299	138	317	269	376	374	365	425	284	559	510	713	546	792	878	925	730	604	999	824	872	727	925	775	512	562	444	289	565	729	427	642	505	595	380	415	368	293	303	187	275	122	224	93	175	91	134	101	90	99	75	106	57	89	51	76
64	170	1	2	119	0	1953125	12	0.0	0	0.96	0	0	V0.2	0	0	110	30	104	32	92	33	90	50	74	49	73	53	71	60	82	54	102	65	111	72	149	107	148	145	179	208	163	267	155	314	127	365	243	441	339	460	403	366	562	547	757	584	861	872	1000	721	682	997	905	900	795	944	800	630	595	528	314	663	761	473	654	494	636	359	475	342	359	285	246	271	157	235	104	201	75	164	84	123	86	106	101	80	90	65	84
64	170	1	2	119	0	1953125	12	0.0	0	0.96	0	0	V0.2	0	0	108	42	95	43	91	51	81	63	63	60	67	66	59	57	79	62	89	67	107	84	126	119	123	163	142	226	126	275	124	315	127	332	253	405	367	400	428	322	565	509	729	562	826	870	952	727	617	999	852	872	714	920	803	545	523	462	304	608	776	471	648	490	624	378	435	352	319	301	196	268	129	229	84	189	83	143	92	109	99	80	108	66	92	51	79
64	170	1	2	119	0	1953125	12	0.0	0	0.96	0	0	V0.2	0	0	105	46	94	48	84	53	76	64	60	60	64	67	55	61	75	67	86	72	105	90	121	125	121	169	129	228	116	278	117	308	139	325	266	384	382	383	448	310	568	515	741	579	831	892	952	768	633	1000	849	875	708	858	704	456	507	391	396	654	814	507	668	493	608	389	430	355	298	301	182	261	118	220	87	180	92	133	93	99	103	72	106	62	92	47	81
64	170	1	2	119	0	1953125	12	0.0	0	0.96	0	0	V0.2	0	0	110	53	92	50	86	59	75	68	60	62	58	67	53	63	75	70	88	70	104	90	118	128	114	172	123	232	108	278	109	309	138	315	283	381	397	373	460	297	579	513	745	592	838	896	948	756	609	1000	812	840	674	832	669	383	502	384	415	672	817	492	652	497	612	393	410	358	288	304	168	263	111	218	82	173	95	126	97	91	106	64	97	57	90	40	78
64	170	1	2	119	0	1953125	12	0.0	124	1.04	0	0	V0.2	0	0	35	73	28	59	31	61	33	37	42	24	50	16	56	20	65	44	64	52	60	53	31	64	18	76	46	121	48	137	54	158	25	121	79	158	217	169	323	278	598	558	756	669	894	879	1000	822	763	787	782	670	597	417	237	100	229	188	601	667	758	552	691	566	678	439	498	348	384	222	250	118	154	42	127	35	98	57	97	61	85	68	67	57	53	45	31
64	170	1	2	119	0	1953125	12	0.0	124	1.04	0	0	V0.2	0	0	35	73	28	59	31	61	33	37	42	24	50	16	56	20	65	44	64	52	60	53	31	64	18	76	46	121	48	137	54	158	25	121	79	158	217	169	323	278	598	558	756	669	894	879	1000	822	763	787	782	670	597	417	237	100	229	188	601	667	758	552	691	566	678	439	498	348	384	222	250	118	154	42	127	35	98	57	97	61	85	68	67	57	53	45	31
64	170	1	2	119	0	1953125	12	0.0	0	0.96	0	0	V0.2	0	0	40	107	59	87	57	70	67	61	64	33	56	37	58	28	45	55	65	52	79	62	127	45	159	46	208	68	235	151	212	241	158	353	199	454	307	502	382	416	594	567	786	582	887	866	1000	744	647	989	829	841	621	729	606	272	548	135	596	848	925	644	689	658	558	506	329	423	215	308	194	191	184	114	182	41	138	28	118	57	74	71	58	69	34	65	31
64	170	2	2	119	0	1953125	12	0.0	7773	2.35	0	0	V0.2	0	0	29	35	36	32	35	29	28	14	31	13	29	3	27	10	16	7	31	6	29	7	22	22	31	46	5	75	15	100	40	88	120	68	166	125	205	108	188	46	393	309	474	363	429	575	679	542	110	682	654	556	496	196	483	487	428	738	1000	839	688	274	431	360	499	240	199	181	141	124	36	69	14	62	47	24	20	23	28	14	31	13	25	4	16	12	11
64	170	2	2	119	0	1953125	12	0.0	7671	2.34	0	0	V0.2	0	0	60	64	63	41	28	67	63	27	12	55	53	13	16	46	31	3	34	40	54	19	86	69	43	28	95	47	99	108	38	120	53	114	102	99	205	34	146	49	90	201	540	544	612	409	392	650	841	949	657	598	534	649	768	770	847	1000	751	288	33	505	710	614	642	531	246	245	173	277	227	37	43	169	126	36	54	98	95	36	45	50	35	62	73	60	26
64	170	1	2	119	0	1953125	12	0.0	0	0.96	0	0	V0.2	0	0	367	332	330	298	277	278	271	224	197	168	161	165	120	91	110	138	136	141	178	244	274	267	276	334	377	397	410	393	415	488	488	512	415	448	533	517	468	390	519	497	561	425	444	389	647	304	464	268	620	495	404	396	249	1000	649	301	499	567	445	450	288	419	531	410	446	248	454	399	352	326	309	302	340	304	258	219	216	227	198	175	145	98	125	109	71
64	170	1	2	119	0	1953125	12	0.0	0	0.96	0	0	V0.2	0	0	107	44	96	41	89	47	83	52	64	43	65	54	54	50	75	52	86	51	107	66	127	102	129	140	138	204	130	253	112	300	103	327	223	403	355	427	429	362	560	509	702	536	797	799	911	648	600	924	804	756	618	743	567	345	517	299	679	897	999	666	730	531	662	380	426	304	304	261	179	241	112	219	75	186	80	142	83	107	99	86	104	68	96	53	87
64	170	2	2	119	0	1953125	12	0.0	0	0.96	0	0	V0.2	0	0	267	331	274	343	279	344	285	351	299	351	303	339	320	336	332	312	340	294	356	260	368	220	383	178	404	126	415	91	425	132	395	203	430	299	444	398	430	462	308	719	324	759	370	992	426	862	200	986	464	858	347	753	555	313	638	369	769	601	1000	479	772	296	706	167	541	75	465	113	382	207	322	250	274	283	229	297	202	319	171	316	161	320	144	306	137
64	170	2	2	119	0	1953125	12	0.0	0	0.96	0	0	V0.2	0	0	280	298	291	302	306	292	316	294	335	283	344	272	360	259	369	234	377	220	381	202	376	186	373	191	363	209	356	242	325	305	262	378	226	483	192	569	159	595	138	747	284	794	395	915	578	807	487	755	753	631	659	469	790	104	765	139	733	665	1000	467	749	407	635	311	429	335	321	343	208	368	131	372	96	358	97	342	125	327	146	307	163	290	192	257	207
64	170	2	2	119	0	1953125	12	0.0	0	0.96	0	0	V0.2	0	0	265	330	270	345	276	345	279	351	297	350	300	344	315	337	330	313	333	298	352	260	369	221	385	177	408	123	420	84	430	126	400	196	434	300	458	401	447	461	319	725	349	777	391	1000	444	895	222	999	449	877	373	778	527	311	651	409	766	601	986	504	772	306	701	186	543	66	468	95	386	188	329	234	282	268	237	292	209	309	178	307	162	317	147	302	134
64	170	2	2	119	0	1953125	12	0.0	0	0.96	0	0	V0.2	0	0	92	73	73	73	65	81	50	79	36	72	32	75	39	65	54	77	70	85	80	109	77	145	76	189	75	240	88	277	130	274	204	263	337	319	476	356	522	322	578	560	672	619	732	893	814	777	518	961	727	807	622	715	645	314	645	317	705	884	1000	707	724	574	591	459	345	378	221	323	141	256	141	213	141	150	145	101	135	67	134	54	123	64	100	57	85
64	170	2	2	119	0	1953125	12	0.0	0	0.96	0	0	V0.2	0	0	71	87	55	82	36	78	35	77	14	60	14	61	12	50	31	56	42	57	53	82	59	115	55	149	56	206	58	236	93	254	168	258	291	317	426	353	482	311	573	511	654	531	716	799	784	657	482	874	668	693	491	644	543	314	590	267	725	863	1000	692	737	522	608	405	362	316	230	274	121	226	84	196	76	149	82	110	82	80	95	53	84	49	76	29	60
64	170	2	2	119	0	1953125	12	0.0	0	0.96	0	0	V0.2	0	0	73	73	61	72	46	65	41	69	21	51	21	53	20	44	37	42	47	43	56	59	72	93	73	127	79	179	65	217	61	245	116	273	233	338	366	378	436	337	545	485	637	496	715	715	764	579	487	773	624	608	429	566	439	362	609	350	766	881	1000	693	712	475	596	349	367	256	248	222	138	201	82	181	50	148	58	113	60	87	74	61	72	51	68	33	60
64	170	2	2	119	0	1953125	12	0.0	0	0.96	0	0	V0.2	0	0	90	56	72	58	66	63	54	64	40	59	40	61	37	54	56	62	67	66	80	86	83	121	83	161	75	207	72	245	90	255	153	262	279	318	411	351	475	313	544	490	642	540	710	760	727	630	450	806	613	640	427	565	525	384	678	385	833	886	1000	680	698	480	557	377	337	307	213	275	129	231	110	198	109	151	118	108	114	77	119	56	112	63	97	51	81
64	170	2	2	119	0	1953125	12	0.0	0	0.96	0	0	V0.2	0	0	74	79	50	75	46	82	31	77	19	74	17	72	30	68	44	81	54	87	61	115	55	145	53	184	67	217	107	249	159	226	230	215	352	276	475	332	518	343	538	562	613	652	700	862	700	726	448	824	632	657	492	538	679	425	740	428	850	944	999	724	652	528	500	440	289	354	192	301	156	223	162	179	159	115	159	79	141	59	135	59	111	68	99	69	75
64	170	2	2	119	0	1953125	12	0.0	0	0.96	0	0	V0.2	0	0	248	287	259	293	268	290	276	290	296	286	302	276	318	265	327	240	338	224	346	193	351	165	353	145	355	143	354	163	338	228	282	301	281	409	271	501	250	552	144	704	203	767	313	901	381	784	267	737	505	608	367	398	669	142	743	170	860	592	1000	414	700	221	602	139	425	171	338	217	248	272	189	293	156	300	130	298	129	300	121	287	128	286	141	257	147
64	170	2	2	119	0	1953125	12	0.0	0	0.96	0	0	V0.2	0	0	269	328	274	342	270	349	268	361	269	374	261	376	264	380	264	372	259	372	268	346	286	320	310	290	344	246	373	209	412	122	429	42	511	72	588	194	631	262	598	528	643	585	736	841	681	732	450	928	435	785	312	755	342	606	551	653	765	999	857	843	572	544	530	425	447	232	423	137	408	62	387	94	366	141	341	175	314	213	286	225	268	247	232	256	201
64	170	2	2	119	0	1953125	12	0.0	0	0.96	0	0	V0.2	0	0	236	278	249	286	258	279	268	281	288	273	295	260	314	248	325	220	333	205	342	175	344	149	353	136	348	141	351	178	331	240	286	317	281	426	265	522	250	572	158	712	242	781	352	897	440	803	342	719	570	607	477	402	721	218	797	266	842	606	1000	437	681	264	603	197	425	208	330	252	235	290	173	313	128	312	103	311	102	304	103	292	113	282	138	254	151
64	170	2	2	119	0	1953125	12	0.0	0	0.96	0	0	V0.2	0	0	240	307	251	315	256	315	263	321	281	313	284	305	304	295	316	272	323	259	338	222	347	183	364	144	374	105	388	97	385	161	359	232	385	343	396	440	394	503	271	703	301	763	363	933	379	835	196	825	391	689	294	552	621	299	752	361	834	628	1000	496	679	235	632	142	468	62	392	127	319	208	265	249	227	271	193	283	171	299	140	295	132	297	122	281	119
64	170	2	2	119	0	1953125	12	0.0	0	0.96	0	0	V0.2	0	0	83	62	68	63	58	68	44	72	37	68	36	71	41	68	62	79	69	84	83	113	77	144	77	186	74	227	109	267	143	263	222	269	334	323	463	354	522	361	557	553	645	621	722	848	751	738	479	815	633	677	469	609	633	445	751	461	757	873	1000	684	606	483	516	417	300	326	192	293	119	224	121	188	127	143	139	105	130	75	133	62	118	70	104	62	85
64	170	1	2	119	0	1953125	12	0.0	0	0.96	0	0	V0.2	0	0	94	54	77	60	73	66	60	70	45	65	48	74	49	62	66	76	77	78	92	106	96	139	98	186	93	233	105	286	121	300	196	324	320	380	456	407	523	374	595	563	701	600	782	839	799	710	514	844	658	723	495	677	687	568	765	517	806	884	1000	651	611	448	548	396	337	310	221	292	130	240	110	213	111	168	123	126	121	94	129	71	123	72	108	62	97
64	170	1	2	119	0	1953125	12	0.0	0	0.96	0	0	V0.2	0	0	105	31	101	20	96	23	94	31	80	31	80	42	70	42	83	43	99	49	118	50	144	81	158	116	179	179	188	244	162	297	144	381	224	464	334	524	403	470	544	603	697	594	831	785	880	601	617	767	740	651	553	729	633	654	637	555	751	999	967	743	592	452	581	348	409	217	314	194	218	196	151	192	103	182	69	157	64	138	69	115	85	91	84	74	86
64	170	1	2	119	0	1953125	12	0.0	0	0.96	0	0	V0.2	0	0	85	66	69	63	60	73	44	74	33	69	32	72	37	63	55	75	66	79	74	104	72	137	69	177	64	226	94	256	121	257	215	269	330	320	449	338	498	315	547	544	635	574	711	816	710	650	405	786	604	650	458	634	651	480	714	378	778	877	1000	656	586	455	502	395	290	303	177	281	107	221	114	187	118	141	129	100	122	70	127	56	116	61	99	59	83
64	170	1	2	119	0	1953125	12	0.0	0	0.96	0	0	V0.2	0	0	70	79	59	74	45	75	34	76	20	63	17	63	17	55	34	60	45	60	52	85	58	119	57	155	49	202	66	242	89	250	179	275	290	334	419	359	473	316	541	518	653	539	737	807	764	635	434	760	578	627	446	667	529	411	621	340	718	846	1000	658	603	428	542	372	332	263	215	263	114	207	69	192	61	157	79	125	79	96	97	71	88	56	83	39	67
64	170	1	2	119	0	1953125	12	0.0	0	0.97	0	0	V0.2	0	0	42	96	42	99	31	82	28	78	27	65	17	56	14	45	5	44	16	50	27	66	39	90	43	127	37	175	46	221	53	247	144	303	262	363	394	403	464	343	580	557	727	579	848	857	882	671	545	788	660	680	519	704	467	385	532	335	716	864	1000	682	633	431	592	370	384	214	266	213	160	156	95	161	41	130	32	115	3	84	19	63	24	54	33	33	20
64	170	1	2	119	0	1953125	12	0.0	134	1.04	0	0	V0.2	0	0	46	76	38	59	50	58	49	27	57	15	61	19	59	35	61	55	46	70	35	68	14	82	28	86	75	124	83	123	69	123	60	113	99	191	267	267	376	367	627	623	778	705	892	852	934	728	626	500	528	370	290	139	103	363	476	336	830	962	1000	744	756	648	717	512	518	342	360	212	259	106	157	84	131	71	91	92	74	85	67	85	40	74	41	57	46
64	170	1	2	119	0	1953125	12	0.0	0	0.96	0	0	V0.2	0	0	96	69	78	70	53	74	48	80	12	60	17	70	3	49	27	72	12	73	29	107	11	133	59	149	102	172	191	143	224	100	308	174	353	285	398	438	350	471	393	735	539	705	717	888	820	623	584	655	740	521	552	636	448	610	554	404	786	1000	957	683	672	491	603	344	399	251	239	238	146	225	76	184	88	147	97	100	113	52	109	46	110	52	77	55	60
64	170	1	2	119	0	1953125	12	0.0	0	0.96	0	0	V0.2	0	0	60	96	37	87	30	94	17	83	5	83	9	73	34	74	39	91	45	93	40	131	43	151	61	186	100	206	159	219	217	184	290	191	397	249	480	344	502	365	499	684	572	679	670	996	712	734	424	790	651	562	548	562	663	516	756	339	794	1000	931	700	522	596	453	490	248	340	171	282	183	177	187	130	182	77	167	56	140	53	127	72	100	76	85	80	66
64	170	2	2	119	0	1953125	12	0.0	6893	2.20	0	0	V0.2	0	0	56	17	64	4	55	11	62	4	35	27	53	20	28	34	36	24	11	49	25	29	8	43	61	38	48	42	99	99	93	74	114	143	159	142	86	126	142	162	208	265	152	102	208	242	193	145	256	412	430	439	305	307	281	586	766	1000	833	462	272	456	446	368	183	242	282	276	204	148	145	73	71	109	102	27	28	86	58	49	46	67	38	39	38	38	24
64	170	2	2	119	0	1953125	12	0.0	6893	2.20	0	0	V0.2	0	0	56	17	64	4	55	11	62	4	35	27	53	20	28	34	36	24	11	49	25	29	8	43	61	38	48	42	99	99	93	74	114	143	159	142	86	126	142	162	208	265	152	102	208	242	193	145	256	412	430	439	305	307	281	586	766	1000	833	462	272	456	446	368	183	242	282	276	204	148	145	73	71	109	102	27	28	86	58	49	46	67	38	39	38	38	24
64	170	2	2	119	0	1953125	12	0.0	7559	2.32	0	0	V0.2	0	0	49	9	44	33	19	48	4	43	21	17	32	7	25	33	18	46	35	33	55	10	46	19	28	87	21	57	72	72	61	43	22	172	139	146	34	145	79	70	59	174	398	298	142	284	382	323	324	563	493	403	238	210	183	387	710	1000	962	437	98	546	543	314	159	212	194	117	124	81	105	44	56	65	28	93	49	31	75	32	65	44	30	41	32	39	55
64	170	2	2	119	0	1953125	12	0.0	6862	2.20	0	0	V0.2	0	0	15	86	62	40	60	24	78	35	58	35	40	47	57	65	11	16	41	78	40	23	48	77	27	45	6	116	143	69	124	7	169	175	175	221	42	134	144	296	328	148	123	69	211	169	202	239	286	502	504	466	353	221	533	701	894	1000	790	542	273	199	322	382	452	265	216	213	240	303	168	114	49	136	167	84	76	16	110	96	83	60	24	71	72	71	33
64	170	2	2	119	0	1953125	12	0.0	134	1.04	0	0	V0.2	0	0	327	302	282	264	286	261	220	197	224	196	137	133	140	120	90	120	140	146	171	200	240	255	282	277	343	359	371	376	365	445	426	387	422	537	425	402	432	492	484	425	225	492	467	409	159	442	401	527	425	385	393	415	313	224	148	1000	209	554	462	449	377	441	279	412	240	446	305	339	313	324	306	280	283	254	249	231	196	192	167	154	117	101	91	48	36
64	170	2	2	119	0	1953125	12	0.0	0	0.97	0	0	V0.2	0	0	326	289	321	283	343	300	338	294	343	317	345	308	330	314	345	311	322	295	330	305	307	286	282	316	252	332	191	368	152	410	119	438	170	483	328	459	419	395	672	356	771	288	877	431	916	258	597	584	601	555	435	672	109	734	340	572	718	1000	724	717	525	414	554	325	479	123	419	80	377	147	316	189	293	234	261	246	241	270	221	274	201	275	200	265	194
64	170	2	2	119	0	1953125	12	0.0	134	1.04	0	0	V0.2	0	0	32	73	27	64	28	58	30	41	41	30	50	22	56	20	61	29	55	40	48	47	22	77	8	95	14	128	12	131	18	99	106	62	183	120	325	251	430	349	608	613	702	615	722	762	745	606	374	414	282	237	42	114	311	494	653	474	908	973	1000	692	697	592	635	466	443	316	280	183	195	87	123	34	126	22	100	41	88	42	78	46	52	56	49	46	41
64	170	2	2	119	0	1953125	12	0.0	129	1.04	0	0	V0.2	0	0	64	38	57	34	57	30	49	20	50	11	48	25	48	31	41	45	41	50	29	57	18	62	10	91	10	117	15	130	38	89	103	43	193	88	286	245	386	362	489	636	591	650	574	790	652	666	301	410	324	253	104	43	131	506	472	539	755	1000	837	769	575	627	558	517	390	335	274	219	176	126	107	104	78	97	63	85	47	83	49	69	38	62	34	49	41
64	170	2	2	119	0	1953125	12	0.0	129	1.04	0	0	V0.2	0	0	65	31	61	26	62	24	51	18	46	21	44	34	42	43	39	56	31	62	17	64	7	65	26	86	41	111	47	128	8	105	73	75	161	88	282	218	392	319	521	603	634	626	620	792	688	673	332	475	345	312	111	65	126	480	502	544	772	1000	852	783	575	668	542	553	367	378	249	257	151	164	85	129	57	118	46	100	39	97	38	76	40	70	35	52	47
64	170	2	2	119	0	1953125	12	0.0	129	1.04	0	0	V0.2	0	0	66	36	58	32	59	27	53	13	53	10	47	26	51	39	44	52	43	57	29	62	15	67	9	93	16	121	27	140	18	108	79	57	168	67	264	217	371	337	493	633	617	664	610	820	694	708	362	510	405	344	189	94	83	463	446	535	761	1000	836	781	584	664	561	540	393	362	278	241	178	150	111	120	80	109	68	97	54	93	53	76	44	70	39	54	47
64	170	1	2	119	0	1953125	12	0.0	129	1.04	0	0	V0.2	0	0	62	38	60	32	59	29	50	16	52	9	49	24	49	34	46	51	42	55	29	64	15	70	8	91	15	120	25	137	20	101	84	50	166	68	264	219	364	332	486	631	609	658	603	814	688	704	365	513	411	345	184	124	115	479	453	557	772	1000	843	794	593	665	562	544	397	368	283	248	184	153	116	125	84	113	69	96	57	95	57	77	49	73	41	58	52
64	170	1	2	119	0	1953125	12	0.0	149	1.05	0	0	V0.2	0	0	33	66	20	64	26	60	18	46	27	36	28	14	46	20	51	18	66	23	64	28	64	36	46	71	61	99	69	114	102	68	112	10	162	110	190	270	279	389	412	665	569	693	619	830	744	710	458	482	502	311	264	81	186	486	483	558	855	1000	926	793	692	624	638	498	468	315	326	193	220	97	146	77	120	70	100	69	83	67	76	61	66	60	54	52	54
64	170	1	2	119	0	1953125	12	0.0	0	0.97	0	0	V0.2	0	0	47	77	53	68	70	42	64	27	65	16	52	5	45	3	41	12	39	27	53	21	72	33	114	9	133	39	179	108	149	192	133	313	165	390	274	458	370	406	536	545	678	481	734	757	820	632	479	806	615	670	488	623	263	289	558	267	830	961	1000	713	570	535	403	440	247	329	127	236	143	132	132	75	143	25	105	7	105	39	55	33	49	47	24	35	19
64	170	1	2	119	0	1953125	12	0.0	0	0.97	0	0	V0.2	0	0	319	262	318	267	326	277	326	281	330	290	333	289	328	291	332	281	323	275	324	259	320	232	332	218	326	190	347	207	313	241	303	344	310	384	323	529	316	516	219	796	271	737	301	995	379	828	198	884	406	727	382	686	297	132	565	78	902	597	1000	493	676	188	594	156	475	13	385	63	328	151	293	175	267	189	267	207	246	208	239	223	227	216	216	215	214
64	170	1	2	119	0	1953125	12	0.0	129	1.04	0	0	V0.2	0	0	38	76	30	70	19	67	18	54	27	43	42	34	58	29	67	35	70	36	71	41	49	68	36	97	18	144	31	151	30	126	86	72	160	90	287	222	400	327	589	650	740	688	797	907	873	796	567	681	565	509	333	341	160	289	434	426	866	954	1000	721	704	633	646	514	478	388	324	249	242	150	163	82	157	47	127	51	116	46	109	59	81	60	73	55	51
64	170	1	2	119	0	1953125	12	0.0	86	1.03	0	0	V0.2	0	0	79	26	70	31	68	31	56	37	55	39	51	49	48	48	36	54	21	50	3	56	23	72	40	98	44	122	41	126	38	68	118	23	217	126	317	292	423	406	513	688	640	717	646	882	735	766	449	575	527	428	362	258	219	385	313	529	786	1000	850	775	574	621	567	520	441	361	347	256	265	150	190	108	155	78	126	69	106	64	95	61	79	55	65	43	43
64	170	1	2	119	0	1953125	12	0.0	86	1.03	0	0	V0.2	0	0	77	20	68	16	65	21	59	24	56	32	54	43	45	47	36	49	16	52	2	52	33	68	49	84	65	105	62	105	45	61	113	53	196	125	322	262	428	338	539	591	652	611	652	785	703	670	398	541	419	393	213	241	141	379	423	545	831	1000	911	765	582	656	525	555	361	433	255	325	165	234	101	174	72	148	56	118	56	112	50	89	52	75	41	54	42
64	170	1	2	119	0	1953125	12	0.0	81	1.03	0	0	V0.2	0	0	53	53	46	40	55	34	51	19	60	18	56	20	62	22	47	27	46	25	28	47	24	72	21	98	31	111	37	102	54	54	88	82	172	186	242	330	333	414	398	614	513	634	540	738	601	601	359	408	394	239	222	68	89	418	386	544	785	1000	854	775	576	609	535	492	399	345	301	236	219	149	153	110	121	90	98	81	84	75	72	65	59	59	49	43	38
64	170	1	2	119	0	1953125	12	0.0	0	0.96	0	0	V0.2	0	0	80	32	65	38	59	42	50	46	32	39	32	43	22	31	38	43	34	35	55	62	49	83	59	123	33	158	62	183	78	192	178	202	255	217	367	269	409	244	425	486	471	470	520	742	524	567	338	659	464	472	446	415	216	305	439	414	810	1000	876	725	472	492	320	398	202	253	148	183	165	79	147	54	142	42	114	56	84	59	65	76	45	60	37	58	31
64	170	1	2	119	0	1953125	12	0.0	0	0.96	0	0	V0.2	0	0	55	71	42	66	31	64	22	63	7	54	9	49	11	44	28	50	29	48	42	72	41	95	44	132	34	167	58	193	78	199	163	235	247	253	351	304	404	250	465	466	530	406	589	693	584	491	379	696	451	500	395	500	158	330	490	384	934	967	1000	668	580	399	454	314	269	218	159	203	77	168	57	154	57	126	71	97	67	73	83	51	70	46	67	29	51
64	170	1	2	119	0	1953125	12	0.0	0	0.96	0	0	V0.2	0	0	70	33	68	32	55	33	56	35	42	26	42	25	36	24	42	16	53	14	63	13	84	38	101	65	111	93	131	147	102	176	102	280	141	305	216	402	264	336	373	481	470	394	559	578	565	353	426	527	468	349	398	377	100	469	433	517	849	1000	845	698	483	404	390	279	273	136	200	88	154	100	114	106	85	110	58	97	39	93	36	84	42	70	43	53	44
64	170	1	2	119	0	1953125	12	0.0	0	0.96	0	0	V0.2	0	0	54	64	40	62	33	60	26	58	11	49	9	47	8	38	28	47	30	45	43	66	41	89	46	121	35	155	53	185	70	192	156	238	229	251	336	306	382	250	459	448	507	376	565	626	527	424	347	630	376	410	296	405	253	458	595	516	1000	976	979	655	572	375	427	270	251	192	146	185	76	165	59	149	62	124	70	95	69	74	83	57	76	45	69	32	56
64	170	1	2	119	0	1953125	12	0.0	0	0.96	0	0	V0.2	0	0	78	25	68	20	64	24	61	30	49	24	47	32	41	29	54	30	58	30	78	33	88	59	102	85	107	122	116	167	86	198	100	280	155	298	242	371	295	306	393	429	466	339	543	533	516	313	369	498	361	313	282	374	223	537	555	587	944	1000	885	668	506	359	384	213	249	115	171	115	117	142	81	137	57	128	46	103	48	93	60	75	68	58	63	47	64
64	170	1	2	119	0	1953125	12	0.0	0	0.96	0	0	V0.2	0	0	78	25	68	21	65	27	60	33	47	32	47	35	44	33	56	35	61	33	76	40	87	64	100	94	104	129	110	175	85	202	109	284	171	304	259	376	316	307	404	426	472	335	538	521	492	288	337	497	330	353	311	445	314	598	608	613	952	1000	874	639	492	336	378	199	245	126	172	135	116	153	82	146	60	134	54	105	55	92	69	70	74	60	67	46	67
64	170	1	2	119	0	1953125	12	0.0	0	0.96	0	0	V0.2	0	0	51	63	41	57	26	58	24	53	7	47	6	42	4	36	18	41	25	42	37	55	35	80	38	111	32	143	45	173	65	186	153	242	226	253	322	313	361	238	435	412	457	292	486	527	421	269	224	512	254	347	279	427	425	630	691	573	1000	985	921	597	507	311	371	207	209	159	120	164	68	157	58	141	60	115	64	88	65	69	78	54	74	46	66	32	56
64	170	1	2	119	0	1953125	12	0.0	0	1.02	0	0	V0.2	0	0	12	74	19	66	8	65	6	59	14	53	20	50	36	37	51	46	65	30	81	39	76	11	84	14	73	52	102	78	142	145	232	195	291	256	359	292	385	271	356	296	344	228	271	257	205	58	116	171	174	276	387	375	573	727	807	683	999	994	925	652	610	491	485	364	337	272	237	198	184	143	147	121	146	111	127	102	120	87	103	79	89	67	78	61	63
64	170	1	2	119	0	1953125	12	0.0	0	1.02	0	0	V0.2	0	0	30	68	26	55	32	56	34	41	40	34	43	26	48	17	57	34	59	35	68	46	57	49	51	59	28	90	33	122	71	199	151	256	206	315	274	350	302	315	307	305	304	228	265	217	201	29	70	217	131	336	324	441	512	746	728	686	963	1000	867	649	577	477	486	335	343	227	252	147	190	98	147	81	144	79	126	75	124	69	98	62	91	60	75	57	65
64	170	1	2	119	0	1953125	12	0.0	16	1.02	0	0	V0.2	0	0	36	61	33	58	24	59	24	52	8	53	3	39	21	39	32	33	54	27	66	25	73	13	69	7	60	41	69	66	102	129	197	189	253	244	333	289	354	257	358	293	334	202	276	240	199	20	100	206	171	297	362	381	559	702	757	651	1000	961	894	617	597	472	486	332	333	232	226	150	182	101	140	82	149	76	124	74	122	60	97	57	83	41	68	44	50
64	170	1	2	119	0	1953125	12	0.0	16	1.02	0	0	V0.2	0	0	52	48	44	38	52	40	40	21	49	19	37	8	46	14	40	40	43	44	40	64	39	58	25	62	28	64	24	85	61	163	117	232	172	302	222	359	244	343	250	370	247	281	220	266	163	83	96	156	134	306	289	412	447	729	642	712	919	1000	795	672	522	502	436	363	299	241	215	166	156	119	116	109	115	98	100	90	94	80	76	72	69	60	58	51	47
64	170	1	2	119	0	1953125	12	0.0	16	1.02	0	0	V0.2	0	0	55	42	50	32	56	36	46	16	51	14	40	9	45	15	37	43	39	45	32	66	32	61	20	65	28	60	30	72	68	148	120	215	175	288	223	352	241	343	254	397	249	307	231	314	178	108	97	131	136	250	253	344	395	680	588	689	890	1000	783	683	510	529	431	384	291	261	210	183	147	131	108	117	102	108	91	97	86	88	71	76	63	66	53	54	48
64	170	1	2	119	0	1953125	12	0.0	16	1.02	0	0	V0.2	0	0	43	59	38	49	46	54	37	36	49	33	37	14	47	12	45	32	53	38	53	60	59	54	46	61	42	62	19	87	26	169	103	238	158	309	232	368	253	351	301	391	302	293	269	288	228	110	21	121	58	259	219	329	411	673	630	695	966	1000	845	679	561	501	467	358	332	239	245	166	189	112	146	102	143	90	125	86	116	74	95	69	82	55	68	52	53
64	170	1	2	119	0	1953125	12	0.0	16	1.02	0	0	V0.2	0	0	61	26	57	16	65	19	54	5	55	2	39	16	41	23	31	46	29	53	24	72	16	69	3	71	24	58	42	61	92	129	152	197	210	267	247	339	268	333	248	407	243	317	197	333	158	140	83	61	115	231	264	299	380	657	580	706	886	1000	774	703	485	541	390	403	257	288	182	217	129	167	94	148	90	133	81	118	79	104	64	86	57	70	48	57	46
64	170	1	2	119	0	1953125	12	0.0	16	1.02	0	0	V0.2	0	0	58	36	55	26	61	29	50	12	54	10	41	11	42	17	34	42	34	49	28	70	24	65	13	68	28	60	39	73	81	147	138	219	195	284	231	352	244	336	238	394	229	294	196	307	153	110	96	99	121	271	266	329	386	667	584	712	902	1000	767	689	480	518	392	384	264	264	190	196	137	145	102	132	101	119	91	109	84	93	69	79	59	64	51	53	45
64	170	1	2	119	0	1953125	12	0.0	16	1.02	0	0	V0.2	0	0	47	50	41	41	50	45	38	25	49	24	36	8	45	9	39	35	47	39	41	61	46	55	32	60	31	60	16	89	47	173	115	239	163	301	223	358	229	329	265	369	251	259	228	257	169	65	89	160	126	316	263	370	427	682	633	720	957	999	805	669	521	492	436	357	301	229	217	158	163	108	126	105	123	94	112	88	101	75	85	66	72	54	61	46	46
64	170	1	2	119	0	1953125	12	0.0	16	1.02	0	0	V0.2	0	0	46	52	41	42	47	47	38	29	47	27	36	10	47	12	40	32	49	37	44	58	50	54	36	61	35	63	12	93	40	171	113	237	157	298	224	352	222	318	268	364	250	243	214	240	159	86	91	162	127	328	261	372	446	700	654	739	986	1000	815	670	537	495	450	358	311	227	227	159	169	108	131	101	128	93	117	87	106	76	89	67	76	56	63	49	52
64	170	1	2	119	0	1953125	12	0.0	0	1.02	0	0	V0.2	0	0	66	14	66	11	62	6	57	5	53	15	46	25	39	37	37	52	33	61	26	73	14	69	8	73	28	71	54	102	91	166	153	239	188	285	227	347	213	301	212	365	190	230	149	251	105	95	138	139	156	328	278	355	431	710	624	751	948	1000	771	673	486	501	397	361	272	248	204	174	149	130	114	116	117	113	106	102	105	90	84	79	79	66	61	60	62
64	170	1	2	119	0	1953125	12	0.0	16	1.02	0	0	V0.2	0	0	21	69	11	62	20	66	14	47	32	46	26	25	43	24	43	24	62	20	57	42	70	33	53	48	49	61	28	98	38	177	128	248	165	301	250	352	241	306	300	345	269	226	237	234	176	109	79	163	138	353	276	380	489	710	661	724	999	983	824	672	548	486	446	346	310	222	223	155	172	112	132	108	132	98	115	93	109	80	88	70	74	60	62	52	49
64	170	1	2	119	0	1953125	12	0.0	16	1.02	0	0	V0.2	0	0	57	43	52	32	60	37	48	18	55	17	42	10	48	15	37	42	42	49	35	69	33	65	19	70	24	71	22	90	62	165	130	237	177	298	230	362	226	334	252	399	226	286	196	300	152	145	93	107	126	322	261	367	441	692	598	745	969	1000	787	706	520	523	416	384	286	259	207	194	156	144	119	132	117	121	105	110	96	95	79	78	69	66	58	56	50
64	170	1	2	119	0	1953125	12	0.0	11	1.02	0	0	V0.2	0	0	44	57	40	48	49	51	38	33	48	33	37	13	48	10	43	32	53	37	49	58	55	53	43	61	39	69	13	96	29	180	114	252	161	313	237	373	232	334	301	391	277	270	266	293	212	102	40	122	89	317	243	357	443	677	621	698	1000	982	837	693	574	508	467	361	328	233	239	161	184	108	144	98	139	89	123	86	113	71	95	65	80	56	66	50	53
64	170	1	2	119	0	1953125	12	0.0	11	1.02	0	0	V0.2	0	0	65	28	63	18	67	19	57	4	57	2	43	19	44	24	30	49	29	55	25	76	17	74	2	76	24	68	40	74	91	138	165	206	210	270	264	346	252	331	266	434	237	323	214	375	169	153	80	31	114	249	258	314	403	653	562	740	942	1000	784	735	520	571	410	427	267	304	189	227	131	169	92	150	88	139	79	125	78	108	63	87	58	76	50	59	48
64	170	1	2	119	0	1953125	12	0.0	36	1.03	0	0	V0.2	0	0	53	37	54	28	58	29	52	15	53	14	42	6	42	15	27	36	26	47	15	65	17	72	7	78	15	71	29	61	83	100	164	167	217	235	279	322	280	329	304	450	284	363	263	431	210	189	51	59	102	197	262	269	403	623	566	717	933	1000	808	743	534	595	418	448	264	325	176	240	110	178	72	149	72	137	61	118	62	104	49	86	53	65	42	51	40
64	170	1	2	119	0	1953125	12	0.0	36	1.03	0	0	V0.2	0	0	64	30	59	20	67	21	56	9	59	9	45	10	45	18	29	38	26	47	17	68	16	74	11	81	22	78	23	71	77	110	152	175	202	252	263	338	258	347	303	473	280	372	276	439	227	200	29	37	58	200	204	264	358	625	527	736	932	1000	788	737	536	582	436	437	295	304	214	221	147	159	107	140	96	123	84	109	78	98	63	81	56	69	47	50	40
64	170	1	2	119	0	1953125	12	0.0	36	1.03	0	0	V0.2	0	0	60	27	57	19	62	17	57	6	58	8	44	11	42	19	27	39	25	49	17	68	16	76	10	81	14	78	24	67	78	102	153	167	203	239	264	329	264	342	308	469	288	374	285	443	232	193	53	66	78	183	219	261	364	621	543	733	921	1000	786	739	540	586	438	441	296	309	212	222	142	158	101	135	88	123	81	109	75	99	63	81	53	68	44	49	41
64	170	1	2	119	0	1953125	12	0.0	61	1.03	0	0	V0.2	0	0	40	44	40	36	49	34	48	22	49	22	41	11	43	9	30	24	28	33	16	56	26	68	22	78	32	77	24	63	63	78	130	146	187	223	252	316	257	343	320	488	312	395	310	469	258	209	72	98	87	174	234	245	362	618	551	715	905	999	793	746	544	598	439	447	287	311	198	219	123	153	80	131	68	119	60	104	56	93	45	72	42	59	29	41	29
64	170	1	2	119	0	1953125	12	0.0	114	1.04	0	0	V0.2	0	0	29	48	30	40	34	33	38	21	41	17	42	13	44	15	36	20	35	27	24	41	16	65	18	86	25	100	24	91	50	29	118	40	167	116	252	227	270	288	362	474	359	409	350	507	300	262	58	174	73	115	226	201	387	583	592	712	917	1000	839	770	571	618	451	468	271	321	165	221	88	153	64	131	70	118	59	97	60	83	50	66	53	50	49	47	49
64	170	1	2	119	0	1953125	12	0.0	0	0.96	0	0	V0.2	0	0	65	62	44	60	32	62	27	60	6	45	7	50	13	35	14	52	5	49	16	76	11	95	47	109	67	132	127	100	163	81	270	153	282	180	349	326	271	302	323	563	299	423	410	621	387	292	381	452	444	361	455	349	309	592	444	590	902	1000	763	682	474	402	349	226	271	119	192	99	144	144	78	132	54	125	38	93	53	73	65	57	70	37	59	34	55
64	170	1	2	119	0	1953125	12	0.0	0	0.96	0	0	V0.2	0	0	61	64	48	65	32	63	27	62	13	50	13	50	11	43	26	42	30	44	42	60	50	83	55	114	51	145	57	177	58	206	149	277	217	279	321	350	323	238	462	445	474	302	531	565	466	289	305	570	359	488	384	474	395	590	578	518	1000	930	888	633	542	350	400	230	255	181	165	174	102	174	70	157	60	130	57	95	62	80	76	57	69	47	64	33	54
64	170	1	2	119	0	1953125	12	0.0	0	0.96	0	0	V0.2	0	0	68	50	52	49	48	54	39	55	28	48	26	48	22	44	41	54	43	55	60	72	54	98	60	133	51	168	67	186	81	202	187	246	251	251	356	312	354	218	454	442	455	327	490	582	422	309	246	552	321	450	357	409	425	566	625	530	1000	894	891	610	520	339	355	234	197	203	114	189	81	173	96	145	101	110	105	77	100	59	106	46	87	50	79	43	66
64	170	1	2	119	0	1953125	12	0.0	0	0.96	0	0	V0.2	0	0	217	272	221	286	223	285	223	298	233	298	229	298	242	294	250	277	254	269	268	242	279	214	310	170	319	135	346	88	351	58	391	120	422	157	470	285	449	285	420	573	384	509	410	744	333	513	104	739	178	616	236	590	452	638	631	532	1000	904	822	664	529	348	430	209	380	48	348	46	326	123	300	161	265	192	231	213	204	235	182	236	164	248	139	244	117
64	170	1	2	119	0	1953125	12	0.0	0	0.96	0	0	V0.2	0	0	215	278	222	293	224	289	225	303	238	299	238	296	252	291	262	270	267	262	282	230	294	201	320	159	329	118	360	78	354	70	391	151	420	193	463	327	444	326	400	611	363	551	390	791	317	549	102	765	232	646	286	611	476	622	652	481	1000	856	863	651	578	335	464	200	399	30	358	52	326	139	293	181	261	207	226	227	199	248	171	249	150	257	125	255	110
64	170	1	2	119	0	1953125	12	0.0	0	0.96	0	0	V0.2	0	0	213	289	221	301	223	302	225	312	237	311	236	308	252	304	260	286	266	277	284	245	297	216	329	171	343	135	376	82	376	44	417	125	459	176	511	317	497	318	457	611	434	572	475	822	390	595	171	821	261	726	312	695	465	692	661	576	1000	948	882	728	586	397	486	258	417	74	384	20	355	110	327	155	292	189	257	215	224	240	196	246	178	258	148	256	125
64	170	1	2	119	0	1953125	12	0.0	0	0.96	0	0	V0.2	0	0	223	303	231	314	233	317	233	324	249	324	247	319	263	317	272	299	276	289	293	259	304	226	338	181	350	148	384	95	383	48	428	125	465	170	518	318	510	313	464	623	439	569	484	841	400	589	163	833	238	724	305	718	430	673	625	520	1000	948	900	748	604	422	486	272	421	89	385	34	356	109	332	156	300	193	262	219	235	244	205	254	189	263	160	261	136
64	170	1	2	119	0	1953125	12	0.0	0	0.96	0	0	V0.2	0	0	221	294	227	308	229	307	229	320	240	319	239	317	252	313	263	295	268	287	285	255	300	225	329	180	347	144	379	89	381	44	421	125	468	178	524	323	512	317	455	625	451	591	497	855	416	616	189	855	263	734	334	746	456	676	643	560	1000	963	904	739	615	426	511	270	432	87	397	12	367	109	339	156	303	192	267	219	234	247	204	258	181	267	151	267	121
64	170	1	2	119	0	1953125	12	0.0	0	0.96	0	0	V0.2	0	0	240	308	244	324	245	327	241	341	247	344	243	345	252	348	256	333	256	329	272	304	285	278	319	236	338	212	370	156	388	84	444	40	491	85	573	238	556	219	547	570	534	501	599	807	523	545	283	858	274	736	270	775	313	720	486	572	896	999	782	818	539	520	439	378	396	188	377	110	372	57	357	98	340	140	307	173	285	205	258	220	237	236	209	243	178
64	170	1	2	119	0	1953125	12	0.0	0	0.96	0	0	V0.2	0	0	229	310	235	322	236	327	234	340	243	340	239	342	251	341	254	325	262	321	275	292	291	268	323	224	344	198	379	139	389	68	447	59	496	109	570	264	555	253	542	601	539	553	598	854	532	609	290	901	313	778	312	803	352	722	518	564	940	1000	831	808	600	516	496	368	437	182	409	89	387	48	368	101	339	149	307	183	278	219	249	230	223	248	194	253	162
64	170	1	2	119	0	1953125	12	0.0	0	0.96	0	0	V0.2	0	0	224	308	230	321	227	323	225	336	237	338	235	338	243	338	251	323	254	318	269	290	287	266	320	223	342	197	381	136	393	66	449	62	507	117	579	264	565	262	551	605	553	575	631	882	565	649	338	941	359	811	373	860	385	755	545	602	904	1000	827	810	614	526	530	382	465	193	433	90	405	30	382	90	353	140	315	178	282	215	251	230	226	247	191	254	157
64	170	1	2	119	0	1953125	12	0.0	0	0.96	0	0	V0.2	0	0	230	314	238	330	235	332	234	343	240	348	238	348	246	351	249	336	255	330	269	306	288	281	320	240	343	219	380	161	398	86	457	47	514	103	597	253	582	246	581	597	576	564	658	890	604	650	362	960	389	842	397	887	362	770	509	600	878	1000	804	833	617	548	533	410	479	218	439	115	417	17	394	76	365	132	326	172	296	212	265	227	239	245	206	253	172
64	170	1	2	119	0	1953125	12	0.0	0	0.96	0	0	V0.2	0	0	216	283	217	300	217	300	212	317	215	321	208	325	214	329	211	321	211	319	220	302	230	287	262	254	285	243	323	195	350	132	415	65	480	92	562	196	564	176	591	489	603	458	682	765	647	564	426	858	434	765	404	822	297	773	439	596	747	1000	717	833	522	578	449	437	411	268	389	167	380	53	369	35	349	77	319	120	294	159	270	177	249	199	215	211	185
64	170	2	2	119	0	1953125	12	0.0	0	0.96	0	0	V0.2	0	0	230	317	239	328	244	326	248	334	263	331	268	325	284	318	295	295	304	285	324	251	335	215	365	167	380	122	414	66	407	67	434	175	473	237	524	397	508	392	439	724	425	683	485	1000	454	746	235	966	346	776	434	828	508	636	665	416	999	848	987	699	750	408	636	260	539	86	466	44	401	148	350	201	303	238	260	259	220	284	186	286	164	295	139	288	115
64	170	2	2	119	0	1953125	12	0.0	0	0.96	0	0	V0.2	0	0	238	313	243	328	243	330	240	344	248	346	243	347	252	348	252	338	252	334	265	309	280	290	309	252	328	232	369	175	385	109	443	20	508	78	585	228	592	220	580	558	588	531	648	852	615	641	371	909	359	781	343	839	298	744	459	534	889	1000	833	843	625	565	519	403	469	218	441	123	415	28	390	82	361	135	326	174	297	210	267	224	247	242	209	251	177
64	170	2	2	119	0	1953125	12	0.0	0	0.96	0	0	V0.2	0	0	220	274	223	287	222	292	216	307	218	313	208	318	214	321	206	316	201	318	204	301	216	292	235	267	258	257	288	217	320	160	382	85	454	89	542	171	558	115	572	408	602	393	687	690	660	502	450	772	403	662	375	770	229	706	356	556	743	1000	689	824	485	583	398	431	370	273	365	182	359	76	354	48	337	73	312	111	292	147	268	160	251	183	222	196	189
64	170	2	2	119	0	1953125	12	0.0	0	0.96	0	0	V0.2	0	0	228	275	233	290	230	295	225	311	226	317	215	322	216	330	208	324	201	327	201	311	207	303	228	284	247	276	276	239	310	188	381	116	451	107	544	163	564	100	602	383	622	354	709	659	684	476	484	763	452	655	404	748	213	715	308	548	733	1000	655	843	480	613	377	456	352	295	351	208	354	100	354	64	340	69	315	104	298	135	277	151	258	173	234	189	203
64	170	2	2	119	0	1953125	12	0.0	0	0.96	0	0	V0.2	0	0	208	276	216	283	222	283	225	288	242	283	246	278	259	270	271	251	275	239	292	208	303	176	327	132	334	94	364	60	349	86	364	187	390	235	426	385	415	366	337	645	325	618	384	893	364	682	210	836	291	632	387	660	448	429	576	282	999	722	927	576	704	323	573	179	470	62	401	82	329	174	279	211	237	237	198	248	166	265	139	261	121	268	110	254	100
64	170	2	2	119	0	1953125	12	0.0	0	0.96	0	0	V0.2	0	0	235	306	241	320	242	321	239	334	251	335	246	335	257	333	260	320	261	314	272	288	288	265	316	228	332	205	365	148	376	85	425	43	477	93	554	248	547	233	532	563	515	528	583	848	536	619	299	886	271	700	283	773	306	630	454	468	1000	962	864	785	646	497	521	337	465	155	427	70	394	61	365	118	334	164	294	198	265	231	233	239	214	254	180	257	155
64	170	2	2	119	0	1953125	12	0.0	0	0.96	0	0	V0.2	0	0	213	260	223	267	227	266	234	271	247	267	252	260	267	250	275	230	282	218	294	191	299	159	319	127	320	92	342	91	318	128	322	225	329	269	355	404	336	378	252	628	224	581	287	836	278	619	171	748	280	524	364	541	457	315	566	205	1000	659	917	485	670	252	537	114	423	88	350	127	277	209	226	236	185	250	156	255	130	265	114	257	109	258	108	241	108
64	170	2	2	119	0	1953125	12	0.0	0	0.96	0	0	V0.2	0	0	81	39	70	38	62	43	56	42	46	35	46	44	36	39	55	47	61	45	83	59	88	89	101	126	96	166	101	205	63	227	129	294	209	306	342	386	368	277	481	455	537	362	637	681	628	422	413	692	448	496	432	557	324	451	450	396	999	917	940	670	640	439	489	299	325	237	216	211	124	201	96	182	87	154	89	111	91	92	103	66	93	59	88	50	77
64	170	2	2	119	0	1953125	12	0.0	0	0.96	0	0	V0.2	0	0	87	34	77	25	74	28	68	28	57	21	56	29	48	28	61	28	67	25	88	27	108	54	127	82	136	118	149	169	102	208	106	316	161	339	273	452	298	333	432	493	516	369	639	658	651	376	464	619	477	440	468	499	221	452	340	431	997	1000	909	725	606	451	466	281	334	170	241	138	162	160	106	157	72	145	46	116	51	104	63	82	71	68	69	53	68
64	170	2	2	119	0	1953125	12	0.0	0	0.96	0	0	V0.2	0	0	75	49	67	49	54	45	51	46	38	33	34	31	29	25	39	15	49	17	61	19	85	43	101	76	113	102	129	157	84	193	94	304	149	326	257	437	270	316	413	482	483	337	596	628	617	325	427	593	455	420	457	482	212	467	337	412	952	1000	888	713	560	433	438	273	315	153	236	116	159	134	107	136	69	125	41	102	28	92	39	79	49	67	48	47	47
64	170	2	2	119	0	1953125	12	0.0	0	0.96	0	0	V0.2	0	0	66	59	53	57	40	57	34	51	21	43	16	34	10	32	24	36	32	36	49	53	50	77	58	113	45	144	51	181	55	187	148	243	234	242	360	320	357	193	452	428	461	318	511	659	515	380	279	658	360	453	392	462	319	377	457	379	1000	930	925	619	545	421	381	312	217	247	115	212	89	156	101	130	112	81	99	54	95	27	95	32	74	28	67	38	48
64	170	1	2	119	0	1953125	12	0.0	86	1.03	0	0	V0.2	0	0	112	23	80	144	131	52	73	140	137	78	92	143	134	100	127	158	131	111	161	193	142	107	201	234	174	113	227	283	185	103	216	267	214	91	201	214	220	206	208	335	312	180	183	390	452	307	92	141	402	249	293	294	569	535	396	490	999	856	701	470	386	443	364	267	293	362	302	211	233	322	302	200	177	260	271	207	159	215	248	214	169	192	214	194	179
64	170	1	2	119	0	1953125	12	0.0	61	1.03	0	0	V0.2	0	0	27	65	22	57	15	66	4	58	9	55	12	47	25	39	22	21	40	14	49	4	73	5	83	11	91	19	85	32	47	92	107	156	172	220	305	290	338	269	440	383	441	296	402	418	411	250	104	208	57	82	144	94	395	534	626	656	989	1000	951	740	606	593	480	460	304	346	205	259	117	182	81	151	73	138	64	121	64	112	54	83	50	74	39	52	38
64	170	1	2	119	0	1953125	12	0.0	36	1.03	0	0	V0.2	0	0	29	59	20	60	22	60	20	54	16	49	15	42	5	40	16	36	28	38	47	42	50	57	52	59	49	68	46	46	101	22	175	101	247	183	315	282	330	293	313	423	300	338	231	409	262	244	37	88	35	152	155	225	329	631	543	672	917	999	853	726	567	519	470	370	350	236	264	163	195	87	146	78	137	62	122	68	113	57	97	57	79	48	65	45	44
64	170	1	2	119	0	1953125	12	0.0	61	1.03	0	0	V0.2	0	0	61	24	59	24	54	29	55	26	43	35	40	33	23	41	14	35	15	43	28	38	53	56	55	54	58	67	55	51	66	58	162	112	217	177	336	260	344	237	417	366	391	266	348	388	342	188	79	154	68	143	205	153	445	598	682	641	1000	990	970	707	627	547	499	395	334	296	233	207	169	141	129	108	136	98	106	80	109	71	85	57	75	39	57	37	41
64	170	1	2	119	0	1953125	12	0.0	11	1.02	0	0	V0.2	0	0	18	70	10	65	6	65	4	55	8	50	9	38	26	34	37	26	54	18	67	22	79	9	79	2	68	23	74	39	99	107	196	166	253	223	359	287	360	243	394	337	359	226	292	334	281	149	67	151	80	158	227	161	450	601	672	658	983	1000	952	704	581	544	455	408	290	316	202	241	130	179	96	148	95	140	82	123	84	117	69	95	69	84	55	65	56
64	170	1	2	119	0	1953125	12	0.0	11	1.02	0	0	V0.2	0	0	37	62	33	59	23	64	25	52	5	57	7	40	24	44	30	34	58	28	65	28	83	17	77	7	79	22	77	40	95	110	185	179	229	238	334	301	325	255	378	318	346	209	312	290	300	125	100	82	107	191	192	178	442	592	650	631	1000	944	925	647	603	473	482	328	349	242	259	169	203	118	157	89	155	81	128	77	129	66	106	61	92	51	76	53	60
64	170	1	2	119	0	1953125	12	0.0	11	1.02	0	0	V0.2	0	0	69	8	65	8	67	6	57	13	55	17	41	30	33	36	23	54	24	58	31	74	27	74	30	73	33	62	58	55	109	91	191	163	244	226	314	307	314	284	295	390	269	289	204	368	213	215	85	65	98	181	210	222	397	644	604	716	907	999	844	704	498	541	382	404	243	314	174	239	112	186	82	154	82	146	70	128	79	117	60	94	64	79	51	65	55
64	170	1	2	119	0	1953125	12	0.0	11	1.02	0	0	V0.2	0	0	66	12	63	13	64	11	56	18	51	22	36	29	30	36	19	51	21	56	33	71	30	70	38	72	38	58	62	51	110	79	197	151	249	214	321	293	318	270	299	378	276	283	209	363	217	210	88	73	103	177	220	214	405	647	617	713	919	1000	860	703	512	536	388	403	247	314	174	237	117	186	84	153	86	144	71	126	79	114	64	97	70	81	54	64	57
64	170	1	2	119	0	1953125	12	0.0	11	1.02	0	0	V0.2	0	0	66	11	64	16	64	15	55	21	50	25	38	34	29	39	20	52	22	55	36	70	35	68	42	68	43	55	67	46	116	75	200	150	259	214	327	293	330	271	306	372	284	281	214	357	217	198	87	68	108	171	229	214	409	640	638	718	931	1000	870	690	512	526	388	397	247	309	174	236	120	185	85	151	91	142	73	124	82	113	67	93	69	77	55	66	55
64	170	1	2	119	0	1953125	12	0.0	11	1.02	0	0	V0.2	0	0	67	5	63	7	66	5	57	16	54	19	39	29	35	36	26	55	23	58	33	74	27	73	35	76	34	65	57	60	107	93	189	162	242	227	309	307	317	288	290	379	270	294	207	353	215	220	88	66	116	196	211	237	397	655	638	753	920	1000	846	695	497	530	378	400	242	309	174	239	119	186	87	158	87	144	73	127	80	118	63	96	68	80	54	66	56
64	170	1	2	119	0	1953125	12	0.0	0	1.02	0	0	V0.2	0	0	59	27	65	26	57	30	52	33	44	37	31	44	32	48	25	60	37	62	45	75	41	66	51	70	52	51	83	62	123	106	206	182	250	242	316	320	314	292	278	370	249	288	196	347	196	213	74	55	94	188	194	228	377	651	632	752	913	1000	829	690	482	520	357	390	240	307	171	234	126	183	83	155	88	144	75	134	84	117	65	105	70	85	62	79	58
64	170	1	2	119	0	1953125	12	0.0	11	1.02	0	0	V0.2	0	0	48	48	47	47	39	52	37	47	19	50	15	43	16	46	28	43	49	41	62	41	74	37	76	27	76	15	87	14	119	82	209	153	260	213	352	286	357	249	374	324	355	242	304	307	297	169	133	52	141	153	228	203	461	600	731	713	999	943	917	638	567	471	447	348	314	268	227	196	184	146	140	114	144	107	121	96	122	84	102	79	96	61	77	59	65
64	170	1	2	119	0	1953125	12	0.0	11	1.02	0	0	V0.2	0	0	65	18	61	10	66	10	57	4	57	8	42	22	41	31	31	52	28	58	30	77	22	79	21	85	17	77	38	80	89	123	164	193	217	264	284	344	294	331	283	415	270	331	210	366	233	252	68	74	73	196	169	279	382	663	655	797	907	1000	823	707	475	525	374	406	253	301	188	236	132	179	97	155	91	144	82	128	82	119	73	96	65	85	58	69	58
64	170	1	2	119	0	1953125	12	0.0	11	1.02	0	0	V0.2	0	0	62	33	59	24	65	26	57	11	61	12	48	17	48	24	39	49	38	57	32	81	30	82	21	90	7	85	17	92	64	139	141	211	192	282	263	364	272	351	278	435	272	345	225	380	261	273	68	96	87	205	130	269	361	658	634	800	916	1000	815	706	483	525	386	401	271	294	206	227	150	169	113	149	104	137	95	123	90	114	77	94	72	83	62	66	59
64	170	1	2	119	0	1953125	12	0.0	36	1.03	0	0	V0.2	0	0	31	57	31	53	40	54	37	41	43	36	36	19	46	15	38	23	46	30	37	58	51	63	45	76	51	70	30	80	28	121	95	202	150	280	234	366	244	358	292	457	302	364	276	407	308	266	63	76	63	144	69	224	326	621	603	761	917	1000	825	707	501	531	413	399	290	282	217	209	153	149	108	132	101	123	87	113	85	102	69	82	60	70	50	55	45
64	170	1	2	119	0	1953125	12	0.0	36	1.03	0	0	V0.2	0	0	46	55	43	46	53	49	45	33	55	32	41	16	50	11	37	28	44	33	34	63	51	68	46	81	56	75	39	80	30	124	89	204	143	288	231	376	240	370	313	474	328	374	312	420	361	276	107	102	115	102	18	170	314	600	603	727	949	1000	864	704	546	519	466	384	342	261	262	184	193	118	144	101	132	93	118	86	109	80	94	71	78	64	65	52	52
64	170	1	2	119	0	1953125	12	0.0	61	1.03	0	0	V0.2	0	0	29	66	17	61	22	65	11	55	24	56	23	38	36	34	31	2	48	2	43	30	69	34	73	50	92	42	79	49	52	102	46	190	102	272	207	362	224	356	347	478	374	375	379	433	410	253	151	145	160	74	19	130	302	571	614	708	991	1000	906	710	588	521	501	381	367	254	275	169	199	100	145	87	134	78	117	76	107	69	90	63	78	53	60	43	43
64	170	1	2	119	0	1953125	12	0.0	86	1.03	0	0	V0.2	0	0	26	59	20	55	29	53	27	43	35	44	34	29	44	28	38	4	45	6	37	32	47	48	52	68	71	71	68	66	72	49	82	123	128	211	194	315	214	341	303	492	338	414	342	480	388	310	153	181	175	24	47	134	263	564	565	718	933	1000	856	721	548	538	465	400	337	267	249	183	171	118	123	106	110	98	97	86	84	80	76	68	59	56	45	43	35
64	170	1	2	119	0	1953125	12	0.0	129	1.04	0	0	V0.2	0	0	22	56	14	57	16	49	14	42	23	38	30	30	42	28	46	20	55	19	53	17	49	39	48	66	63	86	71	96	91	46	107	25	142	100	181	205	197	276	289	462	331	431	353	526	394	362	173	245	173	38	46	142	252	554	542	698	881	1000	843	751	539	574	447	430	301	284	202	195	123	144	91	136	81	126	71	107	63	97	55	81	52	70	44	63	55
64	170	1	2	119	0	1953125	12	0.0	134	1.04	0	0	V0.2	0	0	42	42	40	38	40	33	38	20	41	10	42	10	46	19	43	28	42	32	37	41	23	55	12	83	22	103	30	114	61	85	108	50	161	74	216	176	236	247	306	436	323	410	323	504	356	329	151	234	158	31	87	146	263	558	560	706	893	999	859	760	540	546	449	410	313	251	210	170	142	121	108	123	102	111	91	94	77	86	71	72	55	65	49	55	53
64	170	1	2	119	0	1953125	12	0.0	81	1.03	0	0	V0.2	0	0	43	40	37	39	28	43	24	42	21	44	21	40	16	37	9	28	10	28	21	25	43	37	57	49	59	64	49	68	30	70	113	109	189	148	284	223	321	227	376	379	376	333	317	425	306	251	66	227	86	107	181	136	351	557	594	672	885	1000	849	738	494	553	392	416	253	284	173	197	106	138	74	124	65	113	67	94	59	85	54	66	40	57	32	37	29
64	170	1	2	119	0	1953125	12	0.0	86	1.03	0	0	V0.2	0	0	52	25	47	21	52	12	48	5	50	5	43	16	40	20	26	25	19	31	7	43	5	60	11	78	4	86	9	77	63	21	138	70	207	143	274	241	294	271	323	421	315	357	269	428	266	224	83	181	106	114	182	171	346	591	582	681	870	1000	833	729	478	544	383	407	244	277	167	195	99	143	72	125	63	118	61	97	53	90	45	65	37	56	28	38	30
64	170	1	2	119	0	1953125	12	0.0	0	0.96	0	0	V0.2	0	0	34	68	28	57	21	57	35	45	27	33	25	32	29	21	11	45	23	38	12	61	45	63	67	72	101	71	140	52	159	52	213	192	229	227	273	371	216	296	262	498	292	340	376	522	427	230	347	441	403	288	335	219	256	562	462	571	940	1000	806	636	407	317	276	156	210	97	138	94	96	140	57	119	44	106	36	76	51	54	53	46	61	29	51	26	44
64	170	1	2	119	0	1953125	12	0.0	11	1.02	0	0	V0.2	0	0	63	9	59	7	63	0	55	11	53	11	39	25	34	30	26	49	22	57	29	72	18	74	17	77	16	70	35	67	88	117	151	196	217	269	261	345	277	344	280	429	279	349	252	374	246	204	31	63	22	147	108	220	360	625	570	715	912	1000	821	715	493	522	387	382	276	275	214	203	157	147	125	128	113	118	105	107	96	98	86	84	77	74	64	61	58
64	170	1	2	119	0	1953125	12	0.0	11	1.02	0	0	V0.2	0	0	63	9	59	7	63	0	55	11	53	11	39	25	34	30	26	49	22	57	29	72	18	74	17	77	16	70	35	67	88	117	151	196	217	269	261	345	277	344	280	429	279	349	252	374	246	204	31	63	22	147	108	220	360	625	570	715	912	1000	821	715	493	522	387	382	276	275	214	203	157	147	125	128	113	118	105	107	96	98	86	84	77	74	64	61	58
64	170	1	2	119	0	1953125	12	0.0	11	1.02	0	0	V0.2	0	0	55	35	51	28	57	30	48	16	53	16	42	13	44	18	37	45	40	50	34	71	32	70	24	79	12	74	11	84	59	141	126	219	185	287	240	356	252	345	279	423	279	341	262	358	253	205	14	33	10	168	98	234	370	632	579	721	916	1000	819	706	492	518	383	376	274	276	209	205	156	152	119	132	109	121	98	111	93	100	77	84	73	75	62	65	57
64	170	1	2	119	0	1953125	12	0.0	11	1.02	0	0	V0.2	0	0	62	6	60	9	63	7	53	16	50	19	38	31	32	36	22	50	24	57	34	70	34	73	37	72	37	62	59	50	110	86	188	165	252	231	311	312	325	314	332	432	331	363	287	408	268	243	22	111	19	86	125	178	379	589	592	710	928	1000	861	711	508	545	391	408	257	323	186	245	128	189	92	155	91	147	78	128	82	116	68	98	71	83	59	69	61
64	170	1	2	119	0	1953125	12	0.0	11	1.02	0	0	V0.2	0	0	54	37	50	29	57	32	49	19	54	18	44	15	46	18	39	44	42	52	37	74	36	76	30	84	15	82	9	90	53	147	125	224	185	298	247	369	267	370	310	456	318	388	312	401	299	263	61	59	54	133	44	213	339	605	561	726	918	1000	844	724	510	536	414	396	298	292	235	217	176	161	134	137	120	126	107	114	102	105	83	85	77	79	67	67	62
64	170	1	2	119	0	1953125	12	0.0	0	1.02	0	0	V0.2	0	0	49	46	52	44	50	38	49	31	50	22	51	20	51	27	55	43	58	55	62	68	61	70	52	76	40	84	33	111	57	180	138	262	192	322	266	377	286	342	343	403	354	310	340	323	327	186	78	50	72	165	89	205	416	620	650	697	1000	988	909	668	560	484	466	333	341	249	276	173	212	126	170	94	157	95	139	84	134	84	109	73	105	68	81	68	79
64	170	1	2	119	0	1953125	12	0.0	0	1.02	0	0	V0.2	0	0	5	71	8	67	14	63	16	56	27	48	35	41	45	32	57	37	69	36	80	42	83	39	82	42	73	58	79	85	102	156	182	230	236	285	311	336	330	303	388	373	389	284	358	315	345	170	95	74	89	137	114	181	443	605	672	669	1000	952	907	633	563	468	469	328	343	248	272	177	209	129	164	96	155	94	135	83	133	81	109	74	103	66	82	67	77
64	170	1	2	119	0	1953125	12	0.0	0	1.02	0	0	V0.2	0	0	54	42	57	39	50	43	42	44	39	45	24	52	33	51	35	66	48	61	62	73	60	60	72	63	72	41	105	52	144	102	227	177	279	239	339	306	344	305	348	409	334	330	280	369	264	237	102	63	97	139	157	241	461	661	662	758	968	1000	861	682	508	531	391	404	270	324	198	255	143	196	104	166	100	153	90	138	88	121	77	106	76	91	69	79	67
64	170	1	2	119	0	1953125	12	0.0	0	1.02	0	0	V0.2	0	0	24	65	26	58	20	59	13	57	16	53	16	52	32	45	47	51	62	40	77	42	79	27	88	22	81	21	105	44	138	109	222	175	274	230	340	282	352	260	377	348	367	263	312	305	299	173	125	52	140	136	187	211	502	624	699	704	1000	936	887	619	543	471	431	346	305	279	231	216	179	164	140	134	133	125	117	112	116	102	96	82	90	78	78	71	75
64	170	1	2	119	0	1953125	12	0.0	0	1.02	0	0	V0.2	0	0	28	62	30	58	20	56	16	55	14	50	12	50	29	44	44	51	58	38	73	43	75	25	84	20	81	18	106	37	143	103	226	167	275	221	338	269	342	246	360	341	349	256	290	300	279	168	126	52	148	147	194	216	503	634	699	715	1000	942	879	617	532	472	417	352	293	285	221	220	167	172	133	144	126	136	114	120	112	112	94	91	89	82	79	74	75
64	170	1	2	119	0	1953125	12	0.0	0	1.02	0	0	V0.2	0	0	18	66	21	60	12	60	8	56	12	52	17	48	32	40	47	46	62	33	77	37	78	18	85	15	79	27	101	49	133	113	214	174	264	225	330	271	333	238	365	331	353	238	296	283	288	150	125	60	147	149	183	192	493	617	692	688	999	927	882	597	530	450	422	327	299	263	231	202	179	155	144	128	138	125	124	108	120	102	100	82	94	77	79	70	76
64	170	1	2	119	0	1953125	12	0.0	11	1.02	0	0	V0.2	0	0	50	47	50	49	40	52	39	48	23	53	20	43	17	48	27	44	50	44	59	40	75	37	75	27	76	13	88	17	121	79	209	157	257	209	339	273	339	242	389	364	377	259	322	317	310	166	126	76	142	149	179	173	482	613	685	670	1000	939	898	612	545	466	434	336	310	267	233	194	187	148	145	116	146	110	122	97	122	85	97	69	90	58	75	59	65
64	170	1	2	119	0	1953125	12	0.0	11	1.02	0	0	V0.2	0	0	58	40	55	32	62	33	52	18	57	15	43	10	45	17	38	45	39	50	33	74	32	74	20	82	19	75	17	86	62	143	126	226	180	295	237	365	239	348	281	456	283	351	252	367	260	233	16	21	29	197	98	227	361	660	567	699	901	1000	805	691	460	513	379	383	273	282	211	208	153	157	122	135	109	127	102	112	92	103	79	87	71	77	62	62	57
64	170	1	2	119	0	1953125	12	0.0	36	1.03	0	0	V0.2	0	0	40	53	39	47	49	47	43	32	49	31	41	13	45	12	36	30	41	38	31	62	41	66	31	77	39	67	24	73	54	110	111	195	170	270	233	352	245	354	293	481	304	386	272	407	282	262	11	54	23	180	113	210	347	648	550	672	869	999	803	706	454	534	374	403	257	297	189	219	131	171	98	143	88	134	76	114	73	107	61	83	58	71	46	59	47
64	170	1	2	119	0	1953125	12	0.0	36	1.03	0	0	V0.2	0	0	52	48	48	41	58	44	49	27	56	28	42	12	48	8	35	31	40	36	31	64	43	68	40	80	45	66	30	70	46	118	95	209	161	293	225	374	244	371	308	488	330	389	315	402	325	248	47	53	42	185	102	211	343	645	558	635	894	1000	848	717	502	518	431	381	314	261	240	180	177	129	138	109	124	101	112	90	100	81	84	67	71	60	58	48	49
64	170	1	2	119	0	1953125	12	0.0	36	1.03	0	0	V0.2	0	0	51	44	48	37	58	40	50	25	54	26	43	10	48	8	35	33	38	40	30	65	40	68	35	79	42	69	28	67	50	115	101	200	166	288	228	372	252	372	305	490	337	405	323	412	333	260	61	63	46	168	113	210	334	632	547	629	878	999	841	724	499	528	427	389	314	271	238	185	175	133	135	110	120	102	108	90	99	84	84	70	70	62	57	49	47
64	170	1	2	119	0	1953125	12	0.0	36	1.03	0	0	V0.2	0	0	55	38	53	28	58	33	52	18	56	19	45	9	46	11	31	34	32	43	24	68	30	74	26	82	28	72	23	65	61	106	117	190	186	275	246	365	272	374	308	495	341	421	321	429	330	281	56	67	39	152	121	211	334	631	548	630	854	1000	824	732	485	547	418	409	302	289	227	203	163	144	124	120	108	112	99	97	89	91	76	75	65	68	53	51	46
64	170	1	2	119	0	1953125	12	0.0	11	1.02	0	0	V0.2	0	0	71	13	65	5	70	7	59	6	59	7	43	23	39	28	30	52	25	60	27	78	18	82	12	83	16	73	37	72	91	126	150	214	217	296	266	378	288	376	296	487	330	406	300	410	311	266	34	53	30	164	137	223	343	639	554	628	852	1000	823	732	480	545	419	410	308	292	241	206	176	146	139	121	120	109	111	97	100	91	88	77	76	69	67	55	57
64	170	1	2	119	0	1953125	12	0.0	11	1.02	0	0	V0.2	0	0	62	33	58	25	65	27	53	12	59	10	44	13	45	20	36	49	35	54	29	75	27	77	14	84	13	72	26	80	78	139	141	220	198	296	257	374	278	372	292	478	320	401	292	404	300	273	32	45	19	170	136	226	354	645	561	633	840	1000	812	733	470	560	405	428	292	317	222	231	159	171	122	140	105	130	95	113	88	105	75	87	70	80	59	63	57
64	170	1	2	119	0	1953125	12	0.0	11	1.02	0	0	V0.2	0	0	50	54	45	44	56	47	45	27	52	28	42	12	51	13	43	39	50	44	45	69	50	69	40	78	32	76	6	92	41	168	113	252	171	329	242	397	266	385	316	468	346	388	330	378	335	255	69	21	48	199	118	247	364	643	592	628	886	1000	855	733	522	545	454	404	340	290	265	206	201	145	156	116	138	106	123	96	114	88	95	77	82	70	70	59	60
64	170	1	2	119	0	1953125	12	0.0	11	1.02	0	0	V0.2	0	0	57	44	52	34	60	38	49	21	56	18	43	10	47	15	39	43	42	50	38	74	38	72	24	79	23	72	18	87	62	159	128	239	185	319	248	391	271	388	299	473	329	396	307	386	310	255	38	31	19	195	147	251	355	640	571	617	843	1000	833	736	497	560	436	421	318	305	247	220	181	158	140	128	121	117	108	102	96	95	82	78	76	71	61	58	56
64	170	1	2	119	0	1953125	12	0.0	11	1.02	0	0	V0.2	0	0	60	29	58	20	65	23	53	7	58	6	44	17	43	22	31	47	32	54	26	74	20	74	10	78	20	67	41	74	92	137	155	221	217	299	270	373	289	376	294	477	317	397	283	401	282	254	5	45	26	185	190	243	359	625	562	618	824	1000	821	748	484	580	417	445	293	332	224	241	156	178	117	146	100	132	88	114	83	109	71	86	67	77	57	63	54
64	170	1	2	119	0	1953125	12	0.0	11	1.02	0	0	V0.2	0	0	57	39	53	30	59	33	48	16	53	16	40	9	44	16	37	42	39	50	33	71	32	70	19	74	22	68	26	81	72	156	134	240	192	315	247	385	267	378	287	460	313	375	292	370	287	216	26	64	46	215	202	282	368	634	574	604	832	1000	829	742	500	563	432	425	314	306	239	218	175	156	132	128	117	115	101	102	94	96	78	78	70	70	61	60	54
64	170	1	2	119	0	1953125	12	0.0	11	1.02	0	0	V0.2	0	0	55	47	49	36	56	41	45	23	54	21	41	7	45	13	40	41	43	48	38	69	40	68	28	72	29	68	20	82	61	163	126	250	187	328	249	398	272	385	302	468	336	379	314	371	310	211	44	88	58	220	212	297	361	631	575	586	836	999	843	747	519	564	452	425	331	299	255	211	186	143	138	116	122	103	106	94	97	85	82	77	72	66	62	56	53
64	170	1	2	119	0	1953125	12	0.0	30	1.02	0	0	V0.2	0	0	29	60	25	53	33	58	27	43	36	43	30	22	41	15	35	18	45	26	43	50	57	50	53	59	56	51	36	63	34	138	92	227	158	313	236	388	268	392	336	494	374	409	362	410	358	237	85	90	73	186	190	275	345	616	569	577	837	999	849	751	536	571	470	436	343	303	258	211	188	141	135	115	115	101	96	91	88	85	71	71	62	61	52	48	42
64	170	1	2	119	0	1953125	12	0.0	0	0.96	0	0	V0.2	0	0	32	71	20	61	21	57	24	49	17	42	16	38	17	34	10	45	13	47	8	68	19	85	36	112	71	125	105	128	157	109	226	157	300	187	357	297	347	270	348	546	392	467	397	659	432	398	239	494	352	283	419	299	392	482	512	418	813	1000	820	686	386	475	255	349	148	225	107	155	128	69	130	49	129	31	100	34	84	42	67	58	51	50	42	52	30
64	170	1	2	119	0	1953125	12	0.0	0	0.96	0	0	V0.2	0	0	25	75	25	65	20	61	25	52	24	44	17	39	19	38	14	46	12	52	12	73	17	93	30	122	65	137	95	154	154	143	222	179	311	211	379	300	391	254	396	531	463	475	462	694	496	434	250	579	357	363	413	387	438	462	568	371	884	1000	905	651	446	459	326	335	164	252	83	205	88	139	106	112	115	74	103	51	94	27	91	34	75	34	63	35	45
64	170	1	2	119	0	1953125	12	0.0	0	0.96	0	0	V0.2	0	0	77	54	60	53	55	58	43	60	31	56	32	57	31	52	50	60	57	61	66	81	70	112	69	150	69	190	71	221	102	239	176	272	280	295	374	350	422	264	483	510	552	448	577	688	594	427	286	652	398	454	377	491	471	489	606	363	956	1000	988	656	482	407	403	307	221	239	122	218	65	186	89	162	98	122	100	84	98	62	104	46	99	48	87	43	71
64	170	1	2	119	0	1953125	12	0.0	0	0.96	0	0	V0.2	0	0	65	62	50	57	42	63	31	62	20	57	21	60	29	53	41	63	49	67	56	89	53	117	55	152	57	184	84	209	126	208	202	236	301	256	389	322	426	269	470	536	529	485	556	722	566	488	297	650	405	444	386	435	433	417	546	371	966	1000	982	704	526	455	391	350	213	258	101	224	75	170	104	139	115	103	113	66	108	48	109	41	94	49	81	46	63
64	170	1	2	119	0	1953125	12	0.0	0	0.96	0	0	V0.2	0	0	65	56	49	58	41	60	30	57	20	56	19	56	25	51	38	58	44	62	51	84	50	111	49	146	54	175	72	199	119	200	190	222	292	244	374	310	404	241	436	513	511	465	544	714	554	462	290	629	370	403	365	416	368	379	495	352	958	1000	963	682	503	444	378	332	196	244	90	213	66	162	95	134	108	98	105	63	100	43	102	37	89	43	75	42	61
64	170	1	2	119	0	1953125	12	0.0	0	0.96	0	0	V0.2	0	0	46	72	31	64	25	68	9	64	6	60	12	58	23	54	31	65	35	69	36	95	38	112	45	145	73	161	109	174	164	157	227	184	317	214	383	298	388	264	387	544	443	505	487	744	511	487	297	638	428	405	448	420	437	378	470	334	875	999	882	660	426	483	319	364	162	264	96	213	120	141	134	109	139	67	125	45	107	37	102	50	82	56	68	53	49
64	170	1	2	119	0	1953125	12	0.0	0	0.96	0	0	V0.2	0	0	81	50	64	52	58	56	46	58	35	54	35	57	36	52	52	57	60	62	72	82	80	112	78	150	78	192	77	226	103	250	171	289	278	313	373	360	408	260	482	516	561	456	613	742	626	480	364	726	466	527	455	561	424	401	463	287	982	1000	990	680	535	445	432	333	254	255	134	232	77	200	87	170	96	136	100	94	103	69	108	51	97	52	86	44	73
64	170	1	2	119	0	1953125	12	0.0	0	0.96	0	0	V0.2	0	0	73	59	53	59	48	63	37	61	26	58	24	57	27	53	45	63	53	65	63	87	62	113	61	153	59	187	73	219	114	224	185	254	299	276	382	324	409	234	453	503	524	458	563	736	580	469	320	700	421	485	452	538	429	375	449	266	956	1000	949	644	498	453	389	330	214	263	107	230	73	189	99	155	111	116	111	77	106	53	109	43	93	45	81	44	65
64	170	1	2	119	0	1953125	12	0.0	0	0.96	0	0	V0.2	0	0	82	58	64	54	56	63	46	60	34	58	32	62	36	54	50	61	59	62	70	87	76	116	75	157	74	198	80	232	109	254	183	289	293	317	389	354	414	262	499	521	555	461	608	747	618	478	356	745	479	560	488	594	486	432	488	271	980	1000	975	664	519	441	418	340	249	269	132	238	80	205	93	176	106	136	104	91	106	64	111	51	105	50	88	44	72
64	170	1	2	119	0	1953125	12	0.0	0	0.96	0	0	V0.2	0	0	59	69	39	68	32	70	19	66	11	61	9	59	24	57	37	67	39	74	47	98	45	120	46	157	69	183	104	203	159	193	230	213	334	244	406	302	409	256	428	541	475	501	520	765	540	504	327	703	476	490	505	506	495	368	448	254	893	999	899	660	462	483	342	375	182	282	99	230	115	167	136	132	143	85	128	56	115	39	110	48	88	52	73	50	55
64	170	1	2	119	0	1953125	12	0.0	0	0.96	0	0	V0.2	0	0	85	30	77	27	70	32	66	36	53	32	57	36	48	36	64	33	72	39	89	45	107	73	113	107	126	156	123	205	103	251	106	328	207	363	291	419	333	310	452	493	549	390	626	651	654	382	421	653	501	489	452	534	337	419	348	279	943	1000	921	687	524	409	427	272	287	183	184	165	113	175	76	163	56	146	51	112	60	97	73	78	78	62	73	44	68
64	170	1	2	119	0	1953125	12	0.0	0	0.96	0	0	V0.2	0	0	83	37	69	38	61	41	57	47	47	39	45	44	40	42	59	41	64	47	78	58	91	87	94	121	99	169	93	208	88	243	123	301	235	334	318	377	355	260	450	465	547	394	599	662	632	399	377	666	449	475	411	520	355	418	419	273	972	1000	922	639	517	408	419	270	261	211	160	193	86	187	69	165	69	140	68	100	78	83	86	61	88	52	75	40	72
64	170	1	2	119	0	1953125	12	0.0	0	0.96	0	0	V0.2	0	0	79	50	65	47	58	55	49	57	37	49	36	53	34	46	48	52	58	55	68	73	80	104	75	139	79	184	75	219	93	245	154	283	262	305	352	346	382	249	474	477	537	416	587	698	609	434	355	715	466	496	418	534	416	397	433	264	995	1000	935	629	519	418	410	305	246	245	137	219	77	196	84	167	93	133	92	90	94	65	99	48	92	47	81	38	68
64	170	1	2	119	0	1953125	12	0.0	0	0.96	0	0	V0.2	0	0	41	67	28	63	19	59	18	55	7	45	3	40	5	37	21	43	19	49	27	70	29	94	25	121	39	155	57	174	110	183	187	214	278	238	357	286	371	224	431	475	483	422	502	677	523	426	305	649	374	420	387	432	358	375	451	308	977	1000	900	612	497	423	349	298	193	240	96	203	64	159	79	133	90	99	82	66	79	46	83	31	71	30	64	28	48
64	170	1	2	119	0	1953125	12	0.0	0	0.96	0	0	V0.2	0	0	61	61	44	58	36	62	25	61	13	57	14	56	23	49	36	60	39	62	48	85	45	111	48	145	58	178	84	196	129	199	201	218	297	242	377	291	386	244	440	492	475	454	511	709	519	455	322	691	429	460	420	450	411	375	463	317	974	1000	896	616	481	440	340	323	183	262	97	216	93	167	117	131	124	91	114	56	106	39	102	35	87	50	72	45	58
64	170	1	2	119	0	1953125	12	0.0	0	0.96	0	0	V0.2	0	0	80	35	69	32	63	38	58	39	46	35	44	41	39	37	55	38	61	40	75	53	92	82	94	113	102	157	93	197	85	235	112	290	208	315	295	367	335	269	451	452	520	383	586	634	602	400	403	664	458	469	400	462	283	370	398	330	1000	988	909	639	527	396	404	255	261	195	159	174	90	178	70	157	64	133	67	98	73	75	83	59	82	47	72	37	67
64	170	1	2	119	0	1953125	12	0.0	0	0.96	0	0	V0.2	0	0	64	51	50	47	45	51	38	53	27	48	22	46	22	42	38	48	43	51	55	70	57	97	55	127	54	160	59	187	88	199	155	225	246	242	332	288	350	210	428	442	473	388	513	647	517	414	324	641	372	410	339	383	274	326	423	364	1000	959	898	612	507	398	353	274	196	222	95	191	63	161	85	134	93	100	94	64	92	46	94	36	78	37	69	36	56
64	170	1	2	119	0	1953125	12	0.0	0	0.96	0	0	V0.2	0	0	54	61	37	55	32	60	21	56	9	53	9	52	19	48	30	58	35	61	40	84	38	106	41	135	55	162	81	177	128	172	199	195	286	214	360	269	359	226	406	481	448	453	491	701	497	467	341	664	394	430	392	370	329	378	467	388	993	1000	888	625	488	454	323	313	168	255	99	205	109	157	127	117	131	78	117	46	101	34	100	38	80	49	70	47	53
64	170	1	2	119	0	1953125	12	0.0	0	0.96	0	0	V0.2	0	0	54	61	37	55	32	60	21	56	9	53	9	52	19	48	30	58	35	61	40	84	38	106	41	135	55	162	81	177	128	172	199	195	286	214	360	269	359	226	406	481	448	453	491	701	497	467	341	664	394	430	392	370	329	378	467	388	993	1000	888	625	488	454	323	313	168	255	99	205	109	157	127	117	131	78	117	46	101	34	100	38	80	49	70	47	53
64	170	1	2	119	0	1953125	12	0.0	0	0.96	0	0	V0.2	0	0	40	70	23	64	20	68	10	61	8	55	14	51	24	50	26	61	29	67	28	91	36	108	50	133	86	148	118	156	174	143	229	166	310	202	370	277	349	273	369	522	399	495	456	723	475	482	368	657	454	413	452	370	409	409	482	389	907	1000	828	632	429	489	290	346	167	261	134	193	154	130	163	92	153	53	127	43	105	46	93	60	73	60	60	58	46
64	170	1	2	119	0	1953125	12	0.0	0	0.96	0	0	V0.2	0	0	239	258	247	266	257	260	267	259	283	252	290	241	305	232	312	211	316	197	324	179	322	161	324	160	319	164	314	189	285	257	239	344	232	406	208	495	170	484	109	671	178	614	273	798	349	560	357	660	493	426	466	352	559	179	601	250	1000	686	934	377	582	245	466	160	319	227	224	253	149	295	108	296	90	285	99	271	117	268	127	250	139	242	159	216	165
64	170	1	2	119	0	1953125	12	0.0	0	0.96	0	0	V0.2	0	0	266	259	278	263	285	258	297	260	313	249	318	246	328	237	335	219	336	215	334	205	324	205	316	220	294	238	283	275	233	329	163	415	127	471	97	563	65	514	196	663	297	589	416	753	502	513	495	557	607	304	565	205	569	303	547	463	1000	861	968	497	591	372	428	276	253	313	147	317	78	333	70	323	108	302	135	278	170	261	185	242	196	223	215	192	218
64	170	1	2	119	0	1953125	12	0.0	0	0.96	0	0	V0.2	0	0	70	41	59	38	52	41	47	44	34	37	37	41	30	35	44	38	51	41	62	54	73	83	76	113	77	150	68	182	69	210	115	257	206	283	292	327	320	229	408	395	462	342	512	575	518	367	339	585	360	415	311	406	337	415	479	423	1000	937	881	599	492	354	357	222	208	187	122	174	75	171	75	144	76	118	77	81	80	62	85	45	79	42	68	32	60
64	170	1	2	119	0	1953125	12	0.0	0	0.96	0	0	V0.2	0	0	52	61	36	59	29	64	17	57	8	54	6	51	18	47	27	57	31	61	36	85	36	104	36	134	51	159	79	178	127	173	196	198	289	218	363	272	362	218	390	443	408	412	442	647	444	416	302	619	368	413	369	377	438	434	523	436	1000	974	871	591	459	417	305	288	152	238	91	192	116	155	135	116	134	75	116	46	108	36	100	42	78	48	68	48	50
64	170	1	2	119	0	1953125	12	0.0	0	0.96	0	0	V0.2	0	0	75	46	61	45	54	48	46	52	34	44	33	46	30	42	47	42	49	50	65	63	73	91	73	122	78	163	68	193	79	225	133	270	228	291	315	335	338	230	426	411	467	340	508	592	505	352	328	645	396	466	341	480	418	471	517	402	1000	931	866	564	480	356	364	232	217	205	124	188	82	188	88	158	90	125	85	85	91	64	94	45	84	42	74	36	65
64	170	1	2	119	0	1953125	12	0.0	0	0.96	0	0	V0.2	0	0	57	58	41	55	35	61	24	58	15	52	15	51	21	48	34	56	36	60	45	81	42	104	44	135	50	160	74	181	118	184	186	212	272	223	357	281	359	222	403	439	418	395	451	640	445	411	310	656	412	447	353	410	439	426	527	441	1000	928	861	580	467	396	318	284	169	235	97	194	107	160	131	128	132	85	118	51	109	38	102	36	83	45	71	48	56
64	170	1	2	119	0	1953125	12	0.0	0	0.96	0	0	V0.2	0	0	210	234	222	240	229	233	239	237	252	229	258	222	269	213	279	193	281	182	287	164	289	146	292	141	287	137	290	163	259	218	224	303	223	357	215	441	179	429	94	594	121	532	206	711	249	479	283	589	384	355	370	301	525	229	607	284	1000	660	883	358	535	176	414	93	284	176	202	213	143	258	107	262	93	255	93	246	104	243	111	231	119	222	135	200	141
64	170	1	2	119	0	1953125	12	0.0	0	0.96	0	0	V0.2	0	0	204	227	210	241	207	241	208	256	206	263	196	267	195	279	184	274	175	277	174	268	167	260	178	252	196	237	205	228	255	172	295	136	363	112	427	131	432	44	477	232	492	212	543	417	518	277	349	546	346	454	265	507	158	615	274	585	697	1000	517	687	218	483	171	341	205	228	245	162	268	96	282	86	273	85	252	103	249	115	234	121	223	139	205	149	188
64	170	1	2	119	0	1953125	12	0.0	0	0.96	0	0	V0.2	0	0	25	74	16	66	14	61	17	59	23	48	23	46	31	46	32	58	30	67	31	80	43	100	66	114	103	124	135	121	187	108	237	159	302	214	357	302	327	297	332	506	325	447	393	660	393	371	330	577	438	335	403	364	513	533	530	544	956	1000	789	633	397	454	250	321	160	218	149	156	175	104	176	79	155	57	125	59	96	64	84	70	64	72	55	60	45
64	170	1	2	119	0	1953125	12	0.0	0	0.96	0	0	V0.2	0	0	69	36	62	36	51	39	50	44	35	40	36	41	33	40	45	36	53	44	61	49	76	80	73	106	85	140	71	175	79	208	119	270	201	287	285	336	305	243	398	383	426	303	483	527	458	296	305	567	352	413	275	440	425	551	562	522	1000	920	811	542	458	334	340	195	219	179	129	165	95	184	87	151	80	124	75	91	84	69	85	55	84	46	74	45	64
64	170	1	2	119	0	1953125	12	0.0	0	0.96	0	0	V0.2	0	0	62	44	53	45	40	46	38	50	26	43	27	43	25	44	39	40	45	50	50	59	63	90	58	114	65	147	54	174	85	194	140	245	228	255	307	301	327	217	396	374	416	312	454	532	425	319	279	574	338	400	269	421	453	524	586	519	1000	895	810	521	455	335	327	213	192	196	108	177	88	181	100	145	98	112	90	77	98	59	87	45	83	40	68	41	62
64	170	1	2	119	0	1953125	12	0.0	0	0.96	0	0	V0.2	0	0	58	45	48	47	36	45	33	50	19	42	21	44	19	42	35	41	39	51	45	61	53	89	46	114	52	144	48	166	90	182	149	228	235	236	311	282	327	206	384	367	399	320	433	528	402	322	251	544	310	379	255	384	444	497	584	531	1000	882	808	520	440	329	307	215	168	196	95	174	85	170	104	131	103	99	97	64	98	50	90	37	85	42	69	40	59
64	170	1	2	119	0	1953125	12	0.0	0	0.96	0	0	V0.2	0	0	64	36	57	38	45	37	44	46	32	37	33	39	27	36	40	32	49	41	53	46	69	77	65	101	75	133	61	162	69	191	111	255	200	267	272	315	296	221	377	351	405	281	454	482	418	263	257	510	302	364	234	407	417	527	558	540	1000	901	790	520	439	315	324	183	196	168	116	159	83	173	82	145	79	115	74	85	83	62	80	51	84	42	68	39	59
64	170	1	2	119	0	1953125	12	0.0	0	0.96	0	0	V0.2	0	0	59	44	52	43	38	42	38	47	26	36	25	40	22	37	36	37	43	46	47	53	55	85	51	111	55	140	41	163	79	183	140	231	221	237	297	281	308	191	378	347	381	271	406	482	364	253	199	513	276	356	232	387	449	525	589	531	1000	870	776	472	405	300	301	191	166	185	86	168	80	171	100	135	99	103	93	64	99	51	89	39	85	42	71	42	63
64	170	1	2	119	0	1953125	12	0.0	0	1.02	0	0	V0.2	0	0	15	66	21	57	9	55	9	50	8	43	19	42	30	33	45	39	55	25	69	24	61	3	68	12	55	48	82	66	121	133	206	176	246	228	320	242	302	212	318	234	250	141	199	198	127	35	138	233	177	283	324	356	533	645	740	692	1000	915	859	584	522	455	439	330	281	238	199	163	143	112	114	86	119	90	108	80	111	78	90	62	85	59	67	54	64
64	170	1	2	119	0	1953125	12	0.0	0	1.02	0	0	V0.2	0	0	8	62	9	57	7	52	12	46	19	39	27	36	35	28	47	30	53	19	65	21	60	20	61	30	47	61	67	87	103	154	180	194	217	238	288	254	272	211	286	209	222	101	170	136	109	78	158	229	189	321	345	399	557	676	748	713	1000	901	834	560	510	418	426	293	280	205	203	135	157	91	128	71	134	80	119	72	121	72	98	60	87	54	69	54	64
64	170	1	2	119	0	1953125	12	0.0	0	1.02	0	0	V0.2	0	0	12	60	12	56	13	51	19	44	24	36	32	33	39	24	50	30	56	23	64	26	58	29	55	39	42	70	57	97	95	163	167	211	210	253	273	269	260	220	268	204	217	106	170	119	108	91	151	231	193	345	351	420	562	700	745	710	1000	909	824	555	509	417	422	279	281	193	207	123	160	84	133	69	137	77	124	73	122	69	98	61	92	53	71	55	64
64	170	1	2	119	0	1953125	12	0.0	0	1.02	0	0	V0.2	0	0	8	65	10	58	9	54	16	46	21	38	31	36	40	26	51	31	57	22	67	22	58	23	58	36	44	66	65	92	104	162	182	206	219	248	285	261	269	211	276	197	212	97	167	122	110	93	162	224	199	335	346	400	564	696	749	705	1000	886	810	531	491	401	407	271	268	189	197	121	160	84	132	70	139	81	124	71	121	70	96	56	90	51	68	52	63
64	170	1	2	119	0	1953125	12	0.0	0	1.02	0	0	V0.2	0	0	15	59	14	54	16	47	20	40	24	31	33	28	39	21	49	27	54	22	60	26	54	32	49	43	35	69	49	100	85	165	158	216	198	255	260	269	245	216	258	201	202	101	172	122	93	93	141	233	182	339	321	414	548	686	723	713	1000	893	795	541	496	402	403	264	269	182	197	112	154	78	129	67	136	74	121	71	121	65	95	59	91	51	71	52	62
64	170	1	2	119	0	1953125	12	0.0	0	1.02	0	0	V0.2	0	0	8	62	10	56	7	51	13	46	19	37	27	36	36	27	48	30	55	19	63	19	58	20	57	32	43	61	64	89	102	152	176	198	218	239	278	249	258	197	269	191	210	99	175	133	97	83	153	226	200	329	329	389	543	660	714	691	999	879	799	531	494	395	395	264	260	185	188	119	152	83	126	69	134	77	118	71	118	68	94	56	86	51	68	50	60
64	170	1	2	119	0	1953125	12	0.0	0	1.02	0	0	V0.2	0	0	7	62	11	55	7	50	14	46	19	34	27	35	34	25	48	30	52	18	63	18	57	22	57	34	43	63	61	90	101	152	173	198	218	240	276	249	255	191	265	188	209	101	175	131	97	80	152	230	202	328	329	392	543	658	708	681	1000	886	801	529	496	401	399	262	260	186	190	118	149	84	125	68	133	75	115	71	118	67	91	57	88	53	68	51	61
64	170	1	2	119	0	1953125	12	0.0	11	1.02	0	0	V0.2	0	0	18	63	15	56	9	60	4	43	14	45	13	28	31	30	37	22	55	13	56	20	64	10	54	23	44	54	41	80	58	154	145	204	180	259	260	271	234	231	291	230	215	122	200	143	108	86	125	240	170	346	298	415	525	695	720	706	1000	901	798	557	507	412	411	269	272	174	193	103	153	69	122	67	132	64	115	69	112	58	87	53	75	43	62	44	46
64	170	1	2	119	0	1953125	12	0.0	0	1.02	0	0	V0.2	0	0	55	21	59	21	50	20	43	29	39	28	25	39	30	40	22	56	28	51	28	64	18	48	39	50	51	33	91	55	134	117	198	182	230	244	274	281	235	260	212	304	128	200	109	227	42	19	220	167	224	304	328	419	509	740	688	824	983	1000	766	651	452	505	343	360	209	262	139	186	89	144	63	133	77	130	73	124	77	107	64	93	65	77	57	67	53
64	170	1	2	119	0	1953125	12	0.0	11	1.02	0	0	V0.2	0	0	26	56	24	51	17	54	15	43	1	44	3	34	24	35	31	25	52	21	54	15	64	7	55	12	48	41	51	65	77	129	156	177	197	225	275	243	253	198	298	217	230	119	202	165	118	58	122	227	168	310	309	385	522	655	716	684	1000	883	802	542	519	413	411	265	268	180	187	105	147	66	119	61	130	60	112	65	112	53	88	52	80	42	63	43	46
64	170	1	2	119	0	1953125	12	0.0	11	1.02	0	0	V0.2	0	0	65	14	60	14	59	12	51	19	43	21	31	30	23	36	20	51	19	53	27	62	21	60	24	55	36	38	68	22	127	71	198	140	247	210	303	256	273	248	266	317	177	222	130	278	63	39	209	164	209	255	334	363	503	705	721	805	999	981	797	647	470	517	364	371	197	273	127	192	75	148	57	128	75	131	65	115	74	106	54	83	61	70	46	55	47
64	170	1	2	119	0	1953125	12	0.0	11	1.02	0	0	V0.2	0	0	61	9	59	10	61	9	51	15	44	19	32	27	27	37	20	49	21	54	24	61	21	61	21	56	35	40	63	27	122	72	189	143	241	209	295	260	271	251	259	318	185	223	128	270	68	45	185	124	184	243	319	358	492	685	698	815	1000	987	797	659	476	512	358	368	203	272	132	196	83	152	62	132	77	135	68	119	74	109	58	84	60	72	49	60	49
64	170	1	2	119	0	1953125	12	0.0	11	1.02	0	0	V0.2	0	0	62	17	58	13	62	11	50	5	48	4	36	22	35	29	28	48	22	53	19	66	8	62	7	60	32	47	52	48	109	104	161	170	213	241	253	283	233	272	218	321	151	224	127	257	68	47	189	124	179	281	304	376	457	704	651	780	957	999	767	657	454	519	352	364	200	258	138	184	78	144	59	128	63	130	64	117	68	106	54	85	56	73	44	56	46
64	170	1	2	119	0	1953125	12	0.0	11	1.02	0	0	V0.2	0	0	64	27	58	20	61	22	49	8	51	5	37	17	38	24	28	47	27	50	16	67	13	61	13	62	40	47	57	56	107	114	158	183	202	259	248	298	215	284	216	336	135	213	124	252	74	44	215	144	169	293	288	377	425	718	664	809	963	1000	768	666	448	509	352	360	206	253	142	180	79	139	63	126	65	128	69	114	68	106	58	82	54	73	47	56	45
64	170	1	2	119	0	1953125	12	0.0	11	1.02	0	0	V0.2	0	0	20	64	9	57	19	57	12	40	26	39	22	19	37	19	39	19	55	14	50	32	63	21	46	35	47	53	17	87	24	159	104	220	143	276	223	304	198	261	261	267	193	133	183	154	126	77	150	216	125	333	266	409	450	702	704	758	1000	939	792	610	506	437	398	290	262	181	184	119	131	84	105	90	112	86	104	86	99	76	81	65	69	55	56	47	46
64	170	1	2	119	0	1953125	12	0.0	11	1.02	0	0	V0.2	0	0	63	23	57	21	56	20	49	24	38	26	26	31	19	39	13	45	21	51	29	53	29	53	31	44	44	35	75	3	134	60	206	129	254	186	311	231	281	209	263	278	177	168	90	237	41	30	244	179	220	271	374	355	505	677	739	777	1000	956	808	628	476	494	351	349	194	255	116	179	83	136	69	119	86	123	73	110	80	101	62	77	61	65	50	53	47
64	170	1	2	119	0	1953125	12	0.0	11	1.02	0	0	V0.2	0	0	67	14	61	13	62	9	50	14	46	13	35	27	28	34	22	49	17	54	19	60	12	61	21	54	43	43	71	32	130	84	192	156	244	224	290	268	259	248	228	315	152	189	66	233	33	32	253	143	217	301	367	383	486	732	723	823	1000	999	787	671	468	520	339	372	190	266	115	194	74	154	58	140	72	139	67	125	68	113	56	86	53	72	45	58	47
64	170	1	2	119	0	1953125	12	0.0	11	1.02	0	0	V0.2	0	0	67	13	62	12	63	8	52	12	47	16	35	26	29	35	24	51	18	54	19	64	13	60	24	53	45	43	71	38	133	91	195	159	242	227	288	272	261	246	224	315	152	181	51	221	52	72	261	125	223	311	362	385	482	727	715	839	1000	980	762	659	455	507	319	360	182	266	113	196	79	160	60	144	74	142	67	127	71	111	53	87	54	75	48	59	47
64	170	1	2	119	0	1953125	12	0.0	11	1.02	0	0	V0.2	0	0	67	12	62	12	62	10	51	17	46	21	34	32	27	36	22	51	20	55	26	64	19	60	28	49	43	41	70	31	136	84	200	151	246	214	294	259	269	237	232	304	163	176	53	218	61	62	258	123	240	313	381	384	500	737	738	831	1000	973	763	641	455	499	321	351	180	261	110	192	83	158	68	144	83	142	69	125	76	110	59	90	59	73	47	57	47
64	170	1	2	119	0	1953125	12	0.0	11	1.02	0	0	V0.2	0	0	67	14	61	12	62	8	51	15	46	18	34	28	28	36	22	49	16	54	22	63	15	61	23	52	42	42	69	35	130	88	196	155	241	215	286	261	259	239	222	309	156	180	58	224	54	64	253	116	233	313	368	367	485	730	717	840	1000	975	753	646	454	505	321	356	180	262	113	196	79	159	65	145	77	144	69	127	73	111	57	92	60	73	48	58	47
64	170	1	2	119	0	1953125	12	0.0	11	1.02	0	0	V0.2	0	0	25	60	22	54	17	58	11	46	3	44	5	33	22	34	32	27	46	23	56	15	64	12	56	18	52	37	59	58	98	110	175	161	216	189	287	218	269	168	281	210	221	90	144	157	120	58	200	157	223	289	357	292	496	617	714	712	1000	844	758	526	490	413	351	273	218	207	147	141	130	111	106	99	119	103	98	94	100	84	77	68	71	55	57	49	48
64	170	1	2	119	0	1953125	12	0.0	11	1.02	0	0	V0.2	0	0	34	56	31	51	23	54	20	41	5	45	2	32	21	34	29	25	49	23	53	14	64	13	55	18	50	42	52	61	83	120	163	171	198	207	275	233	250	180	282	210	225	88	167	145	115	73	155	187	184	312	321	307	464	604	694	678	1000	833	758	514	512	390	375	239	249	166	173	99	151	70	123	62	136	65	117	67	114	54	91	48	77	37	64	42	48
64	170	1	2	119	0	1953125	12	0.0	11	1.02	0	0	V0.2	0	0	60	28	56	20	59	19	49	8	51	5	38	17	36	23	29	46	25	49	17	62	14	60	11	57	38	51	54	60	105	127	158	193	203	262	242	308	215	278	198	338	148	206	123	235	56	42	230	147	192	337	345	378	427	727	663	821	992	1000	747	667	472	513	334	349	201	244	137	177	88	143	67	133	74	128	74	118	75	106	61	85	57	71	47	55	46
64	170	1	2	119	0	1953125	12	0.0	36	1.03	0	0	V0.2	0	0	43	45	42	41	48	39	42	26	44	23	34	5	39	8	29	31	32	35	24	57	33	57	28	58	44	48	44	51	82	107	133	176	177	250	225	301	205	284	212	352	164	221	138	250	74	45	203	134	181	325	329	369	424	723	662	806	973	1000	754	669	469	517	340	353	199	245	132	179	85	148	63	134	71	128	65	114	65	100	48	79	49	65	37	46	34
64	170	1	2	119	0	1953125	12	0.0	36	1.03	0	0	V0.2	0	0	62	17	58	13	62	9	53	9	50	13	36	21	29	28	17	42	12	50	14	59	14	67	12	64	22	58	48	31	109	46	182	115	232	184	285	244	265	234	249	333	190	215	114	263	48	22	222	127	211	294	369	336	453	701	686	811	993	1000	782	673	473	521	332	365	183	258	115	191	77	156	62	140	71	136	61	118	63	105	46	82	50	65	36	48	37
64	170	1	2	119	0	1953125	12	0.0	36	1.03	0	0	V0.2	0	0	60	17	56	13	60	8	53	8	48	8	35	19	30	27	16	38	10	47	14	58	9	63	9	62	24	54	49	29	109	51	178	121	228	189	276	250	256	236	235	329	182	217	116	260	44	17	228	143	225	309	377	355	456	700	681	800	979	1000	779	677	470	521	331	362	183	257	118	186	75	152	60	137	68	133	60	114	61	104	48	77	46	62	34	46	36
64	170	1	2	119	0	1953125	12	0.0	11	1.02	0	0	V0.2	0	0	61	21	55	21	60	17	46	22	40	22	28	29	23	33	17	48	13	50	21	59	15	56	21	50	42	40	68	25	129	83	188	148	231	216	269	261	238	241	207	319	148	201	109	239	46	7	250	171	240	336	379	375	444	706	660	787	955	1000	766	674	458	513	331	355	191	245	130	178	79	142	66	130	70	129	74	113	69	104	61	79	51	70	46	51	41
64	170	1	2	119	0	1953125	12	0.0	11	1.02	0	0	V0.2	0	0	65	19	59	14	62	13	48	7	50	5	39	22	37	28	28	49	23	51	14	65	6	61	13	57	39	49	61	57	114	114	172	178	206	240	247	281	212	253	193	320	129	181	82	207	18	55	253	163	242	358	366	374	452	735	680	819	969	1000	758	671	449	506	316	351	180	248	120	185	80	151	63	138	71	136	70	118	67	108	55	81	52	72	43	54	43
64	170	1	2	119	0	1953125	12	0.0	11	1.02	0	0	V0.2	0	0	62	15	60	10	60	7	51	11	49	13	35	25	32	32	24	48	19	52	16	61	4	58	17	52	40	43	66	47	121	105	183	167	216	226	259	269	221	237	195	309	129	172	63	196	11	57	264	160	269	365	391	381	481	743	700	838	992	1000	761	668	458	510	317	352	180	255	116	188	81	156	66	145	78	141	70	123	71	111	56	86	56	73	46	59	47
64	170	1	2	119	0	1953125	12	0.0	0	1.02	0	0	V0.2	0	0	62	13	64	11	56	10	53	12	45	19	41	28	36	38	32	49	26	57	16	65	4	58	21	61	41	61	69	90	106	154	159	224	182	269	218	305	172	250	169	296	117	141	116	161	66	97	255	218	255	422	369	414	455	761	683	806	974	1000	761	653	463	488	338	319	213	221	157	151	110	126	88	115	99	114	91	105	95	93	72	79	73	64	57	62	57
64	170	1	2	119	0	1953125	12	0.0	11	1.02	0	0	V0.2	0	0	54	31	51	30	48	31	40	31	26	36	19	34	12	40	19	44	30	45	38	42	42	42	43	29	48	25	78	15	130	68	209	131	244	169	303	206	263	169	264	261	185	136	99	193	27	76	252	202	289	349	417	337	529	681	752	751	1000	929	814	601	495	462	353	310	211	233	138	159	119	125	98	108	108	111	90	98	96	87	72	67	67	54	53	48	48
64	170	1	2	119	0	1953125	12	0.0	0	1.02	0	0	V0.2	0	0	54	24	57	23	55	13	50	6	48	9	45	19	43	32	37	46	34	52	20	62	12	58	13	65	34	66	61	99	95	156	151	223	171	265	213	297	163	241	169	292	110	129	106	151	62	108	259	211	271	419	381	409	475	765	691	805	954	1000	754	656	451	497	317	333	196	242	132	173	95	142	67	132	82	127	74	121	79	102	60	92	62	69	53	66	49
64	170	1	2	119	0	1953125	12	0.0	0	1.02	0	0	V0.2	0	0	54	24	57	23	55	13	50	6	48	9	45	19	43	32	37	46	34	52	20	62	12	58	13	65	34	66	61	99	95	156	151	223	171	265	213	297	163	241	169	292	110	129	106	151	62	108	259	211	271	419	381	409	475	765	691	805	954	1000	754	656	451	497	317	333	196	242	132	173	95	142	67	132	82	127	74	121	79	102	60	92	62	69	53	66	49
64	170	1	2	119	0	1953125	12	0.0	0	1.02	0	0	V0.2	0	0	43	47	40	40	42	35	41	21	45	14	46	12	46	19	47	34	46	43	41	50	36	53	19	64	11	81	20	116	59	180	119	245	153	281	205	309	169	239	216	270	173	106	160	118	87	141	235	266	238	453	379	452	488	760	710	794	1000	990	788	649	500	473	369	306	246	207	180	139	136	113	107	105	113	104	104	99	105	86	81	77	73	62	60	59	56
64	170	1	2	119	0	1953125	12	0.0	0	0.96	0	0	V0.2	0	0	236	231	236	230	247	239	251	234	254	243	260	238	259	235	265	236	256	222	253	214	258	196	257	172	273	163	271	122	309	86	348	36	387	71	438	127	394	173	435	363	395	339	176	147	85	130	184	273	214	395	368	385	512	669	731	687	1000	896	822	575	527	414	407	269	273	180	198	116	156	73	130	65	130	67	123	68	113	65	96	52	85	50	68	46	57
64	170	1	2	119	0	1953125	12	0.0	11	1.02	0	0	V0.2	0	0	60	14	59	10	59	4	51	5	46	15	36	26	30	35	25	50	21	55	21	62	18	60	24	48	41	36	73	36	128	86	201	155	242	213	298	259	260	235	256	328	187	198	113	240	27	47	250	181	271	342	426	362	539	720	758	773	1000	977	827	650	508	506	369	353	224	262	142	182	119	138	94	117	106	115	89	104	94	90	74	72	68	55	56	50	47
64	170	1	2	119	0	1953125	12	0.0	0	1.02	0	0	V0.2	0	0	59	8	63	11	57	2	51	13	50	16	39	31	41	35	29	56	31	53	20	67	11	56	26	60	44	52	79	82	121	143	183	208	209	260	252	300	209	264	200	323	134	183	114	208	68	49	267	196	272	372	411	405	505	752	723	802	958	1000	782	681	469	514	333	366	203	262	127	194	88	148	61	137	70	130	70	125	72	108	61	90	54	75	54	65	52
64	170	1	2	119	0	1953125	12	0.0	0	0.96	0	0	V0.2	0	0	225	230	218	236	227	246	221	245	227	259	226	255	219	259	223	258	207	251	206	258	186	249	167	264	165	250	151	248	210	222	267	227	316	196	398	196	385	69	500	172	489	139	487	279	422	299	253	482	180	542	143	498	240	748	497	711	878	1000	547	642	302	385	212	243	263	100	270	88	270	97	256	127	242	150	209	165	196	188	184	184	174	191	160	193	139
64	170	1	2	119	0	1953125	12	0.0	0	0.96	0	0	V0.2	0	0	236	203	233	211	243	219	235	223	241	232	241	231	231	238	234	233	217	236	214	242	191	236	168	261	141	250	115	269	124	277	157	316	208	301	291	315	303	195	455	218	475	38	496	170	449	215	335	378	271	496	221	462	171	758	420	750	794	1000	482	638	235	397	168	252	242	116	265	92	267	82	254	119	240	143	203	160	195	185	176	182	165	197	149	191	133
64	170	1	2	119	0	1953125	12	0.0	0	1.02	0	0	V0.2	0	0	33	44	41	46	38	32	42	25	45	17	45	10	46	25	44	37	47	45	35	56	34	52	6	71	10	72	39	115	72	171	137	241	158	279	215	317	167	259	197	300	142	144	128	157	72	103	243	220	252	411	375	427	494	767	703	796	950	1000	758	664	458	500	325	349	207	247	129	183	100	140	64	138	78	124	73	125	73	101	64	92	55	71	58	65	48
64	170	1	2	119	0	1953125	12	0.0	0	1.02	0	0	V0.2	0	0	24	55	27	52	16	49	11	49	8	44	11	45	25	38	39	42	47	28	59	26	55	6	61	9	57	31	90	52	137	106	212	151	247	189	306	214	271	169	274	233	201	120	112	175	36	98	229	233	270	351	411	358	549	672	777	735	999	911	825	592	503	437	370	299	232	221	161	158	131	116	110	106	114	104	104	99	101	90	86	73	76	63	63	55	56
64	170	1	2	119	0	1953125	12	0.0	0	0.96	0	0	V0.2	0	0	229	209	224	210	229	221	232	221	233	230	237	229	231	229	235	227	224	221	218	226	209	216	195	227	182	223	165	245	115	288	58	356	32	380	46	442	37	383	190	519	240	371	307	490	326	213	431	285	435	118	485	81	526	475	690	576	1000	719	810	318	450	199	297	140	160	229	102	238	76	257	70	247	91	228	114	213	126	208	131	202	134	195	141	175	140
64	170	1	2	119	0	1953125	12	0.0	0	0.96	0	0	V0.2	0	0	235	245	233	251	238	261	239	261	243	268	244	269	237	272	238	269	225	267	220	268	199	269	175	284	148	280	125	300	108	320	128	379	159	389	226	437	247	339	419	425	464	248	524	350	529	42	533	213	527	276	509	275	450	721	566	801	902	1000	743	540	348	426	201	294	56	312	87	283	130	267	154	250	171	224	173	209	193	193	196	185	200	178	202	158	196
64	170	1	2	119	0	1953125	12	0.0	0	0.96	0	0	V0.2	0	0	215	184	213	185	219	196	220	195	222	200	230	200	224	196	228	198	221	189	217	185	220	173	215	167	216	163	207	177	182	218	163	278	160	310	164	377	115	357	93	516	86	403	129	542	161	322	299	435	327	253	361	190	502	322	668	396	1000	609	755	294	447	95	318	36	224	142	174	174	142	212	123	211	119	200	119	195	116	198	114	193	116	190	114	179	113
64	170	1	2	119	0	1953125	12	0.0	0	1.02	0	0	V0.2	0	0	33	51	39	45	27	48	24	44	14	43	6	45	22	41	28	47	44	39	53	38	52	22	59	13	60	15	93	29	140	87	219	143	256	189	317	223	280	196	287	277	215	164	128	225	51	67	203	204	233	290	357	307	510	652	717	732	1000	944	813	606	496	467	360	321	220	245	144	177	116	132	88	118	97	117	89	112	90	94	76	84	67	68	62	61	55
64	170	1	2	119	0	1953125	12	0.0	11	1.02	0	0	V0.2	0	0	32	57	26	52	33	52	27	34	38	30	34	12	45	16	41	29	51	34	46	51	50	45	35	53	33	61	9	92	45	162	115	231	153	291	221	331	196	301	259	348	213	214	186	212	110	57	164	171	159	342	280	379	439	718	649	771	963	1000	774	671	489	503	369	345	239	238	168	170	125	133	95	124	95	116	87	108	84	98	67	78	59	66	49	54	45
64	170	1	2	119	0	1953125	12	0.0	11	1.02	0	0	V0.2	0	0	61	17	58	11	58	8	48	4	48	7	36	21	32	29	26	46	21	52	20	64	7	62	8	56	32	48	59	52	114	110	174	181	221	251	267	302	240	297	252	374	198	256	152	272	86	22	212	161	211	292	324	350	448	690	650	761	932	999	767	673	459	523	344	369	203	266	137	189	89	148	66	131	69	127	67	114	67	104	55	84	56	69	44	54	44
64	170	1	2	119	0	1953125	12	0.0	11	1.02	0	0	V0.2	0	0	60	27	55	21	59	21	49	6	51	0	38	17	40	24	31	45	30	51	22	64	18	62	7	61	32	57	47	71	97	134	156	205	197	274	248	321	217	307	244	378	192	245	153	254	84	31	188	143	182	310	287	353	430	708	635	764	936	1000	757	673	459	517	351	360	215	255	154	182	106	143	81	128	80	123	78	110	76	101	62	80	55	68	47	54	46
64	170	1	2	119	0	1953125	12	0.0	11	1.02	0	0	V0.2	0	0	63	15	59	10	61	8	52	5	50	10	37	23	36	31	27	50	24	56	20	65	9	63	12	59	32	50	61	55	115	112	182	186	228	252	277	308	251	297	257	383	205	257	141	277	73	34	184	116	189	284	306	330	441	690	640	762	938	1000	768	679	458	526	343	374	202	276	140	200	96	159	73	138	72	132	70	118	70	105	54	84	57	72	44	57	45
64	170	1	2	119	0	1953125	12	0.0	11	1.02	0	0	V0.2	0	0	63	24	56	18	62	18	49	5	52	1	38	17	39	25	29	50	28	51	19	67	14	63	6	61	32	56	55	69	106	134	169	208	212	279	264	332	234	318	254	394	205	265	160	278	87	51	171	119	173	307	294	344	426	700	620	741	920	1000	761	684	461	531	355	376	218	272	157	195	109	154	86	137	81	129	78	115	76	103	60	82	58	70	47	56	45
64	170	1	2	119	0	1953125	12	0.0	11	1.02	0	0	V0.2	0	0	61	30	60	30	55	30	46	32	36	37	24	36	16	44	19	48	28	52	42	53	42	53	46	40	49	29	86	2	142	70	233	148	280	207	357	268	326	250	338	359	277	232	186	294	116	26	176	146	213	281	347	289	517	673	715	718	1000	990	843	651	514	530	396	373	237	288	165	203	132	161	102	132	108	130	89	113	96	101	72	78	72	65	55	55	52
64	170	1	2	119	0	1953125	12	0.0	11	1.02	0	0	V0.2	0	0	66	12	63	13	63	10	52	17	48	22	35	30	29	38	22	52	18	54	27	63	21	62	28	55	40	44	72	36	132	89	212	166	259	234	318	296	293	288	293	388	241	273	164	316	95	50	170	102	197	279	335	314	477	681	653	727	951	1000	786	677	481	552	364	395	213	302	147	217	104	173	76	145	83	142	67	122	76	111	56	86	61	71	46	58	49
64	170	1	2	119	0	1953125	12	0.0	11	1.02	0	0	V0.2	0	0	63	16	58	12	62	8	51	11	47	11	35	24	31	31	24	49	18	54	19	65	7	61	15	56	37	46	66	46	124	107	190	182	240	256	291	314	266	307	265	395	221	284	172	316	94	54	180	139	201	295	337	345	461	676	625	710	913	1000	766	683	462	548	358	395	213	292	145	205	98	161	68	137	69	132	64	117	70	108	54	84	56	71	43	57	46
64	170	1	2	119	0	1953125	12	0.0	11	1.02	0	0	V0.2	0	0	67	15	62	11	65	8	51	11	51	10	38	26	33	31	24	50	21	55	20	68	6	63	19	59	37	50	68	54	126	113	197	190	245	262	300	320	267	309	267	402	216	277	160	312	87	52	168	107	195	307	322	334	458	695	625	720	913	1000	757	684	458	553	357	399	212	297	148	214	102	171	75	147	74	137	66	119	70	109	54	84	55	73	45	58	46
64	170	1	2	119	0	1953125	12	0.0	11	1.02	0	0	V0.2	0	0	66	17	60	11	65	9	51	10	49	11	36	27	32	32	25	49	18	55	22	65	6	62	16	57	40	49	68	48	128	114	195	187	245	262	296	317	266	305	256	391	214	275	160	303	79	37	184	133	209	314	345	356	475	697	636	715	909	1000	752	673	449	551	352	388	205	291	143	204	96	164	70	137	69	134	64	115	67	105	52	82	55	70	41	53	43
64	170	1	2	119	0	1953125	12	0.0	36	1.03	0	0	V0.2	0	0	52	37	49	32	54	32	46	20	47	14	36	2	38	13	27	36	28	43	17	61	23	61	15	64	35	54	47	54	100	104	169	181	214	258	275	316	245	315	263	407	216	282	164	303	89	59	164	111	195	317	317	360	472	713	642	729	909	1000	745	679	449	551	354	391	207	287	141	200	97	161	70	138	71	128	57	107	61	96	44	77	45	61	35	46	34
64	170	1	2	119	0	1953125	12	0.0	11	1.02	0	0	V0.2	0	0	66	16	61	18	63	13	49	20	46	21	31	32	27	36	22	52	15	56	24	65	11	63	22	56	43	48	69	47	131	109	194	182	241	259	290	313	256	302	247	389	206	266	146	283	78	48	175	127	190	326	311	374	458	716	626	732	912	1000	733	675	442	534	352	377	220	271	162	190	117	150	91	131	87	123	86	106	80	98	66	76	59	63	48	50	46
