34928	35048	35167	35286	35405	35524	35644	35763	35882	36001	36120	36240	36359	36478	36597	36716	36836	36955	37074	37193	37313	37432	37551	37670	37789	37909	38028	38147	38266	38385	38505	38624	38743	38862	38981	39101	39220	39339	39458	39577	39697	39816	39935	40054	40174	40293	40412	40531	40650	40770	40889	41008	41127	41246	41366	41485	41604	41723	41842	41962	42081	42200	42319	42439	42558	42677	42796	42915	43035	43154	43273	43392	43511	43631	43750	43869	43988	44107	44227	44346	44465	44584	44703	44823	44942
64	170	1	2	119	0	1953125	12	0.0	0	1.01	0	0	V0.2	0	0	228	189	226	190	214	215	214	222	201	246	199	246	186	264	175	271	153	280	148	283	122	275	128	276	110	264	132	272	153	231	191	233	191	185	380	307	334	371	524	518	629	544	685	534	717	642	1000	991	919	805	799	755	682	473	807	709	653	184	430	380	478	435	222	214	105	103	202	40	189	40	192	41	180	68	190	72	174	98	186	92	164	115	148	129	130
64	170	1	2	119	0	1953125	12	0.0	0	1.00	0	0	V0.2	0	0	77	35	89	42	72	27	81	30	75	27	77	21	73	39	77	51	87	66	90	77	111	80	104	108	135	107	138	137	164	134	182	132	173	202	333	272	371	263	524	476	632	484	655	528	665	652	975	1000	895	775	780	781	586	533	699	816	477	305	259	508	403	474	275	187	103	71	32	149	52	127	46	109	32	113	48	96	45	102	65	88	60	73	50	56	54
64	170	1	2	119	0	1953125	12	0.0	0	1.00	0	0	V0.2	0	0	79	32	92	38	77	24	84	28	77	24	77	18	74	38	74	50	85	67	88	81	108	82	101	110	133	109	134	143	164	141	182	137	174	206	335	281	374	263	522	476	636	490	668	536	674	644	980	1000	913	784	796	774	589	531	706	808	480	307	267	494	398	479	277	191	112	71	26	153	48	131	44	115	28	119	49	100	44	109	67	91	60	77	50	58	53
64	170	1	2	119	0	1953125	12	0.0	0	1.00	0	0	V0.2	0	0	19	80	28	85	17	72	28	75	26	65	40	59	42	52	69	47	83	50	102	40	114	43	123	41	151	48	160	62	192	58	202	63	199	109	346	225	331	277	460	477	556	510	563	556	575	669	836	1000	783	765	696	768	516	552	633	789	384	333	217	453	409	378	304	126	111	43	87	106	94	93	91	72	65	93	83	65	66	81	85	62	73	58	53	45	55
64	170	1	2	119	0	1953125	12	0.0	0	1.00	0	0	V0.2	0	0	14	79	24	81	14	71	20	74	21	67	36	59	39	52	62	49	80	51	96	44	109	45	118	44	144	53	156	66	186	64	193	69	193	112	339	235	320	290	439	480	537	514	533	554	555	670	821	1000	775	758	683	751	508	541	629	770	356	321	209	451	427	373	318	117	115	35	95	94	103	78	97	61	73	79	90	55	75	76	89	56	76	53	56	41	59
64	170	1	2	119	0	1953125	12	0.0	0	1.00	0	0	V0.2	0	0	15	79	19	81	12	73	20	74	18	66	34	59	37	56	63	53	79	54	98	45	109	48	119	48	146	56	151	69	185	70	194	77	195	114	336	241	317	291	430	483	532	519	529	556	545	662	810	999	773	750	678	741	499	532	623	766	365	345	209	440	426	363	320	113	114	37	96	95	104	76	100	59	74	79	92	55	74	74	91	57	76	52	57	40	60
64	170	1	2	119	0	1953125	12	0.0	0	1.00	0	0	V0.2	0	0	48	71	57	76	47	59	59	65	55	53	63	45	62	44	80	40	93	52	106	46	123	51	126	67	158	70	162	94	195	91	207	92	208	152	348	240	382	253	513	466	623	484	641	539	649	632	940	1000	878	789	768	778	568	540	694	817	463	327	264	479	377	453	271	188	107	69	29	145	42	128	40	109	25	115	41	96	39	107	58	90	58	74	44	58	55
64	170	1	2	119	0	1953125	12	0.0	0	1.00	0	0	V0.2	0	0	53	64	63	69	50	56	60	60	56	51	66	44	62	42	80	39	91	54	102	48	120	52	123	72	153	68	154	96	191	91	202	93	197	155	343	243	374	252	509	463	622	487	648	543	652	636	938	1000	890	787	764	773	577	556	701	815	477	326	277	482	385	457	262	193	100	77	37	152	49	133	46	114	30	118	45	98	41	108	65	93	54	76	44	58	53
64	170	1	2	119	0	1953125	12	0.0	0	1.00	0	0	V0.2	0	0	197	170	183	175	184	193	178	193	176	216	173	213	163	236	160	236	138	248	137	239	122	243	109	248	80	245	66	258	28	249	38	244	54	278	170	376	109	389	239	572	336	580	363	625	392	705	633	1000	599	776	538	782	367	586	503	794	343	310	184	479	266	468	202	252	122	145	31	185	25	174	46	158	74	140	82	145	94	139	106	142	108	137	103	120	115
64	170	1	2	119	0	1953125	12	0.0	0	1.00	0	0	V0.2	0	0	20	81	16	83	13	75	5	76	9	70	24	67	33	64	56	66	71	67	90	69	98	72	110	77	130	87	141	108	168	106	177	115	171	147	312	275	273	328	386	516	484	544	493	600	521	696	791	999	770	729	702	750	541	547	667	791	420	368	265	415	455	324	317	91	92	36	124	67	122	43	119	32	93	56	105	33	89	58	98	39	85	47	65	36	65
64	170	1	2	119	0	1953125	12	0.0	0	1.00	0	0	V0.2	0	0	38	76	35	72	35	68	27	71	24	69	26	64	27	66	45	74	57	81	71	90	78	94	88	107	100	119	113	143	132	145	143	156	128	187	273	320	230	362	346	554	459	577	471	616	494	702	798	999	821	720	752	709	573	518	710	750	441	333	299	385	489	327	328	129	82	46	139	47	130	25	128	28	101	29	116	30	92	48	105	45	84	51	67	32	64
64	170	1	2	119	0	1953125	12	0.0	0	1.00	0	0	V0.2	0	0	32	79	39	86	29	71	43	75	38	63	53	59	54	52	75	45	89	51	108	39	124	44	133	50	160	50	170	72	203	62	209	63	209	117	350	228	359	261	482	464	585	489	611	568	628	668	892	1000	819	770	728	817	589	614	707	865	459	375	265	496	394	421	281	150	99	69	74	134	80	114	72	95	51	107	67	84	61	95	75	78	70	67	54	52	57
64	170	1	2	119	0	1953125	12	0.0	0	1.00	0	0	V0.2	0	0	42	78	41	73	36	74	33	71	28	73	30	68	30	69	45	80	59	82	71	95	79	100	85	118	100	129	112	161	132	158	141	170	124	202	265	329	222	380	353	575	463	585	481	639	511	724	816	1000	824	710	772	736	620	548	741	776	488	373	338	373	474	322	317	125	70	43	151	51	134	31	137	35	110	33	125	35	99	52	111	48	89	56	71	35	65
64	170	1	2	119	0	1953125	12	0.0	0	1.00	0	0	V0.2	0	0	198	157	186	160	190	173	187	178	181	198	184	196	171	218	173	218	151	231	154	221	140	227	125	230	101	231	85	246	43	241	21	238	19	283	137	377	115	380	216	561	323	580	345	640	377	724	629	1000	616	755	562	770	375	601	518	807	293	346	158	502	303	461	246	232	142	133	26	183	22	175	20	158	49	148	54	150	68	149	76	152	77	148	80	129	91
64	170	1	2	119	0	1953125	12	0.0	0	0.99	0	0	V0.2	0	0	78	56	86	43	74	49	87	37	74	52	80	45	68	74	72	81	75	105	70	108	70	122	63	141	85	146	86	174	118	172	125	170	129	249	295	305	324	237	458	456	601	454	627	522	654	620	982	1000	946	792	807	772	603	566	752	819	449	261	263	506	424	526	344	282	190	114	86	150	111	127	101	103	84	82	85	77	77	74	82	75	85	65	76	46	56
64	170	1	2	119	0	1953125	12	0.0	0	1.00	0	0	V0.2	0	0	219	178	223	168	233	168	244	161	255	162	265	160	266	154	281	143	281	137	286	128	277	121	272	109	270	105	262	106	261	129	256	136	226	228	315	279	379	245	475	466	604	467	618	564	625	624	949	896	1000	613	946	645	733	465	867	752	508	355	345	375	561	296	441	98	213	46	188	73	186	83	171	83	136	123	144	113	124	145	134	137	120	141	130	133	103
64	170	1	2	119	0	1953125	12	0.0	0	1.00	0	0	V0.2	0	0	229	160	230	150	235	162	242	156	245	166	255	167	244	178	259	172	248	181	256	170	243	174	231	181	221	179	207	195	193	209	173	216	147	294	206	371	282	348	360	569	485	578	495	685	505	747	820	1000	856	693	831	767	615	586	736	871	396	431	227	465	467	357	396	122	205	72	138	151	136	150	115	140	82	164	77	157	66	181	60	175	58	177	70	158	57
64	170	1	2	119	0	1953125	12	0.0	0	1.00	0	0	V0.2	0	0	204	146	197	148	198	164	198	166	195	183	199	186	184	206	191	205	170	218	173	209	159	214	146	222	125	222	106	237	78	232	52	235	27	287	120	379	141	373	224	565	329	567	339	643	366	723	637	999	648	737	608	774	411	598	541	835	308	388	161	492	311	426	272	207	154	114	42	181	44	169	25	156	42	153	37	155	53	156	55	159	62	154	62	134	79
64	170	1	2	119	0	1953125	12	0.0	0	0.99	0	0	V0.2	0	0	74	61	74	58	70	60	73	54	67	63	69	60	59	83	64	93	64	112	59	115	48	132	39	153	48	164	42	189	64	198	70	200	63	282	234	363	254	317	391	527	547	519	586	596	631	671	976	991	1000	743	906	737	682	505	848	783	554	229	357	428	487	502	321	325	99	174	61	174	56	161	53	148	20	114	41	120	30	111	55	106	54	97	58	65	49
64	170	1	2	119	0	1953125	12	0.0	0	0.99	0	0	V0.2	0	0	58	61	59	62	52	58	56	64	48	53	59	57	57	50	81	57	87	53	111	40	105	43	125	37	138	49	147	57	182	65	179	58	190	126	322	236	258	270	357	462	463	495	471	574	515	679	781	1000	776	748	705	740	515	537	692	795	382	296	255	430	476	371	396	184	185	68	149	56	146	51	139	55	98	28	106	45	90	49	91	49	84	65	65	43	57
64	170	1	2	119	0	1953125	12	0.0	0	0.99	0	0	V0.2	0	0	74	44	78	46	67	40	76	50	67	42	76	44	69	49	91	50	92	59	111	40	110	53	127	49	144	54	151	57	189	61	192	53	199	119	336	208	311	227	411	427	527	463	529	539	565	640	818	1000	799	789	710	788	528	570	682	844	392	315	219	476	433	415	379	196	203	51	136	78	144	61	136	43	100	37	108	35	93	42	95	47	92	54	71	40	57
64	170	1	2	119	0	1953125	12	0.0	0	0.99	0	0	V0.2	0	0	65	61	61	63	56	58	62	65	54	55	63	56	65	56	86	58	93	56	111	41	111	42	128	39	143	48	154	56	186	66	192	61	194	122	327	231	269	275	375	470	483	506	492	586	524	671	774	1000	778	763	725	775	543	568	707	825	407	331	236	413	450	359	384	177	187	60	150	57	147	45	143	47	102	27	112	42	91	46	96	52	90	65	69	46	57
64	170	1	2	119	0	1953125	12	0.0	0	0.99	0	0	V0.2	0	0	71	49	74	49	68	45	73	52	65	44	75	48	68	48	89	50	93	55	112	40	112	48	127	40	143	46	155	49	188	56	195	45	200	115	338	206	294	233	400	428	508	467	523	555	557	657	814	1000	779	768	701	778	516	569	684	843	406	339	222	449	434	394	373	176	192	42	141	67	145	55	139	37	102	28	111	32	95	42	100	47	90	54	73	41	60
64	170	1	2	119	0	1953125	12	0.0	0	0.99	0	0	V0.2	0	0	79	54	80	50	79	53	80	46	72	59	74	57	64	81	70	90	66	111	64	116	54	133	46	152	55	162	52	187	78	198	85	196	74	276	238	356	266	308	403	512	557	510	596	581	634	651	982	987	1000	755	896	733	662	511	853	812	566	228	353	437	480	508	313	321	106	173	51	175	54	160	48	147	18	112	39	116	28	104	54	100	51	93	56	61	46
64	170	1	2	119	0	1953125	12	0.0	0	0.99	0	0	V0.2	0	0	72	47	70	47	68	40	71	49	60	43	72	45	66	44	86	47	91	53	109	39	105	43	120	39	139	41	144	44	178	54	186	43	192	116	332	209	296	229	396	421	509	469	520	542	550	647	806	1000	801	787	702	758	498	553	676	836	391	291	214	467	453	408	392	196	205	55	142	69	146	60	139	43	102	31	110	35	93	39	95	47	87	55	71	42	58
64	170	1	2	119	0	1953125	12	0.0	0	0.99	0	0	V0.2	0	0	74	46	73	46	68	47	67	53	60	48	67	53	64	50	83	53	87	51	104	35	100	37	119	33	134	42	140	46	176	66	176	55	187	131	312	240	233	263	320	455	433	500	439	569	480	659	751	1000	806	756	730	715	526	496	693	779	394	248	233	391	487	365	415	235	214	133	150	94	140	88	134	104	84	71	92	86	69	71	72	69	65	83	60	63	52
64	170	1	2	119	0	1953125	12	0.0	0	0.99	0	0	V0.2	0	0	84	31	83	30	80	31	80	42	70	36	77	46	72	48	88	51	90	55	109	36	101	47	124	36	135	43	144	36	183	56	185	37	198	124	330	209	269	241	367	435	483	486	490	564	526	668	780	1000	787	793	723	766	518	543	696	823	381	265	218	431	476	388	414	215	235	101	163	70	158	66	151	75	106	48	107	65	87	56	84	57	77	72	67	60	57
64	170	1	2	119	0	1953125	12	0.0	0	0.99	0	0	V0.2	0	0	78	36	81	40	72	36	76	44	68	41	73	43	69	49	88	51	94	55	110	41	111	45	127	40	141	41	151	50	181	56	190	50	190	115	322	219	272	268	374	451	468	503	491	585	522	686	784	1000	780	770	744	781	569	574	757	853	454	312	280	422	491	363	390	186	180	91	153	75	145	71	133	78	95	52	102	71	84	66	87	73	77	76	63	56	48
64	170	1	2	119	0	1953125	12	0.0	0	0.99	0	0	V0.2	0	0	15	87	8	87	2	87	9	85	21	80	31	78	43	78	61	89	75	87	85	91	78	94	94	116	97	122	104	151	119	160	127	163	120	229	249	338	181	356	310	544	438	571	479	637	528	714	857	1000	895	726	842	719	662	524	844	805	543	244	335	387	522	407	354	266	120	157	114	141	103	130	93	129	55	92	70	108	50	92	67	93	58	92	58	63	44
64	170	1	2	119	0	1953125	12	0.0	0	0.99	0	0	V0.2	0	0	28	84	27	84	23	80	25	83	28	75	40	74	49	69	70	76	82	73	98	73	95	74	112	84	118	93	127	116	151	124	153	125	152	182	277	297	199	322	302	510	415	534	436	611	492	696	797	1000	830	717	773	716	596	512	770	791	481	291	315	388	503	361	377	223	141	118	135	96	124	91	122	100	77	64	91	83	68	74	78	75	71	81	57	52	49
64	170	1	2	119	0	1953125	12	0.0	0	0.99	0	0	V0.2	0	0	235	164	240	154	242	163	253	160	252	166	268	169	261	165	280	163	276	155	280	156	266	144	255	146	255	135	236	140	245	153	226	161	201	249	303	297	349	227	437	438	568	440	595	561	611	625	964	903	1000	597	944	615	719	450	892	756	516	332	349	371	569	307	478	142	243	62	208	34	211	43	199	43	166	77	172	75	163	97	161	99	164	100	161	97	145
64	170	1	2	119	0	1953125	12	0.0	0	0.99	0	0	V0.2	0	0	29	81	23	83	18	80	22	79	26	72	35	74	48	69	67	76	81	72	93	73	91	76	106	88	115	97	120	119	145	127	145	129	147	188	274	304	191	324	296	514	420	546	450	618	499	704	813	1000	844	725	793	713	604	526	800	784	473	268	337	395	513	381	384	234	147	130	135	109	122	101	116	110	75	74	90	92	65	82	78	82	69	86	58	57	47
64	170	1	2	119	0	1953125	12	0.0	0	0.99	0	0	V0.2	0	0	39	77	37	77	35	74	33	74	35	70	45	69	52	65	72	70	86	64	100	60	100	62	116	69	124	76	131	95	163	106	163	103	163	157	291	276	215	303	313	491	427	526	445	599	491	690	786	1000	809	735	751	714	569	542	762	789	448	293	311	407	507	366	392	209	163	102	146	84	135	78	129	87	86	54	99	72	76	65	83	70	75	77	61	51	52
64	170	1	2	119	0	1953125	12	0.0	0	0.99	0	0	V0.2	0	0	77	46	72	45	71	47	70	55	64	47	68	53	66	52	86	56	87	53	109	40	102	41	125	36	133	40	142	46	178	69	180	51	193	134	315	236	253	267	328	445	454	508	451	575	502	670	755	1000	807	774	736	745	556	527	734	816	426	243	256	433	505	378	427	231	234	135	159	92	152	87	139	100	94	69	98	86	73	69	77	71	68	81	64	64	49
64	170	1	2	119	0	1953125	12	0.0	0	0.99	0	0	V0.2	0	0	77	46	72	45	71	47	70	55	64	47	68	53	66	52	86	56	87	53	109	40	102	41	125	36	133	40	142	46	178	69	180	51	193	134	315	236	253	267	328	445	454	508	451	575	502	670	755	1000	807	774	736	745	556	527	734	816	426	243	256	433	505	378	427	231	234	135	159	92	152	87	139	100	94	69	98	86	73	69	77	71	68	81	64	64	49
64	170	1	2	119	0	1953125	12	0.0	0	0.99	0	0	V0.2	0	0	89	12	89	13	88	18	83	32	78	37	79	44	74	51	87	55	94	55	109	43	106	41	128	41	137	40	147	60	176	74	185	80	188	157	312	277	222	305	307	493	424	550	456	631	506	714	804	1000	868	743	830	727	660	529	854	807	532	209	325	398	528	431	375	310	161	212	87	169	88	162	59	155	43	110	43	126	47	97	49	99	55	88	71	73	50
64	170	1	2	119	0	1953125	12	0.0	0	0.99	0	0	V0.2	0	0	28	91	32	92	33	87	38	83	40	83	47	82	48	88	56	96	63	109	63	110	49	123	57	143	54	153	52	180	67	201	69	192	70	283	213	367	195	327	314	510	481	532	531	616	587	674	928	1000	993	731	895	737	720	513	903	836	581	214	345	412	521	477	367	353	155	223	75	190	77	169	67	169	32	120	49	135	34	108	49	104	56	106	69	74	54
64	170	1	2	119	0	1953125	12	0.0	0	0.99	0	0	V0.2	0	0	82	49	84	43	77	47	82	42	77	54	78	55	69	79	75	90	70	114	70	116	60	130	54	152	62	160	60	185	84	197	95	191	83	269	241	351	276	303	398	489	555	511	620	595	651	653	976	975	1000	759	905	763	693	556	896	859	597	251	362	460	488	508	315	323	118	188	51	178	57	164	49	149	24	115	42	122	33	104	54	105	53	95	60	64	47
64	170	1	2	119	0	1953125	12	0.0	0	0.99	0	0	V0.2	0	0	89	38	91	31	87	35	92	32	83	46	85	45	74	75	80	84	77	107	76	112	71	127	68	144	81	151	83	176	107	183	120	180	111	253	264	325	302	267	429	464	569	471	638	577	664	634	1000	979	981	761	893	796	694	589	893	887	589	289	358	480	450	521	307	319	134	174	51	182	63	164	56	146	41	117	47	117	49	110	60	106	69	96	65	66	54
64	170	1	2	119	0	1953125	12	0.0	0	0.99	0	0	V0.2	0	0	89	39	92	34	87	38	90	36	82	49	84	51	72	75	78	87	76	109	72	112	67	129	62	148	77	155	75	180	100	188	109	185	102	261	255	331	287	276	417	475	564	482	628	582	662	643	1000	968	971	740	880	775	700	583	898	864	577	279	375	475	451	514	300	310	114	172	51	181	57	165	50	145	30	116	42	116	40	108	59	102	63	96	61	64	51
64	170	1	2	119	0	1953125	12	0.0	0	0.99	0	0	V0.2	0	0	79	50	82	43	76	47	83	42	73	53	76	55	65	75	71	90	68	111	65	113	55	126	49	146	60	154	58	180	80	189	88	186	77	267	238	344	269	291	393	485	547	495	597	573	643	653	997	986	1000	753	894	751	685	548	897	846	568	256	381	477	488	519	321	328	115	178	53	185	58	167	51	153	26	118	43	119	36	111	58	103	52	95	62	66	48
64	170	1	2	119	0	1953125	12	0.0	0	0.99	0	0	V0.2	0	0	48	84	46	83	45	83	54	74	52	78	59	75	53	88	60	95	61	113	54	113	40	129	38	146	40	161	33	180	57	200	62	194	52	284	219	356	217	296	355	500	523	515	573	588	624	656	974	977	1000	754	929	765	697	546	928	845	566	216	368	450	496	517	347	365	156	224	65	199	72	179	66	169	51	128	56	129	50	109	61	99	58	103	78	74	57
64	170	1	2	119	0	1953125	12	0.0	0	0.99	0	0	V0.2	0	0	27	92	28	91	30	91	38	87	37	85	43	81	50	90	60	97	67	106	62	109	51	123	60	140	56	153	55	173	71	195	73	185	73	280	214	358	175	319	312	520	468	532	523	618	587	695	955	1000	968	732	910	746	703	521	933	843	581	231	395	442	535	483	371	339	139	213	88	188	79	173	75	169	35	125	52	132	38	112	53	103	51	107	68	76	55
64	170	1	2	119	0	1953125	12	0.0	0	0.99	0	0	V0.2	0	0	25	89	18	87	16	84	15	85	26	81	33	80	47	73	64	83	73	77	86	80	78	79	102	98	99	101	109	124	132	138	131	133	141	210	254	306	164	316	264	497	397	532	430	606	493	685	813	1000	858	721	811	722	628	509	834	814	488	243	331	406	521	387	413	268	190	163	142	129	130	120	124	132	74	93	85	107	63	90	71	83	64	92	60	70	57
64	170	1	2	119	0	1953125	12	0.0	0	0.99	0	0	V0.2	0	0	49	79	48	78	54	76	58	70	55	74	57	72	53	85	61	92	60	111	54	111	38	124	37	141	36	155	31	174	57	195	63	184	57	281	224	351	227	283	351	478	513	492	562	562	620	650	967	978	1000	766	895	747	677	530	888	847	567	205	349	463	503	527	351	365	164	221	64	193	77	177	72	165	60	120	61	126	57	103	62	98	62	97	74	69	60
64	170	1	2	119	0	1953125	12	0.0	0	0.99	0	0	V0.2	0	0	35	86	37	86	40	80	46	80	46	78	50	79	51	87	59	96	61	107	58	111	44	126	50	141	45	153	41	171	57	194	64	185	60	276	214	356	200	308	321	492	483	518	541	583	596	668	944	985	999	758	908	738	690	526	910	850	592	207	370	446	529	498	363	355	151	223	73	190	76	178	69	170	46	124	53	130	46	108	56	100	55	100	72	73	57
64	170	1	2	119	0	1953125	12	0.0	0	0.99	0	0	V0.2	0	0	231	144	233	144	244	143	243	145	256	148	258	144	268	146	272	130	273	132	274	126	251	124	264	104	245	101	248	80	249	89	253	104	232	172	371	161	341	96	437	266	578	309	606	382	663	477	961	773	1000	600	881	559	695	342	900	663	574	151	387	312	580	329	460	266	242	188	199	108	197	85	203	103	168	73	184	78	167	60	175	65	174	54	179	72	168
64	170	1	2	119	0	1953125	12	0.0	0	0.99	0	0	V0.2	0	0	224	142	223	145	237	143	237	142	251	146	249	143	259	143	265	129	265	132	265	124	242	117	258	100	240	94	241	77	247	77	254	91	237	155	367	150	340	94	438	259	585	309	600	365	660	457	941	769	1000	617	871	594	717	360	876	651	569	95	381	310	572	338	446	284	242	211	190	130	190	105	198	119	164	87	181	94	164	70	172	77	170	61	177	82	165
64	170	1	2	119	0	1953125	12	0.0	0	0.99	0	0	V0.2	0	0	226	148	224	151	238	149	236	152	251	155	248	155	258	156	263	140	264	144	267	135	243	136	254	116	230	122	235	102	234	117	239	127	216	198	344	191	325	112	422	288	571	327	592	414	657	493	933	776	1000	583	904	585	752	370	908	688	583	180	388	329	577	308	472	244	273	173	220	98	215	70	215	87	182	57	196	62	182	46	185	53	182	38	187	60	178
64	170	1	2	119	0	1953125	12	0.0	0	0.99	0	0	V0.2	0	0	24	92	27	90	29	90	36	86	42	84	44	83	50	88	58	99	64	106	66	110	50	121	63	139	55	150	57	172	72	195	77	185	77	277	210	358	184	336	319	524	477	560	535	628	604	705	943	1000	988	770	938	784	752	570	966	891	624	220	384	459	556	488	377	341	161	235	92	195	89	179	78	176	46	128	56	141	45	113	58	105	55	111	74	78	58
64	170	1	2	119	0	1953125	12	0.0	0	0.99	0	0	V0.2	0	0	53	81	45	82	44	82	38	83	42	78	49	79	59	72	76	81	87	72	103	73	95	71	118	87	117	94	128	121	144	133	152	132	150	201	261	306	172	325	271	504	396	547	449	630	507	705	832	1000	867	727	848	756	685	527	883	855	573	282	368	408	522	401	387	279	159	185	124	154	110	145	96	153	55	112	68	125	42	102	58	98	51	103	58	74	50
64	170	1	2	119	0	1953125	12	0.0	0	0.99	0	0	V0.2	0	0	85	25	89	12	86	9	92	20	85	25	82	36	80	53	86	55	92	68	104	54	103	60	124	51	136	49	148	44	178	55	195	40	188	116	327	220	249	261	339	447	438	517	468	602	502	684	780	1000	804	776	815	776	609	565	846	860	502	281	320	400	513	381	398	256	188	184	127	140	117	141	94	146	56	108	57	126	42	99	50	99	47	95	65	75	49
64	170	1	2	119	0	1953125	12	0.0	0	0.99	0	0	V0.2	0	0	85	30	88	18	86	14	88	17	82	30	84	37	80	54	87	64	94	69	99	57	99	63	118	60	130	54	142	48	172	56	187	40	185	118	332	213	257	240	345	431	439	496	469	582	505	679	781	1000	798	771	783	760	580	549	806	854	492	289	309	417	517	383	407	249	186	163	133	127	125	128	105	137	62	105	63	118	45	96	51	97	47	91	58	71	46
64	170	1	2	119	0	1953125	12	0.0	0	0.99	0	0	V0.2	0	0	86	35	87	34	88	30	87	28	82	37	86	46	72	67	85	73	77	95	84	88	69	109	83	114	90	124	98	129	128	144	141	131	138	215	305	266	314	196	420	388	559	424	596	507	641	611	949	1000	947	847	821	824	584	592	793	922	483	282	275	549	451	540	381	324	241	160	136	144	146	130	139	106	123	72	112	76	105	61	96	64	93	64	91	62	69
64	170	1	2	119	0	1953125	12	0.0	0	0.99	0	0	V0.2	0	0	151	215	143	232	149	227	140	246	149	246	141	256	146	262	138	258	139	267	132	250	129	259	110	243	93	251	84	238	43	262	38	240	18	321	118	386	117	333	196	523	337	564	360	650	395	721	689	1000	774	750	782	752	552	571	732	884	349	345	204	511	429	416	432	210	318	86	211	99	201	102	189	89	174	88	163	93	155	102	144	107	138	110	153	96	148
64	170	1	2	119	0	1953125	12	0.0	0	0.99	0	0	V0.2	0	0	72	54	66	56	63	57	61	64	59	57	62	60	62	53	83	62	89	54	107	45	98	43	124	44	129	48	137	59	167	77	169	68	179	142	301	251	227	283	303	455	430	527	439	582	487	677	766	1000	826	784	787	757	601	550	800	848	493	277	314	443	529	390	432	248	221	151	158	115	148	109	135	123	90	91	94	103	73	87	74	81	66	94	67	72	53
64	170	1	2	119	0	1953125	12	0.0	0	0.99	0	0	V0.2	0	0	193	212	187	225	197	226	186	239	203	241	194	250	202	256	200	243	204	253	205	231	187	248	182	227	157	240	158	219	131	251	140	233	93	335	209	370	244	289	336	491	492	525	517	618	556	691	890	978	1000	711	987	704	741	481	947	859	543	284	350	459	588	366	542	200	350	109	255	36	247	26	239	28	213	14	212	7	200	33	194	44	188	36	203	38	185
64	170	1	2	119	0	1953125	12	0.0	0	0.99	0	0	V0.2	0	0	142	214	143	230	137	227	137	243	143	240	137	253	144	256	129	257	134	265	119	247	127	255	104	239	91	250	82	233	46	258	35	233	57	313	119	373	78	345	160	516	299	571	322	652	374	727	640	1000	700	775	729	806	524	623	718	933	358	351	183	537	389	444	402	242	311	128	209	135	197	133	180	123	171	110	155	119	150	121	136	125	132	130	145	114	143
64	170	1	2	119	0	1953125	12	0.0	0	0.99	0	0	V0.2	0	0	61	70	53	69	52	69	48	75	48	65	53	69	59	64	78	70	84	62	105	60	95	53	118	65	122	66	128	88	150	104	157	100	164	170	283	283	200	303	272	464	402	530	419	588	480	677	777	1000	858	765	817	745	647	545	852	868	560	263	327	433	544	396	424	274	204	178	136	136	131	134	113	140	73	105	77	116	56	96	63	94	57	93	62	75	51
64	170	1	2	119	0	1953125	12	0.0	0	0.99	0	0	V0.2	0	0	186	210	180	223	188	220	179	235	195	234	186	244	194	249	194	238	199	248	198	227	180	239	178	224	149	236	151	215	126	246	134	227	81	330	204	372	238	284	316	466	472	512	497	599	530	671	858	966	1000	716	975	684	724	459	890	835	522	274	329	451	578	359	535	210	359	105	257	37	248	23	239	26	215	14	209	9	200	31	195	45	189	38	202	37	188
64	170	1	2	119	0	1953125	12	0.0	0	0.99	0	0	V0.2	0	0	173	220	168	236	172	235	165	249	176	253	165	261	175	267	168	261	172	269	169	249	157	261	148	243	126	254	119	235	81	267	82	244	31	337	138	387	168	323	254	513	404	561	423	643	465	724	776	1000	897	753	916	760	684	548	849	893	464	341	298	512	520	396	499	196	353	74	254	63	247	61	228	54	212	47	204	52	193	68	188	73	181	77	194	58	183
64	170	1	2	119	0	1953125	12	0.0	0	0.99	0	0	V0.2	0	0	207	195	201	210	210	206	201	221	214	219	209	227	220	233	222	218	224	226	229	207	207	220	210	198	186	210	185	188	170	220	174	211	132	302	253	317	273	230	363	411	513	450	539	546	593	621	926	884	999	627	976	650	773	452	974	808	602	255	397	407	603	324	512	199	311	130	249	62	239	48	234	59	205	39	209	42	193	40	196	47	190	38	200	56	186
64	170	1	2	119	0	1953125	12	0.0	0	0.99	0	0	V0.2	0	0	154	210	150	227	149	222	147	240	156	238	145	253	151	255	142	253	148	260	139	240	136	253	118	234	101	246	94	226	57	250	55	229	23	317	110	372	126	321	192	492	326	532	337	606	368	697	690	1000	798	739	800	727	548	536	741	894	394	332	185	506	437	409	450	209	329	76	216	91	212	93	197	85	186	76	173	86	166	92	156	98	150	101	164	83	157
64	170	1	2	119	0	1953125	12	0.0	0	0.99	0	0	V0.2	0	0	138	207	137	219	135	216	136	232	140	229	133	242	139	246	125	247	128	251	113	234	123	241	98	229	91	234	83	219	57	236	46	211	76	284	130	359	66	322	137	489	270	540	287	604	335	685	606	1000	692	795	690	774	452	579	620	882	307	321	128	519	345	455	371	271	296	135	177	142	173	142	152	138	150	118	132	128	128	126	118	130	112	137	124	119	122
64	170	1	2	119	0	1953125	12	0.0	0	0.99	0	0	V0.2	0	0	138	207	134	220	135	217	132	233	136	230	132	242	135	248	123	248	127	252	117	235	118	244	100	230	84	238	78	222	37	248	31	220	43	306	119	371	95	329	166	498	304	550	323	619	366	704	647	1000	753	780	746	760	512	566	697	891	351	314	173	519	401	437	409	242	314	111	199	119	194	117	176	111	167	97	152	107	147	107	136	110	131	118	142	101	138
64	170	1	2	119	0	1953125	12	0.0	0	0.99	0	0	V0.2	0	0	159	210	153	226	156	221	148	239	161	237	150	247	159	256	147	249	154	258	143	239	140	252	125	234	105	246	99	225	62	253	62	230	10	323	124	377	146	318	217	496	362	541	372	619	420	708	728	1000	849	753	848	743	613	540	804	899	439	310	238	506	485	409	473	207	339	81	232	76	226	75	210	67	199	57	185	65	178	77	167	82	160	82	175	66	166
64	170	1	2	119	0	1953125	12	0.0	0	0.99	0	0	V0.2	0	0	147	210	141	228	141	221	138	238	146	236	138	249	146	253	132	252	137	258	127	239	127	250	108	233	92	245	84	226	43	251	39	226	29	313	108	371	109	329	180	502	325	552	334	618	379	701	665	1000	788	783	790	768	555	567	738	913	399	319	188	517	433	429	438	232	329	103	215	103	210	102	191	97	184	84	169	96	163	95	150	102	142	105	156	88	150
64	170	1	2	119	0	1953125	12	0.0	0	0.99	0	0	V0.2	0	0	129	205	130	217	129	210	129	227	132	225	128	237	133	241	117	245	121	250	104	235	117	237	92	225	90	232	78	218	64	235	55	207	90	274	149	350	75	326	144	488	275	537	290	600	348	683	602	1000	677	810	666	809	462	615	632	918	344	331	130	523	339	468	348	286	275	160	165	161	158	153	137	150	137	128	117	142	115	135	101	138	99	142	108	129	108
64	170	1	2	119	0	1953125	12	0.0	0	0.99	0	0	V0.2	0	0	136	206	135	222	132	217	130	235	136	231	130	243	135	248	120	247	124	255	112	234	119	244	95	231	85	237	76	224	43	244	33	217	58	294	121	363	78	326	151	496	295	551	312	620	357	697	627	1000	726	795	727	791	511	599	687	914	355	326	153	520	381	445	394	256	306	130	196	129	187	128	167	124	161	103	146	115	140	116	129	120	125	128	135	109	132
64	170	1	2	119	0	1953125	12	0.0	0	0.99	0	0	V0.2	0	0	195	209	187	222	198	221	186	236	203	239	193	247	202	252	201	238	205	247	206	229	188	242	186	221	160	232	162	210	139	244	140	229	97	323	202	354	244	269	324	458	478	493	504	594	547	676	886	961	1000	692	983	712	759	499	962	877	575	299	340	444	577	352	529	196	347	107	254	41	249	25	238	27	209	14	212	8	200	30	194	40	187	35	201	39	187
64	170	1	2	119	0	1953125	12	0.0	0	0.99	0	0	V0.2	0	0	145	211	138	227	140	220	136	238	143	238	134	250	144	253	127	253	134	259	121	240	125	250	104	235	91	243	81	225	43	247	34	223	41	302	107	367	95	320	159	492	298	541	318	615	355	696	650	1000	753	765	756	766	514	580	718	916	365	331	150	503	389	426	411	227	313	101	199	115	192	115	176	107	167	96	153	107	148	108	135	112	129	116	143	99	140
64	170	1	2	119	0	1953125	12	0.0	0	0.99	0	0	V0.2	0	0	144	211	140	225	141	222	137	238	145	236	137	247	142	255	129	251	135	259	125	240	127	250	109	234	92	242	86	227	47	247	41	221	48	294	101	371	89	322	149	495	286	537	307	615	341	684	629	1000	742	775	742	766	507	580	687	903	341	333	137	499	373	427	406	241	320	110	204	120	195	120	180	113	170	101	156	110	152	115	141	117	130	122	147	105	144
64	170	1	2	119	0	1953125	12	0.0	0	0.99	0	0	V0.2	0	0	141	210	139	224	138	223	134	237	140	236	134	245	140	253	128	252	130	259	120	242	122	248	104	235	88	240	83	228	43	249	36	225	52	295	112	369	85	326	153	500	287	547	315	623	348	700	637	1000	735	792	746	785	510	593	689	899	345	346	158	513	378	443	407	248	313	118	205	126	194	126	177	119	167	105	155	114	149	115	135	116	132	126	144	110	142
64	170	1	2	119	0	1953125	12	0.0	0	0.99	0	0	V0.2	0	0	84	39	80	39	77	38	76	48	70	42	75	52	71	50	92	56	91	56	115	40	104	44	128	33	134	39	145	35	172	53	179	33	178	102	306	202	250	238	322	413	443	480	458	550	499	639	772	1000	797	804	779	821	588	613	803	909	477	328	286	465	468	389	428	217	244	111	172	79	167	78	150	87	114	63	113	80	95	69	90	71	82	83	71	68	60
64	170	1	2	119	0	1953125	12	0.0	0	0.99	0	0	V0.2	0	0	84	39	80	39	77	38	76	48	70	42	75	52	71	50	92	56	91	56	115	40	104	44	128	33	134	39	145	35	172	53	179	33	178	102	306	202	250	238	322	413	443	480	458	550	499	639	772	1000	797	804	779	821	588	613	803	909	477	328	286	465	468	389	428	217	244	111	172	79	167	78	150	87	114	63	113	80	95	69	90	71	82	83	71	68	60
64	170	1	2	119	0	1953125	12	0.0	0	0.99	0	0	V0.2	0	0	201	195	193	208	202	207	195	218	211	221	203	223	213	231	214	218	218	228	217	206	199	220	199	201	176	210	177	191	161	217	160	204	117	292	229	320	268	219	340	399	483	426	517	533	546	603	892	896	1000	639	966	624	711	419	915	778	544	259	339	392	557	311	513	200	316	125	235	48	231	28	229	40	198	32	203	32	192	34	188	47	186	34	196	49	182
64	170	1	2	119	0	1953125	12	0.0	0	0.99	0	0	V0.2	0	0	131	202	130	221	127	216	125	232	131	230	125	240	131	246	117	246	120	250	109	234	114	242	93	228	81	233	74	221	34	243	29	216	53	291	122	369	90	325	156	487	290	538	310	605	353	698	639	1000	744	789	728	752	490	554	655	872	341	321	166	513	385	446	401	251	304	114	192	122	181	120	164	114	156	101	142	109	137	110	125	114	122	123	135	105	130
64	170	1	2	119	0	1953125	12	0.0	0	0.99	0	0	V0.2	0	0	125	201	124	217	121	210	124	227	126	225	123	236	128	240	113	242	115	247	100	232	111	236	91	225	87	226	81	214	74	231	69	202	106	263	170	347	82	327	158	484	286	542	307	600	363	699	613	1000	680	837	657	814	445	609	603	894	324	343	155	535	341	488	335	306	261	174	156	166	146	159	125	156	124	134	105	145	103	139	91	139	85	148	98	133	99
64	170	1	2	119	0	1953125	12	0.0	0	0.99	0	0	V0.2	0	0	135	207	132	225	131	218	129	237	133	235	127	246	135	250	117	252	123	256	111	240	117	248	95	233	82	244	71	227	36	251	29	222	60	297	120	365	78	335	163	503	301	556	314	616	368	717	643	1000	731	805	740	800	521	611	702	922	381	356	196	532	400	452	399	253	299	129	195	132	188	127	169	121	160	105	144	117	140	117	123	118	124	125	136	108	130
64	170	1	2	119	0	1953125	12	0.0	0	0.99	0	0	V0.2	0	0	130	203	133	216	129	212	131	229	135	224	130	238	134	239	120	244	124	248	108	231	119	236	96	222	93	228	80	217	67	233	60	204	97	267	148	345	66	320	138	475	265	533	287	596	340	686	601	1000	681	816	672	808	463	618	634	925	349	344	139	520	338	468	355	291	280	162	172	160	162	154	142	148	141	129	121	139	119	134	106	136	103	145	114	128	113
64	170	1	2	119	0	1953125	12	0.0	0	0.99	0	0	V0.2	0	0	134	204	132	217	131	216	127	231	135	230	127	240	135	244	121	247	122	251	111	233	117	242	95	227	85	232	77	221	46	239	35	213	64	284	122	357	74	323	147	486	280	541	304	610	347	696	624	1000	725	813	728	791	498	592	668	903	353	344	161	512	367	449	391	265	301	135	193	135	186	131	165	127	160	108	145	119	139	117	126	118	123	125	134	112	131
64	170	1	2	119	0	1953125	12	0.0	0	0.99	0	0	V0.2	0	0	136	207	135	222	132	221	130	236	136	236	130	245	134	250	122	252	125	255	113	240	118	247	96	232	86	239	76	225	40	246	29	220	55	294	118	362	77	326	152	487	285	544	321	626	361	710	647	1000	728	793	745	801	516	605	709	924	370	355	179	513	376	442	400	248	303	125	198	129	188	125	170	119	161	106	146	115	141	115	132	120	124	125	135	106	135
64	170	1	2	119	0	1953125	12	0.0	0	0.99	0	0	V0.2	0	0	137	204	134	219	134	216	129	231	137	230	130	241	136	245	123	245	127	251	113	233	119	241	97	226	86	231	78	218	46	236	38	211	62	285	119	356	77	318	141	475	273	524	298	598	336	687	632	1000	735	786	721	762	481	575	662	895	341	337	145	500	366	440	398	256	305	119	190	126	181	125	165	119	156	103	145	114	137	115	126	113	123	122	135	105	132
64	170	1	2	119	0	1953125	12	0.0	0	0.99	0	0	V0.2	0	0	164	208	157	224	163	222	154	238	167	238	159	245	166	252	159	247	165	251	161	234	150	244	139	228	117	238	114	221	79	249	79	226	30	321	138	375	169	304	241	480	386	531	416	609	450	705	781	999	914	762	908	734	636	518	835	882	469	319	280	479	509	397	502	211	351	85	245	59	234	56	221	51	201	42	195	44	185	59	176	66	169	66	183	52	173
64	170	1	2	119	0	1953125	12	0.0	0	0.99	0	0	V0.2	0	0	145	206	142	222	141	220	139	235	148	235	138	245	144	252	134	250	136	256	130	237	127	246	112	230	92	242	87	224	42	250	40	224	24	305	111	368	113	320	188	495	326	542	352	619	384	702	697	1000	801	776	814	776	573	580	768	905	407	341	235	506	439	419	447	228	326	102	223	99	210	97	198	89	182	81	171	88	162	93	151	96	148	97	158	83	156
64	170	1	2	119	0	1953125	12	0.0	0	0.99	0	0	V0.2	0	0	140	205	136	221	137	216	133	232	140	231	131	242	138	247	126	248	130	252	118	236	122	243	101	230	89	235	83	221	48	241	39	216	58	289	113	358	74	318	146	483	276	527	301	605	337	691	637	1000	730	788	735	776	494	579	677	897	350	349	172	512	374	445	405	253	308	120	199	128	190	125	178	120	165	106	154	113	146	116	135	120	127	123	140	108	137
64	170	1	2	119	0	1953125	12	0.0	0	0.99	0	0	V0.2	0	0	137	206	136	223	133	219	131	235	139	232	133	243	138	249	123	248	125	256	114	238	121	243	100	233	86	238	80	224	49	244	39	218	61	290	116	362	69	325	146	493	279	544	311	622	350	702	637	1000	719	805	737	803	501	608	696	916	351	350	175	517	369	451	395	258	306	134	199	133	190	132	172	126	164	111	151	121	143	118	131	121	126	128	138	112	136
64	170	1	2	119	0	1953125	12	0.0	0	0.99	0	0	V0.2	0	0	137	208	135	223	135	219	133	237	138	232	132	246	137	249	124	250	129	255	115	240	120	245	98	233	88	237	80	226	46	241	39	218	57	289	112	357	71	319	143	482	269	522	286	603	333	690	636	1000	708	766	708	779	496	596	675	910	350	353	161	509	367	440	392	249	299	119	188	133	186	129	168	120	159	108	145	118	138	119	129	121	124	129	136	113	132
64	170	1	2	119	0	1953125	12	0.0	0	0.99	0	0	V0.2	0	0	136	204	137	216	135	212	138	226	142	225	139	236	145	239	130	244	131	248	116	233	126	234	109	224	104	225	99	214	92	223	87	195	118	242	175	331	74	319	148	475	262	525	288	586	338	666	597	1000	653	839	652	836	419	629	601	909	312	343	142	500	291	483	314	311	259	186	146	177	137	173	116	170	117	148	100	159	98	150	88	151	86	159	94	148	96
64	170	1	2	119	0	1953125	12	0.0	0	0.99	0	0	V0.2	0	0	140	212	137	227	139	222	136	238	143	237	134	250	143	253	126	253	131	260	119	241	124	247	105	234	91	237	87	226	49	246	41	220	60	283	107	354	67	318	145	494	265	526	304	620	333	692	639	1000	710	777	738	812	511	608	690	919	352	368	171	501	355	431	391	243	300	122	202	132	192	128	174	123	163	109	152	117	144	123	133	121	128	128	142	111	139
64	170	1	2	119	0	1953125	12	0.0	0	0.99	0	0	V0.2	0	0	141	211	136	225	136	219	132	238	140	235	133	250	137	253	125	253	128	257	117	240	121	248	101	234	89	239	82	225	48	244	42	217	65	287	115	353	63	318	143	489	259	529	299	618	340	700	641	1000	697	782	719	797	481	605	678	914	333	374	188	516	355	443	388	248	290	124	186	138	180	134	166	128	157	114	144	124	137	125	126	128	120	131	133	119	132
64	170	1	2	119	0	1953125	12	0.0	0	0.99	0	0	V0.2	0	0	146	208	145	224	143	221	140	236	148	236	139	246	146	251	136	248	139	255	132	237	131	245	112	232	98	237	90	224	47	244	45	223	37	298	100	359	96	305	168	481	292	510	316	600	350	688	682	1000	770	756	787	763	538	563	716	887	370	349	208	494	410	420	436	224	318	93	213	103	206	101	192	94	179	86	169	91	161	96	152	99	148	105	159	89	152
64	170	1	2	119	0	1953125	12	0.0	0	0.99	0	0	V0.2	0	0	132	200	130	215	129	211	129	224	135	223	129	234	135	239	118	242	122	246	110	229	116	234	94	221	88	228	79	214	57	230	50	201	83	273	131	342	54	310	138	479	263	525	289	591	333	688	622	1000	695	803	691	782	452	597	642	895	329	351	176	516	363	464	380	274	286	143	179	146	175	141	156	135	149	117	134	128	130	122	119	125	114	133	124	119	124
64	170	1	2	119	0	1953125	12	0.0	0	0.99	0	0	V0.2	0	0	132	204	131	218	128	214	130	231	133	229	127	239	134	244	117	246	120	251	106	235	115	239	93	226	87	232	77	219	56	234	50	207	81	275	131	344	57	318	141	489	268	528	291	604	341	693	624	1000	683	810	708	818	469	619	677	920	349	370	187	526	359	467	372	275	283	150	181	150	173	143	155	140	147	121	132	130	130	127	116	128	114	134	123	122	121
64	170	1	2	119	0	1953125	12	0.0	0	0.99	0	0	V0.2	0	0	176	201	183	205	185	201	196	209	198	208	204	211	211	214	205	221	204	217	196	211	195	198	194	192	192	175	185	174	202	154	205	136	230	141	330	234	226	272	320	408	436	473	477	526	550	628	805	1000	759	897	696	912	526	695	750	953	507	329	322	502	387	555	274	406	141	292	32	251	39	235	19	233	9	199	19	210	24	186	43	189	52	189	36	188	47
64	170	1	2	119	0	1953125	12	0.0	0	0.99	0	0	V0.2	0	0	62	72	61	69	64	66	70	63	66	67	68	68	64	85	70	92	66	111	60	111	44	127	42	139	39	151	40	165	54	183	67	170	51	249	200	316	229	258	342	428	497	449	549	521	596	608	959	977	1000	793	928	826	733	601	912	924	616	285	394	480	489	525	361	369	176	227	75	198	93	177	83	167	77	119	72	126	71	100	74	95	67	94	84	74	63
64	170	1	2	119	0	1953125	12	0.0	0	0.99	0	0	V0.2	0	0	147	213	143	229	143	227	138	242	148	243	140	254	145	259	133	257	135	262	129	246	128	253	112	236	97	243	89	228	48	248	42	225	41	293	98	358	89	313	164	492	300	529	327	619	358	691	663	1000	761	773	795	811	575	620	749	923	387	386	205	492	386	412	420	227	314	103	213	110	203	110	187	105	173	93	163	102	157	106	144	106	145	115	152	97	150
64	170	1	2	119	0	1953125	12	0.0	0	0.99	0	0	V0.2	0	0	92	14	89	12	88	14	90	31	82	28	85	43	76	50	93	60	91	72	109	54	101	68	120	57	125	62	138	52	165	69	172	49	171	117	310	178	276	182	366	361	486	427	522	526	561	628	839	1000	820	835	793	882	600	677	822	973	492	394	318	516	444	449	417	242	252	107	187	94	178	79	167	73	134	49	130	61	113	57	103	59	100	72	87	65	70
64	170	1	2	119	0	1953125	12	0.0	0	0.99	0	0	V0.2	0	0	53	79	54	76	57	75	63	71	59	72	66	73	60	87	66	98	63	114	59	114	46	132	39	142	36	151	32	169	49	186	55	178	41	256	196	327	206	267	330	453	486	472	558	560	609	637	985	983	1000	790	962	827	743	625	980	936	629	309	455	491	507	531	374	368	162	232	86	212	94	189	83	177	67	132	72	135	66	112	75	102	67	102	85	78	66
64	170	1	2	119	0	1953125	12	0.0	0	0.99	0	0	V0.2	0	0	191	202	202	205	202	201	215	209	216	208	224	212	232	213	228	218	229	214	217	207	215	195	213	186	211	170	206	166	223	140	225	119	241	109	360	210	247	250	350	390	471	447	517	500	595	606	870	1000	823	905	749	915	569	691	809	936	539	301	401	479	414	552	287	419	125	295	37	254	38	231	44	236	19	198	47	212	47	187	63	190	70	190	60	188	62
64	170	1	2	119	0	1953125	12	0.0	0	0.99	0	0	V0.2	0	0	155	198	163	204	161	201	169	213	171	211	176	218	181	218	175	228	172	227	161	215	167	209	158	199	159	192	151	184	167	175	165	147	198	178	281	265	170	282	243	421	355	471	382	520	458	637	709	1000	689	867	613	864	438	650	642	934	421	339	284	525	344	540	266	389	170	259	56	235	58	217	37	222	43	185	24	197	35	178	32	182	43	185	32	176	47
64	170	1	2	119	0	1953125	12	0.0	0	0.99	0	0	V0.2	0	0	200	200	209	206	214	200	224	207	228	206	235	208	245	207	242	213	241	209	233	202	229	188	230	180	226	161	223	156	240	126	239	111	256	93	383	197	281	239	378	378	510	438	542	480	617	587	903	999	890	917	787	925	612	688	840	963	600	294	415	483	465	556	315	440	128	318	53	260	53	240	65	245	39	203	67	217	63	190	80	190	91	192	75	192	81
64	170	1	2	119	0	1953125	12	0.0	0	0.99	0	0	V0.2	0	0	186	197	195	203	200	198	206	208	210	206	215	211	226	210	220	218	220	214	210	203	209	196	207	184	206	171	200	164	216	142	220	119	237	115	355	218	243	252	335	389	447	444	496	496	566	601	838	1000	815	905	726	914	548	675	764	943	540	315	382	486	406	551	284	424	126	297	30	257	32	236	37	241	11	201	39	216	40	189	56	193	69	191	52	191	60
64	170	1	2	119	0	1953125	12	0.0	0	0.99	0	0	V0.2	0	0	219	203	226	204	232	200	241	205	248	206	255	206	263	207	263	212	263	203	257	199	248	182	249	176	245	154	240	149	257	111	262	93	271	72	400	169	295	220	411	365	543	422	593	477	672	597	969	1000	927	917	847	938	675	707	925	973	648	294	471	480	491	563	331	440	124	323	80	269	76	246	88	253	59	208	87	222	81	192	98	190	108	193	92	198	93
64	170	1	2	119	0	1953125	12	0.0	0	0.99	0	0	V0.2	0	0	147	208	152	218	151	214	157	227	160	223	161	235	169	236	155	244	156	243	143	231	152	228	136	219	139	215	130	206	139	200	140	172	170	208	240	289	122	298	205	454	306	493	340	557	406	659	660	1000	640	854	622	891	439	686	645	960	397	383	258	523	295	519	259	353	190	232	84	221	88	208	66	207	71	178	53	190	57	178	47	178	49	181	52	171	63
64	170	1	2	119	0	1953125	12	0.0	0	0.99	0	0	V0.2	0	0	197	207	206	210	210	208	220	216	222	212	233	215	238	217	234	224	235	219	225	212	223	201	218	192	215	176	207	170	225	145	227	119	248	119	360	205	240	256	346	394	469	445	509	496	588	619	869	1000	809	903	745	927	587	703	820	971	576	323	415	496	414	559	276	421	117	303	37	262	36	244	44	248	17	207	47	224	48	196	66	195	75	199	56	199	65
64	170	1	2	119	0	1953125	12	0.0	0	0.99	0	0	V0.2	0	0	66	71	64	70	69	66	70	63	68	67	73	70	64	85	71	94	65	114	62	113	46	129	44	140	45	154	43	164	61	184	67	173	51	248	202	309	222	242	348	435	496	437	558	522	606	610	982	972	1000	811	969	855	741	636	969	981	648	348	455	516	486	539	359	371	168	231	88	211	100	185	94	173	82	125	83	132	79	108	85	101	73	99	89	76	69
64	170	1	2	119	0	1953125	12	0.0	0	0.99	0	0	V0.2	0	0	186	205	197	213	199	208	210	214	217	212	221	215	230	216	224	224	226	222	218	209	216	200	214	191	212	176	206	168	227	142	228	121	245	113	362	216	252	255	357	398	467	447	516	496	583	603	856	1000	837	928	758	922	564	687	800	961	580	333	421	495	426	555	283	425	118	296	38	256	39	236	48	241	24	196	53	215	49	188	70	185	77	189	62	187	69
64	170	1	2	119	0	1953125	12	0.0	0	0.99	0	0	V0.2	0	0	177	202	182	209	182	203	194	210	196	209	204	216	208	215	203	224	200	220	193	213	193	202	187	195	189	181	179	176	199	154	202	133	225	144	321	230	211	266	306	402	418	458	455	512	534	637	791	1000	755	905	694	918	531	709	756	984	528	366	356	526	387	561	265	403	139	288	33	252	41	236	22	240	11	201	14	215	20	191	36	192	50	193	32	190	46
64	170	1	2	119	0	1953125	12	0.0	0	0.99	0	0	V0.2	0	0	144	206	151	213	148	213	155	224	159	221	162	230	166	234	157	240	156	239	141	228	151	224	138	212	140	210	125	202	139	194	140	171	170	201	240	283	125	295	206	448	306	486	336	543	401	648	660	1000	656	867	622	881	446	680	639	950	408	379	262	516	298	519	264	358	187	231	79	220	83	208	62	210	68	179	47	190	52	174	40	173	47	181	47	170	59
64	170	1	2	119	0	1953125	12	0.0	0	0.99	0	0	V0.2	0	0	223	201	233	200	238	198	249	200	255	201	262	200	272	199	270	204	269	199	264	193	254	174	259	165	250	144	244	139	263	95	262	89	272	58	411	156	306	209	417	342	559	403	601	448	678	577	992	1000	972	931	867	915	687	670	935	966	674	263	487	475	530	560	361	444	136	320	92	261	93	238	107	249	74	202	102	220	91	188	112	187	111	188	104	192	99
64	170	1	2	119	0	1953125	12	0.0	0	0.99	0	0	V0.2	0	0	188	196	186	207	193	204	193	211	205	214	204	215	211	216	221	204	221	205	226	187	210	188	213	167	202	169	196	149	193	173	194	164	159	233	283	226	287	121	388	290	521	301	570	384	616	463	954	772	1000	632	954	651	764	448	963	746	662	171	477	322	555	380	428	311	206	242	168	180	159	173	160	178	127	150	139	163	120	140	130	146	122	145	117	160	101
64	170	1	2	119	0	1953125	12	0.0	0	0.99	0	0	V0.2	0	0	213	201	224	200	228	196	239	201	244	201	250	201	260	200	257	209	257	199	252	196	244	176	249	170	239	145	235	144	254	103	254	89	270	76	401	172	295	220	402	345	537	405	577	455	664	594	964	1000	940	914	823	906	671	680	899	961	650	288	476	482	511	558	340	432	124	309	80	257	82	239	93	244	62	199	90	217	82	182	101	183	106	186	92	188	92
64	170	1	2	119	0	1953125	12	0.0	0	0.99	0	0	V0.2	0	0	183	211	192	212	193	212	203	218	206	218	215	221	221	222	217	228	217	226	210	217	207	208	206	196	203	183	194	179	215	155	218	131	235	127	348	227	233	267	328	394	439	444	476	497	550	606	818	1000	801	908	711	914	554	712	774	963	550	342	400	494	404	554	270	416	119	289	22	253	26	236	32	241	13	197	42	214	43	188	63	191	71	192	56	189	66
64	170	1	2	119	0	1953125	12	0.0	0	0.99	0	0	V0.2	0	0	210	203	219	207	222	203	231	207	237	211	246	209	254	209	250	219	248	210	244	203	238	190	240	183	233	158	228	159	248	120	249	105	260	83	387	184	275	235	385	364	504	424	551	469	625	588	911	1000	895	936	802	928	632	697	859	974	631	316	460	484	471	564	317	443	117	319	61	268	60	248	73	254	44	212	73	226	66	198	83	198	98	199	78	202	83
64	170	1	2	119	0	1953125	12	0.0	0	0.99	0	0	V0.2	0	0	183	215	192	218	194	214	206	220	211	221	216	225	223	228	218	234	218	230	209	222	209	208	207	203	202	186	197	184	214	155	219	138	236	128	343	229	233	264	334	404	432	443	486	507	552	614	824	999	784	919	729	939	566	723	798	992	572	382	409	510	393	561	265	413	110	293	26	257	28	243	32	244	14	204	38	218	43	194	56	195	72	193	55	192	65
64	170	1	2	119	0	1953125	12	0.0	0	0.99	0	0	V0.2	0	0	183	211	193	215	196	210	206	216	212	216	217	222	223	220	219	229	218	227	210	217	209	207	206	198	205	182	198	175	221	150	221	130	242	127	348	224	240	267	340	402	448	451	500	503	559	615	823	1000	798	917	729	936	572	707	781	972	570	364	409	506	408	561	273	421	114	294	30	256	34	243	36	242	13	202	39	216	43	191	57	190	73	194	52	192	66
64	170	1	2	119	0	1953125	12	0.0	0	0.98	0	0	V0.2	0	0	168	206	170	206	176	211	178	212	184	220	188	221	192	226	188	232	182	227	179	224	174	209	174	207	167	190	165	188	177	169	180	146	210	167	291	251	180	282	266	416	365	458	401	521	477	640	722	1000	702	887	642	918	504	697	685	971	465	377	334	530	340	539	251	398	156	267	42	248	54	227	31	234	37	196	14	209	31	189	27	186	44	194	31	184	43
64	170	1	2	119	0	1953125	12	0.0	0	0.99	0	0	V0.2	0	0	234	162	240	159	251	157	254	157	267	158	268	153	280	152	283	147	284	139	282	136	265	122	270	113	256	91	257	83	262	50	262	69	247	91	381	94	322	77	439	232	565	260	605	333	667	430	972	792	1000	707	945	742	787	518	990	804	705	193	534	340	557	387	426	326	201	237	188	177	175	154	189	165	154	126	174	136	160	108	171	112	172	107	167	119	161
64	170	1	2	119	0	1953125	12	0.0	0	0.99	0	0	V0.2	0	0	234	144	238	145	249	143	248	146	262	148	264	141	275	143	279	130	283	128	281	122	258	118	267	99	250	95	249	79	249	86	253	98	225	152	356	145	317	70	432	250	561	272	596	353	651	445	965	758	1000	652	976	678	791	459	995	772	689	198	513	338	575	339	464	262	252	187	220	130	206	108	211	116	181	85	193	92	178	67	179	74	182	64	183	80	175
64	170	1	2	119	0	1953125	12	0.0	0	0.99	0	0	V0.2	0	0	199	207	208	210	213	205	222	213	229	212	236	215	244	214	242	220	240	216	230	211	229	195	226	187	226	168	219	162	242	130	243	107	263	107	380	199	271	245	384	383	506	427	547	485	616	621	903	1000	851	920	787	950	636	714	858	988	615	352	456	523	467	569	302	428	112	305	59	265	56	246	61	249	37	204	64	219	60	188	75	192	91	192	75	192	80
64	170	1	2	119	0	1953125	12	0.0	0	0.99	0	0	V0.2	0	0	209	202	215	204	222	202	231	205	237	206	243	206	252	205	250	214	250	204	241	202	236	182	236	177	234	155	228	151	247	113	248	96	272	85	390	178	284	229	392	359	525	413	562	468	643	607	934	1000	888	929	809	930	659	705	887	984	637	331	481	514	500	578	329	436	118	313	73	266	72	246	82	254	48	207	78	223	66	194	88	192	97	192	80	195	82
64	170	1	2	119	0	1953125	12	0.0	0	0.99	0	0	V0.2	0	0	190	202	199	204	200	204	212	209	215	208	222	210	229	210	225	221	225	213	218	206	214	193	213	186	209	167	205	168	223	135	225	115	246	116	352	209	248	256	343	379	464	432	493	483	572	610	845	999	819	908	724	917	594	714	804	971	569	348	415	507	433	564	289	424	126	299	38	259	46	243	44	247	13	207	41	221	38	193	57	195	69	194	50	194	59
64	170	1	2	119	0	1953125	12	0.0	0	0.99	0	0	V0.2	0	0	217	201	226	205	228	203	240	206	244	206	251	207	261	207	257	214	254	208	249	202	243	187	243	179	238	154	233	154	250	110	253	98	262	73	387	170	283	225	395	355	518	403	559	459	637	579	930	1000	913	925	820	940	671	718	899	983	654	326	481	477	481	561	323	439	120	317	72	267	72	247	82	254	54	209	80	226	72	193	95	192	98	195	85	197	83
64	170	1	2	119	0	1953125	12	0.0	0	0.99	0	0	V0.2	0	0	225	166	233	164	239	162	246	161	256	162	261	156	270	156	272	155	273	147	271	141	254	126	263	115	249	93	249	88	256	41	262	55	252	67	389	95	319	113	435	247	567	300	616	363	674	468	977	842	1000	773	915	768	746	560	970	834	704	197	505	370	567	444	415	361	189	264	165	206	157	183	167	192	134	152	154	165	139	132	154	133	153	130	150	140	142
64	170	1	2	119	0	1953125	12	0.0	0	0.99	0	0	V0.2	0	0	168	197	177	205	175	199	187	207	191	206	196	213	200	214	193	223	193	219	182	210	184	202	180	192	182	178	173	173	191	155	191	132	216	145	316	239	203	265	294	403	404	451	445	510	508	624	765	1000	748	900	674	904	516	699	724	964	496	369	349	526	382	553	268	404	144	281	36	247	46	233	25	236	20	197	7	209	16	188	28	187	44	189	27	186	40
64	170	1	2	119	0	1953125	12	0.0	0	0.99	0	0	V0.2	0	0	208	203	218	206	224	202	233	205	238	207	246	207	256	205	254	211	254	205	245	198	238	184	240	175	236	156	231	152	249	113	250	101	260	78	392	181	289	225	399	362	519	403	567	463	634	569	933	1000	925	922	830	934	667	704	894	968	654	320	493	479	487	545	325	432	117	304	77	254	72	236	89	243	60	198	85	211	78	181	95	186	107	183	89	185	88
64	170	1	2	119	0	1953125	12	0.0	0	0.99	0	0	V0.2	0	0	183	204	192	206	197	202	205	211	210	209	215	212	225	212	219	220	221	216	212	208	210	195	208	188	206	169	201	163	221	134	221	115	238	115	356	211	249	247	356	389	469	437	521	496	576	603	848	1000	830	919	756	929	580	695	800	961	576	353	432	510	431	554	288	415	113	291	45	252	45	233	51	239	26	196	48	211	48	185	67	183	72	186	56	183	63
64	170	1	2	119	0	1953125	12	0.0	0	0.99	0	0	V0.2	0	0	161	196	157	212	156	210	152	228	157	225	150	240	156	242	141	244	148	249	136	232	136	243	114	225	102	237	90	218	52	244	46	215	58	289	94	342	52	308	130	477	253	511	280	600	324	693	621	1000	674	805	692	842	494	654	680	974	368	429	224	561	336	491	345	300	256	181	154	186	153	179	134	177	125	158	107	169	101	164	89	163	79	169	90	161	90
64	170	1	2	119	0	1953125	12	0.0	0	0.99	0	0	V0.2	0	0	235	149	237	150	250	147	252	147	265	150	263	144	275	145	281	132	282	132	282	124	262	116	270	104	251	93	253	78	254	73	252	85	234	128	361	118	319	57	422	220	553	244	585	330	648	421	962	769	1000	643	928	664	781	462	974	759	690	196	514	326	565	350	452	284	227	204	204	141	198	122	203	135	169	101	188	108	175	81	180	87	179	78	177	96	170
64	170	1	2	119	0	1953125	12	0.0	0	0.99	0	0	V0.2	0	0	230	139	230	140	242	138	242	143	257	142	255	140	266	140	268	129	272	128	271	120	249	121	258	104	236	106	237	86	234	104	235	111	206	172	331	166	306	83	413	252	535	273	570	363	620	444	935	767	1000	618	939	629	764	422	952	745	657	206	477	339	566	316	474	241	261	166	221	102	212	80	216	91	183	64	196	71	179	50	187	56	179	47	182	65	177
64	170	1	2	119	0	1953125	12	0.0	0	0.99	0	0	V0.2	0	0	232	148	235	146	245	143	248	144	262	147	263	136	276	139	278	130	281	128	278	121	257	113	269	100	250	90	250	74	252	72	252	85	231	131	362	122	319	67	434	235	564	270	604	347	660	440	970	775	999	667	948	682	782	479	986	780	700	193	516	342	580	365	454	287	233	211	208	148	195	130	202	137	170	105	186	111	171	84	177	88	177	82	174	96	168
64	170	1	2	119	0	1953125	12	0.0	0	0.99	0	0	V0.2	0	0	234	144	237	145	246	142	249	141	262	145	263	140	273	143	278	128	281	128	280	120	256	118	268	99	249	96	248	79	246	89	249	99	225	156	351	142	315	71	428	245	555	268	592	352	647	442	963	769	1000	642	957	665	792	463	991	773	691	207	513	345	576	338	468	265	249	184	219	126	206	106	213	116	179	83	194	90	183	65	183	74	180	64	183	79	174
64	170	1	2	119	0	1953125	12	0.0	0	0.99	0	0	V0.2	0	0	232	146	234	145	246	140	246	144	259	146	260	140	272	139	276	127	279	122	279	119	255	114	265	98	247	89	247	76	247	80	250	92	227	143	356	135	318	71	431	242	556	266	590	346	650	441	962	770	1000	655	946	670	782	459	975	765	690	196	514	347	579	352	462	272	240	192	212	134	200	115	207	125	173	92	189	100	173	75	180	76	176	70	177	87	169
64	170	1	2	119	0	1953125	12	0.0	0	0.99	0	0	V0.2	0	0	233	144	235	146	246	143	248	144	263	145	263	138	275	141	277	128	280	126	279	121	257	113	267	99	250	85	251	75	250	73	253	84	237	138	365	125	323	70	432	237	563	265	596	348	660	446	975	777	1000	663	942	681	788	470	984	772	694	193	519	349	583	366	458	282	234	204	208	141	195	128	203	133	171	101	187	108	172	81	177	84	176	77	176	93	167
64	170	1	2	119	0	1953125	12	0.0	0	0.99	0	0	V0.2	0	0	232	142	234	143	246	141	246	142	261	143	260	139	271	141	273	126	278	126	278	119	254	115	266	99	241	96	245	78	243	88	247	97	227	158	352	142	312	70	422	245	555	272	591	361	655	454	967	773	1000	639	938	647	787	463	993	767	680	200	509	349	584	350	470	260	246	185	214	122	208	107	211	115	177	84	191	87	176	64	181	72	182	61	182	79	174
64	170	1	2	119	0	1953125	12	0.0	0	0.99	0	0	V0.2	0	0	231	154	233	153	244	152	245	150	260	153	261	146	273	146	276	136	278	134	279	126	255	119	266	105	246	89	247	77	251	60	254	78	242	118	369	106	323	74	428	221	557	260	594	332	663	439	980	790	1000	688	929	695	778	501	991	788	691	180	508	337	571	386	444	305	217	225	194	161	185	145	192	153	160	119	179	127	166	98	174	103	169	95	170	108	162
64	170	1	2	119	0	1953125	12	0.0	0	0.99	0	0	V0.2	0	0	230	141	234	142	244	141	244	142	260	143	254	139	271	139	272	125	274	127	275	116	251	117	262	99	240	98	243	76	241	89	247	99	220	161	340	150	310	77	419	244	550	272	578	349	632	435	945	765	1000	629	938	644	788	461	982	764	677	198	479	325	568	326	464	251	256	181	211	114	205	99	210	107	178	78	192	86	177	61	183	66	176	55	179	74	169
64	170	1	2	119	0	1953125	12	0.0	0	0.99	0	0	V0.2	0	0	224	148	228	151	237	147	242	148	252	151	254	148	266	144	269	137	269	133	267	131	247	118	256	105	240	87	242	76	248	53	248	70	238	105	372	103	317	78	419	223	553	270	593	335	652	431	956	798	1000	700	904	692	742	497	953	763	661	157	483	336	564	392	433	325	211	240	180	173	173	153	183	164	148	127	169	137	154	107	163	109	163	105	162	118	154
64	170	1	2	119	0	1953125	12	0.0	0	0.99	0	0	V0.2	0	0	221	144	224	141	236	141	238	140	250	143	252	139	260	138	265	128	268	125	267	120	245	112	255	97	236	86	236	73	240	67	243	83	224	132	359	126	318	69	416	229	551	272	592	343	654	447	965	786	1000	673	919	662	747	466	965	757	655	164	496	350	582	370	457	297	233	215	197	150	189	130	197	141	164	104	180	113	166	84	172	86	169	81	170	96	160
64	170	1	2	119	0	1953125	12	0.0	0	0.99	0	0	V0.2	0	0	226	160	233	158	243	156	247	156	259	156	263	149	275	148	277	142	280	139	276	134	256	122	265	109	254	84	252	79	260	35	267	51	256	80	389	98	327	105	443	249	570	288	611	359	681	461	988	836	1000	749	926	766	765	555	996	835	701	205	522	374	572	428	422	344	192	253	170	190	162	172	171	179	139	140	160	151	147	120	158	126	160	119	154	131	148
64	170	1	2	119	0	1953125	12	0.0	0	0.99	0	0	V0.2	0	0	234	141	234	140	248	139	243	143	258	146	257	143	268	143	272	128	276	132	274	122	253	125	258	104	238	108	242	87	235	107	234	112	204	179	327	172	305	91	416	263	539	277	570	375	621	443	934	770	1000	626	960	648	787	440	983	774	673	228	491	351	561	316	476	233	267	158	222	97	214	78	219	88	184	58	197	66	180	46	186	50	181	40	183	63	175
64	170	1	2	119	0	1953125	12	0.0	0	0.99	0	0	V0.2	0	0	226	149	230	146	240	144	242	142	255	145	258	139	268	138	272	130	272	127	271	123	252	108	263	96	245	80	245	70	251	52	251	68	238	111	370	117	323	83	432	240	564	280	602	349	665	441	959	792	999	706	927	699	750	485	965	773	681	181	514	355	576	389	444	311	220	222	186	161	178	141	188	152	156	115	171	121	157	98	164	101	163	90	161	106	157
64	170	1	2	119	0	1953125	12	0.0	0	0.99	0	0	V0.2	0	0	228	143	230	143	244	140	243	141	258	141	258	138	269	139	273	126	274	126	275	120	251	113	262	98	244	89	245	77	245	79	246	93	232	145	358	133	321	74	426	236	559	275	592	353	662	452	968	774	1000	657	928	657	767	447	967	751	673	175	514	354	593	360	466	278	244	199	209	137	201	117	204	127	172	95	186	102	173	80	179	81	176	71	176	88	170
64	170	1	2	119	0	1953125	12	0.0	0	0.99	0	0	V0.2	0	0	226	149	224	155	234	155	231	158	248	159	245	159	254	160	260	142	264	146	265	135	242	137	250	117	230	121	232	98	229	117	233	123	200	183	335	173	310	83	410	245	540	265	571	346	631	430	945	771	1000	648	922	649	765	456	949	744	666	166	496	338	575	365	438	302	213	226	182	160	174	149	175	160	143	127	161	138	143	114	153	121	154	113	151	127	137
64	170	1	2	119	0	1953125	12	0.0	0	0.99	0	0	V0.2	0	0	182	207	190	211	194	206	202	215	205	215	212	217	218	219	216	225	215	223	204	214	204	204	203	193	202	177	195	177	214	151	215	127	235	133	341	225	230	261	331	399	443	451	482	510	557	621	813	1000	782	914	716	926	564	731	797	992	557	377	402	523	406	562	267	415	119	296	26	261	32	243	30	249	7	205	35	222	35	194	51	196	62	194	48	196	55
64	170	1	2	119	0	1953125	12	0.0	0	0.99	0	0	V0.2	0	0	191	206	200	210	205	206	214	213	220	213	224	214	236	215	229	223	229	218	223	210	220	196	221	189	216	171	210	169	228	138	233	115	248	110	365	209	256	245	361	385	470	428	511	484	585	597	863	1000	827	904	737	914	591	708	823	959	583	343	450	502	436	554	282	418	102	293	42	254	42	237	52	240	30	200	58	213	57	186	75	190	84	192	69	188	74
64	170	1	2	119	0	1953125	12	0.0	0	0.99	0	0	V0.2	0	0	139	206	143	215	143	211	150	224	151	223	152	233	158	234	147	240	148	240	132	229	143	226	131	215	132	209	125	202	136	197	136	171	170	211	241	287	128	294	207	441	308	486	341	553	405	657	653	1000	640	856	600	863	428	674	647	959	391	396	270	550	317	528	268	354	180	229	79	215	85	206	65	203	72	174	50	186	56	171	44	172	47	177	49	166	61
64	170	1	2	119	0	1953125	12	0.0	0	0.99	0	0	V0.2	0	0	134	211	133	224	131	220	131	236	135	237	130	244	134	252	121	254	123	258	112	240	118	245	97	232	88	237	78	225	51	238	53	212	78	274	122	343	45	309	124	476	245	501	266	589	310	672	605	1000	680	790	687	823	508	636	681	953	370	418	217	540	335	458	359	269	271	140	168	152	171	149	154	142	147	124	132	135	127	134	117	131	111	140	123	124	120
64	170	1	2	119	0	1953125	12	0.0	0	0.99	0	0	V0.2	0	0	226	158	230	155	242	153	245	153	257	152	263	148	270	147	275	142	276	136	274	133	255	120	265	107	249	87	250	76	260	40	259	58	249	87	381	100	325	92	428	232	562	280	606	347	664	439	963	816	1000	715	897	719	745	510	956	789	680	181	510	339	554	401	419	334	192	243	174	178	165	160	177	167	144	130	163	140	149	113	161	109	160	108	156	123	153
64	170	1	2	119	0	1953125	12	0.0	0	0.99	0	0	V0.2	0	0	160	204	169	209	170	207	179	215	185	213	187	221	194	222	187	230	186	229	179	216	181	211	175	202	175	188	171	183	190	164	189	142	217	159	309	246	204	274	299	413	403	468	444	527	509	636	757	1000	737	895	664	903	507	708	731	965	490	377	351	531	374	552	257	396	134	275	29	241	37	227	15	227	18	194	13	205	24	185	34	188	47	189	32	184	49
64	170	1	2	119	0	1953125	12	0.0	0	0.99	0	0	V0.2	0	0	232	177	238	173	246	172	255	170	264	173	269	166	281	167	280	167	284	159	279	153	264	135	275	127	258	100	259	99	266	47	273	54	269	57	404	99	328	126	443	260	577	308	619	373	692	487	1000	877	998	781	903	803	770	590	994	872	715	225	540	400	568	463	403	370	162	270	160	213	145	190	159	203	126	160	154	170	139	140	152	141	155	139	147	143	143
64	170	1	2	119	0	1953125	12	0.0	0	0.99	0	0	V0.2	0	0	231	171	237	169	247	168	252	168	263	169	269	163	278	160	280	159	284	152	278	150	262	131	269	122	259	96	256	90	267	46	268	54	267	65	401	98	329	115	439	255	574	301	616	362	684	469	991	858	1000	775	904	774	748	551	976	842	686	198	529	380	563	446	409	365	173	265	156	202	149	185	165	193	131	152	155	160	141	134	152	133	156	128	148	141	143
64	170	1	2	119	0	1953125	12	0.0	0	0.99	0	0	V0.2	0	0	187	205	196	209	200	205	209	211	214	212	219	215	229	215	220	224	223	218	215	208	212	199	212	191	207	173	203	170	220	140	224	121	242	117	356	216	248	247	347	387	455	430	504	497	572	599	848	1000	819	908	742	923	577	701	815	975	570	357	436	508	419	548	277	416	111	289	36	252	35	236	46	239	21	199	46	214	48	190	66	186	73	189	62	187	66
64	170	1	2	119	0	1953125	12	0.0	0	0.99	0	0	V0.2	0	0	226	141	231	141	241	139	241	139	254	142	256	138	267	134	271	125	272	123	272	118	250	108	261	94	242	87	244	68	246	72	246	85	227	137	354	132	313	67	419	234	551	270	590	349	640	433	950	775	1000	663	930	660	752	450	965	756	664	187	512	342	566	350	455	279	236	198	202	137	193	117	201	127	167	93	184	102	168	78	173	77	168	72	171	87	163
64	170	1	2	119	0	1953125	12	0.0	0	0.99	0	0	V0.2	0	0	148	205	154	213	153	210	164	217	168	217	169	225	176	226	167	234	166	234	155	221	162	217	152	207	156	195	146	190	166	179	166	155	197	182	279	265	173	284	258	431	360	476	398	542	456	651	706	1000	692	893	644	898	474	696	685	975	460	402	319	543	339	537	254	378	154	252	55	231	58	219	37	220	42	183	22	197	33	177	31	181	38	179	30	175	47
64	170	1	2	119	0	1953125	12	0.0	0	0.99	0	0	V0.2	0	0	232	157	237	152	249	154	250	150	263	152	265	145	279	143	280	138	282	134	281	128	261	114	270	105	253	81	255	74	260	46	264	64	250	101	379	100	323	85	444	232	568	273	605	345	675	449	981	807	1000	708	930	729	783	513	988	817	724	214	535	355	567	397	429	314	205	231	187	170	175	154	186	160	154	126	171	134	159	106	168	103	166	102	164	113	155
64	170	1	2	119	0	1953125	12	0.0	0	0.99	0	0	V0.2	0	0	171	204	177	209	180	206	191	212	194	213	200	216	207	219	202	226	202	221	193	213	193	203	188	195	189	180	182	176	200	155	203	129	229	144	331	234	224	270	324	403	425	454	461	502	529	623	788	1000	776	916	700	907	529	692	748	973	546	369	385	526	402	557	269	407	125	278	24	243	33	230	26	234	1	192	24	206	30	181	44	186	53	185	40	182	52
64	170	1	2	119	0	1953125	12	0.0	0	0.99	0	0	V0.2	0	0	221	204	226	203	236	201	243	201	256	201	260	202	269	202	270	207	269	200	263	195	255	176	261	169	252	142	249	144	267	97	267	85	285	72	416	163	315	209	434	341	568	401	609	458	692	591	988	1000	959	927	856	914	703	692	952	987	684	313	523	506	547	565	356	435	119	315	97	257	94	239	105	247	78	202	104	215	98	184	115	182	125	182	112	188	109
64	170	1	2	119	0	1953125	12	0.0	0	0.99	0	0	V0.2	0	0	130	211	133	226	128	223	130	235	134	234	130	248	134	253	119	255	122	257	109	244	119	246	95	233	92	236	82	223	65	237	66	210	102	270	143	337	48	320	138	479	252	517	277	597	336	691	606	1000	659	818	668	837	477	666	672	967	369	435	228	559	335	485	340	290	256	164	156	170	156	166	140	159	135	138	119	151	116	143	101	148	96	150	108	136	109
64	170	1	2	119	0	1953125	12	0.0	0	0.99	0	0	V0.2	0	0	137	208	138	225	136	220	135	236	140	234	134	247	138	250	125	253	128	257	114	240	124	246	103	231	96	233	85	222	61	235	61	211	88	274	125	339	37	313	125	475	244	510	273	601	323	686	615	1000	674	792	686	828	500	658	692	963	375	432	218	548	341	467	363	271	274	148	175	158	173	152	160	149	152	129	137	139	136	138	124	137	116	140	128	127	126
64	170	1	2	119	0	1953125	12	0.0	0	0.99	0	0	V0.2	0	0	181	220	176	234	179	234	171	250	184	251	176	261	184	268	178	262	181	268	180	250	167	258	160	240	140	249	135	233	102	256	99	241	46	324	129	365	168	298	244	485	379	501	415	622	453	693	808	1000	904	728	919	786	724	601	936	969	537	418	357	526	504	379	495	185	339	59	248	65	242	60	233	50	211	51	207	55	194	72	187	77	177	73	193	62	183
64	170	1	2	119	0	1953125	12	0.0	0	0.99	0	0	V0.2	0	0	165	223	161	238	164	237	159	252	167	255	159	264	164	272	158	266	162	274	157	256	151	263	138	244	119	253	115	237	78	262	69	244	30	314	94	364	127	312	204	499	336	512	372	630	398	688	739	1000	827	756	871	828	681	638	870	982	486	456	321	536	441	396	454	198	319	73	232	90	228	89	216	80	197	80	189	81	180	94	172	97	162	97	177	83	169
64	170	1	2	119	0	1953125	12	0.0	0	0.99	0	0	V0.2	0	0	155	216	149	233	152	229	146	246	156	245	146	258	153	264	143	258	146	267	139	248	136	258	120	240	103	247	98	232	58	256	51	237	24	308	96	364	108	316	189	493	314	524	351	633	384	703	708	1000	794	764	816	798	623	617	798	957	449	427	298	543	431	415	439	216	311	87	218	106	215	103	202	93	186	86	177	91	168	99	157	102	154	106	163	90	158
64	170	1	2	119	0	1953125	12	0.0	0	0.99	0	0	V0.2	0	0	147	211	140	226	142	224	137	240	145	239	136	249	142	255	130	253	135	259	127	240	126	250	110	234	95	240	87	228	46	247	41	227	36	301	98	359	87	311	163	487	297	522	324	615	367	701	685	1000	769	774	782	796	579	615	768	947	422	415	284	552	420	431	422	231	302	101	203	116	203	114	192	105	176	96	165	101	159	105	147	110	142	111	152	97	147
64	170	1	2	119	0	1953125	12	0.0	0	0.99	0	0	V0.2	0	0	135	207	136	220	133	218	133	232	139	233	131	244	138	248	122	251	125	254	113	237	123	242	102	226	93	231	83	220	59	232	61	209	83	271	122	336	41	307	122	470	247	503	268	595	326	685	621	999	684	795	691	830	515	657	696	966	379	428	222	554	348	462	365	273	277	146	174	155	175	150	161	146	154	127	138	137	134	133	122	134	114	137	128	122	125
64	170	1	2	119	0	1953125	12	0.0	0	0.99	0	0	V0.2	0	0	143	218	138	233	138	231	133	247	142	246	134	256	139	265	124	262	128	270	116	252	121	257	103	240	90	244	82	236	45	248	44	225	59	286	101	352	53	314	138	492	262	515	292	612	327	681	629	1000	713	795	745	848	550	660	742	994	412	460	246	552	350	440	374	249	282	123	185	143	183	137	169	131	159	117	148	126	141	128	128	128	124	132	135	117	132
64	170	1	2	119	0	1953125	12	0.0	0	0.99	0	0	V0.2	0	0	155	216	150	234	153	229	147	244	155	246	146	258	152	264	143	260	148	269	141	247	136	257	123	239	104	245	102	232	58	256	52	236	23	306	100	365	111	314	192	502	325	525	353	629	387	694	711	1000	807	775	842	821	636	624	824	975	479	445	309	541	439	415	438	219	313	89	221	103	217	99	207	92	186	83	179	86	170	97	163	97	152	103	164	85	159
64	170	1	2	119	0	1953125	12	0.0	0	0.99	0	0	V0.2	0	0	130	215	131	226	128	222	127	239	133	237	129	247	133	253	117	255	121	260	107	244	117	248	95	233	90	235	80	225	68	233	65	211	98	269	145	336	47	318	140	482	251	512	287	608	337	689	616	1000	653	818	679	863	493	664	682	987	389	454	248	563	325	470	331	282	248	160	154	170	153	164	136	160	131	141	115	149	113	145	101	146	100	149	108	135	108
64	170	1	2	119	0	1953125	12	0.0	0	0.99	0	0	V0.2	0	0	151	213	144	229	145	226	142	240	151	241	141	253	146	258	139	254	142	262	134	242	132	251	116	234	98	242	93	227	52	249	47	230	25	303	98	361	107	311	180	486	306	507	326	604	370	690	694	1000	800	773	814	799	618	605	785	956	459	423	292	539	428	419	435	224	307	89	212	104	211	102	196	96	180	86	170	89	165	96	153	99	144	102	159	86	154
64	170	1	2	119	0	1953125	12	0.0	0	0.99	0	0	V0.2	0	0	137	207	133	223	134	218	129	234	135	234	128	244	133	250	121	249	122	257	113	238	117	246	98	230	86	234	77	223	38	240	36	219	52	292	110	355	68	315	152	489	281	521	303	601	348	693	649	1000	743	794	753	809	556	628	739	960	424	422	268	555	399	445	404	254	286	117	192	132	189	127	176	121	162	105	152	111	147	114	134	113	129	118	141	103	134
64	170	1	2	119	0	1953125	12	0.0	0	0.99	0	0	V0.2	0	0	156	216	149	230	154	226	147	244	155	244	147	256	150	262	144	257	147	266	141	248	137	257	124	238	104	247	100	231	58	256	53	233	26	311	93	365	103	312	180	490	303	509	325	605	371	691	698	1000	798	768	826	810	632	616	817	983	479	438	310	554	433	420	442	220	309	87	221	105	215	100	206	94	188	87	178	90	169	100	160	102	157	105	166	90	160
64	170	1	2	119	0	1953125	12	0.0	0	0.99	0	0	V0.2	0	0	134	209	133	226	130	221	128	237	135	236	127	248	132	252	118	255	123	258	112	243	117	248	97	234	87	238	77	227	47	242	44	220	70	282	114	351	50	316	139	484	256	510	276	596	322	670	610	1000	701	798	717	822	526	637	704	966	404	437	243	556	356	461	374	270	278	134	181	149	181	143	163	138	153	120	142	128	137	129	125	127	120	134	131	119	128
64	170	1	2	119	0	1953125	12	0.0	0	0.99	0	0	V0.2	0	0	166	211	160	227	160	224	155	240	166	240	156	251	162	256	156	253	162	260	156	241	149	250	138	234	116	243	112	230	72	254	72	234	20	322	118	370	137	312	218	492	357	526	383	611	427	698	755	1000	866	763	878	774	672	591	865	955	520	404	355	545	499	416	483	211	330	73	237	79	233	79	222	68	203	63	192	66	185	78	175	80	169	85	179	68	172
64	170	1	2	119	0	1953125	12	0.0	0	0.99	0	0	V0.2	0	0	186	216	176	230	184	228	175	246	189	247	177	257	186	263	182	256	186	264	184	244	172	254	165	235	142	249	139	228	107	257	103	240	50	329	145	366	181	299	259	481	395	503	418	609	473	690	825	999	926	724	940	780	748	581	948	971	591	415	399	533	537	392	513	189	338	63	254	55	250	52	238	42	215	40	209	42	199	60	189	64	187	65	196	56	185
64	170	1	2	119	0	1953125	12	0.0	0	0.99	0	0	V0.2	0	0	220	168	227	170	233	166	239	172	246	172	251	172	259	173	254	181	257	177	247	170	239	162	238	154	233	136	226	138	238	105	241	93	252	83	371	188	268	227	369	367	472	421	507	480	581	587	835	992	814	910	726	928	568	725	778	1000	568	391	401	531	404	566	271	415	131	283	28	253	38	239	17	241	26	201	18	217	34	193	38	195	45	198	34	193	58
64	170	1	2	119	0	1953125	12	0.0	0	0.99	0	0	V0.2	0	0	140	213	137	230	136	227	133	243	139	240	133	254	135	258	125	259	128	265	119	248	122	254	103	240	90	243	81	230	46	244	39	226	51	288	98	350	60	313	146	489	267	510	296	616	342	679	638	993	717	780	757	852	586	654	762	1000	440	472	273	553	364	433	387	237	281	118	196	134	192	132	179	124	165	113	154	117	149	123	139	125	134	127	145	112	141
64	170	2	2	119	0	1953125	12	0.0	0	0.99	0	0	V0.2	0	0	178	208	187	211	189	207	199	215	204	215	213	218	220	218	213	227	213	224	205	216	205	206	201	195	202	182	193	178	212	153	212	131	235	134	339	226	232	262	333	408	442	450	481	511	559	609	808	1000	789	909	722	946	585	742	796	999	598	408	440	522	401	552	260	410	108	285	29	254	28	239	33	241	10	202	34	217	36	192	57	194	70	197	54	189	65
64	170	2	2	119	0	1953125	12	0.0	0	0.99	0	0	V0.2	0	0	131	212	132	226	129	221	128	237	133	236	128	247	132	252	117	255	121	258	108	243	117	248	95	231	90	237	78	224	55	235	55	215	84	277	126	343	40	316	135	481	257	514	275	602	334	687	611	1000	679	800	695	838	510	648	684	970	393	442	249	569	354	474	361	276	262	148	169	160	167	150	153	148	146	129	130	138	128	134	114	135	108	141	120	125	119
64	170	2	2	119	0	1953125	12	0.0	0	0.99	0	0	V0.2	0	0	159	212	154	230	157	227	149	244	160	242	150	255	156	258	148	257	153	263	147	244	141	252	131	234	109	246	104	228	65	251	60	232	19	314	103	365	113	306	192	481	319	505	342	605	395	693	723	1000	828	756	849	799	650	587	829	981	506	428	333	564	466	422	462	217	316	79	225	93	223	89	211	83	194	75	184	81	176	89	166	93	159	95	172	79	163
64	170	2	2	119	0	1953125	12	0.0	0	0.99	0	0	V0.2	0	0	148	215	145	226	144	224	139	241	146	239	140	251	143	258	134	255	138	260	134	241	128	251	114	235	96	242	91	229	48	250	46	229	28	304	99	363	96	310	173	489	304	509	321	602	363	682	682	1000	791	774	809	804	624	617	793	972	478	434	294	556	427	434	432	232	308	99	215	111	210	108	198	101	183	88	171	92	163	99	153	100	149	105	158	91	152
64	170	2	2	119	0	1953125	12	0.0	0	0.99	0	0	V0.2	0	0	150	213	147	227	149	224	143	240	152	240	144	253	149	258	139	256	142	260	135	241	135	250	117	232	102	239	95	226	56	244	51	224	38	297	90	355	88	304	158	479	288	504	321	610	361	682	678	1000	783	766	803	811	616	617	807	986	466	437	292	553	418	429	433	228	310	97	217	111	217	109	204	102	190	90	178	96	173	99	159	102	153	105	166	90	159
64	170	2	2	119	0	1953125	12	0.0	0	0.99	0	0	V0.2	0	0	152	216	147	233	147	229	143	246	150	246	140	258	149	261	137	261	139	267	132	249	131	256	114	239	97	245	93	232	53	250	48	229	34	296	88	359	88	309	164	486	289	504	316	613	353	676	670	1000	769	766	798	828	626	634	798	990	466	465	301	549	401	425	417	225	297	96	210	114	207	111	196	105	179	96	169	100	162	105	154	110	145	111	156	96	151
64	170	2	2	119	0	1953125	12	0.0	0	0.99	0	0	V0.2	0	0	158	218	152	232	157	230	150	246	160	246	149	258	156	265	147	259	151	265	146	248	140	255	126	239	106	248	104	231	63	254	59	231	27	307	97	365	110	308	193	492	319	510	348	613	385	683	712	1000	815	763	847	815	657	617	839	987	492	449	329	553	453	418	445	213	310	83	226	99	219	97	209	86	190	80	181	83	174	91	165	95	158	98	169	82	162
64	170	2	2	119	0	1953125	12	0.0	0	0.99	0	0	V0.2	0	0	138	214	142	227	133	227	136	244	137	240	135	256	134	258	125	262	126	265	114	250	122	252	97	239	91	243	79	227	48	248	37	222	62	290	102	350	51	317	148	491	268	520	291	609	343	686	631	986	707	787	754	850	572	654	755	1000	441	468	292	574	379	448	385	251	280	126	192	141	190	134	177	127	162	119	153	116	146	123	137	123	127	126	143	110	135
64	170	1	2	119	0	1953125	12	0.0	0	0.99	0	0	V0.2	0	0	142	212	139	227	140	222	135	238	142	241	132	253	138	256	126	256	132	263	122	245	124	253	104	233	91	244	84	226	41	251	35	226	43	302	106	359	77	315	171	496	298	526	324	626	379	708	683	1000	753	778	792	828	608	635	792	994	474	449	323	587	438	447	426	239	297	112	211	123	206	117	194	113	179	95	168	101	162	105	149	108	143	113	154	96	150
64	170	1	2	119	0	1953125	12	0.0	0	0.99	0	0	V0.2	0	0	157	217	150	235	152	230	148	246	156	245	147	258	156	263	144	260	149	269	141	248	137	258	124	238	105	251	100	233	58	253	55	236	30	308	94	368	98	311	174	494	304	511	318	616	371	693	689	999	781	754	814	809	634	620	815	975	468	451	326	578	437	431	442	224	311	90	221	109	216	106	206	98	188	91	180	94	172	103	161	106	154	106	167	92	159
64	170	1	2	119	0	1953125	12	0.0	0	0.99	0	0	V0.2	0	0	138	217	137	230	134	226	133	242	138	240	132	253	136	260	122	260	126	265	114	248	120	253	99	237	90	241	83	229	54	242	50	219	76	286	116	349	39	317	133	486	251	514	270	600	324	687	613	1000	687	793	711	839	531	650	716	993	403	452	257	580	361	468	368	267	273	140	181	150	176	147	165	143	155	128	139	134	137	133	126	136	120	141	130	124	127
64	170	1	2	119	0	1953125	12	0.0	0	0.99	0	0	V0.2	0	0	133	215	132	229	129	226	131	240	136	239	130	248	134	256	120	257	124	260	109	246	118	251	97	236	91	238	83	225	66	236	61	215	97	270	139	342	36	317	133	482	243	509	267	594	324	682	602	1000	656	812	682	854	504	671	682	988	395	463	254	577	340	487	342	290	254	162	161	169	162	162	146	158	140	141	122	148	122	145	108	146	105	151	114	134	116
64	170	1	2	119	0	1953125	12	0.0	0	0.99	0	0	V0.2	0	0	131	212	132	226	130	224	129	238	134	236	127	249	133	254	119	256	121	260	109	244	118	250	95	235	92	236	83	225	67	235	63	211	99	272	138	339	40	316	138	488	252	513	273	599	327	683	603	1000	657	816	684	864	505	668	686	988	395	457	260	585	347	485	343	291	252	161	163	169	161	165	148	159	138	140	124	147	122	144	108	146	105	149	117	134	114
64	170	1	2	119	0	1953125	12	0.0	0	0.99	0	0	V0.2	0	0	141	216	140	231	138	227	135	243	142	241	133	253	138	260	126	259	130	263	119	249	122	253	104	240	92	244	85	228	49	248	41	224	57	293	95	348	53	313	147	488	258	508	284	609	334	685	631	979	688	764	738	834	567	644	756	1000	443	471	289	573	379	444	383	239	274	122	194	137	191	133	178	125	167	112	154	121	148	122	139	125	132	126	142	112	139
64	170	1	2	119	0	1953125	12	0.0	0	0.99	0	0	V0.2	0	0	135	216	135	229	131	228	132	244	137	240	133	253	136	257	122	261	124	266	110	248	121	254	99	239	92	242	81	228	60	240	54	219	85	278	123	342	39	321	132	486	247	508	264	598	320	678	597	1000	665	803	699	861	520	661	698	998	412	474	255	578	343	477	355	277	262	150	168	165	171	157	157	153	148	135	134	143	132	145	119	143	114	144	124	132	124
64	170	1	2	119	0	1953125	12	0.0	0	0.99	0	0	V0.2	0	0	133	211	131	222	130	221	130	237	134	234	128	246	131	253	118	255	121	258	109	241	117	247	94	231	89	237	78	222	55	238	49	212	82	280	121	348	45	319	136	482	257	515	273	589	323	681	606	1000	697	805	703	816	510	631	686	960	399	436	250	576	372	478	374	278	271	142	174	153	174	150	158	143	153	125	135	131	133	130	119	133	115	133	125	121	123
64	170	1	2	119	0	1953125	12	0.0	0	0.99	0	0	V0.2	0	0	156	215	151	231	151	228	148	244	154	245	145	257	153	259	143	261	147	264	140	248	136	256	123	236	105	246	101	229	57	253	57	231	27	311	99	364	100	315	181	492	312	525	334	616	387	701	701	1000	801	767	828	807	639	617	839	985	498	443	343	580	467	441	446	222	310	95	226	106	218	101	208	93	193	83	182	88	174	95	161	99	155	101	167	86	159
64	170	1	2	119	0	1953125	12	0.0	0	0.99	0	0	V0.2	0	0	132	212	134	225	130	221	134	234	137	231	137	244	140	248	126	254	129	255	113	242	125	242	107	228	105	228	94	221	93	221	92	200	132	240	180	319	76	311	155	468	259	498	283	580	347	657	595	994	625	826	637	883	479	706	680	1000	400	463	263	578	316	507	293	321	218	198	123	197	128	189	108	184	109	162	91	171	90	161	76	162	74	164	84	152	90
64	170	1	2	119	0	1953125	12	0.0	0	0.99	0	0	V0.2	0	0	128	208	130	224	126	221	127	235	132	234	126	245	131	250	117	253	118	257	106	238	116	244	93	230	91	234	79	222	63	229	58	208	95	264	140	337	48	312	134	475	248	500	266	585	314	654	591	1000	662	804	676	845	510	655	672	975	390	445	241	572	335	476	342	289	255	157	157	165	156	162	143	158	137	135	121	144	117	140	106	141	103	148	112	132	114
64	170	1	2	119	0	1953125	12	0.0	0	0.99	0	0	V0.2	0	0	133	212	136	222	134	220	137	233	142	231	141	240	147	245	133	250	132	253	117	241	129	236	114	226	112	221	104	216	107	216	105	193	139	230	197	311	92	300	165	459	269	492	294	576	361	646	597	987	622	832	627	889	470	693	660	1000	407	461	278	578	308	509	280	333	204	205	111	203	115	193	97	193	99	165	79	175	79	165	68	168	65	167	75	157	79
64	170	1	2	119	0	1953125	12	0.0	0	0.99	0	0	V0.2	0	0	138	209	135	225	132	221	132	236	137	238	129	246	134	255	121	254	126	260	116	242	119	248	99	233	88	236	82	223	43	240	41	220	57	284	104	351	54	305	141	484	269	506	289	604	338	677	637	1000	714	768	743	828	567	636	750	980	427	455	295	583	394	456	394	254	281	121	192	136	193	130	178	123	167	111	153	115	145	119	136	120	133	125	142	108	141
64	170	2	2	119	0	1953125	12	0.0	0	0.99	0	0	V0.2	0	0	202	202	212	203	216	201	225	206	232	205	238	205	247	203	245	212	245	207	237	200	231	187	233	176	229	157	222	156	239	118	241	100	259	81	374	179	278	216	382	352	504	388	540	462	630	560	894	968	860	870	780	934	662	718	886	1000	656	384	518	525	493	544	309	411	97	294	71	254	67	238	81	245	54	200	76	216	71	188	91	186	99	184	84	187	86
64	170	2	2	119	0	1953125	12	0.0	0	0.99	0	0	V0.2	0	0	149	211	145	228	147	227	139	244	148	242	139	254	145	261	137	257	139	263	133	246	131	252	117	235	97	243	96	223	56	245	50	228	32	299	89	355	83	300	165	480	291	498	307	600	352	671	667	990	760	745	800	815	621	614	803	1000	484	466	314	572	424	425	422	222	296	89	210	113	207	108	195	100	181	91	171	96	166	102	155	105	149	107	161	92	154
64	170	2	2	119	0	1953125	12	0.0	0	0.99	0	0	V0.2	0	0	141	211	138	227	138	221	131	239	142	237	132	250	138	256	126	254	129	261	121	241	123	248	104	232	92	240	85	224	42	245	41	221	49	288	97	354	63	306	151	488	281	507	295	597	341	669	638	984	729	778	776	824	577	618	769	1000	467	467	309	587	416	451	406	247	288	115	201	131	200	124	185	119	172	104	160	109	154	112	144	114	137	119	148	102	143
64	170	2	2	119	0	1953125	12	0.0	0	0.99	0	0	V0.2	0	0	129	210	129	222	126	219	127	235	132	232	126	246	132	249	116	255	120	256	105	240	118	243	95	233	94	232	82	223	68	231	64	209	102	263	135	330	40	308	130	471	243	503	265	587	325	664	587	976	631	795	663	846	491	656	680	1000	418	474	264	594	344	484	335	289	244	166	156	172	161	167	143	159	140	142	123	150	119	143	107	147	104	155	111	136	114
64	170	2	2	119	0	1953125	12	0.0	0	0.99	0	0	V0.2	0	0	144	215	142	231	140	228	137	246	143	243	136	256	142	260	128	261	134	267	122	249	127	257	107	240	94	247	87	230	50	250	44	228	61	294	99	358	54	314	143	494	271	514	287	607	335	684	635	999	720	787	766	838	574	633	758	1000	448	474	294	596	403	464	405	254	290	120	200	140	201	134	183	125	173	111	161	123	155	121	145	126	136	126	152	110	146
64	170	2	2	119	0	1953125	12	0.0	0	0.99	0	0	V0.2	0	0	151	213	148	231	151	227	144	243	152	243	141	256	150	261	138	260	142	266	136	248	135	254	120	240	101	248	99	228	54	251	53	229	32	304	85	356	82	306	165	489	297	513	315	611	365	678	669	981	754	748	798	818	625	633	826	1000	488	466	337	585	438	432	429	223	302	97	218	114	217	110	204	102	189	91	180	96	172	105	162	107	154	109	168	96	158
64	170	2	2	119	0	1953125	12	0.0	0	0.99	0	0	V0.2	0	0	163	214	156	232	160	229	152	247	162	244	154	255	162	264	153	258	158	268	154	248	146	258	135	241	113	249	113	229	70	252	67	239	21	313	100	361	114	304	198	491	335	513	346	613	401	685	724	980	800	723	846	809	683	627	885	1000	533	462	369	575	478	413	457	201	311	74	236	95	233	90	221	80	201	72	193	79	183	89	177	95	167	92	181	79	172
64	170	2	2	119	0	1953125	12	0.0	0	0.99	0	0	V0.2	0	0	143	216	140	234	139	227	135	245	141	245	133	257	141	261	126	261	132	268	120	250	125	257	107	238	95	247	86	230	51	247	46	227	62	292	97	353	55	314	139	488	264	507	275	606	332	683	634	996	697	753	730	830	567	648	762	1000	436	462	276	589	388	455	392	248	283	118	190	144	196	135	178	126	169	111	158	123	152	122	142	128	133	130	147	114	142
64	170	2	2	119	0	1953125	12	0.0	0	0.99	0	0	V0.2	0	0	141	216	139	233	137	228	137	244	141	242	134	256	140	261	126	262	131	267	118	250	123	256	104	240	95	243	86	233	51	244	45	223	65	286	102	350	47	313	131	489	260	512	277	611	328	681	624	1000	690	768	718	831	549	653	755	998	417	464	268	590	375	464	383	260	279	127	186	147	188	143	173	135	163	119	152	128	147	130	136	131	130	134	140	121	137
64	170	2	2	119	0	1953125	12	0.0	0	0.99	0	0	V0.2	0	0	88	25	81	25	83	26	82	38	77	34	80	45	71	46	91	55	91	60	109	46	102	52	121	40	124	45	137	34	158	46	165	28	169	93	289	163	247	185	338	357	447	403	462	509	510	587	771	959	773	802	764	873	629	671	843	1000	539	439	391	551	466	433	422	233	242	106	191	92	185	87	174	85	139	63	131	78	114	70	105	70	92	79	85	70	70
64	170	2	2	119	0	1953125	12	0.0	0	0.99	0	0	V0.2	0	0	90	15	87	5	89	2	87	20	81	22	84	35	74	51	90	60	86	75	99	63	91	76	107	69	112	77	125	71	143	85	154	73	150	133	279	173	262	151	363	329	485	370	504	469	548	557	813	941	808	809	775	884	629	685	820	1000	530	451	386	576	436	478	387	267	232	126	174	117	176	102	168	87	142	56	136	66	121	60	109	60	102	67	93	65	73
64	170	2	2	119	0	1953125	12	0.0	0	0.99	0	0	V0.2	0	0	234	200	238	202	246	198	255	198	265	200	272	195	282	196	282	201	283	194	279	187	266	171	273	163	261	137	258	135	276	83	278	73	284	46	421	139	325	186	449	328	585	374	627	436	709	534	997	957	984	888	898	934	756	693	986	1000	752	339	586	511	584	537	376	425	135	311	126	257	114	236	129	246	98	201	126	211	114	183	131	186	140	177	127	185	126
64	170	2	2	119	0	1953125	12	0.0	0	0.99	0	0	V0.2	0	0	134	212	137	224	133	221	137	235	139	232	136	244	141	247	129	251	129	254	116	240	127	240	107	225	107	227	96	216	99	222	97	194	138	242	189	320	84	306	163	473	272	506	290	573	347	657	593	990	626	840	643	878	458	665	644	1000	408	455	266	604	340	518	299	335	217	205	125	202	128	189	108	188	109	160	92	172	93	160	78	163	77	163	86	152	89
64	170	2	2	119	0	1953125	12	0.0	0	0.99	0	0	V0.2	0	0	156	213	151	227	154	227	148	243	157	243	146	255	156	261	145	255	153	261	143	244	140	254	127	236	107	244	104	228	60	250	57	230	21	310	101	364	103	305	184	493	318	512	332	610	388	689	707	1000	799	751	834	801	652	581	828	984	516	441	356	595	476	435	459	224	313	87	229	104	224	98	212	89	196	78	187	82	178	89	167	92	159	96	173	84	162
64	170	2	2	119	0	1953125	12	0.0	0	0.99	0	0	V0.2	0	0	145	220	142	235	142	230	140	247	145	247	138	258	143	265	130	263	135	269	124	250	127	257	109	238	96	246	88	232	52	246	47	225	60	295	99	357	48	308	131	488	263	510	275	605	332	677	627	1000	709	767	744	836	571	627	754	998	437	465	290	598	392	460	394	253	284	121	191	138	192	134	179	126	171	115	157	120	151	124	138	124	133	125	143	112	139
64	170	1	2	119	0	1953125	12	0.0	0	0.99	0	0	V0.2	0	0	163	220	156	236	159	230	153	246	163	247	155	258	159	265	150	259	155	270	149	247	144	258	130	240	111	246	107	230	65	252	63	235	27	311	95	368	104	301	178	487	314	506	326	606	373	677	703	1000	803	737	831	797	645	588	825	977	490	443	333	578	464	430	451	221	309	77	221	101	223	99	210	90	196	81	185	85	175	91	167	94	159	103	169	83	162
64	170	1	2	119	0	1953125	12	0.0	0	0.99	0	0	V0.2	0	0	161	217	155	234	156	229	150	248	159	246	150	258	157	267	145	259	152	268	144	248	143	257	125	237	107	247	103	230	62	253	55	234	28	309	96	370	95	306	179	495	311	521	325	611	375	683	694	1000	794	751	828	806	635	601	834	987	492	439	343	590	463	441	452	226	312	91	224	107	221	104	209	93	191	83	183	89	174	97	162	98	158	101	167	85	162
64	170	1	2	119	0	1953125	12	0.0	0	0.99	0	0	V0.2	0	0	147	215	141	235	141	230	138	245	145	245	137	256	144	264	130	259	133	269	123	249	128	256	108	241	93	246	90	231	52	248	49	226	66	292	101	358	47	312	131	489	260	514	272	605	323	678	620	1000	701	763	729	824	557	622	730	983	425	455	281	600	391	466	394	259	280	125	193	145	192	138	180	132	166	117	159	126	150	126	141	126	132	134	143	118	139
64	170	1	2	119	0	1953125	12	0.0	0	0.99	0	0	V0.2	0	0	145	216	142	231	142	227	138	245	143	243	137	253	142	262	130	260	134	264	123	248	128	252	107	238	95	245	88	231	52	246	46	226	60	295	99	358	49	309	133	484	260	514	276	603	328	679	630	999	706	767	733	809	548	609	736	984	424	439	283	601	401	467	402	255	284	122	193	140	195	137	181	127	170	112	160	119	154	122	140	123	134	129	144	112	140
64	170	1	2	119	0	1953125	12	0.0	0	0.99	0	0	V0.2	0	0	208	212	201	232	210	227	201	241	216	244	208	251	217	260	215	246	222	255	221	233	205	245	201	223	176	238	177	216	146	244	150	231	90	322	190	358	223	261	308	448	455	463	471	572	510	632	868	966	1000	688	998	731	803	504	993	929	651	368	467	529	595	375	550	190	346	80	265	32	262	23	255	24	230	15	229	13	213	38	209	49	198	46	209	49	195
64	170	1	2	119	0	1953125	12	0.0	0	0.99	0	0	V0.2	0	0	138	212	138	227	136	224	133	241	140	238	133	250	137	256	124	258	127	261	118	243	123	250	105	234	92	241	84	225	51	242	49	219	70	292	111	357	44	313	130	481	263	520	274	598	329	678	614	1000	702	777	714	801	524	608	708	967	415	431	263	592	394	478	394	272	280	131	186	147	186	141	172	135	163	118	149	125	144	124	134	126	128	131	137	114	136
64	170	2	2	119	0	1953125	12	0.0	0	0.99	0	0	V0.2	0	0	179	218	174	234	179	232	171	246	184	246	175	258	183	264	180	253	185	260	182	240	171	253	161	234	137	246	136	227	99	248	98	237	40	327	132	375	164	287	230	469	382	498	390	598	438	672	785	999	916	712	903	741	717	535	906	956	581	387	379	556	543	409	523	201	346	67	256	62	254	58	244	46	222	39	217	42	203	55	197	61	192	64	200	52	189
64	170	1	2	119	0	1953125	12	0.0	0	0.99	0	0	V0.2	0	0	134	212	135	226	131	224	130	238	137	238	131	248	134	252	123	254	124	258	112	241	118	247	99	232	92	236	83	225	61	235	61	212	90	272	133	348	43	309	124	477	250	511	263	593	325	665	585	1000	673	795	674	826	493	628	675	976	392	435	236	584	358	491	357	296	262	157	167	166	166	159	152	157	143	135	131	144	125	140	114	140	106	144	118	129	118
64	170	1	2	119	0	1953125	12	0.0	0	0.99	0	0	V0.2	0	0	166	219	159	236	163	232	158	247	168	248	159	257	167	266	157	259	161	269	156	248	151	257	136	238	118	244	112	232	73	253	70	235	31	315	93	369	113	301	186	483	319	508	342	614	382	679	713	1000	818	728	847	785	652	572	853	979	509	418	332	575	479	427	478	220	329	81	243	94	237	90	227	80	208	73	200	76	191	82	181	88	173	91	182	75	175
64	170	1	2	119	0	1953125	12	0.0	0	0.99	0	0	V0.2	0	0	136	216	137	230	133	227	135	240	139	239	134	250	141	257	124	258	126	263	113	247	123	249	103	236	96	236	88	227	69	235	68	214	99	263	144	343	42	307	124	477	239	503	262	595	319	657	582	1000	648	792	656	839	479	639	665	982	380	447	246	591	334	493	337	301	249	163	153	176	154	170	143	162	134	145	122	150	119	147	108	149	99	151	112	134	110
64	170	1	2	119	0	1953125	12	0.0	0	0.99	0	0	V0.2	0	0	141	215	139	234	139	229	137	243	142	243	136	255	140	261	126	261	129	268	117	249	123	255	103	240	94	242	87	228	58	243	56	220	86	277	119	349	32	310	119	482	248	514	269	608	325	674	598	1000	667	780	693	847	513	634	697	989	393	451	270	602	361	479	362	279	262	149	173	161	174	156	158	150	152	134	137	138	133	135	122	139	116	140	127	127	127
64	170	1	2	119	0	1953125	12	0.0	0	0.99	0	0	V0.2	0	0	211	208	223	210	226	207	237	209	243	208	251	212	259	209	259	216	258	211	250	204	244	191	244	178	240	158	235	153	252	114	257	95	269	69	392	172	295	209	404	355	537	392	565	460	657	550	915	968	891	879	806	951	683	694	881	1000	679	366	533	542	527	550	329	420	102	302	85	263	79	242	90	250	65	205	90	220	79	193	100	193	106	190	93	191	96
64	170	1	2	119	0	1953125	12	0.0	0	0.99	0	0	V0.2	0	0	133	212	135	229	131	226	131	242	135	241	128	252	136	255	120	258	125	263	109	248	118	252	97	235	92	241	81	225	62	241	57	215	96	273	132	341	36	309	128	485	259	516	267	599	334	679	598	998	659	792	685	864	514	647	683	1000	411	464	270	610	369	492	354	286	254	160	169	173	168	160	153	157	148	135	132	144	129	140	117	140	112	146	124	130	121
64	170	2	2	119	0	1953125	12	0.0	0	0.99	0	0	V0.2	0	0	164	211	157	229	162	226	154	243	167	240	157	252	162	259	156	254	161	263	155	242	148	254	137	232	116	245	112	227	70	252	68	235	14	318	111	371	124	303	203	491	351	523	363	618	417	694	738	1000	849	742	857	788	678	573	851	971	533	414	374	591	518	432	484	218	324	77	237	90	236	83	223	77	206	64	195	72	183	78	176	81	173	85	181	71	172
64	170	2	2	119	0	1953125	12	0.0	0	0.99	0	0	V0.2	0	0	134	211	134	226	133	223	130	240	138	236	130	248	136	253	121	253	126	258	112	241	121	247	99	229	91	236	80	222	56	235	52	213	84	274	125	348	45	306	125	477	252	505	258	589	319	662	590	1000	685	777	675	810	509	608	674	966	397	424	245	599	379	484	372	285	267	144	169	158	169	149	157	145	152	128	135	134	131	131	119	132	115	137	124	121	122
64	170	2	2	119	0	1953125	12	0.0	0	0.99	0	0	V0.2	0	0	176	222	169	240	172	235	164	251	176	253	167	264	172	272	167	264	172	270	168	249	159	260	146	243	125	249	125	233	85	256	82	238	33	319	101	372	132	305	202	491	341	508	365	622	404	677	729	1000	852	739	880	802	687	571	878	985	527	426	363	586	496	422	479	205	321	66	240	84	233	83	223	72	205	68	196	70	186	83	179	85	172	86	181	72	174
64	170	2	2	119	0	1953125	12	0.0	0	0.99	0	0	V0.2	0	0	187	213	197	217	199	212	210	219	213	220	221	222	228	221	224	232	222	225	213	219	211	204	211	198	209	181	198	178	217	150	218	129	243	118	346	216	245	249	341	390	456	432	487	496	577	580	816	985	794	879	709	948	585	710	787	1000	583	387	447	560	447	559	279	411	98	285	40	258	38	241	39	246	20	206	41	219	44	195	61	192	68	194	54	191	63
64	170	2	2	119	0	1953125	12	0.0	0	0.99	0	0	V0.2	0	0	130	215	133	225	132	222	134	238	138	237	135	246	138	251	124	255	128	257	114	242	123	246	103	231	101	233	92	220	83	229	81	204	116	261	155	331	53	307	130	466	249	503	263	584	334	671	588	1000	635	796	627	844	454	639	641	982	365	433	252	613	344	507	325	310	234	174	141	188	144	175	129	174	129	152	112	161	112	153	99	157	94	157	106	147	108
64	170	2	2	119	0	1953125	12	0.0	0	0.99	0	0	V0.2	0	0	150	214	149	231	148	226	143	244	153	241	145	253	152	258	138	258	143	265	131	245	137	254	118	233	105	245	96	227	60	242	57	222	66	295	88	352	53	303	120	470	260	506	264	595	328	680	628	1000	721	743	731	800	550	595	729	963	407	417	268	600	414	460	412	251	294	114	201	137	205	131	191	124	181	107	167	119	162	116	149	121	146	121	155	107	152
64	170	2	2	119	0	1953125	12	0.0	0	0.99	0	0	V0.2	0	0	231	162	229	163	238	165	238	171	250	172	252	170	259	172	267	157	267	157	270	144	246	146	254	131	231	130	232	108	228	121	231	126	201	188	323	167	304	66	397	225	546	252	564	333	632	406	932	755	1000	614	906	644	755	423	949	764	688	166	521	377	609	366	456	294	212	226	186	162	183	153	185	168	152	133	166	150	151	121	160	125	160	125	155	137	142
64	170	2	2	119	0	1953125	12	0.0	0	0.99	0	0	V0.2	0	0	208	208	203	222	211	219	203	232	219	235	212	239	222	248	221	233	228	238	230	218	208	228	207	211	184	219	185	201	159	227	156	216	108	302	200	321	239	225	317	401	467	419	495	535	537	586	880	899	998	631	984	697	800	464	1000	885	655	312	473	487	608	339	536	185	325	108	264	48	259	35	254	48	226	29	227	31	217	32	212	44	201	36	210	53	199
64	170	2	2	119	0	1953125	12	0.0	0	0.99	0	0	V0.2	0	0	193	223	186	243	192	238	185	254	197	255	187	264	198	271	192	263	197	272	196	249	183	261	175	240	152	249	154	227	118	257	112	241	58	327	134	363	183	281	257	473	405	492	429	617	468	669	828	1000	943	711	957	781	765	550	967	975	589	396	428	568	565	391	528	184	342	57	268	52	263	43	258	37	232	33	227	33	218	51	210	60	204	56	213	52	202
64	170	2	2	119	0	1953125	12	0.0	0	0.99	0	0	V0.2	0	0	75	58	69	56	67	59	66	65	63	57	65	62	67	56	86	63	92	58	111	48	103	44	124	39	125	43	134	59	155	59	159	60	162	102	276	212	203	241	280	412	395	456	407	552	464	626	749	1000	810	780	789	829	652	595	846	938	561	379	445	534	535	398	444	234	220	127	182	114	166	111	154	124	111	94	109	107	86	89	84	89	78	94	69	75	61
64	170	1	2	119	0	1953125	12	0.0	0	0.99	0	0	V0.2	0	0	222	174	218	181	227	183	223	188	241	191	234	194	246	197	249	180	254	184	255	170	230	175	236	158	212	161	216	139	202	167	204	167	168	237	284	230	278	126	379	285	525	313	553	406	617	469	929	777	1000	586	942	635	789	408	971	784	695	210	543	413	629	340	488	245	259	184	227	127	217	117	218	127	186	103	194	111	181	87	183	93	177	90	179	108	166
64	170	1	2	119	0	1953125	12	0.0	0	0.99	0	0	V0.2	0	0	165	218	159	235	162	230	157	246	167	246	157	256	166	265	154	260	162	267	154	244	151	258	133	236	114	248	111	227	69	255	67	230	33	311	90	366	105	303	175	476	317	510	322	601	378	682	691	1000	827	743	829	791	647	560	808	970	498	412	334	595	483	433	463	218	317	79	231	100	227	93	217	85	201	78	194	82	183	89	172	93	166	95	176	82	169
64	170	1	2	119	0	1953125	12	0.0	0	0.99	0	0	V0.2	0	0	208	203	203	218	210	216	203	230	217	231	210	238	220	245	222	233	225	241	227	219	209	229	205	210	183	220	180	199	157	229	153	217	101	301	195	330	227	231	308	413	459	420	476	533	520	591	853	913	1000	647	982	707	786	464	980	903	653	348	479	508	593	342	525	181	320	89	256	36	248	22	248	33	216	20	219	21	208	30	203	44	196	36	202	49	191
64	170	1	2	119	0	1953125	12	0.0	0	0.99	0	0	V0.2	0	0	193	212	186	230	193	227	186	242	196	244	188	253	195	260	194	251	198	260	199	237	180	249	174	230	151	241	150	221	118	254	113	237	58	325	154	371	189	281	268	476	422	500	441	600	480	666	826	1000	976	739	969	752	733	509	929	948	607	378	445	568	594	410	537	205	345	68	261	48	253	46	247	37	219	27	218	24	206	44	203	56	188	54	200	45	187
64	170	2	2	119	0	1953125	12	0.0	0	0.99	0	0	V0.2	0	0	175	214	168	231	171	228	164	243	176	243	168	252	176	260	170	251	175	259	171	239	160	249	151	234	127	242	125	224	82	254	85	229	30	320	115	370	144	300	225	480	368	521	392	610	433	685	764	1000	895	753	909	766	684	532	875	957	549	381	399	587	545	425	506	214	334	76	250	70	243	69	235	60	213	49	209	52	200	63	186	68	178	69	191	58	180
64	170	2	2	119	0	1953125	12	0.0	0	0.99	0	0	V0.2	0	0	237	154	239	155	248	154	251	158	263	157	263	159	273	153	278	141	280	135	279	133	259	125	265	107	250	96	245	85	251	77	251	82	234	127	368	113	325	59	429	225	575	269	602	341	678	422	956	812	1000	716	896	767	752	528	944	856	712	246	550	445	596	454	405	361	165	273	148	220	138	207	142	218	110	180	124	193	110	166	124	168	118	167	112	177	103
64	170	2	2	119	0	1953125	12	0.0	0	0.99	0	0	V0.2	0	0	214	178	207	192	217	191	209	202	225	204	218	208	227	211	231	195	235	201	236	184	216	194	219	174	196	184	196	161	177	191	179	186	136	268	246	281	261	186	353	352	498	373	510	467	572	532	889	840	1000	595	947	642	777	411	957	818	674	258	507	450	619	332	507	207	286	131	239	73	231	65	230	77	197	55	202	61	188	50	187	55	185	46	187	70	175
64	170	1	2	119	0	1953125	12	0.0	0	0.99	0	0	V0.2	0	0	206	198	202	212	211	212	202	224	217	224	214	231	221	236	224	224	226	230	231	210	209	221	210	201	187	211	184	188	163	217	165	208	115	294	214	309	246	217	327	391	476	414	503	509	549	575	885	872	1000	619	973	657	772	429	985	856	660	277	486	479	621	334	527	185	321	117	254	55	252	43	246	54	221	39	223	41	209	37	206	47	199	37	208	56	191
64	170	1	2	119	0	1953125	12	0.0	0	0.99	0	0	V0.2	0	0	141	214	147	225	143	219	151	232	150	231	155	239	158	245	146	250	146	253	132	240	143	239	128	224	132	220	120	214	128	209	125	187	163	215	223	302	118	300	190	453	297	491	314	568	393	642	618	1000	629	838	598	882	437	669	630	997	413	439	286	607	332	531	257	351	177	226	86	220	94	209	77	209	81	181	62	192	67	179	54	176	57	180	60	171	72
64	170	1	2	119	0	1953125	12	0.0	0	0.99	0	0	V0.2	0	0	230	157	229	167	239	164	237	170	250	171	249	171	257	172	265	157	269	159	267	146	248	147	251	133	233	132	232	111	227	130	225	131	197	200	319	181	309	88	407	251	546	270	572	356	629	423	934	760	1000	607	926	645	765	403	938	754	694	185	542	388	613	347	459	274	218	206	199	151	189	136	193	151	160	121	175	133	161	109	170	112	163	109	160	125	150
64	170	1	2	119	0	1953125	12	0.0	0	0.99	0	0	V0.2	0	0	192	227	186	243	191	240	183	255	197	255	189	265	197	272	191	263	198	273	194	250	183	260	174	241	151	248	152	228	111	258	109	242	53	328	130	366	174	286	251	477	396	499	417	612	464	676	809	999	937	713	949	768	737	530	948	981	593	405	443	583	565	398	523	186	344	55	266	54	260	49	256	41	230	36	229	37	217	55	207	59	202	62	213	53	202
64	170	1	2	119	0	1953125	12	0.0	0	0.99	0	0	V0.2	0	0	159	219	155	237	154	232	151	248	159	250	151	260	158	266	149	262	150	269	143	253	140	260	127	239	112	246	105	231	62	253	58	233	41	308	85	364	84	305	158	486	292	509	303	613	356	682	670	1000	772	739	792	790	593	576	777	971	459	440	329	602	444	435	430	221	295	85	212	115	211	109	202	100	189	93	179	98	170	103	164	109	152	112	166	95	159
64	170	1	2	119	0	1953125	12	0.0	0	0.99	0	0	V0.2	0	0	225	183	219	193	230	193	228	202	241	206	237	208	245	212	249	197	254	200	254	185	233	193	236	175	214	180	214	159	196	190	196	182	153	262	264	264	266	163	367	334	512	344	534	451	594	506	919	809	998	581	977	650	794	410	1000	825	696	266	553	440	619	310	501	201	274	141	238	87	232	76	231	89	200	69	210	75	194	58	200	69	190	60	192	83	180
64	170	2	2	119	0	1953125	12	0.0	0	0.99	0	0	V0.2	0	0	86	32	82	29	80	34	79	42	72	35	78	47	73	44	90	55	94	59	110	42	98	44	123	32	126	36	135	24	158	39	165	20	167	88	286	164	236	186	328	368	438	406	441	507	498	597	758	973	776	797	768	870	607	617	810	1000	553	443	435	586	497	425	426	226	233	100	196	95	186	87	174	95	138	68	131	83	111	72	99	76	95	85	83	73	70
