34928	35048	35167	35286	35405	35524	35644	35763	35882	36001	36120	36240	36359	36478	36597	36716	36836	36955	37074	37193	37313	37432	37551	37670	37789	37909	38028	38147	38266	38385	38505	38624	38743	38862	38981	39101	39220	39339	39458	39577	39697	39816	39935	40054	40174	40293	40412	40531	40650	40770	40889	41008	41127	41246	41366	41485	41604	41723	41842	41962	42081	42200	42319	42439	42558	42677	42796	42915	43035	43154	43273	43392	43511	43631	43750	43869	43988	44107	44227	44346	44465	44584	44703	44823	44942
64	170	1	2	119	0	1953125	12	0.0	0	1.00	0	0	V0.2	0	0	37	72	39	72	38	70	31	73	33	68	32	72	37	70	51	85	63	86	77	98	73	101	92	112	97	115	111	137	137	162	180	166	168	198	258	318	218	356	341	549	493	588	492	663	588	720	776	1000	884	733	667	675	656	539	545	751	620	511	313	237	207	110	157	118	41	140	103	78	112	73	137	64	126	79	144	61	119	75	120	59	94	61	74	47	72
64	170	1	2	119	0	1953125	12	0.0	0	1.00	0	0	V0.2	0	0	34	75	34	74	32	70	27	73	31	68	29	71	37	70	51	80	64	83	78	93	78	95	96	108	102	109	115	131	145	149	182	162	176	188	264	306	222	341	333	532	481	564	476	649	577	710	765	1000	872	727	651	674	640	532	525	753	615	518	319	258	192	94	155	116	45	146	100	84	110	83	135	69	124	87	143	64	118	78	121	59	92	61	72	47	72
64	170	1	2	119	0	1953125	12	0.0	0	1.00	0	0	V0.2	0	0	5	75	5	77	6	72	8	73	17	67	30	67	38	61	60	67	73	67	91	66	95	65	111	67	123	68	135	80	167	97	206	107	193	131	296	254	271	294	376	484	510	523	506	614	584	684	760	1000	844	765	613	675	557	529	484	752	538	483	272	280	197	104	199	73	63	132	47	107	67	104	93	95	91	108	112	83	98	86	102	68	84	61	64	50	62
64	170	1	2	119	0	1953125	12	0.0	0	1.00	0	0	V0.2	0	0	60	61	62	59	55	60	53	58	49	62	45	67	45	73	48	91	56	96	60	112	58	117	68	133	65	139	81	166	98	189	143	202	128	235	224	353	198	369	333	556	485	590	509	665	615	725	834	1000	941	721	710	650	701	524	587	713	641	471	340	204	229	156	138	145	74	117	121	41	128	39	143	48	135	70	145	64	118	76	117	68	87	62	70	48	67
64	170	1	2	119	0	1953125	12	0.0	0	1.01	0	0	V0.2	0	0	195	209	215	205	219	196	240	194	245	181	260	181	260	168	270	161	270	149	269	150	267	143	246	162	239	172	210	195	202	241	165	277	117	323	119	414	219	398	302	585	408	627	414	713	462	775	673	1000	788	737	585	677	493	656	384	817	393	598	232	407	92	175	258	86	213	186	148	228	139	220	145	217	162	221	163	205	170	199	168	182	172	162	179	132	189
64	170	1	2	119	0	1953125	12	0.0	0	1.00	0	0	V0.2	0	0	70	53	75	46	69	48	71	47	65	50	58	57	58	67	50	90	63	98	52	119	52	118	45	150	47	149	50	183	68	211	116	228	77	271	208	358	236	332	397	516	556	542	596	604	689	664	914	958	1000	724	732	660	710	493	596	726	683	425	402	217	168	212	136	123	148	45	121	98	98	104	94	118	85	130	87	125	68	119	76	106	60	84	55	68	54
64	170	1	2	119	0	1953125	12	0.0	0	1.00	0	0	V0.2	0	0	84	4	88	3	78	7	84	10	76	31	75	36	70	59	67	77	73	95	63	108	70	120	57	144	61	148	58	176	82	207	114	228	80	271	208	362	240	338	390	531	555	563	584	631	683	692	904	973	1000	715	745	653	730	504	626	719	684	435	376	196	219	194	116	150	106	82	133	41	128	46	139	64	130	82	136	83	113	94	111	83	80	70	67	54	65
64	170	1	2	119	0	1953125	12	0.0	0	1.00	0	0	V0.2	0	0	20	72	12	79	17	68	16	73	15	67	30	66	34	69	56	69	69	75	83	71	91	79	98	76	115	86	125	96	157	112	190	124	181	143	283	275	251	309	350	494	485	532	481	617	565	686	757	1000	844	742	609	668	587	534	490	722	524	467	264	259	203	101	202	95	49	134	60	95	82	89	101	82	103	91	116	72	105	74	103	59	87	54	66	49	62
64	170	1	2	119	0	1953125	12	0.0	0	1.00	0	0	V0.2	0	0	56	64	58	64	54	61	52	64	50	68	47	72	48	74	49	89	60	94	63	111	64	114	68	131	75	136	87	162	106	183	149	199	133	230	236	349	202	361	329	553	485	585	498	655	603	720	823	1000	938	720	683	635	676	521	572	709	639	494	362	228	227	139	138	144	70	131	122	53	123	45	143	48	131	72	144	64	118	75	116	68	91	63	70	48	67
64	170	1	2	119	0	1953125	12	0.0	0	1.01	0	0	V0.2	0	0	164	239	162	237	169	247	172	242	181	247	189	236	198	231	209	214	219	204	228	187	226	170	241	141	244	117	259	92	276	47	314	48	274	122	374	122	409	105	539	277	669	319	690	384	762	452	942	687	1000	474	774	425	768	366	666	535	673	476	338	226	290	109	179	196	60	259	116	222	133	225	132	230	120	247	122	231	111	236	112	217	105	214	95	204	80
64	170	1	2	119	0	1953125	12	0.0	0	1.00	0	0	V0.2	0	0	47	66	55	69	45	58	56	62	53	53	65	47	65	51	81	50	94	60	105	56	118	62	121	68	140	72	141	82	180	115	213	135	188	176	310	244	326	232	463	446	609	476	613	574	695	646	873	1000	914	759	643	722	631	548	538	796	620	465	352	270	109	168	187	60	138	95	73	128	52	132	56	133	64	148	71	129	67	126	72	105	67	86	51	69	58
64	170	1	2	119	0	1953125	12	0.0	0	1.01	0	0	V0.2	0	0	249	184	247	185	244	206	243	215	231	234	229	241	209	260	196	272	166	282	153	283	131	281	125	285	107	273	122	284	135	260	202	251	224	203	338	332	289	390	416	532	557	539	584	604	691	655	831	1000	840	783	580	719	673	457	612	668	760	295	521	135	278	247	48	217	219	154	257	84	256	99	261	110	255	120	257	129	234	139	231	141	204	159	176	176	153
64	170	1	2	119	0	1953125	12	0.0	0	1.01	0	0	V0.2	0	0	199	253	213	244	227	243	240	234	258	225	270	215	278	202	292	178	300	162	305	144	303	135	294	130	289	141	274	146	275	207	262	244	203	323	244	382	339	347	452	553	576	603	579	681	638	770	879	992	1000	703	778	650	687	661	542	850	527	684	196	441	203	119	287	134	167	265	89	288	80	281	78	281	103	287	95	269	123	266	114	244	139	224	148	187	174
64	170	1	2	119	0	1953125	12	0.0	0	1.00	0	0	V0.2	0	0	25	74	24	75	24	71	21	72	25	69	31	71	35	68	53	78	67	78	82	84	83	89	100	94	107	99	122	116	150	134	189	142	180	170	275	292	236	330	347	526	490	566	488	642	575	709	760	1000	857	741	638	670	610	534	517	745	578	495	284	250	203	99	183	106	39	142	79	86	94	83	121	73	113	88	132	64	111	76	114	56	90	58	69	46	69
64	170	1	2	119	0	1953125	12	0.0	0	1.00	0	0	V0.2	0	0	25	74	33	78	26	67	36	68	33	58	50	58	54	52	73	53	88	58	105	49	114	51	125	49	141	51	147	59	183	86	217	101	200	141	313	227	312	246	433	446	572	483	565	578	642	651	813	1000	861	758	601	709	586	542	486	782	561	468	306	277	134	141	210	48	114	118	40	127	33	129	49	123	56	135	75	115	73	114	80	88	68	71	52	61	57
64	170	1	2	119	0	1953125	12	0.0	0	1.01	0	0	V0.2	0	0	200	195	213	186	221	184	235	178	240	175	254	167	252	167	259	160	252	160	252	157	247	161	227	176	210	188	187	211	166	254	124	283	80	322	68	413	156	406	239	589	349	625	348	704	405	766	599	999	704	752	509	699	434	632	328	823	406	560	263	391	41	184	234	91	222	150	173	202	162	194	167	188	184	191	181	177	188	172	180	155	185	140	183	109	198
64	170	1	2	119	0	1953125	12	0.0	0	1.00	0	0	V0.2	0	0	177	245	177	251	187	254	189	255	198	259	201	253	214	250	214	246	219	238	223	223	219	208	234	183	240	158	256	141	279	88	325	53	318	31	422	94	401	155	516	276	664	305	678	358	762	418	934	760	1000	598	740	515	742	256	658	489	707	335	362	70	337	225	220	253	87	229	159	142	187	146	200	145	191	166	208	153	195	166	208	155	191	156	185	159	155
64	170	1	2	119	0	1953125	12	0.0	0	1.00	0	0	V0.2	0	0	77	37	80	38	79	33	75	27	75	31	74	31	76	47	78	64	86	76	88	88	96	94	92	115	101	124	103	141	126	180	157	193	121	247	243	306	294	279	437	466	600	505	616	571	714	650	921	969	1000	737	717	683	721	493	580	747	674	397	374	222	176	219	138	132	127	38	116	85	95	86	105	100	92	114	101	109	76	113	80	96	62	86	55	61	56
64	170	1	2	119	0	1953125	12	0.0	0	1.01	0	0	V0.2	0	0	207	183	220	173	225	176	239	171	241	170	252	168	244	172	251	167	242	171	239	174	229	181	208	195	189	206	163	228	134	265	83	290	55	321	44	416	106	418	193	601	311	633	312	712	377	760	545	1000	635	758	446	725	399	629	300	811	419	519	315	356	22	191	220	94	238	113	199	171	190	163	194	158	208	157	208	146	209	139	200	130	201	115	191	93	200
64	170	1	2	119	0	1953125	12	0.0	0	1.01	0	0	V0.2	0	0	207	183	220	173	225	176	239	171	241	170	252	168	244	172	251	167	242	171	239	174	229	181	208	195	189	206	163	228	134	265	83	290	55	321	44	416	106	418	193	601	311	633	312	712	377	760	545	1000	635	758	446	725	399	629	300	811	419	519	315	356	22	191	220	94	238	113	199	171	190	163	194	158	208	157	208	146	209	139	200	130	201	115	191	93	200
64	170	1	2	119	0	1953125	12	0.0	0	1.01	0	0	V0.2	0	0	211	206	204	212	198	232	192	239	185	254	177	256	170	263	167	263	157	265	159	256	150	246	171	226	178	203	206	191	236	136	289	107	277	20	395	128	404	194	532	312	671	324	691	383	774	439	949	751	1000	569	752	493	760	298	672	498	723	396	411	159	328	141	166	208	87	245	152	195	165	203	165	214	147	230	149	220	131	229	129	213	116	213	102	208	83
64	170	1	2	119	0	1953125	12	0.0	0	1.00	0	0	V0.2	0	0	80	11	84	20	75	14	75	14	72	29	69	26	70	46	71	58	84	71	86	82	100	81	96	101	115	94	118	112	152	140	185	149	158	194	288	248	320	234	453	433	602	474	603	562	678	648	853	1000	904	795	637	721	604	551	491	780	570	472	305	283	152	160	226	58	104	116	24	121	40	119	66	115	75	125	96	97	90	96	99	77	84	62	68	51	62
64	170	1	2	119	0	1953125	12	0.0	0	1.00	0	0	V0.2	0	0	54	64	58	66	52	55	61	55	57	48	67	45	67	47	83	51	93	61	102	58	115	67	119	76	135	78	138	97	174	126	205	146	178	190	300	255	335	239	466	445	619	476	622	572	706	640	892	1000	940	771	666	722	651	533	542	785	606	428	350	257	125	195	195	89	144	74	80	117	58	123	59	126	61	139	67	126	61	121	70	107	60	83	48	68	55
64	170	1	2	119	0	1953125	12	0.0	0	1.01	0	0	V0.2	0	0	243	169	251	178	249	177	258	191	252	191	260	201	252	203	247	213	243	210	229	218	228	212	200	228	191	232	158	253	141	286	94	306	74	345	65	444	165	438	272	616	385	652	404	721	460	786	704	1000	830	720	648	650	564	638	444	784	432	615	171	394	187	108	284	115	149	242	71	261	62	254	56	263	62	271	56	260	75	256	72	237	94	220	105	204	107
64	170	1	2	119	0	1953125	12	0.0	0	1.01	0	0	V0.2	0	0	201	189	203	191	194	208	197	214	187	226	187	234	172	240	167	251	145	251	136	260	117	250	112	257	98	244	99	261	96	253	138	256	162	232	237	360	167	411	251	559	361	584	368	655	447	714	569	1000	602	797	384	737	388	572	328	772	483	421	381	312	77	226	189	113	242	73	214	151	193	145	200	147	204	149	203	151	196	145	190	144	181	126	179	109	188
64	170	1	2	119	0	1953125	12	0.0	0	1.00	0	0	V0.2	0	0	21	75	25	80	22	68	31	71	33	64	48	59	51	56	71	55	87	58	101	48	112	53	120	47	140	49	146	58	187	84	219	98	199	131	310	234	314	255	422	454	562	487	556	586	633	659	803	1000	868	780	617	719	573	535	484	774	549	473	303	287	136	138	209	56	113	121	32	122	34	127	58	119	62	135	81	109	75	109	85	84	71	71	53	59	58
64	170	1	2	119	0	1953125	12	0.0	0	1.00	0	0	V0.2	0	0	230	189	236	183	247	184	253	181	265	177	271	171	274	169	282	154	283	149	280	141	267	140	264	136	251	147	243	148	245	193	254	221	195	297	268	301	336	231	451	398	582	445	594	503	650	571	869	777	1000	546	804	475	699	456	575	615	498	507	129	260	319	25	347	95	187	190	130	181	139	191	131	196	123	224	119	211	121	224	123	213	123	207	128	190	110
64	170	1	2	119	0	1953125	12	0.0	0	1.00	0	0	V0.2	0	0	30	75	26	74	28	70	23	71	25	67	30	70	33	65	51	78	64	78	79	86	82	87	95	96	105	98	120	117	147	136	184	144	174	172	270	298	238	339	343	517	478	557	483	641	574	704	765	1000	865	738	646	674	627	539	515	727	553	474	270	235	208	106	188	111	40	142	75	81	93	79	116	67	111	84	131	63	109	72	109	59	91	56	68	46	68
64	170	1	2	119	0	1953125	12	0.0	0	1.01	0	0	V0.2	0	0	200	212	213	204	223	199	238	193	248	184	261	180	261	171	270	159	269	152	271	145	266	146	249	159	237	172	216	193	200	243	172	275	120	328	128	413	226	399	312	589	419	625	422	710	472	772	680	1000	800	737	606	680	504	656	388	823	395	592	220	401	106	168	261	84	215	183	149	229	136	220	143	218	161	221	157	207	169	202	161	183	172	166	174	130	192
64	170	1	2	119	0	1953125	12	0.0	0	1.00	0	0	V0.2	0	0	13	75	18	78	14	69	22	73	25	60	40	59	47	56	67	55	82	58	98	52	108	53	117	46	135	48	141	57	178	79	213	90	200	130	310	231	303	262	408	453	543	491	538	589	616	658	782	1000	850	764	592	693	561	536	467	751	510	461	276	274	156	132	219	61	105	126	27	120	38	119	62	111	65	125	86	100	78	99	87	85	77	69	55	56	60
64	170	1	2	119	0	1953125	12	0.0	0	1.01	0	0	V0.2	0	0	203	193	216	187	223	184	238	179	243	174	255	171	255	167	257	163	257	160	252	160	246	163	225	180	212	190	186	213	164	255	123	285	81	324	63	414	152	410	237	593	345	629	347	709	402	766	591	1000	697	760	520	711	436	635	330	826	395	546	260	377	43	184	236	90	226	145	178	198	166	190	172	186	187	186	185	175	191	169	184	157	187	137	184	109	198
64	170	1	2	119	0	1953125	12	0.0	0	1.00	0	0	V0.2	0	0	224	176	216	180	223	194	217	199	219	215	216	216	207	229	204	227	188	238	184	231	167	238	149	244	120	249	107	256	64	290	29	301	71	325	90	410	45	395	139	577	267	605	263	678	330	728	515	999	626	774	462	711	352	573	274	777	343	421	255	313	75	261	256	162	228	84	159	163	140	170	134	172	149	180	145	182	150	185	142	185	143	177	140	154	148
64	170	1	2	119	0	1953125	12	0.0	0	1.00	0	0	V0.2	0	0	242	178	240	180	248	189	246	191	251	203	253	201	246	216	246	208	239	217	234	210	217	220	201	226	175	238	155	244	130	291	98	308	48	360	61	422	153	392	234	574	357	620	354	686	410	752	636	1000	782	751	602	670	474	604	354	785	322	507	163	349	182	214	337	98	243	109	149	190	127	197	113	201	125	218	108	217	117	225	108	221	111	211	117	185	129
64	170	1	2	119	0	1953125	12	0.0	0	1.00	0	0	V0.2	0	0	5	79	9	83	9	72	16	73	20	65	37	66	43	60	68	62	80	61	96	58	106	58	119	57	132	55	141	68	178	87	214	97	197	124	302	240	292	282	396	467	531	507	520	603	602	667	771	1000	845	769	596	690	568	534	467	757	522	464	259	262	165	119	222	71	92	129	22	112	47	114	70	105	72	118	94	97	87	93	91	72	78	61	58	53	60
64	170	1	2	119	0	1953125	12	0.0	0	1.01	0	0	V0.2	0	0	206	177	219	169	225	170	237	166	237	168	248	166	240	172	243	173	233	177	228	180	217	186	195	202	175	212	147	234	118	268	65	291	49	310	49	413	83	421	176	597	294	624	291	699	362	747	526	1000	624	783	432	728	390	613	291	803	434	486	316	334	33	201	206	100	238	92	207	155	197	145	203	140	213	138	213	130	215	122	205	118	202	105	193	86	200
64	170	1	2	119	0	1953125	12	0.0	0	1.00	0	0	V0.2	0	0	268	195	270	192	280	201	283	200	290	208	292	205	291	212	295	203	287	210	284	200	268	211	251	215	231	231	213	237	196	294	181	322	109	390	156	436	243	378	355	580	490	624	490	697	546	764	790	1000	951	734	762	657	617	623	477	821	415	600	104	357	255	123	383	30	253	164	153	213	135	227	114	231	119	258	101	248	110	262	102	250	106	242	117	215	122
64	170	1	2	119	0	1953125	12	0.0	0	1.00	0	0	V0.2	0	0	74	37	82	40	72	28	78	29	72	28	76	29	72	47	79	60	84	77	86	83	95	96	90	114	102	123	99	143	128	180	160	205	126	249	248	309	296	274	444	476	606	505	625	578	713	639	924	975	1000	747	736	685	701	489	592	751	667	395	359	210	160	220	146	136	140	41	119	78	102	86	102	100	99	117	99	115	82	112	81	104	62	83	54	65	58
64	170	1	2	119	0	1953125	12	0.0	0	1.00	0	0	V0.2	0	0	10	75	8	79	7	71	8	71	15	66	29	66	36	61	59	66	70	66	88	66	92	66	107	65	121	69	130	80	163	99	201	107	191	133	288	256	265	300	365	486	501	528	492	605	568	676	751	1000	841	762	614	672	563	522	476	738	526	472	256	265	200	107	210	86	66	136	43	98	66	99	93	87	89	101	111	77	97	82	100	63	86	59	64	50	63
64	170	1	2	119	0	1953125	12	0.0	0	1.00	0	0	V0.2	0	0	5	77	2	79	3	73	11	73	15	67	34	67	41	62	62	65	74	65	92	63	100	64	111	62	126	64	136	74	169	93	208	105	196	129	297	250	279	292	382	479	513	521	507	609	583	671	756	1000	851	777	616	687	561	526	483	754	525	463	255	271	182	107	211	76	76	134	34	108	54	107	84	94	83	108	103	84	91	90	94	68	82	59	62	50	61
64	170	1	2	119	0	1953125	12	0.0	0	1.00	0	0	V0.2	0	0	2	76	7	80	3	71	13	73	20	65	36	65	42	59	65	62	80	62	97	58	104	59	115	54	131	57	141	67	176	87	214	100	201	126	303	238	286	276	394	474	532	513	521	607	600	671	765	1000	842	767	605	706	580	538	465	759	544	488	274	274	157	100	211	66	85	136	27	115	50	117	77	107	78	119	100	95	90	95	97	75	82	64	60	53	61
64	170	1	2	119	0	1953125	12	0.0	0	1.00	0	0	V0.2	0	0	2	76	5	81	2	71	12	72	18	68	35	66	41	61	65	65	78	64	97	61	104	62	115	60	131	65	142	72	176	91	216	103	202	131	302	244	280	287	392	487	534	527	524	619	601	678	762	1000	827	758	610	715	592	549	489	772	544	490	268	266	162	95	206	67	77	136	32	113	54	114	83	105	84	117	104	91	93	94	97	71	80	62	64	52	62
64	170	1	2	119	0	1953125	12	0.0	0	1.01	0	0	V0.2	0	0	205	196	218	188	225	186	239	180	245	176	254	173	254	167	261	163	256	162	255	161	248	163	228	179	212	192	187	211	165	257	123	288	79	325	64	414	152	409	241	598	351	633	348	714	408	766	598	1000	693	750	519	720	452	641	334	827	401	550	249	381	47	175	239	88	223	148	178	198	167	189	172	186	186	188	185	177	192	169	184	154	185	137	183	109	197
64	170	1	2	119	0	1953125	12	0.0	0	1.00	0	0	V0.2	0	0	12	76	12	77	14	70	9	72	18	68	29	66	34	63	57	69	68	69	88	70	90	72	105	74	116	77	129	89	161	108	199	115	190	143	288	264	259	310	363	498	505	544	493	621	572	688	752	1000	837	756	623	681	588	534	484	734	531	473	255	259	213	109	210	87	54	129	53	94	75	93	100	83	93	95	114	71	98	77	105	63	84	56	64	45	62
64	170	1	2	119	0	1953125	12	0.0	0	1.00	0	0	V0.2	0	0	2	75	8	82	4	72	15	73	19	67	37	62	41	64	65	59	80	63	93	56	106	61	115	55	132	57	139	71	173	82	212	100	198	123	303	238	287	279	395	476	531	513	519	603	592	668	765	1000	839	769	618	721	598	549	465	756	532	473	263	268	168	109	216	65	78	126	25	115	54	109	76	107	79	114	99	94	88	90	97	77	80	61	60	52	58
64	170	1	2	119	0	1953125	12	0.0	0	1.01	0	0	V0.2	0	0	202	217	215	210	226	203	243	198	251	189	265	184	266	174	276	164	275	154	277	149	272	147	255	160	243	174	221	193	208	243	177	276	126	331	129	414	230	396	315	588	427	626	420	708	469	767	681	1000	805	734	609	692	524	658	384	833	414	619	241	410	95	157	270	89	217	194	154	236	140	226	143	223	160	229	158	213	172	208	163	193	176	171	177	138	197
64	170	1	2	119	0	1953125	12	0.0	0	1.00	0	0	V0.2	0	0	9	79	6	80	6	72	8	76	14	65	30	66	38	63	62	69	74	68	92	67	97	69	112	69	126	72	137	83	171	104	209	111	195	138	295	258	268	303	375	496	515	538	508	626	584	681	749	1000	835	762	623	708	594	543	477	754	539	484	256	249	171	92	204	83	66	144	43	106	65	107	94	94	91	110	115	81	100	88	105	67	86	60	65	51	66
64	170	1	2	119	0	1953125	12	0.0	0	1.01	0	0	V0.2	0	0	200	197	214	190	222	186	236	181	242	175	254	171	253	165	262	160	257	156	256	153	250	158	231	172	216	184	193	205	173	253	132	282	89	323	80	415	172	409	257	593	366	628	360	705	415	763	613	999	723	754	541	712	459	646	345	824	397	558	243	386	63	178	242	89	217	154	168	207	156	196	163	195	178	194	176	182	185	174	177	162	181	143	181	114	195
64	170	1	2	119	0	1953125	12	0.0	0	1.00	0	0	V0.2	0	0	9	74	15	77	10	68	22	70	23	62	41	63	43	54	67	57	81	58	97	53	103	51	115	48	131	51	138	58	176	82	211	92	195	125	306	237	298	272	403	459	537	503	531	589	597	657	769	1000	858	789	616	698	561	532	466	749	527	465	271	280	171	132	217	63	95	120	25	117	43	114	67	109	70	120	91	99	83	99	91	79	76	65	59	56	58
64	170	1	2	119	0	1953125	12	0.0	0	1.00	0	0	V0.2	0	0	24	73	29	78	24	68	33	68	33	63	49	60	53	54	73	53	87	57	102	48	112	52	121	45	139	48	146	57	182	86	218	99	199	135	311	226	312	249	434	450	571	487	566	585	638	651	804	1000	876	791	637	736	595	544	489	788	562	463	294	277	132	138	206	51	109	111	32	123	31	126	54	122	58	135	81	111	73	112	83	92	73	75	56	61	57
64	170	1	2	119	0	1953125	12	0.0	0	1.00	0	0	V0.2	0	0	217	179	210	188	213	200	207	208	207	220	203	224	193	237	186	237	173	248	164	239	152	246	130	247	110	254	92	255	60	286	50	288	106	310	132	400	46	407	140	574	270	609	266	667	339	723	499	1000	599	802	423	735	353	567	273	762	376	361	291	290	25	285	219	194	210	90	160	156	145	159	148	160	159	159	163	166	163	166	165	165	160	159	153	140	160
64	170	1	2	119	0	1953125	12	0.0	0	1.00	0	0	V0.2	0	0	217	179	210	188	213	200	207	208	207	220	203	224	193	237	186	237	173	248	164	239	152	246	130	247	110	254	92	255	60	286	50	288	106	310	132	400	46	407	140	574	270	609	266	667	339	723	499	1000	599	802	423	735	353	567	273	762	376	361	291	290	25	285	219	194	210	90	160	156	145	159	148	160	159	159	163	166	163	166	165	165	160	159	153	140	160
64	170	1	2	119	0	1953125	12	0.0	0	1.00	0	0	V0.2	0	0	5	80	9	81	7	74	18	77	23	67	39	67	44	61	67	64	80	64	99	60	105	61	119	57	134	61	145	69	178	91	218	102	204	127	302	240	291	283	397	475	534	509	518	600	602	669	760	1000	846	764	606	718	599	550	479	772	551	489	274	266	147	96	206	62	83	138	32	119	52	119	77	110	81	123	99	98	90	95	97	79	83	66	62	57	63
64	170	1	2	119	0	1953125	12	0.0	0	1.01	0	0	V0.2	0	0	198	210	211	201	223	197	239	189	246	184	261	176	260	169	267	157	267	153	267	146	263	149	247	158	236	174	212	192	197	244	165	274	115	329	116	412	213	401	304	587	410	630	410	704	459	771	669	999	790	748	593	692	502	654	374	830	413	599	233	400	92	170	256	88	211	180	153	228	139	219	146	215	163	218	161	204	171	198	166	182	175	160	174	130	192
64	170	1	2	119	0	1953125	12	0.0	0	1.01	0	0	V0.2	0	0	201	200	212	193	222	190	236	185	243	177	255	172	254	167	261	160	259	155	257	153	252	155	234	170	220	184	194	200	178	250	140	279	95	325	86	416	183	407	268	594	377	631	376	706	427	765	623	999	747	762	555	696	460	641	345	815	394	563	243	383	70	179	248	82	222	156	167	209	155	202	158	198	174	199	174	186	183	180	175	163	182	146	179	115	194
64	170	1	2	119	0	1953125	12	0.0	0	1.00	0	0	V0.2	0	0	86	3	91	4	82	7	84	13	76	30	77	39	70	58	67	80	73	94	66	111	68	119	56	143	64	150	58	176	82	208	115	230	86	273	208	362	237	339	395	533	555	560	582	620	670	677	896	972	1000	723	753	652	720	491	606	699	679	443	367	178	205	190	116	155	107	91	132	37	129	45	137	58	128	81	134	80	109	88	106	80	81	71	66	52	65
64	170	1	2	119	0	1953125	12	0.0	0	1.01	0	0	V0.2	0	0	204	181	219	174	224	173	237	168	239	168	251	166	245	169	249	167	241	171	239	173	229	177	208	194	188	206	161	228	134	265	84	292	53	320	45	418	109	423	200	604	315	636	317	711	383	761	551	1000	637	765	457	736	416	642	305	798	402	501	285	349	22	193	221	94	231	114	194	172	184	162	192	157	206	158	204	147	206	139	200	129	196	116	191	93	201
64	170	1	2	119	0	1953125	12	0.0	0	1.00	0	0	V0.2	0	0	5	77	12	80	7	74	17	73	22	66	39	64	43	58	65	61	79	62	97	56	105	57	118	54	134	58	143	66	180	88	216	98	207	134	307	240	291	276	396	469	540	513	525	607	611	672	765	1000	824	743	585	704	597	565	471	747	524	479	267	268	162	110	214	65	85	138	30	117	48	119	76	109	77	122	98	97	88	96	94	73	81	65	60	54	63
64	170	1	2	119	0	1953125	12	0.0	0	1.01	0	0	V0.2	0	0	49	64	42	70	43	64	35	65	29	61	30	62	28	61	40	58	58	63	74	63	94	67	100	64	119	64	130	79	165	74	198	85	173	98	285	235	313	293	437	476	570	513	569	610	653	678	810	1000	845	743	591	711	626	596	492	767	579	521	354	320	113	65	148	72	134	194	109	182	86	175	95	167	91	170	95	139	78	129	74	96	58	86	54	77	67
64	170	1	2	119	0	1953125	12	0.0	0	1.01	0	0	V0.2	0	0	69	40	69	41	64	42	58	47	50	49	47	54	38	56	33	67	40	74	52	87	66	94	71	101	84	103	97	124	127	124	168	134	146	134	248	280	259	345	376	528	516	565	512	642	599	707	762	1000	849	752	606	685	623	584	500	758	606	560	353	335	164	19	110	112	97	213	121	178	113	168	128	156	120	154	129	123	101	114	101	83	76	81	68	73	74
64	170	1	2	119	0	1953125	12	0.0	0	1.00	0	0	V0.2	0	0	236	189	240	184	252	186	259	180	268	183	273	177	276	172	282	159	285	154	284	147	269	146	263	147	251	157	241	160	243	205	249	237	189	310	260	321	328	241	439	413	575	454	581	514	634	578	854	794	1000	554	793	472	687	474	558	631	496	540	127	284	305	17	348	92	192	197	126	190	136	201	128	201	122	234	116	219	118	234	120	218	116	214	125	195	107
64	170	1	2	119	0	1953125	12	0.0	0	1.00	0	0	V0.2	0	0	37	74	39	72	36	70	30	70	31	66	32	69	38	69	48	83	64	85	75	96	76	96	89	107	96	111	110	132	134	150	179	164	166	187	260	312	221	345	335	533	472	569	485	647	572	704	773	1000	882	736	661	662	634	525	526	723	584	481	287	229	205	109	165	123	41	140	90	75	103	72	128	61	120	78	135	58	114	70	115	57	91	56	70	44	68
64	170	1	2	119	0	1953125	12	0.0	0	1.00	0	0	V0.2	0	0	31	73	30	72	30	70	23	68	27	70	29	68	35	69	50	76	63	80	77	85	78	89	92	96	102	104	116	120	143	141	184	152	174	172	263	298	229	333	336	524	474	559	476	629	556	691	753	1000	882	752	656	671	623	535	521	731	573	484	280	243	209	106	177	116	38	139	82	78	97	76	124	65	115	82	131	58	111	76	114	55	93	58	71	46	68
64	170	1	2	119	0	1953125	12	0.0	0	1.00	0	0	V0.2	0	0	42	67	43	65	39	64	36	64	36	65	34	66	35	68	47	81	58	87	70	95	68	100	79	111	85	117	101	137	124	158	163	171	154	198	246	326	214	353	332	542	480	579	486	642	570	703	778	1000	918	756	684	642	633	517	549	701	582	467	298	229	233	131	169	132	32	128	97	58	107	55	129	49	119	69	138	55	112	71	114	57	88	59	70	45	67
64	170	1	2	119	0	1953125	12	0.0	0	1.00	0	0	V0.2	0	0	237	192	243	187	256	187	262	182	272	183	277	177	280	174	289	158	287	156	287	146	275	146	269	146	255	157	248	159	248	208	252	235	193	313	266	317	331	244	446	418	577	465	588	525	651	590	871	798	1000	547	786	482	701	493	577	639	487	530	119	276	314	19	351	96	187	198	127	192	137	201	127	205	120	232	117	218	119	233	120	222	119	218	125	197	108
64	170	1	2	119	0	1953125	12	0.0	0	1.00	0	0	V0.2	0	0	54	63	55	62	52	62	47	61	45	64	42	66	43	72	45	87	57	94	63	107	60	110	71	128	74	131	89	157	107	176	150	194	137	222	231	343	203	364	334	553	485	588	499	655	597	710	815	1000	933	724	705	659	690	520	577	707	608	452	305	196	218	152	150	145	57	123	111	45	117	45	138	45	128	68	142	60	114	74	116	66	86	60	69	47	67
64	170	1	2	119	0	1953125	12	0.0	0	1.01	0	0	V0.2	0	0	86	2	80	6	80	12	77	20	68	28	66	39	53	47	45	64	43	80	42	101	47	114	40	127	46	136	50	166	76	172	113	188	88	199	196	340	219	386	354	570	505	601	519	670	612	730	817	1000	915	720	676	659	693	562	565	725	654	538	386	279	201	57	66	129	136	189	173	133	164	123	174	110	160	119	163	87	131	88	119	62	93	64	80	66	81
64	170	1	2	119	0	1953125	12	0.0	0	1.01	0	0	V0.2	0	0	179	247	186	243	200	244	212	235	229	230	241	219	251	203	264	182	274	165	283	143	281	128	281	107	278	105	276	96	282	150	289	184	232	264	292	299	373	257	492	443	615	488	619	560	673	635	885	842	1000	577	785	536	716	557	576	733	563	632	211	387	224	80	253	162	113	277	44	277	54	273	42	275	59	286	49	268	82	267	75	244	107	227	115	198	136
64	170	1	2	119	0	1953125	12	0.0	0	1.00	0	0	V0.2	0	0	226	176	222	181	227	192	224	198	224	211	222	213	213	227	211	226	196	234	191	229	175	236	155	240	132	249	110	254	75	292	33	306	58	335	76	418	61	400	156	582	281	614	278	682	338	735	527	999	657	779	491	715	374	589	273	778	337	441	257	316	91	246	273	145	233	82	160	168	139	174	129	179	145	186	136	190	143	192	138	188	138	184	134	160	146
64	170	1	2	119	0	1953125	12	0.0	0	1.00	0	0	V0.2	0	0	26	75	26	75	28	72	22	71	24	67	29	68	34	66	53	79	66	80	81	86	83	88	97	95	107	101	120	115	149	137	190	145	179	170	272	295	236	337	348	527	492	570	492	647	580	708	759	1000	863	747	648	683	627	545	514	731	559	475	264	237	208	109	186	110	35	138	77	86	95	83	119	70	111	86	131	64	111	73	113	56	89	56	68	46	67
64	170	1	2	119	0	1953125	12	0.0	0	1.01	0	0	V0.2	0	0	165	238	168	236	176	240	183	235	199	233	207	225	220	213	231	196	242	182	249	162	250	144	255	117	256	99	263	71	278	83	301	107	255	190	337	195	393	149	517	330	649	373	652	432	710	503	900	710	1000	486	775	426	735	435	609	578	607	535	263	291	279	63	225	177	60	269	68	245	91	245	81	251	75	263	73	248	78	250	78	232	89	222	91	204	96
64	170	1	2	119	0	1953125	12	0.0	0	1.00	0	0	V0.2	0	0	30	75	28	73	30	69	25	69	28	67	29	70	36	69	53	79	64	80	80	87	80	89	95	97	101	101	116	117	143	137	182	145	170	171	267	297	233	339	341	521	489	572	485	632	564	701	758	1000	877	760	649	655	607	525	505	706	547	462	263	233	221	114	190	111	36	136	76	79	95	73	118	65	109	80	127	60	109	70	111	55	86	53	67	42	64
64	170	1	2	119	0	1953125	12	0.0	0	1.00	0	0	V0.2	0	0	15	78	12	78	14	73	11	74	18	67	30	69	37	66	58	73	71	72	88	76	93	76	108	79	118	84	132	97	161	113	203	126	194	148	287	272	256	315	364	506	502	547	496	627	577	690	752	1000	850	754	626	696	608	544	487	744	550	481	257	244	179	92	196	89	52	140	56	99	77	99	104	86	102	101	119	74	105	82	108	61	88	58	68	50	65
64	170	1	2	119	0	1953125	12	0.0	0	1.01	0	0	V0.2	0	0	166	234	165	234	169	244	170	242	175	250	180	241	189	237	199	223	205	216	215	200	212	185	228	158	231	132	249	108	271	52	311	35	278	95	380	98	411	104	537	263	673	298	684	355	755	425	934	686	1000	490	753	431	768	329	640	484	694	437	369	194	308	125	168	206	77	249	139	203	158	206	155	213	145	227	147	216	133	224	131	203	121	205	107	200	88
64	170	1	2	119	0	1953125	12	0.0	0	1.00	0	0	V0.2	0	0	7	75	15	81	10	70	22	73	24	65	39	61	47	60	68	59	85	63	96	53	110	56	117	53	136	54	142	64	181	83	215	99	204	130	309	235	291	264	404	466	549	509	535	598	615	670	773	1000	836	755	588	702	588	553	462	748	532	475	266	267	156	123	215	58	85	128	26	120	48	117	65	114	73	121	90	99	83	93	88	78	73	63	59	55	56
64	170	1	2	119	0	1953125	12	0.0	0	1.01	0	0	V0.2	0	0	201	246	220	241	228	235	247	230	257	215	275	213	278	193	294	178	298	159	301	149	301	136	288	139	283	148	264	162	268	216	240	259	188	329	218	394	323	364	418	567	545	617	543	701	600	773	841	1000	953	693	717	670	668	684	495	829	471	660	168	415	191	119	305	115	181	249	107	272	98	267	101	267	119	275	117	256	135	255	130	236	151	209	164	179	180
64	170	1	2	119	0	1953125	12	0.0	0	1.01	0	0	V0.2	0	0	60	60	67	62	61	57	66	48	65	44	65	29	68	37	66	43	82	56	77	80	101	83	89	113	106	111	99	149	120	168	137	194	102	228	216	324	298	327	454	521	616	544	636	617	731	678	934	975	1000	697	704	668	769	556	621	754	763	521	492	265	192	106	106	68	228	133	216	139	186	127	180	141	164	143	152	130	120	116	108	100	83	81	79	76	79
64	170	1	2	119	0	1953125	12	0.0	0	1.01	0	0	V0.2	0	0	206	250	219	241	233	238	247	232	261	222	278	211	282	197	296	178	301	160	307	146	304	139	295	139	285	150	270	159	265	220	251	259	190	337	225	402	327	369	435	574	561	626	561	708	605	777	835	1000	971	707	733	639	647	670	497	844	492	687	201	436	180	121	298	124	190	254	114	280	99	274	98	275	122	282	116	261	139	260	131	236	155	215	162	178	185
64	170	1	2	119	0	1953125	12	0.0	0	1.00	0	0	V0.2	0	0	44	69	44	67	42	64	38	65	36	65	35	68	38	70	46	82	58	88	68	101	68	101	78	114	83	119	98	141	121	163	164	175	154	204	249	327	207	353	327	540	477	580	483	645	577	712	786	1000	911	735	666	639	644	512	532	703	607	480	300	218	224	133	169	137	46	135	102	59	112	57	134	52	123	71	138	56	113	70	114	58	88	58	69	44	65
64	170	1	2	119	0	1953125	12	0.0	0	1.01	0	0	V0.2	0	0	176	245	183	240	197	240	206	233	223	227	235	217	245	204	257	182	269	166	276	144	276	128	275	107	276	103	270	90	279	141	284	174	234	254	297	287	368	242	489	428	612	473	614	543	673	622	884	822	1000	562	769	506	712	537	572	697	565	617	209	373	241	71	258	155	106	269	46	268	58	265	46	267	60	278	50	260	79	261	74	233	101	223	112	195	131
64	170	1	2	119	0	1953125	12	0.0	0	1.00	0	0	V0.2	0	0	254	195	257	188	270	194	274	190	283	194	287	188	287	191	294	175	291	178	290	167	274	175	267	176	246	194	236	195	228	250	224	279	157	355	219	376	299	302	415	490	550	541	549	602	609	671	843	895	1000	627	781	546	671	552	530	736	478	579	101	334	296	64	374	52	217	185	133	207	134	216	116	222	115	247	104	238	109	250	104	237	105	232	119	207	109
64	170	1	2	119	0	1953125	12	0.0	0	1.00	0	0	V0.2	0	0	43	68	42	67	39	66	36	68	36	65	34	69	39	69	49	84	61	86	70	98	69	98	83	113	87	115	103	137	126	159	165	168	153	195	247	317	213	349	329	532	472	567	473	631	562	701	774	1000	912	747	666	644	633	509	532	721	596	467	300	240	228	120	166	127	40	132	100	66	113	58	130	54	121	70	135	57	112	68	113	57	85	55	68	44	66
64	170	1	2	119	0	1953125	12	0.0	0	1.00	0	0	V0.2	0	0	69	45	74	41	66	46	64	44	60	53	58	59	55	68	51	88	58	98	53	115	51	118	47	141	46	145	57	174	71	200	119	220	92	252	207	366	208	362	355	547	508	573	535	626	619	689	860	986	1000	743	745	635	686	472	596	704	666	433	364	196	229	183	124	160	89	91	131	38	125	41	134	59	122	77	130	82	104	90	108	83	77	73	68	55	62
64	170	1	2	119	0	1953125	12	0.0	0	1.00	0	0	V0.2	0	0	29	76	26	75	25	71	22	72	25	69	29	71	35	69	52	77	67	80	81	86	83	89	97	95	107	101	120	115	147	137	190	149	178	170	276	299	237	335	348	528	489	567	491	647	581	709	758	1000	873	756	648	676	622	540	519	736	574	491	279	243	202	94	178	106	37	141	77	85	96	84	121	71	113	87	133	63	111	75	113	54	88	57	71	46	67
64	170	1	2	119	0	1953125	12	0.0	0	1.00	0	0	V0.2	0	0	25	76	22	78	22	73	19	73	24	72	29	72	38	70	55	77	70	78	85	83	89	86	103	92	113	96	127	111	155	131	199	144	187	168	285	291	244	329	355	526	497	564	494	647	584	707	756	1000	853	746	633	689	625	549	511	747	572	495	272	245	187	89	179	101	40	144	73	93	91	93	117	79	110	93	128	67	111	77	112	57	89	57	68	46	68
64	170	1	2	119	0	1953125	12	0.0	0	1.01	0	0	V0.2	0	0	206	252	218	244	230	240	248	231	263	223	277	211	284	199	297	179	302	162	309	146	304	138	295	137	286	149	273	158	269	222	255	257	193	335	229	397	325	362	444	576	571	627	569	707	623	785	843	1000	974	722	756	677	679	692	509	867	520	697	197	446	182	123	285	135	175	261	99	288	90	283	90	281	113	292	108	269	136	267	126	240	150	221	158	185	187
64	170	1	2	119	0	1953125	12	0.0	0	1.00	0	0	V0.2	0	0	273	202	277	197	286	203	293	200	299	208	305	204	303	207	309	198	303	201	300	196	285	203	271	211	249	225	233	231	221	288	212	321	141	390	189	434	278	363	400	574	539	616	540	693	596	755	827	992	1000	726	809	672	678	637	528	853	478	627	107	382	262	111	374	45	236	183	142	226	133	239	112	244	117	267	96	261	110	271	100	259	108	251	119	225	120
64	170	1	2	119	0	1953125	12	0.0	0	1.00	0	0	V0.2	0	0	261	192	264	188	276	195	279	188	287	196	292	192	291	197	295	185	292	188	292	180	276	187	265	192	246	207	230	210	221	270	217	296	149	373	205	408	285	344	410	536	542	587	552	656	607	722	837	949	1000	695	811	632	687	605	532	802	484	609	104	350	270	88	364	43	223	182	133	216	127	228	108	233	108	259	94	250	104	263	96	251	99	241	114	218	108
64	170	1	2	119	0	1953125	12	0.0	0	1.00	0	0	V0.2	0	0	25	75	22	75	23	69	18	73	24	69	31	70	35	66	53	77	67	78	82	83	86	86	99	91	110	97	124	113	152	134	194	143	180	166	276	293	241	332	352	524	494	564	491	638	577	704	756	1000	872	760	644	677	620	544	519	747	579	492	274	253	206	96	175	96	33	135	78	87	95	84	122	76	112	92	130	66	112	77	113	60	91	61	73	47	69
64	170	1	2	119	0	1953125	12	0.0	0	1.00	0	0	V0.2	0	0	28	78	24	76	24	72	21	73	25	70	32	71	36	69	54	80	67	81	85	87	87	88	101	94	110	100	121	115	149	138	193	148	183	175	276	296	239	336	352	529	494	569	490	640	575	706	757	1000	870	754	638	675	628	553	520	740	583	505	283	251	206	95	174	101	33	139	82	88	97	85	120	74	113	89	132	67	111	77	112	60	91	54	69	45	67
64	170	1	2	119	0	1953125	12	0.0	0	1.00	0	0	V0.2	0	0	47	69	46	67	42	67	41	67	39	67	37	70	41	71	47	84	58	91	69	103	68	106	82	119	84	125	101	148	121	169	164	186	155	213	249	333	208	355	331	553	486	582	488	652	589	715	793	1000	912	728	674	650	667	534	560	728	628	495	319	232	221	124	146	127	51	128	113	62	121	59	139	54	131	75	144	61	118	74	121	61	93	62	73	46	70
64	170	1	2	119	0	1953125	12	0.0	0	1.00	0	0	V0.2	0	0	23	76	21	78	22	72	18	73	22	69	31	71	36	68	55	77	68	76	83	83	86	85	99	89	111	96	125	113	153	130	195	143	185	170	280	289	242	328	349	523	494	556	484	638	576	700	754	1000	856	738	625	673	619	546	506	740	577	505	285	257	200	90	175	99	37	140	80	92	96	92	120	78	112	93	131	69	111	78	113	58	90	58	71	48	69
64	170	1	2	119	0	1953125	12	0.0	0	1.00	0	0	V0.2	0	0	37	72	37	72	36	69	32	71	32	68	33	71	40	70	49	82	63	84	75	96	77	97	89	106	97	115	111	132	138	152	179	166	169	192	263	316	225	350	337	535	481	571	482	644	574	712	772	1000	884	737	652	654	632	530	526	719	587	485	295	245	225	108	165	117	35	135	96	72	106	68	129	60	120	77	136	57	114	72	117	61	91	57	71	43	66
64	170	1	2	119	0	1953125	12	0.0	0	1.00	0	0	V0.2	0	0	50	66	51	65	47	63	44	65	45	66	40	69	44	73	49	88	59	93	66	104	65	108	77	123	81	129	94	151	115	176	157	191	146	218	241	337	210	364	332	550	484	585	493	651	583	713	800	1000	932	747	697	659	677	520	556	721	631	477	323	229	230	127	147	130	48	123	111	56	121	50	138	49	129	69	143	60	115	71	117	67	93	63	72	46	67
64	170	1	2	119	0	1953125	12	0.0	0	1.00	0	0	V0.2	0	0	28	75	25	75	26	70	22	71	26	68	31	70	37	70	53	78	67	80	80	86	85	88	97	96	107	102	121	116	150	138	188	150	175	170	273	299	242	338	347	528	489	563	489	644	574	704	760	1000	880	764	649	670	615	533	517	730	577	493	288	254	208	91	172	105	34	136	80	86	96	83	121	71	113	88	132	66	113	76	116	62	93	57	71	47	69
64	170	1	2	119	0	1953125	12	0.0	0	1.00	0	0	V0.2	0	0	29	73	28	76	28	71	24	72	27	69	32	72	37	68	54	81	67	82	81	87	85	90	98	96	105	102	120	118	147	138	186	148	176	172	270	300	237	335	343	525	491	564	488	644	578	710	763	1000	868	749	635	660	616	534	508	726	574	488	277	249	210	98	178	107	37	136	80	83	96	80	121	69	113	85	131	63	112	74	111	55	87	55	69	45	65
64	170	1	2	119	0	1953125	12	0.0	0	1.00	0	0	V0.2	0	0	23	76	20	78	21	73	16	76	22	70	28	71	37	70	56	76	71	79	84	82	88	82	106	89	114	92	129	109	156	129	198	137	186	162	283	285	242	320	353	521	497	554	490	639	576	699	751	1000	847	750	626	677	608	546	512	756	580	503	285	261	187	83	179	100	43	146	74	96	92	96	114	83	112	96	128	72	111	80	113	61	95	62	69	47	68
64	170	1	2	119	0	1953125	12	0.0	0	1.00	0	0	V0.2	0	0	23	76	20	78	21	73	16	76	22	70	28	71	37	70	56	76	71	79	84	82	88	82	106	89	114	92	129	109	156	129	198	137	186	162	283	285	242	320	353	521	497	554	490	639	576	699	751	1000	847	750	626	677	608	546	512	756	580	503	285	261	187	83	179	100	43	146	74	96	92	96	114	83	112	96	128	72	111	80	113	61	95	62	69	47	68
64	170	1	2	119	0	1953125	12	0.0	0	1.00	0	0	V0.2	0	0	18	77	17	77	17	71	13	74	19	69	29	70	37	67	57	73	69	75	87	77	90	78	105	82	115	87	130	100	160	121	199	131	189	156	284	275	248	315	357	517	503	554	493	634	580	699	750	1000	848	757	628	680	602	547	512	759	570	488	268	258	196	93	187	90	40	138	64	96	85	94	109	83	105	97	125	72	108	80	112	63	90	58	68	47	67
64	170	1	2	119	0	1953125	12	0.0	0	1.00	0	0	V0.2	0	0	49	66	50	65	45	62	42	63	41	65	37	69	40	71	48	87	59	91	67	103	64	106	79	121	82	126	94	148	116	173	161	186	150	215	242	333	206	358	334	553	489	585	491	652	591	723	797	1000	919	743	692	647	658	518	564	731	633	468	313	233	235	131	149	126	43	120	110	56	120	51	139	49	128	69	140	60	116	72	119	67	91	61	72	46	66
64	170	1	2	119	0	1953125	12	0.0	0	1.00	0	0	V0.2	0	0	233	188	237	182	249	184	256	177	267	176	273	172	274	167	283	151	285	148	286	138	271	137	269	136	255	147	248	147	249	192	260	221	202	300	275	301	334	231	453	400	588	442	589	502	655	571	867	779	1000	546	791	471	709	470	583	642	533	530	149	280	306	8	330	100	172	197	122	189	134	201	128	202	121	228	120	216	120	230	123	216	119	211	124	193	108
64	170	1	2	119	0	1953125	12	0.0	0	1.00	0	0	V0.2	0	0	225	189	232	182	244	182	249	178	262	176	267	169	271	165	277	148	281	143	280	132	270	132	264	127	253	136	247	133	252	176	267	207	208	282	288	278	345	207	458	371	587	410	595	473	660	539	874	753	999	518	776	438	715	438	590	607	540	509	164	263	312	19	321	111	162	196	125	181	140	190	134	195	126	220	127	208	127	219	131	207	126	202	132	187	109
64	170	1	2	119	0	1953125	12	0.0	0	1.00	0	0	V0.2	0	0	30	76	31	75	30	73	25	74	27	71	33	73	38	72	55	81	67	83	82	93	85	92	98	102	105	104	117	124	144	143	185	161	174	180	269	307	237	343	345	531	488	566	484	650	581	711	765	1000	882	743	635	665	645	555	531	736	587	508	296	254	200	85	163	112	42	144	89	87	104	85	129	72	121	89	137	66	116	79	116	64	95	61	73	46	71
64	170	1	2	119	0	1953125	12	0.0	0	1.00	0	0	V0.2	0	0	22	81	21	80	21	77	18	75	23	73	31	73	41	71	58	79	72	79	87	87	95	87	108	92	119	97	131	113	160	132	204	146	190	167	290	294	252	332	360	527	498	558	495	650	589	707	759	1000	858	747	617	680	625	563	522	762	596	536	301	265	166	59	161	99	50	157	80	107	97	105	123	90	120	106	135	78	116	84	116	65	96	64	72	50	70
64	170	1	2	119	0	1953125	12	0.0	0	1.00	0	0	V0.2	0	0	38	71	36	71	35	68	33	68	31	69	34	69	37	69	49	81	62	85	73	95	74	97	88	110	96	115	111	132	135	156	175	167	163	192	258	321	224	352	340	547	489	583	495	655	583	717	776	999	894	757	673	661	641	536	547	723	596	485	285	230	213	109	162	119	32	133	95	71	108	68	131	57	122	76	139	59	117	73	118	61	95	60	76	49	69
64	170	1	2	119	0	1953125	12	0.0	0	1.00	0	0	V0.2	0	0	260	196	268	191	275	196	281	193	290	198	294	193	295	195	299	182	298	181	296	176	282	180	270	185	254	198	241	203	235	257	232	289	164	362	224	385	302	319	424	512	563	556	564	632	632	699	857	912	1000	646	797	592	704	585	569	773	485	594	88	336	285	60	368	61	214	194	137	212	131	228	115	228	112	260	100	246	108	261	102	250	106	240	119	217	109
64	170	1	2	119	0	1953125	12	0.0	0	1.00	0	0	V0.2	0	0	3	78	7	81	9	73	17	75	24	68	37	66	44	61	66	64	79	64	97	60	105	62	119	58	133	61	143	71	177	91	215	102	201	129	301	240	288	283	397	472	530	514	529	607	610	676	770	1000	841	762	598	697	590	558	491	766	549	486	265	281	158	96	194	50	72	129	34	116	57	118	79	108	81	118	100	96	92	95	95	77	81	64	60	54	61
64	170	1	2	119	0	1953125	12	0.0	0	1.00	0	0	V0.2	0	0	43	68	38	72	41	66	35	67	33	68	39	70	36	73	52	80	62	91	71	95	75	106	83	108	95	118	104	135	132	158	171	176	160	192	254	323	223	348	335	544	478	569	484	645	569	699	774	1000	896	741	669	655	646	533	557	730	606	493	305	242	212	97	153	119	38	128	99	68	115	65	131	57	127	75	136	60	119	71	113	62	95	58	68	48	69
64	170	1	2	119	0	1953125	12	0.0	0	1.00	0	0	V0.2	0	0	20	76	16	78	17	71	15	73	20	68	30	70	37	66	54	72	70	74	84	77	90	79	102	83	114	90	126	102	157	121	195	134	184	151	279	282	252	316	352	509	490	544	487	624	569	690	748	1000	866	766	626	669	595	541	508	743	564	496	286	278	197	84	177	87	41	138	72	98	89	94	113	79	108	96	127	71	106	78	111	62	90	60	68	46	68
64	170	1	2	119	0	1953125	12	0.0	0	1.00	0	0	V0.2	0	0	238	190	245	182	257	184	264	178	274	179	279	174	281	173	286	160	287	155	287	148	271	150	266	149	254	163	243	166	241	216	246	243	183	319	254	336	322	262	440	442	575	484	582	545	638	615	860	829	1000	585	799	508	693	511	568	674	504	558	126	302	298	27	346	77	195	191	126	194	131	206	122	207	115	235	110	224	113	237	113	226	109	216	119	199	103
64	170	1	2	119	0	1953125	12	0.0	0	1.00	0	0	V0.2	0	0	6	78	10	81	7	73	17	74	22	66	39	66	45	61	66	63	81	64	98	59	107	59	120	56	133	60	146	68	180	90	220	101	202	130	308	240	290	278	402	473	537	513	534	609	616	675	769	1000	837	760	600	713	603	574	502	783	550	491	274	282	148	91	193	49	74	136	35	120	55	121	80	112	83	127	104	102	94	101	97	76	85	69	64	58	64
64	170	1	2	119	0	1953125	12	0.0	0	1.00	0	0	V0.2	0	0	42	69	42	70	37	65	35	67	35	67	36	69	37	68	48	84	60	87	70	98	71	101	84	113	89	120	105	139	127	159	167	170	157	202	253	325	218	356	336	542	484	583	493	653	585	715	785	1000	897	739	666	645	650	543	558	721	602	477	299	237	235	121	160	120	35	126	103	63	112	59	134	54	125	74	140	58	114	73	117	57	91	60	72	45	67
64	170	1	2	119	0	1953125	12	0.0	0	1.00	0	0	V0.2	0	0	14	77	11	80	14	73	12	76	20	69	32	69	38	66	58	74	73	74	90	75	96	75	108	76	120	82	133	94	164	112	201	121	195	151	294	272	264	312	365	498	504	541	496	622	586	692	755	1000	844	747	607	680	603	559	506	752	545	482	264	270	194	92	192	79	49	136	59	102	78	98	102	87	99	103	118	78	104	83	106	60	84	59	66	48	63
64	170	1	2	119	0	1953125	12	0.0	0	1.00	0	0	V0.2	0	0	26	72	18	81	22	72	17	74	20	71	34	68	35	71	57	76	69	80	83	81	93	87	99	84	113	93	124	108	156	126	193	141	182	162	282	290	244	321	352	516	485	543	484	631	567	689	753	1000	848	730	613	664	600	543	513	737	558	504	292	263	191	81	181	101	46	143	73	95	93	90	112	81	113	93	125	70	112	76	110	62	95	56	68	49	67
64	170	1	2	119	0	1953125	12	0.0	0	1.00	0	0	V0.2	0	0	29	72	34	76	28	67	39	69	38	62	53	58	56	55	75	54	91	58	105	51	117	52	121	51	143	52	152	63	188	88	222	108	205	143	317	230	317	241	433	448	574	480	569	578	651	651	815	1000	879	766	607	722	599	557	505	803	595	503	339	299	105	115	187	37	116	127	51	138	43	138	59	131	66	146	84	120	76	117	85	98	75	79	59	66	64
64	170	1	2	119	0	1953125	12	0.0	0	1.00	0	0	V0.2	0	0	233	188	237	182	250	184	255	178	266	176	274	170	278	166	285	152	285	148	282	140	272	138	268	134	255	145	247	146	249	189	259	220	202	295	273	299	338	230	452	396	587	446	596	505	661	574	874	781	1000	541	792	476	718	479	591	636	524	521	142	274	314	13	334	93	174	194	126	187	139	195	133	199	124	225	121	214	123	228	123	215	122	210	128	192	109
64	170	1	2	119	0	1953125	12	0.0	0	1.00	0	0	V0.2	0	0	40	71	41	70	38	67	34	69	35	67	35	71	38	71	50	85	63	87	75	99	75	101	87	113	92	118	108	139	131	160	173	174	160	199	255	323	220	353	335	541	480	575	486	652	587	713	778	1000	893	729	658	659	665	552	556	733	609	494	303	239	216	105	154	119	41	131	105	70	115	67	136	60	128	78	142	62	116	72	120	63	94	61	73	47	71
64	170	1	2	119	0	1953125	12	0.0	0	1.00	0	0	V0.2	0	0	41	72	40	70	36	70	35	71	34	69	33	70	37	72	50	84	64	87	73	96	75	100	87	112	92	116	107	139	132	160	172	175	163	203	262	324	216	349	335	544	481	582	491	655	583	717	782	999	893	735	663	658	647	538	552	738	620	500	308	238	214	108	157	124	44	138	105	72	116	67	137	60	128	78	144	61	119	74	121	59	93	59	75	48	70
64	170	1	2	119	0	1953125	12	0.0	0	1.00	0	0	V0.2	0	0	12	77	8	79	13	72	9	75	19	70	31	69	37	64	58	70	72	71	87	73	95	72	107	73	122	77	132	91	166	110	205	120	194	142	295	268	264	305	366	503	509	544	503	624	586	694	753	1000	851	770	620	690	598	555	506	764	566	499	272	275	187	89	189	80	50	140	59	105	79	101	106	90	101	105	122	80	105	85	110	65	87	58	68	53	67
64	170	1	2	119	0	1953125	12	0.0	0	1.00	0	0	V0.2	0	0	228	173	221	179	226	191	222	198	224	212	219	214	211	230	205	227	194	238	187	231	171	238	150	243	125	250	106	258	70	293	27	305	62	335	85	416	51	401	147	582	279	620	277	686	349	747	522	999	631	775	454	716	381	604	290	795	356	439	243	329	70	250	255	153	220	90	153	169	135	177	131	177	146	183	143	186	146	188	143	185	140	180	136	157	147
64	170	1	2	119	0	1953125	12	0.0	0	1.00	0	0	V0.2	0	0	240	177	235	181	244	192	241	194	242	209	242	210	233	224	233	219	223	230	216	223	200	234	181	239	154	251	134	257	104	297	66	316	33	357	51	426	105	397	188	582	314	617	302	691	376	752	575	1000	698	741	505	700	438	628	323	817	343	496	214	346	119	206	301	108	235	105	150	190	132	193	122	195	135	209	124	209	133	214	126	208	125	201	129	175	138
64	170	1	2	119	0	1953125	12	0.0	0	1.01	0	0	V0.2	0	0	204	215	217	206	229	202	243	196	252	188	265	181	267	174	275	162	275	155	275	149	271	150	254	161	243	177	219	196	206	247	175	280	122	335	127	415	220	399	306	587	418	627	411	705	468	779	668	1000	782	730	567	693	519	680	383	854	434	632	246	423	71	156	257	101	215	202	155	242	142	229	148	226	167	229	162	213	175	205	167	187	178	167	179	131	199
64	170	1	2	119	0	1953125	12	0.0	0	1.00	0	0	V0.2	0	0	36	70	44	75	36	63	47	68	46	57	58	55	59	52	77	51	91	60	107	52	117	57	124	55	139	60	145	68	184	99	217	120	200	161	313	239	327	238	447	447	600	484	594	572	677	651	842	1000	909	778	630	714	615	556	523	794	594	472	329	292	127	163	189	58	122	102	57	128	40	132	52	131	57	142	72	123	68	119	74	99	69	82	53	67	58
64	170	1	2	119	0	1953125	12	0.0	0	1.00	0	0	V0.2	0	0	232	171	228	175	232	188	231	189	233	202	232	204	224	218	223	214	213	226	206	219	189	228	170	234	147	244	125	249	96	289	59	305	35	348	56	421	95	400	183	575	305	615	305	678	366	750	565	1000	702	776	517	690	412	609	314	789	329	479	209	344	109	232	281	129	227	98	146	182	123	191	114	194	130	203	121	201	128	207	122	204	122	195	124	170	134
64	170	1	2	119	0	1953125	12	0.0	0	1.00	0	0	V0.2	0	0	7	78	11	80	7	71	19	74	24	64	38	64	44	61	67	61	82	62	97	56	107	59	120	55	134	55	143	69	178	86	216	101	203	131	310	241	294	272	400	464	531	504	528	599	614	672	775	1000	846	759	584	688	579	555	491	774	550	489	279	285	154	103	195	53	81	133	35	121	53	121	76	111	78	123	98	99	90	99	95	79	80	66	61	57	62
64	170	1	2	119	0	1953125	12	0.0	0	1.00	0	0	V0.2	0	0	33	73	40	76	34	66	44	69	43	60	57	56	59	53	80	55	94	61	106	52	117	55	125	55	142	56	150	70	187	97	222	118	204	155	316	236	322	234	441	445	586	479	586	578	669	651	833	1000	896	771	617	715	612	558	521	802	600	486	328	295	116	139	185	42	119	112	54	135	43	135	53	130	60	145	77	122	73	121	80	97	69	80	56	67	59
64	170	1	2	119	0	1953125	12	0.0	0	1.00	0	0	V0.2	0	0	7	77	12	80	11	72	19	72	22	64	41	65	43	57	69	61	81	63	99	57	105	60	118	54	132	59	142	66	178	89	212	98	203	130	304	238	291	271	397	469	544	516	532	605	617	683	772	1000	844	770	597	701	594	570	490	773	549	480	265	286	168	113	199	48	72	124	31	116	56	117	79	108	79	123	99	98	91	100	96	79	82	67	62	54	63
64	170	1	2	119	0	1953125	12	0.0	0	1.00	0	0	V0.2	0	0	248	177	246	178	254	189	252	192	255	203	257	204	251	218	249	214	239	225	234	216	218	228	200	233	175	245	154	251	130	300	96	322	38	371	67	431	138	396	235	590	358	630	358	713	431	772	630	1000	754	742	567	702	491	646	368	835	372	546	174	364	151	190	309	92	226	128	142	199	123	206	110	213	122	226	110	223	121	229	111	223	116	214	120	188	132
64	170	1	2	119	0	1953125	12	0.0	0	1.00	0	0	V0.2	0	0	7	77	11	81	10	74	20	76	23	67	41	66	46	60	69	62	82	63	99	57	109	59	119	53	137	57	145	65	180	88	218	99	207	131	309	237	295	270	399	466	543	509	534	608	625	680	777	1000	839	746	579	699	603	575	496	781	562	504	287	287	151	100	193	49	76	133	36	123	53	121	79	115	80	128	101	104	92	104	97	82	81	69	62	57	63
64	170	1	2	119	0	1953125	12	0.0	0	1.00	0	0	V0.2	0	0	12	76	18	80	13	70	25	75	30	64	41	63	48	60	71	60	82	62	100	54	108	56	120	50	137	54	144	61	181	85	217	96	204	131	310	233	301	268	409	459	550	504	545	601	629	673	786	1000	851	754	576	690	597	576	492	775	564	506	296	291	154	113	197	43	83	129	34	125	50	125	72	117	75	129	94	107	86	104	93	84	80	70	62	59	63
64	170	1	2	119	0	1953125	12	0.0	0	1.00	0	0	V0.2	0	0	8	80	6	80	9	74	12	76	20	71	34	68	40	65	62	70	76	72	91	71	97	73	112	72	125	75	135	87	168	105	207	117	198	144	298	264	270	298	367	489	509	527	498	620	590	688	754	1000	839	742	584	672	595	563	497	762	564	512	285	280	174	80	188	77	55	143	57	110	75	108	100	98	98	108	115	84	102	88	104	68	90	61	66	51	67
64	170	1	2	119	0	1953125	12	0.0	0	1.00	0	0	V0.2	0	0	5	79	2	80	7	74	11	75	18	68	34	68	41	63	62	65	75	67	95	66	100	67	114	65	126	69	136	79	170	99	209	108	197	134	298	254	276	288	374	484	517	525	508	614	595	684	760	1000	846	760	592	684	587	561	492	765	560	507	281	282	175	91	193	67	63	138	48	111	69	110	94	100	92	112	113	88	97	90	103	72	88	63	65	53	66
64	170	1	2	119	0	1953125	12	0.0	0	1.00	0	0	V0.2	0	0	234	174	228	177	237	188	234	194	235	206	236	208	227	220	226	217	215	227	210	221	192	230	171	235	149	245	127	252	97	292	61	312	35	350	57	424	93	393	184	578	306	611	304	686	367	748	567	1000	701	765	519	691	416	608	314	808	357	504	215	348	108	218	284	119	226	104	146	184	126	192	113	195	131	206	121	205	128	211	119	204	123	199	126	171	136
64	170	1	2	119	0	1953125	12	0.0	0	1.00	0	0	V0.2	0	0	4	77	4	80	6	74	11	75	18	69	34	67	41	62	62	67	77	66	93	65	100	64	112	64	128	69	140	77	172	98	211	110	200	136	302	253	274	287	375	479	513	521	505	616	601	685	754	1000	829	735	570	676	593	567	494	764	561	509	286	282	173	87	194	69	63	140	48	112	67	110	94	102	93	116	112	89	97	92	105	69	84	63	66	52	65
64	170	1	2	119	0	1953125	12	0.0	0	1.00	0	0	V0.2	0	0	4	77	4	80	6	74	11	75	18	69	34	67	41	62	62	67	77	66	93	65	100	64	112	64	128	69	140	77	172	98	211	110	200	136	302	253	274	287	375	479	513	521	505	616	601	685	754	1000	829	735	570	676	593	567	494	764	561	509	286	282	173	87	194	69	63	140	48	112	67	110	94	102	93	116	112	89	97	92	105	69	84	63	66	52	65
64	170	1	2	119	0	1953125	12	0.0	0	1.00	0	0	V0.2	0	0	8	78	13	80	8	71	19	72	23	65	38	63	42	59	68	61	80	60	98	56	105	56	118	52	135	55	145	64	177	86	215	96	205	130	309	235	293	266	393	461	539	505	524	598	616	673	769	1000	835	746	563	684	587	562	475	763	547	499	295	288	160	106	205	57	82	135	33	119	52	119	76	112	75	123	96	99	88	99	94	78	80	68	60	56	63
64	170	1	2	119	0	1953125	12	0.0	0	1.01	0	0	V0.2	0	0	200	231	215	221	228	218	242	209	253	201	269	192	271	180	281	165	285	152	290	141	286	139	270	148	260	159	243	178	231	233	206	269	152	334	169	406	262	384	355	579	478	629	476	712	538	791	747	1000	853	719	633	678	588	685	437	843	451	648	205	428	134	144	271	113	191	223	125	258	114	248	122	245	141	252	139	232	155	227	146	209	163	186	166	154	188
64	170	1	2	119	0	1953125	12	0.0	0	1.00	0	0	V0.2	0	0	5	78	5	81	4	74	9	74	16	69	33	66	39	63	63	66	77	65	93	64	100	66	115	63	128	67	138	78	173	98	214	111	207	138	306	252	278	288	381	484	522	526	513	623	607	698	759	1000	828	745	585	692	601	561	480	768	567	507	279	284	180	90	195	70	59	139	47	116	69	112	94	105	94	116	113	92	99	92	105	72	86	63	69	56	67
64	170	1	2	119	0	1953125	12	0.0	0	1.01	0	0	V0.2	0	0	203	206	218	198	225	196	241	189	249	181	264	174	262	172	269	160	267	157	267	154	260	158	243	170	229	185	207	203	190	253	152	287	100	338	101	419	186	406	270	593	383	634	382	718	451	792	640	999	733	740	536	709	492	675	358	847	427	599	230	411	72	174	247	100	210	182	162	224	149	214	158	211	172	213	172	199	183	191	177	174	181	153	181	124	199
64	170	1	2	119	0	1953125	12	0.0	0	1.00	0	0	V0.2	0	0	12	77	8	82	12	73	8	76	18	68	31	70	38	64	60	71	73	70	90	71	97	72	113	73	124	78	135	88	168	112	210	120	203	149	298	267	270	304	373	498	513	543	504	633	601	710	759	1000	838	753	606	689	604	563	501	767	573	505	275	274	190	89	187	77	47	138	56	105	81	104	103	94	99	104	119	83	104	87	109	65	89	60	67	50	67
64	170	1	2	119	0	1953125	12	0.0	0	1.00	0	0	V0.2	0	0	25	74	28	78	23	70	33	69	34	61	48	58	52	53	73	56	86	57	102	49	111	51	123	46	137	50	144	57	182	85	217	99	207	144	316	229	317	246	423	439	571	490	563	584	655	675	812	1000	861	766	592	701	601	560	484	777	563	468	281	285	152	145	206	47	100	116	33	128	38	126	56	123	58	132	79	114	75	108	82	91	73	73	55	61	58
64	170	1	2	119	0	1953125	12	0.0	0	1.01	0	0	V0.2	0	0	203	204	215	194	226	192	240	186	249	178	261	173	259	167	266	162	262	158	263	154	257	157	240	173	224	185	200	204	184	253	146	287	99	332	94	419	181	405	267	594	384	632	381	714	446	784	624	999	736	749	527	705	480	662	354	842	426	600	248	407	52	170	240	99	214	177	166	222	152	214	160	207	178	209	174	195	184	186	177	171	183	152	182	119	199
64	170	1	2	119	0	1953125	12	0.0	0	1.01	0	0	V0.2	0	0	203	204	215	194	226	192	240	186	249	178	261	173	259	167	266	162	262	158	263	154	257	157	240	173	224	185	200	204	184	253	146	287	99	332	94	419	181	405	267	594	384	632	381	714	446	784	624	999	736	749	527	705	480	662	354	842	426	600	248	407	52	170	240	99	214	177	166	222	152	214	160	207	178	209	174	195	184	186	177	171	183	152	182	119	199
64	170	1	2	119	0	1953125	12	0.0	0	1.00	0	0	V0.2	0	0	245	176	241	177	249	190	248	191	251	202	250	202	245	213	245	210	235	219	230	214	213	222	197	229	172	240	152	248	126	294	95	317	39	367	68	434	142	399	236	586	362	633	368	704	429	770	632	1000	769	755	586	683	479	629	372	822	363	532	162	356	166	203	315	100	229	121	140	196	120	206	104	211	120	223	105	222	115	230	106	222	112	212	119	184	128
64	170	1	2	119	0	1953125	12	0.0	0	1.00	0	0	V0.2	0	0	228	175	224	179	228	191	226	195	227	211	223	213	215	228	213	225	198	237	192	230	176	240	155	244	130	253	110	256	76	292	33	310	54	340	77	419	55	400	147	574	274	612	271	680	349	752	530	1000	645	767	449	709	394	617	291	799	363	472	252	338	67	235	260	141	222	98	149	177	132	182	127	181	146	190	139	190	146	192	139	189	136	184	137	160	147
64	170	1	2	119	0	1953125	12	0.0	0	1.00	0	0	V0.2	0	0	249	179	249	180	254	190	256	191	260	202	262	204	256	214	258	207	249	216	245	209	229	220	210	227	187	239	165	248	145	293	115	322	58	374	89	438	170	390	256	579	386	618	388	699	451	767	663	1000	816	741	608	661	504	630	392	819	372	565	167	367	173	180	327	71	236	135	141	201	123	214	103	215	119	234	102	229	113	237	102	228	109	221	116	193	125
64	170	1	2	119	0	1953125	12	0.0	0	1.00	0	0	V0.2	0	0	0	79	1	81	4	73	12	75	19	68	35	69	42	64	63	64	77	66	95	63	105	66	117	62	133	67	144	76	175	94	214	109	205	139	310	255	284	286	387	483	529	529	524	624	617	694	766	1000	837	752	584	695	600	577	505	780	565	512	281	276	160	87	193	66	67	139	46	115	64	118	91	107	89	119	109	92	96	94	101	71	89	67	64	55	66
64	170	1	2	119	0	1953125	12	0.0	0	1.00	0	0	V0.2	0	0	17	76	24	81	18	70	29	74	31	65	46	63	52	58	72	59	89	62	105	54	115	55	123	49	142	53	152	62	188	84	222	102	212	140	323	237	309	252	421	459	567	500	560	601	650	676	797	1000	845	746	576	706	599	574	501	795	583	513	312	290	128	107	199	45	99	136	38	130	41	131	64	126	69	139	90	113	82	111	88	88	76	75	61	64	63
64	170	1	2	119	0	1953125	12	0.0	0	1.00	0	0	V0.2	0	0	2	79	6	80	4	72	14	74	20	68	36	66	42	62	66	63	79	66	98	62	104	63	116	59	130	64	142	73	178	94	215	107	208	137	308	248	284	277	386	478	534	528	524	617	618	698	767	1000	832	751	584	702	601	572	494	779	572	508	282	287	167	94	196	58	64	137	43	116	63	117	88	107	87	121	109	94	96	96	100	77	88	65	66	56	65
64	170	1	2	119	0	1953125	12	0.0	0	1.00	0	0	V0.2	0	0	246	180	242	181	252	190	250	193	255	204	256	203	249	217	250	211	239	221	235	215	216	224	200	230	175	243	154	247	131	294	100	317	41	373	68	431	142	392	229	576	360	626	353	696	426	772	634	1000	768	737	574	681	482	632	351	816	364	536	168	365	166	193	324	86	229	126	141	200	121	203	108	210	121	226	107	223	116	228	106	223	109	216	119	187	127
64	170	1	2	119	0	1953125	12	0.0	0	1.01	0	0	V0.2	0	0	203	185	216	178	223	174	237	169	242	166	253	164	248	165	252	161	246	161	244	165	235	169	216	187	196	197	171	221	146	260	101	289	62	323	55	420	125	415	209	591	321	625	320	705	393	773	569	1000	659	750	448	704	418	644	310	815	417	542	290	376	11	186	223	90	224	135	188	185	173	175	184	170	197	167	196	156	200	149	192	137	193	121	188	93	197
64	170	1	2	119	0	1953125	12	0.0	0	1.00	0	0	V0.2	0	0	20	74	20	74	21	70	16	71	22	68	27	70	35	64	52	74	66	77	84	82	85	82	100	88	109	93	122	107	154	128	191	140	186	165	281	285	243	314	339	506	486	549	479	625	578	709	752	1000	864	750	613	652	600	537	504	744	589	496	283	272	210	95	180	92	30	135	78	91	95	90	118	78	111	90	131	69	110	77	113	62	90	58	71	47	68
64	170	1	2	119	0	1953125	12	0.0	0	1.00	0	0	V0.2	0	0	242	173	239	173	249	182	247	184	252	196	252	196	247	209	247	205	238	212	233	205	218	215	201	221	176	237	159	240	133	291	108	309	48	363	74	427	153	394	248	567	366	619	367	686	437	764	647	1000	796	764	600	677	504	619	382	821	375	531	147	367	159	204	309	94	220	126	135	198	114	208	100	210	112	227	101	222	107	231	99	226	104	215	112	189	121
64	170	1	2	119	0	1953125	12	0.0	0	1.00	0	0	V0.2	0	0	7	76	5	83	10	73	13	78	22	74	34	73	41	74	62	78	69	83	85	85	84	90	97	91	108	103	115	113	146	145	177	163	183	193	266	316	226	331	318	514	463	564	473	634	571	707	772	1000	916	759	666	641	630	504	546	712	577	436	260	207	246	146	205	155	35	104	69	21	90	20	109	17	99	43	112	41	99	59	98	61	86	59	61	43	56
64	170	1	2	119	0	1953125	12	0.0	0	1.00	0	0	V0.2	0	0	247	191	252	184	264	190	269	183	280	185	285	179	288	179	293	164	291	162	292	155	279	156	270	159	256	172	245	175	245	223	245	257	187	334	254	350	320	276	430	455	571	506	580	575	657	653	872	845	1000	579	768	521	717	546	583	700	514	585	137	315	297	30	350	78	192	197	128	202	131	215	120	216	112	243	108	233	110	248	111	233	114	226	121	204	108
64	170	1	2	119	0	1953125	12	0.0	0	1.01	0	0	V0.2	0	0	164	241	174	241	178	242	192	239	204	233	217	226	226	211	241	194	253	175	259	156	264	135	265	110	269	92	272	68	289	90	301	126	263	203	337	227	400	180	516	360	649	409	657	484	729	555	918	750	1000	488	756	455	764	489	635	631	615	587	269	323	258	78	218	176	58	277	65	255	76	261	71	261	58	279	62	256	68	260	74	236	82	224	98	207	100
64	170	1	2	119	0	1953125	12	0.0	0	1.01	0	0	V0.2	0	0	203	199	217	189	226	188	240	181	247	174	259	170	258	166	264	160	261	157	258	155	253	158	234	175	220	187	194	210	176	254	135	285	90	333	85	418	166	407	254	599	370	641	366	719	431	783	615	999	708	742	500	700	467	677	352	832	417	589	261	396	52	171	238	92	216	171	169	213	157	205	165	197	182	199	180	184	188	179	178	159	186	143	184	114	198
64	170	1	2	119	0	1953125	12	0.0	0	1.00	0	0	V0.2	0	0	51	66	53	65	47	64	46	65	46	70	42	69	44	73	48	88	60	94	66	106	66	112	76	126	81	135	96	156	117	179	156	194	153	230	244	343	205	356	332	559	498	609	511	673	617	737	810	1000	918	726	679	664	705	566	591	751	672	499	340	229	223	131	136	127	58	120	123	55	126	52	146	52	135	75	148	65	120	76	121	67	93	67	75	49	70
64	170	1	2	119	0	1953125	12	0.0	0	1.00	0	0	V0.2	0	0	48	67	51	66	45	65	45	66	41	66	40	70	43	73	49	88	59	91	68	105	68	110	79	124	85	127	97	153	118	173	159	191	155	225	248	339	206	353	333	552	492	595	499	662	606	734	808	999	907	719	667	655	687	552	576	739	658	502	341	235	224	120	136	122	56	125	120	58	124	55	145	55	132	73	147	66	119	75	121	65	93	61	73	48	69
64	170	1	2	119	0	1953125	12	0.0	0	1.00	0	0	V0.2	0	0	30	72	29	74	30	67	23	71	28	67	29	68	35	66	52	78	65	80	78	86	78	89	96	96	102	101	116	119	142	138	178	149	177	179	272	300	232	327	333	514	479	558	474	632	571	703	764	1000	871	732	616	644	615	540	517	734	592	494	307	270	223	95	170	104	30	134	89	82	103	76	125	67	116	85	133	64	111	75	114	58	90	60	70	46	67
64	170	1	2	119	0	1953125	12	0.0	0	1.00	0	0	V0.2	0	0	1	76	1	80	3	72	11	72	18	66	34	66	41	62	63	65	77	63	93	61	102	62	112	60	128	63	136	75	172	92	206	103	200	137	305	252	280	282	376	471	519	523	509	608	598	684	761	1000	839	753	573	668	573	557	476	751	544	489	280	287	183	102	198	65	64	135	43	113	66	109	89	99	87	115	108	89	93	91	100	71	84	64	64	51	63
64	170	1	2	119	0	1953125	12	0.0	0	1.00	0	0	V0.2	0	0	16	78	13	80	16	74	12	76	19	70	32	72	37	67	59	73	72	75	88	75	95	77	106	78	119	83	131	99	164	115	199	126	197	155	292	269	259	301	355	492	496	533	487	624	590	701	755	1000	835	730	582	670	604	559	488	755	573	500	288	278	179	72	176	82	43	147	66	104	85	100	106	91	104	104	122	78	106	83	109	62	90	60	69	49	65
64	170	1	2	119	0	1953125	12	0.0	0	1.00	0	0	V0.2	0	0	213	196	206	204	208	215	205	221	203	234	201	236	193	250	185	251	173	256	169	249	156	254	136	257	115	258	99	264	63	295	27	309	68	339	91	422	52	404	152	581	286	627	292	692	368	763	561	1000	692	770	512	687	425	614	320	796	352	501	177	353	137	202	296	96	217	117	133	193	109	199	97	205	108	217	91	219	101	223	88	219	95	211	99	188	110
64	170	1	2	119	0	1953125	12	0.0	0	1.00	0	0	V0.2	0	0	235	194	241	185	255	187	260	182	272	181	278	171	283	169	290	152	291	150	290	141	279	142	273	137	263	146	255	143	258	187	267	222	215	300	286	300	339	219	448	381	590	429	592	496	675	578	882	769	1000	512	760	448	716	470	587	638	566	550	183	296	299	21	323	117	163	214	122	193	139	205	131	205	124	232	125	218	123	234	128	217	124	213	132	196	111
64	170	1	2	119	0	1953125	12	0.0	0	1.00	0	0	V0.2	0	0	68	54	72	49	65	52	64	53	60	60	53	65	52	76	52	92	61	102	57	119	56	123	59	144	57	150	69	179	85	203	131	227	119	265	222	367	200	362	345	562	519	599	537	668	658	740	874	999	975	714	707	648	737	533	611	735	718	493	392	215	220	158	110	141	98	100	140	45	135	44	148	61	137	80	145	80	116	87	116	81	85	74	72	57	66
64	170	1	2	119	0	1953125	12	0.0	0	1.00	0	0	V0.2	0	0	23	77	22	78	23	73	19	75	23	70	29	70	36	67	55	78	70	79	84	83	88	88	104	92	114	98	127	115	154	132	196	148	194	172	284	289	242	320	344	521	500	565	492	653	597	719	761	1000	844	732	614	683	638	563	522	772	620	524	297	265	188	78	167	92	34	142	83	94	97	92	124	83	116	95	135	70	114	78	114	62	95	63	74	49	71
64	170	1	2	119	0	1953125	12	0.0	0	1.00	0	0	V0.2	0	0	71	52	74	49	67	53	65	53	62	60	55	65	54	74	52	94	61	100	56	119	56	126	60	146	55	150	67	177	83	206	131	228	120	265	219	370	200	365	349	568	523	610	546	677	658	742	872	1000	971	727	723	651	738	532	606	738	724	480	374	210	233	170	117	136	91	91	135	40	132	40	146	58	133	78	143	78	112	86	112	79	85	73	73	56	68
64	170	1	2	119	0	1953125	12	0.0	0	1.00	0	0	V0.2	0	0	2	81	11	83	7	73	18	77	24	67	40	69	44	62	68	65	81	65	98	59	108	61	122	58	138	62	146	70	181	91	221	107	216	139	313	242	289	272	399	479	552	529	538	626	636	697	773	1000	826	750	588	723	628	592	496	807	603	520	281	285	153	87	195	47	64	137	41	124	61	124	84	115	86	127	106	104	95	100	102	80	85	69	66	60	66
64	170	1	2	119	0	1953125	12	0.0	0	1.00	0	0	V0.2	0	0	24	76	21	78	20	72	17	74	22	67	30	71	37	68	55	74	68	78	85	82	87	82	103	88	112	92	125	110	154	127	194	141	191	167	283	284	243	316	342	503	481	545	477	633	580	710	756	1000	845	729	599	663	616	553	508	767	616	525	306	280	201	77	169	91	32	141	81	94	98	92	120	80	114	95	132	71	111	79	115	63	94	59	74	51	69
64	170	1	2	119	0	1953125	12	0.0	0	1.00	0	0	V0.2	0	0	260	193	265	187	276	194	278	189	289	194	293	191	293	192	300	180	296	183	294	175	279	182	268	187	250	200	235	205	228	258	224	291	157	367	214	397	292	322	397	513	542	556	541	633	611	717	844	932	1000	653	761	561	666	587	529	773	511	625	130	368	283	83	367	49	215	192	130	216	129	228	113	231	114	256	97	246	106	259	100	244	104	240	115	213	111
64	170	1	2	119	0	1953125	12	0.0	0	1.00	0	0	V0.2	0	0	263	196	262	192	276	196	281	191	291	199	294	192	296	195	301	181	299	186	297	176	282	184	272	187	251	202	239	203	231	257	227	289	160	367	219	392	295	321	404	510	549	564	551	633	626	715	857	927	1000	651	772	583	696	599	551	776	504	608	104	349	289	70	372	52	211	192	133	217	132	227	116	231	115	256	102	248	108	261	103	250	107	240	118	217	111
64	170	1	2	119	0	1953125	12	0.0	0	1.00	0	0	V0.2	0	0	28	75	24	75	25	71	21	72	23	66	30	70	35	67	55	78	66	79	82	87	82	87	99	94	106	97	118	117	148	135	188	151	184	176	274	291	233	320	330	506	472	544	466	625	573	706	757	1000	860	727	601	655	626	553	517	758	613	508	294	267	205	82	164	96	32	139	89	89	102	83	125	75	117	89	136	68	114	77	115	59	94	58	73	47	68
64	170	1	2	119	0	1953125	12	0.0	0	1.00	0	0	V0.2	0	0	256	184	257	180	268	190	266	190	273	199	276	196	273	206	276	198	268	207	265	199	250	208	234	214	212	230	192	235	175	290	157	317	90	379	126	429	212	383	310	574	444	623	450	697	521	774	740	1000	897	738	684	663	595	644	460	820	415	588	122	370	220	159	348	55	231	149	135	212	118	221	102	225	110	245	92	242	101	249	92	239	100	232	110	204	117
64	170	1	2	119	0	1953125	12	0.0	0	1.00	0	0	V0.2	0	0	19	77	20	77	20	73	17	74	23	70	30	70	38	70	57	75	69	76	85	80	89	83	103	88	115	92	128	109	156	126	198	140	190	161	280	282	248	313	344	504	489	547	482	637	589	708	757	1000	852	734	600	675	627	558	515	761	603	521	295	271	188	70	168	90	36	141	78	98	95	94	118	84	113	98	131	75	111	81	114	60	88	58	71	50	69
64	170	1	2	119	0	1953125	12	0.0	0	1.00	0	0	V0.2	0	0	16	78	15	79	15	73	11	75	20	70	32	70	38	65	59	73	72	76	88	77	94	78	109	79	118	84	130	100	163	116	202	128	194	153	289	273	256	302	353	494	497	541	490	626	587	698	751	1000	842	736	584	670	603	559	503	759	588	523	300	280	188	76	178	83	43	142	67	101	84	99	109	87	103	101	123	78	105	82	107	62	92	61	67	49	68
64	170	1	2	119	0	1953125	12	0.0	0	1.00	0	0	V0.2	0	0	22	76	19	77	21	72	17	72	20	69	30	69	37	67	55	75	68	76	84	80	88	83	102	86	113	90	124	105	153	125	191	136	189	161	281	281	244	311	342	505	493	557	491	637	585	712	756	1000	849	744	603	664	611	553	509	754	599	512	293	272	214	92	181	89	28	135	75	91	94	88	117	77	108	91	126	70	109	77	110	59	91	59	68	48	68
64	170	1	2	119	0	1953125	12	0.0	0	1.00	0	0	V0.2	0	0	256	183	254	185	262	193	263	194	270	205	268	206	262	217	265	212	257	218	254	214	236	221	218	228	197	241	176	248	157	298	127	322	62	381	91	433	172	381	261	576	393	621	389	700	464	774	675	1000	809	729	617	691	540	653	406	850	401	581	151	377	188	170	335	74	230	146	143	208	124	217	106	222	120	240	101	235	113	244	101	237	110	228	118	202	126
64	170	1	2	119	0	1953125	12	0.0	0	1.00	0	0	V0.2	0	0	5	79	2	83	7	74	11	77	20	70	34	69	41	64	64	67	75	68	95	68	101	69	115	67	129	71	142	80	174	100	212	112	204	138	301	251	276	283	375	479	517	525	510	617	601	694	761	1000	842	756	591	693	594	562	487	781	590	521	297	295	166	81	182	62	57	141	53	114	73	115	98	103	93	116	114	89	100	94	105	72	89	67	67	56	66
64	170	1	2	119	0	1953125	12	0.0	0	1.00	0	0	V0.2	0	0	231	189	239	184	250	186	258	181	267	179	271	172	276	168	282	153	284	148	284	140	273	138	268	137	255	147	247	147	251	192	258	223	203	300	271	303	330	225	445	395	587	441	595	504	666	583	868	781	1000	547	790	478	717	472	591	650	570	535	180	290	318	14	332	88	179	189	129	185	143	194	136	199	128	225	126	215	124	228	125	214	126	211	130	193	108
64	170	1	2	119	0	1953125	12	0.0	0	1.00	0	0	V0.2	0	0	240	192	246	183	259	184	266	179	275	180	281	175	283	173	292	158	290	157	290	148	275	151	271	150	254	165	247	164	242	215	251	244	188	325	256	334	319	267	436	438	569	494	586	553	657	637	874	833	1000	584	791	520	714	521	586	705	549	551	146	310	303	28	341	74	184	189	129	197	134	207	124	212	118	239	110	228	115	241	114	227	112	219	122	203	107
64	170	1	2	119	0	1953125	12	0.0	0	1.00	0	0	V0.2	0	0	236	189	241	181	254	184	260	179	271	180	275	174	279	170	287	156	287	152	288	142	275	143	267	143	256	156	246	156	248	201	254	233	199	308	267	318	330	242	437	411	576	455	582	520	656	601	864	800	1000	549	773	487	717	495	591	673	551	545	161	297	308	15	334	86	177	193	127	190	138	202	130	204	121	232	119	221	117	235	119	219	120	216	124	197	107
64	170	1	2	119	0	1953125	12	0.0	0	1.00	0	0	V0.2	0	0	256	184	258	183	268	193	268	191	273	202	274	200	270	211	274	202	269	207	263	203	249	211	232	219	209	233	191	240	173	288	147	317	84	381	120	429	204	375	295	564	430	612	427	690	503	777	729	1000	876	717	644	653	580	654	438	826	422	613	145	386	212	157	349	56	226	159	132	215	120	223	101	224	111	249	94	239	104	252	94	240	100	233	112	205	119
64	170	1	2	119	0	1953125	12	0.0	0	1.00	0	0	V0.2	0	0	32	76	30	75	31	73	26	73	29	71	33	73	39	70	53	84	68	83	80	91	83	95	100	100	101	105	119	128	145	144	184	157	178	182	271	302	228	328	333	516	473	556	478	641	582	717	769	1000	861	711	605	658	643	562	541	766	623	524	317	270	204	82	158	100	37	139	95	86	107	81	129	72	121	88	136	64	116	77	119	60	93	60	72	46	69
64	170	1	2	119	0	1953125	12	0.0	0	1.00	0	0	V0.2	0	0	15	74	23	77	16	68	26	71	30	63	45	61	49	56	68	54	84	61	100	52	110	55	123	49	135	51	144	61	182	82	215	98	202	132	311	231	300	247	405	448	544	490	546	587	631	665	790	1000	858	753	576	694	581	562	506	801	582	503	311	309	151	124	188	40	86	124	34	126	45	126	67	118	70	131	92	108	83	107	90	86	83	74	60	60	62
64	170	1	2	119	0	1953125	12	0.0	0	1.00	0	0	V0.2	0	0	275	204	276	197	290	199	296	198	305	201	307	200	308	201	312	190	311	193	308	186	292	193	280	196	260	212	245	215	239	273	231	308	160	386	218	411	288	339	411	535	552	587	559	670	641	751	872	959	1000	651	776	633	725	644	570	840	535	645	131	378	272	68	368	66	211	207	132	230	133	240	114	245	114	269	98	259	107	271	103	258	105	251	120	224	115
64	170	1	2	119	0	1953125	12	0.0	0	1.00	0	0	V0.2	0	0	41	71	43	69	41	67	36	67	35	67	37	69	37	70	49	85	62	88	71	98	70	103	84	115	89	120	104	141	127	163	169	178	165	208	256	324	213	344	328	537	480	581	488	660	599	729	787	1000	893	718	651	659	673	556	561	750	649	505	336	252	228	107	146	110	39	124	110	68	117	61	140	58	128	75	143	62	116	71	118	63	94	62	73	48	70
64	170	1	2	119	0	1953125	12	0.0	0	1.00	0	0	V0.2	0	0	223	193	231	186	244	186	251	181	263	179	267	172	273	165	280	150	282	143	282	133	271	129	266	121	259	129	252	128	260	165	272	197	221	280	299	275	345	188	454	343	592	388	599	450	672	529	875	734	1000	494	763	423	706	414	587	596	588	511	213	274	307	34	309	130	153	208	121	181	140	191	140	191	132	219	134	205	130	217	138	203	131	198	135	184	112
64	170	1	2	119	0	1953125	12	0.0	0	1.00	0	0	V0.2	0	0	223	193	231	186	244	186	251	181	263	179	267	172	273	165	280	150	282	143	282	133	271	129	266	121	259	129	252	128	260	165	272	197	221	280	299	275	345	188	454	343	592	388	599	450	672	529	875	734	1000	494	763	423	706	414	587	596	588	511	213	274	307	34	309	130	153	208	121	181	140	191	140	191	132	219	134	205	130	217	138	203	131	198	135	184	112
64	170	1	2	119	0	1953125	12	0.0	0	1.00	0	0	V0.2	0	0	255	184	253	183	262	194	261	197	267	206	268	206	263	218	262	210	255	218	252	213	233	222	216	230	194	241	176	248	153	298	125	323	61	382	88	436	162	385	259	577	396	622	387	699	463	774	673	1000	809	734	616	687	534	636	389	833	401	578	150	372	184	165	337	73	230	145	142	205	125	218	107	221	117	240	102	236	114	244	101	236	111	227	117	200	127
64	170	1	2	119	0	1953125	12	0.0	0	1.00	0	0	V0.2	0	0	11	77	9	78	11	71	11	75	20	70	31	69	38	64	59	71	72	72	91	73	98	75	111	75	124	77	132	89	166	110	205	123	203	149	292	260	262	296	362	497	514	543	501	633	603	707	750	1000	841	756	611	713	633	574	508	790	602	499	272	272	182	80	182	65	35	130	60	104	82	102	106	93	103	106	122	83	105	85	109	68	94	61	69	52	66
64	170	1	2	119	0	1953125	12	0.0	0	1.00	0	0	V0.2	0	0	11	77	1	84	11	75	12	78	17	76	35	73	39	76	61	76	71	85	83	79	86	92	98	92	110	104	117	113	148	148	185	163	188	200	275	311	210	320	315	518	464	563	472	639	571	716	774	1000	886	734	656	642	628	514	534	729	610	457	270	205	246	155	210	153	24	107	68	25	94	16	105	19	104	40	114	43	99	54	100	62	87	57	65	47	56
64	170	1	2	119	0	1953125	12	0.0	0	1.00	0	0	V0.2	0	0	33	71	30	72	31	68	25	70	29	67	30	68	35	66	49	79	61	80	75	88	77	91	93	100	98	104	110	122	139	143	178	156	173	181	265	298	227	329	328	509	471	560	470	626	569	713	760	1000	891	755	642	659	631	539	529	762	629	487	301	265	230	94	160	99	20	125	91	78	111	72	127	64	118	79	137	62	112	73	118	58	94	59	71	46	69
64	170	1	2	119	0	1953125	12	0.0	0	1.00	0	0	V0.2	0	0	240	187	244	180	255	186	259	179	270	181	275	175	276	176	282	163	281	162	284	153	268	156	264	157	245	172	234	174	232	223	233	252	172	329	227	347	302	273	406	440	549	486	545	550	615	640	829	845	1000	610	770	513	685	503	551	710	534	553	148	341	292	69	342	57	195	183	127	196	131	209	120	210	115	237	105	228	111	239	108	224	111	221	117	200	105
64	170	1	2	119	0	1953125	12	0.0	0	0.99	0	0	V0.2	0	0	59	55	59	56	58	53	60	58	55	52	63	58	63	56	82	59	85	57	105	46	100	49	123	43	133	52	144	45	179	91	214	99	226	153	313	231	264	250	350	446	502	515	489	596	581	683	742	1000	860	795	623	698	589	545	490	754	528	446	205	222	224	165	282	141	129	94	53	26	66	27	85	18	70	36	93	27	85	42	92	44	86	51	66	40	53
64	170	1	2	119	0	1953125	12	0.0	0	1.00	0	0	V0.2	0	0	58	61	53	63	58	60	48	64	46	64	48	69	42	74	52	88	57	98	67	106	64	120	73	128	78	140	86	159	112	187	148	205	147	237	235	349	206	357	323	553	495	588	500	674	629	733	823	1000	924	692	658	652	728	558	588	733	667	496	348	225	218	127	123	129	78	118	127	48	132	53	147	53	139	75	144	64	123	79	115	69	96	67	70	52	70
64	170	1	2	119	0	1953125	12	0.0	0	1.00	0	0	V0.2	0	0	12	80	10	81	12	75	14	76	19	72	32	72	40	67	60	74	74	73	93	75	98	77	112	81	125	84	136	98	165	115	209	128	204	155	297	271	263	305	362	498	509	547	506	643	608	706	756	1000	829	726	579	681	618	577	506	766	583	519	293	285	180	73	179	78	42	144	66	106	82	105	108	93	102	107	122	80	107	85	109	66	88	59	66	51	69
64	170	1	2	119	0	1953125	12	0.0	0	1.00	0	0	V0.2	0	0	64	53	69	61	60	47	71	48	65	41	72	39	70	47	83	54	95	69	101	72	114	79	112	93	131	96	129	114	166	147	193	171	172	217	292	280	328	244	460	447	627	488	639	583	733	654	917	1000	979	763	680	720	694	554	582	807	685	458	390	285	150	192	157	94	133	62	96	118	75	124	76	130	75	142	81	131	69	127	74	112	61	88	54	72	58
64	170	1	2	119	0	1953125	12	0.0	0	1.00	0	0	V0.2	0	0	215	199	222	192	238	191	244	186	257	183	263	174	269	167	276	152	281	143	279	132	270	125	271	110	264	112	262	105	270	136	291	166	246	244	327	225	365	147	478	299	622	350	630	412	708	484	898	692	1000	473	770	414	745	381	617	549	621	473	246	225	325	79	291	152	135	210	134	167	157	176	159	178	148	203	157	189	152	203	160	184	150	186	151	176	124
64	170	1	2	119	0	1953125	12	0.0	0	1.00	0	0	V0.2	0	0	252	180	251	180	258	194	256	195	258	209	259	207	251	223	251	217	242	227	237	221	219	232	202	238	175	251	157	256	130	304	98	328	38	378	64	436	128	395	220	582	350	627	347	715	428	777	619	1000	739	735	550	717	500	660	362	859	400	570	187	376	140	170	311	92	222	136	141	204	124	210	113	214	126	231	112	226	123	233	110	228	118	216	123	189	134
64	170	1	2	119	0	1953125	12	0.0	0	1.00	0	0	V0.2	0	0	39	71	39	70	36	67	34	69	34	66	34	70	38	70	49	84	62	84	72	97	75	98	88	112	95	117	106	135	133	160	174	175	171	199	260	318	219	337	323	532	482	575	485	657	596	729	777	1000	889	729	648	660	667	554	557	765	656	499	323	261	231	101	149	105	36	125	107	71	117	66	136	61	128	78	142	65	118	75	119	61	93	62	74	49	69
64	170	1	2	119	0	1953125	12	0.0	0	1.00	0	0	V0.2	0	0	213	200	222	192	236	193	242	186	256	184	261	175	268	166	276	151	279	142	281	130	271	120	272	105	263	108	263	94	274	127	298	151	255	232	337	211	373	139	487	287	622	332	628	394	715	472	907	692	1000	462	768	423	769	373	631	553	627	454	247	220	321	87	281	157	123	209	133	169	156	174	157	175	151	200	160	188	155	197	162	182	153	181	151	173	127
64	170	1	2	119	0	1953125	12	0.0	0	1.00	0	0	V0.2	0	0	213	200	222	192	236	193	242	186	256	184	261	175	268	166	276	151	279	142	281	130	271	120	272	105	263	108	263	94	274	127	298	151	255	232	337	211	373	139	487	287	622	332	628	394	715	472	907	692	1000	462	768	423	769	373	631	553	627	454	247	220	321	87	281	157	123	209	133	169	156	174	157	175	151	200	160	188	155	197	162	182	153	181	151	173	127
64	170	1	2	119	0	1953125	12	0.0	0	1.00	0	0	V0.2	0	0	48	66	48	63	46	63	43	65	42	65	38	69	41	71	48	86	58	91	67	102	66	107	77	122	80	125	94	149	116	173	157	190	148	218	245	341	217	360	326	537	473	576	482	640	583	719	800	1000	925	736	674	644	675	526	554	729	644	478	324	232	238	127	151	129	43	120	111	55	120	46	137	50	126	67	142	60	114	71	117	65	92	62	72	49	68
64	170	1	2	119	0	1953125	12	0.0	0	1.00	0	0	V0.2	0	0	13	78	8	77	13	73	13	76	20	69	31	70	38	66	59	73	74	73	89	74	93	75	108	78	120	81	130	94	161	115	204	130	196	152	296	273	263	301	356	493	496	533	488	622	578	695	753	1000	850	752	597	675	598	556	491	770	601	528	311	293	193	80	178	82	44	144	67	107	86	103	110	93	103	105	124	80	107	89	110	66	92	61	71	53	70
64	170	1	2	119	0	1953125	12	0.0	0	1.00	0	0	V0.2	0	0	245	189	248	185	262	188	266	181	275	186	281	179	284	179	289	164	287	165	289	155	276	161	269	161	250	176	241	175	237	227	240	257	180	339	240	350	310	284	419	458	558	513	569	573	636	655	857	855	1000	605	776	530	703	551	572	715	516	566	124	317	309	53	354	60	195	186	131	200	133	211	123	214	116	242	107	229	112	245	109	232	111	226	120	205	106
64	170	1	2	119	0	1953125	12	0.0	0	1.00	0	0	V0.2	0	0	264	200	265	194	279	197	282	193	293	198	298	193	297	196	305	179	301	183	300	175	283	182	274	185	257	200	244	200	239	259	236	291	170	368	227	386	299	313	411	499	555	545	555	622	631	704	856	909	1000	628	769	581	712	601	561	794	529	625	133	360	277	61	353	70	202	206	127	220	129	235	115	236	113	263	103	249	108	266	106	248	106	244	119	219	109
64	170	1	2	119	0	1953125	12	0.0	0	1.00	0	0	V0.2	0	0	266	190	266	186	276	196	277	195	284	206	286	204	283	213	285	205	279	211	277	205	258	215	246	223	220	237	203	242	186	296	165	330	97	394	138	438	216	381	318	584	461	628	454	707	531	787	750	1000	889	720	680	681	611	672	457	861	448	626	134	390	223	138	348	58	225	169	134	223	120	231	104	235	112	256	95	249	108	260	96	251	102	242	117	214	121
64	170	1	2	119	0	1953125	12	0.0	0	1.00	0	0	V0.2	0	0	28	76	28	78	28	71	22	75	29	70	30	71	36	69	56	79	68	81	81	86	84	91	100	98	108	103	122	123	148	139	192	156	186	181	277	299	232	326	343	521	488	566	487	650	593	727	767	1000	853	726	622	683	655	573	538	779	628	514	305	269	214	86	160	92	26	135	91	89	106	84	130	74	119	89	136	67	116	78	118	65	96	60	74	48	70
64	170	1	2	119	0	1953125	12	0.0	0	1.00	0	0	V0.2	0	0	261	200	266	192	276	199	282	191	292	196	298	192	296	195	304	180	299	184	298	175	283	182	274	185	255	201	242	204	237	257	233	291	168	369	225	391	298	317	407	507	556	556	556	633	633	712	859	913	1000	628	771	579	710	607	548	781	525	617	132	366	297	68	365	64	206	197	132	219	131	230	114	231	114	259	103	248	110	261	106	249	109	244	119	218	111
64	170	1	2	119	0	1953125	12	0.0	0	1.00	0	0	V0.2	0	0	28	74	24	74	24	70	23	72	22	69	30	70	37	70	53	78	65	79	81	86	86	90	101	96	108	97	121	117	148	136	191	151	188	177	283	296	236	324	341	511	481	560	488	642	585	716	763	1000	859	735	616	663	620	554	521	760	611	511	309	279	219	87	167	95	28	135	87	89	103	83	123	74	116	87	133	67	113	76	115	60	91	60	72	47	68
64	170	1	2	119	0	1953125	12	0.0	0	1.00	0	0	V0.2	0	0	167	226	158	232	166	239	166	238	170	251	167	246	169	257	162	254	154	258	151	250	141	246	148	241	142	230	156	235	156	230	196	234	225	216	291	333	197	362	254	530	352	565	358	640	437	700	554	999	599	815	384	746	373	571	318	791	463	406	320	310	11	272	207	170	208	92	158	171	135	176	132	181	138	188	132	195	130	196	123	201	117	191	120	171	125
64	170	1	2	119	0	1953125	12	0.0	0	1.00	0	0	V0.2	0	0	243	224	244	221	262	222	264	215	277	223	278	213	289	214	293	197	296	197	294	185	281	175	294	153	286	136	300	134	312	75	371	63	354	21	467	142	420	218	530	393	673	443	682	528	773	617	891	1000	897	849	611	811	673	522	575	782	750	293	470	233	178	358	98	277	205	147	211	154	205	163	217	163	219	165	226	180	212	185	211	197	192	187	185	174	184
64	170	1	2	119	0	1953125	12	0.0	0	1.00	0	0	V0.2	0	0	171	235	165	236	178	245	175	243	182	253	180	251	185	256	181	255	174	258	171	249	161	244	169	236	168	223	181	225	187	216	231	217	256	192	327	305	240	346	306	515	414	553	417	633	502	696	594	1000	613	805	389	774	448	582	361	798	520	369	336	296	36	288	187	189	206	102	168	164	151	168	155	173	160	180	161	188	155	190	150	195	139	188	139	168	141
64	170	1	2	119	0	1953125	12	0.0	0	1.00	0	0	V0.2	0	0	182	245	185	244	189	255	193	257	188	267	191	266	187	274	183	280	167	281	161	279	145	274	138	278	129	268	125	277	109	295	121	310	156	330	179	430	55	434	146	612	283	662	300	724	388	792	612	1000	762	721	599	644	558	616	441	769	454	569	105	333	269	42	327	93	160	194	120	192	146	186	145	190	154	200	162	185	175	184	186	163	188	152	184	146	166
64	170	1	2	119	0	1953125	12	0.0	0	1.00	0	0	V0.2	0	0	87	5	88	1	86	9	80	17	80	27	74	42	73	55	70	82	73	95	71	112	66	122	63	141	59	151	65	174	82	212	116	230	97	281	211	356	239	336	380	516	552	559	568	623	684	697	900	978	1000	692	706	638	748	516	613	740	717	457	409	225	235	179	101	137	107	81	141	51	130	53	142	65	131	88	135	79	111	94	108	78	85	73	63	55	68
64	170	1	2	119	0	1953125	12	0.0	0	1.00	0	0	V0.2	0	0	55	62	58	59	54	60	52	59	48	62	44	67	46	71	46	89	58	94	62	109	60	112	68	131	71	135	84	161	104	187	147	205	140	238	235	351	202	352	323	542	485	583	497	646	604	727	824	1000	943	713	675	626	686	532	583	740	682	493	372	250	248	137	127	131	69	113	130	53	130	45	147	53	133	71	144	68	116	77	118	71	90	65	71	48	68
64	170	1	2	119	0	1953125	12	0.0	0	1.00	0	0	V0.2	0	0	203	271	194	279	202	286	197	294	202	303	199	298	208	304	199	304	202	301	198	289	199	275	214	256	220	233	244	223	266	191	321	161	345	95	457	223	392	286	501	425	659	451	679	512	791	577	958	977	999	788	687	698	760	385	684	642	819	281	501	75	332	317	123	311	116	226	205	127	232	127	249	124	245	126	265	121	250	126	264	121	247	129	233	143	205
64	170	1	2	119	0	1953125	12	0.0	0	1.00	0	0	V0.2	0	0	236	173	229	177	234	191	231	194	234	207	230	208	223	226	219	221	209	233	203	227	186	237	167	241	140	251	120	256	89	296	45	315	37	351	64	422	68	393	156	573	290	614	286	692	365	760	547	1000	664	758	474	716	418	630	307	826	379	499	228	357	81	222	266	127	217	107	149	182	131	190	124	191	138	202	130	200	140	206	132	199	130	194	132	167	143
64	170	1	2	119	0	1953125	12	0.0	0	1.00	0	0	V0.2	0	0	207	247	192	259	198	269	188	278	190	290	183	290	185	297	173	299	167	301	161	288	161	283	170	266	173	255	192	249	209	232	263	214	297	171	390	286	313	333	404	485	547	507	563	575	678	633	810	1000	832	799	566	753	661	459	593	709	754	246	479	148	248	323	20	282	154	181	207	116	223	113	240	106	241	96	260	96	249	93	258	95	241	103	228	118	208
64	170	1	2	119	0	1953125	12	0.0	0	1.00	0	0	V0.2	0	0	204	194	193	206	196	217	187	225	186	240	177	242	170	258	158	257	145	267	134	257	125	259	112	256	101	254	103	255	96	269	128	266	177	261	237	364	150	380	213	534	332	565	343	630	438	695	567	1000	619	806	382	731	408	534	367	748	523	316	368	271	105	312	116	234	177	116	172	136	169	135	180	132	189	119	202	127	197	121	202	120	192	123	182	113	178
64	170	1	2	119	0	1953125	12	0.0	0	1.00	0	0	V0.2	0	0	202	246	192	259	194	269	187	277	189	288	181	288	181	298	169	299	163	302	159	287	157	282	167	267	170	255	188	248	208	232	262	218	293	170	391	290	319	338	408	489	545	512	564	575	669	629	810	1000	849	823	569	751	635	448	583	696	745	247	482	139	258	315	23	288	151	184	204	115	220	111	239	106	239	95	258	96	246	96	254	94	240	105	223	118	207
64	170	1	2	119	0	1953125	12	0.0	0	1.00	0	0	V0.2	0	0	213	180	204	188	208	203	199	210	198	224	193	228	185	242	175	242	160	253	152	245	139	251	118	251	97	255	87	258	59	285	63	292	119	301	163	393	77	389	145	559	271	595	278	663	365	726	510	1000	594	801	392	736	362	574	310	795	453	393	308	305	33	273	173	190	197	94	163	152	153	156	156	156	169	152	173	158	173	155	174	153	167	149	161	131	165
64	170	1	2	119	0	1953125	12	0.0	0	0.99	0	0	V0.2	0	0	76	27	75	29	71	23	75	37	68	33	75	42	69	49	86	55	85	65	99	53	93	64	110	63	121	74	128	69	169	108	206	121	207	175	310	217	293	199	390	396	544	465	537	542	618	636	794	999	895	808	621	706	565	520	474	767	524	409	233	255	194	218	285	143	157	48	57	52	53	56	63	52	54	66	74	56	73	60	82	58	82	55	68	42	56
64	170	1	2	119	0	1953125	12	0.0	0	1.00	0	0	V0.2	0	0	221	169	213	176	219	187	214	195	215	208	212	212	203	226	197	226	184	237	176	230	162	240	140	240	117	248	99	253	64	287	22	298	64	325	96	410	47	402	140	564	268	613	276	678	350	743	520	1000	633	793	441	721	385	605	300	796	374	433	252	333	36	262	221	162	209	94	147	168	131	175	129	173	144	178	143	180	146	179	144	178	141	171	139	151	147
64	170	1	2	119	0	1953125	12	0.0	0	1.00	0	0	V0.2	0	0	207	192	195	202	198	213	188	224	186	237	181	240	171	255	159	255	145	265	135	257	124	259	110	259	94	256	94	258	85	272	116	272	162	273	219	373	133	389	201	545	325	584	335	649	432	702	550	1000	606	799	372	742	422	568	363	746	503	331	355	272	86	297	126	223	184	107	170	138	167	137	177	134	188	125	197	129	194	126	198	128	188	125	179	115	176
64	170	1	2	119	0	1953125	12	0.0	0	1.00	0	0	V0.2	0	0	42	67	50	71	44	63	50	62	53	57	60	49	65	51	78	53	96	60	103	56	118	56	121	67	140	65	145	82	179	106	213	126	192	173	312	239	326	232	449	430	598	479	603	570	698	656	871	1000	912	752	617	713	653	580	541	803	623	471	349	295	129	170	179	50	119	93	66	135	48	131	56	135	57	141	73	126	65	119	77	105	64	83	55	66	55
64	170	1	2	119	0	1953125	12	0.0	0	1.00	0	0	V0.2	0	0	206	247	190	260	197	270	184	276	190	289	180	287	182	300	172	296	167	300	160	285	158	282	167	265	173	252	193	246	210	228	263	212	292	164	392	287	318	336	414	490	554	511	574	579	679	625	819	1000	853	818	579	753	650	456	599	686	737	240	477	131	254	319	36	292	143	186	201	115	220	114	236	108	239	97	256	96	245	93	255	93	238	103	223	115	202
64	170	1	2	119	0	1953125	12	0.0	0	1.00	0	0	V0.2	0	0	211	183	201	191	204	204	195	213	195	226	189	228	180	245	169	244	154	255	146	246	132	251	115	252	94	254	87	256	63	280	79	287	132	289	179	384	92	389	160	557	284	591	295	659	385	714	519	1000	595	806	391	743	376	572	326	768	462	369	319	296	46	287	158	208	191	97	162	147	154	149	161	148	172	146	178	147	178	145	179	145	173	140	164	125	167
64	170	1	2	119	0	1953125	12	0.0	0	1.00	0	0	V0.2	0	0	207	186	194	195	199	209	187	216	187	232	180	232	171	250	159	250	145	259	134	250	123	256	106	254	92	254	89	254	79	273	103	273	156	275	209	372	130	386	195	544	318	586	329	649	418	705	544	1000	604	812	396	750	410	560	349	757	485	326	335	278	78	298	128	222	176	110	161	138	160	139	170	136	179	127	189	132	186	129	192	128	184	125	172	115	171
64	170	1	2	119	0	1953125	12	0.0	0	1.00	0	0	V0.2	0	0	59	49	66	58	59	47	65	51	60	49	70	47	70	54	83	54	93	63	102	56	111	61	121	66	137	66	141	72	179	103	216	126	209	173	318	225	308	213	415	410	563	464	565	563	658	646	821	1000	883	763	593	709	618	566	499	791	574	455	291	281	147	178	233	84	113	71	17	99	23	99	40	99	46	110	70	97	69	94	84	80	76	66	65	52	52
64	170	1	2	119	0	1953125	12	0.0	0	1.00	0	0	V0.2	0	0	69	40	75	45	65	39	74	40	66	42	74	40	75	52	85	55	95	69	100	63	108	69	113	78	128	81	133	88	171	122	209	147	195	195	313	235	310	204	425	406	582	456	580	545	672	635	852	1000	919	772	610	702	621	541	496	783	595	451	332	287	141	199	231	106	129	57	36	103	6	101	28	105	33	117	60	105	55	102	78	91	68	74	58	54	48
64	170	1	2	119	0	1953125	12	0.0	0	1.00	0	0	V0.2	0	0	51	66	58	69	49	57	61	60	55	50	68	50	67	50	81	52	96	62	108	60	121	67	120	75	139	76	142	90	177	123	212	149	194	189	305	251	326	229	452	437	617	484	621	579	715	654	882	1000	938	769	652	732	678	565	543	816	660	475	366	293	127	164	169	63	126	89	78	128	59	133	60	134	65	146	74	129	65	125	73	107	63	85	53	72	58
64	170	1	2	119	0	1953125	12	0.0	0	1.00	0	0	V0.2	0	0	205	237	193	250	196	260	188	268	188	280	179	283	180	292	167	292	160	294	153	285	149	282	153	268	157	258	173	252	190	246	241	228	281	189	366	300	287	349	370	501	510	529	528	600	638	645	755	1000	776	814	524	759	608	470	542	713	713	245	458	171	223	322	13	281	159	172	200	120	213	117	229	111	235	94	251	100	242	94	252	91	236	102	223	111	205
64	170	1	2	119	0	1953125	12	0.0	0	1.00	0	0	V0.2	0	0	212	199	221	192	235	192	243	186	255	184	261	174	268	168	276	150	278	143	281	129	271	121	272	107	266	107	264	100	272	129	297	159	255	238	335	217	365	135	480	289	627	342	631	397	710	475	901	684	1000	474	774	413	751	374	621	553	646	472	265	221	325	85	280	160	125	212	133	169	157	176	160	178	152	201	159	187	154	199	163	184	154	184	153	174	126
64	170	1	2	119	0	1953125	12	0.0	0	1.00	0	0	V0.2	0	0	213	186	201	196	204	209	195	217	196	231	189	233	179	250	170	250	157	262	144	251	133	257	114	255	98	258	90	259	69	281	88	286	141	290	188	384	99	391	162	554	291	589	293	657	389	715	520	1000	589	801	375	739	377	564	316	779	474	370	340	293	56	291	163	209	193	99	167	149	157	149	166	147	177	142	187	146	184	143	187	142	178	139	170	127	170
64	170	1	2	119	0	1953125	12	0.0	0	1.00	0	0	V0.2	0	0	65	42	72	47	63	41	68	44	64	44	74	41	71	52	84	55	93	65	103	60	108	64	115	73	129	77	137	81	171	120	214	137	199	190	312	231	311	211	429	410	582	466	581	551	663	644	842	1000	915	794	630	719	610	531	489	790	601	450	311	283	150	198	231	100	122	56	32	102	10	100	32	103	38	113	62	102	61	101	78	88	70	72	61	52	49
64	170	1	2	119	0	1953125	12	0.0	0	1.00	0	0	V0.2	0	0	211	184	200	196	202	209	196	216	194	231	187	234	180	247	169	248	155	259	146	251	133	256	115	254	95	258	88	258	69	281	85	287	141	291	188	384	102	392	168	561	296	596	302	662	391	720	521	1000	594	812	391	755	386	568	322	776	476	371	336	287	52	284	159	207	191	100	166	146	160	146	167	146	178	141	185	146	184	142	185	145	178	138	169	126	171
64	170	1	2	119	0	1953125	12	0.0	0	1.00	0	0	V0.2	0	0	214	180	202	191	209	203	199	212	198	225	191	227	184	244	173	243	159	254	149	246	137	254	119	252	97	255	87	257	63	282	71	290	123	298	169	390	83	394	155	559	276	591	286	665	372	720	513	1000	587	798	396	755	376	573	309	788	455	383	317	299	39	274	172	194	192	98	160	151	154	153	156	154	170	148	175	152	172	150	175	153	171	146	163	129	165
64	170	1	2	119	0	1953125	12	0.0	0	1.00	0	0	V0.2	0	0	201	212	190	222	192	236	181	244	181	258	172	259	167	273	154	273	140	282	130	272	123	271	120	262	116	259	127	256	133	259	177	257	222	232	296	345	215	370	286	529	406	556	424	622	522	672	649	1000	688	818	443	760	482	510	455	742	616	293	431	220	165	303	64	254	168	134	189	119	190	117	205	114	212	97	226	104	219	98	226	102	213	104	198	107	191
64	170	1	2	119	0	1953125	12	0.0	0	1.00	0	0	V0.2	0	0	202	236	188	250	192	257	183	265	184	278	176	279	176	289	163	289	155	294	149	280	145	277	151	263	156	254	172	247	192	238	244	221	275	183	365	303	296	346	381	504	523	534	542	598	642	645	768	1000	808	830	545	763	608	475	554	702	712	255	463	164	229	319	17	286	143	173	194	115	211	111	226	106	231	90	248	95	240	87	249	92	234	97	216	111	202
64	170	1	2	119	0	1953125	12	0.0	0	1.00	0	0	V0.2	0	0	221	180	212	189	213	202	210	208	209	224	202	227	193	242	188	241	170	253	162	245	148	252	128	253	104	258	90	261	56	293	48	302	103	314	138	404	55	400	139	577	274	615	279	687	366	741	504	1000	586	796	407	765	394	610	307	808	439	420	292	309	12	260	198	179	202	96	158	160	150	163	151	162	166	161	168	165	168	166	165	167	164	160	157	140	162
64	170	1	2	119	0	1953125	12	0.0	0	1.00	0	0	V0.2	0	0	210	270	199	284	204	290	196	299	203	307	195	307	203	315	192	313	189	313	186	297	187	289	198	271	209	254	228	244	252	215	312	194	339	137	442	261	374	318	484	471	642	495	661	565	777	618	911	1000	937	795	653	757	760	439	667	689	821	262	503	105	289	326	63	300	147	208	214	125	232	124	252	120	251	115	271	113	260	113	268	112	251	120	236	135	212
64	170	1	2	119	0	1953125	12	0.0	0	1.00	0	0	V0.2	0	0	79	38	77	41	76	40	71	45	69	49	63	60	57	70	58	91	59	102	60	121	53	130	54	146	49	158	55	180	75	214	118	235	105	280	213	372	217	355	360	546	542	593	566	654	679	725	899	995	1000	712	728	666	764	528	629	756	736	465	408	221	227	179	96	134	111	75	143	54	131	60	143	77	130	98	135	95	107	101	102	90	82	82	64	61	67
64	170	1	2	119	0	1953125	12	0.0	0	1.00	0	0	V0.2	0	0	215	191	202	200	207	214	198	220	198	236	191	239	183	254	172	254	156	265	148	256	134	263	118	259	98	263	93	264	73	283	92	292	143	293	193	387	103	387	162	560	289	590	293	661	386	714	514	999	575	791	370	762	395	573	321	786	503	379	356	282	62	275	165	199	203	95	176	144	168	147	175	145	187	140	192	147	192	143	192	147	186	141	177	126	176
64	170	1	2	119	0	1953125	12	0.0	0	0.99	0	0	V0.2	0	0	82	14	80	13	78	11	81	24	74	27	79	38	71	54	84	58	84	74	95	67	88	80	103	88	114	97	120	95	158	138	199	153	193	208	304	237	301	197	413	401	571	456	577	543	658	631	834	1000	929	819	661	731	594	519	505	784	558	397	259	246	165	238	268	156	161	31	60	60	41	70	46	66	41	79	58	72	65	73	80	70	78	62	70	46	53
64	170	1	2	119	0	1953125	12	0.0	0	1.00	0	0	V0.2	0	0	204	192	193	203	194	215	187	224	185	237	177	240	170	254	157	255	145	262	135	254	123	258	111	255	98	254	101	255	93	270	123	267	174	266	232	368	147	387	211	542	334	580	347	643	441	698	562	1000	617	804	376	727	404	540	365	739	510	317	360	266	93	309	118	232	178	112	171	136	168	134	179	132	188	120	199	126	197	120	201	122	191	122	180	112	179
64	170	1	2	119	0	1953125	12	0.0	0	1.00	0	0	V0.2	0	0	204	192	193	203	194	215	187	224	185	237	177	240	170	254	157	255	145	262	135	254	123	258	111	255	98	254	101	255	93	270	123	267	174	266	232	368	147	387	211	542	334	580	347	643	441	698	562	1000	617	804	376	727	404	540	365	739	510	317	360	266	93	309	118	232	178	112	171	136	168	134	179	132	188	120	199	126	197	120	201	122	191	122	180	112	179
64	170	1	2	119	0	1953125	12	0.0	0	1.00	0	0	V0.2	0	0	80	20	84	20	81	23	77	28	77	39	72	50	68	65	70	86	70	95	65	110	61	120	59	139	56	151	61	163	79	207	121	224	102	285	216	337	238	297	375	471	550	517	571	580	683	653	891	955	1000	703	703	640	715	469	591	726	673	386	357	200	207	236	149	183	89	60	90	57	80	61	91	75	80	91	90	92	72	99	76	94	67	85	51	56	51
64	170	1	2	119	0	1953125	12	0.0	0	1.00	0	0	V0.2	0	0	44	68	48	70	43	63	52	59	52	57	60	50	65	51	78	54	96	58	102	57	117	58	121	68	141	66	145	82	178	107	218	132	193	179	313	243	326	235	451	429	592	473	601	569	692	652	867	1000	917	761	615	699	625	548	516	797	631	475	356	299	136	169	182	56	119	93	67	134	46	129	55	132	55	140	73	126	62	120	74	102	63	82	55	65	54
64	170	1	2	119	0	1953125	12	0.0	0	1.00	0	0	V0.2	0	0	83	12	86	13	79	11	85	12	75	29	77	33	70	53	70	73	76	89	73	105	76	115	64	134	75	144	68	168	90	198	125	230	97	270	214	347	246	314	395	506	563	536	589	607	689	679	902	969	1000	718	727	651	723	494	610	742	732	444	407	221	215	180	99	133	111	62	137	59	128	64	134	78	123	95	130	96	105	99	102	89	79	79	66	60	65
64	170	1	2	119	0	1953125	12	0.0	0	1.00	0	0	V0.2	0	0	208	254	197	268	200	276	193	283	197	294	187	296	192	302	181	301	176	305	171	289	170	285	180	267	187	252	204	240	229	224	282	205	314	152	413	274	345	327	442	484	589	507	608	578	721	623	849	1000	891	831	627	768	688	439	627	715	781	235	475	133	270	325	57	298	137	198	203	122	225	117	243	112	243	102	263	101	253	98	264	95	248	104	233	122	209
