34928	35048	35167	35286	35405	35524	35644	35763	35882	36001	36120	36240	36359	36478	36597	36716	36836	36955	37074	37193	37313	37432	37551	37670	37789	37909	38028	38147	38266	38385	38505	38624	38743	38862	38981	39101	39220	39339	39458	39577	39697	39816	39935	40054	40174	40293	40412	40531	40650	40770	40889	41008	41127	41246	41366	41485	41604	41723	41842	41962	42081	42200	42319	42439	42558	42677	42796	42915	43035	43154	43273	43392	43511	43631	43750	43869	43988	44107	44227	44346	44465	44584	44703	44823	44942
64	170	1	2	119	0	1953125	12	0.0	26	1.02	0	0	V0.2	0	0	61	29	83	87	28	57	98	68	18	69	68	21	33	39	7	37	36	23	78	79	26	86	124	60	42	111	84	45	115	68	83	194	193	113	232	342	372	381	554	686	627	641	807	869	681	635	786	848	707	682	828	1000	665	704	772	818	549	420	171	56	49	106	58	37	182	149	69	149	223	168	108	177	204	134	98	146	124	54	60	74	40	28	52	46	41
64	170	2	2	119	0	1953125	12	0.0	26	1.02	0	0	V0.2	0	0	63	61	54	59	48	68	42	60	24	67	25	53	15	67	19	41	39	51	42	23	84	33	78	9	109	17	112	29	124	75	136	55	111	125	250	229	368	307	525	485	624	556	725	629	745	684	1000	948	923	721	738	638	533	501	687	731	612	395	342	271	151	204	169	88	281	138	211	124	167	104	162	111	145	108	123	81	97	67	71	35	67	45	64	49	60
64	170	2	2	119	0	1953125	12	0.0	26	1.02	0	0	V0.2	0	0	32	80	19	73	23	82	10	65	24	70	21	50	47	52	34	23	56	25	52	11	90	9	83	34	101	47	104	68	102	111	112	83	92	148	218	251	350	334	513	491	621	573	727	631	753	694	1000	956	933	756	743	653	528	528	653	743	590	423	332	310	163	193	193	88	254	170	172	170	123	141	122	155	99	141	84	113	57	95	47	64	44	67	54	62	48
64	170	2	2	119	0	1953125	12	0.0	26	1.02	0	0	V0.2	0	0	38	73	32	67	23	70	22	62	13	63	11	56	21	57	17	46	34	45	43	34	68	38	78	32	89	22	111	30	119	10	146	21	117	37	266	179	343	323	478	472	562	596	637	664	666	741	859	1000	813	773	671	677	461	564	607	761	505	471	232	276	247	98	158	193	151	216	129	174	117	137	120	141	123	107	115	87	91	62	75	45	50	60	67	52	47
64	170	2	2	119	0	1953125	12	0.0	26	1.02	0	0	V0.2	0	0	76	41	73	38	66	48	63	42	48	52	44	49	25	62	19	44	20	63	26	46	68	60	70	39	97	42	113	34	136	14	158	16	131	56	286	188	374	305	530	470	612	563	717	654	743	709	971	999	869	749	699	721	527	575	660	800	572	457	322	316	138	142	197	117	252	191	169	179	125	157	127	157	107	149	93	114	73	96	49	59	59	68	55	58	57
64	170	2	2	119	0	1953125	12	0.0	1	1.02	0	0	V0.2	0	0	77	21	78	15	75	10	71	11	65	19	57	31	48	38	30	47	19	58	4	76	22	83	32	96	40	101	64	128	90	113	125	126	97	119	245	285	266	410	401	556	480	645	570	711	600	754	829	1000	825	733	706	658	478	543	666	787	547	489	273	278	271	103	144	172	128	209	135	171	114	144	122	144	117	130	120	103	84	89	85	61	48	74	61	59	57
64	170	2	2	119	0	1953125	12	0.0	1	1.02	0	0	V0.2	0	0	70	33	75	25	74	18	70	8	65	6	58	20	52	29	36	38	24	53	7	75	13	84	17	95	25	105	52	130	76	114	117	126	90	121	237	280	257	396	397	551	483	638	583	719	612	752	832	1000	806	743	717	705	492	555	668	802	506	446	222	293	267	112	168	133	107	196	93	171	71	155	87	150	80	149	88	113	60	106	59	68	35	78	49	67	56
64	170	2	2	119	0	1953125	12	0.0	1	1.02	0	0	V0.2	0	0	70	33	75	25	74	18	70	8	65	6	58	20	52	29	36	38	24	53	7	75	13	84	17	95	25	105	52	130	76	114	117	126	90	121	237	280	257	396	397	551	483	638	583	719	612	752	832	1000	806	743	717	705	492	555	668	802	506	446	222	293	267	112	168	133	107	196	93	171	71	155	87	150	80	149	88	113	60	106	59	68	35	78	49	67	56
64	170	1	2	119	0	1953125	12	0.0	1	1.02	0	0	V0.2	0	0	78	27	77	16	75	23	70	21	59	32	50	37	36	47	26	43	10	62	18	64	50	77	53	68	75	75	94	84	125	50	158	68	124	38	279	211	328	327	462	479	539	568	623	644	650	690	870	1000	831	779	685	704	467	570	640	821	526	455	274	353	220	176	175	76	164	178	104	176	65	154	77	152	72	152	70	119	56	112	43	73	45	73	47	66	62
64	170	1	2	119	0	1953125	12	0.0	0	1.02	0	0	V0.2	0	0	122	80	128	86	116	105	123	113	105	131	106	139	92	147	93	148	73	150	70	163	42	150	64	148	57	126	88	139	111	95	159	93	116	81	290	238	346	323	501	479	610	563	714	619	738	661	996	961	1000	770	844	655	613	501	777	735	626	342	329	283	348	253	153	87	118	101	134	95	108	78	111	98	108	107	108	93	82	95	85	71	50	86	51	88	45
64	170	1	2	119	0	1953125	12	0.0	0	1.02	0	0	V0.2	0	0	63	121	62	129	69	123	80	128	92	116	109	118	118	104	126	91	138	73	140	55	159	36	143	34	147	32	133	70	134	102	118	116	79	152	191	303	268	365	384	544	470	608	555	695	564	721	813	1000	845	751	728	706	491	555	645	797	481	403	221	342	277	205	178	24	117	112	94	116	75	102	93	99	96	112	97	85	87	86	76	59	74	51	74	40	95
64	170	1	2	119	0	1953125	12	0.0	0	1.01	0	0	V0.2	0	0	66	136	78	134	84	133	102	128	115	125	130	123	139	108	155	94	163	82	173	69	173	52	172	24	172	16	171	39	188	85	196	95	149	169	288	294	340	329	468	525	575	584	664	682	680	691	940	978	1000	721	872	673	622	497	771	771	546	343	224	299	403	265	264	96	64	73	66	69	63	72	72	76	66	109	83	91	61	111	71	85	44	89	33	85	28
64	170	1	2	119	0	1953125	12	0.0	0	1.02	0	0	V0.2	0	0	98	114	92	124	81	136	80	140	78	150	78	154	78	153	91	141	98	136	109	129	117	114	127	89	129	71	146	68	161	43	177	57	136	107	273	260	356	337	491	515	592	588	690	687	716	714	977	982	999	705	849	672	660	539	792	779	603	413	288	303	361	199	176	75	94	128	113	123	88	107	101	121	92	132	95	111	63	115	62	87	25	98	27	95	38
64	170	1	2	119	0	1953125	12	0.0	1	1.02	0	0	V0.2	0	0	64	47	64	45	67	37	64	28	67	20	59	15	59	22	46	31	42	44	27	78	32	86	12	106	15	116	15	151	33	144	70	161	40	156	182	314	228	423	365	577	466	656	564	725	599	749	834	1000	859	714	741	681	566	566	715	792	593	501	308	300	309	104	127	141	117	194	141	153	121	133	129	135	118	129	121	99	89	94	83	57	52	74	59	63	60
64	170	1	2	119	0	1953125	12	0.0	1	1.02	0	0	V0.2	0	0	35	81	15	82	17	85	4	72	18	70	24	53	43	50	40	12	61	12	60	31	100	31	83	69	105	75	94	120	100	143	91	144	78	184	179	329	303	403	457	576	561	641	684	717	705	741	989	992	1000	712	850	662	655	535	819	762	684	444	384	260	335	190	72	119	192	139	205	94	175	75	175	83	163	85	155	65	118	60	104	38	70	56	73	58	70
64	170	1	2	119	0	1953125	12	0.0	1	1.02	0	0	V0.2	0	0	62	46	63	43	68	37	65	25	65	21	57	13	60	22	43	31	40	42	23	74	29	83	9	103	10	112	18	148	33	139	73	155	40	142	181	307	226	415	361	564	457	642	556	712	588	741	826	1000	865	740	751	673	540	547	699	775	563	473	284	302	321	112	135	128	105	186	136	153	117	132	122	130	110	124	116	97	84	90	83	60	46	73	57	63	58
64	170	1	2	119	0	1953125	12	0.0	0	1.02	0	0	V0.2	0	0	67	122	69	130	75	122	92	126	104	111	119	113	131	98	136	89	145	72	146	55	164	41	142	53	148	50	131	86	127	117	108	127	71	160	180	309	252	372	377	555	457	609	550	708	567	723	791	1000	814	757	715	725	476	571	641	813	492	433	232	349	259	198	153	18	131	117	108	124	86	109	104	103	110	110	110	80	101	79	88	48	86	43	87	29	104
64	170	1	2	119	0	1953125	12	0.0	0	1.02	0	0	V0.2	0	0	64	121	66	133	70	122	85	129	97	114	112	117	123	102	131	91	140	72	144	56	161	37	146	42	149	42	132	75	132	106	108	116	70	154	181	302	251	360	374	550	465	608	550	706	577	724	801	1000	824	750	728	729	497	571	647	817	494	427	233	357	267	198	156	15	121	121	108	123	84	113	101	101	103	114	102	82	94	85	83	52	81	49	81	34	100
64	170	1	2	119	0	1953125	12	0.0	1	1.02	0	0	V0.2	0	0	75	27	76	21	71	28	67	26	53	38	49	40	31	50	24	42	11	59	24	56	55	72	59	62	81	68	99	76	124	37	152	58	120	28	272	196	321	300	462	468	552	546	633	640	680	689	882	999	844	767	692	745	526	592	637	805	516	421	269	382	238	193	153	57	157	159	108	166	68	149	81	147	76	145	69	115	58	110	44	71	44	70	48	63	59
64	170	1	2	119	0	1953125	12	0.0	1	1.02	0	0	V0.2	0	0	77	22	76	13	74	18	69	16	59	28	50	35	38	44	27	43	8	56	15	67	43	78	50	76	69	82	92	95	117	64	152	86	119	54	270	226	310	333	445	497	537	583	618	666	654	693	838	1000	818	758	664	722	497	573	604	780	483	438	247	351	237	157	171	81	147	186	98	177	60	160	74	153	65	154	68	119	51	112	42	72	38	75	43	63	57
64	170	1	2	119	0	1953125	12	0.0	1	1.02	0	0	V0.2	0	0	67	36	70	31	72	22	69	15	63	8	58	13	53	26	40	35	29	50	12	74	16	86	9	101	16	109	41	140	64	123	102	140	74	124	214	291	244	395	372	545	465	626	552	703	599	726	804	1000	816	711	679	674	516	547	615	737	487	449	247	309	292	102	159	129	105	201	111	165	85	148	96	143	87	140	94	105	62	100	63	63	37	76	44	64	54
64	170	1	2	119	0	1953125	12	0.0	1	1.02	0	0	V0.2	0	0	56	56	58	53	62	47	60	36	57	31	53	13	58	20	45	27	44	37	29	72	42	80	26	106	27	113	13	151	16	149	53	160	26	164	164	330	222	424	359	580	469	652	576	727	614	742	850	1000	900	716	770	660	574	515	682	713	539	433	288	274	330	132	134	140	131	185	158	137	135	115	139	113	129	107	128	80	92	73	89	51	53	65	62	58	58
64	170	1	2	119	0	1953125	12	0.0	1	1.02	0	0	V0.2	0	0	75	40	72	37	64	45	64	40	48	49	44	47	24	58	16	43	24	59	35	51	75	61	79	45	103	47	121	51	143	12	173	38	138	46	285	199	356	285	497	460	595	538	689	636	726	661	922	1000	898	772	718	752	558	573	648	794	551	405	305	362	208	206	146	29	204	149	150	158	107	142	113	137	105	140	90	110	77	101	57	63	57	63	59	61	66
64	170	1	2	119	0	1953125	12	0.0	1	1.02	0	0	V0.2	0	0	77	22	78	12	74	21	72	18	59	30	52	34	40	49	27	42	9	59	14	66	44	79	52	75	71	82	94	94	117	58	152	83	116	42	269	218	310	324	440	482	534	564	619	654	667	691	841	1000	828	761	664	733	509	576	595	794	510	449	264	358	224	152	166	81	155	191	105	179	65	162	78	157	69	156	65	119	50	112	42	72	39	72	44	68	61
64	170	1	2	119	0	1953125	12	0.0	1	1.02	0	0	V0.2	0	0	73	23	75	11	73	16	72	16	59	29	53	34	41	46	27	44	8	58	13	66	42	78	49	76	68	81	89	97	113	61	146	83	114	48	263	218	299	321	434	486	525	558	604	654	660	694	838	1000	819	748	666	744	515	577	602	796	503	437	251	352	226	144	164	83	147	188	100	178	61	159	74	154	68	156	68	119	50	113	42	70	38	72	42	64	58
64	170	1	2	119	0	1953125	12	0.0	1	1.02	0	0	V0.2	0	0	76	32	73	29	70	37	67	33	51	43	47	42	29	57	19	41	18	60	30	57	65	70	71	58	96	63	114	69	139	25	166	50	127	32	280	195	331	289	478	465	566	529	655	632	709	673	893	1000	864	753	686	755	537	575	631	807	565	448	318	362	189	165	146	58	197	176	143	173	100	161	105	150	95	154	85	117	73	109	50	68	52	66	52	65	66
64	170	1	2	119	0	1953125	12	0.0	0	1.02	0	0	V0.2	0	0	66	119	70	125	79	115	94	119	107	105	121	106	130	92	136	83	145	67	143	55	161	46	141	62	142	66	123	97	118	124	101	133	52	162	172	305	227	359	360	540	437	586	526	686	571	718	777	1000	792	727	679	739	479	556	581	801	502	431	256	339	221	173	147	21	148	128	123	122	97	112	114	102	117	109	113	76	104	77	93	41	87	35	88	26	106
64	170	1	2	119	0	1953125	12	0.0	0	1.02	0	0	V0.2	0	0	64	121	63	128	71	123	86	125	100	114	115	113	123	101	128	88	141	72	144	54	162	37	145	43	148	45	131	78	128	115	112	124	64	156	174	300	240	358	372	552	461	600	540	695	582	723	786	1000	827	756	725	751	505	568	609	810	508	436	246	345	244	179	153	10	124	124	111	124	89	118	109	104	109	114	108	81	97	81	86	54	83	44	84	32	104
64	170	1	2	119	0	1953125	12	0.0	0	1.02	0	0	V0.2	0	0	65	119	61	128	68	122	80	124	91	117	104	116	117	105	125	88	137	73	139	53	159	39	143	33	146	37	136	67	132	103	121	112	71	154	185	296	250	348	372	534	458	586	538	689	588	729	810	1000	828	720	717	730	516	547	598	784	481	413	226	345	269	180	174	18	121	122	100	122	79	112	97	102	99	115	98	84	89	87	76	59	77	51	78	41	95
64	170	1	2	119	0	1953125	12	0.0	0	1.02	0	0	V0.2	0	0	108	105	109	112	94	131	92	136	82	153	82	154	73	156	87	149	86	146	100	147	93	131	113	120	113	94	141	97	150	53	186	62	130	94	279	236	335	302	489	486	591	536	679	633	739	676	973	954	999	679	842	666	655	494	751	752	635	432	332	276	327	159	147	83	117	151	137	131	103	123	115	128	100	140	101	117	66	119	61	91	23	103	26	102	31
64	170	1	2	119	0	1953125	12	0.0	0	1.02	0	0	V0.2	0	0	61	117	63	125	70	117	85	120	98	111	113	107	124	96	131	82	140	68	140	49	159	35	143	43	146	47	132	81	126	113	116	126	66	156	179	302	239	359	373	544	458	596	546	698	589	726	792	1000	818	730	691	724	498	560	605	805	509	433	248	329	238	164	150	21	130	127	113	127	93	118	107	106	110	116	109	85	98	84	86	52	80	47	85	38	102
64	170	1	2	119	0	1953125	12	0.0	0	1.02	0	0	V0.2	0	0	61	120	61	126	70	120	83	121	96	113	109	112	122	100	127	86	139	70	143	49	158	37	143	37	146	42	136	73	130	112	122	122	69	156	180	299	241	351	370	537	456	590	540	688	591	729	798	999	826	720	695	724	502	565	623	829	541	464	270	341	238	153	143	33	133	140	119	132	95	124	111	114	111	122	108	90	99	92	85	57	84	53	82	43	100
64	170	1	2	119	0	1953125	12	0.0	0	1.00	0	0	V0.2	0	0	84	17	88	13	77	9	80	5	71	23	70	28	62	50	59	69	62	92	54	106	57	115	43	145	48	146	42	173	65	210	92	208	46	253	205	375	235	356	393	554	510	577	609	659	662	682	916	971	1000	712	858	677	603	450	756	747	607	312	288	264	385	319	235	196	53	75	104	51	99	48	112	52	105	62	113	65	95	74	95	72	72	64	55	41	56
64	170	1	2	119	0	1953125	12	0.0	0	1.01	0	0	V0.2	0	0	38	71	31	75	30	70	22	66	12	64	17	60	21	54	35	44	61	48	74	43	100	45	106	39	128	37	145	56	168	50	202	59	166	85	313	222	340	277	475	458	554	512	638	618	689	663	879	999	857	752	694	768	524	562	637	846	551	408	249	358	240	220	190	25	127	120	67	146	49	147	60	138	65	155	67	122	59	118	58	88	46	77	44	73	63
64	170	1	2	119	0	1953125	12	0.0	0	1.01	0	0	V0.2	0	0	38	71	31	75	30	70	22	66	12	64	17	60	21	54	35	44	61	48	74	43	100	45	106	39	128	37	145	56	168	50	202	59	166	85	313	222	340	277	475	458	554	512	638	618	689	663	879	999	857	752	694	768	524	562	637	846	551	408	249	358	240	220	190	25	127	120	67	146	49	147	60	138	65	155	67	122	59	118	58	88	46	77	44	73	63
64	170	1	2	119	0	1953125	12	0.0	0	1.01	0	0	V0.2	0	0	34	78	23	80	25	74	15	71	4	69	19	60	26	54	42	38	63	44	80	39	109	38	112	33	137	27	146	48	177	57	205	63	167	96	314	222	349	263	488	455	576	504	651	603	704	647	900	1000	893	765	719	766	532	548	636	843	581	413	288	364	233	239	188	42	145	109	88	141	60	143	66	137	71	152	68	125	63	123	56	90	50	77	43	73	64
64	170	1	2	119	0	1953125	12	0.0	0	1.01	0	0	V0.2	0	0	22	84	11	87	16	74	9	75	19	67	31	54	40	49	51	24	74	29	85	31	117	28	114	46	138	42	145	72	172	100	193	102	148	152	301	258	355	263	503	461	604	506	691	604	750	655	965	1000	972	760	776	752	574	532	699	838	638	388	350	358	259	277	146	73	166	75	129	129	102	130	104	124	108	139	98	118	87	117	74	95	63	75	56	73	71
64	170	1	2	119	0	1953125	12	0.0	0	1.01	0	0	V0.2	0	0	89	98	102	90	108	83	126	77	129	68	146	70	144	62	156	58	155	53	162	48	162	51	149	67	148	78	136	96	138	140	136	145	85	189	212	317	247	335	360	521	454	563	521	658	575	709	804	1000	869	721	731	714	522	517	608	791	489	386	208	327	314	219	236	58	83	69	54	87	53	95	70	88	70	109	77	92	66	105	59	90	47	84	32	77	48
64	170	1	2	119	0	1953125	12	0.0	0	1.01	0	0	V0.2	0	0	89	98	102	90	108	83	126	77	129	68	146	70	144	62	156	58	155	53	162	48	162	51	149	67	148	78	136	96	138	140	136	145	85	189	212	317	247	335	360	521	454	563	521	658	575	709	804	1000	869	721	731	714	522	517	608	791	489	386	208	327	314	219	236	58	83	69	54	87	53	95	70	88	70	109	77	92	66	105	59	90	47	84	32	77	48
64	170	1	2	119	0	1953125	12	0.0	0	1.01	0	0	V0.2	0	0	48	66	40	69	40	63	31	64	20	63	19	57	18	56	32	49	52	50	69	56	95	57	102	53	123	54	138	72	169	60	198	72	165	71	305	221	317	285	445	462	529	514	599	618	667	673	843	1000	845	739	668	770	524	566	607	850	545	435	264	357	239	191	186	19	111	134	62	150	47	152	66	145	65	156	74	124	64	123	63	91	51	80	47	72	64
64	170	1	2	119	0	1953125	12	0.0	0	1.01	0	0	V0.2	0	0	27	76	19	81	24	72	8	72	0	66	19	59	27	53	42	37	65	40	79	33	110	36	113	31	137	26	146	47	179	62	203	65	163	99	307	224	349	258	486	455	584	499	656	598	712	650	906	1000	918	768	723	773	550	554	635	841	593	408	307	362	242	254	171	50	142	101	90	145	71	148	72	139	77	153	75	125	67	122	61	93	51	80	49	75	65
64	170	1	2	119	0	1953125	12	0.0	0	1.01	0	0	V0.2	0	0	111	83	124	74	123	70	139	68	140	69	154	74	147	79	155	87	148	90	151	93	152	98	136	117	127	120	108	137	110	172	106	173	62	201	197	324	215	344	342	540	439	579	514	687	577	718	773	1000	794	723	676	764	510	564	605	844	510	401	214	340	267	232	214	54	96	58	57	93	59	98	74	87	85	108	89	88	85	92	79	78	68	71	65	60	78
64	170	1	2	119	0	1953125	12	0.0	0	1.01	0	0	V0.2	0	0	70	41	76	42	70	31	70	23	66	18	62	14	60	29	48	49	50	63	41	90	56	101	38	130	39	134	38	170	47	184	74	193	33	204	176	350	207	386	352	562	460	595	543	686	621	730	872	1000	926	689	795	703	629	498	711	780	626	430	329	290	365	169	178	83	74	114	147	78	139	75	152	75	139	89	145	65	118	72	113	51	83	56	72	57	76
64	170	1	2	119	0	1953125	12	0.0	0	1.00	0	0	V0.2	0	0	29	75	29	77	26	69	17	72	23	64	20	68	29	62	48	72	59	70	77	79	79	82	98	89	105	95	116	114	145	127	173	123	165	138	273	283	232	334	337	500	430	553	486	650	570	694	772	1000	832	707	717	728	548	512	641	792	485	356	205	299	370	207	287	88	65	80	85	40	97	45	110	33	98	60	117	37	99	58	102	41	82	46	62	33	62
64	170	1	2	119	0	1953125	12	0.0	0	1.01	0	0	V0.2	0	0	63	135	69	129	81	130	97	126	109	124	125	117	130	107	149	92	160	77	169	70	168	54	174	35	172	23	173	43	185	79	199	88	140	149	265	273	306	292	434	479	540	520	613	626	675	682	927	985	1000	688	856	719	668	502	745	808	609	409	301	307	372	202	237	72	40	82	86	87	83	95	98	97	81	122	95	104	70	119	80	100	52	99	41	91	34
64	170	1	2	119	0	1953125	12	0.0	0	1.00	0	0	V0.2	0	0	51	68	54	64	47	64	45	60	42	61	35	60	34	65	38	81	51	86	58	103	57	106	70	128	73	130	84	154	100	173	136	174	117	188	227	337	186	363	320	549	425	581	500	665	575	707	811	1000	923	723	826	734	621	503	742	820	606	377	285	275	391	236	265	134	17	72	112	20	116	19	131	33	120	50	132	51	107	65	111	65	90	64	71	43	64
64	170	1	2	119	0	1953125	12	0.0	0	1.00	0	0	V0.2	0	0	112	96	118	85	130	82	140	76	151	74	162	68	168	60	178	47	184	39	188	32	177	18	183	4	174	21	171	35	184	102	202	103	155	179	280	269	286	255	413	451	526	485	599	583	662	630	902	939	1000	703	887	722	654	460	767	796	587	321	251	278	399	281	312	174	96	65	64	38	75	41	89	41	67	64	91	52	76	70	102	61	90	50	87	33	80
64	170	1	2	119	0	1953125	12	0.0	0	1.00	0	0	V0.2	0	0	128	65	128	56	134	66	142	60	146	74	154	72	152	84	166	75	162	81	171	70	157	79	158	84	144	90	137	98	147	151	153	155	107	215	231	311	235	286	346	494	460	522	516	631	587	686	833	1000	939	734	838	744	597	503	703	819	518	368	217	330	384	272	330	149	121	34	57	51	68	67	77	59	50	81	70	75	55	91	67	89	65	84	58	66	47
64	170	1	2	119	0	1953125	12	0.0	0	1.00	0	0	V0.2	0	0	130	60	126	58	131	71	137	70	136	89	145	86	137	105	149	102	141	115	150	102	138	110	133	117	121	122	112	125	121	171	127	172	89	214	208	317	209	300	318	496	421	528	489	644	559	687	790	1000	874	739	788	767	564	528	677	847	490	354	188	338	343	269	309	131	119	17	46	60	53	69	61	64	41	84	55	81	45	95	55	93	46	91	32	74	24
64	170	1	2	119	0	1953125	12	0.0	0	1.00	0	0	V0.2	0	0	9	81	12	81	7	73	14	74	16	66	32	62	37	55	61	58	77	57	94	52	103	55	119	54	133	57	142	68	172	77	204	75	179	91	300	219	272	262	385	444	466	490	523	601	596	661	787	999	823	749	706	805	540	564	641	881	529	423	234	358	301	211	262	47	86	70	61	92	79	96	96	84	84	101	103	79	90	85	98	69	87	61	64	47	62
64	170	1	2	119	0	1953125	12	0.0	0	1.00	0	0	V0.2	0	0	128	70	127	60	137	63	146	59	152	70	161	68	157	77	172	64	171	70	180	62	164	66	165	71	155	81	148	85	159	144	166	150	117	214	242	309	240	274	360	489	474	517	539	630	607	688	857	1000	975	744	872	758	620	511	748	860	566	386	247	331	398	277	324	148	115	35	66	55	73	65	84	62	60	85	78	74	66	93	78	83	80	80	71	64	60
64	170	1	2	119	0	1953125	12	0.0	0	0.99	0	0	V0.2	0	0	59	56	59	58	55	55	57	59	50	50	60	54	58	51	80	55	86	53	103	39	101	41	123	37	133	40	140	36	176	81	205	67	205	120	311	222	254	248	352	439	447	497	497	602	571	661	757	1000	837	778	745	793	524	530	646	838	447	323	148	323	370	262	364	152	176	65	103	21	108	12	112	16	88	19	98	25	86	37	92	49	88	56	66	43	57
64	170	1	2	119	0	1953125	12	0.0	0	1.00	0	0	V0.2	0	0	135	76	141	65	150	65	159	59	166	66	176	64	175	67	192	57	192	61	196	52	187	57	186	66	178	76	169	82	180	143	189	154	137	215	252	304	252	273	378	494	499	519	567	652	644	702	890	1000	975	723	880	777	662	532	774	875	595	411	266	321	376	241	309	121	96	35	67	50	71	65	84	63	58	91	80	78	64	98	80	90	72	84	63	67	56
64	170	1	2	119	0	1953125	12	0.0	0	1.00	0	0	V0.2	0	0	133	82	139	67	150	69	159	61	168	64	178	60	177	63	193	52	195	51	201	43	188	50	191	52	183	67	176	74	187	137	197	147	147	217	263	300	260	269	383	481	501	513	573	646	660	708	907	1000	988	710	874	774	683	531	785	891	632	415	285	326	381	236	302	116	81	35	71	52	77	65	87	65	65	91	83	79	73	100	87	84	83	81	72	68	64
64	170	1	2	119	0	1953125	12	0.0	0	0.99	0	0	V0.2	0	0	85	28	85	27	80	22	86	34	74	29	82	37	72	51	90	55	91	73	104	57	101	75	117	76	128	81	132	76	174	120	198	116	189	175	314	224	299	180	407	387	523	435	576	551	662	624	850	1000	900	811	745	816	531	556	652	886	519	337	213	392	320	346	334	180	181	35	80	77	86	76	87	60	70	68	80	57	75	60	84	60	83	56	70	38	53
64	170	1	2	119	0	1953125	12	0.0	0	0.99	0	0	V0.2	0	0	55	58	56	59	49	56	51	61	47	51	56	56	58	53	78	56	85	53	101	42	99	43	120	41	131	44	138	43	172	85	198	70	205	125	304	234	250	257	334	436	440	508	488	613	576	684	764	1000	841	774	734	776	548	538	654	830	464	313	167	332	384	265	365	156	165	68	108	30	114	21	115	31	91	18	101	31	86	44	92	53	88	63	68	45	54
64	170	1	2	119	0	1953125	12	0.0	0	1.00	0	0	V0.2	0	0	133	64	133	52	141	62	146	59	150	71	160	69	156	83	170	75	165	85	174	72	164	82	163	90	152	99	145	103	156	154	158	160	118	215	224	308	231	286	342	484	457	515	513	639	601	697	828	1000	933	720	809	777	658	560	725	871	582	410	253	340	356	239	302	117	98	10	64	66	71	74	78	70	58	95	72	86	60	100	70	95	63	92	56	76	43
64	170	1	2	119	0	1953125	12	0.0	0	0.99	0	0	V0.2	0	0	20	83	14	84	11	83	11	81	20	78	31	74	43	74	62	81	75	79	84	84	80	85	99	103	103	107	110	122	128	164	157	159	164	204	248	327	170	322	281	512	398	552	479	655	572	705	808	1000	948	730	826	736	649	510	751	802	590	341	261	256	399	278	311	226	92	125	75	90	82	76	94	89	66	63	81	82	62	82	76	89	64	89	56	58	46
64	170	1	2	119	0	1953125	12	0.0	0	1.00	0	0	V0.2	0	0	103	103	108	93	123	91	133	85	148	83	154	76	163	68	175	58	183	49	188	46	177	35	182	28	176	25	176	41	187	87	211	91	171	166	293	250	285	234	411	418	523	461	609	579	700	637	930	933	1000	675	850	733	702	502	784	797	630	343	300	285	378	266	274	161	67	53	73	50	82	44	97	48	79	64	105	52	89	69	112	55	105	48	99	21	90
64	170	1	2	119	0	1953125	12	0.0	0	1.00	0	0	V0.2	0	0	72	134	58	139	60	149	55	153	67	165	66	160	80	171	76	174	84	179	81	172	81	167	91	164	102	151	112	152	140	153	184	139	174	149	310	267	274	257	409	449	533	485	616	588	718	638	923	999	983	779	814	823	668	567	792	876	674	334	343	330	350	319	245	194	61	56	67	75	77	63	96	61	87	64	111	58	100	64	116	51	105	48	96	20	96
64	170	1	2	119	0	1953125	12	0.0	0	0.99	0	0	V0.2	0	0	59	58	57	59	54	54	54	59	49	50	56	53	56	52	79	56	85	54	103	41	99	44	122	44	134	42	140	41	174	82	201	69	204	125	308	231	251	250	338	438	439	500	492	614	576	673	760	1000	840	771	733	784	552	564	676	855	498	359	188	331	373	254	359	154	160	56	110	28	113	22	120	27	94	26	104	31	93	50	97	51	91	68	70	47	60
64	170	1	2	119	0	1953125	12	0.0	0	0.99	0	0	V0.2	0	0	49	69	52	68	49	69	52	66	49	69	51	67	48	80	52	92	54	100	53	108	43	121	49	140	49	146	48	162	65	204	93	200	95	259	198	353	177	311	302	489	434	520	517	622	626	680	892	979	999	716	859	746	699	511	799	809	620	285	298	300	413	332	302	256	83	134	64	118	67	100	75	104	52	85	68	93	52	94	66	91	63	94	54	61	47
64	170	1	2	119	0	1953125	12	0.0	0	0.99	0	0	V0.2	0	0	77	35	78	40	70	33	76	41	67	35	74	41	68	48	86	52	90	60	105	46	104	53	121	55	138	55	144	47	180	85	210	79	199	134	321	211	287	199	386	406	488	461	548	590	633	638	801	1000	859	787	736	847	564	602	674	902	508	370	192	349	308	279	340	146	181	18	99	48	101	52	111	39	90	51	103	42	94	52	97	53	96	58	78	44	63
64	170	1	2	119	0	1953125	12	0.0	0	0.99	0	0	V0.2	0	0	77	35	78	40	70	33	76	41	67	35	74	41	68	48	86	52	90	60	105	46	104	53	121	55	138	55	144	47	180	85	210	79	199	134	321	211	287	199	386	406	488	461	548	590	633	638	801	1000	859	787	736	847	564	602	674	902	508	370	192	349	308	279	340	146	181	18	99	48	101	52	111	39	90	51	103	42	94	52	97	53	96	58	78	44	63
64	170	1	2	119	0	1953125	12	0.0	0	0.99	0	0	V0.2	0	0	82	42	86	39	79	43	84	37	76	54	78	53	68	78	73	85	70	106	65	111	59	125	55	148	63	151	59	167	91	209	111	211	87	272	228	335	236	256	377	448	505	466	598	579	689	630	933	948	1000	723	865	792	680	539	809	862	658	297	323	320	328	363	247	247	106	109	17	127	16	115	26	112	17	103	34	101	31	103	51	97	55	87	52	56	43
64	170	1	2	119	0	1953125	12	0.0	0	0.99	0	0	V0.2	0	0	71	40	73	39	69	36	71	44	63	39	71	43	67	47	84	51	89	58	103	42	101	47	120	50	135	48	139	45	180	84	204	74	199	133	318	213	279	199	373	397	472	454	528	575	612	641	797	999	857	795	736	827	548	596	679	899	506	358	196	371	341	298	353	157	180	23	107	51	114	52	116	34	94	46	104	36	94	51	100	54	99	62	76	45	63
64	170	1	2	119	0	1953125	12	0.0	0	0.99	0	0	V0.2	0	0	83	32	79	34	78	36	76	43	70	41	74	49	69	50	86	54	88	55	104	40	97	48	122	42	132	47	143	33	177	79	202	67	216	134	314	219	258	219	329	405	433	475	475	581	565	650	752	1000	842	777	730	790	547	561	668	852	461	315	167	332	376	275	383	180	202	83	119	44	121	32	118	46	87	25	93	41	82	46	80	49	79	66	64	51	53
64	170	1	2	119	0	1953125	12	0.0	0	0.99	0	0	V0.2	0	0	80	27	80	29	76	30	76	38	68	34	72	43	68	45	83	52	83	53	101	38	93	45	117	39	129	46	139	32	173	74	198	64	210	128	311	213	258	214	332	402	436	468	474	574	561	639	744	1000	851	787	735	805	568	574	663	855	464	323	164	326	367	275	390	189	214	87	125	48	127	35	125	48	90	30	99	47	84	50	86	50	81	72	73	59	57
64	170	1	2	119	0	1953125	12	0.0	0	0.99	0	0	V0.2	0	0	82	23	81	22	79	23	78	34	70	31	77	42	68	45	85	49	85	56	101	38	92	50	120	43	130	49	140	34	175	77	204	66	210	130	312	205	265	209	342	402	448	474	499	594	588	646	758	1000	842	788	753	842	572	585	687	882	467	321	144	320	355	279	387	180	219	84	134	44	126	32	124	43	95	27	103	44	88	46	87	54	87	71	70	60	63
64	170	1	2	119	0	1953125	12	0.0	0	0.99	0	0	V0.2	0	0	70	46	68	47	64	43	68	50	60	42	67	47	65	48	81	52	87	54	104	40	102	46	122	44	135	44	145	40	179	74	205	68	201	117	312	214	278	220	369	406	459	464	514	587	597	639	776	1000	838	772	724	832	576	598	676	889	499	357	180	347	342	278	350	145	175	26	109	44	116	40	118	27	94	39	105	34	94	49	100	51	95	58	75	46	62
64	170	1	2	119	0	1953125	12	0.0	0	0.99	0	0	V0.2	0	0	65	52	63	55	61	48	64	58	57	48	65	53	64	49	83	55	89	54	106	42	105	45	127	43	138	44	144	38	177	74	204	64	202	115	310	220	271	229	351	412	449	472	495	590	582	641	761	1000	839	776	730	823	571	593	678	875	495	366	191	347	350	269	355	142	172	35	106	34	114	36	120	22	94	35	105	31	96	46	98	51	94	60	73	41	58
64	170	1	2	119	0	1953125	12	0.0	0	0.99	0	0	V0.2	0	0	77	32	79	32	74	26	79	36	69	31	77	38	69	47	86	50	88	63	103	49	101	58	117	64	132	64	137	59	175	92	198	88	190	145	317	213	296	190	391	387	492	438	554	568	632	609	816	1000	871	789	740	847	564	606	692	902	499	346	197	369	321	316	350	171	190	27	97	69	104	67	107	50	87	61	97	47	92	57	96	57	96	59	76	45	63
64	170	1	2	119	0	1953125	12	0.0	0	0.99	0	0	V0.2	0	0	73	37	74	40	67	33	71	44	63	38	71	41	65	47	83	49	88	57	102	43	103	50	117	50	134	48	137	45	174	75	196	71	190	126	313	211	288	199	370	387	470	445	526	564	601	608	788	1000	859	792	730	827	551	591	670	875	475	341	191	373	335	302	357	168	189	22	103	55	110	56	115	37	91	47	100	38	93	50	96	49	95	56	75	43	60
64	170	1	2	119	0	1953125	12	0.0	0	0.99	0	0	V0.2	0	0	82	15	83	13	82	14	79	27	73	26	79	38	71	46	82	50	83	60	95	45	89	58	113	55	123	60	131	53	170	87	193	77	196	144	317	206	274	185	353	377	460	441	509	559	588	615	774	1000	860	812	734	816	536	574	668	869	457	318	160	358	349	306	392	195	224	66	131	44	131	36	130	34	100	23	101	33	91	42	91	51	91	66	77	56	63
64	170	1	2	119	0	1953125	12	0.0	0	0.99	0	0	V0.2	0	0	84	19	82	18	80	22	83	29	71	29	76	40	70	46	84	49	85	55	99	44	94	53	116	48	130	50	139	40	172	75	201	71	206	129	310	199	261	196	341	386	437	447	490	575	571	613	757	1000	840	793	751	848	571	597	713	911	481	328	163	344	347	283	387	181	221	77	138	45	130	32	129	44	99	25	102	41	93	48	91	53	90	69	76	60	64
64	170	1	2	119	0	1953125	12	0.0	0	0.99	0	0	V0.2	0	0	80	27	82	28	75	23	81	34	71	30	78	36	69	47	87	51	89	68	103	53	101	65	115	70	131	71	136	66	172	97	195	96	183	151	312	217	299	183	392	376	496	425	551	556	632	601	825	1000	890	809	762	857	574	610	712	924	524	351	211	394	322	338	343	186	189	42	100	80	104	76	109	58	87	65	98	53	90	61	96	55	92	60	81	48	63
64	170	1	2	119	0	1953125	12	0.0	0	0.99	0	0	V0.2	0	0	55	59	53	62	51	55	53	62	50	56	58	57	59	53	78	55	86	55	105	43	102	44	121	45	135	43	142	44	171	75	195	66	194	112	304	234	249	241	325	418	416	471	465	594	551	644	746	1000	838	775	742	801	567	573	686	864	501	364	214	350	372	263	361	154	165	51	111	31	119	27	123	28	97	28	107	32	93	48	98	50	89	63	69	45	57
64	170	1	2	119	0	1953125	12	0.0	0	0.99	0	0	V0.2	0	0	75	34	75	36	69	31	75	40	66	34	72	39	66	47	85	49	88	59	101	45	101	52	118	57	132	55	136	51	173	85	194	78	185	134	311	210	282	187	373	377	474	427	525	552	611	610	803	1000	869	800	739	834	552	592	678	890	486	347	207	390	330	317	355	174	190	25	102	64	111	64	115	47	90	52	101	44	93	52	97	51	92	61	75	43	63
64	170	1	2	119	0	1953125	12	0.0	0	0.99	0	0	V0.2	0	0	43	76	45	77	48	73	53	68	50	72	55	69	52	83	57	88	57	103	51	103	39	119	40	139	42	145	36	156	57	207	81	201	84	271	197	341	186	258	308	439	447	456	527	561	623	607	872	930	1000	735	868	755	672	506	797	824	608	226	287	313	374	378	295	300	134	163	20	143	30	121	33	123	20	94	31	99	28	91	49	82	49	88	61	61	51
64	170	1	2	119	0	1953125	12	0.0	0	0.99	0	0	V0.2	0	0	85	16	80	13	82	15	82	24	71	26	77	37	69	47	84	52	83	58	97	45	90	57	114	59	125	60	129	50	168	86	192	78	200	142	308	200	271	182	350	370	458	430	488	546	581	609	765	1000	857	801	738	836	559	584	675	891	465	314	161	362	339	302	385	188	226	69	133	44	130	31	129	36	99	22	103	36	92	40	90	46	86	66	76	54	61
64	170	1	2	119	0	1953125	12	0.0	0	0.99	0	0	V0.2	0	0	80	13	81	1	81	2	81	20	73	23	76	33	68	47	82	51	79	63	89	50	82	66	103	66	115	73	122	67	160	97	181	90	188	158	303	203	276	168	354	347	458	413	499	525	585	593	778	1000	888	822	741	820	540	579	663	887	469	305	161	368	333	327	386	208	238	69	126	49	129	45	128	39	103	23	104	34	94	39	92	48	93	64	79	56	65
64	170	1	2	119	0	1953125	12	0.0	0	0.99	0	0	V0.2	0	0	84	25	80	28	80	30	78	39	73	36	75	45	71	49	88	54	88	61	102	44	98	53	119	50	132	54	139	40	173	81	199	72	206	132	312	217	270	204	341	391	441	453	479	567	561	620	740	1000	873	826	764	821	564	581	678	879	484	320	164	340	360	296	384	188	218	75	127	44	123	31	126	40	93	23	95	40	86	43	85	49	84	65	68	53	58
64	170	1	2	119	0	1953125	12	0.0	0	0.99	0	0	V0.2	0	0	89	10	88	14	87	13	88	30	77	29	82	42	74	53	88	59	87	69	99	55	93	70	115	67	127	75	130	65	170	104	195	98	205	158	312	210	285	183	372	379	490	448	529	563	615	623	783	1000	872	827	752	841	568	613	701	909	492	316	168	382	361	330	380	192	224	63	133	53	131	41	125	34	100	23	102	31	91	38	89	43	88	57	76	51	61
64	170	1	2	119	0	1953125	12	0.0	0	0.99	0	0	V0.2	0	0	65	53	61	53	57	55	55	58	52	55	56	58	57	54	77	59	79	51	97	42	90	45	120	48	127	51	134	53	161	98	185	85	206	149	282	262	211	272	273	435	380	507	426	607	526	667	744	1000	876	763	784	763	622	543	735	828	515	269	202	305	428	286	384	225	180	137	111	97	106	86	103	95	69	68	76	83	59	77	68	80	67	88	63	69	54
64	170	1	2	119	0	1953125	12	0.0	0	0.99	0	0	V0.2	0	0	46	74	40	75	37	76	31	77	33	73	38	71	49	69	66	74	76	69	86	69	80	72	105	88	113	91	115	107	133	152	156	144	174	209	243	327	167	307	252	479	386	535	449	629	550	676	800	1000	971	759	853	745	689	522	782	800	569	260	241	273	432	321	353	289	152	181	61	137	68	120	66	125	32	91	49	106	34	95	52	91	49	95	63	68	51
64	170	1	2	119	0	1953125	12	0.0	0	0.99	0	0	V0.2	0	0	73	46	68	47	67	48	66	56	61	49	63	55	63	53	82	56	88	53	106	41	98	42	125	42	135	46	143	41	170	85	200	73	209	129	293	245	231	255	291	439	405	500	440	617	546	653	729	1000	860	769	768	800	621	568	713	840	482	301	153	276	376	255	380	207	195	124	116	75	107	60	111	75	77	47	85	66	72	65	74	69	73	82	64	63	54
64	170	1	2	119	0	1953125	12	0.0	0	0.99	0	0	V0.2	0	0	34	76	34	76	29	73	28	75	32	68	40	67	48	64	69	70	80	66	95	63	93	65	114	76	122	80	129	91	151	121	179	116	184	155	268	287	201	294	282	479	390	522	442	643	548	676	759	1000	872	737	778	767	643	559	744	825	535	342	221	276	394	256	349	196	131	103	102	66	104	51	110	64	83	45	95	63	77	68	86	73	77	79	62	54	54
64	170	1	2	119	0	1953125	12	0.0	0	0.99	0	0	V0.2	0	0	16	85	10	83	4	84	7	82	19	78	27	74	41	74	58	82	71	83	81	87	75	91	94	112	100	111	105	131	119	166	147	165	150	210	232	337	166	323	267	504	390	537	470	657	574	688	826	1000	940	720	832	738	676	531	802	810	578	299	267	272	418	306	324	240	95	135	78	104	81	88	85	96	60	71	76	92	56	89	69	89	59	90	57	59	47
64	170	1	2	119	0	1953125	12	0.0	0	0.99	0	0	V0.2	0	0	85	29	88	20	84	27	89	21	78	37	81	40	68	66	73	75	77	100	76	101	69	112	71	136	83	137	78	148	119	187	135	187	109	244	247	302	278	220	404	416	528	430	613	564	694	590	940	981	1000	774	851	820	662	565	782	868	596	263	273	344	312	386	285	262	153	112	29	133	31	122	36	109	26	105	40	102	43	100	64	90	64	83	64	59	50
64	170	1	2	119	0	1953125	12	0.0	0	0.99	0	0	V0.2	0	0	73	40	73	44	68	39	72	45	61	38	70	44	66	48	81	49	89	57	102	40	103	51	122	45	136	48	142	42	181	78	203	76	201	123	310	208	277	204	368	407	473	455	517	584	607	630	780	1000	851	809	742	829	552	595	684	901	502	354	182	366	342	298	361	161	187	29	113	48	116	46	121	33	96	42	107	35	96	50	98	51	95	63	77	42	62
64	170	1	2	119	0	1953125	12	0.0	0	0.99	0	0	V0.2	0	0	54	73	59	68	59	70	66	55	58	68	64	59	57	80	63	80	59	103	54	100	43	119	48	137	57	143	54	150	96	194	120	197	116	262	257	295	266	188	391	388	526	417	600	545	697	601	918	1000	976	820	807	831	598	577	732	904	533	247	195	401	335	414	367	259	235	105	114	98	120	83	113	67	101	52	95	52	94	49	93	57	95	64	87	54	65
64	170	1	2	119	0	1953125	12	0.0	0	0.99	0	0	V0.2	0	0	40	68	40	70	35	66	37	69	37	62	45	64	49	59	70	62	78	59	95	54	93	53	113	59	125	62	130	70	160	101	183	91	190	133	277	263	220	276	295	452	396	503	433	608	531	659	743	1000	864	767	762	764	594	540	707	825	499	293	212	320	410	271	369	185	158	92	113	58	113	42	116	57	85	34	100	55	81	59	87	60	76	72	62	49	51
64	170	1	2	119	0	1953125	12	0.0	0	0.99	0	0	V0.2	0	0	71	34	72	39	65	36	67	44	62	41	67	43	65	48	79	49	87	52	99	39	103	42	118	42	135	39	139	40	174	70	199	66	194	108	301	224	250	239	331	427	421	482	458	596	542	641	736	1000	850	776	741	782	586	557	679	833	496	309	189	311	393	260	363	173	159	86	105	50	114	42	115	55	83	36	98	60	79	59	85	67	75	73	63	55	49
64	170	1	2	119	0	1953125	12	0.0	0	0.99	0	0	V0.2	0	0	85	16	82	13	83	11	83	25	74	24	76	35	69	47	86	51	82	64	97	47	89	61	113	61	122	65	131	58	172	91	196	91	202	146	312	201	273	180	361	379	473	437	510	567	604	615	778	1000	851	793	720	825	551	573	656	865	443	281	132	351	349	313	391	192	232	70	133	44	133	35	129	32	99	18	102	29	91	38	92	43	86	61	76	54	61
64	170	1	2	119	0	1953125	12	0.0	0	0.99	0	0	V0.2	0	0	70	43	68	43	65	39	66	47	61	38	69	44	63	46	82	49	87	55	103	38	98	46	119	44	134	47	139	41	177	76	196	71	196	121	305	207	277	207	361	393	465	445	498	569	595	625	779	1000	843	782	708	816	556	574	665	877	472	305	169	369	358	310	371	168	193	38	116	49	119	43	118	29	93	36	102	31	91	44	96	44	90	58	74	43	59
64	170	1	2	119	0	1953125	12	0.0	0	0.99	0	0	V0.2	0	0	50	71	51	68	47	70	50	68	45	69	46	66	45	79	51	89	56	102	52	109	41	120	50	142	52	146	52	164	66	204	94	205	92	250	189	357	169	313	298	504	437	517	507	631	604	652	867	989	1000	715	870	762	714	499	799	809	605	252	275	269	409	331	317	265	99	149	62	120	70	101	79	106	49	81	69	95	52	92	64	92	62	93	54	60	46
64	170	1	2	119	0	1953125	12	0.0	0	0.99	0	0	V0.2	0	0	56	63	54	64	50	60	54	66	46	55	58	57	57	53	78	57	86	55	105	43	102	44	124	45	141	48	147	47	178	82	205	75	204	108	301	233	245	249	329	450	428	487	467	620	562	646	739	1000	835	763	737	810	571	556	680	868	505	355	181	302	351	240	357	153	169	63	111	23	111	20	124	24	90	24	106	28	91	48	95	46	88	64	66	43	59
64	170	1	2	119	0	1953125	12	0.0	0	0.99	0	0	V0.2	0	0	75	39	76	40	70	31	73	44	63	38	74	41	65	46	83	46	87	58	105	40	103	50	120	51	139	51	142	48	182	84	205	81	203	128	312	202	276	193	379	406	482	448	530	590	622	630	798	1000	839	784	727	848	554	581	675	906	502	343	173	357	331	301	367	162	191	28	117	52	117	52	118	31	93	45	103	36	95	46	97	50	93	59	75	43	62
64	170	1	2	119	0	1953125	12	0.0	0	0.99	0	0	V0.2	0	0	71	52	71	54	65	48	70	56	61	47	70	51	65	51	88	54	91	59	108	43	107	47	129	48	143	50	149	43	186	78	209	76	207	118	312	211	272	212	369	414	465	455	510	595	600	637	778	1000	827	776	719	833	554	572	668	902	502	339	177	356	344	286	362	150	179	29	110	39	112	34	116	21	87	34	101	26	90	39	89	43	88	51	67	35	53
64	170	1	2	119	0	1953125	12	0.0	0	0.99	0	0	V0.2	0	0	54	62	54	65	50	58	53	64	46	56	56	57	57	54	78	57	86	54	103	42	104	45	124	44	140	47	145	47	178	82	204	74	206	113	302	231	241	247	328	446	429	486	466	616	563	652	750	1000	829	768	737	810	573	560	698	881	509	336	193	325	378	268	373	158	172	65	119	36	119	22	124	31	92	21	106	33	92	43	92	53	90	65	69	46	57
64	170	1	2	119	0	1953125	12	0.0	0	0.99	0	0	V0.2	0	0	61	65	61	61	58	63	61	55	56	60	57	61	49	78	55	86	56	103	49	106	37	123	37	143	41	152	35	167	57	207	83	214	82	266	188	354	181	290	322	487	462	494	539	620	643	644	900	963	1000	721	869	758	695	498	814	839	649	239	302	304	397	378	299	278	95	151	48	140	51	118	57	118	31	98	53	104	39	103	62	96	52	95	59	65	46
64	170	1	2	119	0	1953125	12	0.0	0	0.99	0	0	V0.2	0	0	77	22	81	23	74	19	80	29	68	29	74	33	68	46	80	48	86	56	96	46	100	51	115	55	134	50	139	47	177	76	200	75	198	122	308	202	264	199	359	401	452	449	496	588	583	635	768	1000	818	768	709	806	546	562	668	877	486	320	171	334	369	280	378	155	180	64	116	33	124	23	118	32	94	19	105	40	89	47	95	56	83	64	67	49	53
64	170	1	2	119	0	1953125	12	0.0	0	0.99	0	0	V0.2	0	0	82	30	85	17	77	23	85	16	73	31	78	31	69	59	73	64	78	84	77	83	81	94	84	112	101	109	101	118	145	146	162	151	151	204	286	247	288	171	409	382	526	409	583	550	666	599	874	1000	920	804	747	820	559	578	678	904	527	305	197	389	328	368	359	200	199	47	96	85	109	72	107	57	86	57	93	49	86	52	94	53	89	56	78	44	57
64	170	1	2	119	0	1953125	12	0.0	0	0.99	0	0	V0.2	0	0	49	64	47	65	43	62	46	64	41	58	49	57	51	54	74	57	81	55	98	44	95	45	117	50	129	50	137	57	168	86	191	78	197	119	287	242	231	262	313	448	415	501	459	624	549	658	747	1000	844	757	729	769	571	536	685	841	486	282	177	307	398	276	377	174	171	85	111	40	116	34	117	43	88	25	100	41	85	47	91	54	81	67	67	47	51
64	170	1	2	119	0	1953125	12	0.0	0	0.99	0	0	V0.2	0	0	77	34	78	31	74	24	76	37	66	30	73	36	68	46	83	47	86	59	99	48	100	56	116	62	131	61	135	61	175	89	194	92	188	140	302	202	279	183	382	386	486	423	530	565	616	603	813	1000	865	777	702	812	543	573	658	887	491	317	172	354	314	319	359	176	199	30	100	64	111	59	106	44	85	54	96	42	89	52	96	54	92	57	74	42	58
64	170	1	2	119	0	1953125	12	0.0	0	0.99	0	0	V0.2	0	0	13	88	8	85	3	85	7	81	21	79	27	75	39	75	55	84	70	85	78	88	71	92	90	112	98	115	104	136	117	165	146	171	153	208	231	331	154	319	277	518	401	540	474	661	571	688	826	999	956	741	845	753	667	507	797	833	604	272	272	270	415	324	331	247	101	138	74	110	79	94	84	101	58	75	76	91	55	88	69	89	58	90	54	60	44
64	170	1	2	119	0	1953125	12	0.0	0	0.99	0	0	V0.2	0	0	34	72	34	74	30	72	29	71	29	68	40	65	48	63	65	66	78	65	92	63	91	62	110	72	123	74	127	85	153	115	181	114	187	149	272	280	198	289	290	483	395	520	448	645	544	681	763	1000	887	760	785	764	603	522	741	847	551	291	235	293	419	286	370	204	149	109	107	73	110	61	112	74	79	47	96	67	78	66	84	74	78	80	61	51	50
64	170	1	2	119	0	1953125	12	0.0	0	0.99	0	0	V0.2	0	0	85	19	85	14	80	7	84	20	74	21	80	30	69	51	84	55	85	75	95	66	90	78	104	90	119	92	120	93	162	130	178	135	173	187	292	229	290	174	418	388	531	422	589	563	676	610	879	1000	922	802	771	857	593	586	716	934	553	301	201	395	318	373	338	216	193	72	90	101	97	93	92	76	78	76	84	69	84	71	88	69	88	65	77	48	61
64	170	1	2	119	0	1953125	12	0.0	0	0.99	0	0	V0.2	0	0	36	76	33	78	30	74	30	76	31	68	42	69	48	63	67	66	79	65	95	60	92	63	116	73	127	76	133	88	162	116	188	115	195	148	274	277	200	292	299	490	401	522	452	654	554	688	768	999	869	747	778	783	617	533	751	870	560	315	233	294	408	275	362	189	143	103	109	67	111	54	114	64	84	42	100	62	82	68	87	68	74	77	60	49	51
64	170	1	2	119	0	1953125	12	0.0	0	0.99	0	0	V0.2	0	0	45	69	43	70	37	65	39	69	35	61	43	62	50	58	71	62	79	58	96	53	93	51	116	60	131	60	134	69	161	97	190	95	197	132	281	259	210	272	301	467	401	499	440	632	541	672	758	1000	849	740	749	773	586	525	714	855	520	308	208	300	403	272	368	179	156	94	111	53	113	42	117	57	85	34	101	55	84	58	89	60	77	73	64	48	53
64	170	1	2	119	0	1953125	12	0.0	0	0.99	0	0	V0.2	0	0	32	72	31	73	27	70	29	72	29	61	40	64	45	57	69	63	78	55	96	51	93	49	116	50	126	54	134	57	165	87	188	77	202	116	288	231	236	249	319	434	419	472	451	599	550	645	754	999	844	775	722	787	539	541	668	861	468	309	172	343	366	289	373	167	194	44	114	38	117	33	122	24	91	34	106	30	92	45	95	47	91	57	71	39	58
64	170	1	2	119	0	1953125	12	0.0	0	0.99	0	0	V0.2	0	0	87	40	85	39	88	37	89	35	81	44	84	49	71	71	82	77	76	101	79	93	65	115	78	126	85	136	88	138	129	181	148	190	152	246	276	274	286	186	413	397	550	421	605	562	706	609	929	1000	984	828	818	844	621	589	763	927	563	247	201	406	338	429	352	282	227	121	102	117	106	99	97	84	85	68	82	66	79	66	83	61	80	65	79	52	60
64	170	1	2	119	0	1953125	12	0.0	0	0.99	0	0	V0.2	0	0	86	21	82	9	85	10	86	15	76	24	79	35	70	54	81	55	75	77	90	66	76	83	99	89	108	97	113	91	153	126	180	135	186	183	298	208	286	170	398	369	512	419	562	567	656	615	852	1000	883	799	735	838	570	592	694	904	474	248	134	394	345	374	387	228	245	84	134	77	135	60	127	45	104	33	103	36	97	41	93	45	92	59	86	54	66
64	170	1	2	119	0	1953125	12	0.0	0	0.99	0	0	V0.2	0	0	82	28	81	24	76	18	82	31	70	24	77	35	69	46	85	52	82	64	101	54	96	69	114	73	124	79	129	78	169	106	186	113	184	157	296	213	301	186	406	384	519	429	561	567	651	607	847	1000	893	793	731	841	592	604	692	899	497	286	171	395	330	357	352	204	204	54	96	88	110	74	102	60	83	63	90	56	86	62	92	59	88	61	76	45	59
64	170	1	2	119	0	1953125	12	0.0	0	0.99	0	0	V0.2	0	0	88	14	91	7	86	2	90	18	76	25	86	32	70	57	86	62	83	84	92	78	87	92	97	107	108	110	107	114	149	146	163	157	159	206	285	258	303	192	422	396	549	427	610	574	697	603	910	1000	958	788	775	826	621	603	735	886	537	268	216	389	316	384	320	243	192	83	66	118	74	106	73	92	56	89	68	81	63	84	77	76	75	71	70	49	56
64	170	1	2	119	0	1953125	12	0.0	0	0.99	0	0	V0.2	0	0	84	16	82	2	82	0	84	19	72	20	79	33	68	48	82	52	79	68	92	56	83	72	106	73	117	81	123	75	163	105	184	108	193	157	305	202	285	177	380	374	494	431	538	570	622	602	806	1000	878	810	728	823	544	578	662	863	428	249	118	358	338	342	397	219	259	82	135	52	132	40	126	34	101	19	100	30	91	35	91	41	91	61	79	53	64
64	170	1	2	119	0	1953125	12	0.0	0	0.99	0	0	V0.2	0	0	80	38	81	30	81	30	86	26	74	34	81	41	66	60	77	66	70	86	75	80	69	100	81	112	91	119	92	123	135	154	154	165	154	220	283	248	285	167	405	380	537	415	593	557	681	592	891	1000	956	821	779	842	596	589	706	878	484	231	167	383	320	405	372	271	251	110	123	101	121	83	111	66	95	50	92	53	85	50	89	53	93	63	85	53	67
64	170	1	2	119	0	1953125	12	0.0	0	0.99	0	0	V0.2	0	0	15	91	7	90	4	89	12	84	23	82	30	80	42	82	56	88	65	89	71	92	64	98	84	118	87	123	95	142	106	181	132	179	149	237	214	343	151	321	274	510	413	545	491	671	587	684	841	1000	982	753	877	769	695	503	798	805	546	220	225	258	412	343	368	296	161	189	71	135	67	110	73	121	37	82	59	93	43	88	54	82	58	97	59	67	52
64	170	1	2	119	0	1953125	12	0.0	0	0.99	0	0	V0.2	0	0	89	18	92	0	84	5	93	15	78	27	83	32	72	56	85	61	82	83	91	81	88	97	97	113	110	114	110	125	150	151	164	165	155	208	284	259	299	192	432	401	552	424	617	584	711	610	924	1000	962	788	798	868	653	615	750	902	562	287	227	379	298	390	316	243	187	87	68	118	74	107	70	92	57	94	66	85	68	88	81	82	79	74	74	51	58
64	170	1	2	119	0	1953125	12	0.0	0	0.99	0	0	V0.2	0	0	81	40	81	32	78	37	84	29	70	44	74	42	60	71	69	78	66	99	64	100	57	118	56	137	64	143	60	162	98	192	104	203	93	255	225	315	250	235	391	438	527	443	598	584	694	610	939	962	1000	738	835	797	679	550	785	837	598	243	283	340	323	399	282	280	147	126	13	138	27	122	26	114	13	102	37	103	35	103	58	96	62	90	65	60	49
64	170	1	2	119	0	1953125	12	0.0	0	0.99	0	0	V0.2	0	0	92	16	93	4	84	0	89	16	79	25	82	32	73	56	85	61	83	84	93	78	89	91	100	107	114	107	113	118	153	147	165	158	158	206	289	252	297	184	423	394	545	419	609	577	706	615	922	1000	947	785	778	850	622	600	737	893	540	280	223	385	302	388	323	234	188	77	68	108	73	101	71	85	55	90	68	81	67	85	80	77	80	71	74	49	54
64	170	1	2	119	0	1953125	12	0.0	0	0.99	0	0	V0.2	0	0	31	78	30	78	28	76	28	74	31	74	30	72	39	78	49	86	60	90	62	96	57	105	72	124	77	128	83	147	98	176	125	176	137	217	211	335	156	318	277	510	404	533	470	660	575	689	832	1000	949	732	831	756	678	524	782	807	564	279	259	274	418	304	347	240	124	133	90	91	93	73	103	83	72	56	90	72	71	75	79	72	75	84	57	55	53
64	170	1	2	119	0	1953125	12	0.0	0	0.99	0	0	V0.2	0	0	88	17	89	0	83	6	88	13	76	24	84	31	71	57	83	60	80	84	89	81	85	94	95	110	108	110	107	120	148	150	160	162	150	207	277	252	293	183	421	397	545	415	605	570	700	609	924	1000	961	792	789	852	634	607	736	888	547	280	230	382	305	394	322	245	192	88	70	114	76	105	73	89	58	89	68	81	66	85	77	78	84	75	74	51	56
64	170	1	2	119	0	1953125	12	0.0	0	0.99	0	0	V0.2	0	0	64	60	67	57	62	59	67	54	59	61	60	62	54	77	57	91	60	104	49	110	42	124	40	149	43	153	39	171	60	206	82	210	71	260	187	346	189	290	333	487	473	497	552	625	651	646	908	960	1000	717	866	767	717	527	819	804	611	240	289	287	371	371	286	275	97	147	33	129	40	110	52	112	34	89	54	100	38	99	56	94	57	94	55	62	44
64	170	1	2	119	0	1953125	12	0.0	0	0.99	0	0	V0.2	0	0	86	26	89	16	82	21	89	17	79	34	84	37	71	63	79	70	75	95	78	93	74	111	78	126	90	130	88	144	128	177	138	189	123	238	258	289	282	211	418	418	549	433	619	585	717	618	950	996	1000	776	827	844	684	605	782	888	597	269	259	370	317	409	301	266	165	112	44	129	53	121	47	105	38	101	49	97	53	96	69	90	73	83	69	60	57
64	170	1	2	119	0	1953125	12	0.0	0	0.99	0	0	V0.2	0	0	85	26	85	17	78	25	87	19	76	35	80	37	67	65	76	71	72	94	75	91	70	107	72	127	81	132	80	144	118	178	127	182	111	236	248	289	271	212	405	414	539	430	603	568	700	611	938	982	1000	776	820	809	658	570	754	853	582	258	259	363	323	406	299	269	160	115	37	131	47	119	44	107	38	100	47	97	49	95	66	93	71	79	68	57	53
64	170	1	2	119	0	1953125	12	0.0	0	0.99	0	0	V0.2	0	0	83	22	83	23	80	18	84	28	72	27	81	34	70	48	85	51	85	71	101	60	98	71	112	78	126	81	128	81	169	110	187	115	178	163	298	216	295	182	406	381	516	422	567	562	648	607	846	1000	913	813	752	847	590	597	679	891	519	319	192	372	300	341	337	200	197	49	88	85	94	79	93	64	77	69	88	61	84	65	89	62	91	59	75	46	60
64	170	1	2	119	0	1953125	12	0.0	0	0.99	0	0	V0.2	0	0	40	83	44	77	42	81	42	76	44	79	44	78	49	85	56	96	65	104	67	111	59	118	71	140	74	142	78	161	93	196	120	194	121	234	209	353	168	327	295	523	427	547	496	664	592	689	841	1000	992	767	875	771	694	529	813	836	623	304	279	272	408	303	330	239	112	130	85	93	87	73	99	84	71	62	88	76	72	80	78	74	68	83	55	53	50
64	170	1	2	119	0	1953125	12	0.0	0	0.99	0	0	V0.2	0	0	11	92	12	91	13	89	22	85	29	83	35	80	49	86	58	90	66	97	69	97	64	105	80	126	86	131	89	145	102	188	126	188	147	248	214	344	149	304	273	500	411	530	484	643	586	679	844	992	1000	766	872	745	680	511	809	823	609	275	272	282	424	340	352	288	143	172	70	134	67	108	74	119	37	84	56	95	43	90	53	85	54	92	57	65	49
64	170	1	2	119	0	1953125	12	0.0	0	0.99	0	0	V0.2	0	0	84	22	81	15	85	12	87	18	75	27	83	37	67	57	81	60	75	80	85	67	75	89	93	94	101	104	110	100	148	133	167	140	173	193	290	218	282	159	388	359	507	404	555	543	649	600	850	1000	914	812	744	833	574	579	671	885	493	281	180	399	333	379	368	235	236	86	124	84	125	66	118	54	99	38	99	41	93	44	92	51	93	60	86	52	65
64	170	1	2	119	0	1953125	12	0.0	0	0.99	0	0	V0.2	0	0	58	63	61	60	56	60	61	56	56	60	58	64	52	77	54	86	55	103	50	109	39	120	39	142	42	149	37	164	57	202	83	202	75	248	178	337	187	296	322	478	459	495	529	606	623	633	885	958	1000	722	856	757	722	513	797	804	611	231	282	302	391	364	296	276	100	154	43	131	51	114	57	116	33	90	55	105	41	98	58	95	55	94	57	61	48
64	170	1	2	119	0	1953125	12	0.0	0	0.99	0	0	V0.2	0	0	59	55	61	58	52	51	54	60	50	50	61	53	59	52	81	54	86	52	103	42	102	44	120	40	136	42	140	41	173	70	194	68	197	105	290	214	243	234	330	423	435	475	464	599	559	640	743	1000	838	767	710	800	593	578	659	833	480	347	187	333	352	260	361	157	177	55	113	31	115	24	121	26	94	25	108	33	91	48	95	49	89	62	71	45	58
64	170	1	2	119	0	1953125	12	0.0	0	0.99	0	0	V0.2	0	0	84	17	83	8	83	6	84	19	76	24	80	35	68	54	84	56	74	75	88	63	77	80	99	85	109	94	114	85	152	116	171	120	178	174	294	208	279	158	372	353	493	407	535	543	631	593	825	999	894	799	717	814	558	576	654	851	450	276	162	375	319	351	372	221	240	74	123	66	125	57	117	42	99	32	98	36	91	40	90	45	88	57	82	51	63
64	170	1	2	119	0	1953125	12	0.0	0	0.99	0	0	V0.2	0	0	67	46	70	42	66	48	70	42	63	49	66	53	57	70	60	79	59	99	52	100	46	115	41	136	47	140	39	156	70	190	83	195	66	241	190	323	222	257	340	437	479	454	545	559	628	596	887	942	1000	729	833	749	687	523	762	783	574	217	283	329	370	384	284	288	120	145	14	139	33	122	34	116	16	97	38	102	30	99	53	95	55	88	58	60	46
64	170	1	2	119	0	1953125	12	0.0	0	0.99	0	0	V0.2	0	0	81	23	84	21	77	16	84	25	71	26	80	32	66	47	86	54	84	69	98	59	96	72	108	80	125	80	124	81	164	109	183	114	170	158	292	217	297	179	405	379	515	419	563	559	647	597	841	1000	914	805	755	850	600	616	695	879	495	305	193	380	307	350	336	205	200	59	96	86	96	83	98	64	78	69	88	59	84	66	91	61	91	64	79	47	60
64	170	1	2	119	0	1953125	12	0.0	0	0.99	0	0	V0.2	0	0	87	20	87	11	82	17	88	17	76	33	81	34	68	60	75	68	76	92	78	89	75	106	80	122	91	127	86	137	124	168	133	176	118	225	250	282	281	206	406	405	530	420	593	550	683	595	919	985	1000	787	821	824	661	586	761	866	583	277	275	381	326	403	294	262	160	111	44	132	51	119	51	106	42	100	53	97	53	96	68	91	70	79	68	56	53
64	170	1	2	119	0	1953125	12	0.0	0	0.99	0	0	V0.2	0	0	85	17	86	2	80	0	87	15	75	22	82	31	70	52	81	59	81	80	90	73	88	89	95	101	110	104	110	112	150	138	162	148	149	193	280	243	293	178	413	383	530	406	584	550	676	592	896	1000	945	787	770	843	628	605	721	879	533	290	229	388	308	384	320	232	187	81	75	114	81	102	78	87	63	86	76	81	72	80	81	74	85	72	76	49	57
64	170	1	2	119	0	1953125	12	0.0	0	0.99	0	0	V0.2	0	0	86	19	89	5	81	12	87	13	76	28	82	31	70	58	80	63	78	86	83	80	82	96	88	113	100	117	99	126	141	156	150	165	133	214	271	264	291	189	412	398	542	416	599	555	696	601	917	1000	979	791	799	839	644	600	748	882	563	288	257	391	318	404	314	253	178	96	59	125	66	115	65	100	55	94	64	90	65	88	76	82	80	75	75	55	60
64	170	1	2	119	0	1953125	12	0.0	0	0.99	0	0	V0.2	0	0	87	12	90	7	85	1	89	17	79	25	83	32	72	56	84	61	83	83	91	75	87	92	98	106	110	109	109	115	150	145	158	154	147	197	274	251	299	185	412	389	539	415	591	553	684	598	900	999	957	793	782	844	643	599	721	885	541	285	239	404	322	399	323	244	183	88	69	119	78	103	74	91	62	89	69	82	69	83	80	76	78	72	73	50	56
64	170	1	2	119	0	1953125	12	0.0	0	0.99	0	0	V0.2	0	0	85	26	88	17	84	23	86	17	77	35	81	36	67	61	79	70	74	94	78	89	72	108	75	126	89	131	85	143	125	174	134	184	116	228	246	285	283	205	404	414	546	425	601	559	690	587	919	980	1000	774	826	846	691	591	772	881	590	276	273	380	320	406	297	272	162	117	43	136	54	122	50	111	44	103	53	99	55	96	69	89	74	86	70	58	56
64	170	1	2	119	0	1953125	12	0.0	0	0.99	0	0	V0.2	0	0	82	16	85	14	81	5	86	22	74	24	81	30	69	52	83	56	82	72	93	67	93	81	99	91	117	94	116	101	157	128	170	134	157	182	286	235	302	178	406	379	526	416	579	554	664	597	878	999	939	800	756	834	606	592	699	878	513	291	213	405	327	387	336	233	192	72	80	105	89	97	87	80	73	77	78	73	76	73	83	69	84	67	77	48	60
64	170	1	2	119	0	1953125	12	0.0	0	0.99	0	0	V0.2	0	0	72	52	70	51	72	49	75	42	67	50	71	50	61	73	69	75	62	98	60	94	47	112	53	127	63	136	62	148	99	185	113	189	101	244	237	292	259	190	375	389	515	401	574	531	655	566	899	967	1000	792	817	812	639	543	711	828	538	230	240	356	318	416	328	303	210	140	82	129	86	110	80	100	72	78	69	78	65	70	75	69	74	71	81	55	62
64	170	1	2	119	0	1953125	12	0.0	0	0.99	0	0	V0.2	0	0	81	41	81	36	80	35	86	30	72	37	81	43	65	64	78	69	70	91	75	86	64	104	76	118	87	127	90	130	131	167	150	175	143	224	271	256	282	168	403	383	537	411	598	559	685	587	899	1000	969	816	809	879	646	609	733	896	525	262	199	383	308	407	356	271	238	116	117	109	116	92	109	76	95	62	92	61	87	62	91	61	91	66	86	55	71
64	170	1	2	119	0	1953125	12	0.0	0	0.99	0	0	V0.2	0	0	88	18	90	1	85	2	91	12	80	23	84	30	75	57	85	59	83	84	91	82	88	94	98	110	110	111	111	122	150	150	162	159	146	205	279	254	300	186	419	388	542	413	604	566	692	601	915	1000	963	781	784	854	657	604	735	888	553	294	239	391	307	392	317	233	182	83	67	121	76	109	74	95	59	91	68	86	70	86	80	81	79	72	76	54	56
64	170	1	2	119	0	1953125	12	0.0	0	1.00	0	0	V0.2	0	0	116	89	103	99	102	116	94	121	91	139	93	139	78	161	79	162	57	174	65	165	54	169	39	175	29	166	18	174	57	181	86	177	88	182	207	298	181	288	302	478	409	500	469	627	551	654	754	1000	814	779	691	834	567	601	645	848	510	339	247	363	282	319	259	178	100	47	27	94	43	88	56	80	53	82	70	85	64	91	71	92	61	89	43	75	48
64	170	1	2	119	0	1953125	12	0.0	0	0.99	0	0	V0.2	0	0	89	20	92	3	84	7	90	11	79	24	84	30	74	57	81	64	84	86	88	83	87	97	93	114	111	117	108	127	148	156	161	169	146	212	277	254	289	179	422	395	548	411	609	568	697	597	924	1000	959	779	800	871	659	598	743	903	573	304	249	386	298	392	314	238	178	86	65	117	71	107	70	94	56	94	65	83	65	86	76	79	84	75	74	52	59
64	170	1	2	119	0	1953125	12	0.0	0	0.99	0	0	V0.2	0	0	86	20	87	15	82	8	86	21	76	23	82	30	72	50	85	55	86	74	93	64	93	76	106	90	121	89	123	95	164	126	178	134	166	177	291	218	284	161	407	380	528	402	572	557	669	601	875	1000	903	770	741	856	611	600	699	891	530	330	231	383	292	358	329	200	185	51	82	99	89	91	90	73	71	80	85	67	78	75	90	68	88	67	78	46	60
64	170	1	2	119	0	1953125	12	0.0	0	0.99	0	0	V0.2	0	0	91	26	93	16	86	21	91	18	77	34	82	34	70	67	82	72	75	98	81	94	74	112	78	128	92	131	90	148	130	179	139	191	120	235	251	285	278	195	408	412	548	420	607	564	701	599	945	998	999	773	834	853	680	580	773	901	618	299	292	380	308	404	294	260	156	104	35	135	47	119	46	110	36	104	52	101	54	101	72	93	69	82	70	55	54
64	170	1	2	119	0	1953125	12	0.0	0	0.99	0	0	V0.2	0	0	79	43	80	38	76	42	80	34	71	47	73	48	62	72	67	79	65	104	60	102	55	118	50	141	58	145	53	161	88	197	100	205	75	251	208	315	235	235	373	440	512	440	577	570	667	599	924	951	1000	736	852	797	691	532	789	846	629	266	305	338	337	398	276	273	118	130	7	144	27	124	28	119	17	105	35	106	37	104	58	97	59	91	63	62	50
64	170	1	2	119	0	1953125	12	0.0	0	0.99	0	0	V0.2	0	0	85	17	87	10	81	2	87	15	74	24	81	30	67	51	82	57	83	77	91	71	89	87	98	98	112	101	112	106	154	137	164	146	156	195	282	237	289	173	409	379	534	409	582	551	676	602	895	1000	932	790	764	839	603	582	701	883	527	296	228	407	324	392	331	230	182	75	78	112	86	98	83	86	68	79	76	74	74	76	83	71	82	66	74	46	58
64	170	1	2	119	0	1953125	12	0.0	0	0.99	0	0	V0.2	0	0	71	49	70	47	66	50	71	43	64	54	67	53	58	74	60	82	59	99	53	104	44	119	38	141	46	147	35	163	66	198	82	202	63	252	189	331	210	263	335	454	478	454	540	571	629	604	895	947	1000	715	833	747	690	495	761	779	589	241	303	321	369	384	284	277	103	137	25	135	28	113	36	114	16	94	38	102	29	100	55	92	50	89	55	59	44
64	170	1	2	119	0	1953125	12	0.0	0	0.99	0	0	V0.2	0	0	87	24	89	11	84	18	88	15	76	31	83	35	70	61	79	66	76	92	81	92	78	108	81	125	95	130	92	140	134	170	146	180	122	226	263	279	284	192	412	407	547	413	608	565	700	599	936	998	1000	774	809	835	658	573	747	870	577	287	267	378	308	405	304	255	167	98	47	126	55	115	52	105	42	98	54	94	55	95	72	87	75	82	71	54	55
64	170	1	2	119	0	1953125	12	0.0	0	1.00	0	0	V0.2	0	0	131	63	132	55	135	68	142	68	142	82	153	80	145	96	159	93	152	101	161	94	151	97	143	106	139	109	124	119	138	153	128	164	94	206	200	303	208	276	318	485	429	500	482	644	557	675	797	1000	897	729	779	783	631	559	721	858	524	383	242	350	350	271	317	137	110	6	69	75	68	73	73	71	53	91	69	85	59	105	65	95	57	92	48	78	41
64	170	1	2	119	0	1953125	12	0.0	0	1.00	0	0	V0.2	0	0	26	80	22	85	29	74	23	78	29	73	33	71	35	76	56	83	63	90	76	95	73	108	84	116	98	127	96	140	121	166	143	164	137	183	227	323	180	331	295	527	415	546	471	666	561	691	807	1000	918	738	809	761	664	530	773	817	584	337	306	303	412	270	309	172	65	75	108	56	102	44	116	55	92	51	105	57	87	71	89	66	76	71	54	44	54
64	170	1	2	119	0	1953125	12	0.0	0	0.99	0	0	V0.2	0	0	57	66	57	65	53	67	58	59	51	64	51	64	48	78	51	89	56	103	48	107	39	119	41	144	45	149	43	169	60	202	86	206	82	253	185	346	176	295	307	489	443	495	515	621	613	651	894	973	1000	709	855	745	701	495	802	800	605	263	309	305	405	367	307	267	87	141	62	126	56	108	67	113	43	87	62	97	46	98	60	93	60	97	56	59	48
64	170	1	2	119	0	1953125	12	0.0	0	0.99	0	0	V0.2	0	0	57	55	59	56	53	50	57	56	49	50	59	49	57	49	76	50	85	52	99	34	98	41	118	37	133	41	135	38	172	68	193	61	192	105	296	216	241	229	328	421	427	458	453	583	540	629	744	1000	843	775	706	769	542	541	638	815	453	338	195	347	375	286	377	165	176	57	113	30	114	23	122	29	91	23	106	33	90	43	95	48	87	63	70	42	55
64	170	1	2	119	0	1953125	12	0.0	0	0.99	0	0	V0.2	0	0	82	31	80	23	76	30	82	26	73	40	77	39	66	63	71	74	69	96	69	95	64	113	61	131	70	135	68	152	100	185	111	186	89	247	229	304	258	225	383	422	519	434	588	557	668	595	925	960	1000	759	825	777	649	526	752	824	560	230	268	379	350	415	289	272	135	127	21	137	34	122	31	111	26	97	37	99	39	96	58	91	60	84	63	57	49
64	170	1	2	119	0	1953125	12	0.0	0	0.99	0	0	V0.2	0	0	85	21	88	7	84	11	88	13	76	28	80	32	70	56	80	64	78	86	83	82	81	96	86	115	103	115	99	126	139	159	153	166	136	219	273	266	296	190	414	398	540	413	598	554	680	593	922	1000	985	800	791	820	619	565	719	873	554	287	248	397	325	409	317	253	172	94	56	122	69	112	67	98	58	94	63	86	62	86	75	82	80	77	74	53	58
64	170	1	2	119	0	1953125	12	0.0	0	0.99	0	0	V0.2	0	0	82	33	85	24	81	29	86	21	74	36	76	37	64	66	71	70	68	94	69	94	64	111	66	133	77	133	70	152	108	179	117	190	102	244	235	296	266	213	388	409	520	417	583	546	669	586	934	974	1000	753	809	791	648	524	742	837	575	260	278	367	326	406	287	264	148	112	23	133	39	119	35	109	28	100	41	99	43	99	62	91	61	82	66	53	48
64	170	1	2	119	0	1953125	12	0.0	0	0.99	0	0	V0.2	0	0	87	28	88	21	79	25	87	20	75	37	82	36	68	65	76	71	73	94	72	90	69	108	70	128	85	131	77	147	118	181	128	190	107	238	245	294	273	205	396	413	529	417	592	550	674	585	929	972	1000	768	810	789	635	531	742	845	578	272	288	374	326	408	290	267	150	107	26	131	38	119	40	109	31	99	45	97	45	97	63	90	61	80	64	55	51
64	170	1	2	119	0	1953125	12	0.0	0	0.99	0	0	V0.2	0	0	86	33	86	21	80	26	90	21	76	36	80	40	68	66	76	71	74	96	73	95	70	110	70	132	87	136	77	148	117	181	129	192	109	243	246	294	271	208	404	420	537	424	607	562	690	597	941	980	1000	776	825	818	663	552	763	858	583	270	280	383	323	413	294	268	150	113	32	135	41	118	42	112	36	102	49	99	46	97	63	91	71	83	69	60	54
64	170	1	2	119	0	1953125	12	0.0	0	1.00	0	0	V0.2	0	0	114	94	99	102	96	120	90	123	85	143	86	139	73	165	71	162	52	178	55	165	44	171	31	176	22	168	15	172	56	181	91	178	93	180	217	297	183	284	305	475	405	489	465	618	559	650	768	1000	808	770	675	812	545	581	652	860	526	343	257	383	296	333	256	176	89	52	34	96	45	87	60	82	55	83	71	83	66	87	73	93	68	89	50	72	51
64	170	1	2	119	0	1953125	12	0.0	0	0.99	0	0	V0.2	0	0	86	28	88	19	82	24	88	19	76	36	80	37	66	65	75	70	74	96	73	94	67	111	68	128	83	133	76	149	116	181	124	192	105	243	243	297	269	210	398	416	528	418	592	552	675	586	932	980	1000	767	818	797	639	530	742	845	585	271	292	383	334	408	287	264	145	108	24	135	37	120	39	110	30	102	44	99	44	96	61	89	61	82	65	58	51
64	170	1	2	119	0	1953125	12	0.0	0	0.99	0	0	V0.2	0	0	84	20	87	11	80	5	85	19	74	25	82	28	70	50	82	54	84	76	93	68	92	81	100	93	118	95	117	100	159	128	176	140	159	190	292	231	290	167	409	379	520	399	574	547	655	583	883	1000	929	792	757	831	579	565	685	879	513	309	229	401	306	376	327	214	183	62	80	103	87	93	87	78	69	80	80	70	75	74	84	68	88	65	76	45	59
64	170	1	2	119	0	1953125	12	0.0	0	0.99	0	0	V0.2	0	0	68	49	69	54	64	48	68	54	58	49	69	49	64	50	83	52	91	58	106	41	107	45	122	46	143	48	145	44	185	74	202	74	200	116	310	207	266	208	361	405	458	444	493	580	577	625	772	1000	836	781	698	790	532	551	637	844	464	352	207	375	346	292	356	148	172	26	106	39	108	37	114	22	89	35	99	24	87	40	92	38	84	51	65	34	54
64	170	1	2	119	0	1953125	12	0.0	0	0.99	0	0	V0.2	0	0	90	17	88	1	86	6	90	14	78	23	83	31	71	57	83	63	83	87	86	79	84	97	93	111	107	117	104	124	146	160	161	164	144	217	279	261	299	196	427	405	553	427	614	566	694	607	926	1000	962	800	796	841	628	580	735	890	529	263	237	422	334	415	318	244	172	95	65	125	75	105	71	96	60	91	67	85	63	83	76	78	79	70	71	51	55
64	170	1	2	119	0	1953125	12	0.0	0	1.00	0	0	V0.2	0	0	64	136	59	136	74	143	71	141	92	150	87	145	106	153	103	153	113	157	106	151	98	149	107	148	112	131	123	140	140	129	182	124	165	133	296	253	266	252	401	432	509	454	572	579	678	628	905	1000	938	772	760	817	660	564	719	843	608	295	306	372	351	364	260	198	70	68	51	93	64	74	79	74	70	63	93	73	84	70	101	76	86	72	79	58	75
64	170	1	2	119	0	1953125	12	0.0	0	1.00	0	0	V0.2	0	0	71	131	59	133	68	146	61	145	71	159	65	154	75	172	66	168	69	176	62	173	52	170	62	172	67	156	79	167	100	159	147	153	141	151	265	269	221	261	352	450	453	464	511	596	613	633	822	1000	854	773	705	832	594	578	668	866	575	337	287	372	299	332	244	169	83	46	36	97	49	81	64	81	58	78	80	85	69	85	83	93	63	91	53	76	49
64	170	1	2	119	0	1953125	12	0.0	0	0.99	0	0	V0.2	0	0	22	83	24	82	16	80	21	76	23	75	25	73	36	76	51	86	63	86	70	91	66	96	79	113	92	119	97	133	117	167	147	161	153	197	232	321	158	312	268	506	388	521	439	643	537	672	790	1000	924	739	808	743	624	487	736	804	543	328	268	295	419	280	352	205	124	110	104	72	98	51	114	69	80	44	99	58	83	66	87	62	77	77	61	50	55
64	170	1	2	119	0	1953125	12	0.0	0	0.99	0	0	V0.2	0	0	72	38	74	39	66	34	74	43	63	35	70	40	66	47	84	47	88	55	100	39	102	47	117	49	137	50	140	48	180	79	200	80	192	123	311	200	271	192	377	399	476	433	512	576	600	624	790	1000	844	792	715	822	543	565	647	863	461	332	182	381	346	311	363	158	189	26	111	52	114	43	116	29	92	39	101	30	92	46	95	45	92	54	74	42	59
64	170	1	2	119	0	1953125	12	0.0	0	0.99	0	0	V0.2	0	0	59	66	60	64	54	64	59	58	56	64	52	62	49	78	50	87	53	101	46	106	37	121	35	143	41	153	40	171	59	203	84	210	81	259	191	352	175	286	308	485	443	479	506	608	616	644	902	972	1000	706	847	734	689	477	777	783	602	262	328	320	407	372	300	268	86	140	57	130	49	106	60	113	35	90	56	98	41	94	56	90	52	95	55	60	47
64	170	1	2	119	0	1953125	12	0.0	0	1.00	0	0	V0.2	0	0	136	64	131	62	133	80	138	79	139	97	145	97	136	115	147	114	136	123	143	116	136	122	126	132	116	132	100	143	114	172	101	178	73	210	189	316	196	292	299	495	410	510	452	644	531	677	767	1000	856	754	748	789	584	568	679	853	478	364	226	383	350	293	315	143	120	17	59	85	58	86	63	78	39	95	54	90	40	108	49	104	41	102	25	84	13
64	170	1	2	119	0	1953125	12	0.0	0	0.99	0	0	V0.2	0	0	88	22	89	8	85	3	90	15	77	24	83	28	71	52	86	58	85	81	91	73	91	87	101	104	119	103	117	110	164	144	175	153	163	198	293	236	298	172	421	393	541	403	589	556	682	591	900	1000	928	787	773	863	619	589	717	905	538	309	235	404	304	383	325	212	181	65	81	109	82	95	82	80	68	84	78	77	73	82	85	76	87	69	75	48	59
64	170	1	2	119	0	1953125	12	0.0	0	0.99	0	0	V0.2	0	0	82	41	84	30	80	37	85	28	74	45	78	42	66	70	71	76	67	101	66	100	59	118	59	139	69	146	64	159	100	199	114	206	88	255	225	315	252	231	389	435	523	421	579	566	679	593	938	968	999	743	831	786	668	521	766	835	601	267	319	372	344	411	277	269	127	118	7	141	24	123	29	119	19	102	34	104	36	104	57	95	57	88	62	57	49
64	170	1	2	119	0	1953125	12	0.0	0	1.00	0	0	V0.2	0	0	67	138	67	139	78	142	85	141	99	146	104	143	122	140	130	142	140	137	140	136	133	124	145	116	151	99	157	100	177	97	206	84	182	128	309	232	292	223	427	414	546	432	610	568	718	599	952	950	1000	714	845	761	725	509	814	816	633	276	335	332	415	329	297	187	66	64	90	65	93	45	102	46	84	57	109	49	97	64	117	48	109	41	101	22	96
64	170	1	2	119	0	1953125	12	0.0	0	1.00	0	0	V0.2	0	0	105	112	113	100	128	97	137	93	149	92	157	88	166	80	176	69	185	59	187	57	180	45	182	30	181	20	179	41	195	78	210	89	171	152	287	237	287	218	412	416	532	428	580	564	682	594	927	929	1000	685	854	736	733	496	807	808	639	320	336	311	402	304	298	166	69	57	89	62	94	45	105	48	83	59	108	51	94	67	122	47	110	42	106	16	97
64	170	1	2	119	0	1953125	12	0.0	0	1.00	0	0	V0.2	0	0	125	77	115	85	115	101	112	104	112	125	114	123	102	147	104	146	91	159	98	150	85	155	77	160	63	158	48	161	70	186	78	179	75	200	193	309	179	298	293	485	392	500	439	636	532	668	741	1000	796	750	671	786	537	574	629	847	479	350	228	385	313	316	276	150	102	37	35	94	46	86	52	82	42	85	52	89	49	96	56	102	46	96	24	81	25
64	170	1	2	119	0	1953125	12	0.0	0	1.00	0	0	V0.2	0	0	114	97	96	106	98	122	90	129	86	145	84	144	73	166	71	167	53	177	55	166	43	172	27	174	14	167	14	177	60	185	95	173	99	185	222	298	190	293	315	477	415	493	466	618	564	647	767	1000	811	771	671	807	553	583	643	847	505	313	242	378	307	339	261	176	92	54	31	98	46	84	58	76	49	77	71	81	65	85	75	88	60	85	50	72	50
64	170	1	2	119	0	1953125	12	0.0	0	1.00	0	0	V0.2	0	0	122	86	109	96	107	109	106	115	101	133	104	133	92	155	90	155	73	169	81	158	70	162	58	170	47	163	29	173	61	185	83	181	79	190	199	305	175	293	297	483	393	493	436	621	531	650	741	1000	801	766	678	806	542	584	632	844	492	351	238	375	293	314	265	159	99	38	30	93	46	86	53	83	49	84	61	85	55	94	62	98	56	92	34	79	34
64	170	1	2	119	0	1953125	12	0.0	0	1.00	0	0	V0.2	0	0	113	93	99	107	97	120	91	126	87	148	85	145	76	166	71	167	52	179	53	169	42	172	27	179	15	169	15	175	58	186	99	175	102	180	222	297	190	290	316	478	418	492	470	614	564	645	767	1000	817	780	682	809	547	574	641	842	514	325	251	380	301	333	253	173	85	49	31	95	47	85	60	78	56	75	73	79	65	81	79	88	68	81	51	69	52
64	170	1	2	119	0	1953125	12	0.0	0	0.99	0	0	V0.2	0	0	16	89	15	86	9	85	16	80	23	79	27	74	38	78	49	88	63	90	66	96	60	107	74	129	79	134	85	156	97	192	131	188	131	238	211	350	155	324	289	521	421	534	488	655	601	680	881	1000	988	721	855	732	691	489	796	797	600	256	311	319	433	374	314	261	81	149	60	130	59	114	66	118	36	90	57	105	37	98	61	101	52	94	57	63	46
64	170	1	2	119	0	1953125	12	0.0	0	1.00	0	0	V0.2	0	0	123	77	114	85	110	103	108	105	105	125	107	124	96	145	100	147	83	158	91	148	79	154	71	161	56	157	41	163	66	180	78	176	73	189	190	303	179	290	286	479	389	491	427	618	521	647	739	1000	802	760	686	799	540	567	627	840	472	336	224	387	314	322	282	163	106	40	36	93	47	84	52	79	42	82	58	86	51	94	59	97	49	93	27	81	23
64	170	1	2	119	0	1953125	12	0.0	0	1.00	0	0	V0.2	0	0	115	91	104	100	103	114	95	122	90	140	91	139	81	160	77	160	60	174	61	163	52	168	37	174	27	164	16	171	58	183	90	174	92	182	218	298	190	292	308	474	409	495	459	611	546	638	756	1000	818	780	670	786	522	565	626	820	487	320	246	386	314	336	265	177	96	46	32	95	49	85	59	76	49	77	64	78	58	83	67	88	60	89	45	72	44
64	170	1	2	119	0	1953125	12	0.0	0	0.99	0	0	V0.2	0	0	19	89	12	85	7	88	14	81	19	82	24	73	41	81	51	85	66	90	68	95	63	104	77	128	84	133	90	153	99	188	132	189	132	236	215	348	149	324	282	519	414	535	492	658	595	677	874	1000	982	721	861	737	686	482	799	798	596	271	310	303	415	355	311	258	80	146	61	124	58	109	66	115	39	89	59	104	42	98	59	94	50	93	55	61	43
64	170	1	2	119	0	1953125	12	0.0	0	0.99	0	0	V0.2	0	0	83	23	87	14	81	7	86	20	75	22	81	29	72	50	84	54	84	75	95	64	92	78	103	91	120	97	122	99	162	131	179	136	167	187	300	226	301	174	416	380	528	408	572	551	662	588	877	1000	914	788	741	825	579	578	682	866	493	296	217	410	317	382	336	213	184	60	85	102	92	90	88	72	72	75	82	67	78	71	85	67	87	62	76	46	58
64	170	1	2	119	0	1953125	12	0.0	0	0.99	0	0	V0.2	0	0	89	24	88	11	84	18	93	16	79	32	84	35	71	64	79	72	77	94	79	92	74	109	76	127	92	134	87	147	127	179	139	188	121	240	264	291	287	206	413	412	543	419	600	561	696	595	947	997	1000	771	813	817	655	554	734	849	564	266	283	398	329	414	298	258	157	101	34	133	50	118	46	107	40	101	49	96	50	96	64	88	70	81	66	53	50
64	170	1	2	119	0	1953125	12	0.0	0	1.00	0	0	V0.2	0	0	87	125	91	120	108	118	116	116	133	118	136	112	152	109	159	102	167	103	165	97	159	92	166	80	169	67	170	74	185	79	213	75	176	128	305	226	288	219	430	409	542	430	604	547	695	580	925	931	1000	734	853	759	697	496	794	808	650	287	345	326	395	332	278	193	53	69	83	72	88	52	102	55	87	50	113	49	98	53	124	42	107	39	104	11	96
64	170	1	2	119	0	1953125	12	0.0	0	0.99	0	0	V0.2	0	0	82	32	88	16	78	26	86	16	74	35	79	34	68	61	73	67	76	87	78	85	80	97	84	117	104	116	104	124	145	154	161	159	146	207	292	246	296	184	426	390	539	420	593	557	676	604	886	1000	910	802	756	838	576	573	687	896	498	300	199	433	352	384	357	194	189	46	94	88	105	72	103	59	85	59	95	53	89	52	97	57	93	56	77	42	57
64	170	1	2	119	0	1953125	12	0.0	0	0.99	0	0	V0.2	0	0	84	24	86	14	80	7	84	22	74	21	81	28	69	48	82	54	82	71	92	62	90	77	100	90	120	94	119	96	161	125	173	134	165	180	297	229	303	174	409	376	521	396	554	536	647	579	871	1000	908	778	725	813	574	548	653	850	475	285	215	420	336	385	343	212	189	56	80	102	91	88	90	72	71	72	80	66	75	67	84	63	82	61	70	41	56
64	170	1	2	119	0	1953125	12	0.0	0	1.00	0	0	V0.2	0	0	115	96	98	106	101	121	92	128	87	147	88	144	74	169	72	164	50	180	55	168	42	175	28	179	16	169	12	176	57	181	92	176	98	183	222	302	191	290	308	470	409	486	464	615	554	634	765	999	811	766	664	794	536	560	621	819	475	304	245	385	312	342	263	181	98	51	25	93	43	85	55	79	51	76	69	80	64	82	76	86	63	82	51	67	54
64	170	1	2	119	0	1953125	12	0.0	0	1.00	0	0	V0.2	0	0	69	144	62	142	81	149	78	145	94	160	96	148	111	161	111	155	119	165	116	155	109	156	120	152	125	133	132	145	149	134	194	125	172	134	308	257	276	257	416	439	518	458	583	584	684	603	911	1000	950	788	786	820	648	545	744	842	602	289	319	366	349	362	255	204	68	67	56	91	68	71	85	71	72	59	97	69	88	66	105	73	94	69	83	54	82
64	170	1	2	119	0	1953125	12	0.0	0	1.00	0	0	V0.2	0	0	116	92	100	100	102	116	96	121	90	141	91	140	77	163	76	159	59	173	64	163	52	169	39	174	23	166	13	170	55	184	90	179	97	191	216	304	190	297	312	480	411	506	470	627	555	648	759	1000	807	778	672	792	528	563	637	835	475	310	236	401	326	350	272	186	94	54	33	97	45	85	56	80	47	79	64	82	57	85	68	92	59	87	43	73	46
64	170	1	2	119	0	1953125	12	0.0	0	1.00	0	0	V0.2	0	0	121	76	113	84	111	100	110	102	109	123	111	122	99	144	102	142	87	157	94	145	85	150	73	157	60	156	46	161	67	178	75	176	75	197	193	309	183	294	287	474	384	493	430	623	517	651	742	1000	800	752	670	777	527	548	612	826	446	317	214	399	327	330	291	166	108	37	37	92	46	87	49	78	39	82	52	85	48	95	54	97	43	95	23	79	23
64	170	1	2	119	0	1953125	12	0.0	0	1.00	0	0	V0.2	0	0	125	81	110	86	113	106	109	110	105	129	108	127	95	149	99	150	81	163	87	152	78	159	64	166	52	162	38	167	65	184	78	181	78	195	198	309	181	296	290	481	391	495	441	628	525	642	737	1000	809	760	671	787	531	565	620	833	462	329	230	388	310	320	275	169	104	34	28	91	42	85	53	78	42	82	60	82	52	91	60	94	45	93	30	79	31
64	170	1	2	119	0	1953125	12	0.0	0	1.00	0	0	V0.2	0	0	116	92	100	104	100	119	93	123	91	142	88	142	77	162	75	162	55	177	59	165	48	173	36	175	22	168	17	174	57	182	89	175	94	184	216	302	191	291	307	475	408	495	465	624	552	637	757	1000	819	780	684	801	535	569	645	855	499	316	238	384	309	341	267	182	95	49	31	94	47	87	59	79	50	80	68	82	61	86	70	92	63	91	45	73	47
64	170	1	2	119	0	1953125	12	0.0	0	1.00	0	0	V0.2	0	0	115	92	102	101	102	117	96	122	91	142	92	138	80	162	78	162	59	173	60	163	51	169	38	174	26	166	15	169	55	182	89	173	92	184	212	298	184	292	307	475	403	495	463	619	548	644	759	999	810	771	680	805	536	565	642	864	513	334	250	392	312	334	265	176	91	44	33	97	48	89	58	81	52	80	67	83	64	89	70	93	59	89	41	72	43
64	170	1	2	119	0	1953125	12	0.0	0	1.00	0	0	V0.2	0	0	118	90	103	99	103	115	96	119	94	139	93	139	80	159	79	159	62	174	63	163	54	167	41	173	30	167	21	171	58	183	88	174	87	183	216	301	183	292	309	474	401	495	463	613	541	637	755	1000	822	786	691	805	525	559	647	872	518	335	253	395	319	338	269	177	93	47	35	96	49	87	59	80	53	82	66	82	62	89	70	87	58	89	41	73	42
64	170	1	2	119	0	1953125	12	0.0	0	1.00	0	0	V0.2	0	0	115	99	100	113	100	126	93	131	89	150	88	148	80	170	71	170	56	184	56	174	43	179	30	183	12	174	10	177	52	188	92	178	97	182	217	295	180	292	312	480	409	499	468	616	558	639	757	1000	815	801	703	837	543	570	654	896	547	342	265	399	307	347	256	188	85	61	30	104	46	92	60	88	54	86	73	86	69	90	78	93	72	91	56	74	58
64	170	1	2	119	0	1953125	12	0.0	0	1.00	0	0	V0.2	0	0	107	110	106	100	113	111	118	108	122	121	125	125	122	129	134	145	117	145	115	163	84	155	96	173	77	157	81	173	83	179	129	164	117	185	227	296	172	313	314	499	401	545	458	650	531	694	751	1000	829	782	775	796	597	567	726	885	554	365	253	359	406	288	325	121	95	34	83	55	102	50	89	53	90	50	96	56	97	50	113	50	106	31	102	22	87
64	170	1	2	119	0	1953125	12	0.0	0	0.99	0	0	V0.2	0	0	48	75	55	65	60	57	73	44	69	44	76	41	65	58	83	69	81	82	96	72	95	77	128	67	135	63	163	39	187	84	232	64	225	133	318	255	219	315	312	504	392	565	452	663	560	707	849	1000	969	741	878	731	693	492	810	849	666	259	304	369	374	438	282	235	128	119	58	126	74	107	78	91	89	71	79	70	105	48	92	63	106	55	71	52	64
64	170	1	2	119	0	1953125	12	0.0	0	1.00	0	0	V0.2	0	0	67	132	63	123	73	140	71	133	80	148	81	144	84	155	86	162	76	168	72	170	47	161	59	176	52	154	64	174	72	169	120	165	112	171	227	286	181	289	309	466	388	493	438	605	524	653	737	1000	803	788	695	785	529	567	639	867	496	371	223	400	353	316	308	139	109	24	57	88	75	80	64	81	54	85	60	92	56	93	64	97	66	81	63	66	54
64	170	2	2	119	0	1953125	12	0.0	0	0.99	0	0	V0.2	0	0	51	65	52	68	45	61	47	68	42	57	52	60	53	53	76	58	83	53	100	44	99	46	119	47	135	54	142	57	172	86	198	74	194	109	288	233	229	261	315	438	406	475	432	600	527	624	735	1000	836	758	719	764	561	523	669	821	462	333	205	345	389	267	365	151	155	70	109	29	114	21	120	33	89	21	105	37	88	44	94	49	85	62	64	44	53
64	170	2	2	119	0	1953125	12	0.0	0	0.99	0	0	V0.2	0	0	14	88	10	83	7	85	8	80	21	78	26	74	40	79	51	85	65	89	72	93	66	104	82	122	87	129	93	148	104	184	133	179	132	223	214	341	153	327	280	513	406	529	471	646	568	666	852	1000	977	734	853	739	697	490	793	790	589	274	315	319	443	343	322	252	82	142	67	121	67	107	75	114	46	83	64	103	47	97	63	97	55	93	59	62	45
64	170	2	2	119	0	1953125	12	0.0	0	0.99	0	0	V0.2	0	0	88	29	90	16	84	19	91	16	75	32	83	38	70	64	77	70	75	96	75	91	72	112	81	129	90	138	89	147	127	182	140	188	114	234	251	284	284	208	412	405	537	417	599	553	685	574	941	988	1000	780	829	821	662	569	785	881	573	266	286	404	339	420	295	262	156	112	38	136	52	119	47	113	41	103	51	98	53	97	66	89	72	84	71	58	52
64	170	2	2	119	0	1953125	12	0.0	0	0.99	0	0	V0.2	0	0	86	27	89	22	82	24	87	19	77	35	79	38	69	65	77	72	72	97	73	96	70	112	71	132	82	138	80	151	118	185	127	191	101	236	241	295	279	223	407	418	530	419	583	545	667	564	916	964	1000	780	834	798	655	550	760	837	572	260	293	389	352	421	288	270	142	116	25	136	41	123	39	114	35	100	44	99	47	95	60	90	63	85	66	56	50
64	170	2	2	119	0	1953125	12	0.0	0	0.99	0	0	V0.2	0	0	89	21	92	5	88	14	94	16	81	29	87	34	71	60	83	66	78	92	84	89	82	107	88	120	101	128	102	137	140	171	149	171	130	223	265	269	297	199	419	402	549	417	606	563	700	582	936	1000	979	789	821	854	678	592	767	885	550	273	273	425	342	421	306	252	160	100	52	133	61	117	60	104	50	99	59	94	59	93	72	86	79	79	74	54	55
64	170	2	2	119	0	1953125	12	0.0	0	1.00	0	0	V0.2	0	0	87	129	66	136	68	147	57	153	62	166	56	164	68	175	57	180	63	185	58	176	55	176	63	174	77	160	88	163	117	158	157	139	149	140	282	267	267	276	394	442	509	474	567	585	662	602	879	1000	946	807	778	814	662	573	743	822	587	286	328	379	388	362	271	216	67	71	62	88	77	71	90	66	75	56	102	57	89	58	110	56	100	50	90	31	90
64	170	2	2	119	0	1953125	12	0.0	0	0.99	0	0	V0.2	0	0	54	75	54	70	53	72	55	67	50	72	53	69	49	82	53	93	59	106	53	114	44	123	46	150	51	156	51	175	66	209	91	204	80	253	185	355	180	318	305	501	437	511	512	640	609	642	883	983	1000	723	879	763	734	514	818	799	593	261	303	304	427	351	315	260	83	147	65	121	64	102	73	108	50	86	69	94	52	95	65	93	61	94	57	59	47
64	170	2	2	119	0	1953125	12	0.0	0	1.00	0	0	V0.2	0	0	63	138	58	141	71	144	76	146	90	151	93	147	111	151	117	149	128	147	129	141	121	136	135	128	144	114	151	119	171	110	200	94	171	119	300	232	290	234	418	406	531	426	596	553	688	565	921	944	999	725	837	766	725	525	808	806	642	321	358	326	395	310	280	187	58	56	85	68	90	52	103	53	84	62	111	53	97	66	115	50	110	45	100	16	96
64	170	1	2	119	0	1953125	12	0.0	0	1.00	0	0	V0.2	0	0	69	142	60	148	64	153	61	159	75	165	75	163	89	172	91	171	101	175	99	169	96	165	107	161	119	146	129	151	155	140	191	124	169	128	305	250	283	255	425	435	538	456	610	580	705	596	934	982	1000	792	853	835	728	563	820	860	666	321	369	355	390	335	270	199	51	60	79	77	87	63	100	59	87	64	114	57	104	63	122	46	111	46	101	14	100
64	170	1	2	119	0	1953125	12	0.0	0	1.00	0	0	V0.2	0	0	68	144	65	146	79	147	85	148	101	152	107	146	121	148	130	146	143	142	145	138	137	129	151	121	156	103	159	106	181	100	212	85	178	117	306	222	289	222	427	400	535	422	611	550	700	570	933	930	1000	727	878	784	741	515	846	838	672	316	361	325	407	302	287	181	55	58	97	62	99	49	114	48	92	61	116	50	105	67	123	47	116	44	106	28	100
64	170	1	2	119	0	1953125	12	0.0	0	0.99	0	0	V0.2	0	0	27	82	27	83	25	80	27	78	30	74	31	75	40	77	52	88	60	94	68	98	58	105	76	124	83	134	89	145	104	186	132	172	139	213	215	330	155	317	273	507	393	526	450	646	549	660	808	1000	952	765	859	765	670	512	783	829	588	324	305	321	451	308	356	221	115	122	106	88	100	73	111	89	78	61	95	77	76	77	85	76	79	90	61	57	56
64	170	1	2	119	0	1953125	12	0.0	0	0.99	0	0	V0.2	0	0	68	51	71	47	66	50	70	44	63	54	64	53	55	73	60	84	59	102	53	105	44	120	39	142	46	147	37	162	67	201	84	197	60	249	188	328	213	271	338	445	463	456	535	570	619	593	888	935	1000	740	857	748	684	495	781	798	596	229	302	344	398	384	285	273	92	139	25	133	33	118	42	119	20	98	40	105	32	99	51	92	55	91	57	62	45
64	170	1	2	119	0	1953125	12	0.0	0	0.99	0	0	V0.2	0	0	38	80	36	76	36	78	38	71	38	76	37	69	42	80	49	90	59	98	59	103	52	113	60	133	68	141	69	157	85	193	111	184	117	230	201	340	158	318	277	499	403	513	467	637	564	659	844	1000	986	758	862	749	697	510	791	805	596	303	318	321	448	326	344	243	102	131	93	105	88	87	99	101	67	74	84	87	67	85	75	84	70	93	60	61	55
64	170	1	2	119	0	1953125	12	0.0	0	0.99	0	0	V0.2	0	0	33	78	35	78	30	76	34	75	36	73	35	73	42	80	50	89	59	95	63	103	54	108	68	129	75	136	77	153	95	188	117	177	124	221	203	333	161	327	276	502	402	531	469	648	564	664	834	1000	971	762	854	760	697	515	794	808	567	273	290	321	450	319	354	237	113	134	95	101	93	84	102	96	69	66	88	81	70	81	78	81	74	87	60	57	53
64	170	1	2	119	0	1953125	12	0.0	0	0.99	0	0	V0.2	0	0	29	82	33	82	30	81	32	80	34	78	34	76	41	80	54	90	61	94	68	100	61	109	75	128	82	136	87	154	103	184	128	177	131	215	210	327	161	325	266	498	397	529	452	654	556	667	817	1000	940	728	816	761	705	526	786	822	573	313	292	312	433	291	348	215	109	119	103	86	97	67	108	79	75	56	95	71	77	73	82	73	78	85	61	52	52
64	170	1	2	119	0	1953125	12	0.0	0	1.00	0	0	V0.2	0	0	64	143	64	141	75	146	82	144	100	148	105	144	121	142	129	142	138	140	140	136	134	128	145	118	151	104	158	106	176	95	201	86	178	114	295	222	292	223	413	392	534	419	592	552	694	571	929	937	1000	710	825	750	738	516	813	802	636	307	357	332	409	303	293	184	63	58	90	64	93	47	108	47	86	62	110	48	97	67	118	49	114	49	99	27	95
64	170	1	2	119	0	1953125	12	0.0	0	1.00	0	0	V0.2	0	0	63	140	62	139	76	140	82	140	98	144	106	140	119	139	129	138	139	136	143	131	136	125	147	114	153	98	157	101	178	98	203	87	177	115	292	223	292	225	416	400	539	433	603	559	694	571	925	928	1000	729	860	768	743	524	832	821	643	296	348	326	410	308	299	187	70	63	89	63	94	50	108	48	87	62	112	50	95	66	117	52	111	48	103	27	94
64	170	1	2	119	0	1953125	12	0.0	0	1.00	0	0	V0.2	0	0	62	143	63	141	75	144	85	144	100	148	104	144	122	143	129	141	142	136	144	133	137	124	150	115	155	102	161	106	182	100	206	86	178	116	294	220	290	220	418	396	534	421	596	551	692	575	930	931	999	707	848	769	748	528	839	837	671	326	367	325	399	294	282	169	54	51	93	64	94	49	107	48	86	66	113	54	97	72	118	56	108	49	100	30	97
64	170	1	2	119	0	1953125	12	0.0	0	0.99	0	0	V0.2	0	0	30	81	30	82	27	79	29	79	30	76	33	74	39	79	52	89	60	94	66	100	58	109	75	127	80	134	85	149	100	182	128	175	135	208	206	322	146	314	266	500	389	519	448	644	550	663	812	1000	948	740	838	770	688	521	789	830	585	331	307	305	425	291	344	217	105	122	100	85	96	68	111	83	78	58	99	74	81	79	86	77	83	88	62	56	56
64	170	1	2	119	0	1953125	12	0.0	0	1.00	0	0	V0.2	0	0	60	135	64	136	75	137	80	136	96	142	101	136	118	136	125	133	137	128	139	127	134	119	144	110	149	98	152	98	174	94	199	79	168	113	284	216	279	212	406	391	525	415	585	542	677	568	915	927	1000	718	850	760	727	522	817	814	645	308	358	336	411	307	298	184	68	55	88	65	91	52	108	52	83	62	110	54	96	67	114	48	105	50	100	27	92
64	170	1	2	119	0	1953125	12	0.0	0	0.99	0	0	V0.2	0	0	64	61	67	57	64	59	68	53	60	64	63	63	55	79	57	88	59	108	52	109	41	128	40	148	45	155	39	172	62	208	84	208	66	251	174	335	187	287	325	474	460	488	534	611	630	626	899	955	999	726	871	772	727	519	827	829	635	262	336	334	407	372	292	264	76	142	48	134	47	115	55	119	32	95	51	103	40	101	60	97	56	96	58	61	45
64	170	1	2	119	0	1953125	12	0.0	0	1.00	0	0	V0.2	0	0	72	140	60	148	64	155	63	159	70	169	73	164	87	174	85	176	95	180	92	173	89	170	101	165	113	151	122	156	149	144	186	125	166	122	289	244	275	253	417	433	535	458	600	585	706	612	942	1000	997	785	845	859	751	589	833	899	690	321	366	368	389	349	272	202	52	71	78	86	87	64	102	65	88	58	114	59	103	62	120	55	118	47	106	21	101
64	170	1	2	119	0	1953125	12	0.0	0	1.00	0	0	V0.2	0	0	75	140	63	146	67	156	61	160	73	169	72	167	86	175	84	177	93	184	89	175	87	175	92	167	110	156	115	158	144	150	181	130	166	120	290	245	271	252	410	432	525	450	589	577	691	597	927	997	1000	789	838	851	728	585	830	904	709	353	388	356	377	340	265	204	54	64	78	86	86	67	103	66	91	63	114	59	106	65	125	53	115	46	102	21	104
64	170	1	2	119	0	1953125	12	0.0	0	0.99	0	0	V0.2	0	0	40	78	42	76	40	77	37	73	40	74	40	72	42	81	49	92	59	99	58	107	50	116	62	139	67	144	68	161	83	195	111	191	113	230	192	339	155	318	276	504	413	523	475	646	579	670	857	1000	982	742	875	782	721	512	808	829	606	293	310	312	437	331	344	246	99	138	88	109	82	88	98	101	65	71	83	87	67	86	78	80	67	93	60	58	51
64	170	1	2	119	0	1953125	12	0.0	0	0.99	0	0	V0.2	0	0	40	78	42	76	40	77	37	73	40	74	40	72	42	81	49	92	59	99	58	107	50	116	62	139	67	144	68	161	83	195	111	191	113	230	192	339	155	318	276	504	413	523	475	646	579	670	857	1000	982	742	875	782	721	512	808	829	606	293	310	312	437	331	344	246	99	138	88	109	82	88	98	101	65	71	83	87	67	86	78	80	67	93	60	58	51
64	170	1	2	119	0	1953125	12	0.0	0	0.99	0	0	V0.2	0	0	36	80	39	78	35	77	37	75	40	76	38	75	43	80	52	91	60	99	63	105	54	113	65	134	70	141	72	159	87	191	113	184	119	222	194	334	154	315	268	505	405	518	464	646	566	660	842	1000	971	734	855	778	729	533	807	822	581	291	304	314	445	319	352	240	112	137	91	103	88	80	100	95	68	66	88	80	70	80	78	77	72	89	61	56	53
64	170	1	2	119	0	1953125	12	0.0	0	0.99	0	0	V0.2	0	0	23	85	23	82	22	80	23	80	30	77	32	75	40	79	55	90	64	90	73	98	67	104	83	122	91	127	96	144	112	174	140	167	140	190	214	313	159	313	259	496	382	515	434	644	533	648	790	1000	926	738	824	771	678	532	773	818	540	331	276	298	410	272	357	205	126	111	101	71	98	51	113	68	81	45	99	60	82	67	89	65	85	80	59	48	55
64	170	1	2	119	0	1953125	12	0.0	0	0.99	0	0	V0.2	0	0	46	78	45	75	45	75	47	71	48	76	44	73	46	84	52	93	60	105	58	112	50	122	55	143	64	150	60	167	75	203	102	199	100	235	187	343	156	316	285	511	423	531	501	660	589	661	860	1000	999	750	881	773	725	534	833	824	601	302	322	300	430	333	338	257	100	146	80	114	77	93	91	104	63	77	80	91	65	90	75	90	74	94	59	60	51
64	170	1	2	119	0	1953125	12	0.0	0	0.99	0	0	V0.2	0	0	51	77	50	74	47	74	51	69	46	73	48	72	45	81	52	92	58	104	57	113	48	124	53	145	56	154	55	172	66	201	99	202	92	239	183	344	159	311	287	501	425	515	502	657	601	661	880	994	1000	730	883	774	738	528	834	818	605	297	323	303	424	342	331	258	88	142	74	117	72	99	86	107	59	81	77	93	60	93	70	92	70	96	59	61	51
64	170	1	2	119	0	1953125	12	0.0	0	1.00	0	0	V0.2	0	0	67	138	72	138	85	135	98	134	113	134	123	129	136	123	148	122	159	116	162	111	158	100	163	90	171	75	169	77	188	77	206	72	174	118	284	217	287	211	409	397	533	423	596	560	681	571	916	914	1000	703	881	759	751	524	840	813	623	316	343	321	410	289	313	175	81	54	91	55	90	47	105	45	79	68	104	55	90	80	107	64	102	61	90	43	86
64	170	1	2	119	0	1953125	12	0.0	0	1.00	0	0	V0.2	0	0	63	141	66	143	76	145	85	145	99	153	105	145	121	146	127	144	138	143	140	135	135	131	143	120	154	106	158	110	179	101	206	88	177	109	292	216	282	214	415	399	537	423	603	558	703	577	942	932	1000	718	874	793	762	546	849	826	654	316	365	320	397	306	292	184	60	56	97	65	91	46	110	51	91	62	112	51	102	68	119	47	114	47	107	27	100
64	170	1	2	119	0	1953125	12	0.0	0	0.99	0	0	V0.2	0	0	34	80	40	78	37	79	37	77	37	77	38	74	44	81	48	90	60	101	63	106	53	116	67	135	69	143	72	161	88	193	116	187	119	220	194	332	141	313	269	507	405	525	471	658	576	672	855	1000	964	729	868	782	723	539	816	820	577	307	313	299	434	317	341	234	101	130	95	100	89	81	102	93	71	67	91	83	75	86	80	84	76	92	60	58	55
64	170	1	2	119	0	1953125	12	0.0	0	0.99	0	0	V0.2	0	0	39	80	41	77	39	78	43	75	41	76	41	74	42	80	52	93	60	100	62	107	54	115	62	137	67	145	72	163	85	192	113	187	112	222	192	334	150	313	270	502	403	516	465	651	574	665	856	1000	973	730	868	778	723	529	805	807	569	306	312	294	428	314	340	241	100	130	91	100	84	80	103	92	69	64	88	83	70	80	76	78	74	88	56	56	53
64	170	1	2	119	0	1953125	12	0.0	0	0.99	0	0	V0.2	0	0	51	71	55	68	53	70	56	68	49	69	50	68	49	82	54	92	57	103	53	113	44	123	46	147	49	153	45	170	59	203	87	201	79	239	171	339	162	298	292	489	432	495	499	627	604	642	894	982	1000	724	887	778	741	524	825	798	583	260	315	295	412	354	317	265	88	148	65	122	60	102	74	110	49	84	69	96	50	98	66	88	57	94	57	62	47
64	170	1	2	119	0	1953125	12	0.0	0	0.99	0	0	V0.2	0	0	44	76	45	75	42	72	43	72	42	72	43	72	45	79	50	92	58	99	57	109	49	116	58	138	61	144	63	162	77	192	102	186	107	227	190	340	159	316	268	492	405	514	464	631	559	651	846	1000	991	743	852	749	707	520	789	780	551	268	291	300	439	329	348	255	105	140	80	102	79	84	94	95	62	66	82	82	62	81	73	80	70	89	54	55	50
64	170	1	2	119	0	1953125	12	0.0	0	0.99	0	0	V0.2	0	0	72	47	73	42	69	45	74	40	64	50	68	50	57	72	62	82	59	98	54	103	50	119	41	137	50	142	41	159	70	190	82	192	55	235	179	314	216	251	332	430	470	442	539	558	622	577	885	927	1000	741	854	761	692	519	767	762	547	205	283	330	376	390	287	287	111	149	13	132	24	117	33	117	13	96	35	102	30	97	51	91	52	87	57	59	46
64	170	1	2	119	0	1953125	12	0.0	0	0.99	0	0	V0.2	0	0	46	74	50	72	46	75	50	72	47	74	47	73	46	81	51	90	57	102	56	111	47	122	53	144	58	148	57	170	71	201	99	197	96	235	181	341	163	319	288	502	423	523	498	654	597	660	880	1000	998	734	881	777	743	537	826	802	577	259	295	298	436	346	337	261	97	149	74	119	71	93	83	102	58	75	76	90	59	89	72	87	70	94	57	60	51
64	170	1	2	119	0	1953125	12	0.0	0	1.00	0	0	V0.2	0	0	60	139	60	139	71	144	80	140	95	143	102	142	116	140	126	140	135	136	139	131	135	124	144	116	149	100	153	105	174	99	199	83	172	112	283	215	288	220	403	391	532	423	589	544	683	567	924	934	1000	703	837	750	736	531	815	784	601	293	332	316	400	306	296	186	71	64	80	61	85	44	95	46	79	63	104	52	89	68	110	48	103	47	96	24	88
64	170	1	2	119	0	1953125	12	0.0	0	1.00	0	0	V0.2	0	0	66	140	61	139	71	144	73	147	90	152	94	148	108	151	115	150	126	148	128	145	120	139	133	130	140	114	142	116	163	106	194	87	168	106	290	219	285	223	407	394	524	422	591	540	679	554	918	937	999	728	832	753	712	522	807	775	596	262	327	308	401	317	292	203	65	74	82	58	87	40	104	42	86	53	112	42	100	58	119	39	108	39	102	14	97
64	170	1	2	119	0	1953125	12	0.0	0	0.99	0	0	V0.2	0	0	53	69	54	67	51	68	53	63	48	68	51	65	46	78	52	89	58	102	51	109	42	119	45	144	47	148	47	168	60	198	88	199	78	237	176	340	164	300	293	484	426	497	501	620	591	634	872	972	999	735	881	755	705	509	813	781	580	262	312	293	413	347	323	271	92	146	62	121	61	101	74	108	49	82	66	96	52	93	64	91	61	95	55	60	48
64	170	1	2	119	0	1953125	12	0.0	0	0.99	0	0	V0.2	0	0	49	78	49	74	47	75	51	70	47	74	48	71	46	83	53	94	60	104	57	113	51	124	56	147	60	150	61	171	75	203	105	199	98	235	188	344	163	322	295	516	430	534	506	660	607	669	880	1000	994	741	895	787	739	542	844	822	584	256	299	304	432	343	336	255	96	145	77	114	75	92	88	100	59	73	79	87	62	90	73	87	65	90	55	59	48
64	170	1	2	119	0	1953125	12	0.0	0	0.99	0	0	V0.2	0	0	72	54	72	51	68	56	72	49	62	59	66	58	57	77	60	84	60	105	56	110	45	123	40	147	43	151	38	173	64	200	78	201	53	242	175	326	209	274	326	456	465	465	539	586	621	595	896	947	1000	727	868	753	696	503	791	775	576	237	308	307	379	375	289	279	94	140	28	129	31	113	43	113	23	94	47	102	34	98	57	97	57	92	54	59	46
64	170	1	2	119	0	1953125	12	0.0	0	0.99	0	0	V0.2	0	0	72	54	72	51	68	56	72	49	62	59	66	58	57	77	60	84	60	105	56	110	45	123	40	147	43	151	38	173	64	200	78	201	53	242	175	326	209	274	326	456	465	465	539	586	621	595	896	947	1000	727	868	753	696	503	791	775	576	237	308	307	379	375	289	279	94	140	28	129	31	113	43	113	23	94	47	102	34	98	57	97	57	92	54	59	46
64	170	1	2	119	0	1953125	12	0.0	0	0.99	0	0	V0.2	0	0	83	35	84	30	80	36	85	29	74	42	76	43	65	72	74	77	69	102	69	102	62	118	61	140	74	144	64	157	102	191	106	194	81	235	209	297	254	231	375	420	513	434	585	565	667	573	920	950	1000	756	861	812	706	560	804	842	583	238	287	361	344	405	283	275	126	133	19	136	28	121	27	114	17	103	34	105	38	102	57	94	56	90	63	61	51
64	170	1	2	119	0	1953125	12	0.0	0	0.99	0	0	V0.2	0	0	58	64	60	59	58	63	63	61	55	63	58	62	50	78	57	90	55	103	53	110	41	123	40	143	42	152	39	169	56	202	79	199	64	239	170	335	183	292	304	473	443	485	511	606	605	622	885	963	1000	724	865	758	725	514	805	774	574	245	314	309	405	360	301	272	85	143	52	127	50	108	64	112	39	88	56	98	43	97	62	91	54	94	55	60	45
64	170	1	2	119	0	1953125	12	0.0	0	0.99	0	0	V0.2	0	0	41	80	40	79	39	76	40	74	43	76	42	75	43	81	55	93	60	101	64	107	53	117	66	139	67	144	69	163	85	197	110	190	109	222	189	334	156	321	272	502	412	524	472	650	575	656	852	1000	974	727	861	774	721	529	807	799	559	286	302	291	421	315	335	238	99	132	87	98	81	78	96	90	68	65	85	82	72	83	79	81	69	88	58	57	52
64	170	1	2	119	0	1953125	12	0.0	0	0.99	0	0	V0.2	0	0	40	75	42	74	39	74	41	70	39	71	41	71	43	80	50	90	58	98	58	104	49	112	60	136	63	140	65	157	80	191	104	182	103	222	190	338	167	321	278	499	417	527	479	634	569	655	850	999	1000	764	870	747	698	517	795	778	550	263	298	307	444	332	351	260	113	143	80	106	81	90	95	99	61	69	82	87	62	85	74	85	71	90	59	59	53
64	170	1	2	119	0	1953125	12	0.0	0	0.99	0	0	V0.2	0	0	46	74	47	72	43	72	45	69	46	72	43	69	44	78	52	91	58	100	58	109	49	119	59	139	58	144	59	160	75	194	97	187	96	224	180	336	172	322	285	499	426	531	492	638	585	650	856	989	1000	758	882	765	718	524	811	790	551	227	283	306	442	346	346	261	111	152	76	113	75	94	86	104	55	75	76	90	58	88	72	86	66	90	58	60	49
64	170	1	2	119	0	1953125	12	0.0	0	0.99	0	0	V0.2	0	0	35	79	35	75	36	77	37	75	39	74	39	73	44	78	54	90	59	98	64	107	54	111	69	133	72	136	74	154	89	184	109	176	111	213	195	332	172	326	272	495	408	532	468	638	557	654	826	1000	980	763	852	752	698	521	783	778	535	259	276	309	449	322	358	246	120	137	89	95	87	77	99	88	66	60	85	78	67	77	80	80	74	84	59	58	52
