34928	35048	35167	35286	35405	35524	35644	35763	35882	36001	36120	36240	36359	36478	36597	36716	36836	36955	37074	37193	37313	37432	37551	37670	37789	37909	38028	38147	38266	38385	38505	38624	38743	38862	38981	39101	39220	39339	39458	39577	39697	39816	39935	40054	40174	40293	40412	40531	40650	40770	40889	41008	41127	41246	41366	41485	41604	41723	41842	41962	42081	42200	42319	42439	42558	42677	42796	42915	43035	43154	43273	43392	43511	43631	43750	43869	43988	44107	44227	44346	44465	44584	44703	44823	44942
64	170	1	2	119	0	1953125	12	0.0	0	1.02	0	0	V0.2	0	0	6	68	11	64	9	65	16	65	26	57	37	58	43	42	57	46	63	33	80	28	70	35	94	43	99	93	136	108	165	153	229	190	309	253	326	223	324	221	252	113	198	47	72	111	20	79	235	384	439	372	507	699	910	893	1000	750	781	728	780	483	393	262	339	230	245	163	176	125	179	106	149	93	136	84	114	72	102	62	91	64	82	58	73	58	60
64	170	1	2	119	0	1953125	12	0.0	0	1.02	0	0	V0.2	0	0	23	64	25	58	34	55	38	56	44	45	51	48	53	34	63	42	64	39	75	40	62	62	80	75	75	128	107	144	131	196	197	234	277	298	291	265	292	253	232	109	181	76	66	92	25	133	235	440	427	439	504	743	895	918	1000	770	763	737	766	487	388	257	359	221	259	148	195	110	195	100	158	87	147	77	123	66	108	58	91	62	84	57	72	59	62
64	170	1	2	119	0	1953125	12	0.0	0	1.02	0	0	V0.2	0	0	27	64	29	55	37	54	43	52	46	43	55	46	54	31	64	38	62	41	73	41	57	65	74	81	73	135	99	153	127	205	191	244	278	307	289	273	295	255	227	107	179	65	75	118	49	142	239	473	434	456	516	778	903	928	1000	769	758	737	759	483	392	256	357	215	259	142	194	104	194	95	157	83	145	72	122	66	109	59	89	63	83	57	71	59	60
64	170	1	2	119	0	1953125	12	0.0	0	1.02	0	0	V0.2	0	0	10	67	17	67	5	69	12	70	23	60	34	62	41	45	57	48	62	32	81	27	72	31	103	40	110	91	153	104	178	148	244	180	321	245	332	211	326	209	249	106	185	28	41	116	50	89	282	414	476	393	535	723	933	891	1000	714	755	729	765	476	398	271	333	237	248	176	178	138	186	117	145	102	135	89	112	77	99	64	89	64	78	57	74	60	60
64	170	1	2	119	0	1953125	12	0.0	16	1.02	0	0	V0.2	0	0	46	54	41	58	28	60	20	62	13	62	17	60	30	56	43	53	57	45	71	36	74	18	96	16	109	53	141	80	184	132	260	197	356	260	372	254	381	241	297	160	245	72	90	100	36	57	287	388	444	393	540	707	927	907	1000	692	778	793	805	491	437	304	366	246	276	192	195	139	204	123	153	97	144	82	111	70	103	55	86	62	77	47	73	55	52
64	170	1	2	119	0	1953125	12	0.0	16	1.02	0	0	V0.2	0	0	46	54	41	58	28	60	20	62	13	62	17	60	30	56	43	53	57	45	71	36	74	18	96	16	109	53	141	80	184	132	260	197	356	260	372	254	381	241	297	160	245	72	90	100	36	57	287	388	444	393	540	707	927	907	1000	692	778	793	805	491	437	304	366	246	276	192	195	139	204	123	153	97	144	82	111	70	103	55	86	62	77	47	73	55	52
64	170	1	2	119	0	1953125	12	0.0	16	1.02	0	0	V0.2	0	0	41	67	33	50	49	50	45	38	58	32	57	36	65	28	64	46	66	50	67	59	50	75	55	89	33	137	64	161	98	243	185	313	272	385	302	368	324	362	275	226	238	160	148	23	83	149	220	456	369	485	498	793	875	1000	976	756	771	854	823	541	446	311	405	250	307	181	228	136	228	124	175	107	164	79	123	72	110	58	90	71	80	59	70	64	54
64	170	1	2	119	0	1953125	12	0.0	11	1.02	0	0	V0.2	0	0	20	76	19	70	14	69	15	65	24	61	35	56	47	47	61	42	71	31	85	22	80	29	96	46	94	94	126	120	165	178	262	251	361	316	393	302	415	285	344	193	315	102	167	102	127	86	288	385	398	404	554	712	913	916	1000	634	781	836	841	464	434	317	389	242	284	190	203	138	218	128	164	100	155	95	113	69	109	61	84	65	84	46	69	58	56
64	170	1	2	119	0	1953125	12	0.0	36	1.03	0	0	V0.2	0	0	75	34	65	26	68	21	54	15	61	13	44	38	48	41	31	66	22	69	27	84	11	77	44	77	79	69	117	78	171	170	241	263	346	335	354	356	373	379	273	334	237	226	84	182	49	176	280	358	414	460	529	762	857	1000	924	714	696	942	760	569	343	406	298	321	187	257	117	207	128	193	88	161	85	139	50	112	56	92	50	82	55	63	52	61	43
64	170	1	2	119	0	1953125	12	0.0	11	1.02	0	0	V0.2	0	0	76	18	61	23	65	25	51	34	54	36	44	48	39	53	39	67	24	74	34	78	27	81	49	74	86	91	113	106	161	197	210	290	309	357	299	369	310	378	216	317	183	194	120	146	70	119	219	379	356	461	472	764	772	1000	863	722	684	923	739	566	358	390	336	289	218	215	156	170	141	160	111	138	104	121	83	97	75	91	60	86	60	71	48	63	45
64	170	1	2	119	0	1953125	12	0.0	36	1.03	0	0	V0.2	0	0	75	24	66	22	68	17	53	22	57	23	39	42	38	43	24	64	18	67	29	78	29	70	56	67	88	54	128	61	183	148	260	248	371	315	383	344	395	348	289	324	249	199	95	205	51	116	287	336	415	441	568	742	860	1000	944	693	724	962	799	563	385	424	322	311	194	241	120	187	134	172	97	148	98	127	67	102	67	84	62	82	63	60	55	57	43
64	170	1	2	119	0	1953125	12	0.0	11	1.02	0	0	V0.2	0	0	75	24	59	33	61	32	47	40	49	39	40	52	32	52	31	65	19	72	35	75	36	75	57	69	96	82	124	91	174	186	228	280	329	348	322	368	330	370	227	332	190	196	130	189	82	116	218	335	335	448	481	738	746	1000	847	716	696	996	774	593	381	426	346	316	214	228	154	184	133	171	108	148	101	132	81	108	78	101	57	89	60	77	51	69	51
64	170	1	2	119	0	1953125	12	0.0	36	1.03	0	0	V0.2	0	0	64	37	56	30	62	25	48	13	56	7	40	26	42	29	28	56	21	59	16	73	5	70	29	73	59	70	91	74	138	158	208	248	307	310	315	337	331	354	254	348	215	220	159	257	100	129	192	246	313	400	484	657	706	900	776	635	709	999	761	582	383	452	317	311	182	234	104	178	94	161	65	138	66	125	45	103	50	92	40	82	46	62	43	57	36
64	170	1	2	119	0	1953125	12	0.0	36	1.03	0	0	V0.2	0	0	64	37	56	30	62	25	48	13	56	7	40	26	42	29	28	56	21	59	16	73	5	70	29	73	59	70	91	74	138	158	208	248	307	310	315	337	331	354	254	348	215	220	159	257	100	129	192	246	313	400	484	657	706	900	776	635	709	999	761	582	383	452	317	311	182	234	104	178	94	161	65	138	66	125	45	103	50	92	40	82	46	62	43	57	36
64	170	1	2	119	0	1953125	12	0.0	7700	2.34	0	0	V0.2	0	0	16	22	13	14	14	19	12	4	9	10	10	2	1	9	4	8	3	12	3	9	15	6	5	16	27	23	15	33	14	42	115	179	173	150	135	146	159	103	157	184	196	83	347	312	369	209	146	230	112	273	260	452	213	707	626	55	636	1000	795	285	189	153	267	46	117	19	54	19	76	51	32	30	44	47	20	30	35	15	14	8	19	9	11	6	19
64	170	1	2	119	0	1953125	12	0.0	7867	2.37	0	0	V0.2	0	0	48	31	22	32	35	38	6	18	32	38	11	21	20	37	20	26	27	31	20	47	31	26	12	32	49	79	31	64	57	89	28	58	69	87	28	53	153	202	89	88	42	69	68	102	106	10	241	302	376	376	478	553	409	448	831	1000	965	730	376	340	291	300	244	76	40	104	176	54	55	39	81	75	83	82	74	45	47	34	50	36	17	31	43	28	23
64	170	1	2	119	0	1953125	12	0.0	7867	2.37	0	0	V0.2	0	0	48	31	22	32	35	38	6	18	32	38	11	21	20	37	20	26	27	31	20	47	31	26	12	32	49	79	31	64	57	89	28	58	69	87	28	53	153	202	89	88	42	69	68	102	106	10	241	302	376	376	478	553	409	448	831	1000	965	730	376	340	291	300	244	76	40	104	176	54	55	39	81	75	83	82	74	45	47	34	50	36	17	31	43	28	23
64	170	1	2	119	0	1953125	12	0.0	86	1.03	0	0	V0.2	0	0	485	467	414	401	419	403	344	302	297	281	220	178	168	195	148	155	218	247	233	298	373	399	386	433	487	510	534	527	567	616	647	555	614	634	692	550	661	627	666	624	544	589	514	668	621	289	704	553	487	669	371	707	676	434	505	1000	661	332	997	385	637	552	400	645	497	503	402	530	522	424	409	423	439	373	336	284	319	296	222	194	187	159	124	66	45
64	170	1	2	119	0	1953125	12	0.0	86	1.03	0	0	V0.2	0	0	59	44	50	30	59	38	44	18	51	20	35	3	39	8	23	28	23	35	10	55	24	65	11	67	42	62	48	54	89	143	156	243	267	312	272	376	322	416	296	441	315	339	299	367	291	241	44	184	131	376	352	582	531	804	668	531	719	1000	824	581	416	383	380	252	245	162	191	115	157	102	130	84	108	66	81	53	68	51	52	54	51	42	31	34	22
64	170	1	2	119	0	1953125	12	0.0	7660	2.33	0	0	V0.2	0	0	29	18	19	14	21	16	12	17	14	17	9	6	12	8	6	15	14	16	13	19	25	25	17	18	48	21	41	23	22	61	97	168	189	119	114	137	142	81	124	218	166	34	315	349	363	282	137	146	130	305	187	343	77	579	497	145	675	1000	751	374	139	101	178	67	54	23	38	8	59	44	28	23	36	43	19	32	29	14	12	17	17	13	11	12	13
64	170	1	2	119	0	1953125	12	0.0	7832	2.36	0	0	V0.2	0	0	40	29	8	43	44	35	12	43	25	29	5	22	38	30	22	22	41	20	32	24	44	33	11	60	86	49	50	57	81	49	44	44	91	30	71	62	197	132	104	56	48	62	124	81	96	172	367	381	435	375	487	443	290	440	837	976	1000	806	501	387	281	307	255	77	26	124	174	62	32	49	52	59	61	71	85	54	19	17	49	62	22	5	43	54	20
64	170	1	2	119	0	1953125	12	0.0	7761	2.35	0	0	V0.2	0	0	36	36	23	29	50	28	15	25	39	14	19	5	40	17	16	11	31	19	22	54	20	36	27	38	23	79	32	73	44	78	36	74	43	106	56	143	97	147	165	54	60	149	110	58	58	285	333	353	445	477	584	489	332	467	802	926	1000	900	642	477	297	212	230	98	88	7	131	102	56	74	78	32	51	33	40	48	9	19	21	26	43	32	38	6	26
64	170	1	2	119	0	1953125	12	0.0	7838	2.36	0	0	V0.2	0	0	54	25	28	32	35	32	18	19	32	34	15	34	21	26	22	40	20	26	11	42	63	33	33	49	62	2	67	7	87	23	76	9	93	41	99	98	201	106	184	97	36	84	162	62	85	229	401	374	465	472	567	547	366	466	835	980	999	906	637	447	330	237	266	114	67	43	160	120	34	51	75	22	55	32	68	70	22	6	36	55	25	12	11	35	27
64	170	1	2	119	0	1953125	12	0.0	7660	2.33	0	0	V0.2	0	0	49	33	42	12	44	46	25	7	35	25	16	12	18	33	12	19	11	39	22	46	33	30	23	50	18	76	71	24	27	81	74	36	28	108	118	91	155	84	168	125	64	132	134	23	168	269	399	330	412	480	518	552	411	442	764	989	1000	947	765	467	369	211	204	145	21	59	76	146	88	30	55	87	31	63	39	74	68	23	37	48	63	25	5	24	24
64	170	1	2	119	0	1953125	12	0.0	7685	2.34	0	0	V0.2	0	0	31	32	16	60	44	15	16	53	28	16	9	41	19	6	31	28	20	19	50	9	55	28	56	53	83	56	89	49	77	37	61	74	91	51	58	159	211	118	123	17	61	69	65	124	83	232	341	415	431	359	472	449	406	473	717	898	1000	788	574	404	312	333	194	91	36	142	137	82	76	53	58	18	26	107	101	19	2	63	62	4	25	51	42	25	40
64	170	1	2	119	0	1953125	12	0.0	7907	2.38	0	0	V0.2	0	0	45	34	17	35	55	33	11	33	36	25	12	35	43	7	1	32	48	16	20	30	53	32	10	67	97	46	56	47	83	56	36	31	106	41	75	89	236	165	146	81	91	44	111	87	149	205	435	460	523	466	573	564	364	390	776	946	1000	858	562	444	333	329	286	85	44	118	197	88	34	46	61	50	61	57	94	71	23	11	49	74	37	10	22	52	37
64	170	1	2	119	0	1953125	12	0.0	7775	2.35	0	0	V0.2	0	0	40	53	22	31	34	32	36	22	23	30	29	10	32	12	27	14	38	26	19	24	11	56	55	10	35	95	62	49	47	78	79	42	40	103	91	123	181	186	265	102	38	80	141	26	208	315	468	417	543	625	659	636	361	339	723	990	1000	946	768	456	360	220	201	199	62	108	64	156	103	11	42	109	64	44	34	39	60	26	21	37	6	47	36	40	14
64	170	1	2	119	0	1953125	12	0.0	61	1.03	0	0	V0.2	0	0	448	414	389	378	400	356	306	287	284	239	194	170	180	161	136	158	195	218	230	279	313	348	382	404	475	507	473	513	546	556	566	587	588	640	555	639	543	606	570	565	566	539	591	539	337	745	346	471	479	518	536	212	765	662	628	737	1000	395	621	544	440	548	394	442	517	519	440	419	492	474	390	326	385	369	345	259	267	279	254	183	132	156	154	66	20
64	170	1	2	119	0	1953125	12	0.0	36	1.03	0	0	V0.2	0	0	72	20	61	23	63	22	48	29	48	28	35	40	27	42	26	55	11	64	30	69	27	76	40	71	70	78	93	80	144	167	211	253	304	298	289	319	302	339	219	352	230	254	150	269	168	261	221	307	335	500	441	527	542	867	645	528	696	1000	710	555	330	376	274	242	198	206	163	168	145	157	126	127	109	104	86	83	75	77	56	71	56	61	42	54	43
64	170	1	2	119	0	1953125	12	0.0	36	1.03	0	0	V0.2	0	0	65	36	54	24	62	24	48	8	54	7	42	23	41	26	32	50	22	59	20	71	3	79	14	83	38	98	64	106	105	195	172	279	264	326	256	334	264	346	210	351	219	251	175	262	169	258	192	298	303	482	405	499	520	851	625	512	699	1000	711	550	331	374	280	245	204	203	168	170	145	155	123	130	107	106	80	87	70	77	54	78	50	61	40	56	40
64	170	1	2	119	0	1953125	12	0.0	36	1.03	0	0	V0.2	0	0	71	22	63	26	64	23	48	33	45	32	27	42	22	42	18	55	19	55	41	64	39	59	59	61	80	45	115	37	162	117	248	203	342	244	342	259	348	277	267	332	279	223	170	282	203	224	271	228	364	420	462	426	558	825	662	483	685	1000	719	526	312	386	240	256	154	230	113	186	102	179	82	149	78	130	44	99	50	88	33	74	44	57	32	51	35
64	170	1	2	119	0	1953125	12	0.0	61	1.03	0	0	V0.2	0	0	70	24	67	20	68	15	55	19	52	16	36	28	30	30	9	47	6	44	29	60	28	57	52	63	67	36	104	21	151	93	252	183	346	224	354	247	371	274	313	343	324	233	220	300	252	237	291	217	380	411	475	408	596	846	705	474	714	1000	743	506	328	373	249	241	163	218	120	173	124	167	94	137	92	116	50	83	58	70	45	61	50	40	41	41	31
64	170	1	2	119	0	1953125	12	0.0	7504	2.31	0	0	V0.2	0	0	29	19	22	23	24	17	18	20	20	16	17	9	18	7	9	16	15	12	15	15	28	27	21	29	45	28	45	33	40	53	117	129	205	74	147	66	126	21	121	246	164	48	217	316	282	273	218	114	121	286	221	102	299	739	511	114	644	1000	634	327	189	107	135	12	33	15	6	26	25	27	7	22	14	17	31	2	25	11	20	5	7	3	12	6	11
64	170	1	2	119	0	1953125	12	0.0	7635	2.33	0	0	V0.2	0	0	43	22	5	43	39	36	13	32	35	38	13	17	52	34	14	37	71	30	16	64	73	1	21	99	48	60	38	90	27	97	52	78	57	143	64	66	114	221	148	120	148	27	146	204	273	113	278	422	493	349	250	382	391	492	784	959	1000	791	509	482	410	363	184	70	103	165	136	36	8	63	118	92	61	90	45	53	59	55	16	67	67	42	15	42	30
64	170	1	2	119	0	1953125	12	0.0	8027	2.40	0	0	V0.2	0	0	17	23	23	37	32	11	26	24	41	11	17	23	25	10	28	35	14	17	49	24	28	4	27	53	58	22	64	75	38	30	67	41	102	80	93	30	212	198	198	98	63	72	84	159	192	118	281	386	464	343	411	406	350	364	662	903	1000	790	535	346	209	236	174	83	13	150	162	87	57	56	32	48	54	94	69	18	5	37	72	42	10	21	45	34	25
64	170	1	2	119	0	1953125	12	0.0	7616	2.33	0	0	V0.2	0	0	43	10	43	36	30	10	36	34	14	15	23	21	18	23	35	36	15	25	44	67	15	26	42	76	23	76	22	70	40	55	33	78	90	42	92	57	175	145	124	178	167	120	177	123	229	283	268	334	323	440	471	400	372	438	617	821	1000	963	815	654	357	162	95	59	110	41	44	62	10	70	81	29	51	83	55	26	29	28	60	33	42	15	39	38	27
64	170	1	2	119	0	1953125	12	0.0	7730	2.35	0	0	V0.2	0	0	7	38	33	34	7	23	33	36	4	15	35	20	7	12	36	21	0	27	52	21	22	19	46	26	44	50	103	36	41	61	98	32	94	91	105	75	185	171	201	91	22	90	115	245	188	163	270	456	464	323	323	350	389	417	662	952	1000	786	587	347	317	275	158	98	94	170	139	126	58	62	25	16	95	124	45	4	60	74	21	25	37	32	51	55	34
64	170	1	2	119	0	1953125	12	0.0	7986	2.39	0	0	V0.2	0	0	34	53	38	23	29	46	27	20	4	44	22	14	35	46	4	10	43	31	21	17	57	55	36	23	83	74	12	25	50	70	42	58	82	116	39	138	170	254	135	153	89	64	171	191	155	188	362	500	456	457	422	481	343	341	704	1000	977	868	624	361	299	205	204	144	31	97	144	159	67	28	65	29	63	57	34	51	54	23	26	61	63	6	23	37	30
64	170	1	2	119	0	1953125	12	0.0	7566	2.32	0	0	V0.2	0	0	26	56	11	36	27	50	18	28	27	33	11	26	8	32	20	40	13	50	39	52	47	39	38	68	100	11	51	24	90	26	75	39	70	76	37	88	32	134	196	160	241	252	135	200	203	342	355	319	411	383	465	481	394	465	705	858	933	999	846	625	463	215	160	109	78	107	23	85	84	39	91	81	27	28	60	36	21	13	48	56	19	34	21	36	25
64	170	1	2	119	0	1953125	12	0.0	7540	2.31	0	0	V0.2	0	0	15	45	47	37	17	39	38	32	4	16	58	39	17	17	62	33	24	36	80	31	24	57	63	27	44	60	87	46	40	93	99	48	53	71	91	71	116	120	235	226	122	147	174	302	194	175	277	489	480	307	256	358	540	600	766	1000	976	771	600	460	537	409	223	88	187	181	120	109	76	58	77	102	128	79	40	46	65	73	53	28	25	70	61	26	19
64	170	1	2	119	0	1953125	12	0.0	7610	2.33	0	0	V0.2	0	0	30	39	61	14	15	45	41	26	15	43	23	45	45	42	26	48	55	17	68	65	66	30	79	35	61	38	108	11	37	106	135	15	72	116	128	55	144	158	232	188	107	110	143	315	248	188	249	502	507	348	254	383	546	576	769	999	938	724	512	414	499	367	230	111	172	177	163	132	40	82	69	93	123	95	35	21	88	87	17	18	72	63	18	27	34
64	170	1	2	119	0	1953125	12	0.0	7838	2.36	0	0	V0.2	0	0	28	55	41	11	17	43	37	23	16	41	33	16	14	26	39	16	14	43	51	22	40	35	42	27	14	67	104	32	26	84	106	16	54	140	135	95	195	290	295	97	93	33	104	227	196	215	294	564	556	462	396	506	504	395	673	1000	981	793	547	363	390	289	239	157	82	161	190	174	32	52	22	45	120	104	47	36	68	67	47	50	38	38	49	38	20
64	170	1	2	119	0	1953125	12	0.0	86	1.03	0	0	V0.2	0	0	493	466	419	414	441	398	337	311	320	290	223	203	199	194	124	200	219	247	226	313	369	366	392	447	516	532	526	550	604	648	613	608	675	694	648	603	702	630	773	491	606	682	587	413	535	667	549	245	827	197	787	799	315	669	1000	116	713	938	194	855	559	387	680	477	606	489	577	493	451	501	479	396	394	426	373	332	306	296	246	197	180	142	155	103	45
64	170	1	2	119	0	1953125	12	0.0	8051	2.40	0	0	V0.2	0	0	25	21	20	19	26	14	18	14	24	10	20	10	17	11	7	14	15	5	16	10	15	22	19	26	32	34	43	39	47	32	141	133	222	71	163	55	135	24	120	220	174	72	211	299	300	289	283	131	136	261	272	81	366	717	446	123	700	1000	579	371	269	106	150	1	71	20	27	33	45	30	11	26	23	10	24	11	19	12	12	4	8	4	11	8	9
64	170	1	2	119	0	1953125	12	0.0	6843	2.19	0	0	V0.2	0	0	49	88	40	35	57	20	55	33	36	62	21	31	27	34	61	37	59	52	6	27	26	88	70	48	108	62	52	90	4	103	102	18	97	32	114	173	114	201	245	124	141	138	29	125	109	132	193	127	278	382	429	641	779	791	907	1000	899	840	804	596	418	376	214	131	161	66	134	110	70	153	108	131	172	104	96	97	25	80	71	70	93	63	50	52	49
64	170	2	2	119	0	1953125	12	0.0	7615	2.33	0	0	V0.2	0	0	46	25	51	23	13	36	27	30	23	13	36	13	21	38	18	18	27	41	42	41	34	68	44	39	77	31	77	35	23	122	30	68	109	48	132	69	148	128	148	48	144	123	159	153	393	317	149	467	710	558	193	418	521	530	836	990	999	704	543	528	559	309	77	132	166	66	69	39	104	38	71	29	62	55	35	19	67	19	49	41	38	43	19	19	30
64	170	2	2	119	0	1953125	12	0.0	6843	2.19	0	0	V0.2	0	0	39	36	34	45	68	16	37	31	49	36	39	46	9	26	31	63	34	9	26	63	42	24	30	58	110	57	85	87	74	67	67	145	67	70	60	155	242	147	138	80	96	188	124	130	80	138	222	270	387	294	380	544	709	936	1000	967	910	672	452	386	292	388	335	179	113	87	178	134	158	112	49	124	102	152	112	4	29	66	108	58	29	24	74	96	77
64	170	2	2	119	0	1953125	12	0.0	6843	2.19	0	0	V0.2	0	0	20	64	4	45	18	50	12	20	33	39	16	18	51	25	23	20	46	11	26	32	41	57	44	83	53	57	38	76	45	72	18	99	6	110	26	111	62	184	108	160	59	71	78	207	166	129	169	356	457	469	193	322	607	921	1000	991	787	449	281	413	511	423	307	37	89	119	102	83	99	85	79	120	118	64	48	72	56	51	47	72	40	52	55	52	25
64	170	1	2	119	0	1953125	12	0.0	6838	2.19	0	0	V0.2	0	0	14	58	11	36	11	44	18	28	26	38	17	22	38	20	24	19	34	14	44	25	31	56	60	63	50	57	55	57	32	83	40	93	30	111	45	105	66	173	117	150	80	77	61	197	164	96	119	344	425	440	215	307	572	878	1000	978	814	448	286	381	515	410	291	60	101	83	104	47	101	49	86	95	124	42	57	48	61	31	48	50	37	41	51	41	21
64	170	1	2	119	0	1953125	12	0.0	6807	2.19	0	0	V0.2	0	0	45	29	26	12	36	19	31	10	41	7	32	30	40	13	28	30	17	35	25	38	17	68	48	79	1	70	32	76	20	79	41	87	42	91	44	88	91	151	105	153	60	78	88	161	123	96	149	291	410	415	201	242	511	821	940	1000	785	478	231	373	446	403	287	55	61	93	74	63	58	61	46	111	89	66	39	66	46	49	34	48	20	49	50	48	23
64	170	1	2	119	0	1953125	12	0.0	6796	2.19	0	0	V0.2	0	0	27	32	37	18	16	29	14	35	7	28	15	41	28	25	27	32	36	8	47	18	27	39	95	43	56	34	88	21	43	67	93	48	60	71	72	70	85	145	150	110	109	52	42	142	144	45	102	336	424	415	236	227	501	811	1000	994	863	480	259	339	493	396	272	80	96	42	80	45	91	25	87	95	114	40	74	53	59	38	58	33	19	54	58	34	23
64	170	1	2	119	0	1953125	12	0.0	6802	2.19	0	0	V0.2	0	0	18	25	16	19	13	20	12	8	8	11	8	6	0	8	6	6	8	14	11	20	21	12	17	12	19	17	7	37	13	60	100	181	179	131	149	111	160	71	193	217	200	40	235	298	371	252	212	209	97	242	272	83	357	644	669	167	785	1000	686	509	219	167	184	40	112	8	47	26	64	14	40	28	54	26	17	38	11	22	10	19	18	16	6	13	8
64	170	1	2	119	0	1953125	12	0.0	6802	2.19	0	0	V0.2	0	0	18	25	16	19	13	20	12	8	8	11	8	6	0	8	6	6	8	14	11	20	21	12	17	12	19	17	7	37	13	60	100	181	179	131	149	111	160	71	193	217	200	40	235	298	371	252	212	209	97	242	272	83	357	644	669	167	785	1000	686	509	219	167	184	40	112	8	47	26	64	14	40	28	54	26	17	38	11	22	10	19	18	16	6	13	8
64	170	1	2	119	0	1953125	12	0.0	61	1.03	0	0	V0.2	0	0	337	314	278	274	295	267	228	212	221	190	128	130	147	106	86	135	157	152	162	215	266	238	270	309	349	336	340	399	427	398	408	428	472	437	407	484	411	468	402	423	331	497	444	347	302	461	320	270	746	250	334	271	694	169	558	1000	368	829	280	601	360	594	329	347	380	381	367	279	327	326	311	273	257	277	234	197	181	186	158	117	105	96	96	68	23
64	170	1	2	119	0	1953125	12	0.0	6843	2.19	0	0	V0.2	0	0	22	30	18	21	19	24	14	11	15	19	8	11	8	13	11	9	14	18	15	27	29	20	24	21	34	18	7	41	11	76	80	196	162	139	127	127	133	80	191	228	160	37	250	298	365	269	201	220	93	295	315	125	325	640	678	206	810	1000	670	528	168	163	155	40	91	19	45	8	51	10	29	7	47	36	8	35	25	19	12	16	19	19	9	11	9
64	170	1	2	119	0	1953125	12	0.0	61	1.03	0	0	V0.2	0	0	66	24	62	26	62	20	49	25	44	25	27	33	20	36	10	45	13	42	34	51	33	52	46	55	61	31	96	5	151	85	246	189	345	240	367	274	382	294	330	380	294	263	203	314	172	135	201	201	302	365	530	445	618	828	837	606	740	1000	786	660	386	472	295	325	168	241	115	191	84	170	67	138	58	121	35	90	40	83	34	73	42	54	28	42	31
64	170	1	2	119	0	1953125	12	0.0	61	1.03	0	0	V0.2	0	0	66	24	62	26	62	20	49	25	44	25	27	33	20	36	10	45	13	42	34	51	33	52	46	55	61	31	96	5	151	85	246	189	345	240	367	274	382	294	330	380	294	263	203	314	172	135	201	201	302	365	530	445	618	828	837	606	740	1000	786	660	386	472	295	325	168	241	115	191	84	170	67	138	58	121	35	90	40	83	34	73	42	54	28	42	31
64	170	1	2	119	0	1953125	12	0.0	61	1.03	0	0	V0.2	0	0	67	20	63	22	64	15	50	23	45	19	29	31	24	34	12	45	9	45	27	55	25	58	41	62	54	38	91	16	147	92	238	195	342	257	366	296	383	325	342	415	306	306	233	350	204	170	160	170	261	338	491	427	590	815	802	602	735	1000	778	675	388	485	300	340	179	249	127	196	87	174	68	139	55	123	35	92	39	85	31	73	40	58	27	43	29
64	170	1	2	119	0	1953125	12	0.0	86	1.03	0	0	V0.2	0	0	60	29	57	26	62	20	52	13	49	7	37	13	33	17	12	32	9	34	15	51	11	56	24	67	39	48	72	18	129	72	225	180	327	243	360	290	383	328	360	437	333	331	265	380	239	194	140	135	233	321	482	393	576	790	777	567	739	1000	774	670	392	493	295	329	170	244	117	189	78	166	57	130	48	109	24	78	32	69	32	61	35	43	26	35	20
64	170	1	2	119	0	1953125	12	0.0	6838	2.19	0	0	V0.2	0	0	27	28	23	25	21	31	18	24	15	24	9	13	15	13	13	17	12	22	7	24	37	23	33	27	52	20	28	23	26	86	78	219	184	161	146	152	134	59	197	275	164	84	277	319	394	293	179	234	108	311	371	110	358	624	666	184	853	1000	652	575	113	234	134	70	64	4	41	21	40	16	20	2	37	30	2	34	23	16	10	11	15	14	6	13	8
64	170	1	2	119	0	1953125	12	0.0	6843	2.19	0	0	V0.2	0	0	27	43	10	23	27	37	16	4	42	26	15	13	38	8	19	22	28	22	25	37	31	51	38	77	16	66	29	69	14	72	31	90	49	122	38	67	49	133	101	160	81	81	62	141	129	112	94	242	365	402	237	84	256	595	814	999	870	553	167	254	370	369	246	14	62	93	39	89	73	50	30	119	86	53	19	70	33	38	39	66	20	44	46	42	11
64	170	1	2	119	0	1953125	12	0.0	6838	2.19	0	0	V0.2	0	0	15	48	8	27	13	41	19	15	31	31	15	17	33	13	24	21	31	15	29	20	27	53	45	62	35	56	45	48	19	72	29	84	37	109	54	61	23	125	89	152	105	64	41	149	129	104	69	246	340	394	250	57	243	614	838	1000	911	553	189	222	387	351	252	47	77	65	57	67	96	28	38	97	101	37	33	55	46	28	36	47	24	47	53	42	15
64	170	1	2	119	0	1953125	12	0.0	6843	2.19	0	0	V0.2	0	0	35	27	27	17	38	31	8	13	42	15	10	21	38	8	13	28	25	15	15	45	28	31	48	73	9	55	37	69	25	49	59	70	71	98	49	57	68	91	122	140	93	89	69	100	143	98	91	207	370	369	243	83	266	560	826	1000	860	586	157	237	343	388	226	32	46	107	18	90	53	59	39	112	70	66	15	62	21	35	36	49	12	42	53	41	15
64	170	1	2	119	0	1953125	12	0.0	6843	2.19	0	0	V0.2	0	0	21	42	8	25	23	40	12	5	34	24	16	13	36	9	18	18	25	19	26	32	34	47	32	67	17	61	30	65	16	65	26	85	31	105	32	64	30	112	87	151	82	75	55	120	105	102	77	228	330	385	247	96	227	583	815	1000	887	559	188	225	354	350	246	29	54	80	44	77	73	38	27	105	81	41	17	61	29	36	34	54	20	45	46	40	11
64	170	1	2	119	0	1953125	12	0.0	86	1.03	0	0	V0.2	0	0	275	274	239	239	256	230	191	163	190	172	122	96	125	114	75	97	146	150	129	177	241	217	210	276	306	305	281	318	375	349	334	355	395	393	364	377	329	405	335	345	251	442	366	278	189	425	260	388	384	449	200	283	451	329	145	1000	681	593	297	684	106	331	443	256	208	330	279	273	253	268	234	247	231	199	193	182	180	148	135	120	96	81	67	50	37
64	170	1	2	119	0	1953125	12	0.0	61	1.03	0	0	V0.2	0	0	55	52	51	51	50	47	37	46	28	40	15	41	3	42	18	39	35	37	51	34	58	37	65	35	75	26	103	33	160	83	268	200	377	254	419	293	440	275	378	367	336	230	202	294	204	158	268	202	323	400	608	492	704	867	885	597	742	1000	793	711	385	489	284	338	168	254	121	219	95	192	75	157	59	132	36	96	34	87	27	69	39	60	29	45	33
64	170	1	2	119	0	1953125	12	0.0	36	1.03	0	0	V0.2	0	0	37	74	32	69	27	66	17	58	3	56	7	47	29	46	41	39	65	30	75	21	85	9	87	9	93	37	116	87	167	142	283	254	393	313	458	334	476	290	444	350	401	204	281	277	267	110	232	221	308	376	627	482	772	865	995	602	864	1000	925	723	515	502	384	344	262	266	185	212	162	183	128	145	118	130	83	100	86	90	70	72	75	60	57	51	48
64	170	1	2	119	0	1953125	12	0.0	36	1.03	0	0	V0.2	0	0	68	41	62	42	55	43	45	43	30	48	19	49	10	52	26	52	47	51	61	48	70	46	75	31	89	12	120	38	175	101	283	223	402	288	453	323	470	303	424	387	384	258	266	329	250	140	185	181	275	331	583	447	721	838	959	601	828	999	914	744	531	524	393	365	269	274	184	216	159	182	123	141	114	124	83	95	87	81	73	70	73	54	59	52	48
64	170	1	2	119	0	1953125	12	0.0	61	1.03	0	0	V0.2	0	0	54	50	48	44	55	43	44	26	49	22	37	2	42	12	28	37	26	47	19	68	20	72	14	79	30	70	49	74	94	156	168	271	282	350	315	397	338	403	312	461	294	339	236	342	241	202	100	157	191	363	453	500	585	875	819	657	716	1000	806	786	472	534	355	371	241	257	168	205	127	171	94	144	75	119	51	93	47	86	38	74	38	61	31	46	29
64	170	1	2	119	0	1953125	12	0.0	41	1.03	0	0	V0.2	0	0	35	71	33	67	28	65	19	58	6	55	7	43	26	44	42	38	64	32	76	22	82	13	85	5	86	33	106	75	149	126	262	240	380	301	441	326	469	292	441	353	406	225	287	311	275	115	161	216	259	324	574	463	743	874	994	586	815	1000	940	751	562	532	424	365	284	275	193	216	162	185	128	145	119	129	83	98	86	91	70	74	73	59	56	54	50
64	170	1	2	119	0	1953125	12	0.0	61	1.03	0	0	V0.2	0	0	63	43	59	37	61	35	51	18	55	14	39	8	40	19	26	41	22	53	13	71	7	74	3	83	33	72	61	64	110	143	185	252	307	334	338	383	365	394	315	460	295	331	208	349	227	213	124	145	211	353	466	488	615	895	835	612	672	1000	778	761	440	529	337	371	220	265	146	213	110	184	81	154	65	127	42	98	41	87	33	75	37	59	30	47	30
64	170	1	2	119	0	1953125	12	0.0	6802	2.19	0	0	V0.2	0	0	23	16	21	15	24	12	18	16	20	13	17	8	16	6	8	10	11	6	14	1	13	21	10	23	31	48	34	45	22	27	108	150	229	110	219	129	240	24	150	264	201	82	173	371	369	305	215	162	72	286	389	62	464	719	849	350	719	1000	614	603	204	285	189	121	108	49	23	68	54	45	41	38	45	7	29	25	5	22	13	17	7	12	2	9	6
64	170	1	2	119	0	1953125	12	0.0	6837	2.19	0	0	V0.2	0	0	33	16	45	7	31	13	24	29	26	28	13	33	28	30	5	32	19	13	38	35	9	26	88	47	48	18	99	33	38	48	109	33	87	65	113	8	85	102	147	70	122	38	21	110	138	56	41	243	332	301	204	120	331	635	898	1000	957	574	200	246	446	378	233	59	109	55	66	53	105	7	70	78	97	12	58	34	31	44	63	32	17	54	55	20	23
64	170	1	2	119	0	1953125	12	0.0	6837	2.19	0	0	V0.2	0	0	34	21	27	13	38	23	10	18	42	9	11	23	33	4	9	32	17	18	18	44	27	33	58	66	23	54	57	66	35	49	74	64	73	83	62	46	87	91	120	107	82	72	57	70	124	64	95	182	329	289	186	76	374	631	883	1000	853	575	158	280	361	393	204	71	54	112	24	86	52	62	48	103	66	63	28	57	20	31	48	49	16	34	49	33	21
64	170	1	2	119	0	1953125	12	0.0	6837	2.19	0	0	V0.2	0	0	38	20	27	12	40	20	14	17	42	8	9	27	33	8	12	35	17	19	19	41	26	40	63	73	22	56	59	69	34	48	76	68	73	85	58	44	88	94	125	112	75	66	63	68	114	54	104	190	334	287	185	98	394	647	889	1000	850	570	158	274	353	389	205	66	51	112	23	83	46	59	40	96	58	58	21	54	18	26	42	45	20	35	45	32	16
64	170	1	2	119	0	1953125	12	0.0	6802	2.19	0	0	V0.2	0	0	35	14	27	28	34	14	6	43	32	19	7	43	23	16	13	32	3	14	40	38	24	30	87	49	45	23	83	43	43	20	97	26	94	41	83	23	89	65	149	72	93	51	49	76	115	7	90	217	352	292	226	91	397	658	942	1000	901	585	164	242	379	396	198	93	75	107	43	68	70	56	59	77	87	61	40	44	40	16	59	46	31	28	60	42	22
64	170	1	2	119	0	1953125	12	0.0	0	0.97	0	0	V0.2	0	0	161	118	162	132	174	139	174	135	183	143	177	135	177	136	172	120	161	119	161	108	156	87	170	82	178	65	209	100	214	142	248	287	354	324	399	414	386	398	334	640	304	526	333	795	387	494	169	621	397	378	491	575	808	897	1000	646	818	866	829	609	465	285	366	168	330	28	303	17	278	82	248	100	241	116	235	121	207	131	202	140	181	140	166	142	153
64	170	1	2	119	0	1953125	12	0.0	0	0.97	0	0	V0.2	0	0	161	118	162	132	174	139	174	135	183	143	177	135	177	136	172	120	161	119	161	108	156	87	170	82	178	65	209	100	214	142	248	287	354	324	399	414	386	398	334	640	304	526	333	795	387	494	169	621	397	378	491	575	808	897	1000	646	818	866	829	609	465	285	366	168	330	28	303	17	278	82	248	100	241	116	235	121	207	131	202	140	181	140	166	142	153
64	170	1	2	119	0	1953125	12	0.0	61	1.03	0	0	V0.2	0	0	65	19	68	10	63	16	58	15	44	23	33	29	17	40	8	42	28	48	40	51	53	54	57	46	64	34	85	22	124	69	226	175	331	246	399	285	424	281	397	334	356	226	273	316	237	105	105	259	279	347	559	529	759	894	1000	649	786	903	905	659	577	454	454	310	322	207	214	133	185	96	143	68	135	44	102	38	92	26	80	42	64	31	55	32	30
64	170	1	2	119	0	1953125	12	0.0	0	0.98	0	0	V0.2	0	0	168	129	175	136	179	146	183	149	181	157	181	157	173	154	165	154	151	147	137	138	144	120	146	101	160	92	189	45	219	49	289	151	422	181	482	283	490	276	446	578	428	501	429	806	470	518	166	689	313	471	490	682	736	954	1000	706	804	943	879	679	503	332	391	211	355	49	309	45	294	81	248	93	255	122	241	113	221	140	207	142	183	143	178	145	154
64	170	1	2	119	0	1953125	12	0.0	0	0.97	0	0	V0.2	0	0	40	75	37	77	28	65	22	63	20	44	9	43	6	37	9	33	21	39	27	46	43	64	55	80	59	107	70	173	48	197	89	335	225	371	296	441	339	354	441	491	499	313	605	598	653	282	385	497	431	377	422	632	603	979	867	713	698	1000	797	682	415	353	324	210	258	106	217	81	169	82	123	90	102	98	85	96	60	90	42	88	36	76	30	60	34
64	170	1	2	119	0	1953125	12	0.0	0	0.97	0	0	V0.2	0	0	76	36	77	45	62	36	57	42	48	27	36	24	41	12	29	6	42	15	37	25	73	29	86	25	116	29	161	47	176	73	232	249	334	296	389	414	364	381	361	626	374	474	469	746	533	429	341	482	472	246	545	491	715	900	961	603	710	1000	834	680	414	443	247	316	145	239	100	195	105	127	98	100	116	74	105	68	101	35	95	39	78	33	70	40	45
64	170	1	2	119	0	1953125	12	0.0	0	0.96	0	0	V0.2	0	0	79	37	81	25	73	25	76	29	62	19	60	24	52	28	60	22	69	20	80	12	102	32	122	50	142	83	157	149	143	184	134	341	231	395	286	488	301	413	365	551	446	377	563	624	623	303	392	417	434	283	424	565	559	947	822	653	627	1000	721	661	347	379	255	217	224	116	204	68	180	75	141	82	124	97	95	97	73	95	54	97	49	85	43	75	48
64	170	1	2	119	0	1953125	12	0.0	0	0.96	0	0	V0.2	0	0	76	39	75	25	69	22	72	11	64	5	60	11	58	22	61	27	67	28	75	32	102	25	123	34	153	47	182	106	185	138	190	301	274	363	322	467	309	417	334	591	406	441	530	687	600	375	409	442	482	247	488	533	585	896	849	621	600	1000	707	656	339	432	234	279	197	178	188	117	183	70	155	56	150	65	120	68	98	74	80	91	67	77	54	75	47
64	170	1	2	119	0	1953125	12	0.0	0	0.96	0	0	V0.2	0	0	68	50	70	36	67	34	71	15	63	12	63	12	58	28	58	36	65	40	70	47	101	46	123	47	156	49	197	89	201	111	220	281	307	346	358	466	342	425	345	626	404	485	525	747	612	450	420	476	513	237	502	506	610	871	885	621	612	1000	751	693	368	458	245	320	194	216	180	156	185	89	163	64	163	58	136	60	114	64	95	83	77	78	69	76	53
64	170	1	2	119	0	1953125	12	0.0	0	0.96	0	0	V0.2	0	0	78	38	76	26	70	21	74	13	66	8	62	13	59	26	62	26	72	26	80	28	108	26	127	36	155	60	184	126	179	151	171	311	255	380	315	489	311	433	350	592	452	454	577	709	680	436	461	461	504	235	454	536	524	852	816	639	577	1000	731	709	373	447	276	293	236	180	217	119	198	75	163	70	156	83	118	82	93	89	76	98	64	86	54	80	53
64	170	1	2	119	0	1953125	12	0.0	0	0.96	0	0	V0.2	0	0	43	80	50	70	53	65	67	45	65	47	70	39	66	52	67	63	71	72	80	80	106	81	132	78	167	73	210	95	221	87	233	257	321	330	381	458	360	420	338	627	395	483	513	768	617	489	405	477	498	208	485	482	591	839	874	602	604	1000	749	697	351	447	224	312	183	214	181	152	188	89	175	72	171	70	142	68	112	79	94	98	78	92	69	88	60
64	170	1	2	119	0	1953125	12	0.0	0	0.96	0	0	V0.2	0	0	43	79	49	68	54	66	65	49	65	50	69	42	66	53	66	64	72	74	77	83	105	82	134	85	168	76	209	97	225	91	237	255	328	333	387	459	367	425	344	626	409	501	525	778	637	510	423	500	527	244	507	515	621	856	908	626	611	1000	757	702	361	471	243	323	201	235	197	161	198	102	184	82	180	78	148	77	121	88	99	99	83	95	73	93	65
64	170	1	2	119	0	1953125	12	0.0	0	0.96	0	0	V0.2	0	0	49	78	54	65	62	61	73	41	71	45	75	37	72	53	73	60	76	70	86	81	113	73	140	73	180	70	217	101	227	109	232	276	319	354	375	481	358	441	341	627	404	482	527	763	650	490	426	500	555	261	516	543	650	897	897	650	595	1000	738	709	345	461	247	322	221	221	215	152	210	96	191	85	184	86	142	87	115	96	95	107	79	97	68	94	65
64	170	1	2	119	0	1953125	12	0.0	0	0.96	0	0	V0.2	0	0	41	84	48	75	57	73	69	55	66	52	73	46	70	58	71	68	73	78	82	90	107	90	137	93	175	90	222	106	237	97	262	263	356	335	415	470	395	433	367	652	420	506	516	795	632	510	411	535	588	302	547	538	712	910	965	666	651	999	770	700	343	460	239	342	208	252	198	181	202	115	193	90	190	75	152	72	125	83	108	99	89	97	79	94	68
64	170	1	2	119	0	1953125	12	0.0	0	0.96	0	0	V0.2	0	0	35	86	41	78	47	76	64	56	62	56	70	47	68	60	68	73	72	82	77	98	103	96	131	102	172	98	217	110	239	95	272	251	372	326	432	457	409	427	378	648	421	508	509	796	625	522	422	570	609	338	569	541	734	895	966	654	679	999	769	678	353	467	240	348	209	269	198	192	202	131	195	100	188	80	158	76	130	80	117	98	96	95	83	95	73
64	170	1	2	119	0	1953125	12	0.0	0	0.96	0	0	V0.2	0	0	53	86	58	69	62	67	78	46	74	47	79	40	73	55	77	66	84	75	89	85	117	78	145	83	186	76	228	108	243	113	262	289	351	362	406	499	380	449	367	657	415	486	521	777	648	480	441	556	631	337	573	558	723	935	940	655	624	1000	724	690	315	459	237	332	233	242	227	163	217	107	202	87	188	81	147	85	119	96	100	107	83	100	71	95	69
64	170	1	2	119	0	1953125	12	0.0	0	0.96	0	0	V0.2	0	0	63	72	69	60	73	52	84	32	78	32	79	29	76	45	77	53	85	62	91	64	122	59	145	62	186	61	220	113	227	135	235	310	316	376	364	502	337	434	341	624	415	444	513	715	640	417	436	521	608	352	554	553	683	954	890	642	626	1000	677	663	298	439	245	297	246	209	236	127	219	94	191	88	172	94	129	94	100	103	80	109	68	100	66	92	63
64	170	1	2	119	0	1953125	12	0.0	0	0.96	0	0	V0.2	0	0	81	49	83	32	76	27	85	8	74	7	72	11	68	27	64	32	72	32	80	36	112	30	132	36	169	38	201	103	211	143	235	324	318	379	370	507	332	435	356	650	420	453	525	733	625	399	429	531	599	362	575	548	719	999	939	619	639	998	683	668	304	451	230	311	231	214	211	138	205	83	177	62	168	66	131	63	103	71	88	91	71	81	59	78	49
64	170	1	2	119	0	1953125	12	0.0	7370	2.28	0	0	V0.2	0	0	26	31	24	32	26	30	18	21	21	22	12	21	12	18	11	15	18	17	12	33	34	17	31	30	56	7	35	24	43	70	50	227	171	191	183	246	178	95	172	329	182	98	314	447	361	265	166	272	139	278	341	182	464	921	937	325	627	1000	605	583	190	245	148	119	62	41	26	48	17	24	35	20	28	10	30	9	14	13	10	13	4	8	7	2	16
64	170	1	2	119	0	1953125	12	0.0	7430	2.29	0	0	V0.2	0	0	58	33	63	28	36	52	50	37	18	59	38	25	24	59	22	28	46	46	17	6	63	12	65	19	48	56	70	34	58	58	66	53	60	45	88	109	68	118	123	320	319	333	138	242	218	252	294	589	596	501	355	535	661	607	739	1000	991	805	450	386	418	321	143	139	181	135	28	139	88	30	72	163	70	74	60	101	17	67	60	55	30	64	48	23	48
64	170	1	2	119	0	1953125	12	0.0	7376	2.29	0	0	V0.2	0	0	22	41	20	50	11	41	3	54	15	24	13	38	1	14	27	25	17	12	47	6	51	18	55	47	51	45	67	37	73	27	51	67	98	37	35	163	107	119	180	324	342	199	173	178	212	170	368	505	582	380	361	465	633	725	768	940	1000	717	462	303	402	360	149	23	184	170	32	24	124	95	53	75	131	60	53	57	74	16	70	61	43	18	60	46	12
64	170	2	2	119	0	1953125	12	0.0	7510	2.31	0	0	V0.2	0	0	4	47	20	52	16	52	12	46	17	35	21	52	29	22	42	47	32	5	61	37	20	36	85	21	49	22	66	36	49	53	60	82	110	104	122	59	29	29	104	256	233	255	187	236	180	174	304	505	516	390	437	522	625	572	653	938	1000	750	503	272	354	231	85	81	193	88	16	88	131	3	85	108	120	22	63	66	54	45	69	45	15	74	77	41	39
64	170	2	2	119	0	1953125	12	0.0	7510	2.31	0	0	V0.2	0	0	4	47	20	52	16	52	12	46	17	35	21	52	29	22	42	47	32	5	61	37	20	36	85	21	49	22	66	36	49	53	60	82	110	104	122	59	29	29	104	256	233	255	187	236	180	174	304	505	516	390	437	522	625	572	653	938	1000	750	503	272	354	231	85	81	193	88	16	88	131	3	85	108	120	22	63	66	54	45	69	45	15	74	77	41	39
64	170	2	2	119	0	1953125	12	0.0	86	1.03	0	0	V0.2	0	0	450	393	354	359	391	349	271	269	292	245	182	163	190	164	98	162	218	188	206	280	347	305	326	395	466	447	437	473	559	562	534	524	613	667	472	574	564	605	466	461	672	466	514	549	446	402	550	513	444	693	626	665	116	895	796	495	1000	769	183	653	490	494	579	299	460	498	496	397	403	436	416	367	327	357	326	278	261	229	247	196	146	115	125	75	29
64	170	2	2	119	0	1953125	12	0.0	7471	2.30	0	0	V0.2	0	0	38	32	30	31	31	33	24	30	22	26	15	17	21	15	17	20	23	25	13	30	45	31	41	33	71	37	42	15	40	81	81	240	194	201	217	271	167	65	201	310	185	36	244	332	340	294	268	218	139	403	284	190	630	951	889	344	822	1000	595	556	196	110	162	65	91	51	40	30	66	43	35	3	57	35	7	35	18	19	9	26	19	17	9	14	2
64	170	2	2	119	0	1953125	12	0.0	86	1.03	0	0	V0.2	0	0	346	326	301	293	295	283	256	214	217	221	166	123	128	141	102	106	153	176	189	184	271	293	278	297	385	401	397	393	439	460	467	422	430	452	529	386	453	421	595	479	326	471	441	421	381	440	345	574	407	465	210	426	855	194	401	1000	534	534	526	473	401	334	350	490	400	346	335	391	386	327	286	309	344	291	213	218	244	222	165	123	154	127	74	53	28
64	170	2	2	119	0	1953125	12	0.0	86	1.03	0	0	V0.2	0	0	346	326	301	293	295	283	256	214	217	221	166	123	128	141	102	106	153	176	189	184	271	293	278	297	385	401	397	393	439	460	467	422	430	452	529	386	453	421	595	479	326	471	441	421	381	440	345	574	407	465	210	426	855	194	401	1000	534	534	526	473	401	334	350	490	400	346	335	391	386	327	286	309	344	291	213	218	244	222	165	123	154	127	74	53	28
64	170	1	2	119	0	1953125	12	0.0	61	1.03	0	0	V0.2	0	0	66	62	54	52	57	53	42	32	49	25	41	6	53	10	46	36	48	42	45	63	51	63	40	72	34	99	6	144	52	243	169	368	274	440	359	462	332	375	395	386	351	157	242	146	197	167	221	368	355	583	578	612	844	1000	990	590	875	913	860	586	495	335	396	224	277	144	212	115	202	101	173	87	153	69	111	48	96	41	80	33	73	30	55	28	42
64	170	2	2	119	0	1953125	12	0.0	7554	2.32	0	0	V0.2	0	0	24	28	15	28	16	28	13	18	7	15	7	9	4	9	7	8	13	11	9	25	28	15	22	26	42	12	3	48	11	57	131	219	190	179	253	259	153	28	261	282	254	48	250	365	379	254	304	216	197	391	309	182	637	878	890	271	812	1000	651	520	258	138	186	71	110	19	52	37	71	28	54	37	63	10	34	36	12	31	19	25	17	17	8	13	4
64	170	2	2	119	0	1953125	12	0.0	61	1.03	0	0	V0.2	0	0	337	296	286	283	304	260	223	211	220	187	135	133	143	106	92	127	148	164	165	227	237	249	267	307	356	365	322	404	403	410	370	462	460	424	431	471	453	521	349	422	408	407	427	315	491	373	375	121	531	201	621	282	495	815	315	284	1000	259	336	312	493	403	356	314	388	403	312	297	352	354	305	259	279	305	241	194	180	212	192	145	84	129	105	67	32
64	170	2	2	119	0	1953125	12	0.0	36	1.03	0	0	V0.2	0	0	75	18	69	25	63	24	52	33	47	35	37	44	32	50	25	62	21	66	32	74	31	68	50	64	73	62	111	81	167	160	245	279	335	341	367	398	330	350	281	413	222	217	107	227	79	139	272	282	346	524	540	628	705	1000	883	698	730	978	743	692	399	428	318	318	214	226	162	192	131	174	114	148	96	127	81	96	65	92	60	77	50	70	44	51	41
64	170	2	2	119	0	1953125	12	0.0	11	1.02	0	0	V0.2	0	0	54	48	47	48	37	54	29	55	20	59	19	58	22	58	33	60	49	57	60	54	67	40	82	30	104	22	147	65	203	129	290	242	379	290	420	343	381	287	317	362	253	195	98	247	63	26	298	266	401	459	601	595	779	969	982	716	798	1000	820	711	450	475	343	357	213	269	146	216	118	192	95	163	90	148	65	117	67	112	57	94	68	83	55	69	57
64	170	2	2	119	0	1953125	12	0.0	0	1.02	0	0	V0.2	0	0	65	26	58	33	53	38	44	45	39	50	31	54	28	56	29	62	36	62	47	66	52	51	70	45	96	35	138	69	193	138	277	251	369	301	407	348	369	295	305	361	249	208	120	260	72	5	285	274	412	457	605	595	790	963	1000	715	823	998	838	711	487	488	370	359	233	268	152	204	128	173	99	143	101	132	76	108	80	100	69	88	73	73	61	65	57
64	170	2	2	119	0	1953125	12	0.0	0	0.97	0	0	V0.2	0	0	165	132	164	136	175	150	179	141	186	147	190	135	185	128	186	124	172	114	166	103	171	78	182	56	201	49	219	35	255	92	315	233	442	243	499	338	436	298	436	588	433	475	378	708	352	397	118	628	307	579	438	659	723	1000	917	674	856	993	713	683	340	332	284	225	270	101	280	81	270	57	270	82	259	85	246	102	231	107	224	107	213	111	194	109	179
64	170	2	2	119	0	1953125	12	0.0	0	0.96	0	0	V0.2	0	0	147	143	152	157	169	156	170	151	185	152	188	138	189	130	193	115	184	107	180	94	187	67	200	46	213	38	240	14	274	54	335	210	468	223	530	320	468	275	472	568	468	457	413	689	390	381	83	626	292	584	406	672	686	1000	877	679	818	990	694	687	319	340	274	231	270	109	288	81	279	45	278	77	266	84	248	99	238	114	218	116	218	124	195	122	175
64	170	2	2	119	0	1953125	12	0.0	0	0.97	0	0	V0.2	0	0	163	131	163	138	174	152	179	140	184	148	190	137	184	128	188	123	175	112	165	106	173	82	182	57	200	53	220	18	262	71	322	214	450	220	510	313	448	282	468	580	464	467	409	696	383	386	90	646	312	587	403	681	682	1000	869	682	819	991	711	712	323	354	279	259	264	134	274	112	266	63	271	82	266	85	248	99	239	101	231	100	224	105	203	104	188
64	170	2	2	119	0	1953125	12	0.0	0	0.96	0	0	V0.2	0	0	149	142	151	158	166	159	170	151	186	154	189	136	189	130	198	113	186	105	182	90	189	70	198	42	217	38	236	11	276	57	332	209	460	223	517	316	459	291	472	578	467	461	388	686	368	375	100	646	313	568	404	660	712	1000	870	669	856	991	711	680	311	323	276	214	270	92	294	72	277	52	279	81	267	92	246	108	233	120	221	118	210	129	189	131	175
64	170	2	2	119	0	1953125	12	0.0	0	0.96	0	0	V0.2	0	0	119	141	121	151	137	155	139	151	150	152	155	137	155	136	157	120	151	111	149	99	155	85	164	72	189	72	201	66	251	31	311	150	437	155	492	240	463	189	500	443	518	352	453	548	435	328	134	591	286	557	308	658	597	1000	777	726	741	984	613	667	224	365	185	240	201	161	247	121	239	64	257	67	247	65	226	84	222	80	211	73	207	82	192	84	178
64	170	2	2	119	0	1953125	12	0.0	0	0.96	0	0	V0.2	0	0	102	145	106	155	115	162	110	165	116	169	119	162	115	160	118	153	107	144	105	136	109	133	106	147	123	150	126	175	187	155	256	232	378	248	441	312	427	179	520	331	572	179	569	375	548	161	305	447	405	496	341	637	578	999	747	690	659	977	601	614	220	406	81	278	50	260	121	222	143	187	180	170	181	158	167	152	175	129	174	124	176	112	169	96	165
64	170	1	2	119	0	1953125	12	0.0	0	0.96	0	0	V0.2	0	0	157	145	160	158	177	156	184	152	195	153	197	136	197	129	202	115	190	105	186	95	190	68	205	45	221	32	244	31	271	94	325	244	452	267	515	366	455	333	437	618	427	503	368	724	322	405	128	663	353	550	436	660	808	1000	932	639	953	976	768	653	367	279	316	153	302	21	315	50	285	96	279	119	258	125	238	138	220	150	208	148	197	158	174	161	158
64	170	1	2	119	0	1953125	12	0.0	36	1.03	0	0	V0.2	0	0	48	61	41	54	30	60	20	48	9	57	9	42	34	45	39	29	64	22	69	22	80	12	67	39	66	69	81	120	116	194	231	300	321	361	408	385	369	309	394	304	350	134	255	167	157	109	209	413	356	542	562	688	824	1000	984	682	921	967	897	651	541	393	437	250	305	140	200	101	187	91	146	95	145	71	111	70	99	59	83	64	69	55	60	48	36
64	170	1	2	119	0	1953125	12	0.0	36	1.03	0	0	V0.2	0	0	74	22	63	20	63	20	50	23	49	22	40	37	36	40	29	59	18	62	22	73	18	67	35	65	65	62	100	77	162	158	234	278	337	351	373	388	330	357	268	391	221	234	136	224	67	92	297	336	403	489	560	676	745	992	900	731	782	1000	766	701	393	442	316	326	186	218	110	180	90	169	68	149	68	131	49	104	45	94	37	82	44	68	36	53	35
64	170	1	2	119	0	1953125	12	0.0	36	1.03	0	0	V0.2	0	0	73	24	63	21	64	17	52	16	54	19	42	33	41	39	31	59	21	63	23	76	13	73	30	71	58	72	95	92	154	172	226	289	322	362	366	405	327	375	271	398	229	240	130	203	64	115	279	335	377	490	542	688	742	994	891	735	784	1000	770	702	398	434	318	322	200	218	122	179	104	172	81	153	79	130	58	105	50	95	41	81	45	70	37	53	35
64	170	1	2	119	0	1953125	12	0.0	11	1.02	0	0	V0.2	0	0	63	40	51	47	46	49	33	53	28	56	24	58	21	58	31	60	38	60	55	60	62	48	74	37	101	33	141	62	203	133	278	244	373	307	412	345	371	310	296	351	238	206	85	208	30	58	311	307	405	442	578	647	782	974	939	716	800	1000	802	701	404	448	313	338	187	243	115	202	99	184	78	161	82	147	60	119	61	111	50	91	57	80	49	65	50
64	170	1	2	119	0	1953125	12	0.0	11	1.02	0	0	V0.2	0	0	68	17	59	23	59	24	49	35	48	36	41	48	37	51	32	64	24	65	37	74	38	63	56	60	84	59	124	85	180	159	250	265	342	328	377	360	336	324	268	351	209	201	88	191	42	62	305	317	409	451	574	665	779	972	935	728	809	1000	797	698	415	455	319	333	188	235	109	192	99	173	76	153	83	141	62	116	64	104	54	91	63	74	52	66	50
64	170	1	2	119	0	1953125	12	0.0	36	1.03	0	0	V0.2	0	0	69	29	64	24	62	18	52	19	55	19	43	36	40	40	29	57	18	64	24	76	22	68	41	66	68	57	111	68	170	141	249	262	352	327	399	366	365	339	298	376	243	222	87	209	35	100	310	302	410	458	598	656	785	970	942	689	790	1000	807	702	428	456	323	334	190	234	106	190	110	170	92	148	91	129	64	104	65	88	59	76	57	59	51	51	39
64	170	1	2	119	0	1953125	12	0.0	11	1.02	0	0	V0.2	0	0	72	19	63	28	62	29	50	40	49	38	38	50	35	53	30	65	25	69	43	76	43	65	63	62	92	59	131	83	191	158	264	273	363	336	399	373	360	340	287	371	231	220	92	210	43	68	311	309	408	441	583	656	778	984	959	710	777	1000	808	722	433	470	331	350	197	249	119	207	110	188	88	164	89	149	64	121	67	110	57	92	64	82	57	69	52
64	170	1	2	119	0	1953125	12	0.0	36	1.03	0	0	V0.2	0	0	67	35	62	28	62	19	54	11	57	11	46	30	43	37	31	56	23	63	23	77	13	73	32	75	61	69	99	87	158	159	232	281	335	342	372	381	342	350	272	374	224	221	88	198	33	120	316	326	409	483	594	679	770	996	937	692	755	1000	788	709	415	456	316	334	178	232	104	197	104	181	83	158	84	136	55	108	57	95	48	82	53	64	48	54	40
64	170	1	2	119	0	1953125	12	0.0	11	1.02	0	0	V0.2	0	0	54	48	46	54	36	55	25	57	17	59	17	61	21	58	34	56	46	53	63	48	71	35	83	18	107	16	144	54	206	116	283	228	386	282	418	312	379	269	289	303	227	166	71	201	11	62	360	357	467	474	644	663	808	979	991	679	788	1000	816	688	423	457	329	324	181	232	108	190	104	177	84	153	91	145	63	116	65	107	55	90	63	80	53	66	52
64	170	1	2	119	0	1953125	12	0.0	11	1.02	0	0	V0.2	0	0	71	16	60	24	62	26	51	35	52	35	42	50	38	52	32	65	22	66	37	77	36	67	59	64	87	63	124	85	182	161	245	271	341	330	370	359	331	321	244	330	184	191	82	176	40	85	337	362	456	487	603	687	780	987	953	734	777	1000	783	711	420	460	321	335	185	235	107	196	99	175	76	157	82	141	58	117	63	105	52	92	61	78	54	67	50
64	170	1	2	119	0	1953125	12	0.0	11	1.02	0	0	V0.2	0	0	71	17	63	17	65	16	55	28	58	30	48	47	43	47	35	66	26	69	35	81	28	75	50	76	78	80	115	106	168	179	229	283	324	346	353	375	323	338	238	335	186	198	72	155	13	124	299	346	416	479	560	682	754	981	914	735	767	1000	770	709	419	454	322	336	196	242	121	200	107	184	81	163	85	145	61	121	63	109	53	93	56	79	49	68	51
64	170	1	2	119	0	1953125	12	0.0	11	1.02	0	0	V0.2	0	0	69	30	60	38	54	42	43	51	39	51	32	59	26	60	32	66	39	62	57	64	64	53	83	45	108	36	148	62	203	132	286	241	384	298	422	329	393	287	304	301	243	165	75	162	60	104	349	331	458	463	634	657	834	970	992	704	824	1000	839	689	473	450	354	327	224	245	142	197	150	179	119	154	121	141	90	115	90	99	75	90	79	70	69	67	58
64	170	1	2	119	0	1953125	12	0.0	11	1.02	0	0	V0.2	0	0	72	18	60	22	62	21	52	32	55	34	44	46	39	49	33	64	22	67	35	77	34	72	55	68	85	72	116	92	172	166	232	269	325	325	345	350	317	309	215	302	166	165	43	129	17	146	327	365	436	490	576	670	757	964	885	702	756	1000	753	671	392	441	305	312	171	230	108	191	102	180	77	159	84	145	61	119	63	105	50	92	57	76	51	68	50
64	170	1	2	119	0	1953125	12	0.0	11	1.02	0	0	V0.2	0	0	76	15	64	25	64	22	54	37	57	37	43	52	41	52	32	69	26	68	39	79	39	68	62	68	90	68	128	89	184	165	251	271	344	334	374	358	343	329	249	324	188	185	37	141	23	145	335	355	442	488	589	666	781	985	913	703	746	1000	761	676	403	452	311	323	177	237	105	193	107	188	82	162	90	150	60	120	67	108	54	91	59	77	52	68	52
64	170	1	2	119	0	1953125	12	0.0	11	1.02	0	0	V0.2	0	0	74	16	64	24	68	23	54	35	56	36	43	52	40	50	32	66	24	68	40	80	40	72	65	73	88	74	129	94	185	168	251	276	347	339	376	366	348	335	251	326	198	197	33	136	42	176	333	346	428	505	589	663	769	988	896	680	732	1000	758	669	392	442	302	320	177	243	111	203	117	198	93	173	95	156	67	124	70	113	55	97	65	80	52	71	54
64	170	1	2	119	0	1953125	12	0.0	11	1.02	0	0	V0.2	0	0	75	19	65	25	67	22	57	34	59	33	46	49	41	50	32	67	22	69	36	82	34	75	61	75	88	78	125	102	181	175	246	285	340	341	363	368	336	324	226	323	187	182	12	131	47	194	346	352	423	521	592	661	756	994	881	658	716	1000	743	648	368	425	285	303	161	235	104	203	113	200	90	176	93	157	64	130	66	114	53	98	58	81	51	70	54
64	170	1	2	119	0	1953125	12	0.0	11	1.02	0	0	V0.2	0	0	76	20	64	23	66	19	54	31	58	31	46	48	42	48	33	67	22	69	36	82	31	76	54	73	85	78	120	101	176	175	236	279	332	339	354	365	328	323	217	329	188	189	38	146	27	172	324	339	398	498	564	647	732	982	878	653	715	1000	728	632	356	420	278	294	152	223	96	192	102	189	82	169	87	151	63	124	64	108	47	94	57	81	49	67	48
64	170	1	2	119	0	1953125	12	0.0	36	1.03	0	0	V0.2	0	0	60	48	52	39	62	30	50	8	62	3	48	23	54	26	37	56	32	57	21	79	6	74	15	84	48	85	78	112	132	190	203	302	301	366	332	397	313	364	230	363	201	222	59	154	46	215	302	349	367	527	554	671	725	994	865	677	710	1000	728	646	356	416	281	295	156	219	97	199	107	194	86	174	85	144	56	118	54	100	42	86	47	72	43	60	40
64	170	1	2	119	0	1953125	12	0.0	36	1.03	0	0	V0.2	0	0	76	30	63	24	68	22	53	18	57	18	43	34	44	36	30	56	17	61	19	77	13	75	32	72	63	76	91	94	151	175	213	288	316	352	334	385	320	349	218	350	191	211	47	140	33	210	315	372	365	538	555	682	716	999	848	665	712	1000	723	628	344	397	287	277	156	203	107	185	108	188	93	168	90	141	64	111	60	96	43	87	48	70	38	56	38
64	170	1	2	119	0	1953125	12	0.0	36	1.03	0	0	V0.2	0	0	74	23	67	29	62	30	49	38	43	40	30	49	25	49	22	61	22	58	43	64	46	54	63	47	86	30	126	39	187	113	271	233	376	289	406	323	382	286	275	317	236	166	39	149	79	163	382	339	421	501	628	635	768	973	909	639	731	1000	756	615	346	403	271	282	138	211	93	188	117	190	97	164	95	145	56	112	61	99	44	81	51	63	43	55	39
64	170	1	2	119	0	1953125	12	0.0	36	1.03	0	0	V0.2	0	0	74	24	66	29	62	28	46	40	44	39	29	49	27	50	21	59	20	56	42	61	44	54	65	46	89	28	125	39	189	114	268	228	376	288	402	316	381	287	274	305	236	163	43	129	83	163	387	359	443	510	629	645	788	978	915	663	744	1000	751	610	345	403	272	279	141	212	93	187	120	192	100	164	99	145	59	111	60	97	47	82	56	64	44	57	41
64	170	1	2	119	0	1953125	12	0.0	11	1.02	0	0	V0.2	0	0	77	26	63	32	63	35	52	43	52	42	40	54	31	57	33	67	20	71	40	81	42	76	59	70	94	82	121	99	182	183	228	285	330	349	335	366	314	329	190	309	165	187	25	83	49	242	352	409	388	565	563	674	706	1000	851	647	689	976	693	586	305	375	267	262	145	201	111	188	117	195	107	174	106	147	86	118	82	107	62	90	60	76	47	63	47
64	170	1	2	119	0	1953125	12	0.0	11	1.02	0	0	V0.2	0	0	78	19	66	24	71	19	58	32	61	31	46	50	43	48	34	70	23	70	36	84	31	78	59	78	86	84	122	110	181	186	238	289	329	346	346	361	317	318	200	304	169	174	43	78	76	236	379	394	426	565	600	667	735	1000	873	641	689	976	695	584	304	389	246	273	132	215	88	200	112	204	92	180	95	157	65	129	68	110	49	96	54	76	47	67	47
64	170	1	2	119	0	1953125	12	0.0	11	1.02	0	0	V0.2	0	0	76	22	63	32	67	29	54	43	53	41	39	54	35	53	29	70	26	70	48	80	48	66	73	64	101	66	141	92	198	163	261	267	356	322	375	338	343	293	223	291	189	152	64	75	102	215	404	387	459	560	642	668	775	1000	915	649	704	973	720	584	327	393	256	279	147	220	100	200	131	205	108	180	111	162	74	130	76	115	57	98	64	74	52	67	51
64	170	1	2	119	0	1953125	12	0.0	11	1.02	0	0	V0.2	0	0	73	31	64	39	62	41	47	51	45	49	34	60	29	57	27	67	34	64	55	71	60	57	86	47	111	46	154	71	211	144	284	248	379	302	401	314	367	270	255	271	213	129	78	73	121	201	427	386	486	550	677	660	813	1000	957	640	729	965	754	578	358	391	281	273	173	215	123	193	155	198	127	170	129	155	88	125	87	106	69	93	73	68	59	65	55
64	170	1	2	119	0	1953125	12	0.0	11	1.02	0	0	V0.2	0	0	76	22	66	19	71	16	58	24	66	25	50	43	47	44	35	67	24	71	31	87	21	82	46	84	79	94	109	124	161	201	216	303	306	362	326	372	291	329	189	308	149	173	33	71	46	230	356	413	401	560	578	674	715	999	874	646	679	972	699	597	315	388	260	280	149	216	100	200	113	204	94	180	93	155	71	129	68	112	49	97	57	80	46	67	48
64	170	1	2	119	0	1953125	12	0.0	11	1.02	0	0	V0.2	0	0	75	20	64	24	67	23	55	33	58	32	46	46	42	52	32	68	21	68	34	81	34	76	61	73	91	80	124	104	179	180	234	283	328	342	347	353	309	311	195	301	159	159	38	78	57	197	375	399	423	539	598	662	734	1000	900	639	682	978	704	590	316	399	260	285	143	220	93	202	113	202	93	178	93	159	64	128	63	110	46	95	58	77	50	67	49
64	170	1	2	119	0	1953125	12	0.0	11	1.02	0	0	V0.2	0	0	75	21	64	24	67	21	56	34	60	32	46	48	42	47	32	69	22	69	33	81	32	76	60	75	90	78	125	105	178	180	233	284	326	341	341	354	306	308	190	301	152	150	46	75	58	190	375	404	428	544	607	672	740	1000	902	641	679	977	702	589	316	397	257	281	141	217	87	196	106	199	90	174	87	150	59	124	59	108	48	93	52	76	48	66	48
64	170	1	2	119	0	1953125	12	0.0	11	1.02	0	0	V0.2	0	0	68	40	58	46	52	47	40	56	36	56	26	59	23	57	28	63	38	61	61	58	67	44	87	30	115	26	157	58	212	125	287	230	386	282	415	297	373	245	267	268	218	98	48	103	86	139	418	387	477	500	676	637	821	979	999	609	736	963	779	558	372	385	300	261	186	205	127	175	160	177	135	152	133	139	93	114	95	95	77	84	77	64	66	64	54
64	170	1	2	119	0	1953125	12	0.0	11	1.02	0	0	V0.2	0	0	76	21	64	31	67	29	54	40	55	38	42	51	36	52	30	67	22	69	40	77	41	71	66	66	99	70	134	90	190	166	247	268	343	329	360	342	328	298	206	299	167	143	46	71	76	183	392	404	450	529	626	671	763	1000	930	645	685	981	719	593	324	399	263	286	145	223	91	199	116	202	95	176	95	157	64	128	65	112	52	93	57	77	50	65	48
64	170	1	2	119	0	1953125	12	0.0	11	1.02	0	0	V0.2	0	0	68	44	58	50	51	53	40	59	30	61	24	63	21	60	32	62	45	58	67	55	73	36	92	24	117	22	158	52	212	118	296	220	392	273	426	286	387	231	284	246	243	88	71	86	103	146	416	389	483	489	679	624	832	953	1000	578	729	939	774	537	389	370	312	243	199	189	142	161	179	166	150	141	150	129	101	104	101	86	79	75	82	58	65	56	51
64	170	1	2	119	0	1953125	12	0.0	11	1.02	0	0	V0.2	0	0	75	22	65	27	70	24	56	37	58	34	44	51	38	50	29	69	22	70	36	80	36	71	64	70	97	74	131	98	184	175	242	276	337	338	356	349	322	305	201	295	163	157	55	55	83	206	391	415	447	539	621	679	758	1000	924	631	642	961	689	587	306	393	256	280	138	221	90	201	116	206	97	181	96	161	64	128	65	112	49	95	59	77	46	66	49
64	170	1	2	119	0	1953125	12	0.0	11	1.02	0	0	V0.2	0	0	75	27	65	37	65	37	52	47	48	47	35	58	29	57	30	68	30	68	51	72	55	62	81	56	110	48	151	75	210	149	274	252	377	313	397	328	360	280	243	277	201	134	84	49	112	200	431	411	483	539	678	674	809	1000	974	615	662	967	734	581	336	392	273	282	160	222	113	201	144	206	119	178	118	159	77	127	76	109	59	94	69	71	55	64	51
64	170	1	2	119	0	1953125	12	0.0	11	1.02	0	0	V0.2	0	0	79	20	67	33	66	32	54	43	54	43	40	55	34	55	32	69	28	71	46	76	51	69	75	63	108	63	143	87	203	161	263	263	364	326	386	342	353	298	233	286	198	153	87	47	110	220	422	416	474	548	664	687	802	1000	951	620	649	960	719	586	327	391	269	290	158	228	111	208	139	210	114	184	112	162	72	128	73	113	56	94	67	74	54	64	49
64	170	1	2	119	0	1953125	12	0.0	11	1.02	0	0	V0.2	0	0	79	18	67	26	69	23	55	36	59	36	44	51	39	52	34	70	26	73	37	81	39	76	64	72	97	79	134	104	188	179	243	280	342	345	358	358	328	319	213	298	182	175	67	60	92	237	397	416	447	555	635	699	777	1000	923	629	634	958	702	600	323	399	271	300	156	237	107	219	132	220	107	189	104	165	71	134	70	117	50	96	59	76	50	68	50
64	170	1	2	119	0	1953125	12	0.0	11	1.02	0	0	V0.2	0	0	76	23	68	33	64	33	54	44	54	45	40	56	32	59	32	71	30	71	48	77	52	68	78	60	108	60	148	83	205	158	269	260	373	326	393	340	363	303	246	291	210	163	79	66	103	214	415	401	470	537	660	692	814	1000	958	621	656	972	738	607	351	407	287	305	172	239	118	215	146	214	119	182	115	167	78	132	78	112	62	97	63	74	54	66	55
64	170	1	2	119	0	1953125	12	0.0	11	1.02	0	0	V0.2	0	0	79	19	67	26	70	20	57	33	61	34	48	51	42	51	35	74	26	74	39	85	36	79	61	79	95	80	131	106	186	180	243	285	344	353	365	369	337	333	223	307	184	188	51	77	73	226	373	406	433	534	611	698	774	1000	918	625	630	969	717	625	338	409	282	310	157	238	107	217	126	217	102	184	96	162	64	132	64	113	50	93	57	77	48	66	49
64	170	1	2	119	0	1953125	12	0.0	11	1.02	0	0	V0.2	0	0	80	23	68	33	69	29	54	40	55	41	41	55	37	56	34	73	25	72	44	78	42	71	69	67	105	68	142	90	201	168	259	272	365	341	388	359	357	327	245	305	197	185	52	86	66	199	377	388	444	511	618	686	796	1000	942	620	631	980	738	627	348	415	294	316	168	247	112	220	130	215	105	184	103	164	68	130	69	114	50	95	63	77	52	68	54
64	170	1	2	119	0	1953125	12	0.0	11	1.02	0	0	V0.2	0	0	78	24	70	35	68	33	53	47	50	45	38	58	31	58	31	72	29	73	50	80	52	68	79	59	110	55	148	73	208	153	273	261	383	334	415	353	383	323	273	310	225	186	61	104	61	181	374	367	449	490	631	673	817	1000	974	621	649	995	773	635	374	425	316	327	187	255	124	219	144	217	115	180	113	162	72	128	76	115	59	94	67	73	56	67	53
64	170	1	2	119	0	1953125	12	0.0	11	1.02	0	0	V0.2	0	0	79	26	67	19	74	14	61	23	67	22	50	44	51	45	40	72	29	74	32	89	17	86	42	89	77	97	107	122	163	205	214	305	314	381	341	396	315	369	218	326	178	220	10	92	4	215	303	388	384	508	553	695	749	1000	898	644	618	980	726	647	348	417	309	322	180	249	124	215	124	211	99	179	95	157	67	125	64	111	49	91	53	78	47	68	48
64	170	1	2	119	0	1953125	12	0.0	11	1.02	0	0	V0.2	0	0	80	20	68	31	67	29	54	41	56	41	43	56	37	57	34	72	26	74	45	82	45	71	72	66	105	62	141	82	202	159	263	265	373	342	399	359	376	336	268	313	222	198	54	107	49	187	348	363	431	479	612	679	813	1000	961	640	652	998	768	650	379	440	318	335	186	261	125	224	137	215	107	183	107	163	72	129	74	114	55	97	65	77	55	68	53
64	170	1	2	119	0	1953125	12	0.0	11	1.02	0	0	V0.2	0	0	83	16	68	26	70	23	57	39	59	35	44	55	43	53	34	73	26	73	40	83	38	77	65	72	97	73	132	91	192	172	250	272	357	351	386	368	363	350	257	317	213	210	55	102	44	203	335	369	417	487	596	688	792	1000	948	646	639	985	745	650	367	435	310	334	183	262	125	225	131	217	102	184	101	163	66	130	69	113	52	100	61	78	51	69	54
64	170	1	2	119	0	1953125	12	0.0	11	1.02	0	0	V0.2	0	0	81	19	70	20	75	15	61	29	65	30	51	50	46	50	38	71	26	78	36	89	29	85	56	84	90	89	121	109	180	193	233	290	339	372	367	388	348	370	248	322	204	230	47	104	41	222	315	381	396	495	566	690	768	1000	931	656	621	973	724	650	352	425	305	331	178	256	124	225	128	217	102	184	96	160	66	128	63	113	50	93	53	79	49	69	52
64	170	1	2	119	0	1953125	12	0.0	11	1.02	0	0	V0.2	0	0	79	24	70	33	67	33	54	47	53	48	40	59	32	59	34	72	32	75	51	77	53	71	77	61	111	57	148	77	210	154	273	259	387	338	422	361	400	342	296	312	249	206	88	112	75	191	350	354	436	472	615	674	826	1000	995	652	659	991	779	653	389	436	327	339	202	266	139	231	151	219	117	182	115	163	74	129	82	113	63	94	66	77	57	70	57
64	170	1	2	119	0	1953125	12	0.0	11	1.02	0	0	V0.2	0	0	81	19	70	24	71	21	60	35	62	35	47	53	43	55	36	72	26	75	39	87	33	81	60	79	95	80	128	99	187	181	240	283	350	364	382	383	359	365	254	322	207	218	46	105	37	204	314	373	405	476	567	688	784	1000	948	671	632	992	746	665	365	433	313	342	189	265	126	233	135	221	100	187	98	164	67	130	65	114	47	96	61	82	52	70	52
64	170	1	2	119	0	1953125	12	0.0	11	1.02	0	0	V0.2	0	0	81	22	68	22	73	15	62	29	64	28	52	48	49	49	38	73	27	77	35	88	25	86	48	85	85	91	115	110	172	195	223	292	329	379	359	395	340	372	232	321	185	214	17	92	9	196	295	384	391	474	549	701	773	1000	930	677	613	976	724	657	352	421	307	330	184	255	121	223	125	215	97	179	93	158	63	128	61	108	47	93	52	76	45	68	50
64	170	1	2	119	0	1953125	12	0.0	11	1.02	0	0	V0.2	0	0	81	20	69	25	73	19	59	32	63	32	49	49	44	55	37	72	23	76	38	87	30	83	53	81	92	84	123	101	181	186	232	283	340	369	367	390	351	368	236	316	189	210	18	91	10	182	298	380	402	465	563	706	783	1000	944	685	615	975	725	657	358	425	304	329	180	257	117	222	124	213	95	180	91	157	63	130	64	112	44	96	57	77	50	69	49
64	170	1	2	119	0	1953125	12	0.0	11	1.02	0	0	V0.2	0	0	69	36	60	44	54	47	41	54	35	54	26	61	23	60	33	68	39	63	61	61	65	49	86	36	115	24	149	48	206	124	279	217	388	293	430	314	408	290	308	260	249	149	83	109	51	106	327	329	427	398	611	640	838	940	1000	620	649	922	776	601	415	396	337	297	215	232	142	193	167	186	133	152	131	140	91	110	91	95	72	78	73	62	62	62	54
64	170	1	2	119	0	1953125	12	0.0	11	1.02	0	0	V0.2	0	0	81	21	70	33	67	35	52	46	52	45	40	59	34	59	33	73	28	74	48	79	49	70	74	63	106	55	144	70	205	154	267	251	375	336	412	360	389	337	271	295	212	186	41	108	23	130	318	357	435	436	607	702	844	1000	996	679	627	971	762	649	385	421	316	327	187	253	118	215	137	208	107	173	104	155	70	124	72	107	55	91	61	72	55	67	52
64	170	1	2	119	0	1953125	12	0.0	11	1.02	0	0	V0.2	0	0	74	28	65	35	63	37	47	49	46	47	33	58	28	59	32	70	30	70	49	71	53	63	78	52	110	44	145	61	206	141	267	235	373	316	412	341	388	317	274	276	209	164	39	107	29	101	321	354	446	421	614	689	842	973	1000	673	618	939	760	629	384	402	313	315	187	242	122	204	141	195	113	164	112	150	76	119	76	102	61	89	67	70	56	66	53
64	170	1	2	119	0	1953125	12	0.0	11	1.02	0	0	V0.2	0	0	77	22	63	32	66	33	53	41	53	41	40	56	35	56	33	70	26	73	43	77	44	73	68	65	103	61	138	81	200	162	253	256	359	339	390	360	366	338	247	286	182	174	20	96	39	113	310	373	446	442	607	724	837	1000	994	706	604	952	749	652	365	407	304	323	177	247	110	209	124	204	102	174	100	154	65	123	65	107	56	94	63	77	53	70	53
64	170	1	2	119	0	1953125	12	0.0	11	1.02	0	0	V0.2	0	0	76	21	65	19	70	18	59	30	61	31	48	48	43	49	34	67	25	74	35	82	26	83	51	78	87	86	119	104	176	187	223	275	320	362	354	382	331	361	218	296	159	190	10	83	46	133	281	384	415	455	570	737	796	1000	955	715	583	945	723	657	345	400	297	319	171	238	107	202	111	199	89	171	89	150	60	121	59	109	48	93	57	79	49	67	48
64	170	1	2	119	0	1953125	12	0.0	11	1.02	0	0	V0.2	0	0	73	27	63	36	60	37	49	45	48	47	37	57	31	58	29	66	27	68	46	74	49	65	74	55	107	49	140	65	199	143	259	234	363	316	399	337	376	319	263	275	200	167	34	115	25	95	307	352	437	414	604	697	833	976	1000	690	615	939	756	639	376	406	310	316	182	243	114	201	129	194	105	162	104	148	70	118	71	103	57	91	67	72	58	67	56
64	170	1	2	119	0	1953125	12	0.0	11	1.02	0	0	V0.2	0	0	65	31	57	44	51	42	41	52	36	52	29	59	22	58	30	62	35	60	55	60	58	51	83	36	110	28	142	50	198	122	265	209	367	283	409	308	387	284	285	248	218	140	56	122	19	71	302	332	428	382	599	654	826	932	999	652	619	890	762	600	386	382	322	297	198	225	134	186	150	176	120	145	120	134	85	103	83	90	69	80	75	65	61	62	54
64	170	1	2	119	0	1953125	12	0.0	11	1.02	0	0	V0.2	0	0	75	24	64	32	63	35	47	46	47	48	37	58	31	59	31	71	31	69	48	71	48	62	74	54	104	44	142	62	199	139	262	230	362	306	401	333	380	315	272	273	206	166	46	116	21	94	297	332	420	397	594	680	823	963	1000	683	606	916	755	626	370	395	313	315	186	240	123	200	137	192	112	159	108	145	74	112	72	100	58	86	66	68	56	64	54
64	170	1	2	119	0	1953125	12	0.0	11	1.02	0	0	V0.2	0	0	69	29	61	36	56	38	46	49	40	48	30	58	27	58	31	66	35	66	51	67	53	56	78	47	107	36	145	59	200	133	266	224	369	300	411	329	392	308	281	270	216	162	52	132	8	83	288	315	410	378	590	663	821	947	1000	670	605	904	765	625	382	388	320	318	199	242	133	201	145	188	116	159	116	143	79	114	80	97	64	83	67	68	58	65	54
64	170	1	2	119	0	1953125	12	0.0	11	1.02	0	0	V0.2	0	0	79	21	66	29	66	29	54	40	53	39	42	53	37	54	34	72	26	73	40	80	38	75	63	67	99	69	134	83	194	167	250	266	358	350	394	380	377	360	257	311	193	199	16	136	27	115	266	335	404	411	577	714	817	1000	996	724	593	960	770	680	374	418	319	342	188	263	122	220	127	211	101	177	98	157	65	123	65	109	49	94	62	77	54	71	56
64	170	1	2	119	0	1953125	12	0.0	11	1.02	0	0	V0.2	0	0	79	22	66	32	66	30	52	42	51	45	39	55	35	59	33	73	28	72	44	78	42	71	68	63	105	58	140	74	199	153	258	253	366	333	402	364	386	348	268	300	203	191	26	143	22	101	271	327	410	391	580	699	820	979	1000	711	598	954	777	669	381	412	322	339	191	255	123	214	128	202	103	168	100	153	68	119	68	103	52	89	61	73	51	66	53
64	170	1	2	119	0	1953125	12	0.0	36	1.03	0	0	V0.2	0	0	72	31	65	26	68	19	56	14	61	15	45	35	44	42	33	63	23	68	26	82	14	80	40	78	71	66	108	77	167	159	233	265	346	351	391	385	386	379	281	330	216	225	48	159	36	130	256	329	400	401	577	717	821	997	1000	732	597	971	786	686	393	418	323	340	190	257	122	213	128	199	101	167	94	140	61	110	59	89	52	82	58	64	50	56	41
64	170	1	2	119	0	1953125	12	0.0	36	1.03	0	0	V0.2	0	0	79	19	68	27	66	27	50	36	43	37	30	51	27	53	27	64	23	66	43	73	40	66	64	55	91	31	124	39	186	123	260	233	379	318	419	356	417	353	307	316	245	215	66	170	44	125	264	316	400	385	581	700	820	986	1000	715	584	964	788	678	381	408	318	338	183	253	119	211	124	203	96	166	89	146	53	108	54	94	44	81	53	64	43	58	45
64	170	1	2	119	0	1953125	12	0.0	36	1.03	0	0	V0.2	0	0	79	20	67	26	69	23	51	35	50	37	34	49	31	50	27	67	22	68	40	77	39	72	59	60	85	42	120	45	182	128	254	238	374	326	419	368	415	366	309	328	245	230	69	179	50	130	250	308	390	387	570	700	811	991	999	731	586	976	795	689	386	413	320	340	183	258	120	211	115	203	91	167	85	144	53	108	55	98	40	83	53	67	42	57	42
64	170	1	2	119	0	1953125	12	0.0	36	1.03	0	0	V0.2	0	0	70	43	58	31	66	27	53	5	59	5	49	25	52	30	42	57	33	64	30	83	13	87	8	89	41	95	67	116	116	209	171	315	285	407	326	439	327	428	251	348	214	253	114	136	130	156	162	362	308	436	492	738	742	1000	944	754	579	958	787	675	387	370	360	299	233	212	173	172	159	170	130	142	118	115	87	93	74	82	61	79	54	67	45	57	40
64	170	1	2	119	0	1953125	12	0.0	36	1.03	0	0	V0.2	0	0	69	50	57	34	65	32	50	7	60	6	51	24	52	28	46	58	39	65	36	82	21	86	10	87	36	102	53	123	108	219	163	324	280	419	323	443	321	432	262	351	228	253	136	132	147	155	143	359	289	426	484	739	741	1000	945	752	593	955	795	665	400	364	372	287	248	203	188	169	174	163	142	139	129	109	97	89	82	75	63	75	65	65	47	59	42
64	170	1	2	119	0	1953125	12	0.0	61	1.03	0	0	V0.2	0	0	35	78	19	66	28	67	21	43	34	39	33	17	47	10	46	29	56	33	56	52	63	58	54	64	40	85	9	116	42	212	134	326	255	420	323	445	339	431	328	345	307	245	218	134	221	129	126	358	254	413	505	742	779	992	1000	743	644	937	856	644	454	328	414	254	280	164	207	128	199	126	162	105	143	76	99	64	85	51	67	61	59	51	47	45	35
64	170	1	2	119	0	1953125	12	0.0	61	1.03	0	0	V0.2	0	0	35	78	19	66	28	67	21	43	34	39	33	17	47	10	46	29	56	33	56	52	63	58	54	64	40	85	9	116	42	212	134	326	255	420	323	445	339	431	328	345	307	245	218	134	221	129	126	358	254	413	505	742	779	992	1000	743	644	937	856	644	454	328	414	254	280	164	207	128	199	126	162	105	143	76	99	64	85	51	67	61	59	51	47	45	35
64	170	1	2	119	0	1953125	12	0.0	61	1.03	0	0	V0.2	0	0	63	58	51	44	59	47	47	21	53	19	45	9	49	13	42	42	38	53	38	73	32	79	25	78	33	88	32	102	81	201	139	319	266	415	312	450	329	441	293	372	276	267	193	157	203	143	121	362	266	431	504	765	769	1000	989	765	646	958	849	654	445	343	410	262	274	169	205	125	189	121	155	99	138	73	101	62	86	53	70	58	63	49	49	43	34
64	170	1	2	119	0	1953125	12	0.0	36	1.03	0	0	V0.2	0	0	22	69	22	61	16	59	13	50	17	46	22	41	34	34	45	30	61	22	71	21	73	15	80	27	67	65	82	97	122	159	220	241	331	308	394	321	404	282	362	228	323	131	187	172	167	39	193	298	317	325	556	615	795	849	1000	625	650	851	829	554	446	333	376	250	243	182	170	140	175	130	142	102	137	90	94	63	93	60	77	53	73	43	59	46	47
64	170	1	2	119	0	1953125	12	0.0	36	1.03	0	0	V0.2	0	0	66	51	54	39	63	36	50	10	59	8	54	21	52	25	48	54	42	62	39	81	25	86	12	87	31	103	48	122	97	218	155	327	273	415	313	437	315	422	264	350	241	243	175	155	179	127	138	364	290	439	505	755	756	999	972	783	642	976	812	668	414	375	389	289	252	191	182	156	170	149	139	131	126	102	96	87	83	76	68	76	65	65	53	55	41
64	170	1	2	119	0	1953125	12	0.0	36	1.03	0	0	V0.2	0	0	75	37	64	25	68	24	54	9	60	10	48	30	49	35	39	60	29	69	28	84	3	87	13	84	49	87	74	99	129	189	182	300	302	387	332	416	327	409	249	359	217	253	135	182	147	140	165	338	321	425	516	745	751	1000	956	783	611	984	777	681	377	401	350	312	210	216	150	183	135	172	108	149	97	124	73	102	64	92	53	81	50	71	44	58	39
64	170	1	2	119	0	1953125	12	0.0	36	1.03	0	0	V0.2	0	0	75	30	62	23	69	20	53	13	60	13	47	34	45	38	36	63	24	68	25	82	6	85	22	79	57	80	85	91	143	180	198	288	316	374	342	402	338	401	249	356	212	254	125	194	136	137	178	324	334	414	526	734	756	1000	961	787	615	991	769	688	377	415	338	323	202	228	141	192	125	181	98	155	89	130	65	107	58	93	46	89	51	71	41	61	39
64	170	1	2	119	0	1953125	12	0.0	36	1.03	0	0	V0.2	0	0	74	27	63	19	68	20	54	17	57	19	45	35	42	39	36	60	23	69	28	82	10	84	25	79	59	77	87	86	146	173	202	280	320	362	342	389	337	393	251	352	211	250	118	196	125	134	189	320	334	409	528	727	761	1000	963	787	619	991	769	685	373	421	335	327	196	234	137	192	118	180	97	156	88	130	61	108	55	94	44	88	51	73	44	61	42
64	170	1	2	119	0	1953125	12	0.0	36	1.03	0	0	V0.2	0	0	73	33	63	19	66	20	55	8	58	11	47	31	45	35	39	60	27	69	28	81	4	84	19	79	50	83	76	95	133	184	188	289	303	371	327	397	323	394	243	347	207	245	127	181	129	128	181	331	326	416	520	734	757	1000	956	792	631	984	765	682	381	414	346	321	211	227	150	187	130	174	101	146	91	123	67	99	59	92	48	84	50	72	43	56	38
64	170	1	2	119	0	1953125	12	0.0	36	1.03	0	0	V0.2	0	0	75	24	64	18	67	18	52	16	57	16	44	35	43	40	36	62	22	69	28	80	10	83	26	75	58	74	83	83	143	171	199	275	316	356	339	382	333	384	240	342	205	242	123	196	123	123	194	322	341	408	530	729	766	1000	957	787	630	995	773	690	383	430	341	333	206	240	144	196	122	181	94	153	85	130	60	105	56	94	45	86	50	74	43	60	40
64	170	1	2	119	0	1953125	12	0.0	36	1.03	0	0	V0.2	0	0	75	16	64	24	64	22	49	32	47	33	33	45	27	48	27	63	21	65	38	73	38	68	54	58	77	43	107	44	169	121	237	229	359	307	385	336	380	341	277	325	231	229	97	222	89	109	232	293	375	371	572	692	800	975	989	753	652	1000	801	685	399	449	338	347	192	257	124	210	111	188	85	159	82	138	53	105	54	94	48	86	54	72	46	58	42
64	170	1	2	119	0	1953125	12	0.0	36	1.03	0	0	V0.2	0	0	71	26	63	31	58	31	43	40	37	40	26	49	23	52	26	59	30	61	49	63	51	58	66	46	83	21	115	22	173	99	252	206	372	280	405	309	403	306	306	302	260	209	113	229	91	95	238	282	373	334	577	655	810	934	1000	710	665	969	816	651	419	442	352	334	203	250	130	198	125	177	97	141	93	126	61	95	64	83	53	76	60	62	50	54	45
64	170	1	2	119	0	1953125	12	0.0	36	1.03	0	0	V0.2	0	0	65	31	58	36	56	35	38	42	32	40	21	49	14	50	27	55	34	53	55	55	57	47	72	37	82	6	113	22	169	92	252	195	372	264	409	291	407	290	324	289	275	199	137	237	106	83	232	285	365	320	574	635	808	908	1000	682	677	955	827	636	437	438	364	325	220	244	143	190	139	168	107	132	103	116	70	87	73	78	61	72	66	57	55	55	46
64	170	1	2	119	0	1953125	12	0.0	36	1.03	0	0	V0.2	0	0	74	19	63	28	62	27	45	36	44	38	29	48	24	51	24	62	27	61	44	68	46	61	60	51	81	31	109	25	173	107	250	213	367	289	398	317	396	324	300	328	256	236	125	248	105	101	229	289	373	330	569	663	800	941	991	722	664	1000	820	682	426	471	357	354	205	263	131	205	116	183	87	147	85	129	53	99	58	91	48	79	57	64	47	57	42
64	170	2	2	119	0	1953125	12	0.0	36	1.03	0	0	V0.2	0	0	69	30	60	34	56	35	41	42	34	42	21	50	17	49	25	56	32	55	53	59	55	51	69	39	80	11	112	15	169	90	254	196	371	268	412	296	411	300	326	309	281	220	145	257	115	88	221	289	369	305	567	636	809	908	1000	681	669	970	837	651	439	450	370	337	218	248	139	192	130	169	101	129	96	117	65	89	68	79	58	72	65	54	51	54	42
64	170	2	2	119	0	1953125	12	0.0	61	1.03	0	0	V0.2	0	0	72	23	65	19	67	18	51	17	51	15	35	29	31	34	17	51	9	55	25	69	20	67	40	65	55	42	85	23	148	95	227	204	349	284	389	319	392	338	309	351	271	263	146	264	119	114	212	276	365	325	562	666	796	934	983	713	655	1000	823	683	425	466	354	347	200	250	120	195	114	171	86	135	82	112	51	86	55	76	50	67	50	47	40	44	32
64	170	2	2	119	0	1953125	12	0.0	36	1.03	0	0	V0.2	0	0	65	38	52	40	56	39	35	49	29	45	19	51	11	50	27	55	31	57	51	57	52	54	63	42	84	20	107	18	176	98	244	208	370	284	395	315	393	322	290	333	248	246	130	256	119	105	216	291	371	333	551	674	773	934	951	719	619	1000	800	693	394	466	347	352	192	255	129	204	100	183	76	150	68	131	47	101	46	95	38	81	48	72	37	56	41
64	170	2	2	119	0	1953125	12	0.0	36	1.03	0	0	V0.2	0	0	73	20	65	26	64	26	46	35	43	37	29	48	24	52	26	62	25	63	46	68	43	63	60	54	81	28	109	22	173	108	252	218	371	294	405	322	400	332	304	339	258	248	137	262	113	109	217	288	376	328	568	669	803	931	983	718	652	1000	839	690	426	465	357	353	204	262	129	208	113	182	84	146	81	131	52	100	57	90	47	82	58	64	45	56	43
64	170	2	2	119	0	1953125	12	0.0	36	1.03	0	0	V0.2	0	0	26	71	25	60	19	61	12	48	18	50	21	39	41	32	47	29	63	19	70	26	74	26	75	37	54	79	65	110	93	190	201	278	302	355	372	359	380	329	368	261	343	164	265	182	219	22	125	378	282	370	512	688	791	905	1000	710	734	928	914	627	524	377	465	261	319	164	229	116	209	90	162	72	156	53	117	48	106	37	89	51	79	45	67	47	43
64	170	2	2	119	0	1953125	12	0.0	36	1.03	0	0	V0.2	0	0	71	26	63	30	61	31	44	40	40	41	24	48	17	49	24	59	31	60	51	64	51	58	67	45	81	21	111	16	174	97	256	209	383	287	421	318	426	332	341	345	303	266	178	285	140	135	190	264	348	290	543	636	800	918	1000	728	685	996	873	703	461	479	387	370	230	268	146	212	127	181	95	143	91	128	63	100	65	88	56	76	61	64	52	58	44
64	170	2	2	119	0	1953125	12	0.0	36	1.03	0	0	V0.2	0	0	75	17	67	15	68	17	53	25	50	25	39	40	34	46	29	61	19	68	34	78	25	78	42	69	68	56	94	57	156	139	225	248	341	329	372	359	372	375	289	372	257	292	157	259	141	150	168	267	323	322	498	662	740	939	940	762	639	1000	826	727	418	475	366	374	218	267	146	216	111	184	81	150	72	132	48	102	47	93	42	84	48	71	40	58	42
64	170	2	2	119	0	1953125	12	0.0	36	1.03	0	0	V0.2	0	0	65	33	60	35	53	36	38	42	30	44	18	47	15	50	26	55	36	53	54	52	59	49	73	32	83	6	111	22	172	96	258	201	373	273	421	299	419	304	353	318	314	238	186	254	138	115	202	272	342	289	543	614	794	890	1000	707	702	959	888	683	479	458	400	357	251	261	163	205	142	171	108	132	104	117	71	88	74	81	65	71	71	58	56	54	46
64	170	2	2	119	0	1953125	12	0.0	36	1.03	0	0	V0.2	0	0	75	17	65	16	65	16	51	21	52	22	37	38	35	42	31	61	17	66	28	77	22	79	37	70	62	61	89	61	152	143	213	246	327	329	358	358	355	377	280	372	256	294	162	252	148	150	163	268	315	314	477	650	716	928	922	760	641	1000	826	721	423	482	373	378	227	268	155	213	113	180	83	148	70	128	51	102	48	93	41	83	51	71	42	58	42
64	170	2	2	119	0	1953125	12	0.0	11	1.02	0	0	V0.2	0	0	31	67	25	56	33	52	35	44	42	38	46	34	53	29	60	35	65	36	76	41	71	47	76	56	61	92	76	125	117	191	212	268	317	338	381	335	392	300	370	256	355	168	257	200	216	63	143	329	274	301	495	605	768	857	1000	681	754	923	931	632	527	421	463	319	312	232	219	181	187	144	142	108	135	104	100	79	102	75	81	67	85	60	69	58	63
64	170	2	2	119	0	1953125	12	0.0	11	1.02	0	0	V0.2	0	0	60	41	54	43	46	47	33	53	25	55	21	58	23	58	37	61	48	59	66	55	70	45	85	24	100	15	128	41	186	112	268	205	374	280	423	297	419	293	352	308	319	228	196	253	150	119	191	275	333	275	527	585	783	870	1000	700	762	966	921	670	517	464	439	356	292	265	200	204	173	164	131	125	127	115	94	89	95	77	82	74	83	61	74	65	63
64	170	2	2	119	0	1953125	12	0.0	11	1.02	0	0	V0.2	0	0	22	71	18	57	30	58	29	49	40	44	42	38	53	32	58	36	70	35	76	42	73	45	77	58	58	93	77	127	111	203	211	281	309	357	376	356	383	325	366	266	351	175	262	166	217	46	134	350	271	336	488	640	765	894	1000	727	784	941	948	652	551	414	489	303	346	206	254	149	219	112	171	83	160	71	124	60	120	52	99	61	95	51	81	60	64
64	170	2	2	119	0	1953125	12	0.0	11	1.02	0	0	V0.2	0	0	48	57	41	55	26	63	18	57	6	63	16	54	37	54	45	47	70	37	77	32	85	14	91	31	85	67	108	102	145	176	243	254	338	334	407	338	401	315	379	262	349	174	260	173	207	43	137	362	278	345	489	669	783	929	1000	760	787	954	924	669	547	420	483	302	352	194	256	146	219	106	167	95	152	73	121	76	108	68	90	74	76	70	74	62	53
64	170	2	2	119	0	1953125	12	0.0	11	1.02	0	0	V0.2	0	0	64	45	52	27	62	25	54	5	65	5	57	29	57	31	51	57	45	68	45	83	22	88	19	89	26	113	48	133	100	226	158	316	265	403	304	410	304	405	271	347	260	261	210	177	195	112	116	344	289	372	445	704	722	985	936	808	699	1000	845	720	467	472	431	353	296	238	221	184	176	152	133	131	120	112	98	98	87	89	71	84	68	78	63	70	55
64	170	2	2	119	0	1953125	12	0.0	11	1.02	0	0	V0.2	0	0	63	29	57	36	51	38	40	49	35	49	26	56	24	58	33	63	39	63	57	62	57	55	77	38	96	24	127	43	187	119	256	209	364	286	402	306	398	311	320	314	278	236	158	244	115	109	199	277	360	293	534	610	798	916	1000	728	724	953	868	671	479	480	406	364	261	273	172	209	143	170	105	134	107	122	81	99	83	86	71	78	73	66	66	68	58
64	170	2	2	119	0	1953125	12	0.0	0	0.97	0	0	V0.2	0	0	120	138	122	142	133	151	134	149	135	155	136	154	123	153	122	148	113	137	104	141	89	135	78	151	64	172	59	194	37	249	47	348	144	429	195	458	196	448	297	488	359	402	454	486	512	316	310	260	549	116	468	468	791	833	1000	569	681	827	847	437	401	290	332	206	210	239	140	225	97	236	75	234	72	223	88	219	87	201	84	204	86	186	85	172	95
64	170	2	2	119	0	1953125	12	0.0	0	0.96	0	0	V0.2	0	0	152	131	152	141	173	141	174	132	184	139	189	122	187	117	193	107	177	95	181	87	178	62	183	50	210	31	221	36	253	111	267	227	404	298	450	343	435	379	369	566	358	510	354	700	359	483	40	579	344	367	373	631	799	893	1000	767	741	909	807	603	328	256	363	157	300	32	302	25	263	80	253	99	239	115	219	124	207	143	186	143	178	156	156	147	141
64	170	2	2	119	0	1953125	12	0.0	0	0.96	0	0	V0.2	0	0	121	144	120	157	135	161	135	160	146	165	149	149	148	149	155	136	141	128	144	115	145	105	150	105	176	99	190	105	234	70	290	110	429	182	498	203	503	187	514	351	517	303	541	508	534	311	204	554	297	404	190	704	592	989	764	814	545	1000	616	675	171	408	179	308	161	218	206	180	210	117	236	111	230	99	216	106	216	85	207	80	210	75	194	69	187
64	170	2	2	119	0	1953125	12	0.0	0	0.96	0	0	V0.2	0	0	158	123	158	132	178	134	178	131	188	134	191	122	187	118	190	111	175	96	178	92	171	78	176	74	197	77	208	90	230	170	228	288	344	371	390	416	359	444	289	603	262	522	282	693	311	489	108	506	432	288	438	559	886	812	1000	664	801	823	828	524	386	186	392	84	318	55	288	79	243	146	218	160	202	163	191	167	172	177	152	179	141	185	119	177	107
64	170	2	2	119	0	1953125	12	0.0	0	0.96	0	0	V0.2	0	0	157	135	159	142	179	147	180	141	191	144	192	129	192	125	198	115	181	102	183	93	182	71	187	55	215	38	229	48	258	122	276	244	404	317	457	367	440	392	370	579	337	498	318	696	333	478	38	571	357	345	403	638	848	897	1000	751	740	879	805	606	347	239	357	147	309	15	298	36	262	102	246	119	237	128	220	138	203	156	186	153	181	165	153	159	142
64	170	2	2	119	0	1953125	12	0.0	0	0.96	0	0	V0.2	0	0	157	127	159	137	177	141	179	133	188	136	193	122	190	116	197	107	176	99	182	90	180	67	183	59	206	55	219	67	248	142	252	260	381	337	426	375	404	411	321	578	299	507	293	698	324	489	93	571	406	344	424	628	850	843	1000	722	742	828	799	555	352	206	372	108	312	26	297	51	259	119	235	137	222	144	205	148	192	163	171	166	160	173	137	165	122
64	170	2	2	119	0	1953125	12	0.0	0	0.96	0	0	V0.2	0	0	160	139	163	150	181	155	186	146	196	148	200	133	198	126	204	117	187	105	189	96	190	65	196	49	225	26	240	32	274	112	294	239	438	308	488	356	466	386	403	585	366	506	353	725	365	495	45	644	391	416	408	716	866	935	1000	803	754	906	789	633	344	269	369	173	330	38	319	26	290	87	268	105	257	121	235	131	218	151	202	152	194	161	166	157	153
64	170	2	2	119	0	1953125	12	0.0	0	0.96	0	0	V0.2	0	0	112	146	112	161	124	168	120	170	130	175	130	161	126	168	129	155	114	150	114	143	113	137	112	149	134	152	141	169	191	150	258	178	388	248	456	254	468	207	524	264	520	176	566	370	588	185	277	510	418	349	233	723	611	1000	765	786	480	954	585	619	162	427	102	335	64	276	120	238	154	189	187	179	186	158	180	159	188	133	181	125	192	104	182	96	178
64	170	1	2	119	0	1953125	12	0.0	0	0.96	0	0	V0.2	0	0	113	147	115	162	126	170	119	171	124	179	123	171	117	175	115	164	103	161	102	155	94	151	92	164	105	172	110	195	158	188	233	225	355	299	422	307	436	254	512	272	519	162	571	330	613	142	299	458	474	331	294	705	657	1000	820	770	521	943	622	593	203	421	108	337	30	297	77	260	116	221	154	211	163	186	160	184	171	159	170	149	178	129	173	115	173
64	170	1	2	119	0	1953125	12	0.0	0	0.96	0	0	V0.2	0	0	116	155	117	166	128	174	121	179	127	186	123	179	117	182	115	172	104	164	101	161	91	158	87	175	90	187	92	214	142	212	216	255	335	336	408	346	414	295	502	289	514	176	572	321	629	135	320	426	512	306	349	705	697	1000	871	755	525	929	666	571	238	415	144	338	42	306	41	274	86	240	134	231	142	210	143	205	158	179	154	173	164	156	159	136	159
64	170	1	2	119	0	1953125	12	0.0	0	0.96	0	0	V0.2	0	0	123	160	125	170	136	181	130	185	134	196	126	191	117	194	115	184	100	177	95	176	73	177	58	196	52	214	45	244	92	262	172	334	286	421	362	442	365	397	482	392	506	275	588	372	665	209	360	371	601	243	441	676	824	1000	998	741	636	929	792	545	325	396	233	318	125	316	47	290	41	271	85	267	96	242	109	237	126	213	125	209	137	193	132	175	136
64	170	1	2	119	0	1953125	12	0.0	0	0.96	0	0	V0.2	0	0	102	139	104	149	116	155	115	157	120	163	126	151	120	153	125	143	114	135	117	130	114	124	115	132	135	138	144	150	194	135	259	172	384	235	460	251	459	199	517	277	512	194	552	394	571	224	278	519	413	375	262	740	629	1000	798	831	506	937	596	639	174	418	110	329	87	265	135	229	160	178	188	165	189	142	179	139	188	115	184	104	190	92	180	78	171
64	170	1	2	119	0	1953125	12	0.0	0	0.96	0	0	V0.2	0	0	104	148	106	157	116	168	113	172	112	179	114	172	107	177	106	166	94	159	91	157	83	157	75	173	87	188	93	212	140	215	211	266	338	347	419	364	426	315	518	325	536	225	617	366	656	202	377	433	542	321	382	718	710	999	903	825	612	955	714	623	289	438	180	350	66	315	31	286	75	248	119	233	130	208	132	200	147	174	147	166	156	149	156	129	154
64	170	1	2	119	0	1953125	12	0.0	0	0.96	0	0	V0.2	0	0	103	144	108	153	119	160	119	161	126	162	130	153	129	155	131	145	121	136	120	129	123	124	123	129	145	136	159	147	207	129	271	158	399	228	483	246	485	200	535	304	530	229	578	443	596	274	301	543	413	398	264	758	619	1000	794	872	543	965	614	681	203	444	135	351	109	268	147	232	176	173	200	162	205	137	191	132	199	109	192	96	198	83	186	74	181
64	170	1	2	119	0	1953125	12	0.0	0	0.96	0	0	V0.2	0	0	88	26	87	8	84	14	84	29	71	34	70	43	63	47	78	43	82	43	98	39	111	61	122	90	139	134	140	187	125	237	118	339	252	429	336	471	368	418	436	462	493	348	569	517	644	341	329	495	487	356	324	703	722	1000	976	905	718	948	794	640	363	300	327	189	261	149	216	137	160	165	113	162	87	155	56	131	56	117	63	108	79	89	78	75	81
64	170	1	2	119	0	1953125	12	0.0	0	0.96	0	0	V0.2	0	0	108	150	109	165	116	171	111	176	115	184	111	178	103	183	102	171	92	166	86	164	78	165	69	185	79	195	84	226	136	225	203	275	337	359	418	390	440	339	533	353	563	258	654	420	724	256	437	431	592	301	390	665	692	1000	935	846	646	988	757	643	330	454	213	377	100	334	26	306	56	268	101	254	119	227	120	212	144	189	144	179	155	158	156	137	154
64	170	1	2	119	0	1953125	12	0.0	0	0.96	0	0	V0.2	0	0	116	161	120	172	129	183	125	186	127	197	120	191	111	198	107	188	95	179	85	181	74	177	61	198	66	211	67	247	118	252	192	309	320	393	413	431	424	382	536	392	575	286	665	433	755	265	449	407	634	256	406	638	727	1000	981	847	670	992	806	646	364	444	245	382	127	342	35	316	30	282	86	275	102	249	110	239	133	209	135	204	145	185	147	164	151
64	170	1	2	119	0	1953125	12	0.0	0	0.96	0	0	V0.2	0	0	102	149	103	159	115	169	110	169	117	179	114	170	109	173	109	166	98	159	95	157	96	153	90	167	108	178	118	197	169	187	235	228	366	296	457	330	474	279	550	323	575	234	645	432	700	268	417	475	533	332	311	670	609	993	870	880	590	1000	703	685	275	457	165	380	70	319	70	284	107	234	146	220	156	194	156	184	168	158	169	148	176	128	170	111	168
64	170	1	2	119	0	1953125	12	0.0	0	0.96	0	0	V0.2	0	0	38	75	28	68	16	68	12	65	14	58	13	58	25	52	25	61	21	59	25	80	15	102	31	129	48	154	91	164	137	160	220	192	352	263	445	300	449	280	452	435	450	382	462	610	508	455	211	536	423	319	359	548	747	789	1000	726	713	807	820	539	389	318	290	270	171	230	102	208	80	156	89	139	99	101	96	82	95	55	98	53	88	50	81	51	63
64	170	1	2	119	0	1953125	12	0.0	0	0.96	0	0	V0.2	0	0	47	66	55	53	52	49	60	38	57	35	50	27	52	36	45	48	44	50	46	66	69	72	90	80	125	88	168	80	197	76	251	192	352	278	430	356	399	361	371	530	355	452	402	638	478	472	229	465	477	226	392	509	746	811	1000	738	667	847	772	584	331	367	228	302	135	229	102	190	116	122	120	99	126	65	114	52	104	39	100	46	85	54	78	56	55
64	170	1	2	119	0	1953125	12	0.0	0	0.96	0	0	V0.2	0	0	82	37	81	22	75	18	78	18	66	11	66	19	58	26	63	24	71	24	82	18	106	19	127	38	153	63	179	121	175	180	184	323	267	411	340	489	323	461	362	561	421	453	529	600	631	421	382	453	555	258	388	645	688	967	977	917	661	1000	759	708	312	401	266	280	233	162	224	112	199	78	164	79	147	86	111	88	88	90	71	100	58	90	55	81	51
64	170	1	2	119	0	1953125	12	0.0	0	0.96	0	0	V0.2	0	0	86	37	80	23	75	19	78	21	67	15	65	23	57	28	66	22	70	22	83	15	107	20	127	40	157	71	175	129	172	187	170	329	262	419	332	492	316	459	371	556	426	439	542	595	646	420	385	463	553	247	381	663	678	960	952	909	635	1000	756	703	311	400	278	270	241	156	229	105	205	79	162	83	148	91	106	92	85	93	64	102	57	92	51	83	52
64	170	1	2	119	0	1953125	12	0.0	0	0.96	0	0	V0.2	0	0	75	49	76	31	74	28	79	10	68	7	67	8	61	26	63	31	69	35	77	39	104	34	125	38	162	43	196	85	204	136	226	288	313	380	381	467	346	456	350	593	383	491	487	649	601	479	354	457	567	222	408	592	721	929	992	868	652	1000	781	698	294	421	233	313	193	204	195	149	189	79	166	63	159	56	130	64	105	66	88	86	72	77	63	79	50
64	170	1	2	119	0	1953125	12	0.0	0	0.96	0	0	V0.2	0	0	78	41	79	24	74	18	77	14	66	8	64	14	60	25	63	21	67	25	77	22	104	19	126	33	157	54	182	106	179	166	192	310	272	400	343	481	317	459	354	567	403	452	514	608	622	428	371	447	560	248	389	618	692	950	956	889	654	1000	754	688	281	392	252	284	225	171	218	116	200	76	165	75	151	76	114	81	90	84	75	99	61	84	54	82	48
64	170	1	2	119	0	1953125	12	0.0	0	0.96	0	0	V0.2	0	0	74	46	77	30	72	26	76	11	67	5	64	6	60	24	60	30	68	32	72	36	99	29	122	35	159	42	192	84	199	133	219	287	303	381	374	466	335	450	338	581	379	473	483	636	594	469	348	437	542	216	406	593	706	930	968	851	665	1000	774	683	284	403	228	300	199	195	199	141	187	75	166	62	156	53	123	59	100	64	87	91	71	78	56	73	48
64	170	1	2	119	0	1953125	12	0.0	0	0.96	0	0	V0.2	0	0	72	54	76	37	70	32	79	14	68	9	65	5	59	24	58	30	64	33	70	42	97	37	125	39	155	40	197	77	199	123	227	282	311	372	383	461	338	448	334	588	372	477	466	639	580	473	319	430	522	185	396	568	683	913	978	827	648	1000	788	681	270	394	209	295	177	194	182	143	181	71	157	56	154	44	122	54	102	56	85	82	71	75	59	77	48
64	170	2	2	119	0	1953125	12	0.0	0	0.97	0	0	V0.2	0	0	171	130	171	145	185	149	187	146	197	154	191	142	194	140	193	125	174	125	178	108	173	87	190	65	202	34	238	33	254	78	304	211	421	274	512	349	498	349	446	607	441	516	432	784	483	583	129	708	318	429	314	701	705	897	1000	901	750	972	823	722	340	329	344	253	323	104	315	94	292	65	274	68	266	88	257	96	232	108	227	119	212	113	197	124	174
64	170	2	2	119	0	1953125	12	0.0	0	0.97	0	0	V0.2	0	0	132	169	136	178	153	185	148	185	158	192	155	182	149	188	142	175	130	169	125	168	106	168	90	186	82	209	72	235	122	243	196	308	326	394	415	440	428	384	547	404	609	291	707	464	789	291	484	405	624	201	422	645	677	978	990	825	658	1000	842	623	347	445	269	364	133	343	56	314	46	282	86	274	94	260	110	254	121	227	125	227	130	205	127	189	135
64	170	1	2	119	0	1953125	12	0.0	0	0.96	0	0	V0.2	0	0	84	45	83	29	75	24	81	23	65	15	67	23	58	26	66	20	71	21	85	11	108	17	129	40	159	74	184	135	162	193	169	341	247	428	331	509	312	465	372	569	450	433	558	608	668	409	373	451	535	219	333	639	644	983	956	885	642	1000	744	683	252	355	255	247	242	134	226	86	193	76	149	78	134	90	99	89	73	90	55	102	54	88	47	80	46
64	170	2	2	119	0	1953125	12	0.0	0	0.96	0	0	V0.2	0	0	87	48	78	43	71	42	68	54	50	42	51	50	45	41	61	39	65	35	83	41	95	67	108	100	120	149	127	204	92	253	111	362	254	447	365	496	385	428	472	491	549	361	629	581	706	395	379	556	484	308	279	715	672	1000	993	905	729	994	837	651	324	284	351	186	276	139	230	127	161	146	104	146	80	144	49	125	34	112	37	103	60	84	57	68	62
64	170	2	2	119	0	1953125	12	0.0	86	1.03	0	0	V0.2	0	0	47	61	28	65	30	65	17	56	12	55	4	32	27	30	27	2	50	8	47	43	73	39	62	56	77	47	44	75	33	168	96	279	219	399	307	442	340	467	348	480	360	395	309	345	318	241	44	186	220	252	394	637	674	956	949	866	703	1000	809	748	428	491	350	374	224	241	115	191	82	149	54	133	46	100	43	85	37	69	49	57	39	45	35	29	30
64	170	2	2	119	0	1953125	12	0.0	61	1.03	0	0	V0.2	0	0	31	62	28	60	26	58	20	50	12	44	0	38	14	34	30	30	50	24	66	25	76	21	81	15	76	24	68	55	107	106	198	200	326	286	413	326	462	319	432	353	438	289	323	331	293	226	60	200	189	182	451	526	715	833	1000	739	738	891	846	644	462	458	383	351	241	246	142	183	110	148	86	115	83	103	60	77	61	70	54	61	56	49	39	39	32
64	170	2	2	119	0	1953125	12	0.0	0	0.97	0	0	V0.2	0	0	140	159	149	168	164	173	164	178	171	177	171	170	174	166	168	157	156	152	152	136	154	130	166	113	176	123	217	92	246	51	326	118	463	192	566	265	565	254	526	525	521	455	515	758	530	571	191	681	275	426	280	692	704	883	1000	883	756	909	810	659	363	265	371	190	346	21	315	25	287	101	252	118	237	137	234	146	201	156	193	175	166	170	151	175	133
64	170	2	2	119	0	1953125	12	0.0	86	1.03	0	0	V0.2	0	0	42	65	19	71	22	69	4	58	16	56	14	31	30	24	30	12	49	20	42	55	63	54	51	77	64	59	40	71	59	153	123	272	254	391	336	445	377	478	355	507	364	433	305	402	308	294	24	133	209	212	408	607	690	950	976	840	711	1000	837	739	441	504	357	386	228	258	117	199	93	154	77	129	68	92	65	78	57	54	65	53	54	36	47	24	31
64	170	2	2	119	0	1953125	12	0.0	86	1.03	0	0	V0.2	0	0	35	61	28	59	22	60	22	50	8	48	3	35	12	29	24	14	42	5	59	13	72	8	81	2	78	23	62	63	54	138	147	231	268	329	366	362	427	354	441	357	460	285	374	289	351	189	108	193	120	199	431	534	698	838	1000	719	743	848	873	596	488	391	414	282	284	186	183	131	162	99	131	69	121	53	91	36	83	26	72	35	64	21	51	29	31
64	170	2	2	119	0	1953125	12	0.0	86	1.03	0	0	V0.2	0	0	36	58	30	57	26	56	23	49	12	44	8	35	9	28	21	17	38	8	55	11	73	6	78	5	76	25	60	62	59	124	151	221	276	314	375	351	436	345	437	350	457	285	371	306	346	196	88	195	134	193	433	527	696	831	1000	727	749	855	874	605	485	408	409	297	275	197	169	141	151	110	122	77	115	61	85	40	79	33	68	36	61	22	47	27	29
64	170	2	2	119	0	1953125	12	0.0	111	1.04	0	0	V0.2	0	0	51	46	44	44	41	48	38	40	25	44	21	33	6	35	7	19	24	19	41	5	61	10	76	16	77	34	63	61	35	119	124	215	246	315	348	351	415	349	440	365	469	295	391	312	375	204	98	203	125	211	430	544	697	844	1000	729	759	868	894	605	500	396	422	275	282	171	173	107	153	78	123	47	114	30	83	18	74	8	68	25	55	16	43	24	25
64	170	2	2	119	0	1953125	12	0.0	111	1.04	0	0	V0.2	0	0	45	50	38	52	31	55	27	48	19	48	12	37	3	33	10	18	27	15	42	4	62	5	75	12	77	31	66	62	41	115	129	210	253	301	354	340	423	332	445	361	471	287	374	318	359	214	118	175	130	190	452	517	696	834	1000	701	722	865	870	613	467	425	392	311	245	210	143	150	125	117	100	82	94	68	69	41	69	35	57	29	50	17	39	22	29
64	170	2	2	119	0	1953125	12	0.0	111	1.04	0	0	V0.2	0	0	44	51	34	54	27	57	22	49	11	48	11	37	3	31	12	15	28	13	41	5	62	5	75	6	76	29	66	59	35	121	117	220	241	313	341	349	410	339	428	353	462	280	377	308	365	200	112	187	118	200	451	529	681	830	1000	697	712	846	872	599	475	419	403	301	255	199	154	144	132	110	108	78	100	61	74	34	70	28	60	27	50	13	40	20	28
64	170	2	2	119	0	1953125	12	0.0	6801	2.19	0	0	V0.2	0	0	18	25	15	21	11	23	9	12	7	15	4	7	3	8	5	8	5	13	11	19	13	4	18	6	23	27	22	41	19	38	85	164	181	184	208	184	236	112	148	215	269	64	207	338	409	342	268	278	160	131	390	378	325	834	999	575	255	815	738	495	208	199	204	94	103	32	11	57	42	30	43	35	36	20	35	35	11	31	19	23	10	17	8	13	5
64	170	1	2	119	0	1953125	12	0.0	6821	2.19	0	0	V0.2	0	0	26	36	33	21	17	32	31	8	13	31	15	15	27	26	10	13	31	11	28	17	34	36	44	36	48	33	45	17	33	66	22	75	41	106	63	58	48	132	89	96	81	57	56	115	92	110	101	278	304	291	147	217	342	593	780	975	1000	737	431	30	240	259	210	11	109	104	89	56	99	44	36	85	96	42	33	48	37	30	37	49	17	42	50	41	19
64	170	1	2	119	0	1953125	12	0.0	148	1.05	0	0	V0.2	0	0	236	238	214	198	205	205	175	134	148	142	123	87	88	96	82	61	113	136	122	136	167	210	186	201	251	270	262	250	293	339	301	313	285	323	354	283	318	314	335	293	334	257	325	282	336	350	217	363	203	276	249	344	95	404	325	375	1000	259	492	371	356	130	295	277	316	210	243	267	278	217	197	201	240	186	156	146	168	146	111	90	90	95	56	27	23
