34928	35048	35167	35286	35405	35524	35644	35763	35882	36001	36120	36240	36359	36478	36597	36716	36836	36955	37074	37193	37313	37432	37551	37670	37789	37909	38028	38147	38266	38385	38505	38624	38743	38862	38981	39101	39220	39339	39458	39577	39697	39816	39935	40054	40174	40293	40412	40531	40650	40770	40889	41008	41127	41246	41366	41485	41604	41723	41842	41962	42081	42200	42319	42439	42558	42677	42796	42915	43035	43154	43273	43392	43511	43631	43750	43869	43988	44107	44227	44346	44465	44584	44703	44823	44942
64	170	1	2	119	0	1953125	12	0.0	0	0.99	0	0	V0.2	0	0	211	215	206	231	212	226	204	241	221	240	213	248	225	254	219	242	228	251	223	233	208	242	203	224	181	240	178	213	151	252	158	230	102	317	184	348	234	264	324	422	466	462	494	544	525	604	850	930	1000	677	974	709	805	441	899	872	651	303	405	456	570	323	524	159	333	80	265	12	254	8	247	13	233	29	224	27	217	46	212	61	202	55	214	57	200
64	170	1	2	119	0	1953125	12	0.0	0	0.99	0	0	V0.2	0	0	231	165	227	171	240	169	236	175	250	176	247	175	259	181	260	163	265	166	264	153	246	160	249	141	230	145	231	122	221	146	232	133	192	200	300	188	316	94	400	228	540	261	558	332	609	388	889	725	1000	582	911	647	798	360	854	710	701	152	459	298	560	292	438	248	226	207	195	139	189	130	193	141	170	120	178	128	170	109	174	110	171	105	171	122	161
64	170	1	2	119	0	1953125	12	0.0	0	0.99	0	0	V0.2	0	0	178	212	172	224	179	224	173	232	185	234	183	236	190	242	195	231	198	237	200	215	187	221	185	207	169	211	165	192	149	218	156	200	118	274	207	303	258	201	337	343	490	367	508	434	546	480	837	791	1000	605	941	624	775	347	849	708	658	180	430	322	568	287	474	227	266	183	211	116	203	111	201	123	178	111	180	116	167	103	171	108	164	104	169	124	150
64	170	1	2	119	0	1953125	12	0.0	0	0.99	0	0	V0.2	0	0	205	214	199	231	203	226	197	241	209	240	202	249	213	255	210	244	217	252	212	234	198	245	189	227	169	241	164	219	135	255	141	231	91	320	171	363	227	279	304	438	460	490	482	562	518	628	833	953	1000	713	974	721	778	449	879	871	614	298	376	460	563	343	523	171	341	77	264	12	251	9	244	9	226	28	220	25	212	49	202	54	199	57	209	54	197
64	170	1	2	119	0	1953125	12	0.0	0	0.99	0	0	V0.2	0	0	203	229	198	246	201	243	195	260	207	259	200	270	209	273	203	266	211	273	205	253	196	266	183	245	163	257	159	237	124	271	124	251	76	330	139	380	199	296	280	462	428	508	447	597	482	652	814	1000	969	718	960	781	791	513	890	945	604	370	363	498	527	352	511	165	340	48	267	36	256	33	249	30	233	41	223	42	218	64	208	70	204	71	215	62	203
64	170	1	2	119	0	1953125	12	0.0	0	0.99	0	0	V0.2	0	0	190	231	185	247	188	244	182	260	195	260	186	269	193	275	185	268	193	275	186	257	179	266	164	247	145	261	143	241	105	268	101	247	58	323	101	379	162	305	235	472	384	510	390	597	426	656	745	1000	904	726	901	787	727	518	817	932	534	381	306	505	480	366	481	173	326	39	252	61	244	60	233	55	221	58	211	61	205	79	196	87	188	89	198	76	193
64	170	1	2	119	0	1953125	12	0.0	0	0.99	0	0	V0.2	0	0	90	38	79	39	82	41	78	49	74	44	77	58	75	52	95	64	96	60	115	50	105	48	127	36	129	43	145	36	162	47	171	34	171	90	286	187	251	216	316	377	444	437	438	533	493	604	754	1000	810	803	762	875	634	594	760	979	560	381	340	499	475	392	414	213	224	97	176	78	167	76	158	87	127	62	118	77	101	67	90	70	85	77	77	68	62
64	170	1	2	119	0	1953125	12	0.0	0	0.99	0	0	V0.2	0	0	63	70	56	70	54	71	51	77	53	69	58	74	62	64	82	73	88	67	106	64	97	57	118	64	118	70	130	84	145	91	148	93	148	134	249	253	190	277	253	443	391	489	389	563	453	624	741	1000	858	782	832	838	695	538	807	918	614	334	400	441	514	371	418	246	198	152	153	125	139	126	126	137	91	102	88	115	68	97	69	95	64	94	67	76	55
64	170	1	2	119	0	1953125	12	0.0	0	0.99	0	0	V0.2	0	0	175	226	172	242	172	239	165	256	177	254	167	268	175	271	165	268	172	274	163	255	160	264	144	245	128	258	120	238	79	269	77	243	43	319	75	375	121	311	195	482	334	520	346	602	382	666	690	1000	834	757	847	803	658	531	754	943	490	392	266	520	445	394	455	203	314	61	238	91	230	85	216	84	207	75	196	83	191	92	180	99	174	103	185	87	177
64	170	1	2	119	0	1953125	12	0.0	0	0.99	0	0	V0.2	0	0	10	97	6	96	11	99	23	92	33	95	42	86	51	96	60	100	68	111	61	115	53	126	45	142	42	151	34	177	42	180	47	184	33	239	167	324	199	256	315	417	482	425	523	504	578	551	910	949	979	782	892	881	750	615	844	1000	656	386	392	524	445	519	335	324	168	184	114	165	132	146	123	128	127	82	108	87	116	63	100	74	98	66	96	69	70
64	170	2	2	119	0	1953125	12	0.0	0	0.99	0	0	V0.2	0	0	78	53	69	52	73	53	67	61	64	54	68	64	70	54	87	64	92	56	111	48	103	46	125	39	126	43	138	49	159	56	164	51	162	98	275	213	232	245	289	400	418	458	409	548	468	609	732	1000	834	812	783	848	648	557	750	927	559	344	341	457	486	376	421	221	219	116	169	88	158	93	147	104	111	78	106	91	87	79	85	79	78	84	71	71	57
64	170	2	2	119	0	1953125	12	0.0	0	0.99	0	0	V0.2	0	0	192	224	184	240	190	237	182	253	194	252	184	264	195	269	188	262	198	268	187	252	180	260	168	243	149	257	140	237	105	271	108	246	54	331	120	383	175	308	255	476	403	524	415	588	449	664	769	1000	949	767	935	765	731	492	824	920	571	350	322	498	525	383	507	191	348	54	261	49	252	47	239	44	229	45	216	50	212	69	199	76	194	79	206	68	194
64	170	2	2	119	0	1953125	12	0.0	0	0.99	0	0	V0.2	0	0	200	229	197	246	203	244	192	262	208	257	199	274	207	274	201	268	210	275	201	256	192	265	182	247	158	261	159	237	120	270	123	247	70	334	128	382	191	299	269	466	415	506	435	598	476	660	799	1000	969	730	944	765	767	505	876	954	607	369	341	500	526	362	510	168	340	46	267	40	257	40	249	33	235	44	224	48	217	68	207	76	204	79	211	69	202
64	170	2	2	119	0	1953125	12	0.0	0	0.99	0	0	V0.2	0	0	90	29	82	33	86	36	83	44	78	39	82	53	76	52	95	61	94	61	114	51	107	55	125	40	128	45	143	36	161	49	172	31	167	88	285	181	265	204	330	369	457	424	451	522	501	587	759	999	837	833	777	901	639	600	754	1000	565	400	335	513	456	406	409	227	230	94	177	77	168	75	161	80	131	56	123	70	107	60	98	63	87	76	83	67	65
64	170	2	2	119	0	1953125	12	0.0	0	0.99	0	0	V0.2	0	0	167	190	173	199	171	193	179	205	181	205	180	215	185	217	174	225	173	228	160	219	165	214	154	205	155	203	147	193	157	192	150	174	173	198	235	299	146	309	183	451	299	513	300	568	355	640	572	1000	651	875	613	882	448	630	549	950	379	400	171	546	307	507	296	334	221	196	150	186	145	177	128	176	137	148	118	160	127	148	109	152	114	152	119	140	126
64	170	2	2	119	0	1953125	12	0.0	0	0.99	0	0	V0.2	0	0	190	185	198	190	199	186	207	194	208	195	210	202	216	203	211	214	208	211	198	207	196	199	193	191	190	178	183	177	197	160	192	152	212	152	293	259	208	285	255	419	366	487	376	549	443	618	646	1000	687	885	598	915	461	655	570	976	429	409	222	553	317	533	246	370	168	241	101	220	98	212	83	211	96	181	77	191	89	175	75	180	83	176	81	171	97
64	170	2	2	119	0	1953125	12	0.0	0	0.99	0	0	V0.2	0	0	170	190	178	195	178	191	183	204	184	203	186	211	193	211	182	223	180	223	168	214	171	211	163	202	160	196	153	192	163	185	158	171	181	189	245	293	157	300	192	433	301	499	310	563	378	637	591	1000	647	841	567	869	445	631	538	948	381	403	176	542	298	500	276	328	205	196	136	192	129	182	115	181	124	152	108	164	115	151	100	156	104	159	107	146	117
64	170	2	2	119	0	1953125	12	0.0	0	0.99	0	0	V0.2	0	0	160	243	157	261	158	255	156	270	163	273	154	282	161	289	148	287	155	291	143	272	150	277	130	263	117	267	109	251	76	270	68	252	43	325	73	390	125	319	194	480	350	521	366	608	409	666	731	1000	889	712	874	762	728	506	828	912	562	363	322	485	501	337	489	155	321	55	249	21	243	17	234	6	223	30	213	27	209	47	201	57	197	53	202	53	192
64	170	2	2	119	0	1953125	12	0.0	0	0.99	0	0	V0.2	0	0	31	88	25	91	27	87	23	91	35	87	43	87	55	83	71	91	82	91	95	94	81	93	98	109	97	114	97	137	109	146	110	154	103	196	207	320	159	308	239	472	407	516	429	582	495	625	809	1000	954	771	896	821	772	553	882	925	678	303	432	434	534	415	386	304	156	200	108	171	97	163	86	168	56	122	60	134	48	106	59	102	54	102	73	80	56
64	170	2	2	119	0	1953125	12	0.0	0	0.99	0	0	V0.2	0	0	188	183	194	190	193	185	201	198	204	195	204	205	211	207	203	216	202	215	189	208	190	201	184	191	182	186	175	181	184	169	182	157	198	161	281	273	190	286	229	425	341	487	349	544	414	608	629	1000	680	875	588	889	427	627	534	944	395	377	213	527	295	516	249	361	183	220	106	209	102	200	87	203	101	170	83	184	94	170	80	173	86	171	87	161	98
64	170	2	2	119	0	1953125	12	0.0	0	0.99	0	0	V0.2	0	0	152	233	151	248	152	245	150	257	156	259	148	268	155	276	140	275	142	282	130	266	135	268	117	255	104	259	99	247	65	260	58	242	61	302	76	381	75	322	142	488	288	528	312	614	348	668	655	1000	795	740	798	778	622	527	746	925	475	376	260	502	434	367	449	177	308	43	235	61	227	54	217	49	208	47	197	50	195	62	185	68	185	68	191	56	184
64	170	2	2	119	0	1953125	12	0.0	0	0.99	0	0	V0.2	0	0	38	90	44	86	46	87	56	80	56	84	63	81	61	95	66	99	66	116	61	120	47	131	39	142	40	153	36	169	53	181	59	178	53	238	183	316	223	241	334	414	506	428	541	512	601	559	933	969	1000	794	903	887	760	608	853	987	652	376	418	533	463	516	335	343	155	197	98	184	112	157	106	146	110	99	99	106	100	82	92	83	89	76	94	71	69
64	170	1	2	119	0	1953125	12	0.0	0	0.99	0	0	V0.2	0	0	158	218	162	225	160	223	168	235	168	233	174	241	175	241	169	250	165	246	157	238	160	232	154	220	156	213	146	204	160	198	157	177	186	195	250	289	163	303	211	441	333	498	334	558	409	625	624	1000	673	878	597	918	471	653	555	959	435	389	250	529	309	519	227	375	143	244	68	229	66	216	46	223	60	190	43	202	53	186	44	186	53	191	46	183	63
64	170	1	2	119	0	1953125	12	0.0	0	0.99	0	0	V0.2	0	0	158	218	162	225	160	223	168	235	168	233	174	241	175	241	169	250	165	246	157	238	160	232	154	220	156	213	146	204	160	198	157	177	186	195	250	289	163	303	211	441	333	498	334	558	409	625	624	1000	673	878	597	918	471	653	555	959	435	389	250	529	309	519	227	375	143	244	68	229	66	216	46	223	60	190	43	202	53	186	44	186	53	191	46	183	63
64	170	1	2	119	0	1953125	12	0.0	0	0.99	0	0	V0.2	0	0	224	221	230	222	237	218	247	222	253	224	256	223	264	225	265	231	263	222	260	220	250	203	257	195	250	168	247	170	261	127	267	123	277	76	393	189	315	240	393	369	541	433	552	483	646	560	894	1000	941	926	791	970	676	660	781	980	686	317	445	478	504	543	308	436	82	321	66	265	64	252	85	262	66	220	95	233	88	203	110	207	116	200	103	209	104
64	170	1	2	119	0	1953125	12	0.0	0	0.99	0	0	V0.2	0	0	201	234	192	251	199	246	188	265	202	262	192	274	201	279	197	271	203	279	197	260	188	269	177	250	155	265	152	241	115	273	114	251	65	333	116	379	180	301	249	472	401	509	414	599	450	666	778	1000	935	723	926	778	746	510	843	946	560	388	328	514	502	361	500	169	331	35	257	53	250	52	242	45	226	57	217	58	211	78	201	82	199	86	206	76	198
64	170	1	2	119	0	1953125	12	0.0	0	0.99	0	0	V0.2	0	0	83	47	76	47	77	50	76	57	73	52	75	61	73	53	90	64	94	60	117	50	106	43	128	37	130	42	142	41	164	53	169	43	170	93	279	197	243	233	304	399	441	459	428	548	487	613	742	1000	827	817	787	880	664	595	773	960	566	381	359	490	477	387	422	219	224	109	180	85	166	87	155	97	122	72	114	85	95	77	92	79	84	81	78	72	62
64	170	1	2	119	0	1953125	12	0.0	0	0.99	0	0	V0.2	0	0	218	203	211	213	221	209	214	222	230	223	222	230	233	232	234	219	238	226	239	208	219	221	218	199	196	212	198	187	173	223	179	204	132	284	214	300	260	205	343	358	491	388	507	475	544	525	854	842	1000	609	962	664	814	383	874	786	637	260	416	391	554	272	501	162	304	115	248	44	238	43	237	50	216	50	215	49	207	51	205	57	201	52	206	64	194
64	170	1	2	119	0	1953125	12	0.0	0	0.99	0	0	V0.2	0	0	173	227	171	242	171	240	165	256	175	255	166	267	175	269	163	268	171	273	162	256	162	263	142	248	126	257	120	237	80	267	76	243	45	315	71	375	119	309	193	478	330	518	344	602	375	659	683	1000	838	764	850	801	670	536	747	936	488	402	277	524	429	396	444	202	313	60	238	89	230	85	214	84	209	80	195	85	192	93	179	99	175	105	184	90	179
64	170	1	2	119	0	1953125	12	0.0	0	0.99	0	0	V0.2	0	0	173	227	171	242	171	240	165	256	175	255	166	267	175	269	163	268	171	273	162	256	162	263	142	248	126	257	120	237	80	267	76	243	45	315	71	375	119	309	193	478	330	518	344	602	375	659	683	1000	838	764	850	801	670	536	747	936	488	402	277	524	429	396	444	202	313	60	238	89	230	85	214	84	209	80	195	85	192	93	179	99	175	105	184	90	179
64	170	1	2	119	0	1953125	12	0.0	0	0.99	0	0	V0.2	0	0	208	215	200	232	207	226	198	241	216	239	204	252	215	254	212	241	220	250	214	232	202	243	194	226	172	240	171	215	140	254	144	231	90	319	169	355	223	269	303	430	461	477	472	545	512	613	836	945	1000	698	969	718	795	443	869	859	617	305	381	452	553	333	521	166	335	77	263	12	252	3	245	7	227	28	223	24	214	45	207	56	200	55	211	52	199
64	170	1	2	119	0	1953125	12	0.0	0	0.99	0	0	V0.2	0	0	190	230	185	247	188	242	181	262	193	259	184	270	194	273	186	268	194	275	186	256	178	266	165	245	146	263	142	237	103	269	103	247	53	329	105	373	161	303	232	466	382	513	395	598	437	663	757	1000	907	721	895	776	734	523	836	946	564	394	317	512	491	376	488	174	328	43	254	60	245	55	234	52	222	56	210	62	204	77	194	86	188	90	196	73	188
64	170	1	2	119	0	1953125	12	0.0	0	0.99	0	0	V0.2	0	0	91	29	83	29	85	34	82	43	81	39	84	53	78	52	96	63	94	61	115	52	104	56	126	40	128	49	142	37	161	52	170	34	172	92	283	181	265	202	320	357	463	427	455	522	515	592	766	1000	826	808	755	873	631	611	752	972	544	395	322	502	455	413	412	222	225	93	175	78	168	72	157	77	131	53	120	67	107	60	96	63	87	71	82	65	64
64	170	1	2	119	0	1953125	12	0.0	0	0.99	0	0	V0.2	0	0	82	42	75	40	76	44	76	53	72	46	76	58	73	51	91	61	92	57	111	49	103	46	125	33	126	39	141	37	158	46	165	34	165	86	276	194	250	222	299	375	435	443	429	532	484	593	740	1000	828	804	761	841	617	576	741	932	535	366	325	475	463	387	419	219	224	101	172	76	159	76	154	88	118	62	113	80	97	68	91	69	77	76	75	67	61
64	170	1	2	119	0	1953125	12	0.0	0	0.99	0	0	V0.2	0	0	214	225	210	240	217	236	209	253	222	252	215	260	225	265	220	257	227	261	224	242	209	254	203	234	180	246	181	219	149	257	148	236	99	318	167	353	226	262	304	427	456	463	481	561	521	617	849	954	1000	682	993	761	819	471	929	922	646	348	401	474	549	323	522	154	333	69	267	11	258	6	252	7	232	28	230	28	220	48	214	56	209	56	216	55	207
64	170	1	2	119	0	1953125	12	0.0	0	0.99	0	0	V0.2	0	0	163	229	159	242	158	246	151	258	156	262	151	267	153	278	143	274	143	277	142	259	143	258	133	248	123	244	119	231	100	247	97	231	71	295	150	335	218	226	313	368	467	382	508	443	547	479	864	783	1000	599	946	640	786	371	872	714	698	162	462	305	558	353	408	306	182	254	141	192	131	201	120	204	95	186	96	196	79	178	91	184	82	183	71	195	60
64	170	1	2	119	0	1953125	12	0.0	0	0.99	0	0	V0.2	0	0	191	209	198	210	202	209	210	214	217	215	222	217	226	216	227	225	221	218	218	215	212	198	218	190	212	171	213	168	230	137	230	126	251	112	355	222	287	259	343	385	486	464	500	504	580	587	809	1000	867	933	718	938	596	654	684	961	591	338	359	501	455	549	285	429	99	309	32	256	31	242	43	247	25	209	54	220	49	195	67	198	79	190	68	194	70
64	170	1	2	119	0	1953125	12	0.0	0	0.99	0	0	V0.2	0	0	215	214	210	228	218	226	212	241	225	240	218	247	228	253	226	243	232	248	230	230	216	240	211	222	187	236	186	210	156	247	165	225	114	308	190	339	241	251	324	406	470	443	500	539	541	588	850	905	1000	651	976	707	826	441	921	871	661	309	409	436	561	306	518	151	328	89	269	17	256	14	250	22	230	35	224	33	219	46	213	60	203	54	216	60	204
64	170	1	2	119	0	1953125	12	0.0	0	0.99	0	0	V0.2	0	0	228	178	224	189	233	187	230	195	246	197	239	199	250	201	253	185	256	191	258	174	239	184	242	164	220	171	220	149	207	175	213	164	173	232	267	230	298	126	375	265	523	291	536	372	589	426	880	752	1000	556	933	621	805	343	887	738	680	191	449	315	553	261	463	205	256	173	221	101	213	100	214	104	193	90	198	96	189	81	193	89	188	79	193	99	178
64	170	1	2	119	0	1953125	12	0.0	0	0.99	0	0	V0.2	0	0	218	167	214	173	225	174	221	179	237	181	231	184	241	185	244	170	249	174	249	159	228	168	233	150	214	157	213	139	203	162	209	157	172	222	274	228	301	123	376	263	523	297	536	358	574	415	856	742	1000	590	918	605	757	332	839	686	651	142	411	293	558	279	464	225	257	182	208	109	199	102	201	114	179	98	184	99	174	87	177	88	175	81	178	101	163
64	170	1	2	119	0	1953125	12	0.0	0	0.99	0	0	V0.2	0	0	199	227	193	242	196	240	189	257	201	255	195	267	203	271	199	264	206	268	200	250	189	262	178	243	158	257	150	235	118	267	118	247	69	328	130	385	193	302	269	469	421	514	443	598	474	660	791	1000	968	752	963	769	762	492	861	923	589	344	334	491	525	371	515	183	351	56	268	37	254	36	246	33	229	40	221	45	213	66	207	72	199	73	211	65	199
64	170	1	2	119	0	1953125	12	0.0	0	0.99	0	0	V0.2	0	0	213	211	208	226	216	223	210	236	224	237	218	244	226	250	224	237	231	245	229	227	213	236	207	220	186	229	187	206	160	240	162	224	115	303	191	333	243	239	322	398	473	434	494	525	535	574	856	905	1000	642	976	703	811	428	906	859	650	306	404	426	558	302	514	156	324	92	262	21	249	19	246	26	229	35	223	32	217	45	210	59	202	52	213	56	201
64	170	1	2	119	0	1953125	12	0.0	0	0.99	0	0	V0.2	0	0	242	163	242	168	252	168	248	175	263	175	262	174	271	173	277	158	277	158	279	146	259	152	263	134	244	132	248	112	238	129	246	126	217	180	326	157	327	61	412	215	565	253	584	334	651	392	937	736	1000	596	916	668	811	396	901	754	721	151	480	303	569	329	429	271	206	228	188	158	177	157	187	163	161	138	171	146	162	124	172	132	165	120	165	141	153
64	170	1	2	119	0	1953125	12	0.0	0	0.99	0	0	V0.2	0	0	64	70	56	69	55	70	51	75	54	70	58	74	62	63	84	75	89	64	108	65	98	56	121	65	119	67	130	86	144	89	148	95	150	129	248	248	193	278	253	439	394	485	393	569	455	629	741	999	853	790	831	840	705	546	810	924	616	337	401	448	513	380	422	246	200	153	157	126	139	127	127	136	93	103	89	116	70	97	70	89	62	94	69	75	57
64	170	1	2	119	0	1953125	12	0.0	0	0.99	0	0	V0.2	0	0	226	166	223	173	236	171	230	180	246	179	241	177	252	181	257	162	260	169	260	155	239	162	245	143	223	148	225	126	216	149	223	143	188	207	294	196	307	99	392	241	536	276	559	345	609	408	891	733	1000	595	914	617	772	340	855	702	676	145	443	299	565	307	457	243	238	200	199	129	192	125	196	133	174	114	180	119	172	103	174	105	169	98	174	116	157
64	170	1	2	119	0	1953125	12	0.0	0	0.98	0	0	V0.2	0	0	228	230	219	218	235	231	238	219	246	234	254	227	254	229	264	239	244	224	258	230	238	196	250	209	237	171	237	185	252	136	250	130	277	95	370	192	305	258	362	365	522	436	515	486	625	560	856	1000	903	915	752	967	657	657	758	998	656	321	440	477	463	540	292	433	65	307	56	267	50	251	69	256	59	221	74	227	82	212	93	198	112	204	92	202	94
64	170	1	2	119	0	1953125	12	0.0	0	0.99	0	0	V0.2	0	0	38	88	44	83	45	83	50	80	55	81	53	81	56	85	62	101	66	106	61	116	45	121	51	137	37	144	40	161	44	176	54	172	46	239	171	328	172	291	277	438	442	481	482	544	549	610	885	974	1000	780	927	823	774	539	871	937	691	296	433	469	545	474	378	337	144	218	90	190	87	174	80	176	58	125	58	137	53	107	61	102	56	99	72	75	59
64	170	1	2	119	0	1953125	12	0.0	0	0.99	0	0	V0.2	0	0	162	229	160	244	158	240	155	256	162	255	155	268	162	271	150	271	155	275	144	260	147	265	126	248	114	258	103	238	70	263	59	236	54	303	65	372	80	320	147	481	280	513	288	601	323	650	615	1000	770	781	790	823	601	562	691	960	437	411	206	534	373	419	403	229	295	90	214	120	207	114	191	111	185	101	173	113	170	116	156	121	151	128	165	110	159
64	170	1	2	119	0	1953125	12	0.0	0	0.99	0	0	V0.2	0	0	200	230	194	246	198	244	191	258	205	258	196	269	204	277	199	266	207	275	199	253	188	265	178	245	154	261	155	234	117	272	118	249	64	328	123	380	187	298	264	472	414	508	429	592	464	656	786	1000	959	755	975	794	768	495	861	938	586	374	348	507	523	372	512	180	344	52	267	43	256	39	244	36	233	44	220	43	215	64	208	72	201	73	215	63	198
64	170	1	2	119	0	1953125	12	0.0	0	0.99	0	0	V0.2	0	0	147	215	152	222	150	219	157	231	156	229	161	239	162	239	155	248	153	244	142	237	148	230	139	220	142	215	132	205	145	205	140	180	176	212	231	301	148	312	189	441	314	511	320	565	395	645	606	1000	661	882	599	886	439	627	552	967	413	387	202	548	322	532	253	370	165	241	92	219	87	211	66	212	77	179	59	196	65	176	53	182	59	179	55	176	67
64	170	1	2	119	0	1953125	12	0.0	0	0.99	0	0	V0.2	0	0	236	174	238	179	246	178	247	181	260	179	263	177	271	177	277	159	282	158	282	144	264	141	268	122	254	116	252	94	252	97	262	89	241	137	362	120	353	61	431	205	578	262	597	335	666	404	937	812	1000	740	852	804	741	529	817	849	696	246	434	385	521	473	332	386	100	303	70	238	71	235	70	240	51	208	67	218	57	195	77	201	78	193	69	200	67
64	170	1	2	119	0	1953125	12	0.0	0	0.99	0	0	V0.2	0	0	213	202	208	216	218	214	211	227	223	225	219	236	228	239	229	225	231	232	232	213	216	225	211	206	191	222	189	193	170	229	172	210	127	287	202	315	254	223	329	370	484	403	507	488	538	538	834	854	1000	627	961	672	813	404	884	805	647	282	393	393	540	279	498	156	312	109	253	34	244	30	239	37	223	44	216	39	210	50	206	57	199	51	206	61	194
64	170	1	2	119	0	1953125	12	0.0	0	0.99	0	0	V0.2	0	0	168	250	160	258	184	241	206	224	247	193	268	168	295	164	283	186	259	234	212	257	167	279	138	275	115	262	147	227	174	201	224	152	247	122	382	71	347	235	328	419	374	588	286	654	316	758	679	1000	910	699	999	655	800	420	891	783	671	288	375	468	371	566	296	345	252	156	240	88	230	39	249	50	207	99	183	155	137	174	106	197	68	204	57	202	114
64	170	1	2	119	0	1953125	12	0.0	0	0.99	0	0	V0.2	0	0	251	158	253	163	263	156	263	163	275	170	270	171	280	184	269	193	263	208	247	210	226	216	220	221	194	216	184	234	163	225	157	232	160	260	189	381	41	349	100	519	249	558	294	639	337	686	687	1000	860	714	907	728	743	450	860	828	622	287	399	363	559	269	479	196	253	195	201	131	192	155	172	165	148	165	137	172	120	173	118	175	106	182	91	196	70
64	170	1	2	119	0	1953125	12	0.0	0	0.99	0	0	V0.2	0	0	244	159	247	159	254	159	257	159	266	162	271	159	276	160	283	145	285	142	284	136	265	132	270	116	255	107	255	92	259	88	257	92	236	124	355	107	337	50	416	196	573	246	577	300	646	367	909	761	1000	689	882	737	744	447	833	756	685	165	477	322	542	391	382	337	156	270	143	206	134	196	147	204	119	173	137	187	124	161	141	160	138	157	134	171	124
64	170	1	2	119	0	1953125	12	0.0	0	0.99	0	0	V0.2	0	0	211	196	207	207	214	207	208	220	221	218	216	225	225	228	227	215	231	223	229	204	211	215	209	198	188	211	190	188	166	221	168	206	125	286	209	311	253	215	334	368	489	408	503	473	545	538	846	850	999	633	965	658	786	381	878	790	644	237	409	396	571	293	509	172	313	117	251	48	242	41	237	49	216	47	216	47	206	47	202	58	195	50	207	61	190
64	170	1	2	119	0	1953125	12	0.0	0	0.99	0	0	V0.2	0	0	161	224	158	240	160	237	153	257	160	253	155	263	160	269	150	267	156	272	142	256	147	262	127	247	115	258	104	238	69	263	59	237	52	305	67	374	86	318	146	476	286	518	298	603	336	662	627	1000	774	767	769	795	602	552	692	955	451	396	213	532	385	418	413	229	297	89	218	114	209	109	195	108	191	98	175	104	174	112	163	114	156	123	165	106	161
64	170	1	2	119	0	1953125	12	0.0	0	0.99	0	0	V0.2	0	0	177	230	175	244	175	242	170	260	179	258	172	269	178	273	169	271	176	277	167	258	164	263	147	250	130	257	125	239	88	265	82	239	54	311	69	377	126	303	185	474	329	500	339	595	362	644	665	999	839	752	843	794	663	523	752	948	486	404	252	517	409	387	445	200	314	53	236	90	226	87	217	83	204	83	194	87	190	97	180	101	174	108	185	93	179
64	170	1	2	119	0	1953125	12	0.0	0	0.99	0	0	V0.2	0	0	185	220	180	236	185	232	178	250	187	249	180	258	188	263	182	257	189	263	183	243	174	255	162	238	143	250	135	231	99	263	103	238	56	323	113	381	174	301	244	465	389	511	407	583	427	650	748	1000	937	766	919	742	709	475	795	889	542	335	306	495	503	387	504	199	343	56	257	55	243	48	232	46	221	47	208	52	203	66	193	73	189	77	195	64	190
64	170	1	2	119	0	1953125	12	0.0	0	0.99	0	0	V0.2	0	0	229	149	228	155	238	153	236	155	250	157	248	155	259	154	262	141	264	142	263	129	245	133	250	118	233	116	231	100	231	113	239	104	208	165	327	153	327	65	405	205	553	266	575	310	619	373	887	730	1000	645	885	669	742	392	820	709	671	135	434	299	558	347	424	296	200	241	164	172	156	161	165	169	141	145	149	153	140	131	146	135	146	126	144	142	132
64	170	1	2	119	0	1953125	12	0.0	0	0.99	0	0	V0.2	0	0	152	217	156	224	157	219	164	230	165	230	167	239	170	240	163	247	162	245	151	236	157	229	150	220	151	211	143	205	155	197	153	181	178	196	248	294	161	302	199	433	317	495	329	557	401	622	613	1000	678	876	588	900	461	647	551	961	423	398	234	528	310	521	234	373	148	244	78	226	74	216	53	219	64	186	51	200	56	182	48	187	55	186	48	182	64
64	170	1	2	119	0	1953125	12	0.0	0	0.99	0	0	V0.2	0	0	200	231	192	245	195	242	187	260	202	258	194	267	202	274	197	265	204	273	194	252	189	263	173	245	157	255	153	234	116	267	115	244	67	327	119	380	181	295	252	460	398	498	417	585	444	643	771	1000	953	733	938	775	769	505	848	939	582	372	334	502	502	360	501	175	335	45	262	44	252	42	240	40	228	47	218	51	212	69	204	77	196	81	204	68	196
64	170	1	2	119	0	1953125	12	0.0	0	0.99	0	0	V0.2	0	0	228	155	229	158	237	157	238	161	250	164	249	161	259	162	263	145	267	146	265	136	244	139	251	122	234	121	235	105	229	120	236	116	204	172	316	161	319	63	400	209	547	252	563	309	611	366	883	726	1000	625	896	660	757	385	837	702	676	145	455	291	550	335	425	286	205	228	176	162	164	154	173	161	149	138	159	145	148	125	155	123	152	121	152	138	139
64	170	1	2	119	0	1953125	12	0.0	0	0.99	0	0	V0.2	0	0	164	224	160	238	160	233	156	250	165	248	157	262	165	263	153	264	161	267	150	251	150	255	130	243	116	256	107	232	69	262	62	236	41	312	72	374	100	324	176	478	316	539	337	604	367	667	666	1000	810	779	822	798	639	551	736	937	473	378	254	519	429	413	438	222	306	82	233	98	220	92	207	93	199	81	184	91	182	97	169	102	163	107	175	93	168
64	170	1	2	119	0	1953125	12	0.0	0	0.99	0	0	V0.2	0	0	160	228	159	242	157	239	153	256	161	252	153	267	161	269	147	270	154	274	141	258	144	263	122	247	114	256	104	237	69	258	58	237	57	299	62	366	75	321	140	481	276	519	286	605	327	662	619	1000	746	764	761	830	606	575	691	961	438	424	220	532	370	418	399	228	283	95	212	125	205	119	190	117	185	105	170	115	168	117	156	119	153	124	162	111	158
64	170	1	2	119	0	1953125	12	0.0	0	0.99	0	0	V0.2	0	0	95	11	91	15	95	16	89	31	86	31	89	47	80	53	96	64	91	72	111	62	99	70	118	63	123	73	135	57	153	79	167	57	162	120	285	187	288	178	357	344	500	404	497	494	543	572	807	1000	873	849	785	914	645	618	728	987	543	401	315	535	443	460	399	260	231	109	171	98	169	83	160	77	139	47	126	60	113	51	104	58	96	65	88	64	70
64	170	1	2	119	0	1953125	12	0.0	0	0.99	0	0	V0.2	0	0	241	197	247	195	258	195	262	191	274	197	274	192	287	193	286	192	286	187	288	181	271	164	279	156	265	125	268	130	274	75	283	84	279	20	399	99	346	152	423	259	582	321	593	373	678	440	943	866	1000	801	856	846	758	543	845	858	722	212	481	375	562	454	381	378	140	297	137	228	134	215	149	225	126	188	149	196	140	170	155	169	159	161	153	173	149
64	170	1	2	119	0	1953125	12	0.0	0	0.99	0	0	V0.2	0	0	70	60	61	60	63	62	59	70	61	60	62	69	66	59	86	69	87	58	111	57	99	47	122	48	121	50	134	65	149	69	156	70	157	108	262	228	218	258	266	410	394	468	398	551	450	610	726	1000	848	808	806	839	669	535	769	914	576	327	362	459	503	379	429	236	214	137	164	104	148	109	137	119	102	92	96	102	76	87	76	84	71	87	68	72	56
64	170	1	2	119	0	1953125	12	0.0	0	0.99	0	0	V0.2	0	0	197	231	191	247	197	244	187	263	201	259	190	271	202	277	191	272	201	276	194	258	189	267	173	250	154	262	149	241	109	278	107	251	61	330	105	385	166	305	244	472	387	510	406	596	433	655	750	1000	926	755	940	792	751	504	832	935	552	376	329	519	493	374	497	183	339	43	262	54	252	54	242	52	229	58	216	58	214	77	203	86	195	88	207	75	195
64	170	1	2	119	0	1953125	12	0.0	0	0.99	0	0	V0.2	0	0	166	231	165	246	163	242	161	260	166	257	159	270	166	273	156	273	163	276	151	261	153	268	130	252	120	259	111	240	72	267	66	242	56	312	58	373	80	322	152	479	282	523	301	605	332	662	627	1000	767	769	796	826	623	561	715	966	457	412	245	544	391	416	417	222	301	90	227	116	217	109	204	109	197	99	182	107	180	114	166	118	163	124	170	108	167
64	170	1	2	119	0	1953125	12	0.0	0	0.99	0	0	V0.2	0	0	159	227	157	242	155	238	153	254	160	252	152	265	158	268	148	269	152	274	139	257	144	263	123	247	112	255	101	238	68	260	55	240	62	299	68	370	62	325	136	484	272	526	282	603	314	661	592	1000	747	796	770	833	595	573	669	947	427	418	215	540	368	437	395	247	291	109	214	128	205	124	189	125	184	108	171	119	171	121	156	128	148	131	159	115	156
64	170	1	2	119	0	1953125	12	0.0	0	0.99	0	0	V0.2	0	0	221	211	217	226	226	222	218	239	231	237	224	245	235	248	233	235	243	242	237	224	223	235	218	216	193	233	194	203	165	241	171	225	119	306	203	328	248	237	334	395	482	432	506	514	547	567	861	883	1000	644	992	710	831	425	932	856	667	293	428	427	575	300	518	151	321	97	268	28	251	28	248	35	229	39	227	38	215	49	212	57	209	54	215	63	202
64	170	1	2	119	0	1953125	12	0.0	0	0.99	0	0	V0.2	0	0	215	237	213	252	215	248	208	268	222	265	212	276	224	278	218	271	228	278	220	259	209	270	200	250	177	265	177	237	141	272	139	253	88	334	150	375	216	287	295	460	444	491	459	587	496	643	831	985	987	708	1000	784	821	500	916	951	625	373	377	497	545	341	528	157	345	51	276	27	266	21	257	18	244	40	234	39	228	62	219	73	211	72	222	68	209
64	170	1	2	119	0	1953125	12	0.0	0	0.99	0	0	V0.2	0	0	178	226	175	245	174	242	168	258	181	254	171	266	179	273	170	267	176	274	167	256	166	265	146	247	128	261	124	238	85	267	82	241	47	317	75	378	131	315	196	475	337	517	349	594	369	656	678	1000	852	759	860	793	676	518	743	920	478	374	250	520	436	397	460	204	320	53	238	84	229	82	220	79	210	77	197	83	193	93	182	99	174	105	184	89	180
64	170	1	2	119	0	1953125	12	0.0	0	0.99	0	0	V0.2	0	0	184	230	182	248	181	245	175	261	185	261	176	270	188	276	174	273	186	279	174	260	170	267	155	248	139	265	129	239	94	273	89	247	50	323	83	379	144	312	214	480	353	523	378	614	401	663	715	1000	866	751	886	800	703	533	801	951	515	381	289	523	457	391	473	192	324	52	249	76	240	75	228	72	216	71	201	77	201	87	187	95	183	99	192	86	187
64	170	1	2	119	0	1953125	12	0.0	0	0.99	0	0	V0.2	0	0	163	223	163	238	162	237	155	254	163	248	157	263	164	264	152	264	160	268	148	252	149	259	129	244	115	253	108	232	69	262	61	236	48	308	67	375	101	318	160	471	300	522	316	600	345	663	639	1000	795	774	796	790	623	529	689	907	438	366	222	525	404	419	431	227	306	82	224	104	215	100	201	99	195	89	181	98	180	104	164	109	160	113	169	98	163
64	170	1	2	119	0	1953125	12	0.0	0	0.99	0	0	V0.2	0	0	188	229	186	246	186	242	180	261	194	258	182	271	191	272	184	270	192	271	182	255	179	265	162	246	145	260	138	240	100	272	99	244	52	328	100	384	161	311	228	470	380	523	400	601	425	660	727	1000	920	763	909	783	736	510	812	914	539	354	291	510	477	387	492	194	339	50	253	58	242	59	233	56	224	56	207	62	204	75	192	83	186	87	199	74	190
64	170	1	2	119	0	1953125	12	0.0	0	0.99	0	0	V0.2	0	0	173	231	169	245	169	242	164	261	171	259	163	271	171	273	161	272	168	274	157	261	156	266	138	250	123	259	116	241	79	265	71	243	48	309	63	379	104	314	174	475	313	519	333	613	359	655	647	1000	811	763	826	816	662	556	746	953	471	404	235	519	391	399	422	207	305	69	227	98	221	95	207	95	199	89	186	96	184	103	169	109	164	113	174	99	172
64	170	1	2	119	0	1953125	12	0.0	0	0.99	0	0	V0.2	0	0	167	223	163	238	164	235	159	250	168	248	160	258	169	265	155	264	164	267	153	251	153	257	135	243	119	250	112	232	76	258	69	235	46	305	70	378	114	311	175	467	313	514	329	596	357	655	650	1000	828	768	818	775	637	519	706	907	457	371	227	509	415	406	438	217	310	66	227	93	219	91	205	89	199	80	184	88	182	96	168	103	162	108	173	90	166
64	170	1	2	119	0	1953125	12	0.0	0	0.99	0	0	V0.2	0	0	143	223	146	234	140	234	143	246	145	244	142	256	145	259	132	264	133	264	121	251	130	250	111	239	107	241	95	229	84	239	74	216	105	258	133	350	50	325	105	474	239	523	252	598	299	648	543	1000	668	839	668	871	491	604	578	948	364	404	156	529	294	473	315	302	243	166	167	170	157	164	140	166	140	145	126	155	126	153	110	153	107	156	111	146	118
64	170	1	2	119	0	1953125	12	0.0	0	0.99	0	0	V0.2	0	0	174	231	171	246	171	244	166	262	175	258	168	271	176	276	165	272	171	279	161	260	158	267	145	250	124	259	120	242	79	269	73	246	46	313	67	381	114	316	185	486	326	520	338	610	374	659	670	1000	821	763	850	830	673	543	759	961	487	401	274	527	422	396	440	207	309	67	237	94	229	86	213	88	205	84	192	90	188	98	176	104	169	107	180	93	174
64	170	1	2	119	0	1953125	12	0.0	0	0.99	0	0	V0.2	0	0	170	227	166	243	165	241	160	256	169	252	161	264	169	267	159	267	166	273	154	255	156	264	135	247	120	259	113	239	73	264	69	243	47	314	65	380	101	319	171	480	306	522	311	600	346	662	646	1000	800	773	817	800	629	529	699	926	456	387	241	534	417	418	439	224	311	78	233	104	224	100	209	98	202	90	188	96	187	106	172	112	165	116	178	101	172
64	170	1	2	119	0	1953125	12	0.0	0	0.99	0	0	V0.2	0	0	147	223	147	236	144	231	144	248	147	244	143	258	146	260	135	264	140	265	123	253	133	255	112	241	107	249	93	231	75	249	61	226	92	285	109	363	43	332	106	476	248	538	257	600	304	668	562	1000	687	822	689	832	505	578	606	944	379	388	161	545	332	475	355	284	263	146	186	157	176	151	161	151	161	132	141	143	143	139	129	144	127	147	133	136	132
64	170	1	2	119	0	1953125	12	0.0	0	0.99	0	0	V0.2	0	0	146	226	150	235	148	233	152	245	153	244	152	255	157	256	145	264	145	261	132	254	142	248	127	238	128	237	115	227	117	228	110	208	142	238	183	327	94	320	127	457	249	505	250	580	328	634	549	1000	627	833	587	885	458	634	548	968	366	410	175	526	259	496	254	331	197	203	121	202	115	195	98	197	105	172	89	184	95	173	82	176	84	175	83	170	93
64	170	1	2	119	0	1953125	12	0.0	0	0.99	0	0	V0.2	0	0	88	33	82	32	85	37	81	46	79	40	80	53	76	53	94	61	93	61	115	52	105	52	125	38	128	46	142	36	160	49	172	32	167	87	284	189	270	213	325	370	460	438	451	524	497	587	752	1000	845	836	782	884	639	593	732	954	532	364	296	479	447	409	416	227	230	98	175	74	165	73	157	80	130	56	120	73	105	62	96	66	86	71	82	66	62
64	170	1	2	119	0	1953125	12	0.0	0	0.99	0	0	V0.2	0	0	150	226	151	238	147	237	146	251	151	249	146	262	151	263	138	266	141	268	127	256	135	257	114	242	109	249	96	235	73	247	63	226	85	275	100	362	38	326	103	475	239	518	247	595	280	641	548	1000	692	806	695	842	519	577	586	937	362	397	146	518	297	448	338	272	262	131	181	152	176	148	158	149	158	131	142	142	143	141	129	144	127	149	132	137	134
64	170	1	2	119	0	1953125	12	0.0	0	0.99	0	0	V0.2	0	0	143	223	145	234	140	231	141	246	143	243	141	256	145	258	133	263	135	263	122	251	130	251	112	239	106	244	96	228	85	240	75	218	106	263	133	351	51	328	105	475	241	527	246	587	292	646	543	1000	660	833	666	866	485	595	565	945	355	394	148	530	294	475	312	305	240	167	163	174	156	166	135	165	140	144	122	158	126	153	108	154	108	160	112	146	118
64	170	1	2	119	0	1953125	12	0.0	0	0.99	0	0	V0.2	0	0	150	222	149	234	145	234	144	249	149	248	144	259	149	261	136	263	141	266	127	253	133	258	112	241	105	247	94	231	68	251	55	231	78	283	94	364	43	326	115	482	255	534	263	600	299	657	568	1000	706	813	717	844	551	586	614	937	394	403	172	527	333	453	362	274	273	134	194	147	184	139	168	143	166	123	150	135	150	134	137	138	131	141	139	128	141
64	170	1	2	119	0	1953125	12	0.0	0	0.99	0	0	V0.2	0	0	169	230	168	244	166	243	163	258	170	257	162	270	169	272	159	272	165	276	154	260	155	267	135	249	123	260	112	240	77	264	67	244	49	312	64	378	101	321	163	483	304	529	317	611	349	663	644	1000	799	774	820	820	643	552	726	950	465	400	238	528	409	410	431	220	308	78	231	105	223	101	209	99	200	93	186	99	185	108	169	112	163	119	172	102	172
64	170	1	2	119	0	1953125	12	0.0	0	0.99	0	0	V0.2	0	0	157	229	154	244	153	242	149	259	155	256	150	267	155	271	141	272	147	275	134	260	139	264	117	250	108	257	98	241	68	258	57	235	70	288	76	363	48	322	116	486	253	521	257	600	293	644	566	1000	710	797	737	856	567	584	647	968	406	427	184	535	326	438	364	256	272	119	196	144	189	136	175	137	171	123	156	133	154	135	141	138	136	143	145	126	144
64	170	1	2	119	0	1953125	12	0.0	0	0.99	0	0	V0.2	0	0	150	224	149	239	145	235	146	249	150	248	143	261	149	263	137	267	139	270	125	255	135	255	115	243	105	249	94	231	74	249	62	225	89	274	102	357	38	325	109	480	242	519	249	599	289	644	555	1000	686	811	703	854	526	580	599	946	374	409	165	533	309	453	342	276	258	137	183	154	174	148	159	150	158	133	143	142	143	142	128	142	126	150	133	135	135
64	170	1	2	119	0	1953125	12	0.0	0	0.99	0	0	V0.2	0	0	172	227	168	244	168	239	162	256	172	254	164	269	172	271	162	268	168	273	159	255	157	263	138	247	123	261	115	236	76	266	69	240	48	311	65	375	106	315	176	487	321	528	332	607	367	661	665	1000	812	773	848	818	654	535	740	950	472	393	261	530	423	409	441	216	310	74	234	98	224	94	213	90	204	86	190	91	187	98	176	104	170	110	179	96	174
64	170	1	2	119	0	1953125	12	0.0	0	0.99	0	0	V0.2	0	0	145	223	144	237	143	234	142	251	146	247	142	259	145	261	134	264	137	266	121	255	128	254	111	242	107	246	91	233	79	242	67	225	94	266	120	351	39	321	102	475	235	514	240	594	288	643	550	1000	664	812	670	857	506	593	583	955	360	408	159	531	291	458	317	283	244	151	166	163	160	159	143	159	146	140	129	151	130	147	117	150	111	154	120	140	121
64	170	1	2	119	0	1953125	12	0.0	0	0.99	0	0	V0.2	0	0	151	226	151	239	150	236	147	254	151	250	148	263	150	266	137	268	145	271	129	256	136	260	113	246	106	252	97	235	70	254	58	231	81	280	89	362	41	323	110	483	254	525	256	596	291	645	559	1000	701	806	726	859	551	586	628	952	379	415	184	534	321	448	354	268	268	132	191	147	183	142	167	143	164	129	150	137	148	136	136	138	134	145	140	129	140
64	170	1	2	119	0	1953125	12	0.0	0	0.99	0	0	V0.2	0	0	144	219	143	233	140	229	140	245	145	241	140	253	144	256	130	257	139	260	121	247	129	249	108	237	101	244	89	225	63	247	51	223	76	284	98	364	56	329	122	475	264	538	275	592	308	661	578	1000	722	820	728	826	549	567	618	925	391	377	178	529	356	456	372	276	276	132	194	140	184	136	169	135	169	117	150	129	152	125	136	131	131	132	138	121	140
64	170	1	2	119	0	1953125	12	0.0	0	0.99	0	0	V0.2	0	0	145	220	145	233	143	231	140	247	145	243	139	258	143	260	132	262	136	265	121	252	130	253	108	240	100	246	88	232	62	248	49	227	71	282	94	365	53	325	119	473	254	527	266	595	307	655	573	1000	718	806	722	834	562	589	632	942	400	404	181	528	340	449	361	268	269	131	194	141	183	135	166	136	165	119	148	129	148	129	132	132	127	136	137	121	137
64	170	1	2	119	0	1953125	12	0.0	0	0.99	0	0	V0.2	0	0	159	224	155	240	156	236	151	253	159	249	151	262	160	266	146	266	153	271	140	254	143	262	125	246	113	255	103	237	69	256	61	237	59	297	67	373	74	320	130	473	273	521	282	592	311	651	597	1000	756	781	768	816	583	556	669	930	408	402	194	524	367	434	397	239	290	98	214	124	202	122	191	117	186	107	172	116	169	120	154	124	150	130	157	115	159
64	170	1	2	119	0	1953125	12	0.0	0	0.99	0	0	V0.2	0	0	215	229	208	243	215	240	206	258	222	256	214	265	224	272	219	262	226	269	223	249	210	260	200	241	179	253	179	228	145	266	143	247	97	324	158	367	224	277	300	443	452	486	475	572	502	616	831	967	1000	697	993	750	805	474	919	913	608	335	374	477	547	338	528	156	342	59	274	18	263	15	253	9	239	35	230	37	223	57	216	69	210	67	221	64	207
64	170	1	2	119	0	1953125	12	0.0	0	0.99	0	0	V0.2	0	0	225	189	219	200	228	198	224	209	237	209	234	213	243	215	247	201	249	208	251	191	231	200	231	183	211	191	211	168	194	198	198	189	155	259	242	269	283	166	358	312	508	341	519	421	558	459	863	793	1000	566	950	638	814	358	893	742	640	208	421	344	552	255	486	173	280	141	234	73	226	67	228	76	205	69	208	73	198	65	201	72	191	64	199	82	187
64	170	1	2	119	0	1953125	12	0.0	0	0.99	0	0	V0.2	0	0	82	45	76	42	78	46	73	56	74	49	74	60	74	52	91	62	94	57	113	49	102	41	124	35	126	40	139	40	159	47	169	41	164	86	277	196	245	223	301	385	428	442	426	539	473	593	740	1000	816	804	785	879	656	578	754	938	537	359	341	483	469	385	422	219	224	106	176	83	162	83	155	95	123	71	114	84	95	75	91	72	82	80	75	72	64
64	170	1	2	119	0	1953125	12	0.0	0	0.99	0	0	V0.2	0	0	248	162	248	162	258	162	259	163	271	167	272	160	281	163	286	148	287	147	287	138	268	135	273	121	256	110	256	95	257	90	264	92	238	132	353	107	340	46	417	187	570	241	585	306	647	358	924	762	1000	666	884	735	772	444	848	749	688	155	477	312	547	381	392	328	162	263	148	200	142	194	154	199	128	170	143	182	130	160	146	161	147	151	140	167	130
64	170	1	2	119	0	1953125	12	0.0	0	0.99	0	0	V0.2	0	0	175	228	173	245	174	239	166	260	177	256	168	268	177	272	166	268	175	273	164	256	162	266	147	248	128	258	124	237	81	269	79	244	47	317	71	384	124	317	189	478	334	525	348	603	377	655	673	1000	848	776	863	813	695	537	752	933	499	387	267	514	432	400	452	207	321	65	246	86	231	84	219	85	211	77	197	86	196	95	182	102	173	101	184	91	180
64	170	1	2	119	0	1953125	12	0.0	0	0.99	0	0	V0.2	0	0	219	203	215	218	223	213	217	226	231	227	223	234	234	236	234	225	238	231	238	214	222	224	216	203	196	217	195	191	171	226	175	214	125	287	202	310	251	215	329	365	483	397	499	473	538	524	840	851	1000	626	981	689	821	398	903	806	640	276	409	391	555	283	508	155	307	111	254	38	242	38	238	42	219	47	220	43	211	49	208	57	199	54	209	65	195
64	170	1	2	119	0	1953125	12	0.0	0	0.99	0	0	V0.2	0	0	192	238	188	252	190	251	184	267	197	267	186	277	195	281	187	277	197	282	185	264	181	273	167	255	150	268	141	241	104	277	97	251	59	329	90	379	152	312	223	478	361	521	389	616	418	664	739	1000	882	737	906	813	729	545	841	971	532	397	299	523	472	379	475	178	323	43	253	73	247	68	234	67	223	67	212	71	209	85	198	90	190	99	200	81	193
64	170	1	2	119	0	1953125	12	0.0	0	0.99	0	0	V0.2	0	0	51	80	41	80	40	82	39	84	44	78	49	82	58	73	77	84	86	76	103	80	92	72	113	85	107	88	118	111	129	116	134	120	130	158	229	280	172	301	240	460	387	505	401	578	464	629	771	1000	900	785	882	838	745	535	845	920	644	304	408	432	538	397	416	269	183	177	135	152	121	147	108	155	76	118	73	130	56	104	65	102	60	102	69	78	54
64	170	1	2	119	0	1953125	12	0.0	0	0.99	0	0	V0.2	0	0	41	85	31	85	34	88	30	85	38	81	44	82	58	76	72	85	84	81	96	86	84	80	103	96	99	98	107	121	118	129	121	135	116	168	217	294	163	310	242	464	382	498	402	568	459	618	779	1000	930	795	911	838	757	516	836	900	647	289	414	432	538	408	414	294	174	190	123	162	108	158	97	163	66	124	66	129	51	107	59	102	54	100	70	77	53
64	170	1	2	119	0	1953125	12	0.0	0	0.99	0	0	V0.2	0	0	211	202	204	216	216	212	208	227	222	224	215	232	227	235	225	223	230	226	228	212	213	222	209	205	185	218	186	195	160	231	164	213	117	290	196	325	250	227	331	385	484	416	500	488	531	539	830	869	1000	660	993	694	812	400	879	798	639	257	399	400	553	302	512	171	324	108	255	38	247	33	239	37	222	39	217	35	210	42	204	51	197	48	206	59	191
64	170	1	2	119	0	1953125	12	0.0	0	0.99	0	0	V0.2	0	0	209	233	204	249	209	246	200	264	215	262	205	272	215	276	208	269	217	275	210	255	201	267	191	247	170	262	166	239	134	272	133	249	85	330	128	383	210	299	283	453	426	489	439	572	453	627	786	1000	981	727	974	761	793	476	852	910	577	341	297	479	502	351	511	165	346	46	262	34	257	36	248	30	231	49	226	48	218	73	210	79	204	79	214	70	205
64	170	1	2	119	0	1953125	12	0.0	0	0.99	0	0	V0.2	0	0	216	176	214	185	223	182	219	190	234	191	230	193	239	197	242	182	246	187	246	171	226	179	228	162	211	172	209	153	194	177	203	164	162	240	259	249	296	145	364	276	515	322	531	372	554	421	842	753	1000	585	934	607	762	313	825	689	639	134	379	297	554	262	474	202	270	170	215	93	208	88	211	97	193	87	190	86	184	79	183	84	178	77	183	92	172
64	170	1	2	119	0	1953125	12	0.0	0	0.99	0	0	V0.2	0	0	234	155	233	158	243	158	243	162	256	161	256	160	266	159	269	145	272	146	271	136	252	136	255	121	242	116	238	100	239	106	244	103	217	153	332	137	334	44	399	187	551	235	564	292	610	341	883	723	1000	637	884	681	738	385	806	695	654	114	425	275	543	336	411	306	185	249	156	176	151	165	162	177	136	153	151	161	136	139	149	142	148	133	147	148	135
64	170	1	2	119	0	1953125	12	0.0	0	0.99	0	0	V0.2	0	0	229	175	226	182	235	182	233	188	248	189	245	189	255	193	257	176	261	182	263	166	241	173	244	155	225	162	225	140	213	165	217	155	183	223	275	219	303	113	376	251	524	276	545	355	589	395	878	734	1000	565	942	638	798	337	874	711	666	150	440	302	560	273	467	216	250	185	214	115	205	109	209	119	185	103	193	107	180	92	187	98	177	89	185	109	170
64	170	1	2	119	0	1953125	12	0.0	0	0.99	0	0	V0.2	0	0	85	41	77	41	80	44	76	52	73	46	75	57	74	51	92	63	94	61	113	48	104	45	125	35	130	41	139	35	160	45	168	36	163	83	279	196	255	219	307	381	438	439	429	525	470	575	734	1000	836	832	789	879	637	570	733	941	535	358	327	485	464	399	427	231	231	103	175	80	163	78	155	91	124	64	115	79	95	69	91	69	81	80	78	68	61
64	170	1	2	119	0	1953125	12	0.0	0	0.99	0	0	V0.2	0	0	219	180	216	195	224	191	218	202	235	200	227	204	242	207	239	192	248	197	247	179	229	192	227	172	205	185	208	159	191	191	198	174	156	253	248	258	283	162	359	298	510	341	528	401	567	459	867	781	1000	582	936	617	783	337	876	735	650	163	402	325	562	274	489	187	277	157	225	83	220	82	220	88	200	80	201	78	192	73	190	78	189	67	194	88	180
64	170	1	2	119	0	1953125	12	0.0	0	0.99	0	0	V0.2	0	0	94	28	87	28	88	31	87	41	83	37	84	52	79	51	98	62	96	64	115	53	106	57	126	43	127	51	144	39	163	51	172	32	167	91	283	181	274	198	333	359	467	410	453	510	500	563	760	1000	847	831	778	902	643	608	745	988	539	385	292	494	434	418	406	228	227	91	174	74	169	73	161	75	133	50	123	66	109	60	98	61	92	72	83	65	66
64	170	1	2	119	0	1953125	12	0.0	0	0.99	0	0	V0.2	0	0	225	167	224	176	233	176	230	181	245	182	241	182	251	185	255	169	258	173	259	156	239	164	242	146	222	153	224	130	212	153	218	142	182	209	280	202	306	99	384	234	531	271	545	328	578	373	859	722	1000	580	917	611	762	332	838	689	658	127	400	266	545	276	447	229	240	198	198	121	194	117	196	124	176	107	179	113	172	98	177	100	170	96	174	113	162
64	170	1	2	119	0	1953125	12	0.0	0	0.99	0	0	V0.2	0	0	220	173	217	183	225	181	220	191	238	190	231	191	245	194	245	178	251	184	249	167	229	176	231	158	209	170	213	144	197	173	206	158	162	233	260	235	293	136	370	273	516	305	534	363	562	413	849	744	1000	583	936	615	765	323	841	696	638	146	397	293	546	265	468	207	260	173	213	99	202	94	209	102	187	87	194	91	179	80	186	84	175	77	183	97	169
64	170	1	2	119	0	1953125	12	0.0	0	0.99	0	0	V0.2	0	0	228	170	226	178	234	177	233	184	247	185	242	184	254	189	255	173	258	177	262	161	240	166	244	151	222	156	225	133	212	161	220	149	181	217	280	213	305	108	383	249	530	278	546	346	586	388	869	726	1000	577	940	634	783	348	875	716	670	146	437	290	549	277	457	222	245	188	208	119	198	115	202	123	181	103	187	110	175	94	181	99	173	91	176	110	164
64	170	1	2	119	0	1953125	12	0.0	0	0.99	0	0	V0.2	0	0	217	188	214	199	224	196	217	208	233	207	227	211	238	214	238	200	246	204	245	188	226	198	226	178	205	191	204	168	183	200	193	185	145	260	233	271	274	174	358	321	509	353	522	416	555	467	857	792	1000	599	966	648	802	350	873	745	647	194	417	342	559	273	492	181	288	143	237	72	227	71	227	75	206	69	205	69	196	62	196	68	189	61	197	77	181
64	170	1	2	119	0	1953125	12	0.0	0	0.99	0	0	V0.2	0	0	227	176	224	184	235	182	231	191	248	190	241	192	252	194	253	180	259	182	260	166	237	178	242	157	222	166	222	141	206	172	216	157	175	230	273	223	298	124	383	263	528	298	544	359	585	414	883	744	1000	582	952	643	799	338	869	724	677	153	439	310	565	281	468	214	255	183	214	111	205	109	206	116	186	102	189	104	182	89	184	94	180	86	184	105	171
64	170	1	2	119	0	1953125	12	0.0	0	0.99	0	0	V0.2	0	0	210	229	204	244	211	242	202	260	215	257	209	267	218	272	213	262	220	268	215	248	204	260	194	241	172	257	170	229	132	269	137	240	87	324	141	373	210	281	288	453	438	479	449	564	469	619	802	979	994	734	1000	768	795	454	866	903	598	342	356	487	525	349	520	165	341	53	264	26	253	24	247	18	232	37	224	33	219	59	210	68	205	65	214	61	201
64	170	1	2	119	0	1953125	12	0.0	0	0.99	0	0	V0.2	0	0	209	218	207	233	210	232	201	244	219	243	210	253	221	256	216	247	225	251	221	234	206	244	200	226	177	241	176	218	143	257	149	232	96	315	164	357	230	270	310	425	459	467	477	532	491	586	812	931	1000	702	999	726	797	420	865	850	617	282	368	443	546	328	523	165	347	76	269	6	255	1	249	6	234	31	228	28	221	48	216	62	206	61	215	56	204
64	170	1	2	119	0	1953125	12	0.0	0	0.99	0	0	V0.2	0	0	217	169	212	178	223	174	219	185	233	184	229	186	239	188	241	175	244	179	244	163	227	172	228	154	210	163	208	145	197	173	205	158	164	232	262	238	294	137	369	269	515	306	530	362	566	415	848	743	1000	597	937	624	767	326	824	674	645	142	417	300	564	279	470	217	271	175	218	108	207	102	208	108	188	95	190	99	180	84	181	88	178	79	182	99	168
64	170	1	2	119	0	1953125	12	0.0	0	0.99	0	0	V0.2	0	0	213	195	209	208	215	206	210	217	225	216	217	221	231	224	228	211	236	218	235	201	216	213	214	195	190	210	191	186	167	222	176	204	129	286	212	308	264	217	345	361	494	409	510	459	541	522	842	836	999	635	971	659	794	371	868	758	634	215	404	375	571	293	510	170	314	121	252	49	237	47	235	52	218	50	211	51	205	50	203	58	194	52	203	65	190
64	170	1	2	119	0	1953125	12	0.0	0	0.99	0	0	V0.2	0	0	221	187	218	196	227	195	221	205	238	205	234	209	244	212	243	198	248	205	248	186	231	197	229	179	210	190	209	165	190	196	199	182	157	256	248	267	289	177	363	305	510	353	534	419	573	470	871	781	1000	581	956	637	808	363	892	741	670	193	419	328	565	267	486	176	281	151	238	82	225	77	224	84	206	76	206	75	197	70	199	74	188	67	197	83	184
64	170	1	2	119	0	1953125	12	0.0	0	0.99	0	0	V0.2	0	0	94	23	92	25	95	23	95	32	91	36	91	50	80	63	92	76	86	95	98	89	83	102	96	99	100	115	113	108	128	126	143	111	135	170	250	229	290	174	380	337	529	380	535	469	580	529	870	971	929	824	839	932	694	637	770	1000	577	399	328	533	420	497	348	303	196	150	137	146	144	124	138	111	130	74	116	78	112	61	102	63	97	68	96	61	71
64	170	2	2	119	0	1953125	12	0.0	0	0.99	0	0	V0.2	0	0	87	36	80	34	84	37	80	45	76	41	80	53	76	51	95	63	93	61	114	50	103	50	124	35	127	46	140	33	161	51	173	33	165	84	284	192	274	216	325	371	461	443	448	516	485	575	740	1000	846	848	793	882	624	571	703	928	513	343	285	479	457	412	420	235	236	99	172	74	164	71	156	80	130	56	120	69	103	62	94	63	84	73	79	67	61
64	170	2	2	119	0	1953125	12	0.0	0	0.99	0	0	V0.2	0	0	43	84	35	85	35	86	34	87	40	84	47	82	57	77	77	85	84	80	98	83	90	81	105	93	105	97	107	119	125	127	131	132	119	166	221	296	172	306	241	468	391	509	407	579	458	614	775	1000	926	795	914	858	768	533	841	895	641	292	414	426	531	397	415	287	180	194	129	160	113	156	100	162	68	123	67	133	53	109	60	104	57	102	69	82	56
64	170	2	2	119	0	1953125	12	0.0	0	0.99	0	0	V0.2	0	0	183	230	178	251	178	245	172	263	185	261	173	273	184	276	173	273	182	280	172	260	167	269	153	250	133	264	129	241	86	277	84	248	53	318	70	385	134	316	206	483	347	524	362	607	376	642	678	1000	847	762	886	817	690	525	763	935	484	379	262	511	424	387	454	203	317	56	244	85	235	84	222	81	211	78	200	86	198	95	183	102	178	106	186	90	182
64	170	2	2	119	0	1953125	12	0.0	0	0.99	0	0	V0.2	0	0	76	52	66	53	68	57	67	62	65	55	67	64	68	55	87	68	90	57	110	50	101	44	122	40	124	44	134	51	155	57	161	56	158	98	269	217	231	251	284	409	422	472	411	543	454	605	724	1000	845	832	825	868	663	542	741	903	551	325	353	464	499	391	435	238	230	130	173	99	156	100	144	113	113	87	106	99	88	84	81	81	73	85	73	73	59
64	170	2	2	119	0	1953125	12	0.0	0	0.99	0	0	V0.2	0	0	165	227	166	244	163	240	158	258	165	257	158	269	166	271	152	272	160	275	147	258	151	265	131	248	117	262	108	237	70	266	60	241	53	308	60	374	82	325	151	483	291	536	300	603	332	664	626	1000	767	780	803	834	612	552	700	947	435	386	226	535	397	427	416	233	297	96	221	115	212	108	198	109	196	100	179	109	179	113	164	116	160	121	169	107	166
64	170	2	2	119	0	1953125	12	0.0	0	0.99	0	0	V0.2	0	0	221	207	215	222	224	219	217	232	230	231	224	235	239	241	235	228	239	238	236	215	222	229	216	206	196	220	197	194	171	231	176	212	128	294	200	316	253	218	334	363	479	395	488	477	525	528	841	860	1000	616	980	688	822	390	884	810	643	267	387	396	546	279	501	149	304	107	248	32	244	33	236	37	220	45	218	41	210	51	203	62	199	55	208	65	195
64	170	2	2	119	0	1953125	12	0.0	0	0.99	0	0	V0.2	0	0	74	62	64	60	66	62	60	69	60	61	64	70	68	57	87	69	92	59	111	58	103	46	122	46	125	50	135	64	155	67	163	72	156	104	266	228	220	261	274	418	407	481	397	551	444	601	717	1000	854	827	844	876	688	556	781	930	585	339	356	450	499	380	432	235	218	134	166	104	150	105	142	120	107	90	103	106	85	91	80	84	70	87	71	76	57
64	170	2	2	119	0	1953125	12	0.0	0	0.99	0	0	V0.2	0	0	172	229	168	247	169	242	164	262	172	259	163	270	172	274	159	273	169	275	157	261	157	267	138	249	122	262	115	240	76	270	66	246	47	314	64	377	109	322	178	487	315	531	328	608	354	661	658	1000	810	780	840	826	654	549	729	946	461	378	234	518	413	409	434	216	306	74	232	99	223	97	209	97	202	87	189	98	186	102	172	108	167	114	176	98	173
64	170	1	2	119	0	1953125	12	0.0	0	0.99	0	0	V0.2	0	0	189	236	183	254	185	252	180	268	191	264	183	275	191	281	181	278	189	284	179	262	177	270	161	255	143	267	136	245	98	275	92	251	60	319	65	380	144	314	211	480	344	510	356	599	370	646	686	1000	859	758	887	808	696	524	766	933	482	380	245	508	431	385	463	192	324	43	246	82	239	80	227	79	218	79	205	84	201	97	192	102	182	106	198	93	187
64	170	1	2	119	0	1953125	12	0.0	0	0.99	0	0	V0.2	0	0	91	22	84	22	89	26	85	37	81	33	86	52	79	50	92	60	92	67	112	53	100	58	124	45	123	56	139	42	157	59	170	37	164	98	280	178	280	198	345	357	483	420	472	507	513	571	767	1000	857	868	801	915	635	602	732	975	520	370	303	513	450	442	418	247	236	104	180	84	173	75	161	76	140	51	125	67	112	56	97	60	92	69	84	67	64
64	170	1	2	119	0	1953125	12	0.0	0	0.99	0	0	V0.2	0	0	178	229	175	246	177	241	172	260	180	257	173	271	183	273	170	272	180	273	169	258	167	265	147	250	133	262	127	241	87	270	84	241	53	319	70	382	131	325	198	475	329	523	346	587	364	655	676	1000	853	778	871	794	663	501	731	921	475	348	234	510	433	402	458	204	320	57	240	86	228	83	217	80	212	78	197	85	197	96	183	103	177	107	186	92	180
64	170	1	2	119	0	1953125	12	0.0	0	0.99	0	0	V0.2	0	0	189	235	185	250	185	247	184	262	192	262	187	273	191	276	183	273	192	278	184	262	179	270	161	252	146	263	137	243	99	274	94	247	59	324	78	387	146	319	218	475	357	519	373	591	389	647	696	999	897	782	920	813	714	508	786	933	514	362	276	510	458	395	478	196	336	52	253	70	245	68	230	71	223	69	210	74	208	88	194	93	190	99	200	83	192
64	170	1	2	119	0	1953125	12	0.0	0	0.99	0	0	V0.2	0	0	162	227	160	242	157	241	154	258	160	257	153	267	160	270	148	270	153	275	141	258	145	262	127	249	112	258	103	240	66	265	54	240	62	300	70	380	74	334	144	487	278	534	294	600	310	650	594	1000	764	815	797	841	606	557	670	939	426	388	200	523	377	440	402	248	297	108	221	122	208	119	194	120	188	105	174	112	173	117	160	123	154	127	161	112	159
64	170	1	2	119	0	1953125	12	0.0	0	0.99	0	0	V0.2	0	0	194	237	189	252	194	248	188	266	200	266	187	277	199	281	190	276	200	281	188	264	186	271	170	254	150	268	144	244	105	278	101	253	61	329	92	388	156	315	233	480	371	519	390	601	410	650	728	1000	901	761	934	819	740	517	824	955	549	380	307	514	478	388	486	187	336	46	263	67	251	64	238	61	227	63	215	71	211	84	200	93	189	95	203	80	197
64	170	1	2	119	0	1953125	12	0.0	0	0.99	0	0	V0.2	0	0	165	229	163	244	163	244	159	260	165	257	158	272	165	273	150	273	158	276	144	262	151	264	128	251	116	260	105	241	71	266	61	241	64	302	63	373	71	328	136	483	271	523	280	600	302	648	596	1000	745	788	782	843	597	561	664	947	410	399	192	528	363	429	397	238	290	99	216	128	205	124	191	120	188	110	173	120	174	123	159	128	152	131	160	115	161
64	170	1	2	119	0	1953125	12	0.0	0	0.99	0	0	V0.2	0	0	190	234	187	251	189	249	182	265	194	263	183	274	194	279	184	276	191	280	184	262	179	270	162	253	144	266	138	244	97	276	97	252	57	326	80	383	151	315	221	481	365	519	371	597	393	648	710	999	879	763	914	816	721	516	789	938	513	368	281	516	460	388	476	192	332	47	250	76	242	70	231	69	221	70	209	75	207	89	194	96	186	97	196	82	189
64	170	1	2	119	0	1953125	12	0.0	0	0.99	0	0	V0.2	0	0	168	229	163	246	163	240	160	260	165	256	160	268	166	273	153	272	161	274	149	259	152	265	130	250	117	260	107	242	70	266	61	241	56	302	60	380	85	325	153	484	292	522	295	590	315	645	602	1000	784	806	816	842	630	542	675	930	431	390	210	525	376	425	410	238	305	93	224	116	211	110	196	112	194	102	181	109	177	114	165	115	162	123	168	106	165
64	170	1	2	119	0	1953125	12	0.0	0	0.99	0	0	V0.2	0	0	172	227	169	244	166	240	163	257	171	253	162	268	169	271	160	267	170	272	157	255	159	260	137	248	122	257	113	237	75	267	68	241	48	315	67	380	106	330	177	479	313	536	332	593	353	661	653	1000	819	796	846	814	639	524	723	924	453	356	236	519	421	417	438	222	312	79	234	97	219	94	208	94	202	86	188	92	186	101	170	105	168	111	176	95	172
64	170	1	2	119	0	1953125	12	0.0	0	0.99	0	0	V0.2	0	0	207	234	205	250	209	247	201	261	216	261	208	273	218	276	211	268	218	273	212	255	204	264	191	247	168	262	165	236	129	274	133	249	82	335	140	385	207	300	284	458	437	511	453	581	477	641	817	1000	993	741	990	776	796	486	895	939	605	332	345	487	539	360	522	169	345	55	270	26	259	27	250	23	239	36	228	39	220	60	210	72	206	71	215	64	205
64	170	1	2	119	0	1953125	12	0.0	0	0.99	0	0	V0.2	0	0	87	38	80	36	84	40	77	50	75	45	78	55	74	50	89	61	94	57	112	48	104	46	126	35	129	40	140	33	162	46	171	32	165	82	281	186	261	218	315	372	445	436	428	508	467	574	734	1000	836	841	793	891	633	577	743	966	540	360	314	489	461	406	421	226	231	101	175	75	165	77	161	85	128	62	118	77	102	67	93	70	88	74	80	70	64
64	170	1	2	119	0	1953125	12	0.0	0	0.99	0	0	V0.2	0	0	198	227	192	245	197	239	190	256	202	256	192	264	205	271	195	264	203	270	198	247	190	260	176	240	152	255	150	233	113	268	118	245	65	327	120	388	192	302	264	464	417	509	427	570	433	624	760	1000	971	768	974	767	753	470	821	887	564	325	301	479	515	379	515	193	350	52	259	40	250	39	240	37	228	44	217	45	211	65	201	74	192	74	206	65	195
64	170	1	2	119	0	1953125	12	0.0	0	0.99	0	0	V0.2	0	0	187	231	180	245	181	244	177	257	188	257	178	270	187	273	177	267	186	273	176	257	172	264	158	250	136	261	133	243	91	273	92	246	56	321	80	387	152	323	220	476	361	528	377	594	391	647	707	1000	888	780	908	803	720	519	793	928	514	353	286	506	459	393	472	198	332	55	255	72	243	71	230	69	221	66	206	73	204	85	195	94	185	97	195	85	188
64	170	1	2	119	0	1953125	12	0.0	0	0.99	0	0	V0.2	0	0	189	230	185	244	186	244	181	260	192	257	185	267	194	274	183	269	192	274	183	257	176	267	161	246	142	264	138	241	97	276	95	249	56	328	96	391	165	319	232	476	380	534	395	600	413	653	735	1000	903	767	916	788	730	511	812	922	527	346	299	506	482	386	488	193	333	46	256	63	245	64	236	61	223	60	212	64	206	81	198	87	186	94	199	79	192
64	170	1	2	119	0	1953125	12	0.0	0	0.99	0	0	V0.2	0	0	211	228	208	243	213	242	204	256	221	258	209	264	223	269	218	259	224	267	218	248	207	259	199	238	179	253	175	229	141	261	144	242	98	323	151	371	229	276	292	429	448	472	455	556	472	601	815	970	1000	699	977	739	808	456	875	884	596	304	332	466	525	329	520	157	343	64	262	17	255	17	249	10	233	40	227	36	220	60	211	68	203	68	215	67	204
64	170	1	2	119	0	1953125	12	0.0	0	0.99	0	0	V0.2	0	0	88	35	81	38	84	37	82	51	77	43	79	55	76	53	95	62	95	60	116	50	106	50	124	36	130	44	141	34	164	48	172	34	168	81	277	192	268	215	316	377	461	442	446	530	485	571	738	999	839	834	789	906	659	604	754	960	522	351	306	483	445	397	419	231	236	102	179	76	166	71	160	83	130	59	120	74	103	65	94	66	87	77	81	67	63
64	170	1	2	119	0	1953125	12	0.0	0	0.99	0	0	V0.2	0	0	216	236	208	252	215	248	207	263	220	263	213	273	220	279	217	268	223	276	219	258	207	266	197	248	176	260	175	237	143	273	138	250	100	323	144	382	221	288	294	457	452	493	465	583	484	618	816	987	992	717	1000	792	826	488	891	914	582	340	342	471	510	331	511	155	340	50	269	22	258	28	251	20	234	42	229	43	222	64	216	75	205	73	220	68	210
64	170	1	2	119	0	1953125	12	0.0	0	0.99	0	0	V0.2	0	0	83	45	75	49	79	49	70	56	70	51	74	62	74	58	90	63	93	59	114	49	104	43	126	34	129	39	141	42	161	46	170	44	164	84	274	202	244	236	302	392	427	452	425	546	469	596	737	1000	822	815	798	894	667	577	753	948	539	352	347	479	472	376	414	216	223	105	176	87	161	84	155	99	123	73	113	87	94	76	90	75	84	84	76	69	62
64	170	1	2	119	0	1953125	12	0.0	0	0.99	0	0	V0.2	0	0	177	231	172	247	174	244	168	260	177	257	168	271	176	274	167	272	173	275	164	258	161	266	145	249	125	262	121	242	77	271	74	246	50	313	61	386	118	320	191	489	336	528	335	597	357	643	657	1000	826	776	868	826	671	535	732	925	457	375	249	517	420	402	440	214	317	65	237	94	230	88	216	90	209	87	197	90	191	100	182	105	172	108	186	94	177
64	170	1	2	119	0	1953125	12	0.0	0	0.99	0	0	V0.2	0	0	212	234	209	252	212	247	205	265	217	264	209	273	221	279	215	270	224	277	217	258	205	267	197	247	171	265	169	237	134	275	136	250	90	333	143	381	219	299	295	462	445	506	459	586	482	640	825	994	991	732	1000	783	806	487	887	929	597	336	341	485	533	347	520	159	344	49	270	30	262	27	251	23	237	43	228	40	223	64	217	73	206	72	220	65	205
64	170	1	2	119	0	1953125	12	0.0	0	0.99	0	0	V0.2	0	0	162	226	158	241	159	237	154	255	161	251	155	264	160	269	149	266	157	271	145	255	148	260	129	245	114	255	104	237	65	260	62	236	54	298	61	373	94	323	151	476	287	515	291	588	315	639	611	1000	779	784	792	815	610	540	671	923	406	367	176	508	365	411	403	229	294	83	212	113	205	108	191	108	189	100	173	106	174	113	160	118	155	122	165	107	162
64	170	2	2	119	0	1953125	12	0.0	0	0.99	0	0	V0.2	0	0	90	29	83	28	85	34	84	44	81	39	84	53	77	52	95	64	94	64	112	51	105	53	124	43	129	51	141	37	161	52	173	32	165	89	283	185	279	211	334	363	468	429	462	518	501	572	756	1000	855	859	795	905	643	604	737	963	514	354	295	491	445	420	417	240	235	99	176	77	167	72	159	78	134	54	122	66	105	58	94	61	92	71	83	67	65
64	170	2	2	119	0	1953125	12	0.0	0	0.99	0	0	V0.2	0	0	84	45	88	42	88	39	90	43	89	48	86	59	80	70	82	88	82	100	80	106	75	114	78	122	82	134	93	136	101	159	122	140	106	209	229	257	275	201	378	360	542	411	566	486	616	553	913	967	972	838	892	931	745	643	816	1000	599	372	362	538	447	523	340	338	176	184	116	177	129	146	122	140	117	94	109	97	100	78	98	73	85	78	96	63	70
64	170	2	2	119	0	1953125	12	0.0	0	0.99	0	0	V0.2	0	0	142	223	145	234	139	231	143	247	142	245	143	257	143	259	133	263	135	263	122	253	130	251	112	239	108	243	96	229	88	238	82	217	114	255	142	341	57	331	108	467	241	516	243	588	297	646	549	1000	649	829	642	875	486	616	552	939	334	388	141	522	275	471	293	299	226	168	148	176	142	168	125	174	129	149	114	165	115	155	100	158	103	165	104	152	112
64	170	2	2	119	0	1953125	12	0.0	0	0.99	0	0	V0.2	0	0	165	231	163	244	163	241	158	260	166	258	159	269	166	274	153	272	162	278	147	260	152	264	133	249	121	261	110	242	73	266	65	243	59	301	52	376	89	329	148	480	288	520	289	589	308	644	598	1000	775	793	795	821	603	551	665	921	404	381	168	508	357	417	402	231	299	84	217	120	209	112	194	113	191	104	176	114	174	118	160	122	156	131	165	116	162
64	170	2	2	119	0	1953125	12	0.0	0	0.99	0	0	V0.2	0	0	156	225	154	239	152	237	150	255	152	253	149	263	153	265	142	267	147	271	136	257	139	262	119	247	110	253	100	237	71	256	61	233	74	291	80	368	57	331	116	472	253	525	264	587	288	650	569	1000	723	807	742	830	535	553	620	936	375	374	140	518	332	444	371	258	282	116	198	137	189	134	173	135	174	120	156	131	157	130	143	136	139	140	146	126	148
64	170	2	2	119	0	1953125	12	0.0	0	0.99	0	0	V0.2	0	0	205	235	201	250	203	251	195	266	211	263	201	276	209	280	204	273	211	280	204	259	196	269	184	253	163	264	159	241	127	273	120	254	74	334	116	384	193	300	259	460	409	504	424	585	444	644	777	1000	954	735	962	778	750	485	847	934	561	351	301	493	499	360	506	167	340	38	263	48	252	45	244	42	231	54	221	56	217	78	205	84	201	88	211	75	200
64	170	2	2	119	0	1953125	12	0.0	0	0.99	0	0	V0.2	0	0	209	236	207	252	210	248	203	265	218	263	208	278	216	281	210	270	218	279	212	259	204	268	190	249	171	263	168	238	133	275	128	252	81	333	127	382	209	291	272	456	424	491	438	572	449	629	790	1000	985	743	992	775	769	464	856	921	571	339	305	485	510	353	521	169	348	45	263	35	256	35	249	31	238	48	228	50	222	68	211	79	206	80	214	73	205
64	170	2	2	119	0	1953125	12	0.0	0	0.99	0	0	V0.2	0	0	205	233	198	249	203	246	196	264	210	261	201	271	208	278	202	268	211	275	205	256	197	267	184	247	163	261	158	237	125	273	122	250	74	328	117	381	196	298	266	455	409	491	428	576	435	625	769	1000	968	755	978	787	768	480	840	925	568	338	301	487	491	356	506	170	345	42	264	41	254	43	246	40	234	49	222	53	218	72	208	80	199	85	207	71	201
64	170	2	2	119	0	1953125	12	0.0	0	0.99	0	0	V0.2	0	0	149	225	150	238	147	235	146	253	147	250	143	261	148	265	137	265	140	269	128	256	134	259	115	245	105	250	94	236	69	254	60	229	86	277	99	364	42	329	105	475	241	522	250	589	279	643	550	1000	706	833	726	860	538	579	593	938	372	392	150	521	305	450	347	278	265	135	187	150	179	145	161	147	162	130	147	141	146	141	132	141	130	146	134	133	138
64	170	2	2	119	0	1953125	12	0.0	0	0.99	0	0	V0.2	0	0	180	229	176	246	180	241	173	262	180	260	173	270	182	274	172	271	181	276	171	258	170	264	150	250	134	259	126	239	88	272	84	246	51	321	72	380	130	317	201	476	343	524	359	597	384	654	690	1000	860	782	888	814	694	523	761	929	495	364	266	508	443	396	458	203	325	59	249	81	238	78	223	78	215	73	203	81	198	89	184	96	178	102	190	86	184
64	170	2	2	119	0	1953125	12	0.0	0	0.99	0	0	V0.2	0	0	175	232	170	248	169	245	163	261	176	260	165	272	173	276	161	274	172	279	158	264	159	267	140	250	125	264	119	241	78	272	70	246	53	313	57	377	106	325	171	478	310	524	323	602	349	659	651	1000	806	781	835	829	656	555	737	951	459	390	231	515	399	405	428	211	305	72	231	100	222	98	210	98	205	89	190	99	187	104	174	111	167	115	177	102	173
64	170	2	2	119	0	1953125	12	0.0	0	0.99	0	0	V0.2	0	0	95	23	88	24	91	26	86	40	84	34	86	52	79	54	97	66	95	67	115	55	104	60	127	48	128	57	146	42	162	62	173	37	169	94	280	176	278	202	347	359	484	426	473	513	515	577	771	996	837	844	797	936	666	632	751	1000	539	394	306	502	429	417	396	226	224	93	178	83	171	71	161	75	140	49	126	64	112	55	104	65	94	70	85	66	67
64	170	2	2	119	0	1953125	12	0.0	0	0.99	0	0	V0.2	0	0	144	221	144	233	140	230	143	246	146	242	143	256	147	257	134	261	137	264	121	250	135	251	110	241	108	242	95	229	84	242	73	217	108	261	128	346	47	333	106	470	240	525	244	584	284	641	534	1000	659	838	667	864	480	591	542	926	339	379	128	510	284	469	310	298	238	159	161	171	152	162	136	166	143	145	122	160	124	151	111	155	108	158	114	147	121
64	170	2	2	119	0	1953125	12	0.0	0	0.99	0	0	V0.2	0	0	84	43	78	42	81	44	75	54	74	46	75	58	71	49	92	65	95	58	116	49	105	45	127	35	128	40	143	40	161	49	172	36	166	84	278	192	256	230	305	376	431	437	418	520	460	579	729	1000	838	842	800	884	641	569	738	948	540	345	302	471	459	389	423	221	231	103	170	74	162	76	152	86	124	66	113	79	100	70	88	71	83	76	77	70	62
64	170	2	2	119	0	1953125	12	0.0	0	0.99	0	0	V0.2	0	0	93	22	86	19	89	25	86	36	85	35	86	50	78	52	97	62	95	66	112	56	100	59	122	51	125	59	140	46	161	65	172	39	163	97	283	186	285	197	346	358	487	422	472	498	503	556	765	1000	876	885	813	921	637	603	717	966	524	363	279	497	435	439	416	254	245	105	176	82	171	73	163	74	139	48	124	63	110	56	102	58	88	68	85	67	65
64	170	2	2	119	0	1953125	12	0.0	0	0.99	0	0	V0.2	0	0	168	231	163	246	166	242	159	261	167	257	159	270	167	272	155	271	164	275	151	261	152	266	133	248	119	260	109	239	73	266	61	244	50	306	58	375	92	322	158	481	297	528	312	607	334	656	633	1000	778	786	817	836	628	553	701	935	426	383	217	519	383	410	413	222	299	83	223	109	215	105	199	106	195	97	180	104	176	111	163	113	157	120	168	104	165
64	170	2	2	119	0	1953125	12	0.0	0	0.99	0	0	V0.2	0	0	91	18	90	23	88	22	89	35	81	37	84	49	79	54	93	64	97	68	111	58	104	60	123	54	130	59	138	50	160	63	171	47	167	104	286	184	280	197	352	358	484	425	483	515	526	589	787	1000	850	865	810	935	659	629	742	983	529	387	306	512	444	437	404	242	234	103	176	86	175	75	160	77	140	48	124	65	111	55	103	61	89	68	89	69	64
64	170	2	2	119	0	1953125	12	0.0	0	0.99	0	0	V0.2	0	0	92	27	84	26	88	30	83	41	80	38	81	51	76	51	94	61	94	63	113	53	103	54	122	43	126	51	141	37	160	58	171	32	163	92	283	183	276	207	338	360	469	423	454	501	496	570	757	1000	858	863	802	917	644	597	717	955	514	357	294	494	445	422	411	239	236	97	175	78	166	70	158	75	135	53	122	66	106	57	98	62	89	72	84	66	64
64	170	2	2	119	0	1953125	12	0.0	0	0.99	0	0	V0.2	0	0	207	227	201	244	205	238	200	256	213	255	205	266	216	271	210	262	217	270	210	249	202	260	190	242	168	256	166	233	129	269	134	248	83	328	138	380	209	293	286	451	443	506	457	573	481	627	796	977	993	754	999	770	789	472	854	895	589	318	330	463	530	349	517	171	352	57	267	25	258	22	248	22	235	40	224	40	219	60	209	70	203	74	212	66	203
64	170	2	2	119	0	1953125	12	0.0	0	0.99	0	0	V0.2	0	0	201	230	197	244	200	244	192	260	206	259	198	267	207	274	201	265	211	271	202	256	192	265	182	244	159	262	155	238	118	272	120	247	72	331	125	386	193	305	269	466	418	519	435	587	464	653	788	1000	975	768	977	787	776	488	848	916	576	333	326	488	526	367	515	178	350	50	270	36	256	37	245	32	235	44	224	49	219	66	208	76	201	81	212	68	204
64	170	1	2	119	0	1953125	12	0.0	0	0.99	0	0	V0.2	0	0	208	237	202	253	208	248	199	266	212	265	202	276	212	280	207	272	215	279	207	260	198	270	187	252	166	265	162	241	127	274	124	252	82	330	123	380	200	299	269	461	419	504	432	589	453	642	792	1000	959	727	957	785	770	497	865	931	562	359	315	488	498	349	505	163	338	38	264	44	254	42	247	38	232	53	222	54	217	74	205	82	202	85	212	74	204
64	170	1	2	119	0	1953125	12	0.0	0	0.99	0	0	V0.2	0	0	95	20	88	22	91	24	89	36	84	33	87	50	77	52	96	62	93	67	113	57	102	64	123	49	126	62	143	45	158	62	171	40	165	97	281	180	282	191	343	350	485	418	477	508	518	567	785	1000	848	846	787	914	635	608	738	981	517	374	298	508	427	427	401	238	229	96	172	82	165	71	158	73	136	47	124	60	111	53	102	59	95	68	85	66	66
64	170	1	2	119	0	1953125	12	0.0	0	0.99	0	0	V0.2	0	0	91	30	83	31	84	34	83	47	79	38	80	52	77	50	94	61	96	63	115	52	105	54	126	42	131	47	140	35	162	52	171	32	165	86	281	184	269	209	331	370	465	431	452	521	494	577	759	1000	844	850	792	905	640	602	734	956	512	363	310	487	437	406	411	228	228	94	177	77	166	70	159	80	133	54	122	69	106	62	97	65	91	73	84	66	67
64	170	1	2	119	0	1953125	12	0.0	0	0.99	0	0	V0.2	0	0	162	227	159	240	159	238	155	256	163	251	155	265	161	268	150	268	155	272	144	256	148	261	128	246	112	254	105	237	68	262	60	237	58	299	63	374	82	323	150	476	282	520	288	589	312	646	603	1000	774	803	798	826	598	544	668	930	415	383	188	505	365	422	402	234	296	91	216	114	207	112	193	112	188	100	173	110	171	115	158	116	155	124	163	109	160
64	170	1	2	119	0	1953125	12	0.0	0	0.99	0	0	V0.2	0	0	146	222	149	235	144	234	142	249	146	248	142	259	146	263	132	266	137	267	123	253	133	255	110	242	102	249	91	232	71	252	61	225	88	276	104	358	41	332	113	480	247	532	252	586	286	650	555	1000	691	833	711	860	517	582	593	932	364	387	150	516	313	457	342	280	258	140	184	154	172	147	155	149	155	130	138	141	140	140	125	140	121	147	129	134	132
64	170	1	2	119	0	1953125	12	0.0	0	0.99	0	0	V0.2	0	0	188	231	187	244	190	243	182	261	192	258	186	270	195	272	188	266	194	272	186	254	181	264	166	246	145	262	141	236	101	275	100	248	54	333	109	383	166	320	248	478	387	538	413	604	442	669	762	1000	914	762	931	798	739	516	830	938	560	351	315	494	498	381	496	187	335	49	260	57	248	54	235	54	225	51	211	59	210	73	195	81	194	85	200	73	194
64	170	1	2	119	0	1953125	12	0.0	0	0.99	0	0	V0.2	0	0	174	232	172	246	172	243	166	261	175	259	166	273	174	272	163	273	171	278	160	259	160	267	140	251	125	261	117	240	81	268	72	243	50	313	61	376	115	324	186	480	323	518	326	594	351	649	655	1000	815	761	841	831	675	541	738	944	479	394	226	503	399	392	433	206	307	63	233	96	222	91	208	92	204	85	189	95	185	101	174	106	168	114	178	97	172
64	170	1	2	119	0	1953125	12	0.0	0	0.99	0	0	V0.2	0	0	92	17	90	22	88	24	89	36	83	37	88	48	80	55	96	63	95	68	113	59	106	61	122	56	126	59	139	49	160	61	172	41	164	101	283	183	281	191	353	357	484	416	476	500	511	563	777	1000	864	855	798	926	656	613	728	979	537	379	287	502	430	427	397	240	233	99	168	81	169	73	157	73	139	44	123	62	112	51	102	62	90	66	88	67	65
64	170	1	2	119	0	1953125	12	0.0	0	0.99	0	0	V0.2	0	0	165	229	160	244	162	241	157	257	166	255	156	267	165	270	152	270	159	275	147	259	150	265	129	250	116	261	108	240	71	267	60	242	57	302	60	378	90	329	152	483	288	528	296	597	312	641	600	1000	778	798	799	824	607	543	663	931	416	372	172	507	361	413	402	233	302	86	220	116	211	113	194	112	191	103	175	112	177	120	163	124	154	128	166	113	164
64	170	1	2	119	0	1953125	12	0.0	0	0.99	0	0	V0.2	0	0	189	233	185	250	185	248	179	263	191	262	182	276	188	277	183	274	188	279	180	261	175	269	164	252	143	265	138	242	98	275	94	251	54	327	82	385	146	314	215	479	363	524	371	600	398	651	708	1000	885	768	900	813	713	521	792	940	509	367	277	509	453	381	470	185	328	44	251	72	240	71	232	69	219	73	207	75	204	91	192	100	180	102	196	88	188
64	170	1	2	119	0	1953125	12	0.0	0	0.99	0	0	V0.2	0	0	84	41	78	44	79	44	75	54	73	48	76	58	74	53	92	64	94	59	114	50	104	46	125	35	129	41	143	39	160	48	171	39	168	85	275	192	251	225	305	379	440	444	427	530	473	590	738	1000	833	825	790	892	660	588	752	954	540	357	325	476	460	390	417	217	225	101	175	78	163	78	156	91	127	66	116	81	99	69	90	69	81	78	77	70	62
64	170	1	2	119	0	1953125	12	0.0	0	0.99	0	0	V0.2	0	0	75	54	69	53	67	56	67	63	64	57	69	64	68	55	89	67	90	58	112	52	100	44	123	41	124	45	136	53	157	58	162	59	160	96	268	216	232	250	278	397	413	463	404	538	450	596	726	999	849	820	805	849	649	553	749	915	543	317	328	444	481	374	420	225	219	120	164	91	152	94	144	106	109	82	106	94	87	81	82	79	76	84	71	73	59
64	170	1	2	119	0	1953125	12	0.0	0	0.99	0	0	V0.2	0	0	211	229	207	244	212	241	206	258	217	257	212	266	221	269	216	260	222	268	216	251	205	260	197	241	177	255	173	232	139	271	140	244	89	329	152	373	214	286	297	443	442	496	466	565	492	627	826	975	1000	726	997	764	804	470	892	915	612	317	347	462	541	342	522	157	341	62	272	17	262	15	253	15	237	37	226	37	221	58	214	66	209	69	215	64	207
64	170	1	2	119	0	1953125	12	0.0	0	0.99	0	0	V0.2	0	0	224	177	222	188	230	188	224	194	241	195	236	197	245	200	251	184	252	190	254	172	234	182	237	163	214	174	217	150	201	180	207	166	168	237	260	237	292	133	371	266	516	301	530	367	565	417	861	752	1000	571	942	626	795	341	872	727	661	173	409	298	546	255	465	192	260	167	220	96	212	95	214	101	193	88	196	92	187	82	189	85	182	77	190	93	176
64	170	1	2	119	0	1953125	12	0.0	0	0.99	0	0	V0.2	0	0	212	208	208	223	214	221	207	234	223	233	215	241	224	246	223	235	228	240	224	223	211	233	207	216	183	229	185	205	158	240	160	221	111	300	182	336	243	234	319	386	468	423	477	490	501	549	818	890	1000	658	977	694	788	399	863	819	603	268	353	408	530	291	509	152	319	89	251	16	241	18	238	20	222	38	218	33	211	47	205	61	198	55	205	61	195
64	170	1	2	119	0	1953125	12	0.0	0	0.99	0	0	V0.2	0	0	229	182	234	181	246	175	252	177	261	179	265	175	274	176	275	174	273	167	276	164	257	148	266	137	254	110	257	111	264	56	274	71	261	41	384	92	342	135	416	236	568	305	578	343	645	414	913	832	1000	782	865	814	733	498	813	808	688	169	442	331	550	416	395	355	159	277	142	208	137	196	154	202	131	171	149	178	138	154	152	156	156	143	153	156	144
64	170	1	2	119	0	1953125	12	0.0	0	0.99	0	0	V0.2	0	0	176	232	176	246	176	242	171	260	180	258	170	272	178	276	167	271	176	278	164	261	165	269	145	249	131	262	122	241	84	274	78	244	50	317	66	378	123	318	195	478	332	524	349	601	370	655	682	1000	839	776	869	820	677	534	768	959	495	379	255	517	423	399	447	204	315	64	242	86	231	83	219	87	211	80	196	86	194	94	181	101	178	105	184	94	181
64	170	1	2	119	0	1953125	12	0.0	0	0.99	0	0	V0.2	0	0	192	232	185	249	188	244	182	262	192	261	184	271	193	275	184	270	193	277	184	258	179	266	162	250	145	263	138	238	105	272	99	245	63	321	89	384	162	308	231	458	365	500	382	583	392	638	715	1000	906	759	910	788	715	497	783	933	523	361	254	491	443	373	473	180	327	37	245	64	238	66	227	62	217	64	208	69	204	83	190	89	187	95	194	80	188
64	170	1	2	119	0	1953125	12	0.0	0	0.99	0	0	V0.2	0	0	195	227	193	245	194	242	191	257	201	257	192	267	202	274	193	266	201	272	194	254	187	262	173	243	153	258	149	236	111	272	112	246	67	324	110	384	187	302	252	459	400	504	419	576	426	633	750	1000	956	766	951	776	743	479	804	902	545	342	278	481	485	373	501	184	342	47	257	50	246	48	234	44	226	51	213	52	209	71	198	80	189	82	203	68	194
64	170	1	2	119	0	1953125	12	0.0	0	0.99	0	0	V0.2	0	0	95	8	91	9	93	11	90	27	86	28	89	47	79	54	94	65	91	75	105	67	95	77	114	68	120	79	133	68	148	86	162	66	155	124	274	191	289	173	359	331	499	391	499	484	540	547	812	985	876	840	793	920	647	626	740	1000	536	387	294	514	414	453	375	259	217	111	165	100	160	86	154	76	136	49	125	59	114	48	100	57	95	64	89	61	71
64	170	2	2	119	0	1953125	12	0.0	0	0.99	0	0	V0.2	0	0	169	226	167	242	169	239	162	256	172	254	164	266	171	270	160	266	168	272	157	255	155	263	142	247	123	258	117	238	76	265	76	241	52	309	59	378	113	314	176	470	317	517	322	587	344	641	648	1000	814	764	828	801	632	524	699	924	447	372	205	505	400	396	431	207	311	60	229	100	222	94	210	94	202	89	189	96	189	104	175	112	167	115	181	100	176
64	170	2	2	119	0	1953125	12	0.0	0	0.99	0	0	V0.2	0	0	192	231	190	248	192	246	183	261	197	260	188	273	200	275	189	270	198	275	190	257	183	266	170	248	150	262	145	239	109	271	108	246	65	327	95	383	168	306	238	463	382	510	392	584	418	647	740	1000	913	743	916	783	719	493	795	918	532	346	274	492	473	369	486	178	334	36	254	60	246	56	234	54	223	62	212	64	211	80	199	90	187	94	203	81	194
64	170	2	2	119	0	1953125	12	0.0	0	0.99	0	0	V0.2	0	0	217	225	211	240	217	238	210	254	223	251	214	262	226	265	222	257	229	264	224	243	212	254	204	237	183	249	181	225	147	261	149	239	102	323	161	363	230	269	303	425	451	463	470	548	502	603	830	950	1000	691	985	746	801	434	884	896	626	308	342	446	535	316	517	147	337	68	264	8	256	10	249	5	236	39	228	36	221	57	216	69	206	69	213	65	206
64	170	2	2	119	0	1953125	12	0.0	0	0.99	0	0	V0.2	0	0	93	17	88	15	91	19	87	35	84	32	86	46	78	52	96	63	91	69	110	59	99	69	121	55	125	68	137	55	158	72	167	49	165	108	276	181	284	185	348	346	486	401	478	498	525	560	780	985	853	842	780	919	647	612	735	1000	546	383	287	504	421	433	392	246	226	102	172	90	166	77	158	73	139	48	126	59	113	51	102	56	93	66	85	64	68
64	170	2	2	119	0	1953125	12	0.0	0	0.99	0	0	V0.2	0	0	58	75	59	76	62	72	65	70	67	72	66	74	64	87	66	98	66	111	59	116	46	125	43	140	38	147	36	163	45	177	57	171	38	230	166	315	201	259	313	413	476	438	512	506	555	550	882	945	1000	790	931	864	773	548	848	943	672	308	415	462	489	477	345	341	132	210	71	190	78	170	71	170	69	122	63	129	69	107	68	98	68	97	82	75	63
64	170	2	2	119	0	1953125	12	0.0	0	0.99	0	0	V0.2	0	0	188	227	185	243	186	241	182	257	194	255	184	267	194	269	186	265	194	270	185	254	177	262	166	246	143	260	139	237	99	273	101	245	55	329	104	385	165	318	246	472	385	524	402	590	422	653	740	1000	923	779	926	777	726	489	786	904	545	343	291	485	487	381	491	192	340	49	259	58	246	56	235	55	226	55	212	59	209	76	196	85	189	86	200	74	192
64	170	2	2	119	0	1953125	12	0.0	0	0.99	0	0	V0.2	0	0	178	229	174	244	175	242	169	259	180	258	171	268	179	271	170	270	179	273	170	257	166	263	147	249	132	261	125	239	87	273	82	247	45	325	81	388	136	329	213	481	351	538	370	605	395	665	696	1000	872	790	881	801	696	531	776	936	519	367	272	503	453	397	463	204	326	60	251	78	239	75	224	77	217	71	202	79	198	86	188	95	178	101	191	85	184
64	170	2	2	119	0	1953125	12	0.0	0	0.99	0	0	V0.2	0	0	214	217	209	232	215	231	209	245	224	245	216	254	225	257	222	249	230	252	225	234	213	245	206	227	183	239	186	215	154	252	154	232	108	311	176	350	240	258	319	413	467	449	484	534	516	586	833	923	1000	676	984	728	816	445	899	869	625	312	369	430	537	304	508	147	325	78	263	5	253	5	247	9	228	34	225	31	217	48	213	63	201	61	214	59	202
64	170	2	2	119	0	1953125	12	0.0	0	0.99	0	0	V0.2	0	0	147	226	149	240	145	236	145	252	148	250	145	261	149	265	135	267	139	270	124	258	135	257	112	246	110	248	95	234	82	247	72	226	99	271	116	353	34	327	96	473	229	519	237	593	287	648	547	1000	658	807	661	867	496	603	582	963	358	400	146	528	286	458	313	282	241	150	166	168	160	160	143	163	149	141	131	156	134	151	115	155	117	158	121	146	125
64	170	2	2	119	0	1953125	12	0.0	0	0.99	0	0	V0.2	0	0	87	37	79	38	82	40	78	51	76	45	78	56	76	53	94	61	94	59	115	51	105	48	127	36	130	40	142	33	161	48	172	35	165	82	277	186	257	220	314	377	442	429	432	524	477	580	746	1000	827	822	785	904	655	594	749	966	536	362	314	480	443	384	408	214	223	96	176	76	163	76	160	86	126	61	121	75	103	69	96	67	82	76	80	69	62
64	170	2	2	119	0	1953125	12	0.0	0	0.99	0	0	V0.2	0	0	93	8	89	11	93	12	90	28	86	30	88	46	81	55	95	65	89	75	107	68	97	76	114	67	118	78	131	65	148	87	162	61	153	123	272	185	286	170	364	337	497	389	497	480	539	544	805	983	869	852	805	936	649	611	728	1000	541	389	308	524	413	452	380	265	218	111	165	104	161	85	155	78	139	49	126	62	117	52	105	56	95	61	89	62	69
64	170	2	2	119	0	1953125	12	0.0	0	0.99	0	0	V0.2	0	0	156	223	153	237	151	232	148	249	153	247	147	259	153	262	142	263	149	268	134	253	139	257	118	241	107	253	98	233	58	261	50	231	59	295	71	372	74	326	147	482	287	532	296	595	320	649	599	1000	760	816	794	838	604	558	656	927	417	375	203	519	370	432	397	251	296	104	215	125	208	116	189	117	188	103	171	113	171	117	155	119	152	126	159	111	160
64	170	2	2	119	0	1953125	12	0.0	0	0.99	0	0	V0.2	0	0	158	230	156	246	154	242	152	257	159	256	152	270	158	272	144	272	152	278	137	261	141	266	123	250	112	259	102	241	70	260	61	239	70	292	65	367	57	332	121	479	253	524	262	600	298	655	578	1000	707	781	727	849	571	593	635	941	381	411	167	518	323	425	361	242	271	113	201	139	192	136	178	137	174	120	161	132	161	132	144	139	143	143	148	131	150
64	170	2	2	119	0	1953125	12	0.0	0	0.99	0	0	V0.2	0	0	93	26	87	27	88	30	86	39	80	39	86	52	78	53	97	62	95	65	116	53	104	58	126	45	128	55	143	37	164	56	174	34	167	90	281	178	276	199	336	363	479	428	463	513	509	573	765	1000	846	846	792	928	659	622	740	971	522	376	309	500	434	408	403	227	227	91	175	80	169	70	161	74	137	50	126	66	112	56	102	64	98	71	86	67	68
64	170	2	2	119	0	1953125	12	0.0	0	0.98	0	0	V0.2	0	0	164	235	158	239	157	246	157	253	156	260	158	266	155	273	151	273	148	275	140	265	145	262	121	258	115	256	98	247	73	265	56	238	72	303	67	371	58	334	130	478	263	540	279	597	306	664	592	1000	729	796	750	839	569	574	637	943	391	386	168	531	349	423	375	249	286	101	200	141	201	125	179	133	182	116	164	125	162	135	152	131	138	144	160	120	148
64	170	1	2	119	0	1953125	12	0.0	0	0.99	0	0	V0.2	0	0	197	238	190	251	194	249	189	267	199	267	190	277	198	279	193	273	200	279	192	264	185	269	170	255	152	264	147	245	110	276	108	250	66	328	88	380	162	305	234	467	372	506	393	590	403	638	728	1000	912	757	922	796	725	502	792	928	522	374	269	501	457	367	479	176	329	30	252	66	248	63	236	63	226	68	212	71	211	86	201	92	194	96	205	82	195
64	170	1	2	119	0	1953125	12	0.0	0	0.99	0	0	V0.2	0	0	87	34	83	34	83	37	80	46	75	40	79	54	77	50	94	62	94	60	114	49	100	50	123	34	125	43	142	34	157	48	168	29	167	89	277	180	266	210	312	351	449	424	437	511	488	583	749	1000	842	840	772	877	631	586	734	960	524	348	291	488	454	407	417	224	229	98	172	74	167	73	155	80	131	57	120	72	105	61	94	63	85	72	79	67	63
64	170	1	2	119	0	1953125	12	0.0	0	0.99	0	0	V0.2	0	0	87	38	78	40	82	43	77	50	75	47	77	59	75	52	94	64	97	58	115	50	104	48	126	35	127	39	139	34	161	46	168	31	163	82	273	186	257	220	305	367	441	440	431	523	475	581	734	1000	848	848	792	887	640	588	745	953	531	349	305	474	455	394	419	223	227	98	173	77	165	76	156	85	126	61	113	76	98	69	95	70	85	75	78	68	63
64	170	1	2	119	0	1953125	12	0.0	0	0.99	0	0	V0.2	0	0	183	236	178	251	179	249	174	266	186	264	175	275	186	279	175	275	184	281	171	263	171	274	151	254	136	266	129	242	91	276	82	249	52	323	64	379	123	320	197	474	332	527	349	601	379	665	690	1000	847	776	875	827	680	546	777	973	503	397	263	523	435	392	453	194	315	60	245	92	234	86	222	84	213	81	201	88	199	99	184	99	182	107	188	93	184
64	170	1	2	119	0	1953125	12	0.0	0	0.99	0	0	V0.2	0	0	188	234	183	252	185	246	179	264	190	262	180	273	188	279	179	273	190	280	178	261	174	271	157	253	139	266	134	241	97	275	91	251	54	323	75	381	144	314	217	470	349	510	363	591	381	650	694	1000	883	769	895	803	691	526	779	956	510	388	259	516	445	385	464	189	321	44	243	80	236	76	225	72	217	74	204	78	200	94	189	101	180	103	191	88	185
64	170	1	2	119	0	1953125	12	0.0	0	0.99	0	0	V0.2	0	0	204	228	201	244	204	238	197	256	210	255	201	264	211	269	205	261	214	269	208	247	197	258	185	239	166	256	162	231	124	268	126	244	73	332	135	375	207	293	280	449	426	494	448	567	465	636	796	984	1000	764	989	755	762	465	851	902	591	330	326	477	531	361	525	177	347	58	266	28	255	28	246	24	235	37	221	36	219	61	205	68	200	69	211	63	198
64	170	1	2	119	0	1953125	12	0.0	0	0.99	0	0	V0.2	0	0	163	231	163	245	163	242	158	259	166	256	158	269	165	270	152	272	160	275	147	258	152	265	130	250	117	261	106	240	71	269	56	243	53	307	56	371	87	332	152	478	285	527	306	605	335	664	630	1000	776	790	801	836	621	567	716	969	450	392	213	527	386	417	413	227	297	93	226	115	213	110	200	110	194	97	181	111	180	112	162	119	160	124	166	108	164
64	170	1	2	119	0	1953125	12	0.0	0	0.99	0	0	V0.2	0	0	90	29	83	30	87	34	84	43	78	39	81	52	75	51	94	61	93	62	114	50	103	52	126	39	129	47	141	33	162	53	171	28	163	85	279	179	272	209	328	365	463	423	447	509	493	572	743	1000	852	866	798	913	647	591	728	975	543	376	313	503	446	415	418	235	234	96	176	77	169	73	160	78	134	54	124	71	109	64	101	64	89	73	85	69	66
64	170	1	2	119	0	1953125	12	0.0	0	0.99	0	0	V0.2	0	0	197	233	193	249	195	246	191	263	201	263	194	271	202	278	195	271	205	276	193	260	188	270	173	252	151	266	150	241	106	280	111	253	59	335	104	386	175	314	255	473	394	523	419	593	433	657	752	999	941	779	952	777	738	500	822	927	552	348	298	500	502	380	507	185	350	45	268	56	255	52	244	51	235	55	222	57	218	76	207	87	197	88	209	75	199
64	170	1	2	119	0	1953125	12	0.0	0	0.99	0	0	V0.2	0	0	208	238	204	252	208	249	202	265	214	264	205	275	217	278	209	271	218	276	211	260	201	269	189	251	171	266	166	240	128	278	130	252	80	336	130	385	203	306	274	459	423	510	449	589	472	652	800	1000	994	763	983	771	787	486	864	930	600	338	331	489	524	357	520	168	353	49	271	34	260	35	250	29	238	46	227	49	224	67	214	80	204	80	215	71	209
64	170	1	2	119	0	1953125	12	0.0	0	0.99	0	0	V0.2	0	0	179	232	176	249	178	243	172	263	180	262	172	274	180	277	169	274	175	281	165	264	165	271	147	254	131	264	124	243	84	273	79	248	56	313	54	382	113	318	179	473	322	518	331	597	359	653	654	1000	831	781	850	824	669	547	741	959	480	400	247	517	409	392	436	203	311	63	239	97	229	94	216	93	209	86	197	96	193	107	179	111	176	113	187	98	180
64	170	1	2	119	0	1953125	12	0.0	0	0.99	0	0	V0.2	0	0	181	231	176	248	178	244	171	261	182	259	173	272	180	274	172	271	180	277	169	258	167	267	151	250	133	262	127	241	85	273	82	246	52	321	73	386	128	318	200	471	336	520	352	596	379	662	682	1000	864	785	872	798	675	519	735	934	490	376	254	514	438	393	455	201	322	56	246	88	233	83	221	82	214	78	201	84	198	95	185	103	179	105	190	93	182
64	170	1	2	119	0	1953125	12	0.0	0	0.99	0	0	V0.2	0	0	154	228	152	240	152	237	148	254	153	253	148	264	153	266	140	268	145	271	131	255	138	261	115	247	110	256	97	236	69	257	57	233	77	289	83	368	45	326	114	474	245	523	253	591	294	650	563	1000	722	819	727	831	537	565	613	954	394	394	164	529	332	442	361	257	274	122	195	142	187	136	171	139	171	120	153	133	153	134	142	134	138	141	146	127	145
64	170	1	2	119	0	1953125	12	0.0	0	0.99	0	0	V0.2	0	0	183	226	178	243	180	239	172	259	184	253	176	267	185	271	175	268	184	270	175	255	170	263	153	248	137	259	129	237	90	271	86	248	49	321	81	388	142	317	209	468	354	522	366	587	388	650	696	1000	895	787	898	791	701	513	755	921	520	364	263	496	458	390	470	199	331	54	251	75	238	70	226	72	217	67	205	74	202	88	190	92	181	98	194	83	184
64	170	1	2	119	0	1953125	12	0.0	0	0.99	0	0	V0.2	0	0	176	236	171	250	174	246	167	265	178	260	169	272	177	277	167	275	172	280	164	264	161	272	144	254	128	266	122	244	85	269	76	249	53	314	54	380	114	317	172	471	313	518	326	603	355	653	652	1000	824	768	834	823	656	547	736	968	476	406	229	518	406	391	431	202	306	62	234	103	225	97	211	94	204	91	190	99	186	106	177	109	172	114	180	100	175
64	170	1	2	119	0	1953125	12	0.0	0	0.99	0	0	V0.2	0	0	94	5	90	9	91	6	89	27	86	28	88	46	77	53	91	67	88	77	105	68	94	81	110	73	113	81	129	73	145	91	155	72	152	132	269	192	287	166	354	325	498	390	502	473	542	542	801	971	879	845	791	904	624	601	733	1000	542	375	292	519	420	456	374	268	218	117	160	106	158	89	152	80	137	51	123	61	116	52	105	56	92	61	89	61	69
64	170	2	2	119	0	1953125	12	0.0	0	0.99	0	0	V0.2	0	0	183	229	178	247	180	241	176	260	184	259	176	269	183	274	174	272	181	279	175	258	169	267	153	250	136	262	133	240	91	273	89	247	52	317	74	378	142	307	209	470	351	510	358	588	385	644	697	1000	877	767	895	816	698	521	774	950	507	384	268	507	438	379	460	189	321	45	249	79	239	73	227	71	219	74	205	79	203	91	195	98	181	100	195	85	190
64	170	2	2	119	0	1953125	12	0.0	0	0.99	0	0	V0.2	0	0	213	187	210	198	220	197	215	209	227	207	225	212	231	217	232	203	238	208	236	192	217	201	220	183	197	196	197	173	177	209	181	193	139	270	227	287	270	189	351	333	498	376	511	432	551	493	849	807	1000	621	958	642	787	361	870	766	658	213	407	357	568	277	493	176	297	132	241	60	231	58	227	64	208	59	207	59	198	57	197	63	191	56	199	70	185
64	170	2	2	119	0	1953125	12	0.0	0	0.99	0	0	V0.2	0	0	156	223	155	238	153	236	149	251	155	249	149	262	156	266	142	265	148	269	134	254	138	259	118	244	110	254	98	234	69	258	51	235	60	298	70	366	69	323	129	468	265	525	274	592	313	660	602	1000	747	785	745	807	570	557	661	950	423	385	188	529	367	432	391	242	284	106	207	128	198	121	184	121	180	106	167	118	166	119	150	123	146	132	154	117	151
64	170	1	2	119	0	1953125	12	0.0	0	0.99	0	0	V0.2	0	0	95	18	88	19	91	22	87	34	83	33	85	49	80	52	97	62	94	70	112	59	100	65	121	52	127	64	138	47	157	64	172	45	163	100	277	179	284	181	339	342	481	406	471	500	520	558	775	998	867	851	784	917	646	613	740	1000	538	377	296	512	429	432	398	245	229	98	171	88	168	75	161	75	138	48	126	62	112	55	103	58	96	67	86	65	68
64	170	1	2	119	0	1953125	12	0.0	0	0.99	0	0	V0.2	0	0	190	228	186	245	188	241	183	261	193	258	185	269	193	271	188	267	196	275	190	255	179	264	167	245	149	258	145	233	109	268	106	245	65	322	106	380	175	301	246	465	387	507	409	591	430	641	752	1000	936	761	935	789	732	494	827	948	542	352	290	490	475	359	486	173	330	38	252	52	243	52	234	48	224	57	211	59	207	77	198	86	189	86	203	74	194
64	170	1	2	119	0	1953125	12	0.0	0	0.99	0	0	V0.2	0	0	195	237	191	252	194	248	188	265	202	262	191	275	198	278	194	275	200	280	192	263	185	271	171	254	152	266	148	242	110	278	105	253	63	329	94	383	168	306	241	475	376	513	391	593	419	651	733	1000	917	760	923	795	730	507	810	950	538	366	298	504	475	372	488	176	338	37	260	64	253	61	239	58	229	65	217	67	212	86	203	90	196	97	205	83	198
64	170	1	2	119	0	1953125	12	0.0	0	0.99	0	0	V0.2	0	0	152	225	153	234	150	235	149	251	151	248	147	261	153	263	141	265	145	269	132	254	140	257	116	246	109	252	97	235	71	256	61	229	81	288	88	364	44	328	113	476	244	524	249	584	288	654	559	1000	718	823	719	827	532	559	596	931	379	389	164	527	332	450	368	266	274	127	199	147	187	140	171	140	173	125	155	135	155	133	144	140	136	143	145	129	143
64	170	1	2	119	0	1953125	12	0.0	0	0.99	0	0	V0.2	0	0	163	231	161	247	157	243	157	260	161	256	157	268	162	274	149	275	156	277	142	263	147	268	124	252	116	263	102	241	73	269	59	242	64	304	62	371	60	332	135	483	266	533	280	602	316	668	594	1000	746	802	762	838	588	572	674	964	417	399	200	533	362	432	389	242	286	107	214	129	205	126	190	124	187	112	173	122	173	127	155	132	150	133	159	120	159
64	170	1	2	119	0	1953125	12	0.0	0	0.99	0	0	V0.2	0	0	209	241	205	258	206	256	200	273	214	270	203	283	215	286	206	280	215	285	207	268	198	276	188	257	169	272	163	245	125	285	121	257	73	337	114	381	185	303	267	469	407	509	421	598	460	658	780	1000	958	748	967	808	792	525	877	975	588	392	343	505	505	355	507	159	337	30	273	52	262	47	251	42	240	55	231	59	224	78	211	86	206	89	219	75	210
64	170	1	2	119	0	1953125	12	0.0	0	0.99	0	0	V0.2	0	0	155	214	161	224	156	224	162	235	165	234	160	246	166	248	151	256	152	260	135	245	145	247	127	234	124	234	114	226	107	231	101	214	127	251	154	343	54	330	103	468	228	520	232	581	280	648	538	1000	676	824	671	827	497	572	564	913	357	381	146	516	320	443	362	254	268	117	197	134	189	125	178	122	178	105	163	115	166	111	150	116	151	116	158	101	161
64	170	1	2	119	0	1953125	12	0.0	0	0.99	0	0	V0.2	0	0	157	243	157	258	156	257	155	269	161	268	151	278	161	284	145	285	154	290	139	275	146	276	126	262	115	268	107	250	72	272	61	250	57	319	63	391	96	331	171	487	313	536	336	601	372	668	681	1000	864	774	877	782	683	508	774	913	518	339	281	485	478	365	481	168	322	42	250	39	241	33	232	29	224	37	208	38	209	55	196	63	196	66	202	54	193
64	170	2	2	119	0	1953125	12	0.0	0	0.99	0	0	V0.2	0	0	183	220	180	226	191	224	187	231	200	227	202	232	211	231	220	212	228	212	231	190	221	194	221	173	211	175	213	147	205	168	214	148	185	210	295	188	319	75	402	206	543	244	564	296	619	361	896	741	1000	667	865	713	733	454	804	754	672	175	414	328	510	431	327	361	100	285	75	225	71	226	71	231	46	202	63	214	50	193	69	199	68	191	56	202	66
64	170	2	2	119	0	1953125	12	0.0	0	0.99	0	0	V0.2	0	0	184	229	185	241	183	243	177	257	178	265	170	275	172	284	156	287	149	292	141	277	143	278	127	269	111	266	107	255	76	269	63	252	56	316	77	381	162	293	239	438	396	462	437	520	469	561	803	875	1000	644	976	658	801	367	870	741	667	191	410	306	579	287	476	236	246	213	196	144	189	157	176	165	155	159	150	164	138	156	140	157	132	162	122	183	101
64	170	1	2	119	0	1953125	12	0.0	0	0.99	0	0	V0.2	0	0	146	224	150	236	145	233	150	247	150	244	151	255	155	257	143	264	145	262	131	254	138	249	125	238	124	236	113	228	113	230	110	208	141	236	179	325	87	319	121	462	249	513	253	581	318	632	542	1000	634	851	606	901	453	632	543	966	365	402	172	532	268	492	257	331	193	204	126	202	120	193	101	194	109	172	91	181	97	170	83	175	81	175	87	168	93
64	170	1	2	119	0	1953125	12	0.0	0	0.99	0	0	V0.2	0	0	238	177	242	175	253	176	255	173	270	176	269	168	281	169	283	165	282	160	283	155	264	142	275	131	257	106	259	106	264	59	271	77	254	66	366	68	340	102	416	206	565	258	568	308	643	365	897	780	1000	714	877	780	790	462	829	768	711	152	468	300	543	363	399	317	178	253	167	186	158	176	175	185	149	152	170	163	156	136	169	139	172	127	170	140	160
64	170	1	2	119	0	1953125	12	0.0	0	0.99	0	0	V0.2	0	0	195	233	192	251	192	246	187	264	199	263	189	274	198	278	191	273	199	279	188	261	185	269	169	251	150	265	144	243	102	277	104	249	60	327	94	383	161	306	242	481	392	521	396	590	431	654	732	1000	920	772	938	804	737	513	810	930	551	371	316	508	485	379	489	186	336	42	261	66	250	58	236	56	227	60	213	62	213	83	200	85	194	91	203	74	196
64	170	1	2	119	0	1953125	12	0.0	0	0.99	0	0	V0.2	0	0	207	219	204	235	208	231	200	248	216	245	205	256	217	258	213	249	223	257	212	239	203	250	194	229	173	246	170	219	131	264	141	231	87	329	160	361	217	283	300	428	443	492	474	552	513	630	832	958	1000	730	986	728	776	438	873	888	632	282	370	460	572	344	528	165	343	73	267	11	256	7	247	7	235	26	224	24	221	50	209	58	204	61	212	55	200
64	170	1	2	119	0	1953125	12	0.0	0	0.99	0	0	V0.2	0	0	204	225	197	242	200	238	195	257	207	255	198	265	210	269	202	262	210	269	202	247	195	261	185	241	162	258	159	230	122	271	127	242	73	333	138	381	204	301	282	452	427	507	446	574	481	654	802	1000	999	761	980	763	775	473	861	922	619	326	353	486	545	373	525	180	348	57	270	32	258	30	248	27	234	35	223	37	218	58	208	67	200	69	213	58	202
64	170	1	2	119	0	1953125	12	0.0	0	0.99	0	0	V0.2	0	0	198	225	192	241	198	239	188	256	203	252	195	265	204	268	196	261	205	266	199	245	190	259	176	241	155	256	152	231	115	269	117	244	70	329	129	388	195	308	271	460	421	516	440	577	466	653	782	1000	990	775	971	768	779	490	846	916	605	336	327	487	536	377	520	193	353	61	268	39	253	34	244	33	231	36	218	41	213	58	203	69	195	73	205	64	196
64	170	1	2	119	0	1953125	12	0.0	0	0.99	0	0	V0.2	0	0	216	204	210	218	219	216	211	231	227	228	218	237	227	240	230	229	234	234	232	215	216	226	214	208	190	223	190	199	164	234	169	212	123	295	197	319	254	229	328	369	471	412	501	489	536	544	833	856	999	635	971	680	810	410	895	831	651	263	392	398	557	280	505	148	317	99	258	33	249	29	244	34	225	46	220	40	214	49	207	60	204	53	213	61	200
64	170	1	2	119	0	1953125	12	0.0	0	0.99	0	0	V0.2	0	0	170	229	166	244	165	243	162	258	168	257	162	269	168	273	157	270	165	276	154	261	153	266	137	253	119	262	115	242	77	268	68	243	54	308	55	379	103	320	166	477	298	519	310	600	338	652	635	1000	797	775	809	809	630	554	711	945	440	384	218	521	393	408	422	220	305	77	228	108	219	104	206	103	201	97	186	104	184	110	172	117	168	123	175	107	171
64	170	1	2	119	0	1953125	12	0.0	0	0.99	0	0	V0.2	0	0	198	235	195	250	199	249	190	265	204	264	196	273	204	280	198	272	205	279	198	261	191	271	176	251	158	264	154	243	117	275	112	249	73	329	105	380	177	300	248	463	396	503	413	590	441	647	762	1000	936	736	935	784	750	503	829	926	542	352	311	507	494	361	497	172	336	31	260	52	254	52	242	48	229	60	220	60	215	79	205	86	200	90	209	80	199
64	170	1	2	119	0	1953125	12	0.0	0	0.99	0	0	V0.2	0	0	223	230	218	248	223	243	216	261	230	258	223	269	233	272	231	261	236	269	233	247	220	260	212	237	191	252	190	228	156	266	154	244	111	321	168	355	230	257	312	421	458	457	477	553	518	605	849	947	1000	661	988	748	828	459	909	907	627	330	391	470	540	303	521	135	332	62	269	8	263	9	258	4	241	40	235	36	227	62	223	68	211	64	224	64	212
64	170	1	2	119	0	1953125	12	0.0	0	0.99	0	0	V0.2	0	0	213	226	209	241	213	239	207	251	223	252	212	261	223	267	219	257	226	263	221	242	208	255	201	238	177	250	178	225	144	265	144	240	98	320	157	363	221	263	296	425	445	463	460	549	499	608	820	950	1000	694	976	735	804	453	860	877	605	318	363	464	537	318	518	152	337	60	266	12	258	13	250	7	234	40	228	37	221	59	215	67	208	66	217	64	208
