34928	35048	35167	35286	35405	35524	35644	35763	35882	36001	36120	36240	36359	36478	36597	36716	36836	36955	37074	37193	37313	37432	37551	37670	37789	37909	38028	38147	38266	38385	38505	38624	38743	38862	38981	39101	39220	39339	39458	39577	39697	39816	39935	40054	40174	40293	40412	40531	40650	40770	40889	41008	41127	41246	41366	41485	41604	41723	41842	41962	42081	42200	42319	42439	42558	42677	42796	42915	43035	43154	43273	43392	43511	43631	43750	43869	43988	44107	44227	44346	44465	44584	44703	44823	44942
64	170	2	2	119	0	1953125	12	0.0	7609	2.33	0	0	V0.2	0	0	33	37	30	14	16	38	23	11	15	26	17	3	14	18	18	12	17	36	20	14	36	30	43	22	45	38	42	24	56	114	40	53	103	132	266	407	490	498	622	423	554	179	528	448	249	98	280	212	268	141	238	265	630	507	708	481	667	529	453	1000	161	200	95	217	129	49	84	76	88	67	28	51	69	30	21	28	66	55	24	25	43	32	10	10	25
64	170	2	2	119	0	1953125	12	0.0	7436	2.30	0	0	V0.2	0	0	58	62	42	56	48	65	35	62	27	51	37	54	35	45	39	44	42	39	28	21	48	34	38	59	83	62	171	80	110	114	72	116	256	230	396	346	188	137	241	253	278	254	256	322	486	472	248	267	126	164	234	623	857	1000	907	658	419	314	527	431	412	220	308	190	222	81	123	64	184	114	155	97	86	53	98	75	55	41	60	44	46	37	50	43	31
64	170	2	2	119	0	1953125	12	0.0	7416	2.29	0	0	V0.2	0	0	66	48	62	52	58	47	49	48	38	46	23	60	30	33	5	42	11	8	60	34	51	14	80	12	127	77	200	95	85	62	113	112	273	285	451	331	248	109	220	192	314	163	184	344	523	324	181	64	316	367	643	756	1000	894	824	707	551	436	254	243	348	390	248	218	154	187	39	88	187	187	96	100	130	121	81	82	96	65	86	87	91	51	59	58	50
64	170	2	2	119	0	1953125	12	0.0	7416	2.29	0	0	V0.2	0	0	86	42	70	16	88	37	70	19	77	22	59	41	66	14	31	57	40	39	25	78	17	57	34	72	67	134	117	165	18	38	110	90	235	289	277	298	61	43	202	227	206	141	160	289	431	406	158	71	163	262	620	888	1000	932	633	665	635	632	329	154	250	416	237	201	108	168	13	151	150	208	54	130	99	143	58	120	71	86	60	96	53	53	69	79	49
64	170	2	2	119	0	1953125	12	0.0	7416	2.29	0	0	V0.2	0	0	58	49	45	31	67	48	44	25	63	31	43	26	47	5	31	38	35	37	33	58	26	61	23	59	38	127	73	116	71	36	103	130	188	277	177	209	31	58	146	192	100	28	232	362	383	362	164	121	188	350	725	999	952	740	312	523	714	722	443	209	241	336	206	119	125	134	65	124	109	138	29	114	87	110	39	105	57	55	23	73	27	49	52	58	22
64	170	2	2	119	0	1953125	12	0.0	7536	2.31	0	0	V0.2	0	0	45	18	35	27	42	23	29	26	19	34	16	24	18	49	31	23	38	35	26	13	74	20	33	38	79	20	43	126	152	89	127	42	109	149	110	176	69	49	74	179	154	137	88	193	275	321	213	270	330	479	812	1000	948	659	161	473	796	815	485	296	240	310	135	110	76	95	51	123	98	82	54	89	57	46	35	39	15	26	47	14	49	36	27	34	57
64	170	2	2	119	0	1953125	12	0.0	7018	2.22	0	0	V0.2	0	0	37	29	27	38	48	12	29	17	48	15	22	5	31	13	14	10	42	19	39	19	38	24	34	38	47	24	70	84	92	186	133	191	169	78	113	36	26	103	212	140	193	132	58	129	233	246	238	461	644	876	1000	902	713	388	104	258	542	588	396	292	151	197	234	162	165	77	171	130	97	58	74	111	77	92	14	58	37	57	27	42	52	41	38	23	50
64	170	2	2	119	0	1953125	12	0.0	6998	2.22	0	0	V0.2	0	0	31	40	35	28	40	25	38	18	40	16	40	11	23	20	39	13	24	38	34	21	9	44	17	46	19	46	78	142	117	180	95	194	110	138	75	46	133	198	207	236	102	84	72	190	102	190	297	443	527	798	918	999	769	358	243	444	561	485	340	324	305	179	137	156	174	128	139	110	109	43	72	109	92	44	51	64	42	50	46	54	27	48	37	45	48
64	170	2	2	119	0	1953125	12	0.0	0	0.97	0	0	V0.2	0	0	270	267	252	223	223	218	205	190	144	138	139	112	100	68	86	111	101	102	151	179	186	194	228	282	279	306	294	340	367	356	385	343	455	289	373	475	309	437	222	407	526	385	558	303	266	241	413	424	253	371	654	188	652	356	119	380	1000	299	274	93	492	299	271	251	290	322	298	291	257	262	292	249	218	190	207	202	201	148	105	126	103	119	84	41	35
64	170	2	2	119	0	1953125	12	0.0	0	0.97	0	0	V0.2	0	0	73	13	56	5	63	24	54	21	55	18	61	42	45	27	60	38	51	33	78	20	80	56	103	43	146	128	95	96	149	219	50	81	171	313	186	154	270	624	612	594	481	455	602	372	466	288	146	364	558	404	287	415	662	1000	786	760	246	289	594	652	295	101	123	285	280	40	130	170	231	109	59	44	85	39	90	90	82	59	70	99	48	53	46	63	31
64	170	2	2	119	0	1953125	12	0.0	0	0.97	0	0	V0.2	0	0	333	372	347	387	355	367	350	386	359	375	339	379	358	374	346	358	353	370	361	353	340	383	365	381	345	363	439	369	411	300	488	394	473	239	629	283	623	256	963	103	807	223	813	473	438	663	297	192	747	514	381	362	759	997	574	990	461	520	400	999	99	591	254	702	279	473	316	600	390	411	396	494	422	446	360	491	427	443	398	433	438	427	414	409	425
64	170	2	2	119	0	1953125	12	0.0	0	0.98	0	0	V0.2	0	0	404	374	400	391	422	376	413	382	423	388	405	375	413	387	412	362	402	382	421	361	389	395	417	398	375	395	482	395	425	364	534	422	459	348	737	245	598	440	978	152	865	48	931	305	675	618	472	45	967	430	671	341	903	844	852	1000	559	247	730	840	334	562	464	726	240	531	382	651	321	505	429	540	419	488	414	561	394	507	402	526	419	484	411	496	429
64	170	2	2	119	0	1953125	12	0.0	0	0.98	0	0	V0.2	0	0	16	68	26	71	13	60	17	57	26	38	8	49	12	37	25	48	9	48	33	57	32	66	20	45	86	144	52	102	72	218	83	106	133	377	335	297	197	540	586	589	469	409	615	414	567	269	306	457	729	703	695	426	513	1000	811	816	104	338	457	659	178	286	259	369	261	92	134	177	175	29	68	69	74	59	127	70	94	16	84	41	36	16	59	34	30
64	170	2	2	119	0	1953125	12	0.0	7556	2.32	0	0	V0.2	0	0	33	28	18	25	27	27	8	15	15	16	3	8	18	11	12	20	19	4	11	31	31	20	13	52	49	27	53	36	30	74	65	35	74	104	246	330	297	321	345	454	332	104	412	274	484	281	642	415	531	138	1000	496	188	540	401	373	248	214	249	477	271	296	158	313	52	22	77	116	35	28	74	70	41	35	33	51	38	24	17	19	29	13	10	28	13
64	170	2	2	119	0	1953125	12	0.0	7491	2.31	0	0	V0.2	0	0	52	69	27	91	41	68	31	81	16	75	50	75	22	80	67	60	37	51	55	14	105	66	90	20	106	20	132	126	284	175	43	97	173	114	327	333	407	202	174	248	392	82	289	493	642	430	436	617	701	754	840	960	1000	620	126	366	821	770	489	513	492	512	191	231	218	264	20	188	178	195	31	197	168	166	8	123	73	54	63	132	73	44	55	85	31
64	170	2	2	119	0	1953125	12	0.0	7461	2.30	0	0	V0.2	0	0	36	49	35	48	35	38	15	47	17	49	23	56	29	48	31	42	28	27	38	19	63	31	68	23	48	26	106	73	146	70	4	101	130	138	234	214	249	137	120	214	264	87	136	244	331	213	285	316	413	402	345	385	309	190	472	745	1000	858	737	533	415	292	208	192	234	179	75	55	121	70	86	78	132	73	78	59	70	27	48	30	40	16	46	26	25
64	170	2	2	119	0	1953125	12	0.0	7436	2.30	0	0	V0.2	0	0	72	49	55	22	80	41	66	26	83	39	59	39	78	27	32	43	52	28	29	88	59	35	18	58	56	148	115	189	43	86	85	167	77	221	192	321	169	93	303	396	331	276	65	377	509	607	411	328	223	140	347	664	840	869	653	758	889	1000	869	541	283	189	246	166	170	120	117	78	105	156	112	89	108	108	77	60	65	55	20	72	58	38	26	68	46
64	170	2	2	119	0	1953125	12	0.0	7326	2.28	0	0	V0.2	0	0	39	60	48	71	28	46	50	59	40	44	51	41	47	39	66	27	57	50	89	15	64	66	120	44	119	77	138	49	36	88	112	67	129	132	174	72	100	309	414	320	293	30	318	560	776	617	389	116	207	152	95	433	915	999	896	585	221	451	503	483	159	187	204	265	102	124	54	73	49	159	94	109	22	120	62	91	56	119	56	63	62	103	58	57	76
64	170	2	2	119	0	1953125	12	0.0	7406	2.29	0	0	V0.2	0	0	48	37	42	18	56	23	43	5	44	5	38	24	27	28	24	38	3	37	30	46	42	40	80	57	114	82	140	98	100	42	99	26	69	99	200	119	107	122	259	302	362	148	119	393	601	528	378	114	434	490	349	206	672	935	1000	621	215	153	299	149	85	95	155	13	68	122	115	65	103	132	104	44	44	85	47	79	46	59	24	61	38	62	49	58	43
64	170	2	2	119	0	1953125	12	0.0	7450	2.30	0	0	V0.2	0	0	16	78	37	83	34	70	43	56	44	42	49	23	57	29	44	32	55	25	13	71	35	54	37	127	39	131	97	207	73	158	57	139	110	156	287	337	155	98	314	439	443	338	117	483	787	790	438	337	593	770	409	103	654	1000	825	444	376	480	429	216	127	291	183	155	184	282	99	77	166	239	63	33	122	127	42	70	87	57	56	59	64	26	95	78	50
64	170	2	2	119	0	1953125	12	0.0	0	0.98	0	0	V0.2	0	0	335	357	371	351	314	268	270	267	244	191	154	171	141	121	105	138	173	167	191	232	292	294	358	336	398	439	436	420	449	529	471	572	482	545	514	298	602	632	452	469	606	657	483	215	805	446	519	341	765	426	502	760	666	464	908	314	1000	338	412	377	556	355	295	344	631	490	377	291	425	436	380	320	305	298	339	294	224	190	211	214	191	106	67	103	106
64	170	1	2	119	0	1953125	12	0.0	7450	2.30	0	0	V0.2	0	0	28	29	28	12	11	38	20	9	13	16	18	11	13	14	19	11	11	40	9	10	31	27	47	39	13	58	50	20	48	36	110	51	7	106	351	333	267	256	433	157	496	58	446	128	248	326	345	366	808	583	266	579	474	587	999	942	648	757	352	701	319	141	478	155	207	179	150	102	147	29	17	50	89	38	19	18	50	45	23	11	39	33	13	10	20
64	170	1	2	119	0	1953125	12	0.0	7933	2.38	0	0	V0.2	0	0	12	24	61	30	45	17	56	36	45	39	8	58	24	5	47	36	25	58	79	17	53	70	101	72	9	25	137	123	76	56	126	172	89	149	192	78	162	71	165	102	222	133	166	320	612	546	332	293	752	894	647	250	603	1000	880	605	499	425	319	144	309	213	59	142	250	74	97	145	140	146	131	101	84	106	36	26	81	69	60	43	24	60	85	36	23
64	170	1	2	119	0	1953125	12	0.0	7690	2.34	0	0	V0.2	0	0	56	83	33	50	43	62	44	29	29	59	29	16	33	49	12	17	59	84	20	62	27	61	100	39	127	118	64	146	149	315	229	163	214	193	130	313	288	311	359	185	309	255	502	477	527	579	600	799	635	544	487	666	959	1000	924	796	519	480	380	227	66	86	245	140	115	156	195	235	64	50	110	184	65	51	19	104	34	71	57	81	73	28	17	24	25
64	170	1	2	119	0	1953125	12	0.0	7790	2.36	0	0	V0.2	0	0	41	37	67	56	18	45	51	38	24	14	49	34	13	14	44	14	8	46	38	43	44	50	113	82	48	71	99	182	137	225	102	243	179	136	335	411	289	266	155	411	326	279	146	457	541	572	465	399	467	465	681	733	940	978	802	1000	955	807	579	348	360	210	123	140	359	266	160	63	107	44	64	28	100	80	66	52	63	56	70	29	28	67	48	13	41
64	170	1	2	119	0	1953125	12	0.0	7779	2.35	0	0	V0.2	0	0	55	40	25	41	33	45	19	30	26	61	10	28	26	42	9	4	50	20	44	22	86	63	9	62	78	49	75	122	176	102	202	90	104	193	239	265	322	111	193	140	228	91	144	225	394	448	278	232	206	540	685	793	859	794	751	992	935	1000	799	545	337	75	166	181	269	147	151	29	86	57	101	18	66	25	41	77	91	50	52	44	54	40	49	52	51
64	170	1	2	119	0	1953125	12	0.0	8173	2.42	0	0	V0.2	0	0	58	22	32	27	45	28	32	22	16	50	16	25	22	26	9	15	41	6	23	16	57	64	19	47	70	21	43	67	135	66	143	53	87	190	149	140	148	56	138	178	263	157	203	358	510	419	190	145	185	242	409	626	777	652	461	604	763	999	887	616	332	178	257	216	195	58	66	43	55	38	74	9	37	28	17	68	56	35	13	36	8	26	32	30	8
64	170	1	2	119	0	1953125	12	0.0	7620	2.33	0	0	V0.2	0	0	35	36	47	37	27	35	32	36	13	42	5	38	18	30	18	29	28	15	21	44	55	29	85	58	21	38	45	109	102	90	199	178	103	186	183	96	195	202	116	200	131	36	59	224	341	299	304	257	248	420	448	535	677	726	734	1000	995	927	788	584	249	162	132	273	189	162	127	43	81	30	100	32	94	63	19	26	46	39	33	53	27	55	28	17	11
64	170	1	2	119	0	1953125	12	0.0	7556	2.32	0	0	V0.2	0	0	63	43	42	20	46	30	57	4	35	33	36	15	13	45	35	30	3	62	39	37	50	46	49	88	49	105	34	123	120	227	117	136	128	68	240	268	234	241	82	255	201	168	141	310	358	405	194	246	357	433	437	311	429	557	704	1000	972	931	640	322	152	66	136	125	226	155	181	29	83	11	50	52	120	46	42	30	62	10	27	39	64	16	14	29	33
64	170	1	2	119	0	1953125	12	0.0	7626	2.33	0	0	V0.2	0	0	49	49	17	55	46	42	21	26	51	56	20	23	38	31	12	32	46	0	11	59	87	32	76	46	58	64	47	61	129	212	149	239	115	147	204	142	272	191	157	271	341	384	175	197	458	515	279	299	370	563	403	242	171	394	645	861	1000	984	620	503	172	172	21	160	152	226	66	125	44	63	73	128	64	81	37	56	7	7	49	53	15	19	43	27	15
64	170	1	2	119	0	1953125	12	0.0	7721	2.34	0	0	V0.2	0	0	41	57	58	48	44	30	57	52	13	34	32	28	19	24	39	12	22	32	53	22	50	84	55	152	46	95	23	204	138	173	178	75	223	183	198	313	173	137	150	364	542	386	249	403	677	666	654	498	812	899	724	367	326	772	862	1000	917	771	720	528	263	264	39	74	247	181	105	72	79	112	90	58	133	102	48	33	50	62	84	31	27	59	47	6	34
64	170	1	2	119	0	1953125	12	0.0	7993	2.39	0	0	V0.2	0	0	42	48	67	38	14	58	20	66	16	24	55	65	24	23	80	23	32	81	71	61	80	122	83	80	56	67	128	189	151	138	112	137	104	149	273	173	42	35	76	339	486	406	301	474	591	557	418	441	732	713	569	174	427	814	999	815	275	96	411	398	259	304	190	84	227	257	177	95	68	48	81	82	126	60	72	65	53	65	60	11	33	80	43	14	43
64	170	2	2	119	0	1953125	12	0.0	0	0.96	0	0	V0.2	0	0	484	487	448	414	386	389	368	340	299	253	234	214	179	127	161	168	173	214	253	298	375	373	445	452	500	510	556	632	603	585	750	676	726	772	667	430	863	667	908	742	297	749	775	1000	221	573	971	512	901	515	701	901	913	830	594	914	505	709	488	916	487	433	696	473	477	510	636	542	527	460	419	459	475	450	359	286	333	334	315	277	140	162	187	179	94
64	170	2	2	119	0	1953125	12	0.0	0	0.97	0	0	V0.2	0	0	273	322	286	327	277	325	288	335	279	328	279	333	276	331	261	335	266	345	244	336	262	356	250	337	245	394	263	369	202	466	286	417	190	569	584	352	511	405	641	279	593	290	611	274	657	126	489	151	663	143	630	255	406	80	1000	752	540	265	848	550	553	595	293	397	275	403	437	376	288	443	342	428	275	395	349	430	292	393	319	419	319	383	310	398	325
64	170	2	2	119	0	1953125	12	0.0	0	0.98	0	0	V0.2	0	0	19	72	25	75	38	57	33	52	32	48	32	50	22	46	26	45	3	57	23	61	18	95	9	68	27	123	27	99	58	204	115	206	190	497	607	628	486	479	743	594	550	203	519	480	541	323	378	551	729	663	654	730	400	542	835	1000	449	551	774	988	461	172	170	343	306	32	141	231	227	30	140	100	103	34	129	72	68	12	90	59	32	31	60	37	34
64	170	2	2	119	0	1953125	12	0.0	0	0.99	0	0	V0.2	0	0	13	43	10	50	9	50	12	45	15	41	20	33	5	33	18	34	20	46	24	40	29	58	24	51	40	77	30	78	73	144	95	148	138	330	342	425	305	411	470	420	328	239	398	470	398	236	197	117	217	215	217	354	729	852	1000	944	360	128	130	291	263	284	362	248	111	202	191	220	96	93	86	90	39	71	68	42	19	57	60	19	28	39	39	9	28
64	170	2	2	119	0	1953125	12	0.0	0	0.99	0	0	V0.2	0	0	13	43	10	50	9	50	12	45	15	41	20	33	5	33	18	34	20	46	24	40	29	58	24	51	40	77	30	78	73	144	95	148	138	330	342	425	305	411	470	420	328	239	398	470	398	236	197	117	217	215	217	354	729	852	1000	944	360	128	130	291	263	284	362	248	111	202	191	220	96	93	86	90	39	71	68	42	19	57	60	19	28	39	39	9	28
64	170	2	2	119	0	1953125	12	0.0	7475	2.30	0	0	V0.2	0	0	24	33	42	21	23	31	33	24	14	12	37	15	3	15	30	2	7	38	12	18	14	49	58	10	25	31	79	67	69	85	116	103	91	183	428	539	619	561	743	269	590	220	528	901	98	288	31	337	422	423	925	160	598	410	606	1000	919	978	295	795	242	195	400	119	115	130	175	126	137	36	55	21	71	39	59	23	53	44	32	8	30	33	12	26	17
64	170	2	2	119	0	1953125	12	0.0	7431	2.29	0	0	V0.2	0	0	13	115	34	89	14	105	17	86	20	68	13	72	37	51	31	51	40	52	53	3	42	58	61	81	73	176	205	105	172	44	89	161	203	318	378	248	255	72	195	419	607	396	296	439	622	531	414	32	384	357	207	558	1000	982	958	573	553	633	756	456	293	387	318	251	28	71	95	70	265	230	120	57	162	145	53	31	138	102	46	51	102	51	50	77	82
64	170	2	2	119	0	1953125	12	0.0	7386	2.29	0	0	V0.2	0	0	46	44	36	56	43	41	30	46	25	31	4	47	7	33	33	49	12	17	58	44	28	7	69	14	113	77	163	67	75	14	100	69	211	143	215	103	92	54	243	231	353	202	92	300	557	473	313	160	209	93	232	584	999	991	893	684	571	755	683	513	242	305	191	171	6	134	24	42	161	221	93	72	104	161	59	60	76	103	21	53	74	68	35	75	82
64	170	2	2	119	0	1953125	12	0.0	7326	2.28	0	0	V0.2	0	0	5	62	11	54	7	46	13	53	16	46	22	43	36	39	39	28	49	27	61	10	56	34	96	43	121	60	119	26	52	94	162	126	219	119	144	60	107	168	294	178	192	80	201	330	496	375	279	280	276	264	465	745	1000	877	744	609	690	800	683	496	251	300	181	153	33	152	56	28	135	156	78	56	98	120	59	64	87	95	38	56	73	65	42	65	78
64	170	2	2	119	0	1953125	12	0.0	0	0.96	0	0	V0.2	0	0	375	353	322	298	301	304	272	230	198	181	190	150	104	93	141	161	133	151	192	259	256	264	327	373	377	404	403	397	521	483	450	539	418	566	589	484	442	562	251	609	588	428	729	622	221	388	743	362	616	266	273	1000	446	750	748	897	179	904	377	466	251	406	453	518	354	320	357	396	411	369	319	296	309	335	292	235	191	222	234	195	151	107	116	93	100
64	170	2	2	119	0	1953125	12	0.0	0	0.96	0	0	V0.2	0	0	54	24	48	26	62	9	60	22	63	13	59	34	50	28	63	39	64	42	85	37	89	56	112	46	130	94	68	54	132	141	61	130	232	367	212	252	289	535	500	426	313	205	280	172	142	32	191	486	828	744	670	718	589	954	1000	987	354	142	155	453	323	87	48	243	276	110	46	107	183	104	50	80	99	67	57	97	62	62	53	98	48	57	53	63	39
64	170	1	2	119	0	1953125	12	0.0	0	0.96	0	0	V0.2	0	0	245	209	242	210	249	216	250	203	254	211	255	206	244	210	248	210	241	210	237	214	244	221	235	224	246	261	206	248	232	309	214	269	179	436	183	304	87	539	193	458	231	380	327	255	354	207	255	527	343	514	501	394	641	590	1000	512	595	178	509	102	410	251	327	177	320	313	287	238	253	316	273	294	210	302	268	308	220	292	238	319	222	296	218	305	233
64	170	1	2	119	0	1953125	12	0.0	0	0.96	0	0	V0.2	0	0	245	209	242	210	249	216	250	203	254	211	255	206	244	210	248	210	241	210	237	214	244	221	235	224	246	261	206	248	232	309	214	269	179	436	183	304	87	539	193	458	231	380	327	255	354	207	255	527	343	514	501	394	641	590	1000	512	595	178	509	102	410	251	327	177	320	313	287	238	253	316	273	294	210	302	268	308	220	292	238	319	222	296	218	305	233
64	170	1	2	119	0	1953125	12	0.0	0	0.96	0	0	V0.2	0	0	218	241	221	239	214	241	222	254	205	249	204	262	202	251	193	257	199	256	190	255	189	272	190	271	178	274	238	266	207	251	252	297	309	192	395	177	412	137	576	45	467	122	401	237	183	424	224	98	628	304	456	355	664	857	640	1000	207	339	192	626	169	368	184	446	229	260	237	357	277	247	252	301	316	249	264	268	306	255	287	235	307	241	304	222	296
64	170	1	2	119	0	1953125	12	0.0	0	0.96	0	0	V0.2	0	0	269	271	268	266	264	273	274	279	253	281	254	297	239	288	235	297	234	296	219	299	221	326	207	325	183	349	249	327	191	346	255	391	235	373	436	231	407	367	643	160	560	92	533	161	314	472	175	272	727	172	589	202	900	828	953	1000	486	274	442	663	39	462	262	527	139	355	272	445	236	337	262	405	305	322	278	361	315	329	293	322	326	310	326	287	331
64	170	1	2	119	0	1953125	12	0.0	0	0.96	0	0	V0.2	0	0	236	252	237	249	232	253	240	265	221	262	220	277	212	266	205	273	207	274	195	275	195	296	190	296	176	302	246	284	197	288	253	337	273	281	414	188	409	269	638	73	543	40	507	173	276	413	198	85	643	282	462	342	685	866	717	1000	301	302	263	645	73	418	198	475	186	315	245	395	259	288	264	334	316	276	273	302	317	278	299	262	320	260	320	241	316
64	170	1	2	119	0	1953125	12	0.0	0	0.98	0	0	V0.2	0	0	22	67	30	76	34	57	30	60	42	39	25	47	23	43	26	54	6	64	27	60	25	85	4	58	49	147	69	79	34	166	61	128	160	383	322	246	313	712	820	727	682	446	616	491	456	415	98	276	674	623	407	384	551	999	993	983	231	497	625	668	446	210	148	240	215	81	138	122	131	65	130	66	94	31	138	75	58	14	78	48	35	30	53	34	32
64	170	1	2	119	0	1953125	12	0.0	0	0.98	0	0	V0.2	0	0	336	312	331	326	346	321	336	322	347	325	339	309	339	325	340	304	326	317	348	308	319	321	351	335	313	327	381	356	328	311	401	399	392	322	571	202	601	334	920	74	667	198	662	20	537	333	552	259	791	595	122	500	737	373	789	658	964	492	745	999	210	626	281	625	223	428	360	499	326	394	360	481	340	429	328	465	358	416	343	425	369	411	344	412	362
64	170	2	2	119	0	1953125	12	0.0	0	0.98	0	0	V0.2	0	0	12	45	16	52	10	46	11	47	22	33	15	34	8	31	21	39	8	46	20	40	16	56	6	36	49	91	17	75	53	150	58	76	96	266	209	185	221	459	500	387	334	272	396	405	366	331	291	94	86	53	205	354	844	976	1000	957	462	427	426	495	271	37	138	173	123	90	121	106	82	74	103	70	75	36	96	36	41	13	63	21	35	27	44	21	23
64	170	1	2	119	0	1953125	12	0.0	7411	2.29	0	0	V0.2	0	0	18	23	29	19	13	28	22	19	12	14	25	18	0	15	25	8	9	30	18	13	10	29	49	10	20	27	51	46	46	74	67	83	65	77	170	223	270	366	443	318	263	165	205	253	250	98	381	243	221	405	250	200	300	490	611	1000	534	508	66	488	208	136	225	136	113	41	41	55	34	44	36	44	50	7	25	11	28	29	10	14	15	20	18	21	2
64	170	1	2	119	0	1953125	12	0.0	0	0.99	0	0	V0.2	0	0	260	249	264	247	267	246	274	248	266	247	271	248	263	240	272	241	265	228	277	234	273	220	280	248	277	220	301	248	298	215	330	242	390	81	530	216	479	112	609	294	396	180	484	365	247	486	163	215	508	190	490	229	733	790	654	1000	220	318	265	726	229	300	364	326	288	272	297	435	223	340	236	384	284	322	254	343	303	313	272	315	298	316	273	299	296
64	170	1	2	119	0	1953125	12	0.0	0	0.99	0	0	V0.2	0	0	260	249	264	247	267	246	274	248	266	247	271	248	263	240	272	241	265	228	277	234	273	220	280	248	277	220	301	248	298	215	330	242	390	81	530	216	479	112	609	294	396	180	484	365	247	486	163	215	508	190	490	229	733	790	654	1000	220	318	265	726	229	300	364	326	288	272	297	435	223	340	236	384	284	322	254	343	303	313	272	315	298	316	273	299	296
64	170	1	2	119	0	1953125	12	0.0	7356	2.28	0	0	V0.2	0	0	19	29	35	23	17	24	35	25	14	10	32	18	3	15	26	13	5	33	20	22	6	48	49	34	17	31	75	45	8	9	170	96	27	103	324	352	360	271	489	315	377	98	367	300	272	427	411	114	274	448	124	781	464	714	804	1000	314	396	246	254	183	55	385	150	110	84	140	52	162	26	32	10	66	41	49	6	40	44	33	7	20	34	22	16	7
64	170	2	2	119	0	1953125	12	0.0	8023	2.40	0	0	V0.2	0	0	22	58	44	34	28	39	60	33	27	53	16	57	29	5	43	15	23	64	52	90	86	58	97	39	58	69	50	155	91	126	159	140	115	205	294	123	60	75	93	308	215	192	104	227	550	712	697	509	443	880	999	816	449	858	865	404	446	704	524	6	403	297	32	255	272	3	80	139	174	118	16	87	117	44	61	64	39	103	35	62	90	31	52	47	32
64	170	2	2	119	0	1953125	12	0.0	7616	2.33	0	0	V0.2	0	0	70	36	67	26	92	34	45	30	61	32	37	31	31	24	23	24	41	7	59	10	100	95	97	135	35	62	43	165	134	38	150	187	75	121	189	124	184	281	197	339	290	91	141	381	722	752	949	932	767	768	715	915	1000	904	832	586	348	328	260	163	161	99	112	80	124	147	100	189	74	89	46	95	53	76	81	23	29	38	52	21	67	42	47	41	13
64	170	2	2	119	0	1953125	12	0.0	7832	2.36	0	0	V0.2	0	0	58	71	41	43	33	60	57	15	41	51	21	16	25	27	38	22	33	53	60	52	68	14	79	94	62	118	71	108	142	201	51	156	152	180	427	412	312	267	163	421	376	329	79	461	741	836	693	575	809	878	820	612	836	873	820	1000	954	875	618	531	480	269	124	224	280	177	123	84	105	51	35	128	147	77	51	50	83	60	8	22	74	56	20	20	36
64	170	2	2	119	0	1953125	12	0.0	7780	2.35	0	0	V0.2	0	0	45	45	34	26	40	52	33	3	52	32	24	9	35	13	31	27	36	32	49	54	79	43	12	68	19	74	20	89	44	162	154	60	147	291	249	304	292	215	312	236	235	150	104	237	447	537	446	447	315	429	490	545	622	599	615	971	992	1000	828	554	379	178	181	47	178	124	142	57	88	60	109	40	29	33	48	44	74	10	33	26	52	16	7	25	28
64	170	2	2	119	0	1953125	12	0.0	7425	2.29	0	0	V0.2	0	0	72	10	63	12	67	34	43	22	52	42	28	19	46	41	31	11	49	34	28	13	83	57	75	42	67	50	83	81	60	99	23	15	185	268	268	348	240	286	241	214	179	64	174	314	447	339	250	101	158	274	395	510	586	736	839	1000	980	967	720	609	397	256	201	47	118	119	187	76	80	8	82	38	112	76	96	69	29	33	47	52	13	22	38	50	49
64	170	2	2	119	0	1953125	12	0.0	7450	2.30	0	0	V0.2	0	0	36	41	57	24	32	46	43	30	23	50	20	40	35	49	8	38	34	29	35	20	31	28	100	46	28	72	124	44	63	54	93	62	91	251	240	260	293	278	259	149	189	90	85	328	477	427	251	144	363	478	513	375	423	584	662	996	1000	880	716	572	519	314	120	142	259	148	95	95	150	21	41	132	128	51	68	78	60	31	33	37	22	84	69	54	58
64	170	2	2	119	0	1953125	12	0.0	7420	2.29	0	0	V0.2	0	0	10	61	12	45	17	50	17	54	32	40	25	48	34	17	34	30	23	23	55	14	24	64	99	27	18	93	88	25	22	77	59	92	116	244	191	231	246	238	198	72	96	35	108	333	412	341	213	209	323	374	376	267	335	534	632	972	1000	865	669	460	424	290	155	81	231	155	103	51	151	66	12	91	139	46	53	57	85	21	26	42	29	39	55	48	32
64	170	2	2	119	0	1953125	12	0.0	6295	2.10	0	0	V0.2	0	0	67	89	20	75	88	38	50	7	80	89	28	54	29	44	49	73	107	50	53	24	100	175	122	200	226	76	101	51	149	259	159	271	301	101	167	127	159	294	160	250	233	206	466	540	656	833	795	653	642	464	342	476	569	897	915	999	973	914	606	327	344	182	360	409	293	353	259	41	82	59	225	232	145	177	116	36	110	83	141	143	66	52	27	73	109
64	170	1	2	119	0	1953125	12	0.0	7570	2.32	0	0	V0.2	0	0	23	13	17	15	14	15	15	8	13	11	8	6	5	13	3	5	13	5	13	8	7	48	36	53	19	21	33	39	41	64	26	72	41	128	128	133	82	180	112	71	187	105	88	129	126	268	243	125	124	105	64	186	216	187	645	1000	754	286	463	514	161	85	142	94	95	85	49	42	52	8	6	69	32	40	29	14	34	6	8	19	14	10	1	5	10
64	170	1	2	119	0	1953125	12	0.0	7808	2.36	0	0	V0.2	0	0	59	40	58	12	57	26	51	13	11	56	43	3	18	42	20	19	53	27	41	31	80	60	21	70	18	97	25	89	73	164	49	149	32	43	172	299	211	172	45	191	335	386	410	310	424	559	531	256	616	841	877	501	441	721	931	1000	835	691	475	428	383	200	42	233	285	153	80	99	89	43	57	119	93	48	30	38	77	61	20	50	87	36	21	48	54
64	170	1	2	119	0	1953125	12	0.0	7391	2.29	0	0	V0.2	0	0	136	61	51	24	117	84	50	32	119	93	23	30	95	67	25	66	136	69	28	84	236	189	138	87	193	263	117	156	121	347	189	175	88	506	524	494	431	286	626	599	610	413	442	700	993	921	613	649	700	901	787	494	523	681	999	753	514	312	181	137	96	101	235	286	127	107	238	333	233	222	77	163	184	133	103	91	185	135	137	22	112	108	80	15	79
64	170	1	2	119	0	1953125	12	0.0	7501	2.31	0	0	V0.2	0	0	38	79	19	45	34	71	20	47	35	40	43	33	54	13	58	28	42	38	69	26	50	32	105	54	72	56	122	91	130	76	104	45	80	183	396	323	330	149	382	362	466	272	48	439	843	814	660	286	801	1000	916	517	430	712	815	480	389	469	441	90	318	385	379	90	172	144	119	149	273	163	103	94	145	58	50	93	85	27	40	66	26	57	52	48	23
64	170	2	2	119	0	1953125	12	0.0	0	0.98	0	0	V0.2	0	0	312	299	286	305	291	254	213	219	213	203	122	116	131	127	99	98	146	187	169	192	237	277	268	320	298	367	385	406	409	385	480	412	525	499	443	535	357	530	314	381	647	311	457	554	425	121	744	463	545	180	628	720	366	269	999	128	569	458	420	702	337	349	446	322	327	386	377	301	313	311	309	295	255	236	265	245	211	175	158	158	150	105	73	61	55
64	170	1	2	119	0	1953125	12	0.0	0	0.98	0	0	V0.2	0	0	32	48	26	53	41	40	40	34	33	36	36	30	19	43	36	34	5	54	21	44	9	87	28	59	7	101	57	64	10	128	93	146	154	328	411	341	359	384	582	448	421	185	388	388	287	170	95	329	581	642	386	460	391	761	999	922	310	413	589	544	267	115	285	242	214	75	193	150	143	64	185	111	72	27	130	78	38	38	81	58	30	46	42	25	36
64	170	2	2	119	0	1953125	12	0.0	0	0.98	0	0	V0.2	0	0	303	281	299	284	313	286	306	284	307	289	310	277	300	282	311	274	288	278	311	281	291	270	317	292	302	278	330	301	319	264	367	341	397	252	592	76	658	123	821	239	564	198	568	106	494	315	416	140	609	319	332	208	760	596	753	882	495	434	539	999	74	421	331	494	266	307	343	454	301	355	287	456	309	382	276	407	337	376	291	375	330	378	304	355	320
64	170	2	2	119	0	1953125	12	0.0	7481	2.30	0	0	V0.2	0	0	15	20	27	20	14	17	21	18	12	8	18	13	4	13	22	9	15	28	22	16	16	30	38	16	15	7	71	52	64	59	29	91	50	85	90	137	310	370	386	337	370	91	222	358	116	52	182	258	227	449	349	205	162	406	400	1000	742	476	206	470	205	250	287	74	98	12	151	13	90	39	87	14	64	37	50	28	28	51	33	14	11	31	29	20	13
64	170	2	2	119	0	1953125	12	0.0	7461	2.30	0	0	V0.2	0	0	25	60	36	43	20	47	7	57	32	50	8	53	34	34	19	39	27	12	46	21	42	7	65	12	25	63	92	59	103	73	94	106	172	204	263	244	301	145	113	192	380	266	164	121	321	268	217	110	314	345	401	618	698	570	525	727	1000	955	781	430	245	240	128	26	145	111	51	87	214	147	77	64	153	92	46	50	90	28	55	68	72	17	69	69	41
64	170	2	2	119	0	1953125	12	0.0	6680	2.17	0	0	V0.2	0	0	98	10	75	30	75	72	28	71	16	60	27	64	47	25	31	58	81	37	74	14	78	48	67	74	51	84	36	142	53	178	190	140	269	147	246	281	207	313	205	20	124	373	491	387	468	249	233	543	735	992	1000	823	706	287	197	447	796	973	837	700	628	417	472	384	291	259	56	184	148	241	223	83	116	51	157	125	72	79	46	122	92	91	64	54	93
64	170	2	2	119	0	1953125	12	0.0	6745	2.18	0	0	V0.2	0	0	63	42	84	19	48	54	61	42	36	63	33	53	41	61	8	50	46	33	69	63	65	17	105	56	53	49	131	61	50	145	72	128	104	211	141	236	246	262	232	110	54	166	262	459	366	76	205	626	600	662	763	1000	978	425	300	646	742	460	357	669	740	572	367	216	243	131	131	221	173	120	98	129	45	124	85	81	27	126	71	72	75	117	50	56	96
64	170	2	2	119	0	1953125	12	0.0	6842	2.19	0	0	V0.2	0	0	66	28	33	34	36	49	24	28	22	57	11	11	45	44	15	22	69	18	29	54	76	30	55	96	82	63	64	113	77	72	64	16	93	101	88	155	201	250	153	193	71	35	218	313	274	121	235	453	564	636	838	1000	807	391	186	534	544	287	338	635	625	516	166	163	110	98	111	179	71	44	105	85	71	60	92	28	98	87	86	16	73	51	39	46	69
64	170	2	2	119	0	1953125	12	0.0	6817	2.19	0	0	V0.2	0	0	69	20	40	16	63	15	32	27	46	19	29	33	19	40	34	51	2	47	33	51	36	63	54	72	57	81	42	55	63	96	23	48	105	57	197	154	237	132	230	161	67	89	300	290	242	35	255	364	549	682	933	1000	749	337	204	490	523	295	269	567	598	552	236	179	130	143	45	184	111	92	58	140	80	82	61	106	48	77	87	96	30	55	72	65	30
64	170	2	2	119	0	1953125	12	0.0	6700	2.17	0	0	V0.2	0	0	38	58	28	47	36	49	25	36	36	40	28	17	41	34	26	10	59	32	40	22	63	19	46	40	45	40	38	80	77	79	87	144	181	168	237	155	206	58	142	19	93	208	336	249	186	75	227	327	546	682	951	1000	805	447	193	392	556	425	69	221	353	428	226	190	138	178	53	114	112	158	66	62	48	95	27	85	51	53	24	84	58	32	21	65	53
64	170	2	2	119	0	1953125	12	0.0	0	0.98	0	0	V0.2	0	0	290	293	311	297	278	242	231	224	200	161	136	125	126	98	80	118	127	140	168	196	212	262	272	286	323	357	402	407	342	431	466	461	412	524	421	493	397	374	566	548	482	646	443	367	407	172	581	651	96	707	299	812	1000	411	773	461	897	180	265	841	442	407	297	348	492	402	341	366	361	352	350	274	220	276	274	252	200	160	170	192	146	75	51	78	68
64	170	2	2	119	0	1953125	12	0.0	0	0.97	0	0	V0.2	0	0	21	56	23	66	5	49	9	53	2	49	15	44	7	47	23	35	26	61	24	43	44	88	24	78	67	134	38	99	38	131	30	168	176	258	194	210	371	477	559	323	347	238	313	169	160	63	122	374	640	755	413	413	539	999	930	919	147	509	485	610	364	140	300	258	213	43	133	110	57	50	149	97	33	35	118	100	23	60	63	71	11	56	32	24	25
64	170	1	2	119	0	1953125	12	0.0	0	0.98	0	0	V0.2	0	0	284	252	288	250	291	254	291	258	284	253	293	251	285	243	288	252	281	236	289	250	288	232	288	250	319	216	321	235	344	228	312	240	428	153	408	191	553	252	602	333	423	339	373	325	327	320	334	283	626	693	250	513	459	1000	448	957	241	420	97	719	313	400	111	462	354	304	246	359	338	362	237	358	326	368	272	326	322	353	306	304	311	340	310	312	291
64	170	1	2	119	0	1953125	12	0.0	0	0.98	0	0	V0.2	0	0	16	48	10	60	19	50	16	42	19	40	15	32	2	42	22	29	11	50	11	32	29	64	18	47	54	110	22	99	35	129	37	120	126	237	152	221	314	535	538	366	352	295	359	133	77	40	148	354	707	809	624	525	534	941	935	1000	349	232	219	515	314	68	158	183	161	72	79	59	50	109	113	35	20	62	106	32	24	24	63	32	24	20	24	4	39
64	170	1	2	119	0	1953125	12	0.0	0	0.96	0	0	V0.2	0	0	224	245	236	254	228	247	227	269	222	259	211	265	221	263	204	259	208	270	209	261	194	274	216	275	209	252	251	276	244	240	242	310	342	173	370	154	529	85	594	164	417	219	363	250	249	278	366	76	643	445	488	555	448	849	494	1000	230	139	124	685	320	268	220	399	345	212	248	317	346	267	252	280	331	288	283	254	311	275	314	245	303	252	320	251	297
64	170	1	2	119	0	1953125	12	0.0	0	0.97	0	0	V0.2	0	0	48	34	46	40	30	26	42	47	24	37	31	41	23	40	33	30	42	49	36	40	63	84	41	78	69	110	18	100	58	122	16	198	197	235	190	205	378	432	505	283	305	203	269	136	57	38	152	390	549	692	447	552	506	1000	956	947	287	327	327	592	425	117	150	176	161	114	105	123	37	25	104	121	24	37	63	100	19	67	50	63	23	54	51	20	19
64	170	1	2	119	0	1953125	12	0.0	6580	2.15	0	0	V0.2	0	0	26	29	37	38	30	22	31	38	28	14	29	25	16	7	35	30	28	40	29	35	25	37	78	27	31	19	80	104	83	38	105	72	12	70	166	218	421	516	496	405	340	231	297	425	69	279	334	388	430	817	361	496	239	594	651	999	773	579	94	238	279	310	392	48	109	117	153	73	91	101	74	48	53	27	61	36	6	52	45	27	4	27	38	36	1
64	170	1	2	119	0	1953125	12	0.0	6580	2.15	0	0	V0.2	0	0	26	29	37	38	30	22	31	38	28	14	29	25	16	7	35	30	28	40	29	35	25	37	78	27	31	19	80	104	83	38	105	72	12	70	166	218	421	516	496	405	340	231	297	425	69	279	334	388	430	817	361	496	239	594	651	999	773	579	94	238	279	310	392	48	109	117	153	73	91	101	74	48	53	27	61	36	6	52	45	27	4	27	38	36	1
64	170	1	2	119	0	1953125	12	0.0	6625	2.16	0	0	V0.2	0	0	37	62	53	46	29	65	26	58	32	66	9	63	51	55	42	60	67	28	67	40	70	23	90	58	107	89	121	111	175	171	177	111	179	198	195	100	179	166	189	115	149	302	225	188	81	317	477	701	595	594	603	667	424	124	616	957	999	581	353	593	691	570	434	304	288	150	158	181	164	112	114	93	29	115	97	98	27	107	69	82	76	109	53	49	78
64	170	1	2	119	0	1953125	12	0.0	0	0.98	0	0	V0.2	0	0	340	341	357	348	310	270	277	267	245	191	161	165	150	112	96	135	156	158	194	230	267	284	325	367	347	451	439	457	382	487	585	505	558	560	544	617	372	522	765	417	447	691	420	363	307	383	502	838	208	738	128	927	958	510	887	805	1000	497	217	933	320	636	431	364	409	471	379	398	407	409	403	331	288	301	322	299	223	175	193	207	158	113	63	105	90
64	170	1	2	119	0	1953125	12	0.0	0	0.99	0	0	V0.2	0	0	53	38	69	33	67	18	63	19	56	12	45	21	51	26	40	36	42	36	35	50	40	73	60	50	47	86	110	72	56	120	122	172	235	326	411	239	490	569	679	332	281	316	477	353	286	257	242	505	635	749	280	511	611	1000	963	559	441	978	706	466	35	368	585	247	74	179	330	137	116	152	269	143	66	74	142	85	64	75	70	46	56	64	29	11	54
64	170	1	2	119	0	1953125	12	0.0	0	0.99	0	0	V0.2	0	0	249	248	249	257	263	250	255	257	259	256	249	249	260	251	254	238	260	241	266	229	261	235	278	235	272	218	324	230	292	198	364	223	352	82	530	284	428	115	623	349	430	274	469	469	157	338	334	69	742	486	612	661	428	772	646	1000	384	110	484	548	297	62	592	439	255	335	289	492	207	319	237	395	285	314	240	347	308	312	252	312	309	311	271	281	308
64	170	1	2	119	0	1953125	12	0.0	0	0.99	0	0	V0.2	0	0	249	248	249	257	263	250	255	257	259	256	249	249	260	251	254	238	260	241	266	229	261	235	278	235	272	218	324	230	292	198	364	223	352	82	530	284	428	115	623	349	430	274	469	469	157	338	334	69	742	486	612	661	428	772	646	1000	384	110	484	548	297	62	592	439	255	335	289	492	207	319	237	395	285	314	240	347	308	312	252	312	309	311	271	281	308
64	170	1	2	119	0	1953125	12	0.0	0	1.00	0	0	V0.2	0	0	297	322	307	305	288	334	307	320	278	329	313	320	272	318	301	335	258	310	300	341	266	296	306	358	285	294	318	383	320	271	352	384	403	272	471	547	372	447	540	696	161	572	132	534	340	218	504	487	703	1000	384	934	173	591	208	586	939	690	819	864	273	529	521	776	111	488	175	599	280	394	246	485	347	383	275	421	374	375	302	368	392	361	325	342	380
64	170	2	2	119	0	1953125	12	0.0	0	1.00	0	0	V0.2	0	0	302	326	296	312	294	341	298	320	284	337	309	314	277	330	304	324	262	322	310	329	268	302	325	346	278	297	349	368	305	253	414	359	384	177	566	465	428	333	610	650	173	505	271	352	421	200	636	482	630	785	239	702	491	305	383	446	939	720	1000	963	256	371	653	703	180	425	331	604	236	375	317	488	343	350	324	433	383	339	335	381	405	337	339	354	400
64	170	2	2	119	0	1953125	12	0.0	7776	2.35	0	0	V0.2	0	0	22	41	45	15	11	33	37	35	11	27	31	30	16	21	29	34	11	43	24	31	31	53	51	29	14	83	81	47	42	66	133	64	51	100	319	279	334	188	443	174	201	455	389	319	59	347	357	34	655	377	722	243	486	328	513	833	1000	957	467	919	75	120	610	336	178	61	104	113	240	26	26	67	142	32	31	41	87	61	23	35	52	45	26	40	37
64	170	1	2	119	0	1953125	12	0.0	7634	2.33	0	0	V0.2	0	0	28	35	18	36	39	21	31	9	47	34	4	22	21	15	5	25	40	18	29	29	20	51	34	47	97	53	35	24	98	160	119	165	187	119	123	172	95	180	177	123	124	86	179	219	341	289	164	138	148	137	17	73	325	555	612	925	997	999	956	752	475	253	37	149	151	176	56	72	30	71	54	33	56	23	71	81	33	48	16	37	38	13	9	26	31
64	170	1	2	119	0	1953125	12	0.0	7634	2.33	0	0	V0.2	0	0	28	35	18	36	39	21	31	9	47	34	4	22	21	15	5	25	40	18	29	29	20	51	34	47	97	53	35	24	98	160	119	165	187	119	123	172	95	180	177	123	124	86	179	219	341	289	164	138	148	137	17	73	325	555	612	925	997	999	956	752	475	253	37	149	151	176	56	72	30	71	54	33	56	23	71	81	33	48	16	37	38	13	9	26	31
64	170	2	2	119	0	1953125	12	0.0	7038	2.23	0	0	V0.2	0	0	63	85	13	70	9	88	60	24	30	38	48	5	21	31	47	15	26	36	53	26	66	38	142	97	118	98	72	119	131	230	118	258	255	290	370	183	126	24	176	139	57	160	433	589	605	580	404	94	178	319	459	328	419	567	694	971	968	1000	893	772	667	474	346	184	86	153	161	198	53	133	101	171	149	30	52	51	103	35	43	29	83	69	37	44	65
64	170	2	2	119	0	1953125	12	0.0	0	1.00	0	0	V0.2	0	0	296	313	300	272	257	266	238	219	189	161	168	141	104	110	114	113	126	154	189	197	224	264	258	318	317	339	359	400	385	438	384	448	431	475	379	409	418	526	424	353	421	286	537	624	193	447	242	599	367	325	162	730	413	635	520	935	414	214	227	1000	399	10	314	461	372	298	256	329	362	346	280	244	294	300	229	175	199	210	187	134	92	118	111	82	25
64	170	2	2	119	0	1953125	12	0.0	7785	2.36	0	0	V0.2	0	0	4	15	31	21	10	6	22	34	1	9	14	20	10	10	20	22	5	24	16	28	7	27	30	34	18	37	63	39	12	24	80	6	62	53	251	254	259	226	345	80	150	143	107	124	101	76	41	211	425	599	300	585	92	172	200	442	1000	931	584	623	219	72	493	197	176	31	81	13	135	32	51	30	98	40	38	24	52	48	23	15	22	36	27	18	25
64	170	2	2	119	0	1953125	12	0.0	8082	2.41	0	0	V0.2	0	0	72	45	50	44	43	54	53	8	47	61	33	33	56	17	58	66	58	36	34	24	94	119	39	37	80	55	72	70	115	65	144	7	74	343	366	222	136	46	153	411	550	593	201	306	619	789	588	409	507	809	1000	867	768	619	597	227	269	631	856	618	350	100	111	40	110	82	86	121	73	33	57	76	51	42	72	7	128	102	83	42	100	41	30	78	67
64	170	2	2	119	0	1953125	12	0.0	7476	2.30	0	0	V0.2	0	0	65	102	45	131	44	125	80	57	70	60	87	18	75	62	113	51	53	8	107	96	32	95	147	88	78	88	139	209	151	289	249	99	142	388	352	410	595	469	662	638	474	471	175	460	530	804	1000	916	930	720	585	620	552	755	595	391	473	702	823	848	874	661	391	228	118	188	99	150	68	130	106	62	83	79	131	63	98	50	84	78	101	85	32	92	109
