34928	35048	35167	35286	35405	35524	35644	35763	35882	36001	36120	36240	36359	36478	36597	36716	36836	36955	37074	37193	37313	37432	37551	37670	37789	37909	38028	38147	38266	38385	38505	38624	38743	38862	38981	39101	39220	39339	39458	39577	39697	39816	39935	40054	40174	40293	40412	40531	40650	40770	40889	41008	41127	41246	41366	41485	41604	41723	41842	41962	42081	42200	42319	42439	42558	42677	42796	42915	43035	43154	43273	43392	43511	43631	43750	43869	43988	44107	44227	44346	44465	44584	44703	44823	44942
64	170	2	2	119	0	1953125	12	0.0	0	0.93	0	0	V0.2	0	0	752	763	768	776	772	764	763	771	773	768	758	746	747	754	755	747	737	739	743	759	756	752	755	775	790	793	797	798	818	826	838	846	863	842	850	864	894	866	919	846	856	904	909	799	911	891	795	826	938	807	779	906	1000	752	858	766	950	787	868	821	856	915	880	905	892	894	909	921	919	915	924	924	928	925	920	919	917	910	911	912	904	905	901	900	897
64	170	2	2	119	0	1953125	12	0.0	6822	2.19	0	0	V0.2	0	0	19	19	18	23	10	20	15	17	12	15	12	18	4	17	13	11	9	19	16	25	20	21	34	21	18	23	39	14	25	58	17	31	73	92	142	260	262	276	183	138	119	160	246	404	440	331	260	178	216	77	102	40	95	467	204	1000	664	731	200	195	195	375	146	203	153	42	50	46	1	48	43	37	38	50	11	10	25	18	12	11	10	18	13	2	7
64	170	2	2	119	0	1953125	12	0.0	0	0.87	0	0	V0.2	0	0	254	259	282	277	254	224	210	174	149	141	146	111	97	55	38	77	112	142	146	159	173	204	250	305	301	328	309	326	425	313	405	502	424	418	385	477	402	582	483	518	454	453	625	579	370	357	248	815	698	383	473	321	657	372	708	491	490	1000	356	610	369	608	310	192	301	380	410	373	299	265	257	250	257	259	247	231	207	168	144	122	165	142	126	113	95
64	170	2	2	119	0	1953125	12	0.0	0	0.87	0	0	V0.2	0	0	267	260	272	256	274	261	266	273	255	276	250	272	254	263	266	244	280	232	283	253	254	290	230	304	237	301	294	240	329	239	342	264	359	237	350	347	209	451	262	298	288	296	315	217	522	646	562	995	484	1000	810	98	594	446	453	539	251	724	299	685	346	373	314	210	421	306	283	345	273	368	275	364	303	322	332	289	355	284	347	300	308	334	279	347	291
64	170	2	2	119	0	1953125	12	0.0	4911	1.86	0	0	V0.2	0	0	39	43	32	35	33	35	34	26	29	28	30	27	13	28	19	19	8	23	46	22	37	29	41	66	27	75	28	83	37	73	109	44	104	28	41	220	76	297	120	102	179	164	244	452	403	619	569	670	808	555	588	999	625	722	487	579	840	647	256	323	364	381	393	436	310	151	172	137	111	40	44	38	29	29	8	14	19	12	12	11	14	26	3	9	20
64	170	2	2	119	0	1953125	12	0.0	0	0.97	0	0	V0.2	0	0	542	572	543	493	434	462	450	427	326	273	287	276	203	145	193	249	212	197	305	372	426	423	458	511	658	652	619	664	745	777	718	849	711	854	875	663	794	736	774	1000	699	883	837	610	812	588	958	714	929	607	291	754	823	584	297	828	932	430	592	938	594	694	807	486	596	666	702	518	668	557	599	543	527	427	408	407	415	345	256	194	284	241	146	99	92
64	170	2	2	119	0	1953125	12	0.0	0	0.47	0	0	V0.2	0	0	8	9	12	15	20	19	15	13	12	15	21	21	20	16	14	14	22	28	28	15	10	13	36	52	57	52	25	13	31	81	104	136	122	125	93	147	59	98	85	158	141	129	233	224	180	108	234	326	599	348	84	320	317	489	884	436	999	563	245	382	169	360	479	330	398	317	189	49	47	129	168	179	167	147	92	42	46	73	94	99	85	70	57	59	74
64	170	2	2	119	0	1953125	12	0.0	0	0.43	0	0	V0.2	0	0	18	20	19	16	11	7	11	19	24	27	27	23	15	6	7	18	28	33	37	35	27	12	8	26	39	48	78	64	74	43	60	38	36	75	103	192	152	97	137	154	169	179	287	204	300	357	395	327	524	320	422	499	435	410	1000	520	665	685	546	471	184	76	193	222	146	192	170	173	131	102	58	16	19	52	70	85	90	78	66	47	25	26	39	50	61
64	170	2	2	119	0	1953125	12	0.0	0	0.43	0	0	V0.2	0	0	8	13	20	27	30	28	22	13	3	11	22	31	40	40	35	30	16	3	18	36	40	55	56	51	28	55	71	122	144	204	206	234	183	274	271	210	203	334	405	559	423	398	572	438	343	267	396	373	400	610	866	706	610	918	526	726	569	377	1000	668	515	403	365	306	70	117	28	103	90	134	170	173	143	130	94	60	51	60	84	103	111	110	93	76	56
64	170	2	2	119	0	1953125	12	0.0	0	0.97	0	0	V0.2	0	0	70	25	69	11	65	10	77	16	56	28	75	25	52	40	66	30	74	47	78	32	103	44	96	45	131	46	132	90	156	127	109	134	151	234	316	474	358	360	117	179	277	433	518	392	212	551	828	628	571	491	716	685	436	474	1000	895	675	462	215	386	466	483	374	364	294	232	229	149	174	105	152	74	142	91	124	61	100	89	90	77	69	78	40	51	48
64	170	2	2	119	0	1953125	12	0.0	0	0.98	0	0	V0.2	0	0	175	225	194	218	192	207	206	215	205	190	212	198	219	174	216	177	231	172	217	168	242	174	234	170	227	214	233	185	223	251	222	226	232	224	271	423	6	407	198	324	134	353	300	384	530	193	322	361	711	478	1000	601	637	589	414	225	445	139	373	328	264	287	117	443	183	304	154	326	305	222	223	260	289	223	285	193	280	231	280	196	264	232	273	212	253
64	170	2	2	119	0	1953125	12	0.0	0	0.81	0	0	V0.2	0	0	199	214	193	212	207	188	215	195	205	217	188	215	202	184	214	180	202	209	183	215	194	189	231	199	216	190	183	283	218	203	234	193	269	241	165	303	247	183	250	102	469	442	99	201	173	212	572	259	342	430	422	800	709	425	108	262	804	1000	303	359	313	84	533	314	206	395	146	242	335	188	303	284	178	293	240	240	282	216	255	244	227	268	231	249	250
64	170	2	2	119	0	1953125	12	0.0	7706	2.34	0	0	V0.2	0	0	37	39	35	44	36	27	36	45	35	26	31	32	21	12	27	31	30	19	62	48	24	37	59	42	60	22	41	35	85	65	38	93	124	124	65	172	202	224	77	86	335	364	237	253	330	188	178	586	978	836	669	892	751	1000	497	604	568	419	621	448	66	346	195	279	148	79	227	173	171	77	67	19	77	52	26	20	14	27	37	34	16	31	21	15	20
64	170	2	2	119	0	1953125	12	0.0	0	0.87	0	0	V0.2	0	0	768	774	776	774	775	776	774	777	778	773	769	761	752	756	758	751	754	749	752	756	759	763	780	780	787	792	800	820	827	830	856	873	860	850	864	890	891	886	855	911	831	934	913	807	878	886	925	782	912	888	824	884	935	899	785	858	1000	850	872	785	854	910	913	913	923	888	898	929	943	946	945	926	922	928	930	942	942	925	924	914	909	912	918	924	910
64	170	2	2	119	0	1953125	12	0.0	0	0.44	0	0	V0.2	0	0	19	15	12	13	20	22	26	24	19	16	14	19	26	31	34	31	23	16	8	23	40	40	39	48	40	36	52	27	74	111	147	116	122	134	141	119	75	241	294	308	364	344	370	110	302	491	219	348	349	1000	826	357	701	952	556	182	740	580	829	828	379	486	154	266	38	110	68	147	124	193	178	144	123	106	77	72	100	108	116	114	98	84	69	65	76
64	170	2	2	119	0	1953125	12	0.0	0	0.96	0	0	V0.2	0	0	64	10	65	22	67	42	51	42	48	50	43	56	54	58	53	63	62	60	65	77	60	90	61	95	50	138	94	174	79	146	69	141	127	236	296	164	219	181	242	122	162	234	372	414	500	560	449	455	436	639	744	934	1000	820	650	265	435	616	723	504	283	111	108	202	248	228	108	165	128	173	94	122	86	89	99	111	125	69	99	72	97	66	88	77	69
64	170	2	2	119	0	1953125	12	0.0	0	0.97	0	0	V0.2	0	0	35	68	28	72	7	54	15	68	9	50	19	56	7	46	27	39	25	56	45	65	30	71	28	73	57	108	24	105	41	151	81	94	52	176	124	278	235	299	366	348	416	131	121	257	489	436	564	533	777	829	835	1000	649	248	363	707	905	930	825	642	372	64	241	403	395	150	219	173	243	72	139	92	142	80	139	124	73	68	81	92	34	63	45	46	25
64	170	2	2	119	0	1953125	12	0.0	7750	2.35	0	0	V0.2	0	0	12	14	17	14	10	12	17	2	17	2	6	3	0	5	7	11	6	13	27	12	11	20	10	15	19	22	32	44	35	40	104	52	88	113	142	248	30	54	145	135	285	221	483	234	171	92	394	375	352	88	410	1000	622	728	273	889	911	774	397	356	294	145	181	151	267	93	162	28	98	48	89	47	56	74	32	34	55	30	28	23	36	25	13	9	30
64	170	2	2	119	0	1953125	12	0.0	0	0.97	0	0	V0.2	0	0	802	814	820	819	815	817	825	821	815	807	811	808	802	793	789	796	796	792	787	796	806	812	810	817	834	845	852	846	876	890	894	896	909	926	932	906	917	944	939	926	957	920	967	884	926	943	893	916	945	888	934	998	879	785	924	987	871	920	974	862	972	935	932	971	974	972	963	981	997	999	981	986	992	999	993	980	978	990	984	970	964	969	980	973	959
64	170	2	2	119	0	1953125	12	0.0	0	0.98	0	0	V0.2	0	0	42	73	29	81	24	79	7	68	7	66	16	59	18	69	29	66	32	77	23	82	38	96	19	82	38	75	54	112	14	150	28	140	55	175	142	338	241	453	482	577	521	350	382	367	417	323	247	277	818	916	1000	694	543	516	789	628	307	429	674	931	666	814	656	647	376	337	336	261	248	113	196	76	122	55	138	29	97	47	102	31	62	34	36	4	50
64	170	2	2	119	0	1953125	12	0.0	7646	2.33	0	0	V0.2	0	0	33	31	29	32	31	26	30	22	23	28	17	20	12	29	15	21	20	37	28	39	27	37	49	53	23	83	36	46	72	55	89	110	145	102	64	132	85	367	421	456	514	275	476	291	321	491	522	677	486	547	127	568	590	164	1000	792	212	122	352	211	86	64	83	158	189	125	139	105	78	20	19	50	34	25	28	2	24	29	9	11	17	14	6	7	9
64	170	2	2	119	0	1953125	12	0.0	8082	2.41	0	0	V0.2	0	0	21	29	35	26	21	14	44	26	12	29	46	15	34	55	18	36	40	32	37	29	36	22	50	26	24	80	14	83	22	11	142	154	82	12	166	82	119	158	250	139	201	153	159	202	183	188	123	85	83	232	391	569	509	120	322	809	1000	754	377	84	242	184	104	50	92	58	72	49	65	49	40	34	96	24	30	42	32	45	40	18	30	69	35	5	19
64	170	2	2	119	0	1953125	12	0.0	7315	2.27	0	0	V0.2	0	0	71	112	9	81	37	83	71	37	77	27	51	27	72	46	15	4	61	66	5	36	68	103	29	69	107	123	47	111	146	92	93	126	313	242	234	337	153	201	131	130	156	299	474	346	243	118	303	618	751	993	1000	800	590	296	259	456	666	899	778	663	671	425	406	284	118	153	68	203	97	99	59	116	159	94	158	64	90	92	92	122	56	75	56	74	74
64	170	2	2	119	0	1953125	12	0.0	153	1.05	0	0	V0.2	0	0	600	582	546	512	507	501	448	357	366	365	279	220	240	224	164	196	269	303	322	347	439	523	466	563	653	663	662	679	722	757	772	753	805	718	810	862	754	980	901	664	687	792	661	684	854	569	878	508	712	722	999	590	873	961	396	775	677	469	477	813	861	495	711	749	676	741	612	665	676	620	547	526	575	535	451	368	414	389	325	255	197	223	186	58	62
64	170	2	2	119	0	1953125	12	0.0	7381	2.29	0	0	V0.2	0	0	25	25	26	19	26	24	15	22	21	11	16	11	13	11	12	12	20	10	24	22	21	31	43	25	23	79	16	38	44	62	126	107	102	102	20	109	90	165	23	155	293	256	388	474	305	430	135	173	349	310	226	506	510	367	767	1000	643	156	243	175	336	311	193	154	102	18	119	66	59	23	17	45	13	20	41	13	26	19	22	23	22	16	16	11	6
64	170	2	2	119	0	1953125	12	0.0	7883	2.37	0	0	V0.2	0	0	47	48	20	69	29	56	30	41	49	17	21	48	43	49	38	66	46	59	69	20	116	34	32	149	87	135	106	239	172	265	130	17	330	295	324	265	614	632	683	407	447	334	478	602	601	519	308	645	1000	996	660	358	435	655	715	721	520	277	434	472	449	355	103	226	277	211	80	143	122	67	96	64	25	22	94	91	33	6	102	95	54	37	9	35	26
64	170	2	2	119	0	1953125	12	0.0	0	0.80	0	0	V0.2	0	0	192	191	200	191	183	168	154	139	125	98	82	56	38	34	51	63	62	58	85	108	118	150	164	194	223	249	251	256	309	343	311	348	289	345	289	355	331	395	404	365	456	357	375	455	377	656	499	147	564	151	81	357	1000	715	434	720	435	546	177	512	345	250	341	390	287	288	258	239	223	195	169	161	152	149	165	176	162	160	174	181	137	135	111	98	68
64	170	2	2	119	0	1953125	12	0.0	7511	2.31	0	0	V0.2	0	0	18	15	15	19	15	16	10	18	2	11	2	2	2	4	2	6	13	6	16	17	9	19	6	21	28	37	26	57	11	5	60	93	56	63	27	102	133	301	252	319	467	212	280	229	144	370	158	301	154	182	206	15	809	1000	394	56	295	352	435	402	201	104	286	102	156	78	21	47	58	57	15	26	34	12	34	25	14	19	16	7	17	7	9	8	1
64	170	2	2	119	0	1953125	12	0.0	7545	2.31	0	0	V0.2	0	0	64	32	87	40	54	16	84	25	48	10	62	6	26	32	43	16	3	45	38	56	20	79	79	43	27	89	120	19	135	39	134	143	166	245	357	104	120	296	579	480	516	294	165	36	238	172	170	176	438	371	244	542	802	736	525	260	582	836	1000	877	719	627	328	176	141	190	113	82	106	126	8	42	108	45	52	7	45	52	83	42	37	36	58	17	14
64	170	2	2	119	0	1953125	12	0.0	0	0.96	0	0	V0.2	0	0	361	372	323	281	289	303	270	240	190	181	179	149	113	82	136	137	123	139	190	242	258	260	297	349	374	410	392	407	440	500	512	364	486	549	470	555	529	450	504	470	540	520	454	372	505	592	251	372	547	355	461	389	280	1000	487	406	504	639	314	524	298	279	479	472	329	343	378	361	387	381	323	311	302	316	270	225	216	197	200	196	165	114	89	94	83
64	170	2	2	119	0	1953125	12	0.0	0	0.98	0	0	V0.2	0	0	20	68	24	42	14	57	26	36	15	52	22	35	31	48	11	38	24	41	20	72	30	55	18	78	22	43	30	104	20	140	95	106	40	184	200	189	83	217	259	263	326	247	305	245	444	514	598	483	705	877	1000	996	567	274	548	575	607	509	475	373	134	439	498	361	217	203	290	147	87	80	167	49	92	66	113	39	68	55	62	22	59	43	7	29	65
64	170	2	2	119	0	1953125	12	0.0	0	0.98	0	0	V0.2	0	0	38	40	54	71	20	34	39	55	27	45	34	42	32	55	37	28	42	40	38	13	86	65	43	37	66	67	100	76	99	100	92	105	86	120	291	431	225	246	244	470	288	230	206	353	258	504	540	531	545	683	888	981	1000	709	749	843	658	422	827	962	855	549	410	445	255	242	189	272	104	83	111	198	92	107	95	95	48	72	82	37	23	56	54	14	48
64	170	2	2	119	0	1953125	12	0.0	7634	2.33	0	0	V0.2	0	0	32	35	26	34	20	40	24	20	15	22	12	26	6	28	17	15	14	18	37	17	35	24	46	26	17	77	65	73	10	98	84	151	48	190	64	366	266	320	151	383	292	115	142	532	593	487	477	250	750	188	453	478	775	848	801	1000	552	830	941	390	525	225	226	160	131	128	29	115	89	40	30	46	19	16	53	27	48	16	16	6	19	22	18	10	15
64	170	1	2	119	0	1953125	12	0.0	7715	2.34	0	0	V0.2	0	0	45	41	42	44	62	41	30	32	68	15	30	24	65	14	10	51	52	5	30	82	23	38	33	74	62	62	57	84	133	94	155	103	122	91	220	175	233	280	199	291	161	228	279	383	596	665	838	714	503	207	281	449	514	770	955	979	1000	772	343	237	250	120	198	130	92	90	128	44	82	21	132	59	17	58	115	32	32	25	75	41	11	28	14	29	30
64	170	2	2	119	0	1953125	12	0.0	7726	2.35	0	0	V0.2	0	0	56	86	35	48	50	78	29	38	28	50	47	7	25	38	51	21	8	90	64	60	7	120	53	55	49	173	42	84	93	229	55	110	95	230	91	255	179	320	118	300	235	410	319	468	536	477	626	744	666	662	683	516	341	335	655	1000	937	813	440	249	181	165	78	203	160	100	56	128	127	26	65	97	64	67	75	89	37	83	44	50	56	90	48	23	43
64	170	2	2	119	0	1953125	12	0.0	7808	2.36	0	0	V0.2	0	0	54	76	68	75	22	83	24	88	4	64	26	71	29	36	65	37	52	29	107	5	74	74	147	14	64	88	115	86	45	186	164	123	189	68	35	226	192	90	194	79	176	154	311	438	406	601	584	544	636	484	223	469	908	1000	888	594	62	243	342	425	376	497	241	129	202	294	132	137	89	103	70	38	121	81	96	68	141	45	116	77	47	28	96	63	23
64	170	2	2	119	0	1953125	12	0.0	7571	2.32	0	0	V0.2	0	0	29	87	45	86	6	79	39	71	7	57	28	72	42	69	10	55	37	58	53	67	81	107	60	145	53	153	60	98	19	155	67	93	157	101	207	312	114	194	76	361	270	422	449	440	531	219	191	541	834	764	521	495	803	945	1000	762	214	287	428	602	403	140	31	186	219	97	69	188	160	16	51	57	67	90	51	55	49	71	63	33	32	38	46	7	23
64	170	2	2	119	0	1953125	12	0.0	7916	2.38	0	0	V0.2	0	0	33	52	40	59	48	31	34	44	36	29	5	56	9	29	41	36	44	26	81	5	85	15	64	63	100	8	88	160	44	103	77	45	122	141	148	216	51	144	46	205	191	148	193	170	245	516	565	566	370	259	561	871	1000	882	786	675	889	925	914	572	303	72	271	148	98	137	144	88	47	93	18	86	19	76	41	61	24	39	40	16	41	31	31	30	54
64	170	2	2	119	0	1953125	12	0.0	7621	2.33	0	0	V0.2	0	0	91	84	62	74	74	73	51	61	54	64	32	51	36	54	13	19	71	40	49	38	109	45	95	53	152	103	114	111	152	219	92	223	281	285	371	542	256	69	189	507	443	375	312	286	291	503	555	476	651	536	590	278	218	444	830	1000	765	730	393	141	94	202	180	176	208	44	141	46	134	40	69	114	92	42	99	22	82	9	63	12	61	23	28	4	42
64	170	2	2	119	0	1953125	12	0.0	0	0.98	0	0	V0.2	0	0	457	470	537	504	446	399	401	395	344	265	227	248	217	154	144	193	267	237	249	343	420	445	435	465	583	609	637	628	594	772	746	682	724	833	805	690	691	761	646	561	778	770	604	768	669	608	515	658	619	840	587	835	574	702	1000	462	679	319	845	824	433	492	746	558	602	575	572	547	514	529	502	473	468	413	400	369	337	296	273	211	248	157	146	122	92
64	170	1	2	119	0	1953125	12	0.0	0	0.78	0	0	V0.2	0	0	14	36	44	10	34	33	5	35	28	18	39	26	28	41	28	37	39	37	49	32	56	74	26	68	83	21	76	105	39	99	62	81	171	152	103	205	159	70	246	350	411	476	354	119	327	442	385	404	529	624	657	632	508	568	1000	701	289	85	185	371	346	200	202	214	116	82	55	33	48	97	74	66	91	61	50	77	52	52	68	38	47	66	34	37	57
64	170	2	2	119	0	1953125	12	0.0	7696	2.34	0	0	V0.2	0	0	35	38	22	38	34	30	21	16	31	19	6	22	12	19	1	28	25	14	31	34	29	1	44	35	25	68	22	65	40	63	101	94	29	42	227	236	319	373	425	571	462	75	359	439	230	490	575	360	1000	830	927	642	532	769	438	650	549	630	906	529	844	758	366	400	337	222	119	79	57	21	92	31	79	56	46	34	70	7	29	35	22	31	17	21	11
64	170	2	2	119	0	1953125	12	0.0	7918	2.38	0	0	V0.2	0	0	63	47	55	30	70	40	50	12	63	19	41	22	23	46	25	40	23	53	2	40	76	27	50	36	121	22	77	45	54	123	161	117	247	200	84	166	139	88	92	250	229	286	438	327	265	142	198	204	236	379	585	785	1000	859	676	442	246	256	414	352	232	291	255	178	248	110	96	139	71	50	57	76	23	61	9	64	34	27	32	46	23	26	17	11	37
64	170	2	2	119	0	1953125	12	0.0	7651	2.33	0	0	V0.2	0	0	120	115	100	98	116	93	90	68	98	83	61	56	73	62	69	41	95	39	117	74	102	81	134	35	217	104	180	108	232	186	142	65	428	475	654	921	610	702	491	131	154	451	351	68	217	482	355	508	571	555	756	436	679	635	1000	912	886	794	557	677	290	271	205	292	134	323	82	255	130	189	132	150	98	114	74	157	142	107	100	92	141	92	107	73	128
64	170	2	2	119	0	1953125	12	0.0	7781	2.35	0	0	V0.2	0	0	72	88	70	131	60	75	49	71	92	44	52	36	82	15	20	89	58	42	23	131	61	42	94	120	124	161	183	264	78	74	113	146	200	0	232	142	492	383	229	216	232	185	142	469	759	707	816	789	586	725	478	377	287	63	201	478	653	1000	972	518	247	312	460	226	145	228	312	89	82	187	180	28	31	146	98	88	55	114	27	131	72	66	51	68	20
64	170	2	2	119	0	1953125	12	0.0	7902	2.38	0	0	V0.2	0	0	32	30	25	26	25	27	35	24	16	22	23	11	14	18	17	19	2	16	29	12	22	31	30	30	36	50	48	60	13	111	45	70	59	102	36	219	86	134	158	232	145	220	209	380	316	497	520	553	557	143	567	375	585	637	750	836	804	158	314	338	1000	244	328	291	95	58	94	76	21	53	24	45	37	20	5	35	13	8	9	14	11	10	17	16	2
64	170	2	2	119	0	1953125	12	0.0	7902	2.38	0	0	V0.2	0	0	32	30	25	26	25	27	35	24	16	22	23	11	14	18	17	19	2	16	29	12	22	31	30	30	36	50	48	60	13	111	45	70	59	102	36	219	86	134	158	232	145	220	209	380	316	497	520	553	557	143	567	375	585	637	750	836	804	158	314	338	1000	244	328	291	95	58	94	76	21	53	24	45	37	20	5	35	13	8	9	14	11	10	17	16	2
64	170	2	2	119	0	1953125	12	0.0	7656	2.33	0	0	V0.2	0	0	88	58	68	70	74	60	55	48	67	53	41	38	51	50	34	17	79	44	95	50	87	53	95	88	78	51	154	51	235	195	140	168	109	170	143	232	264	473	278	420	267	486	438	293	227	287	523	409	433	322	199	79	44	376	750	813	1000	768	475	461	396	555	318	213	92	180	192	22	66	119	155	30	97	84	55	72	9	61	37	66	38	58	38	25	28
64	170	2	2	119	0	1953125	12	0.0	0	0.89	0	0	V0.2	0	0	809	811	812	804	811	818	824	817	815	801	800	799	802	799	796	784	785	785	791	796	803	805	806	809	826	844	853	858	860	871	880	888	922	921	912	910	912	924	981	920	896	929	913	953	944	894	891	899	1000	882	823	890	980	949	849	809	940	933	947	913	913	931	941	960	971	953	958	964	978	996	986	982	974	973	980	981	977	976	967	955	956	964	969	964	955
64	170	2	2	119	0	1953125	12	0.0	7913	2.38	0	0	V0.2	0	0	22	22	27	22	19	17	15	14	26	8	17	18	11	5	20	4	8	18	18	25	23	10	53	32	18	39	18	28	64	17	31	52	76	26	101	56	283	242	199	124	301	251	424	25	203	279	287	650	555	380	666	209	343	961	1000	818	734	640	225	39	262	152	267	149	143	95	15	18	43	88	23	21	35	55	16	18	28	21	18	10	8	22	27	12	10
64	170	2	2	119	0	1953125	12	0.0	0	0.98	0	0	V0.2	0	0	529	505	509	538	509	456	406	382	368	333	246	231	225	207	175	178	256	318	291	329	404	486	533	515	598	614	710	708	673	705	776	844	735	751	879	723	815	839	768	762	656	950	715	729	417	999	900	400	796	650	649	687	773	452	583	848	705	660	894	653	510	792	622	593	667	688	586	571	522	574	543	532	479	431	429	446	377	311	245	216	299	218	116	99	97
64	170	2	2	119	0	1953125	12	0.0	0	0.73	0	0	V0.2	0	0	43	20	57	54	12	45	57	28	21	43	36	16	32	42	40	20	29	47	35	16	68	58	10	91	115	55	62	112	70	68	146	150	133	253	231	234	264	323	275	387	319	292	346	467	478	481	701	781	530	464	953	1000	616	305	423	324	651	874	893	712	418	179	200	191	106	111	98	82	78	84	113	91	44	72	101	60	21	72	68	21	55	75	29	40	75
64	170	2	2	119	0	1953125	12	0.0	7922	2.38	0	0	V0.2	0	0	45	41	42	53	47	37	30	42	47	24	28	37	33	17	26	37	40	27	45	55	48	29	71	85	42	45	109	39	26	79	73	44	126	161	103	222	188	86	217	225	270	393	53	407	276	292	477	245	187	223	371	287	722	736	1000	260	245	706	643	717	379	268	174	257	96	83	88	59	64	19	33	39	8	7	4	40	35	6	35	40	14	2	21	22	22
64	170	2	2	119	0	1953125	12	0.0	7818	2.36	0	0	V0.2	0	0	45	76	37	54	39	67	32	40	26	65	18	24	27	29	14	13	44	15	53	11	88	59	28	59	93	36	74	62	99	53	115	59	220	115	268	232	116	178	28	139	65	36	113	347	380	530	546	379	546	677	999	960	904	842	612	566	303	189	154	227	256	413	298	407	247	227	136	139	110	62	35	99	76	49	15	77	47	47	19	48	15	52	39	47	20
64	170	2	2	119	0	1953125	12	0.0	7681	2.34	0	0	V0.2	0	0	53	39	45	47	52	30	35	40	30	34	18	40	26	26	3	50	18	51	11	53	10	63	26	54	64	38	72	98	38	113	18	104	53	158	109	281	193	236	249	131	201	56	101	100	154	299	279	301	355	231	131	150	413	738	850	1000	947	668	579	366	395	210	91	48	242	173	172	118	136	130	75	95	50	79	36	23	61	47	35	33	41	34	52	59	41
64	170	2	2	119	0	1953125	12	0.0	0	0.66	0	0	V0.2	0	0	12	25	11	20	6	3	44	30	14	20	36	7	14	24	32	26	14	25	27	19	52	22	46	47	39	22	29	51	39	43	75	76	49	31	133	211	81	133	97	3	171	282	156	165	316	167	317	304	193	172	204	492	405	684	997	561	179	879	999	261	239	251	327	110	46	68	58	21	65	41	23	49	44	36	41	12	24	20	19	9	29	15	33	24	25
64	170	2	2	119	0	1953125	12	0.0	7776	2.35	0	0	V0.2	0	0	20	28	35	30	20	25	37	21	9	18	26	26	4	20	27	13	6	30	37	17	17	38	33	36	19	55	41	41	19	64	69	90	90	132	88	153	46	20	81	61	102	231	116	190	97	265	68	77	443	162	134	337	390	642	94	989	1000	634	481	597	133	240	108	84	140	56	60	40	12	81	38	26	28	43	61	15	32	41	41	16	15	37	31	13	7
64	170	2	2	119	0	1953125	12	0.0	0	0.61	0	0	V0.2	0	0	12	9	19	33	25	10	17	2	20	13	30	13	27	11	19	22	47	36	16	13	24	45	86	45	21	35	92	46	60	98	73	158	136	201	125	30	108	48	233	52	131	79	120	67	213	152	95	255	116	474	710	869	278	342	97	610	811	1000	263	263	392	279	63	152	160	22	41	62	39	69	58	21	48	111	45	36	34	31	21	17	49	42	40	41	11
64	170	2	2	119	0	1953125	12	0.0	0	0.43	0	0	V0.2	0	0	23	27	29	29	25	20	14	15	24	31	39	42	37	29	17	6	20	36	45	57	63	61	54	34	30	49	87	114	128	118	120	140	108	105	185	224	255	96	209	238	350	419	406	398	540	525	282	105	620	590	666	1000	913	679	433	185	301	966	996	706	421	356	258	154	130	85	98	127	168	161	165	157	122	75	23	8	47	74	88	90	78	66	43	18	17
64	170	2	2	119	0	1953125	12	0.0	7729	2.35	0	0	V0.2	0	0	38	36	18	21	21	32	22	13	18	24	14	6	8	14	17	11	2	6	11	6	31	30	39	11	38	25	12	57	63	143	28	36	25	54	182	104	22	293	124	213	129	234	325	206	252	205	291	359	786	562	679	495	849	204	315	365	1000	520	631	957	156	242	349	104	59	127	122	100	10	48	102	78	23	29	55	54	29	12	27	41	20	2	27	32	20
64	170	2	2	119	0	1953125	12	0.0	0	0.41	0	0	V0.2	0	0	22	13	32	23	4	32	9	26	36	16	35	41	64	30	34	22	13	7	18	26	28	4	40	17	62	12	35	38	29	160	182	79	79	150	138	198	92	233	225	280	202	401	252	99	211	238	284	310	472	591	447	335	418	615	452	886	1000	315	635	529	603	225	364	334	239	56	140	190	92	106	49	86	35	23	14	65	75	37	42	55	61	28	6	47	50
64	170	2	2	119	0	1953125	12	0.0	7526	2.31	0	0	V0.2	0	0	30	35	50	30	28	29	34	21	21	18	31	22	8	26	24	7	22	42	24	23	14	36	38	38	34	51	46	32	23	93	34	129	30	183	149	41	160	47	127	132	244	475	394	311	67	219	206	352	291	119	556	823	814	258	329	582	1000	427	407	449	366	431	279	122	121	199	73	51	64	63	44	53	39	59	32	16	42	37	37	12	15	23	34	31	23
64	170	2	2	119	0	1953125	12	0.0	0	0.62	0	0	V0.2	0	0	17	11	20	14	7	30	7	3	13	6	17	20	12	13	22	20	5	24	13	43	10	49	38	64	45	43	68	61	24	25	68	103	85	100	252	161	107	151	191	356	288	297	327	399	288	231	453	326	361	672	335	658	729	854	1000	331	374	368	410	154	64	221	120	186	55	77	107	47	32	16	45	14	54	18	26	20	13	20	59	14	7	15	31	21	12
64	170	2	2	119	0	1953125	12	0.0	0	0.65	0	0	V0.2	0	0	22	14	7	20	20	6	16	28	24	7	18	29	20	6	25	27	14	21	36	30	4	17	32	20	9	24	37	1	42	77	129	99	87	113	78	58	139	179	253	176	61	116	100	96	166	309	388	248	282	378	361	363	515	781	652	245	809	1000	741	322	268	235	231	209	141	181	188	89	45	98	88	30	63	117	101	35	43	74	53	21	65	76	43	26	57
64	170	2	2	119	0	1953125	12	0.0	0	0.52	0	0	V0.2	0	0	5	5	12	16	16	11	5	10	18	22	18	8	7	15	23	24	17	2	13	20	29	20	11	13	31	31	29	19	9	25	88	73	72	67	51	50	71	70	162	100	90	114	5	132	139	69	80	108	330	285	139	535	606	787	769	815	1000	493	363	372	316	285	310	346	213	143	97	36	52	101	98	80	38	56	82	91	78	52	27	46	71	81	69	42	25
64	170	2	2	119	0	1953125	12	0.0	7761	2.35	0	0	V0.2	0	0	49	25	18	39	35	25	10	35	19	22	13	15	20	14	19	31	17	9	24	45	24	16	56	47	57	23	60	84	47	78	37	103	54	88	188	90	338	613	329	158	304	423	714	486	269	585	369	480	463	453	497	325	643	332	345	388	1000	941	541	120	475	267	460	495	276	56	74	162	74	53	52	129	44	45	87	64	49	30	60	32	36	8	28	32	24
64	170	2	2	119	0	1953125	12	0.0	7521	2.31	0	0	V0.2	0	0	31	75	29	49	17	55	38	41	11	63	31	21	13	47	20	12	36	41	31	50	56	95	36	23	62	80	67	67	128	180	116	240	116	153	28	178	115	160	64	345	405	413	337	139	377	435	533	349	271	298	209	271	574	819	980	1000	673	319	244	381	289	162	12	236	264	159	133	79	114	34	58	55	83	33	2	60	74	21	17	39	45	19	46	53	48
64	170	2	2	119	0	1953125	12	0.0	7684	2.34	0	0	V0.2	0	0	64	78	78	27	35	92	58	20	24	68	43	23	41	64	47	26	49	59	39	4	69	128	58	21	115	193	94	32	133	115	99	82	124	100	183	313	319	461	308	80	93	113	251	633	667	642	252	481	806	1000	785	643	596	401	60	625	779	626	348	561	681	653	333	178	255	186	76	196	157	61	73	113	83	72	105	81	82	80	68	5	109	77	33	46	95
64	170	2	2	119	0	1953125	12	0.0	0	0.51	0	0	V0.2	0	0	6	18	23	22	11	12	18	10	35	22	22	18	6	20	29	25	36	34	47	8	33	39	53	63	29	57	71	48	75	7	44	55	105	136	67	40	248	7	102	111	115	241	142	123	194	182	91	136	470	25	575	1000	702	792	651	262	431	75	404	70	103	42	64	221	135	30	46	37	49	18	13	34	26	23	12	25	11	15	8	31	32	24	6	15	9
64	170	2	2	119	0	1953125	12	0.0	7650	2.33	0	0	V0.2	0	0	53	73	48	45	42	68	45	31	22	45	44	21	37	34	37	18	49	41	45	38	50	50	128	26	77	77	84	155	111	293	196	261	219	154	161	225	377	383	157	418	613	754	322	531	775	685	462	595	650	654	894	922	264	276	391	614	440	402	875	826	1000	849	791	230	34	77	218	53	86	24	96	97	27	60	35	62	28	36	53	22	43	36	44	26	30
64	170	2	2	119	0	1953125	12	0.0	7505	2.31	0	0	V0.2	0	0	32	30	19	8	22	28	24	18	17	22	19	10	18	20	11	20	28	23	3	27	36	42	20	34	39	44	46	21	55	81	52	44	164	208	139	114	95	206	260	279	402	220	33	623	369	430	242	253	175	335	610	550	590	962	732	1000	674	259	244	238	313	493	286	221	180	60	194	160	46	82	55	104	45	36	28	48	71	31	15	50	49	29	16	37	45
64	170	2	2	119	0	1953125	12	0.0	7505	2.31	0	0	V0.2	0	0	32	30	19	8	22	28	24	18	17	22	19	10	18	20	11	20	28	23	3	27	36	42	20	34	39	44	46	21	55	81	52	44	164	208	139	114	95	206	260	279	402	220	33	623	369	430	242	253	175	335	610	550	590	962	732	1000	674	259	244	238	313	493	286	221	180	60	194	160	46	82	55	104	45	36	28	48	71	31	15	50	49	29	16	37	45
64	170	2	2	119	0	1953125	12	0.0	8023	2.40	0	0	V0.2	0	0	70	54	30	41	60	46	27	22	41	56	18	20	67	26	21	39	27	72	44	50	73	59	39	27	113	58	46	98	38	196	141	204	26	140	14	58	148	133	192	273	244	385	264	114	211	566	609	525	417	269	152	381	749	1000	971	729	809	823	681	255	234	284	146	179	148	129	54	142	34	36	140	73	58	35	66	72	49	3	46	58	26	46	43	5	55
64	170	2	2	119	0	1953125	12	0.0	184	1.05	0	0	V0.2	0	0	536	518	468	472	487	450	384	356	348	327	254	205	219	238	155	195	267	274	269	322	437	425	425	512	563	591	575	650	661	703	701	624	742	782	667	746	628	742	1000	389	634	891	734	714	554	551	799	564	630	772	613	482	626	491	834	635	849	938	313	786	548	746	604	486	572	632	518	589	518	541	512	448	465	452	412	342	318	310	305	215	203	182	128	99	52
64	170	2	2	119	0	1953125	12	0.0	7937	2.38	0	0	V0.2	0	0	27	18	21	30	24	18	5	24	22	16	1	12	19	17	9	22	24	17	27	30	9	13	13	23	27	31	53	83	61	63	32	57	153	59	212	107	404	173	176	52	72	107	216	296	201	274	202	449	561	570	324	474	768	1000	151	756	503	511	127	291	247	315	111	34	112	165	89	32	46	80	58	32	35	46	32	22	11	18	27	25	22	18	18	25	16
64	170	2	2	119	0	1953125	12	0.0	0	0.65	0	0	V0.2	0	0	12	14	4	28	22	16	38	16	29	3	32	17	22	38	18	9	15	15	46	9	39	34	18	42	16	29	14	40	62	150	52	78	127	175	142	201	249	117	285	234	303	255	92	141	181	393	307	124	33	561	819	303	640	232	996	794	783	1000	134	474	347	369	162	43	89	66	75	72	86	57	54	46	23	39	18	19	32	28	25	7	49	40	14	21	36
64	170	2	2	119	0	1953125	12	0.0	154	1.05	0	0	V0.2	0	0	24	45	36	33	21	22	50	22	21	15	50	10	19	46	39	17	30	53	17	51	48	46	63	82	54	14	120	96	43	61	98	28	71	60	50	228	334	321	200	169	464	541	378	163	363	446	330	84	250	141	185	371	341	276	515	1000	941	341	176	532	492	297	249	450	269	130	168	265	143	42	108	151	40	73	69	49	56	88	39	19	78	60	8	53	67
64	170	2	2	119	0	1953125	12	0.0	36	1.03	0	0	V0.2	0	0	65	9	51	33	67	7	53	32	50	18	52	44	36	40	57	64	28	61	60	83	33	100	70	97	55	163	116	102	47	216	191	174	94	275	310	393	404	444	443	333	364	332	397	376	386	362	324	56	329	531	704	532	453	739	1000	696	752	542	586	452	362	332	441	379	301	241	204	223	116	117	115	169	79	91	76	111	35	69	66	83	27	61	62	63	34
64	170	2	2	119	0	1953125	12	0.0	0	0.65	0	0	V0.2	0	0	33	40	19	19	40	37	12	27	44	34	10	35	47	28	17	39	48	20	30	55	51	14	49	72	50	7	90	123	107	59	146	162	144	135	200	149	243	226	275	272	164	121	335	343	235	208	320	194	377	245	744	1000	689	172	510	916	598	140	464	676	165	160	120	288	238	119	55	186	177	95	33	110	111	46	34	88	82	24	39	67	50	13	44	62	41
64	170	2	2	119	0	1953125	12	0.0	7977	2.39	0	0	V0.2	0	0	29	20	24	35	23	17	23	27	26	13	15	23	19	15	14	33	12	10	22	30	29	26	16	39	34	30	7	91	72	13	93	75	79	127	155	80	280	251	279	165	348	145	260	113	178	72	310	469	617	331	387	439	625	315	453	773	1000	427	520	578	285	153	257	121	165	136	106	68	112	42	32	46	72	39	9	34	46	16	15	21	23	12	7	34	35
64	170	2	2	119	0	1953125	12	0.0	7740	2.35	0	0	V0.2	0	0	50	54	54	47	51	41	61	9	65	36	30	26	30	17	25	20	26	19	52	16	52	46	61	31	99	24	128	102	82	164	46	71	60	144	62	70	32	190	190	166	238	123	355	367	546	639	633	841	838	955	1000	852	919	753	797	872	729	760	558	258	157	327	388	360	389	180	232	127	180	138	103	131	11	63	63	48	17	39	50	23	52	53	68	83	57
64	170	2	2	119	0	1953125	12	0.0	0	0.98	0	0	V0.2	0	0	768	786	787	775	781	788	791	780	773	775	779	776	764	756	765	767	762	753	758	769	772	770	768	785	811	804	808	816	843	852	861	840	884	888	898	874	903	891	903	911	897	898	917	900	852	849	940	854	824	910	880	862	878	747	1000	894	824	775	953	873	866	939	939	917	928	915	951	949	932	947	948	958	948	949	947	956	947	935	936	939	930	930	923	922	929
64	170	2	2	119	0	1953125	12	0.0	7922	2.38	0	0	V0.2	0	0	33	24	17	26	24	21	21	19	19	16	8	11	16	8	7	14	17	13	26	21	15	15	20	23	50	31	62	48	59	83	54	130	118	131	170	247	180	335	293	300	557	224	364	348	407	186	233	198	389	687	338	577	365	271	1000	393	377	411	918	510	25	207	236	294	112	168	5	44	13	63	36	59	27	26	29	19	12	10	12	17	6	3	6	6	2
64	170	2	2	119	0	1953125	12	0.0	0	0.52	0	0	V0.2	0	0	16	7	4	11	27	9	17	4	26	20	13	1	39	25	3	10	26	19	7	1	10	26	7	25	30	17	39	45	8	93	63	33	11	71	32	90	117	91	158	245	205	170	202	173	248	55	246	227	237	280	485	810	1000	797	439	228	642	323	275	377	527	413	59	17	132	74	45	53	51	55	24	15	18	39	38	30	23	21	37	48	6	8	11	5	12
64	170	2	2	119	0	1953125	12	0.0	7705	2.34	0	0	V0.2	0	0	36	27	32	43	33	22	30	27	11	9	23	21	5	21	32	25	5	30	49	35	21	23	40	73	31	63	16	85	82	136	10	126	146	153	44	176	284	383	249	664	547	556	404	303	300	254	245	301	1000	215	614	891	988	932	565	473	551	778	489	841	723	355	259	125	239	185	182	82	46	177	131	34	61	59	126	53	72	61	78	47	34	51	58	29	30
64	170	2	2	119	0	1953125	12	0.0	0	0.60	0	0	V0.2	0	0	12	21	18	34	12	12	12	4	31	30	32	15	14	12	26	37	32	6	13	25	26	38	29	53	16	65	76	32	54	58	51	111	111	26	106	66	96	212	227	90	191	232	249	237	72	253	235	215	168	443	189	657	668	1000	681	51	439	526	295	323	271	120	196	126	132	81	47	83	66	72	46	49	19	18	32	25	31	23	30	40	11	30	24	31	32
64	170	2	2	119	0	1953125	12	0.0	0	0.76	0	0	V0.2	0	0	28	21	15	27	20	9	25	21	4	14	15	3	8	10	15	12	8	23	17	11	32	25	23	50	40	14	37	40	29	34	36	23	67	103	64	131	157	183	255	170	120	245	244	55	116	161	53	191	490	646	926	1000	712	332	305	254	269	277	174	257	313	400	289	172	103	82	49	77	88	39	42	53	36	20	46	18	20	38	28	6	29	24	2	17	16
64	170	2	2	119	0	1953125	12	0.0	8123	2.41	0	0	V0.2	0	0	15	10	16	20	24	18	4	21	32	9	12	21	18	16	7	11	27	13	9	27	20	20	15	12	81	48	66	36	82	37	36	33	54	147	165	203	267	217	161	379	182	412	200	500	130	190	156	165	346	599	513	1000	974	169	661	454	729	834	683	468	297	381	247	242	116	62	37	128	79	43	39	39	30	12	16	25	9	20	24	22	7	17	11	12	10
64	170	2	2	119	0	1953125	12	0.0	8123	2.41	0	0	V0.2	0	0	15	10	16	20	24	18	4	21	32	9	12	21	18	16	7	11	27	13	9	27	20	20	15	12	81	48	66	36	82	37	36	33	54	147	165	203	267	217	161	379	182	412	200	500	130	190	156	165	346	599	513	1000	974	169	661	454	729	834	683	468	297	381	247	242	116	62	37	128	79	43	39	39	30	12	16	25	9	20	24	22	7	17	11	12	10
64	170	2	2	119	0	1953125	12	0.0	204	1.05	0	0	V0.2	0	0	427	404	377	345	377	349	305	259	277	251	180	163	174	165	125	151	196	204	205	254	334	333	354	382	477	444	440	516	556	521	560	507	626	564	546	563	639	512	503	710	482	560	447	550	476	638	366	489	778	369	669	343	1000	221	579	740	865	149	458	760	509	342	478	569	459	414	421	445	470	433	361	371	411	375	275	267	297	270	204	161	177	143	118	37	41
64	170	2	2	119	0	1953125	12	0.0	0	0.74	0	0	V0.2	0	0	204	199	223	214	204	227	222	201	226	232	198	209	231	200	201	227	200	189	223	213	182	229	227	209	207	228	230	255	245	204	250	235	238	258	249	224	129	335	490	319	108	357	302	182	354	269	35	406	694	550	143	418	336	154	851	792	549	1000	836	348	309	466	345	157	381	275	153	274	355	236	210	303	281	213	284	285	225	265	275	224	253	280	239	244	277
64	170	1	2	119	0	1953125	12	0.0	0	0.98	0	0	V0.2	0	0	34	41	46	24	36	30	48	15	33	28	41	24	38	36	33	30	31	33	17	59	44	41	26	64	55	44	48	76	63	86	126	51	13	216	308	345	423	209	141	250	484	439	326	38	252	490	628	686	714	810	580	386	102	510	641	433	752	1000	766	542	354	466	527	326	166	83	219	120	108	80	154	76	100	86	91	54	79	80	42	32	49	50	27	50	53
64	170	2	2	119	0	1953125	12	0.0	7621	2.33	0	0	V0.2	0	0	46	35	36	43	44	31	23	18	41	28	22	21	33	15	12	30	31	19	12	25	69	28	44	46	91	48	90	62	55	53	69	146	41	128	175	97	50	387	494	637	483	172	310	588	390	294	594	920	501	190	721	753	814	603	1000	845	382	356	967	101	560	388	375	365	119	120	145	147	131	51	111	87	61	48	60	25	26	26	8	34	12	15	12	27	17
64	170	2	2	119	0	1953125	12	0.0	0	0.97	0	0	V0.2	0	0	774	777	787	797	793	783	783	794	789	784	773	773	776	775	765	758	761	769	773	764	766	779	796	792	791	808	827	831	846	841	863	881	887	867	883	900	906	887	897	913	890	892	920	881	894	881	898	875	832	895	894	842	908	793	1000	866	849	922	947	838	907	904	949	929	903	940	943	939	938	956	952	953	951	954	954	950	943	942	946	938	935	931	934	931	928
64	170	2	2	119	0	1953125	12	0.0	0	0.52	0	0	V0.2	0	0	11	18	25	27	22	15	16	27	35	32	21	8	21	35	41	35	15	11	31	49	50	34	7	40	60	76	49	13	29	51	116	94	66	57	102	61	248	191	142	190	104	293	656	519	432	370	171	442	797	1000	618	386	202	258	561	940	784	893	135	254	116	377	278	273	242	31	77	167	163	146	141	78	37	92	136	119	99	61	58	75	103	100	78	47	54
64	170	2	2	119	0	1953125	12	0.0	7656	2.33	0	0	V0.2	0	0	40	39	22	14	21	33	33	13	21	26	8	3	9	17	6	4	15	23	28	12	46	27	19	7	10	73	49	56	73	85	12	94	118	131	74	63	175	341	57	144	104	95	183	283	222	430	277	310	148	510	152	592	180	565	138	1000	653	557	582	959	69	334	66	261	209	112	103	11	9	30	34	71	8	28	8	24	43	37	19	21	38	17	2	14	19
64	170	2	2	119	0	1953125	12	0.0	0	0.46	0	0	V0.2	0	0	9	11	23	9	16	26	9	8	24	2	7	5	15	4	10	12	11	29	9	8	9	29	11	8	35	21	35	31	58	26	43	34	76	182	125	158	63	89	194	96	177	146	180	146	84	247	329	376	325	482	445	245	303	228	39	1000	512	798	851	263	126	201	227	267	60	28	67	57	38	62	40	15	10	12	4	25	10	37	18	23	31	9	17	5	17
64	170	2	2	119	0	1953125	12	0.0	0	0.37	0	0	V0.2	0	0	22	25	27	29	31	29	28	25	21	18	19	21	30	33	37	41	44	43	44	35	39	32	12	12	46	36	70	103	114	104	150	162	152	120	232	151	138	367	249	340	292	261	404	461	544	569	722	826	667	354	464	575	628	956	629	525	801	992	961	957	1000	783	571	364	367	214	135	88	116	105	67	90	100	119	123	127	145	140	138	134	126	111	98	86	84
64	170	2	2	119	0	1953125	12	0.0	0	0.36	0	0	V0.2	0	0	15	16	17	17	21	23	26	26	28	30	29	28	26	25	21	22	18	27	37	37	43	53	46	78	72	100	79	76	62	111	64	102	55	50	78	117	208	137	330	201	308	289	444	469	553	721	597	482	152	471	589	179	251	537	287	462	175	638	408	1000	592	548	353	483	430	255	203	224	162	144	122	145	126	84	87	87	82	86	97	100	106	108	107	102	99
64	170	2	2	119	0	1953125	12	0.0	0	0.99	0	0	V0.2	0	0	20	67	18	61	18	63	18	60	23	55	17	55	34	54	18	53	28	48	22	54	31	47	52	58	70	91	50	73	123	189	137	209	166	383	386	538	393	398	323	513	421	283	224	532	654	646	422	516	868	902	690	415	577	872	1000	705	181	496	803	694	616	377	28	74	97	146	29	108	87	148	38	84	16	86	14	62	9	50	11	59	35	56	25	33	20
