34928	35048	35167	35286	35405	35524	35644	35763	35882	36001	36120	36240	36359	36478	36597	36716	36836	36955	37074	37193	37313	37432	37551	37670	37789	37909	38028	38147	38266	38385	38505	38624	38743	38862	38981	39101	39220	39339	39458	39577	39697	39816	39935	40054	40174	40293	40412	40531	40650	40770	40889	41008	41127	41246	41366	41485	41604	41723	41842	41962	42081	42200	42319	42439	42558	42677	42796	42915	43035	43154	43273	43392	43511	43631	43750	43869	43988	44107	44227	44346	44465	44584	44703	44823	44942
64	170	2	2	119	0	1953125	12	0.0	0	0.98	0	0	V0.2	0	0	820	814	806	816	821	818	806	804	805	807	801	789	785	792	794	780	771	785	791	789	786	792	808	815	814	819	828	850	854	848	871	868	882	891	876	865	950	875	904	890	898	890	885	913	852	854	936	830	835	889	878	875	779	900	920	872	749	1000	810	859	891	895	889	906	899	899	924	921	911	917	923	925	922	913	919	919	910	905	907	900	906	895	893	890	895
64	170	2	2	119	0	1953125	12	0.0	0	0.89	0	0	V0.2	0	0	284	269	270	272	265	280	270	284	259	272	257	261	278	258	274	248	263	249	273	269	261	277	244	276	247	323	276	258	310	242	312	243	409	290	304	448	146	423	232	535	139	457	373	259	400	266	310	495	118	681	408	205	278	383	632	431	1000	526	820	732	164	506	182	379	217	377	435	183	380	254	354	300	302	365	249	341	280	322	298	305	309	280	320	272	321
64	170	2	2	119	0	1953125	12	0.0	0	0.96	0	0	V0.2	0	0	298	352	294	351	289	356	290	354	279	356	277	357	280	346	274	351	294	332	301	326	329	316	348	292	370	298	408	235	471	188	501	223	467	126	647	362	537	446	479	499	624	1000	336	802	157	466	163	959	365	601	406	617	283	994	479	627	397	820	719	503	544	373	594	129	641	151	497	293	464	285	427	328	412	354	369	369	355	383	339	386	308	400	313	396	295
64	170	2	2	119	0	1953125	12	0.0	0	0.90	0	0	V0.2	0	0	262	242	251	240	242	254	243	262	229	250	224	256	242	240	247	220	243	223	269	225	248	229	240	250	248	275	225	264	229	289	265	262	255	292	338	202	624	218	379	232	385	345	362	665	238	515	625	333	471	501	389	244	861	1000	685	740	210	578	279	622	92	458	287	286	374	161	392	213	340	328	251	336	213	351	239	319	276	275	291	253	310	256	300	248	293
64	170	2	2	119	0	1953125	12	0.0	0	0.97	0	0	V0.2	0	0	41	62	45	61	55	43	51	45	57	30	51	44	51	33	42	47	36	54	40	66	48	85	70	85	86	75	94	102	150	125	231	96	223	181	420	329	356	185	579	817	929	865	452	189	246	589	537	793	465	237	328	395	422	357	166	880	1000	982	749	279	514	493	587	418	290	286	279	361	216	208	58	143	73	100	37	109	75	83	69	65	56	51	67	45	43
64	170	2	2	119	0	1953125	12	0.0	0	0.88	0	0	V0.2	0	0	16	43	37	23	54	9	40	29	38	39	23	49	27	33	31	51	24	45	53	50	60	30	84	38	77	105	78	120	44	109	118	82	193	159	246	238	231	265	101	141	172	287	272	228	401	474	317	481	510	651	551	540	754	989	1000	774	985	633	156	363	221	147	166	73	172	182	161	160	86	132	107	80	118	68	85	64	51	68	22	62	40	46	48	38	48
64	170	2	2	119	0	1953125	12	0.0	0	0.88	0	0	V0.2	0	0	281	324	271	331	286	311	304	277	321	266	329	269	313	287	271	322	247	342	244	333	276	284	341	231	388	236	371	294	291	434	177	474	284	330	390	190	510	107	633	628	447	804	258	1000	564	415	471	501	598	381	811	347	301	175	308	745	511	698	385	739	484	279	550	161	408	410	298	455	229	412	302	350	389	298	405	284	380	308	344	362	302	378	286	363	300
64	170	2	2	119	0	1953125	12	0.0	0	0.89	0	0	V0.2	0	0	41	48	17	54	10	56	35	32	45	17	40	12	53	29	38	27	51	41	36	59	23	71	12	90	57	67	106	68	136	54	165	135	82	120	47	118	99	316	446	369	285	213	201	435	259	40	186	633	889	1000	851	513	471	957	679	677	162	115	552	701	510	338	354	271	92	154	171	164	134	96	171	109	76	106	75	99	34	81	71	20	56	31	51	24	53
64	170	2	2	119	0	1953125	12	0.0	0	0.88	0	0	V0.2	0	0	45	28	63	9	58	44	31	47	24	58	28	47	48	41	38	43	57	29	65	47	77	58	67	93	31	111	90	133	137	89	213	134	154	118	164	197	128	262	267	162	162	146	190	332	79	247	408	655	865	923	958	647	640	1000	849	609	110	238	596	684	515	310	307	240	94	155	152	154	156	121	176	142	111	146	105	122	99	86	105	52	83	68	55	66	56
64	170	2	2	119	0	1953125	12	0.0	0	0.88	0	0	V0.2	0	0	269	251	249	275	235	286	235	271	249	243	273	226	282	224	270	236	244	269	213	300	213	281	239	255	290	210	344	223	298	278	240	339	195	426	186	369	332	146	429	279	322	279	214	318	195	647	350	414	744	300	727	132	890	789	1000	519	455	592	140	600	427	297	441	151	404	195	348	363	210	417	175	379	292	274	368	198	368	243	312	296	254	326	231	333	244
64	170	2	2	119	0	1953125	12	0.0	0	0.88	0	0	V0.2	0	0	237	189	240	199	233	226	205	239	182	241	192	229	220	199	233	169	246	179	240	220	199	239	163	278	161	279	255	174	281	155	304	222	284	284	186	387	73	395	360	192	318	94	509	173	478	471	174	561	333	592	537	326	569	597	1000	318	752	269	366	535	120	467	186	328	311	173	390	142	320	252	233	325	154	339	191	276	262	210	291	187	289	204	262	241	218
64	170	2	2	119	0	1953125	12	0.0	0	0.88	0	0	V0.2	0	0	25	52	9	47	36	27	41	20	47	25	36	39	33	38	41	53	36	55	46	59	48	57	87	47	96	82	75	83	47	118	71	82	155	145	224	164	150	185	70	166	236	299	297	186	359	397	327	301	345	379	354	425	785	981	1000	741	770	622	170	161	104	93	116	79	150	129	106	134	100	134	133	99	126	89	94	96	65	84	55	67	64	46	64	50	53
64	170	2	2	119	0	1953125	12	0.0	0	0.88	0	0	V0.2	0	0	191	233	205	227	226	200	232	188	234	202	223	217	197	224	179	238	186	231	210	194	225	180	260	176	254	216	207	242	186	294	196	254	244	176	377	91	360	226	294	244	316	471	53	455	294	313	516	116	394	304	291	438	490	1000	589	743	489	776	362	254	273	189	328	164	295	333	141	340	169	288	290	192	325	172	292	228	242	269	207	286	193	274	215	244	253
64	170	2	2	119	0	1953125	12	0.0	0	0.96	0	0	V0.2	0	0	258	265	268	262	271	248	278	248	284	231	285	224	295	215	295	198	310	197	310	206	297	217	307	236	294	230	328	295	278	378	196	433	139	494	42	548	217	327	273	469	91	561	403	368	365	393	411	571	980	599	1000	210	674	323	759	366	522	197	479	224	435	202	386	393	241	452	168	417	165	423	223	357	243	341	269	332	257	326	270	319	292	283	297	281	307
64	170	2	2	119	0	1953125	12	0.0	0	0.91	0	0	V0.2	0	0	54	5	54	18	61	42	28	37	28	52	2	47	29	30	18	56	34	34	24	45	40	43	66	2	41	33	112	24	149	149	162	169	125	259	201	336	252	250	231	34	132	124	119	194	364	686	706	792	850	679	569	373	817	880	1000	878	998	864	386	282	201	268	266	109	236	156	163	165	161	207	86	151	119	104	99	90	144	67	82	71	78	61	49	83	62
64	170	2	2	119	0	1953125	12	0.0	0	0.90	0	0	V0.2	0	0	49	50	15	51	12	44	17	44	44	13	36	33	44	16	48	39	41	23	68	53	44	69	45	73	25	125	109	93	127	112	177	98	138	142	142	219	192	256	112	121	140	222	216	173	321	355	335	423	380	405	337	636	1000	994	914	699	777	739	474	258	209	265	196	229	279	197	182	160	164	173	79	123	97	82	77	66	99	47	75	70	57	57	42	69	43
64	170	2	2	119	0	1953125	12	0.0	0	0.91	0	0	V0.2	0	0	34	69	16	57	28	39	34	36	58	3	39	29	47	13	50	42	40	17	61	60	28	75	35	85	24	124	118	73	131	114	191	71	170	180	205	240	170	251	138	141	135	232	219	206	374	406	376	486	481	599	505	648	954	1000	933	667	873	769	471	269	295	374	270	282	331	236	199	147	182	186	83	131	93	99	69	75	106	39	78	61	73	54	49	75	45
64	170	2	2	119	0	1953125	12	0.0	0	0.95	0	0	V0.2	0	0	57	33	44	36	41	49	26	49	31	57	21	53	37	54	37	66	51	69	30	77	41	100	44	113	69	119	105	124	154	81	140	65	182	110	165	166	92	78	84	261	279	314	172	39	104	299	294	619	597	447	319	491	784	860	1000	811	895	770	622	350	392	480	410	373	316	225	207	93	147	67	105	58	133	98	100	89	81	96	58	94	64	86	47	72	60
64	170	2	2	119	0	1953125	12	0.0	0	0.95	0	0	V0.2	0	0	54	35	40	38	39	50	23	48	28	58	26	56	36	50	36	65	41	61	34	81	32	91	56	113	69	101	113	117	147	53	115	29	140	88	186	190	133	80	132	284	337	444	337	218	138	244	283	503	571	454	388	394	664	750	999	931	904	876	509	336	371	492	416	356	324	215	199	63	107	56	106	52	130	106	97	91	72	93	50	88	58	82	47	66	55
64	170	2	2	119	0	1953125	12	0.0	0	0.96	0	0	V0.2	0	0	24	62	11	61	7	56	11	51	17	46	24	51	26	46	35	61	34	71	43	68	22	88	58	97	65	111	135	152	190	131	199	114	202	147	308	304	231	131	211	369	402	442	299	333	214	1	126	479	494	382	77	506	717	875	999	918	807	639	647	471	486	553	411	395	278	204	129	52	89	64	94	77	125	61	103	48	91	51	76	59	58	51	44	52	45
64	170	2	2	119	0	1953125	12	0.0	0	0.95	0	0	V0.2	0	0	285	322	296	313	293	308	305	308	300	294	304	291	318	273	311	264	339	251	336	242	340	245	373	222	374	207	442	228	415	316	357	419	290	432	249	513	259	444	223	550	111	740	366	595	368	459	293	742	837	686	989	80	348	457	1000	293	776	47	466	348	390	147	536	312	377	407	289	426	289	429	270	402	283	428	277	394	280	395	297	385	293	359	321	359	319
64	170	2	2	119	0	1953125	12	0.0	0	0.89	0	0	V0.2	0	0	343	334	353	319	361	321	357	337	331	348	308	353	311	355	316	327	329	309	352	314	357	303	344	319	348	364	356	353	303	443	248	460	341	354	389	374	427	246	538	594	113	692	287	710	654	186	583	452	930	322	1000	642	374	250	467	659	744	593	572	616	589	186	608	260	404	452	315	533	257	473	375	378	456	333	447	327	417	364	387	403	361	400	345	397	352
64	170	2	2	119	0	1953125	12	0.0	0	0.89	0	0	V0.2	0	0	59	38	41	60	6	53	17	53	47	23	52	24	37	23	55	36	40	37	47	49	26	77	17	80	59	81	64	66	113	28	125	55	120	168	64	191	119	105	192	302	495	288	349	471	484	534	358	317	221	146	366	682	894	961	985	900	1000	927	675	491	415	274	263	217	200	253	156	175	204	135	179	132	142	135	78	112	73	83	86	63	80	51	64	60	43
64	170	2	2	119	0	1953125	12	0.0	0	0.88	0	0	V0.2	0	0	27	43	2	40	25	26	31	16	40	16	29	27	26	26	31	37	25	40	30	46	27	48	65	35	73	46	60	59	40	90	38	55	107	136	193	125	158	151	109	186	205	251	210	175	283	261	231	260	278	419	353	423	656	960	1000	723	694	610	329	105	97	92	123	111	170	143	129	144	86	122	111	90	111	71	93	82	62	77	46	63	53	44	56	41	48
64	170	2	2	119	0	1953125	12	0.0	0	0.90	0	0	V0.2	0	0	273	292	284	279	282	268	292	272	295	266	278	265	270	287	263	286	247	278	259	290	271	270	289	252	290	266	341	244	321	274	286	384	256	377	161	444	267	332	464	257	233	308	285	390	269	446	72	744	543	637	678	274	559	421	1000	258	553	188	249	665	183	459	352	314	400	231	465	222	360	309	321	364	279	363	268	340	306	326	318	306	318	285	334	290	327
64	170	2	2	119	0	1953125	12	0.0	0	0.88	0	0	V0.2	0	0	39	36	64	1	60	36	35	44	22	55	20	48	41	37	37	46	48	29	65	42	78	41	77	90	51	131	88	149	146	138	254	157	153	170	219	295	195	379	370	204	146	80	213	84	155	272	386	652	796	876	999	849	669	834	738	734	228	225	290	497	407	247	274	238	138	193	178	207	205	123	167	127	99	122	68	114	80	80	88	44	73	49	51	56	44
64	170	2	2	119	0	1953125	12	0.0	0	0.95	0	0	V0.2	0	0	56	36	51	46	46	63	26	55	33	71	32	65	47	66	41	72	59	85	53	105	63	111	66	117	81	95	94	116	128	85	162	64	160	155	348	315	357	351	381	534	490	646	604	668	461	249	219	299	525	514	434	191	319	442	637	681	889	1000	774	479	272	355	271	230	183	142	182	104	156	107	158	72	119	100	118	104	94	115	72	97	73	96	61	76	71
64	170	2	2	119	0	1953125	12	0.0	0	0.87	0	0	V0.2	0	0	55	6	54	32	33	54	2	52	29	29	34	24	42	25	48	36	52	40	53	52	33	81	34	86	81	76	135	49	152	107	121	139	85	182	190	94	185	112	132	219	185	401	396	561	655	691	740	490	272	346	246	278	369	457	730	715	907	1000	813	536	252	211	192	146	217	161	170	217	104	144	141	94	117	51	107	103	58	96	59	67	64	46	69	38	49
64	170	2	2	119	0	1953125	12	0.0	0	0.87	0	0	V0.2	0	0	747	746	747	751	752	755	753	744	739	737	729	734	732	727	725	721	713	721	724	723	729	735	738	740	742	758	764	776	777	811	775	793	811	828	812	810	818	839	840	760	851	863	806	818	717	828	844	849	683	853	788	722	963	565	867	698	850	1000	701	794	738	861	885	841	815	802	827	844	862	859	847	839	828	835	846	846	851	832	832	813	813	819	819	827	822
64	170	1	2	119	0	1953125	12	0.0	0	0.84	0	0	V0.2	0	0	295	289	284	301	280	301	286	285	302	268	296	280	277	298	267	288	272	276	289	269	292	286	282	287	295	283	289	341	251	339	353	241	353	276	345	425	199	405	324	355	606	109	593	569	25	683	610	281	708	384	469	562	158	505	224	345	560	688	1000	188	575	344	150	457	318	308	442	220	363	324	305	378	294	352	319	315	336	286	354	306	325	341	284	341	296
64	170	2	2	119	0	1953125	12	0.0	7600	2.32	0	0	V0.2	0	0	18	15	12	12	17	11	19	13	12	9	15	8	2	12	12	1	10	4	9	16	4	21	18	16	38	6	75	53	45	100	56	56	77	22	46	123	68	74	173	22	186	123	211	317	30	514	234	488	383	335	308	330	181	566	1000	774	482	666	208	228	282	140	332	173	91	142	16	56	67	42	50	28	22	14	14	30	15	19	14	24	7	9	9	2	7
64	170	2	2	119	0	1953125	12	0.0	7848	2.37	0	0	V0.2	0	0	57	56	64	51	56	36	53	47	44	33	34	39	10	23	39	49	31	2	82	19	59	40	82	72	117	29	90	140	14	142	111	257	41	197	216	327	20	117	152	103	263	282	149	256	827	1000	938	523	267	517	613	228	355	634	906	809	783	582	186	212	398	240	74	118	215	135	36	85	102	135	28	74	77	72	51	35	90	67	53	38	66	14	63	44	31
64	170	2	2	119	0	1953125	12	0.0	7620	2.33	0	0	V0.2	0	0	66	100	81	71	59	65	88	49	56	33	67	43	21	31	69	10	45	35	68	61	25	111	95	98	58	159	163	87	129	118	206	48	186	30	265	149	168	214	147	371	174	447	447	794	857	656	545	391	483	786	999	702	615	278	590	654	701	631	274	299	570	504	219	176	186	308	70	60	158	233	60	32	132	148	33	59	79	116	50	39	49	44	64	63	48
64	170	2	2	119	0	1953125	12	0.0	0	0.87	0	0	V0.2	0	0	870	865	873	871	875	877	876	867	857	854	852	853	851	849	840	837	832	835	841	849	855	862	855	854	875	880	895	911	907	907	921	932	948	940	953	966	942	955	976	953	948	909	980	954	955	923	892	944	942	935	969	874	889	909	924	976	1000	859	898	960	971	968	953	944	983	965	966	982	993	998	984	979	978	979	982	990	985	977	964	958	961	959	963	961	956
64	170	2	2	119	0	1953125	12	0.0	0	0.87	0	0	V0.2	0	0	289	303	307	294	310	286	301	290	300	301	290	305	270	300	277	288	304	272	312	265	296	293	280	325	289	304	291	328	277	320	399	243	375	314	329	455	172	474	308	369	494	107	519	445	141	391	369	381	282	365	261	368	836	346	1000	675	594	946	425	682	453	303	606	160	483	399	226	467	239	392	372	310	366	288	375	302	360	339	313	363	283	361	306	334	348
64	170	2	2	119	0	1953125	12	0.0	0	0.83	0	0	V0.2	0	0	28	27	52	17	42	45	2	38	27	31	41	19	46	36	30	38	38	46	20	58	53	25	85	59	83	97	54	134	127	71	172	119	96	164	122	174	282	242	425	411	402	379	356	234	310	218	237	291	227	284	269	172	423	671	559	524	545	979	1000	781	574	576	395	373	313	242	294	221	117	161	145	86	110	74	63	69	28	73	58	24	62	48	32	48	35
64	170	2	2	119	0	1953125	12	0.0	0	0.83	0	0	V0.2	0	0	28	51	14	45	48	3	46	27	25	39	10	37	26	24	33	27	38	18	52	44	45	82	39	51	58	16	75	25	42	66	46	80	146	118	176	115	156	200	31	252	132	154	190	264	276	441	560	774	815	786	651	804	450	304	507	774	1000	927	776	574	366	285	132	138	233	222	200	246	197	128	157	93	78	95	59	84	70	36	86	57	39	68	40	43	38
64	170	2	2	119	0	1953125	12	0.0	0	0.95	0	0	V0.2	0	0	35	18	37	15	39	8	42	9	44	17	38	22	38	23	40	27	43	22	51	30	61	46	71	62	61	85	71	117	56	127	54	93	31	167	128	154	155	106	167	88	138	116	254	267	401	281	231	110	231	267	330	650	816	1000	989	693	553	275	196	158	59	139	164	103	69	98	91	117	85	123	73	98	78	75	68	46	64	32	54	39	59	34	47	45	42
64	170	2	2	119	0	1953125	12	0.0	7773	2.35	0	0	V0.2	0	0	20	25	24	14	22	27	24	5	13	19	16	8	11	17	11	10	16	22	12	11	16	41	25	22	26	36	21	16	26	35	105	41	102	103	133	38	74	22	177	280	214	116	109	194	298	288	338	611	649	535	326	245	547	423	1000	124	779	244	339	323	121	204	161	41	38	13	74	71	23	46	9	38	34	20	6	14	21	25	7	11	8	16	11	11	9
64	170	2	2	119	0	1953125	12	0.0	0	0.97	0	0	V0.2	0	0	862	863	857	866	869	868	853	855	856	855	844	837	839	836	836	828	821	829	838	837	834	841	851	863	865	866	879	890	902	910	906	919	933	951	929	931	953	950	953	924	962	914	943	929	915	925	913	922	954	886	947	920	896	980	860	854	1000	866	918	888	933	956	931	921	955	973	962	951	962	976	977	972	957	967	980	968	955	949	956	958	944	937	934	947	945
