34928	35048	35167	35286	35405	35524	35644	35763	35882	36001	36120	36240	36359	36478	36597	36716	36836	36955	37074	37193	37313	37432	37551	37670	37789	37909	38028	38147	38266	38385	38505	38624	38743	38862	38981	39101	39220	39339	39458	39577	39697	39816	39935	40054	40174	40293	40412	40531	40650	40770	40889	41008	41127	41246	41366	41485	41604	41723	41842	41962	42081	42200	42319	42439	42558	42677	42796	42915	43035	43154	43273	43392	43511	43631	43750	43869	43988	44107	44227	44346	44465	44584	44703	44823	44942
64	170	2	2	119	0	1953125	12	0.0	0	0.76	0	0	V0.2	0	0	50	34	23	50	37	20	47	37	11	39	36	12	22	28	34	16	21	45	36	21	64	31	35	57	42	50	61	10	88	101	78	161	232	159	90	262	303	273	477	532	395	250	235	365	610	555	405	424	373	592	906	904	482	270	605	1000	759	729	693	525	209	317	317	333	332	132	127	122	110	33	84	105	36	58	74	14	62	58	17	39	45	17	37	39	18
64	170	2	2	119	0	1953125	12	0.0	0	0.76	0	0	V0.2	0	0	21	43	25	18	42	25	21	44	25	20	45	29	11	37	29	17	20	30	45	17	52	63	12	58	98	31	58	78	40	80	171	123	161	216	138	168	335	390	381	590	432	131	127	478	560	571	542	340	285	711	1000	835	580	300	535	921	772	634	749	633	153	226	402	348	272	197	108	62	84	88	37	87	79	9	72	65	19	69	61	7	47	56	16	36	50
64	170	2	2	119	0	1953125	12	0.0	0	0.77	0	0	V0.2	0	0	119	104	125	137	113	137	142	107	136	126	93	136	112	88	143	103	103	145	90	115	125	78	106	109	75	137	110	99	170	96	203	256	58	209	303	111	295	510	336	576	483	33	132	631	488	646	593	271	357	802	905	899	628	161	484	999	657	767	750	466	314	396	211	427	408	64	306	161	122	157	170	116	178	144	157	221	114	180	204	112	175	173	97	174	149
64	170	2	2	119	0	1953125	12	0.0	0	0.78	0	0	V0.2	0	0	30	32	21	32	26	17	32	23	13	33	17	13	29	18	21	17	19	39	19	33	37	20	25	49	10	46	57	31	70	52	52	145	136	83	163	204	203	319	456	364	420	199	277	373	601	398	340	315	187	562	1000	822	443	331	578	738	673	551	592	498	221	271	291	354	272	121	170	74	18	23	49	10	32	39	26	76	58	25	68	52	11	58	50	12	41
64	170	2	2	119	0	1953125	12	0.0	0	0.98	0	0	V0.2	0	0	70	102	52	117	67	121	71	103	72	124	66	108	64	112	67	110	47	118	70	102	50	103	44	138	33	145	20	172	68	130	16	227	73	148	49	346	287	530	569	427	433	18	236	476	550	459	475	203	294	634	1000	823	791	398	266	736	861	700	717	322	349	294	571	378	531	251	354	181	204	106	181	92	166	59	177	94	163	59	168	87	149	82	137	63	161
64	170	2	2	119	0	1953125	12	0.0	0	0.77	0	0	V0.2	0	0	117	107	138	129	116	144	122	112	139	103	113	138	91	126	141	90	128	132	72	136	92	86	112	87	111	151	89	137	145	91	243	154	122	265	207	72	412	438	335	633	400	239	294	554	532	653	410	412	319	526	768	959	628	482	557	1000	931	998	596	472	237	374	252	532	314	230	294	42	160	173	122	190	181	139	214	177	122	213	139	130	188	113	147	179	108
64	170	2	2	119	0	1953125	12	0.0	0	0.76	0	0	V0.2	0	0	30	32	54	33	25	46	29	11	36	22	16	26	19	30	27	12	33	29	13	48	32	41	47	6	66	90	5	76	112	2	126	206	147	115	154	165	214	372	516	476	524	279	141	315	610	342	389	265	181	563	1000	805	600	537	416	767	865	773	604	404	179	362	338	436	322	154	185	104	31	46	68	29	29	48	10	50	54	14	46	54	12	39	51	16	30
64	170	2	2	119	0	1953125	12	0.0	0	0.77	0	0	V0.2	0	0	126	113	116	149	123	129	155	113	132	147	94	130	136	78	134	125	82	145	124	87	146	85	96	129	60	138	137	79	190	119	136	291	156	162	260	213	189	497	443	471	523	160	163	658	683	562	646	211	321	864	922	669	708	468	358	1000	781	973	889	429	182	366	294	323	472	123	269	265	122	168	206	99	187	165	127	228	158	143	224	139	162	199	114	156	180
64	170	2	2	119	0	1953125	12	0.0	0	0.77	0	0	V0.2	0	0	99	111	86	113	116	94	125	117	92	129	105	83	127	87	83	120	76	91	126	58	110	106	73	109	94	66	129	92	110	134	45	193	258	27	155	299	194	363	537	324	446	207	355	389	705	313	463	243	147	718	1000	484	587	564	506	708	744	651	660	409	78	251	390	195	329	239	112	229	178	128	182	150	119	167	102	139	174	88	158	165	97	168	153	94	162
64	170	2	2	119	0	1953125	12	0.0	0	0.77	0	0	V0.2	0	0	104	87	99	117	90	105	116	82	108	106	71	112	98	69	120	91	74	120	81	80	109	54	77	99	49	124	98	71	145	91	121	190	80	169	192	155	267	502	325	545	364	54	132	521	414	411	455	112	224	747	766	502	538	396	693	918	716	1000	573	167	75	401	184	355	354	20	248	159	75	147	119	94	154	111	138	175	98	145	166	92	148	139	80	142	120
64	170	2	2	119	0	1953125	12	0.0	0	0.77	0	0	V0.2	0	0	101	92	94	118	96	101	123	91	101	117	72	103	107	59	108	102	64	116	101	65	113	73	66	109	52	104	113	61	144	97	115	188	132	120	165	228	195	528	428	494	471	52	115	460	445	315	415	33	145	875	907	609	379	388	712	999	763	968	803	256	73	320	207	276	333	98	195	202	89	129	151	77	148	126	106	177	117	118	173	105	123	156	84	123	140
64	170	2	2	119	0	1953125	12	0.0	0	0.78	0	0	V0.2	0	0	35	22	21	36	22	21	38	17	15	30	11	14	20	15	24	16	23	34	15	30	36	8	43	48	9	50	38	17	52	52	70	66	52	112	82	124	228	412	390	423	375	80	201	415	456	294	355	104	196	776	999	688	335	287	762	784	774	695	731	425	92	150	269	251	131	121	85	46	52	36	23	57	25	37	70	44	23	59	43	20	51	38	23	40	30
64	170	2	2	119	0	1953125	12	0.0	0	0.78	0	0	V0.2	0	0	35	20	26	31	13	23	26	2	20	18	8	26	16	20	28	17	22	24	23	39	18	20	46	31	30	56	30	34	59	37	67	72	65	125	78	87	231	379	360	401	351	45	236	448	426	258	308	138	224	805	999	783	466	161	721	752	538	496	564	411	132	175	271	262	150	128	89	54	62	42	24	66	39	29	72	50	18	60	53	12	42	42	21	34	29
64	170	1	2	119	0	1953125	12	0.0	0	0.78	0	0	V0.2	0	0	30	25	17	29	18	12	28	13	12	24	10	19	23	15	24	19	20	28	17	28	29	5	28	41	10	42	46	9	53	44	47	69	65	75	95	101	159	293	359	293	329	21	271	370	425	172	172	143	287	692	999	773	513	99	632	603	345	285	339	340	176	180	213	263	143	92	102	48	43	43	20	47	47	7	53	61	16	41	56	24	28	45	28	17	31
64	170	1	2	119	0	1953125	12	0.0	0	0.77	0	0	V0.2	0	0	32	27	19	32	23	13	30	18	8	23	11	18	22	13	26	22	16	30	20	27	33	8	29	43	13	43	54	11	63	46	48	76	67	85	102	81	151	283	350	301	330	47	286	387	427	200	113	119	299	648	1000	838	567	235	689	680	422	273	311	284	231	195	211	252	145	81	101	48	46	48	26	48	51	13	58	66	20	44	57	27	29	50	29	17	36
64	170	2	2	119	0	1953125	12	0.0	0	0.78	0	0	V0.2	0	0	24	35	15	27	36	11	31	37	10	25	31	11	21	21	25	30	14	37	38	11	42	39	17	52	35	11	59	33	45	50	57	88	76	66	111	85	138	262	385	299	342	120	319	417	470	255	140	126	347	656	1000	919	622	378	834	855	589	391	345	262	272	243	220	264	158	66	106	52	24	37	29	26	36	17	50	68	30	42	62	28	33	55	34	26	45
64	170	2	2	119	0	1953125	12	0.0	0	0.77	0	0	V0.2	0	0	69	91	74	77	95	73	87	100	72	95	95	63	99	83	54	98	72	58	98	56	71	95	62	75	84	55	101	84	90	81	73	140	145	44	175	134	91	285	434	252	410	103	266	400	464	178	236	208	246	703	1000	784	706	320	640	827	432	383	421	262	124	323	237	169	269	149	111	172	121	81	146	85	98	126	61	149	118	79	150	110	90	144	84	91	123
64	170	2	2	119	0	1953125	12	0.0	0	0.78	0	0	V0.2	0	0	28	22	14	30	22	13	33	23	8	26	15	12	21	16	22	20	20	30	17	25	35	11	32	47	9	36	42	8	37	51	60	43	29	97	82	61	143	291	328	288	320	15	234	380	387	193	238	175	289	730	1000	712	521	168	602	635	362	264	340	324	191	211	235	242	123	99	83	29	50	42	8	50	30	19	61	46	21	53	39	15	42	33	20	33	25
64	170	2	2	119	0	1953125	12	0.0	0	0.77	0	0	V0.2	0	0	33	22	23	32	19	17	27	12	13	22	7	20	18	15	27	19	20	30	20	31	27	10	32	40	14	52	49	13	62	35	59	72	64	104	94	86	151	316	361	308	358	69	232	372	420	224	242	165	211	707	1000	745	433	115	666	657	383	323	393	389	201	192	231	269	141	103	99	46	51	53	17	54	47	7	61	59	12	50	58	18	33	47	23	22	33
64	170	1	2	119	0	1953125	12	0.0	0	0.78	0	0	V0.2	0	0	32	29	16	36	30	13	37	29	6	32	21	10	22	18	25	20	19	38	23	23	42	20	30	56	13	39	50	11	61	46	82	77	66	96	85	155	202	405	446	402	416	142	216	412	542	275	332	166	223	722	1000	623	244	274	900	787	724	629	642	461	183	163	250	257	119	85	95	23	28	44	6	41	34	14	65	61	15	58	58	14	46	49	18	36	37
64	170	1	2	119	0	1953125	12	0.0	0	0.77	0	0	V0.2	0	0	90	105	84	106	113	88	116	115	84	120	106	73	120	91	71	114	82	79	120	67	89	113	75	93	100	54	122	96	114	118	63	159	221	29	121	295	249	390	582	371	509	239	236	319	615	183	329	234	235	749	1000	462	298	473	900	920	925	750	822	409	24	177	298	127	221	219	64	186	201	90	179	154	101	159	99	126	166	83	142	158	95	155	150	89	147
64	170	1	2	119	0	1953125	12	0.0	0	0.78	0	0	V0.2	0	0	29	28	36	18	24	31	7	26	28	4	32	29	9	34	28	20	26	26	45	28	21	54	49	18	65	35	30	76	6	50	59	24	164	168	89	223	371	340	432	530	265	63	331	513	548	427	374	131	426	840	1000	674	498	316	809	864	729	801	672	253	62	278	279	272	282	149	104	110	86	12	68	59	14	54	50	28	58	52	32	49	37	30	52	35	23
64	170	1	2	119	0	1953125	12	0.0	0	0.77	0	0	V0.2	0	0	90	110	86	105	119	90	114	121	85	118	113	76	119	100	71	116	88	73	124	71	88	115	77	94	106	51	118	103	100	129	54	160	260	65	147	303	192	249	487	299	361	242	374	355	732	278	363	267	244	656	999	462	468	524	702	688	724	600	768	388	109	147	357	218	250	259	47	184	212	113	173	173	110	163	121	112	172	97	132	166	101	151	159	98	146
64	170	1	2	119	0	1953125	12	0.0	0	0.77	0	0	V0.2	0	0	107	127	140	113	139	142	108	142	135	102	149	128	98	155	116	100	149	100	98	146	68	120	123	82	147	118	99	153	94	144	206	41	242	252	142	203	491	376	515	697	235	248	374	472	662	576	362	376	610	747	1000	812	358	282	911	898	908	938	617	502	259	333	298	547	269	266	274	40	172	190	123	200	190	156	229	174	137	219	135	136	190	108	155	187	111
64	170	2	2	119	0	1953125	12	0.0	0	0.76	0	0	V0.2	0	0	42	22	52	47	20	47	45	13	33	38	15	20	26	30	30	11	33	43	10	44	50	12	45	32	25	80	36	41	123	53	96	227	197	57	143	274	251	295	522	465	396	196	281	398	767	451	403	453	410	634	860	626	329	328	872	1000	911	984	708	389	56	311	288	402	359	141	177	131	83	21	85	80	20	56	46	29	60	40	22	49	33	14	45	39	13
64	170	2	2	119	0	1953125	12	0.0	0	0.92	0	0	V0.2	0	0	81	77	98	72	91	77	98	73	106	70	90	87	77	88	72	91	51	103	46	98	57	87	52	90	67	92	78	84	118	76	203	46	141	43	248	198	280	460	334	497	303	159	15	415	315	398	397	278	232	323	366	522	599	452	671	969	995	1000	631	484	244	377	300	326	375	181	326	68	201	108	149	158	84	162	74	155	59	155	83	129	95	112	94	108	119
64	170	2	2	119	0	1953125	12	0.0	0	0.78	0	0	V0.2	0	0	41	29	36	35	18	32	27	9	27	16	17	31	14	27	29	14	30	29	31	41	8	33	51	21	60	59	34	53	65	41	124	84	52	137	195	172	313	421	385	549	444	108	116	461	563	446	432	291	236	695	1000	780	653	436	632	842	900	768	707	376	93	249	427	381	272	220	150	90	61	24	40	67	32	40	85	55	28	80	60	14	55	47	26	41	38
64	170	2	2	119	0	1953125	12	0.0	0	0.76	0	0	V0.2	0	0	31	29	49	35	22	44	30	10	35	23	11	24	17	27	26	11	30	29	9	48	26	29	40	9	54	77	5	67	106	14	127	191	115	66	188	242	203	331	412	425	468	217	156	294	594	370	342	354	229	558	1000	789	493	382	593	708	757	668	554	412	142	314	331	387	285	117	159	88	50	37	81	53	27	54	21	50	58	16	43	49	14	33	48	21	26
64	170	2	2	119	0	1953125	12	0.0	0	0.76	0	0	V0.2	0	0	107	118	138	105	124	140	103	133	145	106	138	145	102	139	137	92	135	117	77	136	90	94	135	69	125	176	71	171	196	57	243	276	38	184	301	146	301	486	298	616	614	91	51	538	529	565	553	281	383	849	966	884	740	218	469	1000	700	895	841	379	124	451	322	406	456	31	266	257	184	126	259	155	128	210	111	180	174	115	188	178	132	193	172	138	189
64	170	2	2	119	0	1953125	12	0.0	0	0.76	0	0	V0.2	0	0	106	93	87	116	97	100	124	98	101	123	88	94	115	75	93	102	65	97	102	58	121	86	82	123	79	87	123	51	119	152	41	200	234	103	130	349	219	208	450	331	423	302	181	209	656	320	363	414	208	528	999	677	544	354	559	658	813	538	693	535	112	193	446	258	244	240	21	147	215	133	135	221	131	146	177	95	157	138	90	142	125	98	149	117	116
64	170	2	2	119	0	1953125	12	0.0	0	0.76	0	0	V0.2	0	0	94	117	122	94	126	122	100	137	127	105	144	125	101	139	113	96	129	90	85	126	57	118	110	68	150	137	93	166	145	80	249	202	69	226	255	115	376	388	200	604	485	177	115	505	461	614	436	319	443	748	785	863	621	201	524	1000	718	909	754	395	228	374	230	469	385	76	277	216	105	165	229	73	169	172	104	192	137	134	193	148	139	188	133	139	171
64	170	2	2	119	0	1953125	12	0.0	0	0.76	0	0	V0.2	0	0	97	112	131	97	118	131	99	126	134	99	131	136	96	132	126	87	128	105	72	129	75	97	123	63	125	154	80	156	172	62	224	263	27	184	293	129	302	428	243	546	567	101	55	514	470	552	463	186	312	834	884	847	668	137	487	1000	703	879	796	362	161	392	279	387	420	15	252	238	159	122	247	130	128	192	94	169	156	107	173	162	120	179	156	126	176
64	170	2	2	119	0	1953125	12	0.0	0	0.76	0	0	V0.2	0	0	100	107	128	98	113	130	96	123	134	98	130	134	94	127	129	86	124	108	70	126	81	91	123	64	120	156	77	150	173	62	210	264	31	172	290	131	280	436	268	519	583	100	77	503	467	521	438	151	273	875	933	823	653	134	474	1000	692	834	792	357	111	399	308	369	423	34	239	231	172	110	245	140	120	193	97	165	162	103	166	161	118	178	158	122	173
64	170	2	2	119	0	1953125	12	0.0	0	0.76	0	0	V0.2	0	0	98	115	131	98	124	130	103	130	135	102	134	135	98	134	125	91	129	106	77	132	72	104	124	62	135	153	86	162	162	74	224	253	15	199	280	104	321	437	240	579	550	117	98	516	456	556	400	172	283	905	963	915	683	129	492	1000	666	881	786	351	126	416	285	408	421	10	260	232	156	131	246	123	138	187	96	178	157	114	181	163	126	185	158	131	177
64	170	2	2	119	0	1953125	12	0.0	0	0.76	0	0	V0.2	0	0	105	115	138	103	124	137	103	131	144	105	137	143	104	138	135	90	132	117	75	136	86	99	135	65	130	169	80	168	180	69	215	280	35	193	301	123	294	470	282	587	609	106	84	546	509	590	468	171	277	890	1000	949	771	210	436	974	661	854	838	397	146	425	320	396	445	36	254	251	180	122	259	150	130	205	106	175	169	110	179	173	130	187	172	134	187
64	170	2	2	119	0	1953125	12	0.0	0	0.76	0	0	V0.2	0	0	100	112	129	98	121	131	99	128	135	102	134	135	100	134	125	89	128	110	75	131	77	96	129	61	129	161	71	171	167	66	214	246	17	186	284	95	287	448	268	599	600	161	102	513	474	620	430	210	208	837	1000	960	737	300	400	891	613	779	672	341	155	472	336	420	424	14	264	236	161	120	245	137	131	193	101	172	161	108	179	163	125	186	161	128	180
64	170	2	2	119	0	1953125	12	0.0	0	0.76	0	0	V0.2	0	0	106	110	137	107	119	140	106	125	143	103	129	143	101	131	133	90	127	120	78	129	97	80	138	72	105	171	72	156	200	54	218	290	37	151	257	173	236	471	336	553	626	149	109	506	523	570	553	228	100	806	995	855	753	370	482	995	821	1000	639	232	92	496	439	393	488	95	264	255	183	118	247	172	118	205	127	158	182	106	165	176	124	179	176	127	182
64	170	2	2	119	0	1953125	12	0.0	0	0.76	0	0	V0.2	0	0	94	109	124	93	115	125	92	122	129	94	128	127	92	127	121	85	122	100	72	125	75	94	124	55	123	147	71	157	160	67	210	243	44	205	226	90	299	455	294	609	508	161	78	476	461	512	541	248	313	843	834	749	587	242	453	911	726	1000	589	202	116	478	314	430	423	33	270	233	126	135	221	122	125	182	98	162	153	103	172	152	123	173	147	123	171
64	170	1	2	119	0	1953125	12	0.0	0	0.76	0	0	V0.2	0	0	103	101	127	103	108	133	100	113	135	97	114	133	95	116	129	81	118	115	73	114	102	64	130	72	89	156	80	136	194	54	179	275	105	181	216	145	156	422	363	496	563	135	65	494	550	513	508	208	134	755	934	758	704	437	366	826	759	1000	697	204	36	422	419	327	452	154	196	274	177	110	236	166	113	189	124	141	169	103	146	164	113	157	167	114	166
64	170	1	2	119	0	1953125	12	0.0	0	0.76	0	0	V0.2	0	0	103	103	131	106	111	133	101	115	135	97	120	135	96	117	130	82	121	117	71	116	99	66	133	68	101	154	80	139	190	58	169	256	113	183	251	149	222	444	319	504	492	27	116	532	606	519	572	208	191	792	1000	720	813	381	331	772	597	832	659	276	97	489	385	367	437	125	216	266	184	104	243	169	109	197	123	145	176	98	155	167	118	167	170	118	172
