34928	35048	35167	35286	35405	35524	35644	35763	35882	36001	36120	36240	36359	36478	36597	36716	36836	36955	37074	37193	37313	37432	37551	37670	37789	37909	38028	38147	38266	38385	38505	38624	38743	38862	38981	39101	39220	39339	39458	39577	39697	39816	39935	40054	40174	40293	40412	40531	40650	40770	40889	41008	41127	41246	41366	41485	41604	41723	41842	41962	42081	42200	42319	42439	42558	42677	42796	42915	43035	43154	43273	43392	43511	43631	43750	43869	43988	44107	44227	44346	44465	44584	44703	44823	44942
64	170	1	2	119	0	1953125	12	0.0	0	0.97	0	0	V0.2	0	0	90	99	84	109	92	116	76	116	78	131	61	112	65	120	68	110	45	117	66	117	32	117	74	121	45	153	21	178	54	162	60	274	111	165	69	201	132	246	194	198	144	420	378	219	271	362	404	243	359	151	303	295	509	692	861	562	999	786	950	799	338	274	368	207	222	170	141	158	165	108	176	219	111	124	117	167	131	143	95	135	131	153	90	119	113
64	170	1	2	119	0	1953125	12	0.0	7580	2.32	0	0	V0.2	0	0	21	35	30	24	26	25	17	20	13	15	20	15	22	12	23	11	3	15	11	0	28	24	44	39	39	71	60	49	62	91	47	215	69	140	199	98	195	288	545	215	391	67	415	263	406	511	484	731	536	433	613	86	231	722	414	844	1000	573	209	175	189	98	129	102	88	206	46	155	72	11	40	93	34	39	46	18	21	31	19	9	25	22	6	9	5
64	170	2	2	119	0	1953125	12	0.0	0	0.96	0	0	V0.2	0	0	53	80	69	67	59	75	72	73	73	55	73	68	75	54	61	59	80	55	61	51	86	51	77	39	83	56	106	39	99	38	133	98	100	115	262	81	200	156	206	141	242	246	95	154	468	607	440	375	32	236	266	510	325	478	333	609	866	1000	691	479	210	95	112	135	149	186	239	35	96	80	148	70	147	27	143	48	139	54	105	54	125	64	102	57	100
64	170	2	2	119	0	1953125	12	0.0	7671	2.34	0	0	V0.2	0	0	39	30	24	39	37	12	19	33	25	9	13	28	26	6	26	25	27	16	49	45	31	44	40	55	47	39	28	107	61	4	81	63	45	128	75	119	145	294	273	212	308	445	326	70	299	361	691	582	286	71	818	764	520	4	781	560	977	1000	347	549	124	203	138	270	43	134	18	85	19	11	55	96	20	60	57	46	24	23	42	42	31	19	30	48	18
64	170	2	2	119	0	1953125	12	0.0	7726	2.35	0	0	V0.2	0	0	48	27	37	60	46	29	21	58	36	23	12	41	39	17	29	32	40	20	48	35	56	7	47	85	74	33	58	76	76	59	42	113	117	62	120	46	196	313	294	388	302	244	353	370	426	200	116	148	333	315	214	280	276	308	353	487	745	1000	802	550	222	164	257	173	112	89	110	17	31	143	124	33	39	85	51	74	56	83	38	58	39	35	27	53	36
64	170	2	2	119	0	1953125	12	0.0	7541	2.31	0	0	V0.2	0	0	31	71	30	47	27	70	24	45	20	49	28	20	15	41	15	41	5	51	7	44	21	67	30	58	69	46	63	44	124	15	113	36	134	96	185	213	71	100	113	183	114	186	13	181	170	274	315	182	155	91	163	341	546	912	970	1000	933	633	413	159	276	224	231	152	168	190	105	106	68	121	56	100	55	46	11	33	65	47	26	20	51	53	29	29	50
64	170	2	2	119	0	1953125	12	0.0	0	0.66	0	0	V0.2	0	0	232	221	231	223	245	212	251	215	210	232	216	204	201	217	210	221	206	197	203	211	214	234	194	206	262	212	270	266	287	182	307	315	296	236	429	474	274	471	452	466	273	354	12	610	157	573	675	452	393	588	266	824	498	514	999	904	305	58	125	709	294	215	324	261	357	122	112	69	113	209	146	122	166	202	188	176	124	197	216	180	162	190	184	202	216
64	170	2	2	119	0	1953125	12	0.0	0	0.67	0	0	V0.2	0	0	8	31	32	9	18	34	22	7	31	33	12	22	40	31	3	37	48	24	13	43	37	11	32	45	27	27	41	40	28	59	65	48	11	69	113	118	155	253	130	173	175	169	49	176	311	478	280	210	227	427	529	792	958	1000	477	377	565	678	721	383	466	488	283	38	101	106	87	58	116	140	68	35	101	95	19	68	94	56	21	78	75	31	42	69	50
64	170	2	2	119	0	1953125	12	0.0	7586	2.32	0	0	V0.2	0	0	38	32	24	13	31	40	29	3	26	37	30	4	19	30	27	4	12	43	45	16	47	53	25	24	28	68	40	40	72	134	79	13	69	137	61	27	5	103	328	61	224	91	290	93	286	336	326	571	328	813	424	663	751	382	1000	312	780	163	178	403	142	155	273	186	147	143	140	87	56	50	58	50	13	38	47	17	30	28	30	23	22	29	21	10	18
64	170	2	2	119	0	1953125	12	0.0	7576	2.32	0	0	V0.2	0	0	55	59	50	26	53	44	55	9	36	44	47	18	20	43	36	19	33	66	13	44	51	102	29	98	42	141	42	67	18	150	170	96	163	265	254	238	348	151	219	220	317	189	220	333	473	453	163	69	329	471	569	658	597	805	887	999	777	455	247	356	325	290	164	109	83	147	63	134	114	14	47	101	30	59	35	97	25	53	38	68	6	60	52	50	3
64	170	2	2	119	0	1953125	12	0.0	7690	2.34	0	0	V0.2	0	0	44	39	58	89	48	25	46	56	75	33	48	37	72	36	31	81	64	48	21	121	51	34	65	99	73	100	159	157	112	213	209	253	230	255	357	398	84	240	371	679	595	367	255	549	745	698	706	380	193	506	878	915	724	387	871	999	873	434	371	552	544	142	231	235	267	164	168	91	113	204	146	26	54	196	104	56	90	153	36	96	109	101	26	100	96
64	170	1	2	119	0	1953125	12	0.0	7998	2.39	0	0	V0.2	0	0	134	144	63	111	104	149	54	43	116	69	71	33	99	41	38	57	46	128	31	97	124	155	86	150	150	296	90	75	199	303	198	81	340	356	245	203	529	464	230	310	699	625	172	210	756	807	449	510	489	403	785	801	820	805	623	672	1000	876	797	677	359	494	300	473	175	102	98	281	155	26	180	166	89	31	132	59	123	50	52	65	98	21	18	56	39
64	170	1	2	119	0	1953125	12	0.0	0	0.99	0	0	V0.2	0	0	683	684	678	696	720	716	698	692	704	698	688	662	666	661	645	604	620	621	613	609	599	617	644	640	648	680	692	714	734	773	773	815	829	842	865	871	904	868	890	897	885	960	907	801	937	883	836	679	918	916	707	893	711	784	1000	611	963	644	823	778	791	851	867	835	877	921	895	908	937	934	960	947	927	942	935	938	909	896	915	907	864	852	873	867	843
64	170	1	2	119	0	1953125	12	0.0	0	0.66	0	0	V0.2	0	0	29	14	15	34	32	12	27	41	28	6	29	33	13	20	38	29	9	34	37	17	21	48	39	15	70	86	49	55	116	130	92	85	106	124	84	162	211	295	186	281	248	351	467	390	438	607	538	626	459	517	592	914	1000	887	693	895	972	480	567	796	818	553	240	300	354	246	79	211	257	204	55	137	154	95	21	103	115	49	61	114	83	23	81	102	60
64	170	1	2	119	0	1953125	12	0.0	0	0.70	0	0	V0.2	0	0	26	27	8	16	28	19	4	23	24	9	20	28	14	12	25	15	15	29	19	14	38	31	13	45	57	38	51	84	71	38	98	135	78	51	83	78	136	240	303	274	134	22	97	141	359	504	362	136	311	281	143	187	486	668	803	1000	762	423	254	220	256	106	37	79	170	144	70	85	89	61	29	78	97	52	22	57	54	15	31	48	30	11	40	41	19
64	170	2	2	119	0	1953125	12	0.0	0	0.97	0	0	V0.2	0	0	135	102	158	121	140	112	143	137	138	120	124	135	128	130	103	116	123	133	104	108	116	133	136	103	145	145	160	184	136	183	176	226	163	246	136	228	260	566	474	734	390	545	330	445	158	706	720	1000	764	335	235	470	433	879	795	662	489	404	635	592	665	153	122	168	382	60	341	138	217	21	345	189	171	97	247	162	200	103	203	133	223	119	169	122	217
64	170	2	2	119	0	1953125	12	0.0	0	0.97	0	0	V0.2	0	0	6	56	14	56	27	40	23	42	29	25	17	40	28	25	23	42	21	32	15	40	6	72	33	57	17	104	77	112	134	119	142	9	61	95	200	265	397	327	351	296	273	288	125	147	316	478	394	343	184	372	602	982	1000	972	956	824	765	484	168	282	477	318	275	233	280	268	118	140	121	167	74	121	86	62	19	77	69	40	45	57	62	25	53	42	32
64	170	2	2	119	0	1953125	12	0.0	7271	2.27	0	0	V0.2	0	0	41	31	30	20	39	40	24	14	43	30	9	14	22	26	5	5	31	45	16	38	37	47	5	29	53	115	4	69	196	53	125	77	107	204	190	175	297	229	256	279	534	461	534	562	458	252	614	570	652	365	996	898	636	351	685	1000	981	539	700	328	99	202	303	259	161	218	180	113	62	21	39	36	57	22	39	53	14	13	17	30	16	5	14	27	27
64	170	2	2	119	0	1953125	12	0.0	0	0.77	0	0	V0.2	0	0	613	626	638	650	651	668	666	665	659	653	634	617	604	603	594	576	576	565	560	569	576	580	580	601	597	615	635	661	690	727	728	780	751	805	832	759	767	739	893	942	798	723	1000	919	765	781	691	890	878	573	633	821	873	814	947	921	478	920	727	562	860	830	939	828	821	858	843	849	825	840	844	861	867	891	897	907	881	877	859	831	816	800	780	781	782
64	170	2	2	119	0	1953125	12	0.0	0	0.98	0	0	V0.2	0	0	183	107	170	92	191	115	190	81	182	112	194	83	166	90	194	89	146	86	181	85	170	66	187	96	182	107	210	134	312	155	457	175	472	127	457	213	274	134	568	529	702	449	523	459	407	232	585	879	727	671	497	1000	809	626	692	941	840	549	781	640	438	478	152	465	100	323	110	347	73	281	91	384	78	302	35	338	103	300	84	263	123	278	107	235	97
64	170	2	2	119	0	1953125	12	0.0	5736	2.00	0	0	V0.2	0	0	27	44	36	18	21	43	35	16	10	37	38	21	17	30	33	39	30	45	42	33	43	28	69	45	93	76	51	54	81	136	91	118	200	145	228	295	202	442	128	141	140	517	595	223	160	110	242	621	620	490	945	813	1000	699	736	720	727	665	419	803	309	70	110	423	226	103	87	65	39	7	41	68	67	24	25	39	67	20	15	15	49	33	8	29	35
64	170	2	2	119	0	1953125	12	0.0	0	0.66	0	0	V0.2	0	0	4	3	9	11	0	14	3	5	5	7	0	18	2	6	6	14	12	19	9	9	3	14	10	32	22	13	33	37	36	54	90	19	39	45	137	51	151	91	180	116	249	304	330	440	531	489	387	584	296	142	664	794	430	318	600	1000	311	374	288	527	126	114	208	49	113	151	68	81	20	37	45	21	4	12	12	11	6	10	14	19	8	5	19	11	6
64	170	2	2	119	0	1953125	12	0.0	114	1.04	0	0	V0.2	0	0	40	35	40	41	34	40	18	51	17	40	12	50	14	31	47	38	56	41	81	24	65	29	79	18	74	13	62	90	73	54	53	272	239	211	74	174	114	206	120	258	256	207	181	294	288	336	256	366	485	612	510	459	349	561	439	439	600	991	1000	843	334	30	209	357	183	169	120	168	36	64	27	47	71	65	73	60	83	59	58	48	68	34	50	44	43
64	170	2	2	119	0	1953125	12	0.0	0	0.82	0	0	V0.2	0	0	90	106	110	86	117	94	103	134	98	121	128	76	108	84	74	121	81	117	132	76	95	84	61	91	90	117	124	119	197	112	110	164	23	191	202	88	456	527	369	516	378	290	335	308	173	442	499	386	354	297	620	1000	850	170	693	975	866	604	626	480	259	305	239	229	347	164	139	291	164	123	241	105	178	178	85	187	137	124	181	113	155	158	96	157	121
64	170	2	2	119	0	1953125	12	0.0	31	1.02	0	0	V0.2	0	0	432	410	349	352	387	355	289	275	280	246	187	155	178	177	117	156	191	221	201	260	344	337	328	377	468	474	409	482	536	586	490	584	562	645	418	632	600	564	626	411	708	623	271	498	646	253	730	435	581	437	437	398	969	197	750	1000	439	392	641	349	474	584	461	486	459	432	478	432	461	372	404	367	388	353	306	307	252	226	231	167	124	150	110	54	47
64	170	2	2	119	0	1953125	12	0.0	0	0.65	0	0	V0.2	0	0	7	14	27	21	1	20	29	15	8	26	27	7	19	32	24	6	26	31	7	26	38	39	14	44	40	33	29	68	102	63	88	124	146	129	107	156	194	82	81	194	252	334	247	393	331	168	204	81	267	384	453	1000	786	325	558	423	352	511	695	644	490	231	205	167	96	59	132	149	119	56	60	117	80	0	52	76	45	20	62	62	23	34	59	48	17
64	170	2	2	119	0	1953125	12	0.0	7778	2.35	0	0	V0.2	0	0	112	51	98	33	97	84	69	75	42	101	50	44	51	98	40	32	106	26	82	75	152	45	73	119	65	194	117	143	44	359	261	128	313	335	149	243	641	560	759	844	859	689	145	241	513	268	549	766	841	626	213	357	722	1000	890	806	640	543	406	225	340	615	539	404	373	209	174	186	133	203	101	101	23	53	103	133	21	22	114	63	67	44	44	19	63
64	170	2	2	119	0	1953125	12	0.0	0	0.64	0	0	V0.2	0	0	5	8	12	17	14	11	10	15	16	9	9	16	15	9	17	20	41	12	21	9	31	14	12	26	47	83	26	67	168	19	132	128	158	57	129	230	161	317	320	174	322	161	420	280	191	116	537	421	654	202	833	484	920	1000	434	788	734	459	310	343	295	308	283	90	119	164	105	58	34	8	81	82	50	34	40	32	31	39	47	24	46	35	30	38	18
64	170	2	2	119	0	1953125	12	0.0	0	0.61	0	0	V0.2	0	0	22	22	13	10	21	23	14	8	21	25	18	14	27	32	24	15	28	38	31	20	41	56	50	37	50	62	51	47	33	88	104	89	92	135	119	146	91	82	120	250	219	230	315	413	269	239	200	257	242	321	547	646	1000	768	665	455	657	246	58	82	364	347	251	88	113	133	155	127	41	65	111	107	58	36	73	84	51	10	57	76	52	4	44	68	56
64	170	2	2	119	0	1953125	12	0.0	0	0.60	0	0	V0.2	0	0	27	30	25	17	24	33	30	21	29	40	41	31	34	46	52	42	38	51	59	52	44	54	68	79	70	73	94	106	75	67	89	147	138	133	180	239	218	240	178	118	268	351	342	248	495	551	454	494	696	546	291	251	502	966	844	1000	986	924	792	641	246	139	59	216	227	180	139	160	192	184	119	62	106	131	107	55	77	109	100	48	35	78	85	51	20
64	170	2	2	119	0	1953125	12	0.0	0	0.59	0	0	V0.2	0	0	14	8	2	14	18	15	6	10	18	18	9	6	17	20	12	3	21	29	19	8	23	40	33	24	15	35	37	39	35	70	93	111	106	33	57	129	128	88	190	272	201	177	289	214	174	264	183	151	54	344	425	88	495	964	534	1000	553	96	345	346	127	64	47	224	184	115	68	49	85	105	80	14	32	69	74	43	6	32	55	46	23	23	43	42	24
64	170	2	2	119	0	1953125	12	0.0	0	0.99	0	0	V0.2	0	0	50	62	57	64	57	86	39	46	68	96	36	45	87	90	42	65	122	80	65	80	142	62	114	118	144	63	149	135	138	79	165	171	94	109	303	359	317	422	379	335	139	480	519	614	490	675	628	706	669	1000	800	535	521	807	828	304	246	499	499	126	407	487	561	184	207	241	311	143	213	244	195	89	191	229	105	66	149	176	40	76	121	120	23	102	114
64	170	2	2	119	0	1953125	12	0.0	0	0.99	0	0	V0.2	0	0	61	122	70	140	69	132	61	144	70	140	50	139	63	146	39	131	57	146	44	125	59	156	55	124	97	181	72	181	75	150	162	277	125	235	119	286	178	331	247	639	356	487	156	445	245	531	390	664	514	485	316	665	327	501	588	1000	606	435	253	415	131	249	112	393	204	232	85	286	138	232	125	234	145	205	141	179	129	188	131	161	110	176	120	152	91
64	170	2	2	119	0	1953125	12	0.0	0	0.81	0	0	V0.2	0	0	38	13	46	35	11	40	18	28	46	18	28	37	26	33	22	37	34	13	30	12	48	67	27	64	75	20	23	52	118	135	62	147	202	124	91	15	29	261	237	99	431	437	296	257	412	795	729	171	321	907	925	1000	125	752	767	862	608	585	746	884	678	351	236	337	297	169	89	120	85	87	112	73	68	60	28	76	67	13	55	36	23	48	20	36	46
64	170	2	2	119	0	1953125	12	0.0	7651	2.33	0	0	V0.2	0	0	29	28	14	21	24	15	9	17	15	7	9	12	10	13	5	17	24	8	32	23	36	21	45	42	23	60	45	71	58	104	73	43	37	199	134	173	90	240	175	155	301	68	238	609	573	624	447	434	360	346	530	525	151	390	1000	824	401	379	579	343	576	167	157	43	87	45	117	24	92	49	116	26	60	40	43	46	38	35	25	35	28	19	17	22	23
64	170	2	2	119	0	1953125	12	0.0	0	0.84	0	0	V0.2	0	0	107	126	145	105	146	110	119	139	100	149	116	122	140	83	134	87	111	142	81	147	104	108	125	72	148	120	135	154	139	104	119	145	162	205	277	30	229	204	178	487	488	341	358	180	512	579	411	488	380	272	556	482	779	808	995	842	385	1000	755	567	524	376	627	485	65	311	225	186	316	54	262	218	148	228	106	187	145	147	202	136	216	160	131	184	93
64	170	2	2	119	0	1953125	12	0.0	0	0.86	0	0	V0.2	0	0	99	127	117	134	136	117	139	104	134	115	125	143	101	137	87	121	111	108	145	76	141	101	101	152	81	211	106	130	183	76	210	59	258	141	163	167	229	426	107	306	245	77	550	362	617	502	117	204	312	304	580	674	1000	491	584	613	453	887	750	901	650	230	400	204	278	241	145	299	106	176	152	169	239	121	220	140	155	188	117	226	127	185	151	126	178
64	170	2	2	119	0	1953125	12	0.0	0	0.82	0	0	V0.2	0	0	123	93	114	134	83	132	106	94	130	67	129	114	88	138	72	113	104	62	124	48	124	141	58	152	54	143	137	23	211	120	176	264	119	197	251	133	366	149	230	411	291	320	309	91	554	502	588	791	448	464	617	884	596	149	205	577	765	1000	675	609	519	156	373	316	79	228	86	173	233	46	239	182	122	224	91	181	140	119	202	110	174	161	98	186	99
64	170	2	2	119	0	1953125	12	0.0	0	0.92	0	0	V0.2	0	0	14	31	15	27	14	23	15	20	24	6	24	6	18	5	23	13	25	17	23	27	14	27	17	35	18	59	20	61	38	36	43	26	68	21	80	69	156	163	127	225	215	259	263	250	236	184	159	39	115	63	225	287	154	215	326	668	1000	968	741	486	422	350	195	118	61	69	85	32	18	14	60	32	34	36	18	37	6	35	17	26	25	18	29	11	27
64	170	2	2	119	0	1953125	12	0.0	0	0.85	0	0	V0.2	0	0	92	116	83	115	114	102	128	87	120	102	89	116	84	122	95	95	98	63	127	68	110	99	95	114	37	138	107	136	162	69	146	76	174	186	123	407	278	194	353	268	565	217	88	173	89	481	494	221	196	312	1000	927	895	452	86	395	684	803	739	426	239	197	149	310	183	128	201	86	203	124	166	155	136	147	105	188	130	153	161	102	156	110	144	136	124
