34928	35048	35167	35286	35405	35524	35644	35763	35882	36001	36120	36240	36359	36478	36597	36716	36836	36955	37074	37193	37313	37432	37551	37670	37789	37909	38028	38147	38266	38385	38505	38624	38743	38862	38981	39101	39220	39339	39458	39577	39697	39816	39935	40054	40174	40293	40412	40531	40650	40770	40889	41008	41127	41246	41366	41485	41604	41723	41842	41962	42081	42200	42319	42439	42558	42677	42796	42915	43035	43154	43273	43392	43511	43631	43750	43869	43988	44107	44227	44346	44465	44584	44703	44823	44942
64	170	1	2	119	0	1953125	12	0.0	0	0.94	0	0	V0.2	0	0	272	306	265	287	286	293	309	266	302	268	337	262	330	244	327	265	334	262	301	271	295	309	259	293	218	340	205	319	178	306	237	261	285	273	231	279	382	160	365	149	318	169	505	130	545	134	473	441	368	581	537	644	318	944	746	1000	574	673	234	630	543	428	600	130	371	171	344	217	233	223	260	233	214	240	195	282	175	288	150	272	175	277	196	241	194
64	170	1	2	119	0	1953125	12	0.0	0	0.95	0	0	V0.2	0	0	50	35	48	47	33	49	36	64	19	53	34	58	34	64	52	59	45	81	50	82	56	110	52	103	67	137	104	126	134	102	181	113	191	84	211	187	286	204	251	306	183	192	230	341	292	366	347	491	389	646	657	541	732	785	999	742	538	380	595	512	439	560	336	333	123	172	188	158	116	83	142	86	108	79	131	56	102	82	87	58	76	81	53	63	69
64	170	1	2	119	0	1953125	12	0.0	0	0.95	0	0	V0.2	0	0	45	36	43	45	30	45	33	60	16	51	31	55	30	61	46	56	40	76	44	78	51	105	45	97	65	136	108	134	146	116	199	129	194	35	147	116	228	168	234	280	216	260	304	367	242	286	229	365	315	581	717	513	824	747	1000	738	463	356	577	404	382	443	281	287	83	167	198	154	116	88	139	73	100	70	121	52	95	81	78	55	71	77	45	60	67
64	170	1	2	119	0	1953125	12	0.0	0	0.95	0	0	V0.2	0	0	59	17	68	37	50	41	56	52	41	62	44	55	54	74	51	55	66	78	61	93	84	122	51	135	80	170	91	164	120	135	174	129	165	95	226	178	286	208	305	327	336	331	451	476	321	316	159	166	74	482	609	553	718	694	1000	565	546	827	952	625	474	450	326	305	182	290	245	238	123	152	138	113	102	110	136	72	117	87	109	60	93	78	72	71	81
64	170	1	2	119	0	1953125	12	0.0	0	0.95	0	0	V0.2	0	0	59	17	68	37	50	41	56	52	41	62	44	55	54	74	51	55	66	78	61	93	84	122	51	135	80	170	91	164	120	135	174	129	165	95	226	178	286	208	305	327	336	331	451	476	321	316	159	166	74	482	609	553	718	694	1000	565	546	827	952	625	474	450	326	305	182	290	245	238	123	152	138	113	102	110	136	72	117	87	109	60	93	78	72	71	81
64	170	1	2	119	0	1953125	12	0.0	0	0.96	0	0	V0.2	0	0	320	272	331	270	318	267	336	281	326	274	332	285	344	282	324	291	327	309	305	302	284	342	257	328	240	357	206	403	131	421	85	463	231	371	162	362	206	370	230	327	294	411	508	467	617	333	633	56	464	191	630	79	763	321	934	253	466	540	1000	501	470	553	222	468	143	446	35	407	166	324	140	295	161	319	163	287	184	286	229	248	224	240	245	234	252
64	170	1	2	119	0	1953125	12	0.0	0	0.96	0	0	V0.2	0	0	287	316	304	311	294	311	309	315	319	298	319	311	335	294	332	285	359	274	357	235	383	220	383	219	352	199	384	225	361	222	391	393	274	420	276	522	139	465	67	533	175	428	43	607	145	690	340	470	361	598	479	488	776	348	1000	59	561	415	865	246	520	286	406	281	357	314	294	414	126	317	155	321	194	291	156	306	184	315	173	278	199	294	214	258	213
64	170	1	2	119	0	1953125	12	0.0	0	0.96	0	0	V0.2	0	0	330	274	335	292	331	278	335	291	347	292	331	290	354	303	338	290	337	307	342	296	309	334	282	355	244	356	212	401	190	383	87	461	125	490	84	544	231	478	439	349	489	232	475	284	455	318	510	105	383	395	824	272	887	428	1000	423	566	555	911	529	301	545	110	407	163	424	14	392	186	319	158	288	183	313	187	278	202	283	240	248	228	249	254	236	256
64	170	2	2	119	0	1953125	12	0.0	6913	2.21	0	0	V0.2	0	0	34	32	25	20	32	23	20	23	22	18	16	18	14	14	5	17	9	27	17	29	11	37	32	41	37	73	41	32	74	53	189	115	246	156	155	148	262	77	190	297	273	380	367	342	469	179	310	124	121	333	601	246	387	227	808	311	233	813	1000	476	97	330	87	116	138	65	97	17	47	45	48	15	33	9	44	28	17	27	24	32	16	24	13	10	2
64	170	2	2	119	0	1953125	12	0.0	6913	2.21	0	0	V0.2	0	0	34	32	25	20	32	23	20	23	22	18	16	18	14	14	5	17	9	27	17	29	11	37	32	41	37	73	41	32	74	53	189	115	246	156	155	148	262	77	190	297	273	380	367	342	469	179	310	124	121	333	601	246	387	227	808	311	233	813	1000	476	97	330	87	116	138	65	97	17	47	45	48	15	33	9	44	28	17	27	24	32	16	24	13	10	2
64	170	2	2	119	0	1953125	12	0.0	6868	2.20	0	0	V0.2	0	0	28	98	23	81	29	85	17	51	50	67	22	28	66	46	18	21	62	8	40	60	62	62	58	111	72	109	98	167	119	69	22	201	106	230	131	147	21	219	227	564	678	878	717	499	427	683	770	771	799	848	1000	817	886	780	838	721	525	544	351	165	347	584	701	428	287	111	305	207	265	143	196	47	99	68	130	27	116	87	108	33	90	62	55	43	71
64	170	2	2	119	0	1953125	12	0.0	6868	2.20	0	0	V0.2	0	0	84	64	76	70	69	65	59	58	30	66	28	55	24	64	10	22	61	43	54	12	87	8	112	53	134	28	153	83	162	79	83	174	189	140	180	115	99	224	262	564	735	839	773	432	468	700	905	881	966	883	1000	756	841	791	811	692	424	392	216	210	456	614	701	386	292	149	311	197	298	167	188	17	127	68	115	57	132	80	97	56	92	48	48	58	57
64	170	1	2	119	0	1953125	12	0.0	6913	2.21	0	0	V0.2	0	0	70	60	57	37	72	39	62	24	67	10	61	23	45	41	60	40	22	53	22	45	13	55	46	37	68	57	102	81	132	112	70	49	183	60	171	38	119	55	177	351	625	671	705	381	473	655	913	857	924	899	1000	806	712	692	640	578	348	310	290	207	487	557	631	357	231	166	292	187	234	138	114	1	126	42	79	69	129	53	62	50	67	37	54	69	54
64	170	1	2	119	0	1953125	12	0.0	6425	2.12	0	0	V0.2	0	0	120	67	83	71	72	96	37	88	36	99	16	80	52	109	53	78	36	112	43	92	27	152	107	109	87	133	183	110	211	42	119	76	268	164	362	289	331	431	436	690	563	502	321	187	321	568	602	496	675	650	899	811	748	776	774	999	893	777	633	460	671	616	684	414	167	107	210	239	167	262	142	231	97	120	84	149	134	33	52	80	113	51	69	66	104
64	170	1	2	119	0	1953125	12	0.0	6425	2.12	0	0	V0.2	0	0	91	51	84	58	81	60	61	79	63	66	29	94	49	79	42	85	51	63	82	66	98	60	147	62	130	42	209	77	187	30	121	122	259	226	339	188	369	387	594	497	616	377	279	101	266	451	597	495	500	514	914	860	820	465	767	898	1000	660	323	361	659	587	483	295	219	112	189	163	273	146	206	133	133	28	161	91	94	19	115	52	72	54	88	35	65
64	170	1	2	119	0	1953125	12	0.0	6450	2.13	0	0	V0.2	0	0	92	22	93	25	90	10	73	30	93	16	46	56	55	58	29	83	29	73	41	89	57	89	102	99	102	74	182	128	154	99	110	51	255	183	359	187	397	366	627	551	644	449	299	72	297	469	709	625	519	435	859	829	745	476	832	998	1000	704	176	318	588	561	429	320	171	112	191	180	236	149	172	121	78	21	156	77	67	34	114	37	88	75	94	40	83
64	170	1	2	119	0	1953125	12	0.0	6520	2.14	0	0	V0.2	0	0	41	68	59	63	63	49	69	35	65	22	68	11	45	31	43	52	37	66	18	72	12	75	46	100	47	69	117	112	136	120	98	74	107	100	282	146	278	271	554	542	663	486	416	166	203	439	740	686	456	232	712	753	699	384	749	926	1000	708	183	182	476	436	363	213	106	41	161	106	185	67	97	29	53	67	106	21	44	85	78	60	70	74	52	63	72
64	170	1	2	119	0	1953125	12	0.0	7848	2.37	0	0	V0.2	0	0	41	21	31	33	23	21	31	16	10	34	9	5	21	17	10	19	22	16	7	17	55	22	58	53	15	62	81	48	95	54	14	97	13	91	139	90	70	101	237	401	509	268	149	320	238	333	838	1000	817	492	630	610	556	429	439	251	483	580	213	65	160	207	280	309	161	133	136	88	73	90	33	38	49	9	24	40	5	13	36	5	22	7	27	13	24
64	170	1	2	119	0	1953125	12	0.0	7661	2.33	0	0	V0.2	0	0	21	59	31	42	32	42	23	32	8	51	30	28	4	42	17	38	29	78	39	61	2	66	12	46	32	112	42	46	44	108	16	71	62	213	142	98	6	237	298	333	374	235	174	273	386	537	784	894	958	1000	871	816	667	463	335	67	158	211	334	249	132	178	231	172	242	213	155	167	38	67	19	62	12	56	10	50	10	49	7	33	15	53	34	33	11
64	170	1	2	119	0	1953125	12	0.0	6888	2.20	0	0	V0.2	0	0	53	53	101	29	76	49	52	69	38	78	20	44	38	78	70	23	17	53	73	23	49	59	92	39	94	82	59	111	39	140	76	107	95	133	218	102	87	183	450	523	495	579	451	583	776	840	1000	985	842	819	693	710	737	573	487	229	78	147	245	264	147	319	328	397	449	284	231	120	154	226	140	160	58	100	114	130	149	44	49	57	111	98	37	42	72
64	170	1	2	119	0	1953125	12	0.0	6893	2.20	0	0	V0.2	0	0	94	34	77	54	79	45	67	52	51	55	43	49	26	74	37	37	25	48	27	28	54	26	69	9	91	28	136	73	156	50	102	118	192	56	155	66	138	74	86	296	425	534	520	288	395	712	988	1000	941	614	685	676	859	776	536	193	279	373	361	309	447	612	764	488	287	101	281	202	243	138	142	30	141	84	116	13	117	78	100	25	67	35	46	50	59
64	170	1	2	119	0	1953125	12	0.0	6793	2.19	0	0	V0.2	0	0	50	53	47	57	43	52	33	58	30	54	27	57	16	44	40	69	36	57	65	74	57	68	95	85	82	88	115	101	85	85	181	139	108	105	176	127	105	138	340	321	423	450	392	318	450	776	910	1000	706	583	608	835	751	592	316	231	349	387	356	199	250	465	446	362	249	108	178	212	209	112	142	78	97	100	137	68	70	86	116	71	67	76	94	63	56
64	170	2	2	119	0	1953125	12	0.0	0	0.97	0	0	V0.2	0	0	890	879	877	878	890	893	893	888	900	906	913	908	903	910	918	915	897	893	898	894	875	859	857	845	839	821	813	797	805	790	766	761	755	784	744	738	777	752	765	755	758	804	766	788	764	847	711	1000	606	939	591	913	706	949	668	856	641	789	797	645	763	686	792	714	682	674	715	685	682	666	688	685	678	671	685	693	692	686	686	684	697	693	684	680	680
64	170	2	2	119	0	1953125	12	0.0	0	0.96	0	0	V0.2	0	0	290	259	289	251	287	257	302	252	298	252	308	255	315	241	314	249	320	243	309	235	311	260	279	250	271	267	256	302	209	308	152	392	99	340	159	413	72	428	46	542	189	472	267	461	372	262	390	164	263	350	431	326	696	289	855	310	502	345	1000	371	642	421	369	355	273	301	211	370	107	295	130	299	153	284	124	283	149	289	159	254	172	259	191	242	186
64	170	2	2	119	0	1953125	12	0.0	0	0.95	0	0	V0.2	0	0	39	46	45	68	21	64	28	74	12	70	38	60	37	78	49	62	50	96	47	100	72	126	73	121	104	132	135	105	154	41	171	83	187	114	337	303	371	330	388	544	391	353	283	366	199	117	90	131	109	370	684	433	754	820	919	885	554	644	1000	824	659	722	408	398	231	242	278	210	192	98	186	95	139	83	152	90	114	110	102	95	77	105	67	81	75
64	170	2	2	119	0	1953125	12	0.0	0	0.95	0	0	V0.2	0	0	58	47	49	56	36	53	37	76	19	56	37	69	35	68	57	68	46	91	62	96	60	130	68	112	67	141	105	116	118	94	172	132	245	187	344	313	411	279	349	429	289	250	223	334	205	183	149	270	76	330	560	454	660	790	1000	929	853	766	993	864	724	807	518	476	231	231	226	211	160	109	177	113	139	105	174	88	129	109	118	85	92	108	71	78	82
64	170	2	2	119	0	1953125	12	0.0	0	0.89	0	0	V0.2	0	0	34	13	42	18	27	27	21	39	4	33	21	20	21	28	30	18	32	20	32	5	42	25	30	39	23	52	13	47	53	33	98	79	128	76	163	151	93	104	117	176	72	49	73	109	22	71	229	158	120	264	481	426	577	622	941	1000	724	455	189	142	133	152	144	146	166	147	74	116	58	77	93	71	85	35	75	65	37	59	32	48	31	38	41	16	31
64	170	2	2	119	0	1953125	12	0.0	0	0.89	0	0	V0.2	0	0	193	185	192	174	198	178	207	187	192	196	179	209	181	216	181	200	188	180	211	175	209	170	186	166	186	193	159	198	136	196	113	229	196	179	181	127	218	136	244	93	152	180	134	197	214	225	78	176	241	98	602	314	568	640	701	1000	462	462	85	129	200	207	188	59	224	209	120	191	101	191	82	193	147	149	169	106	179	116	176	136	154	149	132	160	130
64	170	2	2	119	0	1953125	12	0.0	0	0.90	0	0	V0.2	0	0	183	202	186	209	185	199	184	201	198	200	212	184	207	182	216	195	208	196	182	207	172	218	179	194	166	185	185	168	201	148	208	79	269	109	229	131	166	181	150	184	173	161	266	27	271	167	265	105	273	207	460	484	397	771	649	1000	690	245	244	119	238	189	191	192	66	238	95	212	126	168	157	121	201	122	188	122	162	140	163	162	147	167	128	168	133
64	170	2	2	119	0	1953125	12	0.0	0	0.91	0	0	V0.2	0	0	177	182	180	175	198	172	203	165	194	178	201	191	185	192	170	206	174	207	167	192	163	193	188	165	190	146	182	150	200	148	158	120	203	154	159	156	133	182	148	128	188	155	238	133	313	121	266	61	305	204	477	428	470	739	557	1000	539	330	244	36	252	162	184	102	169	208	118	184	90	183	95	181	142	149	127	139	150	145	166	114	163	114	171	131	158
64	170	2	2	119	0	1953125	12	0.0	0	0.91	0	0	V0.2	0	0	34	17	34	5	39	12	33	30	10	21	20	32	4	26	23	22	3	37	18	27	22	43	50	11	51	8	50	21	67	50	76	98	75	51	58	59	60	16	52	54	74	88	170	271	160	130	107	248	120	174	425	359	681	659	894	999	690	371	73	118	199	63	119	109	154	128	43	107	50	72	60	67	76	13	59	29	31	18	41	41	15	43	26	30	25
64	170	1	2	119	0	1953125	12	0.0	0	0.91	0	0	V0.2	0	0	221	225	218	240	205	239	203	242	224	237	227	218	240	216	259	211	244	206	235	219	235	233	192	232	187	237	183	251	169	209	164	272	169	202	178	171	238	189	236	205	140	313	63	484	171	287	140	298	270	165	446	189	818	524	1000	931	641	536	66	365	139	223	188	180	345	102	228	101	224	180	185	217	121	195	142	217	158	200	138	187	172	187	196	152	193
64	170	1	2	119	0	1953125	12	0.0	0	0.91	0	0	V0.2	0	0	213	244	212	253	232	239	237	219	252	229	267	217	255	218	254	246	241	244	216	243	213	272	202	242	194	235	199	249	233	176	197	209	239	213	201	165	205	220	250	182	142	273	135	383	311	232	269	59	285	161	591	225	739	657	953	1000	573	591	122	436	219	350	297	153	398	144	240	160	199	208	167	230	133	207	137	220	166	214	158	186	177	189	206	163	208
64	170	1	2	119	0	1953125	12	0.0	0	0.93	0	0	V0.2	0	0	204	250	208	260	214	246	213	248	232	246	241	224	248	228	267	212	260	193	273	210	258	204	235	210	229	251	186	220	173	251	180	222	185	226	196	214	217	201	201	138	226	197	397	98	429	29	364	284	208	181	583	430	507	877	734	1000	571	661	164	463	424	331	438	67	328	176	209	150	197	170	208	171	180	183	168	224	147	230	124	224	140	229	161	192	171
64	170	1	2	119	0	1953125	12	0.0	0	0.94	0	0	V0.2	0	0	54	17	53	26	40	29	42	48	18	38	34	47	20	45	38	39	24	57	34	57	29	79	23	65	34	96	74	63	82	57	119	56	159	79	155	112	148	99	80	209	44	94	232	328	262	282	205	315	165	166	469	436	710	746	1000	751	707	531	437	523	443	511	350	291	206	47	107	70	113	17	105	72	78	64	86	92	47	81	50	65	34	61	44	31	35
64	170	1	2	119	0	1953125	12	0.0	0	0.95	0	0	V0.2	0	0	38	57	29	63	13	63	17	69	20	57	33	63	39	68	55	71	45	84	53	95	68	113	85	89	92	116	142	87	141	62	189	113	225	152	264	249	277	274	246	414	218	235	245	409	329	342	348	410	323	403	666	625	845	869	1000	737	682	611	683	739	577	660	433	389	235	152	219	152	164	58	170	103	133	95	156	111	94	112	91	91	63	100	60	68	68
64	170	1	2	119	0	1953125	12	0.0	0	0.95	0	0	V0.2	0	0	39	56	46	78	20	70	29	82	11	73	44	68	40	86	62	72	51	105	55	111	80	137	85	118	116	154	171	125	184	66	212	114	214	89	304	286	383	391	422	636	429	379	286	427	218	220	199	304	281	480	894	666	1000	877	967	852	619	653	923	808	694	765	477	470	268	233	301	238	237	100	210	118	155	94	170	118	115	124	109	115	79	115	75	90	79
64	170	1	2	119	0	1953125	12	0.0	0	0.95	0	0	V0.2	0	0	44	56	49	77	17	72	31	84	14	80	47	72	44	90	62	75	56	111	58	116	84	142	86	127	117	167	176	151	213	101	252	150	224	70	282	259	378	380	459	660	497	502	439	535	342	217	198	308	194	394	833	512	958	676	937	782	474	709	1000	766	655	665	413	461	265	266	323	260	246	130	227	128	164	98	172	118	118	122	109	114	78	116	74	93	83
64	170	2	2	119	0	1953125	12	0.0	0	0.95	0	0	V0.2	0	0	13	72	20	95	16	83	34	80	33	79	66	67	54	93	79	77	68	114	83	110	115	118	119	97	160	121	197	123	253	137	296	249	245	193	241	313	262	350	320	593	443	478	532	591	478	247	347	300	164	367	929	553	958	658	1000	924	592	911	937	812	633	681	520	484	344	234	396	247	238	140	232	169	151	144	160	157	89	150	97	120	74	126	81	88	96
64	170	2	2	119	0	1953125	12	0.0	0	0.96	0	0	V0.2	0	0	415	387	411	408	427	399	414	400	444	409	437	386	450	396	473	367	458	364	485	340	496	287	495	312	485	259	481	267	497	275	513	350	450	380	475	373	470	379	461	723	330	727	379	970	121	596	141	617	292	780	523	1000	512	844	998	826	850	874	573	776	626	426	695	217	578	120	663	119	436	177	472	233	411	196	421	280	385	269	352	294	366	317	326	299	326
