34928	35048	35167	35286	35405	35524	35644	35763	35882	36001	36120	36240	36359	36478	36597	36716	36836	36955	37074	37193	37313	37432	37551	37670	37789	37909	38028	38147	38266	38385	38505	38624	38743	38862	38981	39101	39220	39339	39458	39577	39697	39816	39935	40054	40174	40293	40412	40531	40650	40770	40889	41008	41127	41246	41366	41485	41604	41723	41842	41962	42081	42200	42319	42439	42558	42677	42796	42915	43035	43154	43273	43392	43511	43631	43750	43869	43988	44107	44227	44346	44465	44584	44703	44823	44942
64	170	2	2	119	0	1953125	12	0.0	0	0.93	0	0	V0.2	0	0	50	73	9	57	11	72	22	61	51	41	35	47	59	27	38	57	62	28	68	59	87	25	115	72	94	72	101	132	43	120	46	112	45	148	164	71	67	132	158	109	321	432	607	596	406	229	178	489	488	728	546	747	1000	865	505	25	843	973	980	662	487	530	350	203	162	114	172	69	170	108	96	49	92	107	25	79	62	96	45	86	78	49	59	63	64
64	170	2	2	119	0	1953125	12	0.0	0	0.92	0	0	V0.2	0	0	49	10	47	20	48	48	16	37	23	48	8	49	37	39	24	57	39	37	36	66	60	33	71	37	72	3	90	59	61	56	61	86	24	105	72	53	24	147	140	95	218	294	440	373	227	118	111	421	448	724	607	700	999	880	731	204	431	597	620	460	317	350	245	123	140	90	150	65	130	104	66	59	58	104	33	61	46	61	41	57	75	36	50	50	55
64	170	2	2	119	0	1953125	12	0.0	0	0.90	0	0	V0.2	0	0	210	226	230	221	242	205	241	206	246	229	235	233	211	247	210	263	213	239	214	217	238	206	254	185	230	169	238	201	213	227	152	230	151	276	127	269	166	175	274	243	214	281	94	332	163	379	78	563	351	746	667	546	1000	605	772	263	451	295	498	362	84	378	138	193	230	134	273	113	252	110	215	190	176	223	126	227	124	211	164	195	186	158	198	143	213
64	170	2	2	119	0	1953125	12	0.0	0	0.90	0	0	V0.2	0	0	207	243	219	242	221	226	232	217	257	217	252	213	239	234	234	257	209	251	200	245	223	231	238	194	223	185	256	175	242	174	204	212	201	264	133	276	91	257	247	234	251	214	226	366	172	311	203	602	290	858	614	680	1000	638	869	344	287	196	468	269	123	361	107	200	221	149	265	132	236	102	223	190	181	221	131	219	130	213	172	195	186	158	203	145	217
64	170	1	2	119	0	1953125	12	0.0	0	0.89	0	0	V0.2	0	0	15	45	17	31	24	26	40	6	40	19	26	23	31	27	22	34	26	31	17	49	19	38	31	34	39	35	86	27	82	71	87	101	71	160	83	127	148	126	156	73	54	159	241	196	57	303	291	401	512	740	753	750	999	979	773	355	42	368	201	118	129	112	91	101	65	138	84	55	61	61	105	52	81	64	40	66	36	55	28	45	48	23	43	34	35
64	170	1	2	119	0	1953125	12	0.0	0	0.89	0	0	V0.2	0	0	35	4	35	8	39	32	17	35	11	31	7	34	29	18	22	32	33	16	40	21	38	10	48	43	28	55	27	77	13	101	86	54	110	72	128	53	156	168	60	46	28	80	290	188	77	188	234	364	380	702	612	740	1000	945	843	359	156	296	206	95	35	141	102	47	123	97	105	64	46	98	57	81	54	59	62	28	67	37	37	37	29	41	21	42	31
64	170	1	2	119	0	1953125	12	0.0	0	0.89	0	0	V0.2	0	0	37	8	29	15	30	35	6	36	16	26	13	28	30	13	23	30	34	12	43	24	36	21	40	49	17	65	32	72	32	82	101	31	114	75	116	72	122	170	70	72	41	79	262	227	53	138	149	316	339	638	597	704	1000	976	840	386	185	319	230	154	103	173	152	86	150	134	107	85	30	102	75	75	76	50	71	36	64	52	30	47	30	42	27	35	38
64	170	1	2	119	0	1953125	12	0.0	0	0.91	0	0	V0.2	0	0	42	45	12	39	5	46	19	37	37	22	28	25	44	16	26	25	41	8	42	33	33	27	45	66	7	60	23	64	20	95	90	40	89	46	102	10	146	158	66	23	55	175	359	240	163	89	192	296	376	667	609	778	989	1000	822	255	308	478	439	239	220	313	195	171	168	122	153	30	96	86	84	78	51	97	37	58	48	45	40	35	61	30	40	41	42
64	170	1	2	119	0	1953125	12	0.0	0	0.92	0	0	V0.2	0	0	46	12	53	10	54	31	35	31	33	46	12	41	33	41	26	59	40	48	29	75	49	48	55	62	83	12	79	39	54	15	74	63	40	78	14	73	46	161	99	65	210	324	528	458	373	196	170	312	361	641	533	768	977	1000	807	241	375	617	669	421	378	464	328	260	192	119	155	45	122	83	99	46	76	97	36	54	39	71	25	69	66	47	44	49	63
64	170	1	2	119	0	1953125	12	0.0	0	0.93	0	0	V0.2	0	0	243	289	228	284	236	299	247	279	256	267	287	263	293	238	295	233	318	230	305	216	290	254	273	286	198	298	184	315	200	260	195	235	263	219	292	143	212	245	256	173	389	108	664	476	443	409	254	498	292	748	324	872	613	1000	639	184	300	918	748	463	632	241	553	270	264	297	144	285	147	320	125	243	131	265	187	241	175	219	198	215	250	169	240	149	255
64	170	1	2	119	0	1953125	12	0.0	0	0.94	0	0	V0.2	0	0	265	223	250	235	251	252	239	249	232	278	222	287	200	289	213	292	218	269	216	270	233	254	230	232	263	196	314	117	307	118	321	167	294	222	252	326	129	269	161	297	222	390	198	603	168	504	253	601	504	569	500	504	877	418	495	207	763	621	1000	357	558	482	288	427	49	333	89	284	129	250	174	220	156	208	184	216	202	175	219	163	246	145	231	138	232
64	170	1	2	119	0	1953125	12	0.0	0	0.94	0	0	V0.2	0	0	56	24	55	40	43	56	20	38	33	61	21	55	45	59	28	61	49	60	22	76	31	60	27	99	54	110	120	116	139	97	190	124	225	202	308	284	173	206	146	223	49	211	282	370	295	265	354	521	623	663	606	701	885	754	321	227	765	1000	886	610	463	466	391	225	202	130	165	96	135	102	55	49	71	69	39	89	66	82	42	86	59	51	54	56	50
64	170	2	2	119	0	1953125	12	0.0	0	0.94	0	0	V0.2	0	0	244	244	220	247	218	267	218	263	201	276	213	282	211	261	222	263	249	236	243	219	262	216	267	171	277	150	306	161	270	154	274	222	253	331	156	426	35	374	240	290	236	289	177	279	205	327	226	503	592	486	687	498	1000	590	396	93	872	733	868	526	349	542	128	405	81	320	182	238	230	178	235	174	229	141	213	160	250	132	235	133	241	156	226	163	202
64	170	2	2	119	0	1953125	12	0.0	0	0.94	0	0	V0.2	0	0	254	199	254	207	256	217	245	215	250	239	235	248	215	260	217	270	197	261	199	269	200	259	178	265	196	246	233	179	245	180	263	146	284	67	348	149	285	213	174	343	178	319	166	472	77	190	215	401	124	609	203	738	626	426	290	561	803	928	1000	419	642	235	477	241	292	289	155	300	79	291	108	234	113	225	148	238	130	216	158	214	191	181	191	166	214
64	170	2	2	119	0	1953125	12	0.0	0	0.95	0	0	V0.2	0	0	214	281	213	275	206	277	229	272	229	264	242	265	267	235	275	219	305	200	304	174	302	190	298	177	286	154	311	193	279	218	245	278	212	310	137	387	58	371	135	372	66	450	256	496	381	250	234	411	558	404	678	507	999	549	399	141	918	721	990	447	503	462	282	438	125	416	20	343	113	292	149	262	153	243	169	243	214	193	227	181	254	148	254	129	263
64	170	2	2	119	0	1953125	12	0.0	0	0.95	0	0	V0.2	0	0	224	280	221	275	214	278	238	274	236	265	248	269	270	240	275	229	305	210	303	184	304	198	296	194	276	176	297	197	270	207	253	264	226	309	151	394	53	345	173	365	138	408	185	452	340	221	181	466	480	437	643	534	1000	601	481	111	813	620	921	364	450	432	248	405	122	389	25	331	115	288	151	258	157	237	172	240	212	192	223	185	247	155	248	139	257
64	170	2	2	119	0	1953125	12	0.0	0	0.96	0	0	V0.2	0	0	247	206	248	215	254	204	256	205	265	211	261	202	270	208	270	204	263	212	261	226	232	236	218	254	198	240	178	270	160	277	125	292	111	340	18	383	126	321	278	301	232	349	342	366	469	92	324	298	563	293	724	571	1000	775	458	187	733	675	716	462	261	448	91	354	52	353	59	284	130	249	150	234	143	225	161	218	198	178	203	176	221	152	217	141	230
64	170	2	2	119	0	1953125	12	0.0	0	0.94	0	0	V0.2	0	0	41	38	27	44	19	48	4	46	18	44	23	48	35	39	29	48	36	43	36	49	41	37	51	37	61	42	95	32	89	36	99	73	112	146	137	187	105	159	125	152	126	264	377	372	313	161	116	60	186	226	385	605	627	627	233	427	834	1000	825	510	433	368	358	211	165	181	124	163	95	138	72	67	50	60	49	58	86	51	62	41	67	38	39	44	45
64	170	2	2	119	0	1953125	12	0.0	0	0.95	0	0	V0.2	0	0	272	288	254	288	245	313	248	304	236	318	242	336	226	323	239	327	265	295	272	269	305	251	294	233	287	234	326	169	322	151	358	138	366	114	405	239	336	273	196	318	345	506	415	820	242	629	169	562	374	556	414	698	870	446	490	511	785	910	999	420	699	252	555	235	394	284	269	333	160	349	124	272	153	274	168	294	116	299	143	296	164	262	180	256	213
64	170	2	2	119	0	1953125	12	0.0	0	0.94	0	0	V0.2	0	0	284	228	274	241	274	259	261	251	263	282	252	291	224	300	232	311	222	289	228	286	251	268	225	266	234	269	258	209	266	199	322	129	356	71	398	237	289	267	130	301	300	401	290	658	100	496	113	543	396	612	543	745	1000	574	618	354	680	666	871	236	582	297	381	298	236	320	117	341	46	352	126	266	160	227	201	232	193	203	207	205	241	175	232	160	246
64	170	2	2	119	0	1953125	12	0.0	0	0.96	0	0	V0.2	0	0	229	259	219	255	227	272	217	267	218	274	228	276	214	278	219	289	213	277	212	277	238	246	243	221	251	222	256	184	247	196	255	191	257	190	418	78	458	67	428	214	323	161	527	443	403	448	336	516	365	699	343	1000	616	989	501	248	349	919	513	619	410	395	468	134	336	103	335	69	306	99	258	128	255	137	245	119	257	165	232	169	213	191	203	205	174
64	170	2	2	119	0	1953125	12	0.0	0	0.95	0	0	V0.2	0	0	22	47	10	45	5	54	17	42	24	36	23	41	39	40	35	53	47	53	51	61	65	42	70	30	70	29	103	38	87	29	88	37	148	159	232	259	220	289	219	277	150	298	356	413	363	253	262	280	506	438	521	744	779	999	538	133	362	596	491	342	285	271	283	105	141	101	121	93	97	120	53	70	43	78	16	78	57	72	40	65	64	42	47	49	56
64	170	2	2	119	0	1953125	12	0.0	0	0.96	0	0	V0.2	0	0	45	26	50	19	42	16	48	6	47	5	37	10	37	18	41	30	49	33	66	39	80	31	86	28	76	19	107	60	99	82	83	73	126	178	238	310	252	344	302	382	251	359	429	486	445	267	241	303	562	460	595	786	840	999	460	218	545	695	539	386	274	284	255	79	128	96	115	28	100	53	64	24	93	48	77	75	66	64	40	72	37	40	30	52	28
64	170	2	2	119	0	1953125	12	0.0	0	0.96	0	0	V0.2	0	0	262	280	275	286	270	276	283	276	296	268	292	269	313	260	316	239	330	233	341	208	332	213	327	225	302	208	317	218	298	238	268	241	309	284	336	435	243	529	109	605	97	617	250	708	447	385	311	405	540	406	611	561	999	558	455	471	708	559	806	157	530	243	356	267	258	265	192	286	151	287	167	248	175	264	170	285	137	276	160	278	170	253	178	253	200
64	170	2	2	119	0	1953125	12	0.0	0	0.96	0	0	V0.2	0	0	256	280	268	285	260	282	271	281	285	272	281	276	298	268	302	248	316	241	330	210	328	209	322	223	293	200	319	197	305	212	281	218	313	225	355	368	285	476	126	595	55	585	179	736	402	431	295	421	450	369	445	623	1000	622	616	580	518	599	704	176	502	182	372	263	255	228	205	264	170	275	177	228	191	241	195	260	150	264	169	266	165	247	176	252	189
64	170	2	2	119	0	1953125	12	0.0	0	0.96	0	0	V0.2	0	0	50	29	49	24	50	19	55	11	51	1	46	16	42	24	56	31	58	42	85	41	94	50	100	45	82	48	111	92	119	141	103	145	118	261	223	373	302	372	418	443	410	454	614	661	669	447	314	405	457	399	424	745	908	1000	568	421	608	783	610	423	352	287	305	116	162	108	124	91	70	98	35	65	61	94	48	103	63	73	35	69	58	33	41	48	50
64	170	2	2	119	0	1953125	12	0.0	0	0.95	0	0	V0.2	0	0	51	28	52	24	72	14	60	15	62	24	53	41	64	40	65	57	77	50	92	72	81	68	78	84	59	94	84	150	67	169	93	170	103	270	256	294	331	273	423	336	366	439	606	680	587	505	290	462	437	452	436	746	999	997	613	346	513	624	580	296	322	277	249	197	125	161	74	136	80	127	67	77	69	68	64	77	106	49	76	57	81	45	60	60	56
64	170	2	2	119	0	1953125	12	0.0	0	0.96	0	0	V0.2	0	0	202	214	209	216	205	213	216	210	226	204	226	205	238	194	247	179	258	169	266	151	265	154	257	166	239	153	254	158	243	187	221	208	221	235	237	335	192	383	98	469	67	541	247	667	392	426	302	412	461	389	566	565	1000	637	586	280	439	395	652	136	435	221	297	258	206	220	147	238	110	248	103	208	113	221	116	228	91	221	117	221	126	196	136	198	157
64	170	2	2	119	0	1953125	12	0.0	0	0.94	0	0	V0.2	0	0	48	17	66	10	57	31	45	23	51	48	36	43	56	56	38	50	63	59	45	71	46	60	34	89	29	95	60	142	76	106	114	107	121	170	279	205	294	213	317	314	223	427	496	626	462	448	328	395	438	480	584	718	1000	955	562	205	517	629	595	308	272	341	241	226	136	162	145	120	169	117	126	44	100	54	48	42	76	62	44	70	48	53	34	60	40
64	170	1	2	119	0	1953125	12	0.0	0	0.95	0	0	V0.2	0	0	47	34	56	25	68	21	64	15	63	29	52	39	70	47	65	58	86	57	94	78	98	72	86	89	62	89	95	168	82	170	104	185	97	259	256	320	346	284	436	316	342	427	619	664	591	518	339	433	366	474	504	803	999	971	642	360	511	732	657	308	310	285	298	215	144	208	149	193	103	162	99	87	70	84	69	71	104	63	79	51	92	53	60	60	69
64	170	1	2	119	0	1953125	12	0.0	0	0.96	0	0	V0.2	0	0	301	333	289	328	298	352	284	343	286	356	300	355	282	359	296	365	292	343	300	338	339	290	334	270	337	278	346	218	379	183	425	135	412	72	554	144	567	284	530	499	369	543	545	825	313	710	52	614	120	596	104	921	765	1000	923	368	325	910	389	492	273	271	500	106	337	149	376	174	309	199	287	216	291	209	284	207	284	253	256	243	243	266	247	267	216
64	170	1	2	119	0	1953125	12	0.0	0	0.95	0	0	V0.2	0	0	246	234	250	233	246	230	264	226	267	220	269	223	283	211	283	204	293	208	285	203	272	230	250	241	226	226	240	260	199	284	164	316	143	369	95	472	67	488	289	515	341	507	453	523	626	263	558	176	602	127	554	334	1000	852	617	617	335	152	502	126	245	343	97	351	124	256	105	251	146	240	160	210	149	221	167	220	169	194	194	200	204	171	195	179	218
64	170	1	2	119	0	1953125	12	0.0	0	0.94	0	0	V0.2	0	0	26	27	31	42	19	51	9	31	7	50	19	31	29	47	21	38	39	50	21	58	49	35	26	55	59	44	91	67	111	27	132	80	115	128	216	250	184	252	273	349	219	333	402	469	455	314	341	299	318	270	360	537	820	1000	748	494	289	386	293	124	95	202	276	158	113	45	102	93	78	114	49	64	19	70	26	41	33	51	30	35	48	25	28	28	41
64	170	1	2	119	0	1953125	12	0.0	0	0.93	0	0	V0.2	0	0	197	211	200	188	207	194	221	191	217	176	231	188	235	182	216	189	222	212	195	204	179	219	187	219	148	220	140	243	148	205	127	235	153	240	271	158	349	44	420	186	312	154	461	423	318	417	148	437	98	403	148	633	521	1000	754	346	361	427	52	214	164	142	295	102	194	161	170	166	178	180	128	187	126	210	122	177	124	190	146	177	141	161	157	165	166
64	170	1	2	119	0	1953125	12	0.0	0	0.94	0	0	V0.2	0	0	14	53	32	39	38	31	49	14	39	20	42	22	54	35	43	32	66	31	55	29	69	31	54	31	63	39	86	108	68	111	92	187	117	271	293	332	324	255	386	310	236	243	490	561	481	542	395	535	504	483	432	590	837	1000	868	434	324	537	650	243	301	297	265	240	86	139	113	129	117	121	133	37	85	38	54	1	77	53	44	44	57	56	24	51	42
64	170	2	2	119	0	1953125	12	0.0	0	0.94	0	0	V0.2	0	0	50	43	41	54	24	62	22	53	30	64	38	49	48	57	40	56	55	58	40	63	66	41	68	65	107	54	132	91	132	88	148	178	143	232	223	292	208	219	261	302	290	374	583	591	500	348	358	378	366	454	392	725	774	1000	751	278	385	725	597	214	214	211	252	182	88	165	120	161	128	158	143	65	109	67	83	23	89	70	55	55	67	67	30	60	50
64	170	2	2	119	0	1953125	12	0.0	0	0.95	0	0	V0.2	0	0	240	301	230	297	232	313	241	297	239	308	256	305	255	293	274	295	292	258	310	235	347	195	341	173	344	180	357	112	373	96	416	91	437	145	538	326	468	410	408	620	394	712	523	945	383	721	207	767	377	818	454	999	913	896	747	262	487	939	886	431	543	234	598	90	456	109	404	200	294	199	268	195	267	221	241	239	210	279	173	276	148	281	150	285	128
64	170	2	2	119	0	1953125	12	0.0	0	0.94	0	0	V0.2	0	0	13	61	16	56	23	56	37	41	44	46	48	41	57	49	47	50	63	49	56	49	74	29	75	47	101	59	135	117	113	105	104	157	104	206	192	276	202	216	275	273	288	253	399	390	262	143	191	229	397	508	466	780	766	815	473	230	660	1000	910	500	433	362	390	256	174	214	159	181	95	143	85	85	67	84	69	64	101	67	75	49	84	54	54	57	62
64	170	2	2	119	0	1953125	12	0.0	0	0.94	0	0	V0.2	0	0	61	25	48	31	45	52	27	56	37	63	29	55	46	48	32	57	45	48	37	71	61	60	83	75	112	58	135	103	99	94	97	156	81	183	180	198	167	39	90	71	121	206	428	402	352	245	304	451	466	643	546	744	870	888	675	126	588	938	1000	565	459	449	349	297	151	163	181	138	170	101	133	61	85	87	65	61	59	96	51	68	63	72	55	53	68
64	170	2	2	119	0	1953125	12	0.0	0	0.92	0	0	V0.2	0	0	45	27	61	7	56	27	52	35	42	51	27	43	41	55	34	56	50	60	37	84	56	71	52	91	98	43	93	45	88	19	105	86	41	94	47	133	57	101	60	98	182	280	497	464	381	201	273	342	342	588	502	747	856	999	815	283	530	861	925	504	436	438	319	261	118	157	158	117	153	122	146	55	107	108	78	66	63	93	38	75	74	69	51	64	76
