34928	35048	35167	35286	35405	35524	35644	35763	35882	36001	36120	36240	36359	36478	36597	36716	36836	36955	37074	37193	37313	37432	37551	37670	37789	37909	38028	38147	38266	38385	38505	38624	38743	38862	38981	39101	39220	39339	39458	39577	39697	39816	39935	40054	40174	40293	40412	40531	40650	40770	40889	41008	41127	41246	41366	41485	41604	41723	41842	41962	42081	42200	42319	42439	42558	42677	42796	42915	43035	43154	43273	43392	43511	43631	43750	43869	43988	44107	44227	44346	44465	44584	44703	44823	44942
64	170	2	2	119	0	1953125	12	0.0	7673	2.34	0	0	V0.2	0	0	35	44	47	31	42	23	30	28	37	9	25	21	17	20	12	13	35	30	35	46	30	21	29	77	50	45	32	101	115	95	127	95	216	201	326	225	141	127	143	151	167	249	185	104	215	384	299	184	404	821	1000	926	690	252	313	499	568	374	475	424	347	188	141	234	251	229	136	92	118	71	102	78	84	49	66	60	37	42	35	33	4	7	28	58	54
64	170	2	2	119	0	1953125	12	0.0	7812	2.36	0	0	V0.2	0	0	14	43	56	25	37	16	55	19	46	20	73	31	36	27	55	33	33	31	14	47	3	54	19	82	10	71	31	90	39	87	112	53	159	220	380	272	202	164	201	148	171	176	166	85	142	337	313	176	290	753	966	999	696	86	402	722	776	589	619	468	387	119	140	173	258	207	80	60	65	129	55	33	48	91	14	26	45	47	37	55	39	23	65	70	48
64	170	2	2	119	0	1953125	12	0.0	7396	2.29	0	0	V0.2	0	0	34	129	76	58	41	83	59	66	38	59	69	30	15	68	62	22	24	57	48	51	39	75	73	96	91	94	140	88	213	110	293	93	350	410	550	706	448	250	365	504	370	243	150	314	443	276	258	643	914	968	1000	858	395	434	810	937	745	766	717	804	761	419	271	166	510	419	297	198	150	213	139	191	94	116	49	99	90	82	30	55	30	49	46	17	36
64	170	2	2	119	0	1953125	12	0.0	7711	2.34	0	0	V0.2	0	0	96	30	71	14	49	69	61	20	12	75	43	18	52	55	44	45	53	48	38	22	55	103	39	18	118	101	105	86	177	53	172	110	164	40	280	322	372	474	287	139	289	345	65	312	461	386	179	297	171	426	851	1000	538	389	920	906	446	353	880	916	448	86	423	451	229	118	146	141	68	47	100	139	78	35	97	113	64	43	54	57	94	48	11	78	97
64	170	2	2	119	0	1953125	12	0.0	7636	2.33	0	0	V0.2	0	0	74	68	45	73	56	86	17	54	54	57	24	30	54	38	49	23	72	30	55	40	132	28	83	41	152	38	131	78	250	93	100	23	245	194	162	311	175	159	187	129	112	194	175	167	400	402	400	142	414	740	1000	852	409	486	745	600	650	579	825	873	489	333	339	617	438	306	195	211	85	67	146	191	39	40	96	131	13	62	91	114	23	85	73	72	21
64	170	2	2	119	0	1953125	12	0.0	7681	2.34	0	0	V0.2	0	0	95	58	25	55	85	42	24	38	70	42	22	56	52	28	28	63	13	42	28	48	62	71	49	36	123	98	65	24	233	190	85	43	209	210	124	231	218	180	313	103	182	133	333	147	205	297	514	359	174	614	999	993	581	362	597	654	333	240	708	771	540	260	281	444	358	280	201	194	114	127	167	101	11	28	106	73	63	53	76	44	90	80	72	50	56
64	170	2	2	119	0	1953125	12	0.0	7636	2.33	0	0	V0.2	0	0	87	31	29	72	50	59	10	51	54	49	6	31	47	33	18	15	66	21	21	60	117	23	44	65	136	45	37	116	194	43	69	53	133	104	32	188	125	291	305	89	17	295	390	218	129	332	476	252	43	545	949	1000	814	694	613	491	356	39	450	460	292	96	338	427	331	269	206	186	112	111	175	138	44	49	114	86	32	44	98	41	66	78	86	52	76
64	170	1	2	119	0	1953125	12	0.0	7778	2.35	0	0	V0.2	0	0	69	64	29	50	69	52	22	31	49	49	18	25	52	33	6	38	45	13	26	30	46	67	6	62	55	102	18	45	125	188	64	118	105	236	116	201	193	111	245	132	75	61	253	117	226	312	482	349	175	576	967	1000	615	486	653	595	334	204	614	693	414	226	249	366	271	260	232	138	62	108	144	90	52	49	61	93	70	18	29	99	73	10	32	69	37
64	170	1	2	119	0	1953125	12	0.0	7792	2.36	0	0	V0.2	0	0	70	70	35	27	78	47	34	10	49	39	44	29	42	35	41	44	55	55	27	58	37	69	20	49	69	83	21	57	65	70	118	49	155	53	186	214	171	309	327	176	147	85	260	124	134	230	399	190	210	611	985	1000	643	341	543	627	561	392	462	583	347	185	97	277	200	173	254	193	42	71	187	121	55	87	148	76	78	96	116	42	71	73	50	24	78
64	170	1	2	119	0	1953125	12	0.0	7823	2.36	0	0	V0.2	0	0	45	23	65	58	26	35	44	38	40	11	29	37	36	21	33	49	29	56	45	29	17	33	56	82	5	64	57	92	35	94	65	185	63	208	144	226	277	214	265	272	51	155	139	240	89	239	145	38	313	772	912	1000	796	424	453	622	585	440	458	355	308	41	233	218	276	235	142	122	138	123	98	54	79	118	80	16	41	98	53	13	39	77	38	21	40
64	170	1	2	119	0	1953125	12	0.0	7731	2.35	0	0	V0.2	0	0	82	70	39	68	65	46	35	27	61	54	1	30	64	30	20	37	56	8	42	38	49	47	27	68	60	91	11	114	26	161	107	141	112	191	308	217	329	395	251	246	149	140	125	180	202	262	323	175	309	744	1000	995	878	605	409	380	596	495	604	518	277	181	187	371	273	263	229	156	66	92	132	130	46	64	124	90	18	26	104	94	20	5	43	29	19
64	170	1	2	119	0	1953125	12	0.0	7711	2.34	0	0	V0.2	0	0	50	73	36	81	78	67	42	86	43	57	37	44	45	40	29	25	101	40	55	84	107	43	73	117	165	47	73	173	222	108	176	136	259	117	302	191	283	524	433	422	296	150	252	396	357	227	282	76	241	690	999	996	883	642	526	542	726	650	825	563	282	82	567	594	461	394	282	179	162	146	186	112	58	109	152	65	10	56	96	51	32	45	48	33	60
64	170	2	2	119	0	1953125	12	0.0	0	0.90	0	0	V0.2	0	0	814	823	830	832	826	819	818	819	821	815	808	800	796	794	797	797	797	788	787	793	801	804	813	812	818	829	847	854	858	867	872	886	890	922	890	903	912	878	934	921	873	903	913	895	952	855	872	889	899	871	835	863	846	937	894	854	890	851	1000	875	861	891	937	919	922	952	912	916	942	952	949	947	936	927	929	942	940	928	925	911	917	918	916	914	907
64	170	2	2	119	0	1953125	12	0.0	0	0.89	0	0	V0.2	0	0	49	19	38	33	26	44	5	50	22	38	34	24	40	21	36	25	49	27	47	30	30	45	17	34	29	67	8	76	46	76	126	33	99	26	13	82	89	95	56	158	237	314	494	375	271	165	80	281	390	567	546	593	802	966	1000	772	516	299	171	384	235	201	222	155	218	166	129	163	63	100	81	75	83	29	77	37	59	59	35	55	28	48	33	27	37
64	170	2	2	119	0	1953125	12	0.0	0	0.91	0	0	V0.2	0	0	12	45	32	30	43	9	46	8	34	20	29	24	25	31	23	26	29	38	29	61	34	73	48	63	76	2	61	9	59	45	61	44	38	96	72	161	141	15	15	102	186	270	423	309	224	146	79	244	406	584	594	661	834	956	1000	712	404	189	160	470	333	321	292	224	268	163	181	138	63	106	74	120	47	76	66	41	59	34	61	22	49	49	38	44	44
64	170	2	2	119	0	1953125	12	0.0	0	0.91	0	0	V0.2	0	0	246	271	238	274	246	270	261	247	263	242	272	235	269	226	264	235	262	240	255	251	231	289	208	311	225	267	258	267	298	250	272	260	309	232	376	293	272	340	285	265	360	374	216	599	251	264	252	436	320	585	750	361	973	642	999	730	152	434	128	629	54	539	210	383	412	210	425	181	358	233	362	288	297	299	277	326	263	329	252	315	251	322	268	300	281
64	170	2	2	119	0	1953125	12	0.0	0	0.91	0	0	V0.2	0	0	273	250	284	249	272	258	257	278	250	273	238	274	236	275	244	259	244	254	258	244	292	213	302	219	284	283	263	291	232	297	284	298	261	309	273	253	398	247	262	340	320	244	597	262	359	386	326	251	530	760	379	912	565	1000	958	380	614	298	347	139	574	293	380	460	122	459	179	362	276	321	322	254	334	258	342	259	325	261	310	275	305	293	277	305	256
64	170	2	2	119	0	1953125	12	0.0	7686	2.34	0	0	V0.2	0	0	21	30	14	17	22	15	18	5	12	16	13	10	9	9	5	18	24	16	12	3	12	33	17	14	36	50	15	63	25	94	92	111	73	187	116	258	187	137	46	274	204	101	324	335	237	300	125	238	568	577	533	633	807	1000	910	429	344	118	540	689	433	337	245	56	199	45	123	81	69	70	36	97	18	39	35	31	44	8	34	26	18	7	23	6	13
64	170	2	2	119	0	1953125	12	0.0	7661	2.33	0	0	V0.2	0	0	72	74	29	60	39	65	53	28	17	66	33	31	15	60	21	45	39	55	44	43	112	85	82	64	130	80	143	131	205	194	71	100	115	172	75	223	280	286	454	308	114	17	280	231	222	169	186	81	298	583	828	1000	759	607	631	501	509	503	396	414	164	158	291	463	328	145	137	179	86	17	57	140	81	17	25	74	66	17	31	7	64	62	22	35	65
64	170	2	2	119	0	1953125	12	0.0	7656	2.33	0	0	V0.2	0	0	107	85	36	79	86	64	58	40	56	69	34	33	50	66	35	46	53	51	52	12	135	88	83	19	171	57	180	96	291	224	102	115	168	159	130	352	385	499	682	398	280	45	363	275	352	141	254	121	342	636	975	1000	671	685	882	767	837	634	599	576	117	136	483	598	341	235	195	205	33	40	167	173	14	35	86	79	65	20	49	43	96	61	43	48	73
64	170	2	2	119	0	1953125	12	0.0	7731	2.35	0	0	V0.2	0	0	87	25	67	69	64	32	42	46	69	20	10	53	40	8	25	39	28	30	33	44	93	28	94	38	131	26	136	106	292	154	240	46	174	86	270	199	174	422	430	363	314	77	206	284	330	304	370	52	204	715	1000	900	643	485	589	662	741	539	739	516	230	236	498	429	356	189	178	106	114	91	164	44	45	79	101	32	6	59	32	75	55	41	31	85	71
64	170	2	2	119	0	1953125	12	0.0	7661	2.33	0	0	V0.2	0	0	31	21	39	31	20	29	27	28	22	14	19	29	13	17	14	30	9	33	16	26	34	23	31	50	21	69	36	38	71	17	125	57	89	147	159	293	181	265	3	351	175	59	194	336	130	284	34	134	582	490	465	602	861	1000	911	487	259	460	549	487	418	187	251	2	142	95	58	75	63	27	17	64	36	17	26	15	22	22	28	14	1	20	20	12	12
64	170	2	2	119	0	1953125	12	0.0	7661	2.33	0	0	V0.2	0	0	90	56	59	61	91	39	65	39	47	59	47	50	22	51	30	73	30	73	34	56	91	104	70	69	118	103	153	144	193	219	102	162	75	153	79	247	267	248	414	280	98	150	306	196	372	280	251	250	357	506	728	827	674	788	962	854	1000	862	647	464	170	402	613	649	299	121	147	234	39	43	126	160	9	32	86	68	61	52	50	10	103	86	60	14	69
64	170	2	2	119	0	1953125	12	0.0	7833	2.36	0	0	V0.2	0	0	58	68	82	19	48	71	44	47	13	70	25	47	43	83	20	16	65	69	19	8	84	19	99	24	118	29	156	59	182	51	198	56	115	16	175	189	157	328	345	143	210	191	277	211	499	474	456	107	335	557	733	688	483	590	724	733	1000	943	729	490	205	359	477	499	242	72	156	215	106	43	87	142	97	29	53	56	65	33	20	8	61	49	12	19	42
64	170	2	2	119	0	1953125	12	0.0	7988	2.39	0	0	V0.2	0	0	52	49	33	33	48	14	58	14	42	14	45	13	15	42	30	47	2	43	33	61	30	44	57	28	79	22	80	27	124	89	192	66	158	109	193	44	135	270	364	279	294	153	235	267	420	304	250	37	250	378	513	528	473	640	811	850	1000	911	588	292	162	386	368	338	130	79	91	105	73	96	49	35	110	84	55	16	77	35	33	16	56	20	45	34	29
64	170	2	2	119	0	1953125	12	0.0	7561	2.32	0	0	V0.2	0	0	78	33	69	47	49	28	55	13	62	25	50	8	50	30	64	17	25	26	51	18	43	41	47	58	57	59	83	46	70	52	62	85	65	67	25	248	260	286	341	114	45	194	275	228	346	199	174	127	175	223	321	335	200	373	679	759	1000	996	763	581	157	213	277	401	275	100	24	153	113	58	43	82	77	21	48	46	16	41	11	38	20	59	35	45	26
64	170	2	2	119	0	1953125	12	0.0	7561	2.32	0	0	V0.2	0	0	88	2	60	34	80	14	35	56	80	7	22	56	40	31	38	75	29	40	62	80	40	61	89	78	86	99	106	87	112	146	61	110	121	107	67	222	391	271	222	40	224	196	369	351	460	351	165	108	134	219	492	593	530	397	482	690	1000	909	707	577	315	253	131	316	265	257	71	128	111	143	70	77	35	63	70	44	25	12	73	31	47	59	82	32	49
64	170	2	2	119	0	1953125	12	0.0	7891	2.37	0	0	V0.2	0	0	36	59	24	47	87	49	18	54	88	17	39	72	22	72	67	54	77	88	75	37	115	27	11	110	76	101	78	156	72	265	166	170	99	253	162	245	372	187	73	135	298	154	141	170	283	384	247	285	190	191	559	924	1000	666	247	700	991	816	569	645	482	278	170	297	221	256	252	86	88	213	150	85	113	133	43	128	58	13	98	103	12	63	94	33	55
64	170	1	2	119	0	1953125	12	0.0	7656	2.33	0	0	V0.2	0	0	64	72	78	41	55	77	63	20	49	60	27	26	14	40	22	24	18	68	52	12	62	85	64	61	68	141	55	157	97	293	166	182	196	306	455	263	221	233	105	177	185	398	543	305	229	132	432	656	630	786	1000	904	798	529	186	304	588	824	777	816	637	405	309	211	399	220	214	63	207	119	137	99	133	72	77	86	103	44	49	21	78	64	30	7	42
64	170	1	2	119	0	1953125	12	0.0	7868	2.37	0	0	V0.2	0	0	85	36	38	59	63	41	28	28	75	36	12	39	50	9	7	57	6	53	29	68	51	43	44	35	130	37	91	85	254	122	177	60	251	275	263	419	258	227	104	227	180	70	214	375	292	266	196	695	868	999	1000	786	679	382	87	165	382	466	771	835	550	339	187	290	195	161	199	175	80	145	176	57	33	90	98	45	69	37	41	78	40	6	52	77	24
64	170	1	2	119	0	1953125	12	0.0	7788	2.36	0	0	V0.2	0	0	40	77	4	67	40	58	9	49	38	33	15	15	42	42	8	10	64	42	11	44	80	19	42	68	131	6	102	90	230	132	111	121	98	294	296	310	334	68	216	219	305	274	290	354	476	279	236	512	828	1000	877	742	538	206	120	84	279	285	515	462	315	271	134	153	136	171	84	102	53	108	130	95	29	54	97	86	24	24	54	70	19	6	41	38	1
64	170	1	2	119	0	1953125	12	0.0	7863	2.37	0	0	V0.2	0	0	73	38	79	41	85	28	56	59	75	29	27	56	27	60	20	44	37	61	54	47	70	40	77	14	122	17	135	92	280	160	229	133	149	236	185	325	322	144	260	286	376	180	253	524	661	435	377	461	875	945	1000	962	683	563	250	206	312	592	634	472	297	147	196	254	229	47	32	52	89	159	74	108	36	115	45	88	11	71	18	51	20	35	37	49	41
64	170	1	2	119	0	1953125	12	0.0	7821	2.36	0	0	V0.2	0	0	25	85	23	73	43	50	16	39	22	51	10	14	45	45	12	13	66	30	19	43	71	22	46	83	110	59	117	125	206	54	139	61	102	238	199	240	197	126	257	212	233	202	362	493	647	458	297	232	540	762	852	1000	848	678	495	340	467	529	660	407	231	20	262	204	211	104	71	46	26	80	126	26	67	48	110	32	62	17	44	28	56	40	48	36	55
64	170	1	2	119	0	1953125	12	0.0	7746	2.35	0	0	V0.2	0	0	42	57	49	56	13	98	34	72	30	74	40	63	46	58	40	10	13	46	53	15	77	10	101	38	114	45	156	126	137	162	27	160	85	156	253	102	141	21	207	189	56	131	407	468	542	545	227	217	380	751	882	1000	979	620	387	137	496	525	602	404	121	95	236	260	156	178	33	111	17	57	67	56	54	60	47	43	43	62	33	10	43	8	52	46	62
64	170	1	2	119	0	1953125	12	0.0	7877	2.37	0	0	V0.2	0	0	49	44	45	54	47	46	45	40	9	39	19	36	33	40	51	39	25	13	65	15	26	52	50	69	28	107	14	168	117	196	115	101	116	50	197	219	111	159	241	334	113	110	383	584	548	523	218	190	294	592	753	902	1000	753	555	238	347	393	481	345	202	138	177	177	166	170	28	67	36	101	131	55	62	77	102	37	34	62	39	30	24	66	25	50	54
64	170	1	2	119	0	1953125	12	0.0	7922	2.38	0	0	V0.2	0	0	46	41	35	57	19	67	6	46	30	27	22	9	54	35	59	7	38	33	53	35	45	50	23	89	24	114	33	178	107	222	140	167	129	46	137	218	119	229	186	310	111	193	342	617	595	514	266	153	378	589	886	972	999	887	568	466	301	425	325	282	111	116	89	149	130	40	130	78	121	128	90	105	34	67	40	51	38	20	54	27	59	44	57	31	23
64	170	1	2	119	0	1953125	12	0.0	7802	2.36	0	0	V0.2	0	0	62	44	44	34	51	17	59	18	59	14	55	33	67	25	26	23	52	12	27	38	37	49	35	85	69	81	84	105	144	50	135	71	86	203	132	195	150	123	178	117	129	134	309	409	575	425	220	77	440	701	847	1000	865	581	404	348	573	520	521	310	74	63	181	182	124	155	51	116	40	36	74	25	59	36	49	39	32	37	32	11	39	5	44	47	62
64	170	1	2	119	0	1953125	12	0.0	7710	2.34	0	0	V0.2	0	0	58	19	42	42	48	14	44	23	33	16	27	18	32	12	17	44	21	10	43	49	14	33	44	81	5	62	31	124	66	91	97	66	173	123	198	179	31	83	63	168	112	85	240	378	349	298	127	262	504	763	1000	939	816	493	72	287	562	628	485	346	122	82	87	170	78	120	85	71	72	25	46	49	7	49	27	49	14	48	31	20	19	26	42	23	17
64	170	1	2	119	0	1953125	12	0.0	7701	2.34	0	0	V0.2	0	0	42	33	27	48	23	49	7	38	26	32	4	31	25	2	21	3	33	12	19	31	63	1	49	21	90	21	60	22	137	84	91	98	92	210	149	207	152	48	106	163	207	75	127	296	427	281	115	244	574	763	1000	979	767	510	153	247	473	562	447	330	176	29	24	115	88	74	70	54	86	27	81	52	27	5	58	61	6	24	23	45	14	25	10	18	24
64	170	1	2	119	0	1953125	12	0.0	7556	2.32	0	0	V0.2	0	0	18	53	36	36	32	35	19	46	15	28	19	29	10	36	5	28	20	31	44	63	21	53	31	80	5	63	24	112	53	96	100	69	176	141	261	218	108	93	110	190	77	59	181	310	317	331	116	326	592	924	1000	944	802	400	163	248	460	404	485	333	193	140	64	82	92	106	42	45	56	97	61	8	57	51	40	3	48	18	40	25	39	26	36	39	23
