34928	35048	35167	35286	35405	35524	35644	35763	35882	36001	36120	36240	36359	36478	36597	36716	36836	36955	37074	37193	37313	37432	37551	37670	37789	37909	38028	38147	38266	38385	38505	38624	38743	38862	38981	39101	39220	39339	39458	39577	39697	39816	39935	40054	40174	40293	40412	40531	40650	40770	40889	41008	41127	41246	41366	41485	41604	41723	41842	41962	42081	42200	42319	42439	42558	42677	42796	42915	43035	43154	43273	43392	43511	43631	43750	43869	43988	44107	44227	44346	44465	44584	44703	44823	44942
64	170	2	2	119	0	1953125	12	0.0	7768	2.35	0	0	V0.2	0	0	29	37	27	31	42	41	28	32	36	33	31	28	42	30	32	9	38	30	17	24	46	22	44	39	53	70	12	97	49	163	60	256	57	286	42	210	52	260	71	59	411	71	415	178	125	378	414	668	885	444	521	563	386	715	764	1000	716	624	662	515	254	221	474	61	249	133	104	136	26	53	137	49	79	58	22	35	23	37	27	14	14	39	22	21	34
64	170	2	2	119	0	1953125	12	0.0	7768	2.35	0	0	V0.2	0	0	29	37	27	31	42	41	28	32	36	33	31	28	42	30	32	9	38	30	17	24	46	22	44	39	53	70	12	97	49	163	60	256	57	286	42	210	52	260	71	59	411	71	415	178	125	378	414	668	885	444	521	563	386	715	764	1000	716	624	662	515	254	221	474	61	249	133	104	136	26	53	137	49	79	58	22	35	23	37	27	14	14	39	22	21	34
64	170	2	2	119	0	1953125	12	0.0	7695	2.34	0	0	V0.2	0	0	55	67	84	33	55	55	86	19	36	48	64	15	26	53	62	1	22	49	40	36	24	69	78	54	42	83	82	97	52	81	201	94	118	83	327	395	231	207	136	347	304	387	147	197	252	469	470	297	247	197	331	448	554	434	524	794	1000	817	590	231	428	503	374	280	172	177	112	110	164	157	56	76	142	100	27	18	129	89	41	48	90	69	28	65	82
64	170	2	2	119	0	1953125	12	0.0	0	0.86	0	0	V0.2	0	0	323	349	366	354	357	322	283	247	186	186	170	151	147	90	71	86	137	160	201	244	242	281	321	371	409	440	445	486	540	475	600	513	618	608	542	650	676	654	565	493	773	733	630	494	688	531	482	724	637	423	387	612	732	790	346	608	112	1000	470	598	383	454	537	462	418	429	390	422	400	398	373	356	314	281	277	299	310	274	253	171	182	158	147	147	115
64	170	2	2	119	0	1953125	12	0.0	0	0.83	0	0	V0.2	0	0	292	261	280	280	255	294	263	279	292	251	292	255	259	283	241	285	256	269	287	237	290	249	257	321	227	312	325	224	355	247	264	354	294	299	311	261	427	247	348	186	428	442	179	396	267	456	368	250	770	920	492	930	952	833	1000	321	665	663	143	630	359	292	287	299	343	338	298	333	264	320	333	268	381	272	330	335	259	351	281	300	345	264	332	298	286
64	170	2	2	119	0	1953125	12	0.0	0	0.96	0	0	V0.2	0	0	36	61	21	51	9	50	14	58	16	36	6	48	17	30	21	41	8	58	43	73	15	83	36	64	32	111	66	87	114	67	56	185	209	142	213	377	562	355	96	213	631	750	434	110	411	681	659	283	261	645	549	134	456	819	720	129	631	914	1000	857	784	635	355	294	254	323	184	193	184	207	131	85	137	103	93	71	135	79	74	57	89	61	55	67	59
64	170	2	2	119	0	1953125	12	0.0	0	0.59	0	0	V0.2	0	0	5	18	25	20	4	16	25	23	9	10	27	29	19	7	26	32	24	7	23	35	36	11	29	49	48	42	43	89	89	72	105	102	114	212	241	114	129	207	241	299	149	140	345	458	318	230	143	364	606	691	685	680	279	999	979	685	719	599	634	377	247	363	307	264	271	138	145	132	135	129	23	55	118	102	44	44	73	89	61	30	58	81	71	37	43
64	170	2	2	119	0	1953125	12	0.0	0	0.84	0	0	V0.2	0	0	301	331	288	328	292	292	321	275	323	293	307	324	263	316	272	291	320	259	339	278	309	328	229	355	262	341	367	247	422	253	308	417	239	499	403	245	639	288	406	503	249	785	424	253	395	136	522	488	394	644	323	928	775	420	308	480	867	896	665	1000	267	582	433	287	560	316	321	428	214	413	362	297	462	284	379	333	297	399	296	371	342	316	380	285	348
64	170	2	2	119	0	1953125	12	0.0	0	0.84	0	0	V0.2	0	0	20	43	11	30	29	23	40	13	33	37	22	38	32	29	24	40	43	24	35	33	57	46	32	59	32	74	69	44	98	97	117	98	67	158	140	81	55	104	294	350	294	266	251	442	650	640	500	260	292	622	670	631	493	100	594	1000	815	247	481	677	495	320	211	154	200	274	212	159	192	141	108	101	66	101	86	54	71	31	52	62	35	42	35	49	52
64	170	1	2	119	0	1953125	12	0.0	0	0.78	0	0	V0.2	0	0	28	26	40	26	20	33	18	16	28	10	19	25	7	21	16	17	31	15	27	27	3	37	34	9	53	51	17	76	37	119	128	67	64	152	189	269	331	193	118	117	199	309	176	211	62	375	329	337	471	775	721	670	615	893	999	706	415	598	652	412	140	147	96	178	240	146	103	135	68	82	120	93	11	77	82	37	69	62	28	56	55	38	46	39	27
64	170	1	2	119	0	1953125	12	0.0	0	0.96	0	0	V0.2	0	0	164	168	161	171	163	178	156	168	160	173	158	173	143	174	152	177	142	172	142	184	150	177	133	191	150	202	150	175	186	178	220	143	180	200	290	72	276	105	257	143	249	58	345	263	160	293	174	138	308	412	109	499	109	201	322	613	497	1000	437	415	384	170	341	138	128	226	225	179	235	116	260	148	243	130	216	154	236	167	191	166	205	185	188	174	177
64	170	1	2	119	0	1953125	12	0.0	0	0.84	0	0	V0.2	0	0	19	47	21	33	49	15	41	38	24	34	24	40	36	29	43	41	47	44	63	53	41	76	54	72	81	63	117	114	126	165	109	171	247	177	160	68	146	295	286	252	292	366	533	488	429	585	598	736	708	347	101	239	588	1000	756	386	817	983	822	527	223	179	234	302	367	252	212	253	186	144	124	102	140	103	54	89	62	51	63	39	41	41	56	61	31
64	170	1	2	119	0	1953125	12	0.0	0	0.95	0	0	V0.2	0	0	178	210	181	236	193	216	169	222	190	232	181	198	189	215	212	184	197	179	233	185	218	158	233	170	275	134	266	126	295	220	224	206	229	188	310	296	139	240	289	353	151	408	111	604	268	303	158	355	308	354	457	545	537	526	1000	729	970	201	556	373	346	440	290	146	268	229	275	325	145	265	181	322	173	287	137	292	191	279	192	238	195	258	223	228	210
64	170	1	2	119	0	1953125	12	0.0	0	0.95	0	0	V0.2	0	0	178	210	181	236	193	216	169	222	190	232	181	198	189	215	212	184	197	179	233	185	218	158	233	170	275	134	266	126	295	220	224	206	229	188	310	296	139	240	289	353	151	408	111	604	268	303	158	355	308	354	457	545	537	526	1000	729	970	201	556	373	346	440	290	146	268	229	275	325	145	265	181	322	173	287	137	292	191	279	192	238	195	258	223	228	210
64	170	2	2	119	0	1953125	12	0.0	0	0.59	0	0	V0.2	0	0	3	10	12	9	3	8	15	14	7	6	14	15	9	6	16	20	14	7	14	20	18	13	10	26	26	21	8	38	41	14	53	57	94	43	53	98	140	27	233	246	80	49	160	187	127	213	450	311	308	750	811	787	366	284	411	453	671	1000	420	139	111	214	209	156	126	37	83	124	129	66	25	59	72	59	30	32	63	61	33	27	50	59	46	21	37
64	170	2	2	119	0	1953125	12	0.0	0	0.96	0	0	V0.2	0	0	46	52	35	53	33	64	11	51	9	51	7	52	33	55	22	62	49	71	32	102	58	122	63	165	113	90	68	186	197	115	247	272	421	247	238	180	241	78	375	501	711	618	558	820	622	480	151	659	923	1000	831	689	746	559	456	449	291	473	596	460	246	421	393	422	281	297	234	93	96	108	158	74	130	27	76	18	61	19	56	34	40	35	18	24	10
64	170	2	2	119	0	1953125	12	0.0	0	0.96	0	0	V0.2	0	0	11	37	14	29	13	30	8	27	15	22	9	21	10	20	7	21	7	29	4	42	20	54	22	60	54	57	58	44	76	60	100	113	228	207	220	115	183	229	199	203	137	222	337	362	212	66	227	364	221	250	627	829	1000	855	360	159	588	613	359	235	108	140	166	195	130	163	169	140	122	35	87	55	83	40	84	53	34	26	50	43	28	45	32	37	15
64	170	2	2	119	0	1953125	12	0.0	7701	2.34	0	0	V0.2	0	0	31	36	27	27	30	32	31	16	31	22	22	18	20	23	20	11	30	26	28	18	39	34	17	52	22	79	47	103	20	43	117	50	128	175	141	57	47	129	209	117	348	331	464	292	337	263	61	389	510	1000	610	463	465	227	62	589	760	299	244	353	206	274	381	251	163	79	45	15	10	69	31	44	50	30	24	33	8	6	13	8	16	29	6	23	10
64	170	2	2	119	0	1953125	12	0.0	0	0.76	0	0	V0.2	0	0	261	259	272	256	268	236	225	222	193	182	160	121	93	59	16	39	76	103	146	176	211	244	282	281	286	341	369	406	418	461	442	463	408	511	438	554	492	741	609	883	581	586	463	551	592	767	771	668	457	558	601	380	172	215	943	1000	956	705	756	397	441	274	377	308	355	288	264	286	340	300	298	283	286	269	295	291	260	250	232	235	187	181	182	155	145
64	170	2	2	119	0	1953125	12	0.0	0	0.72	0	0	V0.2	0	0	50	53	17	37	58	37	14	52	52	14	33	55	37	16	45	55	40	32	52	56	40	48	78	83	36	79	108	70	25	158	233	97	106	173	244	186	259	299	166	110	391	565	508	548	636	475	618	824	884	999	808	587	478	718	705	381	176	420	472	438	378	254	173	7	187	253	135	54	125	132	63	84	116	69	27	69	70	20	45	69	39	21	60	51	22
64	170	2	2	119	0	1953125	12	0.0	0	0.72	0	0	V0.2	0	0	12	10	21	17	7	18	19	10	20	20	11	21	24	12	21	29	15	20	29	17	17	38	28	16	43	41	17	23	44	61	93	113	79	88	160	165	136	149	143	74	74	71	158	142	146	81	213	134	452	448	389	397	696	923	1000	874	729	400	400	347	124	95	115	86	101	104	64	60	67	55	56	48	57	59	38	35	42	38	26	37	38	22	31	41	28
64	170	2	2	119	0	1953125	12	0.0	0	0.72	0	0	V0.2	0	0	14	29	41	17	14	35	26	10	21	25	22	20	15	28	33	19	17	49	34	19	64	67	7	65	105	61	95	191	114	41	159	256	240	298	196	75	219	396	381	412	442	354	185	418	516	252	425	314	938	918	950	999	806	759	562	910	294	148	298	464	220	344	552	342	206	141	249	229	192	148	106	93	92	86	60	52	56	46	29	35	41	28	37	34	16
64	170	2	2	119	0	1953125	12	0.0	0	0.72	0	0	V0.2	0	0	22	37	40	21	28	39	24	17	35	29	4	25	29	13	12	26	24	12	8	21	23	9	32	53	31	39	68	38	11	97	158	88	128	140	190	123	288	183	93	148	157	139	151	288	84	210	270	206	675	530	431	435	1000	638	950	614	703	459	658	449	360	202	119	82	188	223	90	80	116	115	66	81	115	84	13	66	77	34	41	73	49	15	62	63	15
64	170	2	2	119	0	1953125	12	0.0	7660	2.33	0	0	V0.2	0	0	50	49	33	48	50	47	49	39	44	44	23	33	42	19	34	28	45	26	49	34	49	36	40	70	66	83	71	148	101	226	62	280	129	175	187	225	161	567	174	219	418	468	57	206	553	506	634	250	164	316	329	885	310	885	156	910	788	999	654	818	454	493	453	249	226	88	224	24	102	49	74	24	100	24	18	22	36	37	20	38	34	33	11	38	19
64	170	2	2	119	0	1953125	12	0.0	0	0.78	0	0	V0.2	0	0	321	334	308	302	302	271	278	253	216	209	165	99	78	55	16	67	90	130	173	180	201	253	306	312	364	439	408	396	450	526	543	534	630	693	609	532	546	829	761	672	897	555	563	486	727	359	821	922	958	707	463	972	510	614	292	402	326	591	1000	899	622	561	279	378	466	369	416	365	402	361	344	362	337	325	301	268	251	243	223	192	228	192	186	189	170
64	170	2	2	119	0	1953125	12	0.0	0	0.78	0	0	V0.2	0	0	286	286	276	293	282	277	294	274	280	295	264	284	284	254	288	278	249	293	265	257	306	267	279	312	248	291	314	241	319	340	221	390	306	279	384	295	281	380	115	449	637	110	471	647	310	730	1000	360	575	375	144	483	683	602	240	591	48	282	537	170	564	298	437	500	178	253	384	261	278	416	313	332	356	305	331	321	280	331	298	282	336	298	307	341	300
64	170	2	2	119	0	1953125	12	0.0	0	0.78	0	0	V0.2	0	0	305	302	299	305	291	297	300	284	300	295	283	305	292	290	306	277	288	302	265	299	300	261	305	296	294	328	310	322	343	254	390	327	244	334	403	200	396	340	406	468	163	424	334	218	326	846	424	746	844	310	613	1000	651	642	699	248	577	840	372	247	507	184	315	275	258	406	412	258	459	374	280	362	326	305	355	320	342	355	313	362	343	312	352	325	304
64	170	2	2	119	0	1953125	12	0.0	0	0.80	0	0	V0.2	0	0	32	64	40	34	61	33	24	40	13	32	24	18	41	20	25	35	19	22	15	48	37	28	99	88	30	121	86	74	110	67	107	200	132	241	179	115	232	248	247	110	98	245	510	560	460	692	460	276	557	732	649	702	1000	505	385	430	195	732	767	767	535	365	348	304	380	278	324	266	137	155	124	33	68	82	25	36	43	25	45	23	30	43	19	22	39
64	170	2	2	119	0	1953125	12	0.0	0	0.78	0	0	V0.2	0	0	46	18	34	43	11	35	37	3	34	26	9	31	21	23	28	25	44	25	39	59	25	71	77	29	90	95	81	152	105	56	118	188	114	233	177	130	139	205	201	236	198	375	593	666	499	561	539	369	476	399	130	240	364	442	420	506	398	809	1000	821	551	201	139	202	235	149	131	119	45	78	91	39	25	78	50	35	61	40	47	54	19	49	50	7	51
64	170	2	2	119	0	1953125	12	0.0	0	0.78	0	0	V0.2	0	0	47	54	6	48	51	8	46	45	24	46	34	37	47	35	50	47	44	59	51	63	73	54	99	105	66	127	121	63	149	160	127	227	234	163	169	109	99	262	259	112	177	208	37	205	268	241	265	488	834	1000	713	491	812	732	490	515	676	788	827	732	570	501	378	263	349	308	218	189	178	149	169	149	102	123	127	82	103	108	65	83	88	58	67	71	51
64	170	2	2	119	0	1953125	12	0.0	0	0.82	0	0	V0.2	0	0	234	258	229	232	246	217	258	242	240	270	222	241	231	203	246	213	250	255	225	267	208	222	247	199	276	247	240	328	205	279	231	251	247	230	272	395	164	370	329	84	389	135	408	390	233	226	313	237	406	119	605	509	434	934	243	589	499	493	999	676	176	627	283	228	390	156	320	407	201	353	274	257	298	208	295	267	277	318	259	294	261	236	282	230	283
64	170	2	2	119	0	1953125	12	0.0	7639	2.33	0	0	V0.2	0	0	33	26	25	15	33	24	21	11	21	21	17	9	22	16	7	13	19	28	8	23	23	47	8	55	29	42	12	56	35	86	131	53	128	63	152	82	220	143	128	207	176	364	77	133	414	363	305	384	265	398	315	877	831	338	277	532	1000	653	670	494	426	268	255	231	195	97	21	43	37	45	53	6	51	20	27	22	29	18	21	24	16	10	2	13	25
64	170	2	2	119	0	1953125	12	0.0	0	0.96	0	0	V0.2	0	0	869	875	882	879	872	875	869	875	869	857	855	853	855	849	838	840	840	845	844	839	845	856	863	871	872	879	893	910	909	923	924	935	947	950	952	950	968	963	962	974	954	927	987	953	940	930	955	923	946	941	912	881	998	918	930	899	956	947	927	933	922	991	954	950	965	988	990	977	978	983	996	1000	987	976	986	991	982	977	969	966	971	969	957	950	954
64	170	2	2	119	0	1953125	12	0.0	0	0.76	0	0	V0.2	0	0	250	257	268	247	264	269	247	261	258	234	260	255	238	263	245	235	260	243	248	273	232	245	259	224	273	272	238	277	327	199	337	250	234	256	320	222	551	403	134	235	158	303	505	601	79	419	183	47	567	844	181	509	577	613	738	175	560	1000	650	363	466	95	297	480	384	217	390	242	241	359	262	248	356	284	264	327	250	268	310	259	288	313	254	284	286
64	170	2	2	119	0	1953125	12	0.0	0	0.47	0	0	V0.2	0	0	9	5	4	10	14	16	17	14	6	2	12	16	19	18	13	9	9	16	18	21	15	9	15	33	29	44	47	31	37	46	14	113	129	82	126	40	120	152	141	131	250	325	360	520	350	102	453	618	407	349	207	355	349	397	304	481	999	991	716	305	412	275	265	263	248	176	226	214	68	52	24	57	87	109	80	72	55	45	53	70	73	68	59	46	44
64	170	2	2	119	0	1953125	12	0.0	0	0.78	0	0	V0.2	0	0	21	12	29	21	10	27	17	13	28	15	10	21	13	17	16	17	25	17	20	22	7	33	35	11	33	34	7	56	58	35	44	5	97	185	205	112	159	264	260	119	96	231	417	427	147	284	413	324	120	178	419	829	875	331	689	1000	680	722	280	225	492	379	204	116	80	141	88	79	100	81	63	38	34	74	72	17	46	63	28	30	41	19	31	40	20
64	170	2	2	119	0	1953125	12	0.0	0	0.46	0	0	V0.2	0	0	22	29	33	34	31	24	16	18	28	36	42	39	32	18	18	29	37	50	41	30	22	35	38	69	62	71	66	16	2	46	42	174	244	257	336	158	145	308	312	202	419	398	387	507	212	236	404	462	923	1000	760	891	869	567	700	721	560	786	661	697	713	388	272	197	106	141	136	109	183	220	128	100	64	45	32	81	86	85	75	58	52	51	62	73	75
64	170	2	2	119	0	1953125	12	0.0	0	0.45	0	0	V0.2	0	0	7	12	15	16	14	11	5	2	7	12	17	18	15	8	5	3	12	21	19	18	10	7	12	29	33	48	43	55	66	53	39	89	121	31	96	78	192	165	207	248	255	168	364	130	288	505	456	481	338	145	473	423	457	1000	851	850	790	402	632	619	232	184	272	303	232	90	111	55	22	34	53	59	84	84	72	58	34	28	38	48	54	55	50	42	34
64	170	2	2	119	0	1953125	12	0.0	0	0.60	0	0	V0.2	0	0	15	12	4	12	19	19	11	11	21	24	15	13	25	27	20	13	28	37	33	24	32	44	42	32	36	60	63	40	10	40	76	67	68	113	153	164	152	147	171	154	300	309	256	124	149	78	150	251	282	392	284	188	607	1000	919	630	596	776	546	476	361	285	274	246	186	82	109	148	149	118	34	51	83	72	27	43	78	78	43	14	60	72	50	4	39
64	170	2	2	119	0	1953125	12	0.0	0	0.82	0	0	V0.2	0	0	27	36	14	41	42	19	35	29	7	14	10	25	13	21	38	24	11	14	36	34	8	46	36	24	44	33	20	26	10	46	30	118	221	100	83	96	144	284	312	258	219	191	202	418	329	152	316	302	318	277	350	873	1000	735	279	319	246	538	719	834	719	519	270	193	180	134	90	94	52	64	24	54	82	35	51	68	18	39	47	34	32	10	39	49	12
