34928	35048	35167	35286	35405	35524	35644	35763	35882	36001	36120	36240	36359	36478	36597	36716	36836	36955	37074	37193	37313	37432	37551	37670	37789	37909	38028	38147	38266	38385	38505	38624	38743	38862	38981	39101	39220	39339	39458	39577	39697	39816	39935	40054	40174	40293	40412	40531	40650	40770	40889	41008	41127	41246	41366	41485	41604	41723	41842	41962	42081	42200	42319	42439	42558	42677	42796	42915	43035	43154	43273	43392	43511	43631	43750	43869	43988	44107	44227	44346	44465	44584	44703	44823	44942
64	170	1	2	119	0	1953125	12	0.0	0	0.63	0	0	V0.2	0	0	11	6	18	20	9	12	26	25	11	9	25	26	10	9	26	23	8	16	36	30	8	16	30	32	11	29	68	31	15	45	92	36	25	75	100	66	36	106	228	164	87	143	320	275	133	239	449	458	286	304	182	147	197	276	696	931	1000	569	452	478	272	174	40	136	194	182	100	61	139	164	91	5	61	109	73	9	54	84	60	25	48	66	44	16	48
64	170	1	2	119	0	1953125	12	0.0	0	0.63	0	0	V0.2	0	0	8	8	20	17	4	15	25	22	7	13	25	23	6	13	26	20	5	19	36	29	4	22	30	26	18	32	66	36	25	58	87	33	27	74	91	88	54	128	235	169	82	73	277	311	214	330	410	411	327	318	60	130	110	269	866	923	1000	660	346	469	274	204	53	173	209	166	77	65	154	180	91	13	77	113	72	10	61	90	59	26	58	69	44	23	54
64	170	1	2	119	0	1953125	12	0.0	0	0.63	0	0	V0.2	0	0	4	11	18	15	0	15	24	20	4	15	23	20	3	14	24	16	5	19	33	26	7	22	27	23	23	35	55	35	32	69	85	27	31	66	84	78	73	152	228	160	60	60	216	293	254	408	411	325	329	287	10	159	1	257	941	999	850	684	403	455	214	215	40	202	204	171	51	87	145	179	92	32	90	112	66	18	66	89	55	32	65	72	41	28	59
64	170	1	2	119	0	1953125	12	0.0	0	0.62	0	0	V0.2	0	0	6	19	22	10	10	26	27	16	5	22	25	13	8	24	26	11	14	30	32	17	10	27	24	14	34	53	48	24	41	71	74	18	39	86	90	40	57	144	203	127	25	83	195	207	224	404	383	214	258	213	17	242	106	200	869	1000	602	577	368	426	182	135	52	183	163	154	47	85	113	144	82	25	77	98	57	9	52	75	51	19	48	62	40	16	42
64	170	1	2	119	0	1953125	12	0.0	0	0.62	0	0	V0.2	0	0	7	16	16	5	9	19	21	11	6	17	18	8	8	19	18	7	14	26	25	13	10	21	15	5	31	53	38	21	36	58	73	16	35	89	102	24	43	148	186	105	39	109	241	187	205	367	411	136	230	161	33	313	209	159	836	1000	473	510	283	393	189	78	53	188	159	153	56	86	116	123	75	20	77	97	56	13	55	73	49	24	50	63	40	18	44
64	170	1	2	119	0	1953125	12	0.0	0	0.62	0	0	V0.2	0	0	7	15	14	3	11	20	19	8	8	17	16	5	9	19	17	6	16	24	23	9	13	21	13	4	33	52	34	22	39	52	69	19	39	85	107	28	27	129	179	87	24	119	235	204	192	330	414	81	203	118	93	288	260	178	836	1000	371	385	204	371	200	22	70	204	154	124	40	97	120	107	52	35	79	88	46	22	59	66	38	24	53	59	32	21	45
64	170	1	2	119	0	1953125	12	0.0	0	0.62	0	0	V0.2	0	0	6	14	14	4	9	17	18	7	6	17	15	4	9	18	15	6	14	22	21	8	11	18	10	5	30	46	35	22	37	44	65	27	41	78	113	48	9	100	168	69	30	114	238	198	159	308	394	25	212	99	134	293	343	159	765	1000	341	338	123	289	169	25	78	221	156	107	36	82	117	100	42	35	72	82	43	22	55	61	34	25	52	55	30	21	43
64	170	1	2	119	0	1953125	12	0.0	0	0.62	0	0	V0.2	0	0	7	15	13	3	10	18	18	7	7	15	14	4	9	17	14	6	16	23	22	8	12	17	7	7	31	47	39	23	40	42	67	42	54	76	125	74	19	91	163	70	40	137	267	206	162	341	422	47	217	123	168	317	451	339	731	1000	446	373	67	229	128	36	90	255	183	90	31	75	125	101	36	41	79	83	41	26	60	63	35	29	54	55	30	24	46
64	170	1	2	119	0	1953125	12	0.0	0	0.63	0	0	V0.2	0	0	2	11	14	7	5	16	19	12	2	14	17	9	3	15	16	9	11	20	25	14	6	16	12	7	25	40	44	25	38	42	74	42	52	73	131	86	28	88	173	73	16	135	280	241	132	353	455	53	210	149	229	274	494	433	675	1000	465	382	122	227	118	82	75	261	195	75	19	80	127	96	30	51	81	77	34	33	59	56	28	37	59	49	24	32	47
64	170	1	2	119	0	1953125	12	0.0	0	0.62	0	0	V0.2	0	0	8	16	14	2	11	20	18	6	8	17	15	2	11	18	15	4	18	24	23	7	14	20	9	9	32	46	42	26	44	44	74	51	63	75	131	89	34	81	174	76	9	146	294	271	110	354	480	91	186	176	249	243	519	474	706	1000	492	399	137	218	127	79	79	254	198	80	26	76	126	103	40	44	81	82	40	27	60	62	34	31	56	56	29	24	47
64	170	1	2	119	0	1953125	12	0.0	0	0.62	0	0	V0.2	0	0	9	15	13	3	12	20	19	7	8	17	16	3	11	19	16	4	17	24	23	8	13	19	11	9	34	49	42	25	43	46	74	51	62	77	128	85	29	83	183	76	28	131	286	250	123	361	482	140	181	179	216	250	486	460	759	1000	500	409	134	253	123	86	78	252	186	82	37	79	134	106	44	41	81	86	43	23	61	67	36	27	56	58	31	24	47
64	170	1	2	119	0	1953125	12	0.0	0	0.62	0	0	V0.2	0	0	14	19	13	3	17	24	17	2	13	20	14	1	16	22	14	2	24	28	22	3	17	22	8	14	36	53	39	22	45	44	70	46	61	80	120	69	26	81	178	77	36	98	248	235	133	339	474	165	202	211	186	187	481	474	775	1000	565	448	138	250	104	81	64	220	171	95	47	74	127	107	54	27	73	87	54	11	53	68	45	16	46	59	37	13	40
64	170	1	2	119	0	1953125	12	0.0	0	0.62	0	0	V0.2	0	0	15	19	12	3	18	24	17	2	13	21	14	3	17	22	13	0	24	29	21	3	17	22	8	15	38	55	35	20	41	48	72	41	54	83	119	53	35	83	174	95	53	88	212	228	150	320	481	155	188	228	158	175	469	463	749	1000	599	428	141	292	113	55	70	206	159	100	46	79	121	102	53	25	71	85	51	10	52	65	44	15	43	55	35	11	37
64	170	1	2	119	0	1953125	12	0.0	0	0.62	0	0	V0.2	0	0	7	14	14	4	11	20	20	8	7	17	18	6	8	18	17	6	16	24	22	11	11	22	12	8	27	53	36	21	32	51	76	25	45	80	112	44	37	97	162	124	63	72	200	204	186	291	454	146	162	187	90	258	373	361	734	1000	562	420	179	335	151	29	71	210	166	119	54	85	124	102	54	29	75	87	50	17	57	65	40	20	51	58	33	20	44
64	170	1	2	119	0	1953125	12	0.0	0	0.62	0	0	V0.2	0	0	7	16	15	5	9	21	22	11	5	17	18	7	9	19	18	8	16	24	24	13	12	23	14	9	31	56	39	25	36	58	79	23	51	81	103	56	45	98	177	152	73	35	194	272	255	267	424	198	177	188	52	324	325	322	770	1000	620	430	233	364	221	17	45	188	174	145	59	75	121	118	71	23	76	94	59	14	55	73	50	22	52	62	40	21	46
64	170	1	2	119	0	1953125	12	0.0	0	0.62	0	0	V0.2	0	0	6	17	18	6	10	21	22	11	7	18	21	9	8	19	20	9	15	25	27	16	13	25	14	10	33	55	43	32	38	66	75	27	50	88	106	68	54	97	187	159	64	26	237	340	268	249	411	256	203	165	76	288	272	337	826	1000	709	482	284	359	249	31	39	181	189	164	59	66	116	132	81	22	78	98	64	11	54	76	53	21	52	65	43	19	46
64	170	1	2	119	0	1953125	12	0.0	0	0.62	0	0	V0.2	0	0	7	22	24	11	11	27	31	17	5	22	26	13	9	25	28	12	18	30	34	21	13	31	19	15	36	61	56	34	39	68	75	25	67	96	114	90	55	85	188	176	84	26	309	409	241	258	458	266	220	195	144	294	297	372	894	1000	835	507	315	349	193	26	49	211	217	161	64	55	117	137	73	26	78	98	65	7	52	76	50	18	51	63	42	15	43
64	170	1	2	119	0	1953125	12	0.0	0	0.62	0	0	V0.2	0	0	6	22	25	14	8	25	32	21	3	23	28	16	7	25	28	16	14	30	39	25	10	28	22	20	30	61	60	42	39	68	87	34	46	94	114	87	41	84	218	186	32	28	332	418	229	231	495	276	274	234	167	229	270	254	919	1000	841	597	301	393	216	90	21	170	205	171	75	48	120	153	92	9	68	103	76	9	48	82	58	21	47	65	51	16	39
64	170	1	2	119	0	1953125	12	0.0	0	0.62	0	0	V0.2	0	0	5	21	24	13	7	26	31	20	3	22	27	17	7	25	28	16	13	29	37	25	10	27	21	22	23	58	57	36	41	58	81	38	40	96	116	81	38	83	219	190	37	27	311	387	222	184	501	283	235	240	179	124	236	228	897	999	737	543	294	429	265	56	16	139	189	157	79	57	120	142	86	9	63	95	73	7	46	75	53	20	43	62	47	13	37
64	170	1	2	119	0	1953125	12	0.0	0	0.62	0	0	V0.2	0	0	5	18	27	16	6	24	32	23	3	19	27	19	6	22	28	18	11	28	40	27	5	24	19	21	25	66	67	36	23	39	84	47	53	113	145	81	35	65	224	202	95	36	385	385	145	286	540	268	257	219	247	189	307	370	993	1000	825	744	466	384	203	31	11	198	228	191	116	41	104	142	86	4	62	103	79	14	44	75	56	21	43	65	52	15	35
64	170	1	2	119	0	1953125	12	0.0	0	0.62	0	0	V0.2	0	0	5	19	26	16	6	25	34	24	1	20	27	20	5	23	29	18	11	29	39	28	3	24	21	20	26	66	66	34	15	45	96	53	55	100	136	64	62	96	234	198	78	44	337	363	175	305	548	294	272	284	199	158	354	408	1000	919	852	876	475	392	205	107	67	165	232	191	103	35	96	140	98	10	61	103	82	16	40	75	60	24	41	65	53	17	32
64	170	1	2	119	0	1953125	12	0.0	0	0.62	0	0	V0.2	0	0	5	20	28	17	5	25	34	24	2	22	32	22	4	24	31	20	12	31	43	31	3	28	27	27	26	65	61	34	17	70	115	61	50	81	118	58	69	128	262	212	79	110	326	376	221	286	575	294	338	385	56	173	331	297	813	986	1000	908	423	421	136	261	150	176	228	166	98	41	116	166	114	11	64	109	90	18	44	84	68	26	43	71	58	17	36
64	170	1	2	119	0	1953125	12	0.0	0	0.62	0	0	V0.2	0	0	8	20	21	9	10	24	27	14	5	20	23	10	9	23	25	11	16	29	33	19	8	25	18	12	29	63	50	35	14	52	85	43	58	81	108	84	83	80	173	131	83	87	337	346	197	200	378	251	352	237	181	243	227	149	710	1000	944	732	285	207	73	168	91	171	195	145	123	25	82	130	98	20	41	90	87	35	23	66	67	35	21	54	59	31	17
64	170	1	2	119	0	1953125	12	0.0	0	0.62	0	0	V0.2	0	0	4	13	20	14	3	19	27	21	4	14	23	17	4	17	22	17	6	21	33	25	0	18	18	23	16	50	47	43	11	43	73	24	39	68	115	86	64	50	162	122	90	114	355	324	123	189	444	353	274	151	259	195	75	132	783	999	717	567	454	324	162	115	56	134	160	135	132	40	89	113	82	18	40	86	77	24	25	61	56	25	27	52	49	19	23
64	170	1	2	119	0	1953125	12	0.0	0	0.63	0	0	V0.2	0	0	13	6	19	21	10	11	26	27	13	8	25	27	13	8	25	24	7	15	35	33	9	12	25	38	4	43	48	43	7	45	90	43	19	60	116	65	55	72	231	185	104	115	307	301	117	262	591	453	225	300	260	192	158	175	842	1000	631	679	557	453	255	167	102	82	161	148	128	55	108	130	98	22	44	93	81	18	35	66	56	24	36	59	49	15	33
64	170	1	2	119	0	1953125	12	0.0	0	0.49	0	0	V0.2	0	0	18	21	20	17	13	15	20	25	25	21	14	12	17	23	27	26	20	13	21	24	27	26	9	33	18	54	50	44	34	11	65	12	89	84	111	59	69	88	244	151	171	162	283	325	157	338	708	437	262	509	375	241	150	242	874	1000	813	762	542	370	235	77	57	197	259	150	125	5	66	82	86	84	72	66	51	32	54	66	66	60	42	37	39	51	55
64	170	1	2	119	0	1953125	12	0.0	0	0.63	0	0	V0.2	0	0	9	5	18	17	6	11	25	26	13	9	24	24	11	6	25	25	3	14	36	32	15	14	28	38	16	47	50	50	18	59	110	37	34	62	130	101	94	103	262	182	86	138	380	315	67	452	734	400	257	446	255	51	281	404	887	982	1000	909	639	453	196	180	96	159	220	192	163	47	105	148	119	23	56	118	100	23	43	79	71	32	49	75	60	24	43
64	170	1	2	119	0	1953125	12	0.0	0	0.63	0	0	V0.2	0	0	13	4	18	20	8	11	25	27	14	8	25	28	15	6	27	25	6	13	37	35	17	15	30	44	11	42	51	55	18	66	118	39	32	50	134	99	97	98	288	211	132	186	339	318	98	428	738	434	336	538	286	130	253	256	905	991	985	1000	662	539	220	255	184	149	209	184	163	42	110	164	144	38	53	121	106	30	43	84	81	40	50	80	68	28	44
64	170	1	2	119	0	1953125	12	0.0	0	0.63	0	0	V0.2	0	0	16	6	18	23	12	11	28	31	17	6	26	32	17	7	27	26	11	15	38	38	16	13	28	44	7	44	56	57	12	54	95	33	27	65	134	103	84	88	252	178	112	140	329	285	65	399	639	355	354	478	251	62	236	256	803	932	1000	921	594	405	106	203	129	168	204	169	142	35	88	139	122	28	48	102	89	25	31	71	66	28	39	64	55	21	33
64	170	1	2	119	0	1953125	12	0.0	0	0.48	0	0	V0.2	0	0	21	21	18	12	11	18	25	24	24	17	10	15	20	27	26	23	18	12	26	31	27	28	2	33	26	56	56	61	27	14	53	32	94	82	120	80	63	97	278	114	265	218	271	359	143	377	721	340	449	669	351	145	129	145	755	988	1000	874	588	432	198	143	55	247	282	158	130	27	41	97	97	87	88	78	53	37	47	70	78	69	55	40	38	49	57
64	170	1	2	119	0	1953125	12	0.0	0	0.63	0	0	V0.2	0	0	24	12	11	21	20	10	18	30	23	5	19	32	25	8	20	29	21	8	30	40	23	0	26	52	10	35	49	55	10	41	90	49	32	49	115	103	72	105	295	162	167	174	297	299	49	430	672	355	409	577	274	34	221	150	788	983	1000	934	665	467	71	263	206	166	200	165	139	32	88	154	129	23	49	101	86	23	37	72	61	29	48	66	50	19	40
64	170	1	2	119	0	1953125	12	0.0	0	0.48	0	0	V0.2	0	0	21	23	19	14	11	16	23	27	25	19	13	13	20	24	27	23	17	11	23	30	28	30	2	29	25	48	54	61	33	3	41	19	94	77	121	85	52	100	251	80	238	188	273	312	74	386	606	302	443	613	411	67	185	172	704	894	1000	854	561	362	235	105	49	257	268	159	135	36	30	82	82	77	82	74	53	28	39	60	71	66	51	39	31	42	52
64	170	1	2	119	0	1953125	12	0.0	0	0.48	0	0	V0.2	0	0	21	23	21	15	11	16	23	28	26	22	13	12	19	27	28	27	19	10	23	30	30	31	5	27	25	51	56	69	29	1	38	25	106	70	138	102	47	102	237	65	251	164	327	329	50	432	618	270	471	574	413	56	195	195	681	952	1000	862	617	418	253	157	61	291	281	153	151	22	28	86	84	79	81	78	51	30	41	63	71	61	51	37	31	43	52
64	170	1	2	119	0	1953125	12	0.0	0	0.63	0	0	V0.2	0	0	21	9	12	21	18	9	18	27	21	4	18	29	24	6	20	26	19	7	30	35	21	0	28	45	12	35	44	54	9	39	84	36	42	34	119	103	62	93	246	93	166	153	366	279	29	436	569	285	386	382	294	32	173	160	733	1000	909	735	690	509	149	193	153	169	193	155	153	46	84	133	110	17	49	98	81	20	37	64	55	27	45	62	47	18	38
64	170	1	2	119	0	1953125	12	0.0	0	0.63	0	0	V0.2	0	0	18	9	9	18	15	8	17	23	19	3	15	25	19	7	17	24	17	4	27	31	19	3	23	40	6	35	40	48	6	22	69	37	36	43	104	95	43	76	206	94	135	108	358	282	45	349	526	330	279	297	330	61	170	200	720	1000	804	581	689	444	173	133	93	134	177	145	138	44	84	121	92	11	47	89	74	18	35	58	47	23	43	56	41	16	36
64	170	1	2	119	0	1953125	12	0.0	0	0.49	0	0	V0.2	0	0	14	16	16	14	10	10	15	17	19	16	12	9	11	17	21	20	16	8	16	20	20	23	9	23	13	42	35	48	20	11	42	19	83	63	87	82	63	55	156	48	247	142	299	352	124	202	406	213	407	366	214	125	143	122	475	1000	850	431	369	264	121	89	35	223	243	91	113	19	36	74	63	68	70	55	43	25	39	52	54	48	37	30	32	39	44
64	170	1	2	119	0	1953125	12	0.0	0	0.63	0	0	V0.2	0	0	19	8	21	24	15	11	28	34	20	5	26	33	20	11	27	32	11	14	40	40	19	10	27	41	5	57	59	46	13	47	113	62	52	74	124	93	91	97	244	190	136	92	350	392	158	290	538	241	378	394	171	153	348	268	725	997	1000	810	575	488	202	149	137	178	246	178	136	48	97	141	103	10	59	106	85	16	41	69	57	22	43	65	50	14	35
64	170	1	2	119	0	1953125	12	0.0	0	0.62	0	0	V0.2	0	0	14	9	21	23	10	14	30	30	14	10	26	28	13	12	28	27	6	18	40	34	9	14	23	33	8	57	67	43	9	32	97	56	50	92	124	93	47	76	227	193	78	37	316	404	144	304	560	290	316	332	253	106	422	320	924	1000	919	776	500	448	230	42	76	152	230	177	142	52	114	135	96	9	60	105	87	20	44	72	57	26	47	69	52	18	39
64	170	1	2	119	0	1953125	12	0.0	0	0.63	0	0	V0.2	0	0	11	9	20	20	7	13	28	27	12	9	25	25	11	13	24	24	5	16	37	32	7	15	20	27	9	48	61	51	22	33	80	47	38	88	112	98	29	48	195	158	31	19	295	396	145	232	478	249	274	222	263	176	343	236	867	1000	833	599	320	359	223	58	22	142	220	156	108	48	111	128	87	7	63	94	75	14	44	67	50	20	48	61	45	15	38
64	170	1	2	119	0	1953125	12	0.0	0	0.62	0	0	V0.2	0	0	5	19	23	14	5	23	29	19	3	18	25	16	6	22	26	17	12	26	34	24	5	26	20	13	23	60	54	48	39	46	72	37	58	96	109	96	30	58	178	123	25	67	250	368	200	240	409	176	276	166	263	260	393	331	791	1000	830	547	163	254	189	71	4	152	210	151	81	39	105	124	86	12	68	92	72	12	41	67	54	19	43	60	47	15	34
64	170	1	2	119	0	1953125	12	0.0	0	0.62	0	0	V0.2	0	0	9	19	20	9	9	23	26	14	5	18	20	12	10	24	22	11	15	28	27	16	9	26	14	6	30	63	40	30	36	41	62	31	59	110	121	54	24	64	162	70	66	95	284	325	193	234	345	55	197	174	407	385	444	437	806	1000	476	411	192	180	224	79	78	198	187	137	72	61	105	82	52	26	75	85	51	13	49	57	36	18	48	55	35	17	38
64	170	1	2	119	0	1953125	12	0.0	0	0.62	0	0	V0.2	0	0	9	19	20	9	9	23	26	14	5	18	20	12	10	24	22	11	15	28	27	16	9	26	14	6	30	63	40	30	36	41	62	31	59	110	121	54	24	64	162	70	66	95	284	325	193	234	345	55	197	174	407	385	444	437	806	1000	476	411	192	180	224	79	78	198	187	137	72	61	105	82	52	26	75	85	51	13	49	57	36	18	48	55	35	17	38
64	170	1	2	119	0	1953125	12	0.0	0	0.63	0	0	V0.2	0	0	5	14	19	12	4	19	25	18	2	15	22	14	5	20	22	14	10	24	28	17	4	23	17	8	24	57	40	30	33	40	67	29	51	99	125	46	16	75	177	85	68	101	260	304	191	211	357	42	153	134	348	402	464	381	657	1000	426	216	146	137	229	65	98	202	181	108	41	68	111	75	29	41	75	72	34	25	54	47	24	29	52	47	22	26	40
64	170	1	2	119	0	1953125	12	0.0	0	0.63	0	0	V0.2	0	0	6	17	20	11	6	21	25	16	4	17	21	12	7	21	22	12	13	26	28	14	8	25	16	10	28	57	39	22	32	42	62	32	55	99	130	46	9	58	184	86	92	120	247	269	166	230	360	87	160	182	294	420	611	440	546	1000	401	149	207	86	210	93	117	217	191	85	23	66	116	69	19	50	77	66	28	34	57	46	18	33	51	43	19	29	41
64	170	1	2	119	0	1953125	12	0.0	0	0.63	0	0	V0.2	0	0	10	9	18	17	5	14	25	23	9	11	22	19	7	15	23	21	5	21	31	23	5	19	19	15	19	54	47	27	22	35	71	29	46	96	143	59	17	48	197	87	73	134	292	261	136	255	397	124	187	268	267	436	759	539	467	1000	521	187	292	70	215	81	99	242	209	75	30	58	120	66	18	52	79	62	29	38	56	43	21	39	51	39	24	36	40
64	170	1	2	119	0	1953125	12	0.0	0	0.64	0	0	V0.2	0	0	18	12	13	17	14	11	22	26	16	6	17	23	15	11	21	26	10	15	30	30	15	13	18	22	14	48	52	31	14	31	83	31	41	96	156	67	28	47	205	92	55	154	354	287	113	271	420	146	233	316	331	492	847	531	515	1000	558	246	350	64	301	87	91	258	234	89	45	56	130	75	28	48	86	63	35	42	60	47	27	44	54	42	31	41	40
64	170	1	2	119	0	1953125	12	0.0	0	0.63	0	0	V0.2	0	0	13	11	20	20	7	15	27	25	10	11	23	22	9	16	25	22	7	22	33	26	9	20	21	14	20	55	53	27	18	39	82	43	56	98	152	70	5	55	202	91	66	162	373	300	110	278	424	134	247	295	306	465	822	567	527	1000	596	239	326	80	308	114	113	258	240	97	46	56	129	81	30	46	87	70	36	36	62	52	23	40	55	47	27	36	43
64	170	1	2	119	0	1953125	12	0.0	0	0.63	0	0	V0.2	0	0	12	10	19	18	6	14	26	24	11	11	23	21	9	15	25	21	7	20	32	25	8	19	20	14	20	52	49	27	18	41	77	35	52	100	143	59	2	53	200	77	65	140	349	294	90	263	427	151	223	269	270	434	770	541	506	1000	576	229	254	119	290	101	106	232	224	91	41	60	124	76	28	45	81	68	33	35	60	49	24	39	53	44	25	35	42
64	170	1	2	119	0	1953125	12	0.0	0	0.63	0	0	V0.2	0	0	14	8	16	19	10	10	24	25	14	7	20	23	13	13	22	24	6	17	31	29	12	16	19	16	13	49	49	36	8	36	77	25	39	99	146	64	12	48	177	84	51	140	311	282	105	235	415	118	235	227	297	457	689	500	487	1000	617	253	258	107	289	97	90	202	211	102	51	56	114	73	35	37	72	65	35	31	54	46	23	32	47	42	23	29	36
64	170	1	2	119	0	1953125	12	0.0	0	0.48	0	0	V0.2	0	0	16	20	17	14	10	12	16	21	22	19	12	9	14	22	23	23	15	11	16	24	23	26	13	15	12	44	47	49	26	16	36	26	55	102	132	80	67	70	115	45	81	85	261	254	143	236	390	41	372	261	253	390	526	480	565	1000	639	344	316	99	331	169	114	214	200	120	113	53	72	24	47	62	81	70	49	25	34	46	56	55	46	35	26	32	39
64	170	1	2	119	0	1953125	12	0.0	0	0.48	0	0	V0.2	0	0	19	19	17	12	9	13	18	22	21	16	10	10	15	22	22	22	14	11	19	25	22	25	9	17	17	45	49	53	21	8	20	16	59	104	113	74	60	67	116	58	91	56	222	293	178	227	334	124	374	220	237	369	412	405	674	1000	648	345	259	121	314	144	122	203	206	123	98	50	58	36	47	64	80	65	48	23	34	46	57	52	48	35	27	32	42
64	170	1	2	119	0	1953125	12	0.0	0	0.62	0	0	V0.2	0	0	4	15	17	9	8	20	23	14	1	14	18	8	6	19	20	10	11	21	26	16	6	20	13	3	26	53	42	39	30	41	46	31	61	107	110	80	31	63	117	90	26	112	246	325	205	196	277	146	241	120	320	347	411	343	808	1000	658	429	215	159	232	47	82	178	205	142	74	34	96	100	67	24	68	84	62	12	47	62	47	20	47	59	41	18	37
64	170	1	2	119	0	1953125	12	0.0	0	0.62	0	0	V0.2	0	0	5	17	23	15	2	20	29	22	5	16	23	17	6	21	27	18	8	24	33	25	5	24	21	13	20	57	53	48	26	38	51	47	56	111	124	88	14	30	135	113	58	118	254	336	173	176	335	203	174	199	331	257	464	317	868	1000	552	542	285	229	255	49	79	171	191	149	89	42	93	95	67	19	61	80	62	5	40	58	43	12	40	53	39	10	30
64	170	1	2	119	0	1953125	12	0.0	0	0.63	0	0	V0.2	0	0	16	10	21	23	11	12	28	31	17	8	24	27	15	13	26	28	8	16	36	36	13	16	21	27	8	50	59	55	14	26	70	71	46	99	137	88	31	35	177	163	88	89	245	340	171	210	407	235	140	255	267	254	580	358	864	1000	572	664	376	306	301	57	54	164	198	178	109	57	104	101	75	17	63	84	62	5	45	59	39	14	45	53	37	11	35
64	170	1	2	119	0	1953125	12	0.0	0	0.62	0	0	V0.2	0	0	13	22	37	29	8	26	42	35	14	22	36	29	14	30	38	31	10	32	50	38	12	29	35	23	22	72	76	56	18	40	100	87	77	117	169	94	50	68	216	196	119	74	298	437	213	267	478	244	249	324	186	368	726	502	884	1000	857	834	427	338	285	52	31	171	256	213	106	53	93	122	94	21	67	101	76	8	41	66	51	8	39	59	48	11	27
64	170	1	2	119	0	1953125	12	0.0	0	0.62	0	0	V0.2	0	0	9	19	28	23	5	21	35	30	10	17	29	25	8	25	33	26	7	28	40	33	7	27	30	16	18	60	64	52	6	47	92	69	65	90	141	90	63	81	181	139	80	11	336	426	206	200	352	133	303	216	260	448	553	290	642	1000	958	661	186	164	139	92	55	187	242	171	91	26	78	128	90	17	62	93	72	11	39	65	53	13	38	59	46	13	28
64	170	1	2	119	0	1953125	12	0.0	0	0.62	0	0	V0.2	0	0	6	17	19	11	7	20	25	17	1	16	22	12	5	20	24	14	10	22	32	22	3	23	17	12	18	49	51	40	12	43	71	49	51	74	119	81	58	59	131	97	44	40	326	361	174	135	294	188	284	94	318	351	321	97	675	1000	756	470	182	112	116	104	62	151	190	133	111	15	72	110	88	5	48	80	72	23	29	58	50	19	31	54	47	19	25
64	170	1	2	119	0	1953125	12	0.0	0	0.62	0	0	V0.2	0	0	8	17	16	6	11	21	21	9	5	16	16	5	9	20	18	8	15	24	27	14	9	23	15	2	21	51	46	39	23	40	60	54	49	80	123	76	48	43	127	119	5	39	304	346	157	130	356	271	227	96	313	269	234	203	788	1000	701	467	296	202	155	85	42	133	176	131	121	16	77	110	91	18	42	84	84	34	23	61	62	33	26	54	57	31	18
64	170	1	2	119	0	1953125	12	0.0	0	0.62	0	0	V0.2	0	0	1	12	18	12	3	15	23	17	3	13	19	14	0	14	19	14	6	18	29	21	4	16	13	12	13	47	48	41	16	30	71	59	34	78	128	60	41	40	155	139	10	33	287	298	107	161	415	326	145	141	250	148	243	253	809	999	556	544	397	279	210	76	29	111	175	146	122	23	86	113	88	13	49	91	82	24	35	65	57	27	35	60	53	23	29
64	170	1	2	119	0	1953125	12	0.0	0	0.63	0	0	V0.2	0	0	17	18	8	7	22	23	14	5	23	27	17	4	19	27	20	5	25	32	26	0	24	34	31	16	40	49	36	15	29	62	91	40	57	77	115	32	59	110	205	121	37	48	321	273	111	300	544	297	131	220	187	107	328	354	826	1000	551	663	547	351	239	40	97	89	168	143	160	68	38	81	101	58	9	57	80	52	10	26	44	36	6	27	44	37	15
64	170	1	2	119	0	1953125	12	0.0	0	0.62	0	0	V0.2	0	0	1	13	20	14	5	15	26	21	7	12	22	17	3	15	24	18	6	18	34	26	7	18	18	20	20	54	47	49	19	46	105	61	36	63	130	86	88	85	196	153	46	42	350	324	126	338	515	293	212	263	200	158	383	409	821	1000	706	778	555	385	252	121	94	123	225	177	147	23	73	133	127	27	51	107	103	37	32	73	74	38	36	70	69	34	29
64	170	1	2	119	0	1953125	12	0.0	0	0.63	0	0	V0.2	0	0	22	8	23	29	18	9	31	39	24	6	27	36	23	10	31	36	15	13	43	47	23	14	25	40	1	51	60	73	20	42	113	60	27	63	150	108	101	78	217	170	70	51	393	341	109	373	579	318	243	297	209	155	455	430	883	999	823	926	569	405	226	167	94	182	255	189	136	34	80	139	118	12	66	107	89	17	40	69	58	16	45	67	51	15	33
64	170	1	2	119	0	1953125	12	0.0	0	0.63	0	0	V0.2	0	0	15	6	21	23	11	10	29	33	18	5	25	29	16	9	28	28	9	12	40	39	14	13	23	36	8	48	57	69	17	42	103	57	30	70	146	112	108	90	224	153	97	63	396	355	127	406	584	267	294	379	217	140	502	389	840	968	856	1000	565	369	196	204	129	187	264	198	158	16	78	146	132	17	64	115	104	34	40	75	68	30	49	75	66	30	38
64	170	1	2	119	0	1953125	12	0.0	0	0.63	0	0	V0.2	0	0	13	4	18	21	9	8	27	30	17	5	23	28	15	8	26	27	7	12	40	38	15	10	22	36	9	45	55	69	21	44	101	64	22	69	136	112	118	100	236	159	102	63	368	355	147	409	602	266	326	400	187	122	429	324	817	1000	923	982	590	363	124	244	155	199	256	188	163	21	81	153	134	22	61	115	107	38	39	77	73	33	48	76	68	30	39
64	170	1	2	119	0	1953125	12	0.0	0	0.63	0	0	V0.2	0	0	13	3	17	19	9	8	25	28	17	5	21	26	14	5	23	25	8	11	36	36	15	9	21	34	12	44	50	64	20	41	95	65	21	68	124	113	105	85	231	157	95	61	361	349	144	394	567	217	319	391	225	160	388	254	809	1000	890	918	540	321	105	229	159	206	248	176	167	24	79	150	132	25	55	111	104	39	37	77	73	34	46	76	67	32	39
64	170	1	2	119	0	1953125	12	0.0	0	0.63	0	0	V0.2	0	0	14	3	17	20	7	8	26	29	16	4	22	27	14	6	24	27	8	10	37	38	12	7	22	34	12	47	52	67	18	40	94	72	25	76	116	117	109	95	235	136	121	71	384	365	130	410	582	212	350	421	258	146	391	245	794	1000	980	936	547	306	82	232	172	210	246	176	175	25	78	153	134	27	54	112	108	42	37	76	73	39	47	76	68	33	39
64	170	1	2	119	0	1953125	12	0.0	0	0.63	0	0	V0.2	0	0	14	4	17	20	10	7	23	29	18	3	21	27	16	3	23	25	9	9	35	37	15	5	22	35	10	46	49	69	17	34	90	71	23	77	111	119	113	102	231	123	125	72	367	351	128	404	546	212	361	432	240	140	384	189	720	989	999	959	552	286	57	236	190	208	240	175	177	31	72	147	132	33	46	108	108	44	34	74	74	40	44	75	69	36	34
64	170	1	2	119	0	1953125	12	0.0	0	0.63	0	0	V0.2	0	0	13	1	15	19	8	8	22	25	15	6	20	25	13	3	22	23	8	10	32	34	14	5	25	35	10	42	43	64	22	37	90	61	21	65	107	103	112	111	236	110	142	90	343	308	122	407	554	203	380	449	171	123	336	112	648	1000	985	941	560	277	24	258	195	203	227	173	173	29	66	149	131	32	43	106	107	44	32	72	75	39	44	73	68	34	34
64	170	1	2	119	0	1953125	12	0.0	0	0.63	0	0	V0.2	0	0	12	1	14	17	9	7	22	25	16	5	20	24	14	2	20	21	8	7	32	33	14	4	25	32	9	38	42	63	23	36	84	56	21	62	97	106	119	108	212	79	148	94	338	268	137	398	511	152	400	435	157	151	331	69	577	1000	978	854	504	245	8	261	198	204	214	165	169	32	65	145	124	32	41	102	103	43	29	69	70	36	40	70	65	33	32
64	170	1	2	119	0	1953125	12	0.0	0	0.63	0	0	V0.2	0	0	16	4	17	22	13	7	24	30	19	1	22	28	18	5	23	27	11	8	33	35	15	5	25	37	5	38	46	65	21	34	82	61	17	61	96	108	110	95	201	85	143	90	323	252	123	386	507	169	378	422	86	153	342	70	543	1000	950	813	502	270	2	258	199	208	201	156	153	33	66	136	116	27	38	96	93	37	24	63	63	32	33	62	57	28	27
64	170	1	2	119	0	1953125	12	0.0	0	0.63	0	0	V0.2	0	0	20	9	8	17	17	7	15	28	23	6	14	27	24	7	17	26	21	2	28	36	24	5	23	43	4	34	44	69	21	27	76	64	20	51	104	102	110	104	220	110	155	111	335	279	103	436	605	206	365	473	117	141	446	159	539	964	1000	951	580	351	82	292	222	212	227	180	159	20	70	148	130	23	53	105	96	35	35	73	66	32	49	71	58	27	39
64	170	1	2	119	0	1953125	12	0.0	0	0.63	0	0	V0.2	0	0	21	19	8	10	19	16	12	20	24	15	6	22	27	17	7	21	25	13	22	32	30	16	19	42	12	40	36	62	18	17	76	64	24	52	96	106	123	121	221	101	194	154	406	353	33	485	625	289	361	412	366	29	395	254	749	996	892	1000	752	493	219	232	209	162	226	206	189	31	84	145	136	29	54	114	100	33	48	74	63	34	59	77	57	32	50
64	170	1	2	119	0	1953125	12	0.0	0	0.63	0	0	V0.2	0	0	18	8	6	16	14	6	14	23	20	5	14	26	22	7	15	23	17	1	25	31	22	4	21	39	1	32	40	56	12	21	72	56	16	47	114	76	74	96	216	130	121	92	346	337	94	354	572	347	264	336	335	52	259	202	733	1000	853	742	686	414	210	171	121	118	182	180	163	34	82	134	116	27	43	100	94	32	34	68	61	32	45	67	56	25	39
64	170	1	2	119	0	1953125	12	0.0	0	0.62	0	0	V0.2	0	0	2	9	16	12	0	13	21	19	6	9	19	16	2	11	20	16	1	14	29	23	7	14	14	19	13	42	39	44	22	43	68	31	21	47	99	82	76	55	129	95	113	89	306	325	137	179	391	200	315	278	200	156	183	51	603	1000	831	563	428	239	115	155	95	127	171	129	133	31	66	119	104	29	27	82	88	40	17	58	63	38	25	54	55	32	20
64	170	1	2	119	0	1953125	12	0.0	0	0.63	0	0	V0.2	0	0	8	2	15	16	6	8	23	24	13	6	20	22	12	3	20	20	5	10	32	28	15	8	20	26	10	44	46	44	16	49	88	50	38	71	104	81	114	106	198	130	89	94	324	384	184	258	448	156	372	377	103	223	352	177	682	968	1000	869	550	338	173	129	106	130	236	204	140	11	82	140	121	23	53	108	97	33	36	74	68	35	44	70	62	27	37
64	170	1	2	119	0	1953125	12	0.0	0	0.63	0	0	V0.2	0	0	7	6	15	14	4	11	21	20	10	6	18	18	7	7	19	18	2	12	29	25	7	10	16	20	7	36	52	45	9	29	64	42	25	80	100	85	41	70	148	120	24	44	271	325	162	210	420	217	186	287	105	225	342	49	789	1000	704	608	382	280	152	123	34	142	160	176	123	31	89	120	91	4	54	89	79	24	35	66	55	24	42	60	49	20	35
64	170	1	2	119	0	1953125	12	0.0	0	0.62	0	0	V0.2	0	0	4	16	22	15	4	20	29	21	3	15	24	18	6	18	26	17	8	22	34	25	2	23	22	13	18	51	59	50	23	42	66	38	29	105	109	85	40	56	176	90	16	77	265	343	160	222	414	161	195	280	82	284	484	156	706	1000	743	625	285	193	124	120	59	151	184	175	97	20	79	120	95	5	55	90	75	26	29	64	57	22	35	58	52	22	26
64	170	1	2	119	0	1953125	12	0.0	0	0.63	0	0	V0.2	0	0	11	10	21	20	6	15	30	27	11	10	25	24	10	13	28	24	6	19	36	33	8	18	25	18	17	52	66	59	21	39	73	37	35	119	114	119	49	68	195	66	37	129	318	375	193	293	437	161	198	289	139	394	640	322	809	1000	822	795	271	211	136	98	52	204	230	212	103	24	93	126	96	11	79	102	74	19	45	69	53	19	53	66	49	24	40
64	170	1	2	119	0	1953125	12	0.0	0	0.63	0	0	V0.2	0	0	9	10	21	19	5	15	28	25	10	10	23	23	8	14	25	23	4	19	35	30	5	19	23	17	19	53	54	53	20	48	72	29	31	109	116	109	38	96	180	64	30	145	290	367	193	261	407	166	148	241	244	314	517	372	797	1000	683	673	375	240	210	64	27	192	195	208	103	49	91	106	83	13	71	98	68	14	48	63	45	18	49	62	42	20	39
64	170	1	2	119	0	1953125	12	0.0	0	0.63	0	0	V0.2	0	0	9	11	19	18	5	13	26	24	11	9	21	22	8	15	24	22	5	20	31	29	6	18	23	15	17	52	48	47	16	45	68	31	30	105	118	79	37	87	181	59	22	124	279	349	160	216	339	114	148	200	285	306	423	245	770	1000	490	491	326	215	200	17	53	199	172	166	89	51	93	87	56	18	63	85	53	11	43	52	32	19	43	51	31	18	35
64	170	1	2	119	0	1953125	12	0.0	0	0.63	0	0	V0.2	0	0	2	9	14	11	1	13	21	17	5	9	16	13	1	10	17	14	5	17	26	20	2	16	16	7	19	47	39	37	19	35	62	28	39	101	116	62	41	93	171	71	33	119	269	328	184	216	321	50	175	152	287	405	406	172	774	1000	543	390	246	132	186	38	61	223	178	149	90	46	102	87	57	21	67	86	57	17	49	59	38	23	51	57	39	24	40
64	170	1	2	119	0	1953125	12	0.0	0	0.63	0	0	V0.2	0	0	5	11	18	13	2	15	23	20	5	11	20	15	4	15	21	16	6	21	28	19	3	19	20	7	20	47	43	34	21	34	69	29	45	97	127	53	40	87	194	91	55	134	240	289	167	222	340	69	163	155	270	438	505	236	633	1000	540	257	157	77	167	27	92	232	195	116	66	49	103	83	43	29	66	76	45	16	48	52	31	23	46	48	30	21	38
64	170	1	2	119	0	1953125	12	0.0	0	0.63	0	0	V0.2	0	0	6	15	22	14	4	20	27	20	5	15	22	16	6	21	24	17	9	25	32	19	8	23	23	6	26	53	49	31	26	38	76	38	55	100	144	60	44	72	211	101	70	169	276	267	137	252	371	117	187	214	259	477	610	338	575	1000	603	289	144	76	151	9	89	259	226	99	59	47	110	85	41	36	75	76	44	21	52	54	28	26	50	51	31	23	40
64	170	1	2	119	0	1953125	12	0.0	0	0.63	0	0	V0.2	0	0	13	9	18	19	7	15	26	25	11	11	22	22	10	14	25	22	7	19	34	27	8	18	24	13	22	52	55	36	19	34	81	41	54	104	160	75	42	70	219	102	62	197	343	281	125	275	414	145	162	271	292	497	680	434	576	1000	680	345	135	76	187	23	75	288	263	103	44	61	119	85	37	49	86	74	40	30	58	53	26	38	55	48	28	33	44
64	170	1	2	119	0	1953125	12	0.0	0	0.63	0	0	V0.2	0	0	7	17	24	16	5	22	30	22	4	17	26	17	8	23	27	18	12	29	35	21	10	26	24	5	33	61	55	31	30	43	84	55	71	106	162	81	36	55	222	105	78	209	364	293	130	264	416	162	149	337	313	507	722	464	582	1000	670	330	151	108	197	12	85	296	269	108	44	62	127	94	42	49	91	83	45	26	62	61	29	32	58	57	32	29	45
64	170	1	2	119	0	1953125	12	0.0	0	0.63	0	0	V0.2	0	0	6	16	22	15	4	20	29	21	3	17	24	15	6	23	26	17	10	27	34	19	6	27	24	4	30	58	52	28	25	46	81	56	72	99	151	69	23	57	219	112	103	189	307	287	144	271	392	140	162	285	292	506	691	367	566	1000	599	247	180	129	174	16	122	290	247	103	44	59	121	90	37	50	84	80	42	27	59	59	27	32	55	52	29	28	44
64	170	1	2	119	0	1953125	12	0.0	0	0.63	0	0	V0.2	0	0	2	11	17	11	3	16	23	17	2	12	19	12	2	17	20	14	8	21	27	17	3	20	17	2	26	48	43	33	23	40	69	43	59	93	124	62	19	68	187	103	88	147	252	300	184	252	363	87	150	195	294	501	572	269	604	1000	529	203	171	76	188	35	130	252	210	120	56	61	115	88	41	43	78	79	48	25	57	57	30	30	54	52	31	27	44
64	170	1	2	119	0	1953125	12	0.0	0	0.63	0	0	V0.2	0	0	4	13	21	15	1	18	27	20	4	14	22	16	4	18	24	17	6	23	31	22	2	22	19	7	24	53	48	36	23	42	74	37	55	101	123	76	13	72	174	93	63	147	271	301	210	244	361	68	144	162	308	507	523	301	689	1000	534	264	138	75	208	66	131	231	194	137	62	68	114	84	44	37	74	81	48	21	55	55	28	26	53	52	29	23	40
64	170	1	2	119	0	1953125	12	0.0	0	0.62	0	0	V0.2	0	0	7	20	23	11	7	24	28	16	5	19	22	11	11	26	25	12	16	30	32	17	10	30	19	3	33	63	49	30	33	47	72	38	60	115	125	80	16	74	167	83	53	155	293	307	219	255	348	80	170	172	314	481	517	333	801	1000	558	376	172	133	213	77	118	222	194	156	81	59	111	90	60	22	71	92	60	10	50	62	42	16	48	60	41	16	35
64	170	1	2	119	0	1953125	12	0.0	0	0.62	0	0	V0.2	0	0	15	28	27	13	16	34	35	20	12	29	30	17	19	34	33	16	25	41	42	23	18	41	28	17	41	77	61	35	43	68	75	30	66	135	138	84	17	81	189	85	53	168	290	352	218	259	399	107	201	217	309	449	558	393	864	1000	626	436	189	177	235	66	127	195	196	162	77	63	98	80	57	36	63	79	49	14	38	46	28	6	36	43	27	3	23
64	170	1	2	119	0	1953125	12	0.0	0	0.62	0	0	V0.2	0	0	5	20	23	13	7	23	29	19	2	18	23	12	6	24	25	15	14	29	34	21	7	28	20	4	36	67	55	45	35	59	72	54	72	124	129	104	51	89	196	107	41	157	271	442	297	276	409	108	230	181	303	509	683	399	895	999	831	544	159	159	263	37	89	204	250	205	89	42	116	121	94	17	79	110	79	16	52	76	60	21	55	74	55	23	41
64	170	1	2	119	0	1953125	12	0.0	0	0.62	0	0	V0.2	0	0	17	17	11	9	19	22	18	7	9	16	17	8	10	21	21	16	12	20	25	23	12	16	28	25	32	38	33	58	45	28	39	78	82	89	71	108	92	86	126	69	92	140	230	423	345	307	359	57	185	80	233	331	632	323	935	999	779	474	219	117	192	109	134	104	155	154	129	85	24	52	104	84	40	29	57	62	48	19	24	46	45	22	11	36	44
64	170	1	2	119	0	1953125	12	0.0	0	0.62	0	0	V0.2	0	0	11	18	17	7	11	22	21	9	6	18	17	4	11	22	20	8	17	25	25	13	12	28	16	3	32	55	49	39	38	48	49	48	50	103	114	99	29	33	148	94	61	108	256	398	217	193	337	183	182	119	312	286	511	198	888	1000	677	414	293	191	226	108	78	142	187	168	97	22	94	115	96	0	56	91	79	27	32	70	63	25	34	61	60	29	25
64	170	1	2	119	0	1953125	12	0.0	0	0.62	0	0	V0.2	0	0	11	25	23	8	11	27	27	13	8	22	23	8	13	27	24	9	19	32	33	16	12	32	19	4	35	62	62	42	41	46	59	61	62	119	135	87	17	48	176	142	78	105	264	401	188	223	454	284	126	224	280	252	612	322	1000	940	644	605	434	299	281	79	52	118	197	196	112	27	98	119	101	10	50	96	87	30	29	71	66	27	30	60	62	29	22
64	170	1	2	119	0	1953125	12	0.0	0	0.62	0	0	V0.2	0	0	15	23	38	35	11	25	46	41	19	22	39	36	14	30	44	37	12	34	52	47	14	34	38	36	18	75	89	56	24	46	106	96	63	126	157	103	88	110	248	204	48	37	346	487	200	329	624	321	251	379	188	476	811	435	978	1000	996	903	453	325	323	9	20	144	265	233	117	42	103	139	111	20	59	108	88	19	38	73	59	16	36	64	57	16	26
64	170	1	2	119	0	1953125	12	0.0	0	0.62	0	0	V0.2	0	0	5	18	27	19	1	21	31	25	6	15	27	22	5	21	30	21	6	26	38	31	3	24	25	18	24	60	63	45	1	53	85	64	56	91	126	103	100	108	197	115	57	61	372	444	188	294	492	148	330	295	101	511	680	181	771	999	989	795	307	183	202	78	53	147	244	199	128	10	80	129	117	22	47	100	92	36	31	70	68	32	36	66	63	29	26
64	170	1	2	119	0	1953125	12	0.0	0	0.62	0	0	V0.2	0	0	15	7	7	17	19	12	7	17	23	16	2	15	22	16	2	17	26	21	11	14	30	25	12	13	44	40	31	26	42	57	40	31	65	89	116	63	77	115	151	47	46	105	355	366	196	249	426	132	300	178	149	376	489	24	816	1000	828	629	329	133	109	86	110	110	168	153	142	69	27	74	110	66	15	46	75	65	26	20	48	49	21	18	44	50	31
64	170	1	2	119	0	1953125	12	0.0	0	0.62	0	0	V0.2	0	0	14	13	26	25	9	14	31	31	15	12	28	27	13	18	30	29	8	20	39	36	12	21	24	28	3	47	62	57	3	37	64	54	12	75	135	86	85	54	151	97	71	63	327	363	145	159	378	217	300	159	226	313	303	137	774	1000	717	579	328	143	93	108	66	122	182	143	113	29	68	103	88	18	35	76	72	30	19	52	48	22	20	45	44	19	15
64	170	1	2	119	0	1953125	12	0.0	0	0.62	0	0	V0.2	0	0	4	12	19	15	1	14	24	22	6	10	21	18	4	13	22	19	0	17	31	26	5	16	16	20	13	43	52	45	5	29	59	51	25	70	127	73	81	59	140	104	55	72	307	326	126	188	403	232	266	147	225	248	261	194	784	1000	649	595	401	153	135	92	54	95	178	154	128	28	60	107	96	28	28	79	82	38	20	56	58	29	23	52	54	29	18
64	170	1	2	119	0	1953125	12	0.0	0	0.62	0	0	V0.2	0	0	4	11	21	16	3	14	26	23	8	9	21	20	4	12	23	20	1	17	33	27	8	15	17	22	13	44	53	47	1	23	62	49	24	66	128	72	86	62	146	110	63	77	324	328	106	231	447	250	254	165	240	195	258	220	785	1000	628	683	483	206	169	84	40	89	179	166	140	31	56	109	101	32	23	82	90	42	16	56	61	33	22	52	57	31	17
