34928	35048	35167	35286	35405	35524	35644	35763	35882	36001	36120	36240	36359	36478	36597	36716	36836	36955	37074	37193	37313	37432	37551	37670	37789	37909	38028	38147	38266	38385	38505	38624	38743	38862	38981	39101	39220	39339	39458	39577	39697	39816	39935	40054	40174	40293	40412	40531	40650	40770	40889	41008	41127	41246	41366	41485	41604	41723	41842	41962	42081	42200	42319	42439	42558	42677	42796	42915	43035	43154	43273	43392	43511	43631	43750	43869	43988	44107	44227	44346	44465	44584	44703	44823	44942
64	170	2	2	119	0	1953125	12	0.0	0	0.80	0	0	V0.2	0	0	758	760	763	763	769	770	779	783	783	777	775	767	761	754	752	751	753	758	761	764	764	765	760	759	767	783	782	801	829	815	830	837	831	858	841	870	866	843	899	849	899	861	895	862	830	859	834	899	854	753	880	1000	870	750	760	615	938	942	935	847	847	894	840	878	899	899	913	901	917	909	905	909	915	910	913	911	907	905	906	900	902	896	892	882	884
64	170	2	2	119	0	1953125	12	0.0	0	0.81	0	0	V0.2	0	0	10	57	54	15	67	50	19	58	32	29	43	22	47	35	30	37	20	44	23	41	55	8	74	63	50	113	49	75	100	55	64	112	31	145	124	78	253	280	292	506	472	401	468	314	322	582	715	674	491	394	337	775	559	825	877	797	781	999	624	319	449	373	481	451	230	236	157	51	105	141	72	138	133	77	109	76	42	86	46	46	74	29	46	55	32
64	170	2	2	119	0	1953125	12	0.0	0	0.98	0	0	V0.2	0	0	52	35	43	28	47	36	37	40	32	37	28	35	30	28	34	24	40	22	57	31	47	26	60	23	84	50	83	89	44	75	54	60	125	124	95	105	78	204	280	444	403	326	211	98	210	437	585	607	468	336	75	348	367	634	829	796	805	951	1000	668	262	144	160	299	236	260	134	182	110	130	78	116	113	87	78	33	58	45	61	33	56	26	42	24	36
64	170	2	2	119	0	1953125	12	0.0	7625	2.33	0	0	V0.2	0	0	30	24	25	25	25	23	25	19	17	21	15	16	13	19	11	14	16	25	26	22	21	46	29	46	54	35	49	54	52	88	3	14	94	26	65	9	140	187	151	126	329	170	317	146	23	276	541	551	41	393	342	393	275	201	418	643	329	547	1000	522	148	233	110	141	137	102	67	76	36	23	24	34	16	3	49	6	12	14	14	2	13	9	5	13	8
64	170	2	2	119	0	1953125	12	0.0	6948	2.21	0	0	V0.2	0	0	68	28	54	24	60	64	9	39	17	63	32	20	0	46	31	27	12	53	60	39	61	22	75	29	85	33	102	117	143	199	73	66	67	248	273	197	225	145	348	400	434	438	283	126	124	158	177	115	242	511	789	971	975	1000	804	522	260	63	220	276	376	358	280	281	137	114	68	106	125	44	87	7	94	56	57	46	47	82	53	76	35	41	41	41	40
64	170	2	2	119	0	1953125	12	0.0	7655	2.33	0	0	V0.2	0	0	57	16	40	27	34	39	10	42	22	29	24	14	36	20	22	35	20	22	26	30	55	30	11	58	12	53	12	66	41	112	94	93	51	240	204	213	22	88	54	178	270	365	404	218	109	125	170	192	222	388	572	885	934	935	1000	874	501	221	410	592	422	224	65	183	197	120	161	83	109	47	67	42	36	17	25	47	30	34	6	52	25	28	36	40	23
64	170	2	2	119	0	1953125	12	0.0	6962	2.21	0	0	V0.2	0	0	55	25	63	57	31	62	12	57	26	57	44	19	28	36	51	10	14	34	61	13	41	21	73	44	31	27	109	134	90	152	75	85	79	217	255	178	271	223	366	412	374	398	300	181	194	22	53	209	482	583	759	927	939	999	982	880	685	420	142	51	279	402	339	334	209	38	71	108	159	46	72	33	111	99	10	32	62	116	72	55	23	50	70	43	28
64	170	2	2	119	0	1953125	12	0.0	6867	2.20	0	0	V0.2	0	0	40	79	19	53	44	71	19	46	41	45	44	53	50	24	70	61	64	11	86	65	81	24	81	65	93	77	141	78	127	83	140	50	130	262	352	209	176	138	320	245	360	233	253	177	138	151	92	264	640	902	999	838	665	626	909	999	743	543	172	39	166	259	226	236	96	162	109	159	46	122	71	112	51	115	42	55	50	98	44	40	60	92	55	41	46
64	170	2	2	119	0	1953125	12	0.0	6887	2.20	0	0	V0.2	0	0	48	39	52	32	52	21	60	19	45	16	56	22	46	38	40	56	44	60	23	86	45	73	30	94	71	103	79	129	121	146	78	74	138	184	276	258	127	105	272	293	344	345	245	176	164	149	144	152	595	860	999	923	688	633	799	938	728	549	176	107	193	267	165	162	119	184	115	144	95	113	60	88	108	95	52	59	86	57	77	72	79	48	55	41	32
64	170	2	2	119	0	1953125	12	0.0	0	0.99	0	0	V0.2	0	0	397	408	442	416	372	318	333	329	269	223	195	217	187	126	109	172	204	193	208	283	335	386	351	385	503	531	499	472	641	586	603	605	539	640	761	565	673	715	688	678	831	586	569	735	410	386	373	948	976	489	761	735	1000	664	728	680	895	636	930	433	669	509	439	466	464	499	494	580	475	467	428	408	417	399	338	290	298	313	256	187	134	129	147	110	35
64	170	2	2	119	0	1953125	12	0.0	0	0.96	0	0	V0.2	0	0	218	192	222	193	227	196	224	193	226	196	228	186	225	190	229	181	226	184	228	186	225	180	239	175	244	189	239	195	256	206	239	261	221	369	104	273	243	325	82	418	174	332	274	265	225	436	142	603	346	201	296	218	232	317	171	829	710	752	1000	305	575	110	405	149	334	173	311	187	297	237	254	221	288	236	249	267	231	265	226	267	220	266	220	264	213
64	170	2	2	119	0	1953125	12	0.0	0	0.96	0	0	V0.2	0	0	218	192	222	193	227	196	224	193	226	196	228	186	225	190	229	181	226	184	228	186	225	180	239	175	244	189	239	195	256	206	239	261	221	369	104	273	243	325	82	418	174	332	274	265	225	436	142	603	346	201	296	218	232	317	171	829	710	752	1000	305	575	110	405	149	334	173	311	187	297	237	254	221	288	236	249	267	231	265	226	267	220	266	220	264	213
64	170	2	2	119	0	1953125	12	0.0	0	0.96	0	0	V0.2	0	0	33	37	22	39	12	36	12	40	9	38	19	40	18	38	32	48	27	45	27	54	28	76	40	92	45	89	48	94	88	100	108	84	169	104	137	36	88	128	254	304	209	165	90	52	194	454	565	622	388	231	65	249	314	489	606	872	955	1000	960	649	400	299	140	176	98	127	61	111	59	88	48	70	68	95	102	62	78	37	66	44	63	37	49	42	48
64	170	2	2	119	0	1953125	12	0.0	0	0.80	0	0	V0.2	0	0	332	318	355	323	332	358	321	352	343	322	355	319	330	352	312	346	330	317	358	301	344	336	314	360	335	314	405	284	374	415	281	434	336	356	407	289	466	558	268	533	647	79	594	464	213	767	549	753	693	186	380	817	352	570	889	353	1000	408	706	481	149	506	576	228	513	404	286	463	412	344	470	337	434	446	330	439	398	350	429	363	395	413	361	417	382
64	170	2	2	119	0	1953125	12	0.0	0	0.80	0	0	V0.2	0	0	301	280	319	290	297	323	283	313	309	285	319	288	294	319	275	308	297	281	320	268	307	311	271	327	304	270	370	252	325	399	225	380	346	282	344	321	352	537	192	532	597	66	493	527	88	666	347	673	657	166	422	807	438	593	999	211	692	179	441	571	59	553	543	140	491	380	239	427	396	287	428	322	377	398	300	390	359	311	387	335	350	375	328	369	345
64	170	2	2	119	0	1953125	12	0.0	0	0.80	0	0	V0.2	0	0	11	52	41	15	52	33	17	42	17	27	32	16	41	28	26	32	24	48	29	46	68	14	59	80	30	101	96	55	130	131	99	157	100	41	131	118	88	282	332	427	423	346	247	456	371	407	544	556	376	345	376	453	892	857	999	463	248	377	289	371	382	326	284	306	179	75	161	160	124	130	124	52	55	74	41	69	68	44	69	52	24	61	42	19	48
64	170	2	2	119	0	1953125	12	0.0	0	0.80	0	0	V0.2	0	0	29	29	51	21	33	47	11	31	33	10	30	21	29	35	22	39	27	42	48	25	68	49	27	94	79	67	128	59	78	170	127	118	162	149	145	226	129	212	424	379	403	335	291	421	520	357	508	406	136	288	530	629	990	1000	989	610	494	275	431	429	273	352	248	256	175	159	141	188	211	116	141	129	37	82	82	36	84	68	45	75	45	44	71	33	34
64	170	1	2	119	0	1953125	12	0.0	0	0.80	0	0	V0.2	0	0	14	35	43	6	39	40	4	35	25	15	31	12	26	28	21	31	12	36	30	20	55	34	37	88	42	93	96	17	103	137	78	147	175	135	215	230	94	208	263	297	297	260	258	477	436	249	233	252	154	174	325	497	909	1000	980	750	599	271	504	340	210	157	115	204	124	130	142	180	142	114	141	106	59	80	51	39	52	29	51	61	24	48	57	19	35
64	170	1	2	119	0	1953125	12	0.0	7842	2.37	0	0	V0.2	0	0	42	33	31	42	33	30	23	27	32	22	14	32	27	20	20	44	31	39	31	53	65	38	39	94	58	62	28	65	51	70	35	12	203	171	227	204	130	272	284	216	99	97	407	626	534	365	384	602	587	288	227	678	788	1000	510	668	671	433	989	565	246	192	157	199	123	76	126	33	126	42	21	68	60	36	78	33	14	29	42	38	12	20	34	25	22
64	170	1	2	119	0	1953125	12	0.0	0	0.99	0	0	V0.2	0	0	363	326	347	363	341	294	265	256	260	222	170	141	157	133	96	130	161	201	195	221	296	305	340	354	350	443	441	462	476	434	522	611	517	480	591	470	429	600	593	432	763	616	421	288	539	580	432	500	235	831	309	747	345	611	1000	827	168	165	341	569	312	541	440	556	457	386	407	392	424	420	322	304	339	343	309	253	218	222	231	199	130	114	116	109	79
64	170	1	2	119	0	1953125	12	0.0	0	0.97	0	0	V0.2	0	0	263	302	270	304	267	304	276	306	269	299	271	307	266	295	266	300	265	295	260	299	266	303	258	313	255	335	269	317	293	326	298	371	304	370	506	195	355	286	576	58	594	138	566	174	479	137	949	495	1000	665	242	450	538	627	373	354	529	542	382	424	292	326	352	393	215	485	220	408	263	397	299	373	273	405	305	347	316	373	301	354	319	345	315	347	315
64	170	1	2	119	0	1953125	12	0.0	0	0.96	0	0	V0.2	0	0	308	293	306	300	306	305	308	304	299	311	298	316	281	313	286	322	271	317	270	330	265	336	248	361	241	380	235	381	255	389	254	436	204	481	404	340	313	397	588	167	623	158	505	198	497	304	963	439	1000	512	243	310	758	535	889	642	632	739	174	483	389	303	392	412	267	526	223	437	298	428	300	413	303	423	337	363	358	378	341	364	362	345	364	346	364
64	170	2	2	119	0	1953125	12	0.0	0	0.96	0	0	V0.2	0	0	22	50	33	41	38	35	39	33	52	22	46	26	43	25	45	39	50	34	58	44	77	52	110	51	119	52	128	60	102	73	96	121	189	265	192	209	99	287	366	398	335	180	209	112	214	439	721	652	612	391	76	109	516	815	969	999	908	806	577	389	335	78	44	97	200	156	194	111	82	40	99	90	83	103	80	111	30	64	31	79	49	63	41	46	48
64	170	2	2	119	0	1953125	12	0.0	0	0.96	0	0	V0.2	0	0	17	45	28	39	32	33	33	33	47	22	41	25	36	24	43	37	42	36	53	41	69	50	98	47	107	47	118	47	94	59	92	106	178	231	176	209	104	266	303	324	272	163	170	113	215	479	670	560	518	312	88	160	380	664	890	1000	927	807	599	426	368	117	37	96	166	136	168	89	74	24	85	64	77	82	73	89	24	55	27	67	37	55	34	41	39
64	170	2	2	119	0	1953125	12	0.0	7495	2.31	0	0	V0.2	0	0	41	39	28	36	34	40	18	34	32	24	19	26	24	26	8	36	34	40	32	54	53	44	43	66	60	33	37	70	31	66	5	88	180	135	165	123	67	310	290	275	301	212	272	163	318	719	847	803	548	576	162	627	88	772	999	663	954	517	223	577	592	267	170	92	247	127	45	125	69	51	26	49	58	28	28	53	39	20	37	45	16	15	33	19	27
64	170	2	2	119	0	1953125	12	0.0	7756	2.35	0	0	V0.2	0	0	48	48	26	59	13	63	12	44	27	51	14	17	20	25	32	32	37	28	14	42	44	29	81	50	87	32	88	66	33	214	238	143	53	290	389	582	532	482	269	165	447	675	443	241	186	364	154	447	627	661	259	540	825	736	171	565	980	1000	553	111	427	432	287	197	220	104	149	70	107	59	73	83	26	130	79	68	34	113	45	44	36	38	39	41	41
64	170	2	2	119	0	1953125	12	0.0	7661	2.33	0	0	V0.2	0	0	35	43	67	80	37	15	68	57	49	34	75	24	61	60	76	34	69	91	81	63	102	128	110	81	101	101	55	224	246	294	225	101	144	334	472	574	683	403	197	380	602	456	364	46	189	124	184	447	598	463	341	748	931	709	346	463	905	1000	688	248	382	586	531	401	235	152	83	47	143	192	44	0	134	134	20	74	128	120	25	90	108	85	44	108	110
64	170	2	2	119	0	1953125	12	0.0	7686	2.34	0	0	V0.2	0	0	63	12	82	29	53	7	47	32	50	6	16	55	34	39	15	51	5	25	63	65	37	43	100	73	63	41	60	97	239	210	253	97	164	213	415	345	470	397	183	225	467	398	286	113	149	336	353	498	544	477	562	938	1000	696	380	466	770	720	371	157	505	489	346	197	144	79	41	40	152	98	37	32	78	54	99	59	51	51	98	45	7	79	92	34	21
64	170	2	2	119	0	1953125	12	0.0	7741	2.35	0	0	V0.2	0	0	46	15	60	28	46	21	31	40	25	23	19	48	10	39	25	43	17	25	59	46	44	35	79	52	70	55	48	138	202	162	216	112	105	215	398	354	457	343	151	180	328	228	173	100	174	411	447	498	420	386	609	963	1000	698	549	528	667	589	286	108	311	231	103	84	204	102	62	26	125	78	28	6	55	45	74	29	44	39	51	8	5	46	53	24	30
64	170	2	2	119	0	1953125	12	0.0	7601	2.32	0	0	V0.2	0	0	59	64	36	62	80	55	38	41	70	72	33	36	54	62	17	30	100	60	67	29	116	75	67	91	96	101	68	249	348	187	231	162	224	353	700	690	790	687	274	175	495	526	338	339	305	568	418	209	347	831	978	999	863	402	431	765	836	942	555	179	310	386	258	53	138	247	126	86	51	207	128	68	52	123	93	68	64	90	70	56	55	64	26	81	101
64	170	2	2	119	0	1953125	12	0.0	7700	2.34	0	0	V0.2	0	0	63	46	56	37	63	37	41	27	40	50	6	32	40	60	36	24	53	20	66	16	98	32	113	7	98	29	77	139	106	286	194	87	170	459	543	787	667	488	178	344	525	690	464	180	293	577	481	155	265	554	601	374	152	311	717	1000	937	845	351	155	413	520	300	98	53	159	50	102	90	147	27	86	17	64	79	50	20	22	79	30	56	45	75	36	25
64	170	2	2	119	0	1953125	12	0.0	6092	2.07	0	0	V0.2	0	0	110	76	29	85	41	55	105	59	70	112	73	58	82	36	57	63	46	107	94	69	137	101	60	146	92	113	236	190	201	355	326	255	400	432	303	422	514	377	440	558	482	436	558	484	354	377	393	224	349	375	368	550	669	784	710	999	859	780	801	780	674	517	538	353	177	190	126	67	190	158	143	228	202	104	145	122	30	96	95	85	138	146	121	125	117
64	170	2	2	119	0	1953125	12	0.0	6092	2.07	0	0	V0.2	0	0	110	76	29	85	41	55	105	59	70	112	73	58	82	36	57	63	46	107	94	69	137	101	60	146	92	113	236	190	201	355	326	255	400	432	303	422	514	377	440	558	482	436	558	484	354	377	393	224	349	375	368	550	669	784	710	999	859	780	801	780	674	517	538	353	177	190	126	67	190	158	143	228	202	104	145	122	30	96	95	85	138	146	121	125	117
64	170	2	2	119	0	1953125	12	0.0	0	0.81	0	0	V0.2	0	0	204	193	183	178	178	178	194	179	170	143	121	80	51	13	35	63	96	125	115	133	125	157	164	181	250	266	311	365	416	382	333	359	325	342	361	384	452	521	526	463	517	463	524	336	277	313	356	628	788	701	437	625	836	1000	748	191	825	769	847	212	621	353	418	516	259	230	168	301	229	280	235	255	247	219	208	172	177	165	144	128	128	110	126	110	88
64	170	2	2	119	0	1953125	12	0.0	0	0.79	0	0	V0.2	0	0	330	306	304	336	303	326	333	302	341	319	302	342	295	309	328	282	335	322	283	357	293	310	350	270	330	373	247	396	352	265	409	326	355	410	262	415	435	177	553	694	38	503	463	261	468	274	636	731	35	630	624	268	657	1000	380	897	611	670	782	183	511	534	146	473	460	233	444	469	219	463	418	305	438	350	353	435	316	387	410	319	408	377	332	406	344
64	170	2	2	119	0	1953125	12	0.0	0	0.79	0	0	V0.2	0	0	298	270	311	295	288	319	283	303	311	273	309	293	272	314	274	295	316	257	312	296	260	327	264	286	349	252	331	351	254	339	332	271	420	253	335	482	193	302	616	283	436	448	197	389	332	300	856	404	477	771	255	364	706	427	494	738	312	1000	437	435	563	203	320	541	172	417	425	269	370	417	278	407	335	312	411	311	346	400	304	368	364	306	373	333	325
64	170	2	2	119	0	1953125	12	0.0	0	0.80	0	0	V0.2	0	0	31	38	62	24	37	52	9	43	43	10	43	29	25	34	19	42	31	39	51	23	64	43	39	93	69	55	140	70	92	103	35	149	209	109	254	321	209	259	405	346	362	324	293	329	372	535	864	939	609	735	570	388	454	347	376	813	880	1000	862	485	381	279	245	182	304	225	98	103	102	45	112	97	99	138	94	67	118	79	43	87	57	39	61	37	50
64	170	1	2	119	0	1953125	12	0.0	0	0.97	0	0	V0.2	0	0	36	41	34	39	46	25	39	22	38	15	35	22	34	17	25	31	28	37	41	36	44	32	43	54	77	33	78	7	82	10	112	64	217	151	134	126	98	197	331	412	282	283	258	207	235	456	686	918	745	681	472	98	66	216	511	741	777	970	1000	794	502	468	161	138	98	180	75	148	107	160	107	78	82	99	117	63	95	38	75	46	76	40	52	43	54
64	170	1	2	119	0	1953125	12	0.0	0	0.98	0	0	V0.2	0	0	289	303	297	309	297	310	299	311	300	307	296	309	293	309	289	300	299	298	290	305	286	308	297	302	286	335	284	350	290	343	340	334	227	467	332	319	391	425	299	474	437	403	563	278	492	551	179	917	717	505	721	252	626	43	654	327	555	233	999	261	720	326	478	299	441	254	442	246	463	305	375	332	402	325	369	351	366	337	363	339	360	338	356	332	354
64	170	2	2	119	0	1953125	12	0.0	6793	2.19	0	0	V0.2	0	0	34	42	36	35	43	31	37	32	34	24	35	24	23	24	42	20	42	13	41	24	25	28	57	42	44	76	85	67	107	26	100	118	102	124	271	172	307	185	430	245	429	79	661	438	136	240	495	772	459	659	336	621	452	742	1000	500	768	807	831	696	164	539	319	111	193	140	178	79	98	63	22	20	55	24	27	15	22	20	25	1	22	21	28	5	17
64	170	2	2	119	0	1953125	12	0.0	6787	2.18	0	0	V0.2	0	0	63	44	55	14	64	16	78	37	66	5	72	41	50	41	67	43	14	72	49	60	11	108	45	92	12	64	52	102	53	83	112	125	205	188	261	286	307	370	509	623	468	353	140	318	238	173	42	67	244	536	812	999	833	910	914	951	656	211	382	663	604	433	184	219	136	141	150	277	153	103	71	161	54	94	61	99	37	120	84	75	44	98	69	60	75
64	170	2	2	119	0	1953125	12	0.0	6803	2.19	0	0	V0.2	0	0	87	25	41	40	71	30	47	56	64	31	40	60	28	49	45	58	26	49	54	47	72	73	90	74	57	35	88	19	135	40	111	145	269	199	365	260	366	324	653	639	651	356	154	243	397	211	107	104	236	560	875	922	896	860	1000	847	478	102	604	748	724	454	189	240	176	107	250	272	180	97	135	126	77	45	116	50	87	88	123	42	78	81	84	44	83
64	170	2	2	119	0	1953125	12	0.0	6828	2.19	0	0	V0.2	0	0	44	80	15	51	34	53	38	31	51	12	40	18	56	27	33	18	45	46	13	20	55	93	38	88	72	52	39	56	99	61	88	102	247	200	206	285	277	478	502	485	542	370	238	168	225	339	236	121	149	446	643	856	1000	998	709	482	145	330	421	566	646	464	337	197	63	201	171	242	163	69	93	44	110	34	69	45	91	105	52	69	36	77	77	68	60
64	170	2	2	119	0	1953125	12	0.0	0	0.82	0	0	V0.2	0	0	686	687	689	698	705	707	704	705	703	697	694	693	690	688	689	687	685	685	686	685	682	679	693	699	708	705	728	728	725	724	737	753	793	753	772	801	799	754	812	749	705	881	806	797	815	745	690	808	782	808	783	614	775	621	1000	761	640	753	797	716	826	793	812	806	795	794	818	794	818	812	835	833	832	828	823	820	819	816	817	820	821	812	811	806	802
64	170	2	2	119	0	1953125	12	0.0	0	0.81	0	0	V0.2	0	0	52	19	44	43	16	44	23	24	41	7	34	34	10	33	21	31	25	24	42	6	50	48	28	68	25	57	54	20	104	85	102	166	95	49	148	126	101	229	310	411	181	126	338	459	286	208	127	184	336	389	547	795	767	898	1000	518	746	625	305	521	476	474	505	403	177	157	242	194	217	180	89	104	65	49	92	57	49	80	35	42	48	21	43	32	28
64	170	1	2	119	0	1953125	12	0.0	6803	2.19	0	0	V0.2	0	0	31	31	37	31	31	24	29	34	19	21	22	27	18	20	27	21	26	13	30	30	26	44	33	59	42	87	56	35	80	33	69	83	109	54	139	129	206	271	345	320	264	78	532	405	349	112	175	421	203	581	341	693	576	654	1000	203	753	719	317	410	163	557	350	261	141	96	153	65	79	79	37	33	56	6	20	13	29	25	22	6	17	28	25	2	16
64	170	1	2	119	0	1953125	12	0.0	0	0.98	0	0	V0.2	0	0	266	279	283	261	238	212	212	197	186	133	128	133	118	91	91	102	137	129	152	210	236	213	249	268	321	297	345	350	335	406	371	344	465	344	401	418	379	401	307	488	344	538	315	425	307	530	292	294	478	162	444	780	302	1000	248	638	517	277	538	610	322	294	272	324	404	337	237	293	278	279	296	243	225	218	249	230	171	156	157	165	130	93	60	73	84
64	170	2	2	119	0	1953125	12	0.0	6868	2.20	0	0	V0.2	0	0	36	25	33	39	33	19	28	30	17	8	15	19	11	6	27	11	15	8	26	17	18	24	27	77	42	37	52	67	79	77	45	63	241	141	190	220	263	304	350	404	449	204	605	501	291	170	407	1000	324	741	538	568	627	708	149	512	464	661	606	602	62	692	292	280	126	132	147	92	10	68	42	43	52	44	51	5	41	34	28	13	23	33	18	3	13
64	170	2	2	119	0	1953125	12	0.0	0	0.98	0	0	V0.2	0	0	323	325	295	287	268	266	264	229	182	179	157	154	96	116	117	130	118	149	204	220	232	261	292	337	339	351	393	407	404	461	413	430	498	452	490	305	720	310	387	449	309	532	263	603	322	577	327	497	386	221	608	956	315	1000	200	738	621	154	665	822	325	256	287	415	497	343	244	335	340	340	345	277	246	279	281	237	183	175	204	188	152	73	97	99	86
64	170	2	2	119	0	1953125	12	0.0	0	0.81	0	0	V0.2	0	0	33	29	58	19	41	60	15	45	51	5	39	35	28	34	19	42	25	36	48	14	51	30	23	61	24	87	124	30	115	136	49	181	152	176	250	203	199	433	618	478	557	319	169	161	208	466	888	927	634	718	342	314	480	621	644	850	870	1000	589	434	377	315	177	136	256	109	146	140	80	65	104	44	113	115	42	79	83	20	58	49	21	59	35	31	55
64	170	2	2	119	0	1953125	12	0.0	0	0.80	0	0	V0.2	0	0	372	339	376	364	341	385	361	358	387	347	371	377	335	373	362	338	379	337	357	383	326	375	369	334	405	343	371	439	321	372	486	285	493	375	398	523	361	148	803	600	254	625	455	268	620	247	731	921	3	720	620	213	667	1000	291	927	598	618	812	422	478	587	312	346	506	343	456	513	345	452	463	371	475	409	391	479	393	413	461	394	441	433	387	438	400
64	170	2	2	119	0	1953125	12	0.0	0	0.80	0	0	V0.2	0	0	303	326	328	300	342	319	312	344	309	333	335	302	341	310	305	335	292	333	321	298	351	307	315	349	281	373	308	316	406	314	325	422	308	412	311	343	431	418	336	759	268	363	582	365	367	548	257	898	251	446	565	455	466	1000	433	766	653	410	751	501	382	575	244	338	443	300	421	448	266	447	397	340	417	337	382	405	331	411	381	354	410	351	374	384	340
64	170	2	2	119	0	1953125	12	0.0	0	0.80	0	0	V0.2	0	0	276	249	273	273	247	281	263	257	283	251	271	274	246	280	258	252	278	239	271	266	240	282	253	263	296	221	310	271	235	347	276	281	312	254	298	312	230	472	443	234	544	285	165	445	333	362	479	258	519	306	92	601	583	419	1000	201	655	533	39	595	349	212	494	351	263	389	260	298	411	236	334	346	286	361	306	300	350	274	318	325	281	333	304	302	330
64	170	2	2	119	0	1953125	12	0.0	0	0.81	0	0	V0.2	0	0	24	25	40	12	31	40	0	34	27	12	35	18	20	30	21	26	13	29	29	17	44	25	29	53	10	81	60	32	105	106	84	133	62	33	103	89	98	316	348	380	286	101	223	361	262	272	372	428	332	172	222	428	646	816	1000	685	529	561	480	444	398	335	297	284	159	82	171	118	106	130	74	54	64	41	59	66	32	60	54	13	49	43	9	40	31
64	170	2	2	119	0	1953125	12	0.0	0	0.81	0	0	V0.2	0	0	37	18	25	32	10	32	23	11	29	12	20	25	4	20	14	19	16	6	26	9	22	34	7	40	17	49	41	18	76	73	68	105	74	33	141	134	97	243	245	288	204	100	249	405	243	265	290	313	212	136	184	321	605	735	1000	542	471	420	395	357	407	304	291	283	157	74	146	89	90	90	32	48	37	11	55	44	18	50	29	14	32	12	20	24	15
64	170	2	2	119	0	1953125	12	0.0	0	0.96	0	0	V0.2	0	0	15	41	12	44	4	48	11	46	17	41	25	40	27	39	26	40	26	50	34	67	44	63	43	63	53	76	83	73	112	36	80	23	150	136	239	196	160	201	164	179	74	226	391	473	327	342	286	346	281	281	413	625	830	1000	945	560	361	320	214	255	267	221	196	250	130	41	36	84	80	103	110	62	78	28	64	33	63	30	51	41	46	41	37	45	40
64	170	2	2	119	0	1953125	12	0.0	0	0.96	0	0	V0.2	0	0	15	41	12	44	4	48	11	46	17	41	25	40	27	39	26	40	26	50	34	67	44	63	43	63	53	76	83	73	112	36	80	23	150	136	239	196	160	201	164	179	74	226	391	473	327	342	286	346	281	281	413	625	830	1000	945	560	361	320	214	255	267	221	196	250	130	41	36	84	80	103	110	62	78	28	64	33	63	30	51	41	46	41	37	45	40
64	170	2	2	119	0	1953125	12	0.0	0	0.96	0	0	V0.2	0	0	8	46	12	47	18	43	26	38	35	31	36	35	37	32	34	38	34	45	51	55	61	44	65	42	77	56	111	49	114	61	68	22	161	175	212	229	114	196	123	172	72	283	428	503	389	284	272	315	316	196	398	589	775	1000	802	467	169	195	104	134	233	294	215	249	172	11	8	76	117	80	121	59	70	41	60	53	54	54	39	59	38	51	29	51	42
64	170	1	2	119	0	1953125	12	0.0	0	0.96	0	0	V0.2	0	0	8	38	12	37	19	36	26	31	32	25	33	28	34	24	32	33	33	37	46	47	58	37	60	30	69	43	96	42	96	59	53	23	134	153	182	201	110	180	116	128	24	225	357	441	339	233	242	292	268	139	351	598	759	999	805	528	262	250	173	172	212	248	190	219	162	25	12	62	100	70	110	62	63	44	49	48	43	47	31	52	29	44	25	42	38
64	170	1	2	119	0	1953125	12	0.0	0	0.96	0	0	V0.2	0	0	9	35	14	34	17	32	24	29	29	22	30	26	31	23	29	30	30	33	40	43	54	36	58	25	64	39	91	40	93	61	48	27	111	137	152	171	86	167	113	104	42	224	340	435	334	225	267	309	232	51	287	596	742	1000	776	521	307	317	241	204	214	236	204	238	183	54	35	42	84	61	108	61	66	49	50	53	40	48	30	52	30	44	22	41	37
64	170	1	2	119	0	1953125	12	0.0	0	0.96	0	0	V0.2	0	0	28	19	31	17	34	9	37	8	37	10	34	20	33	18	34	24	38	19	49	31	59	28	58	32	59	49	75	78	52	90	25	53	50	163	126	142	121	142	181	66	12	198	362	379	340	243	332	352	187	51	308	657	710	1000	729	501	415	403	361	262	187	214	235	214	190	103	16	13	76	75	78	95	42	76	36	65	33	50	36	47	41	33	35	32	42
64	170	1	2	119	0	1953125	12	0.0	0	0.81	0	0	V0.2	0	0	44	6	46	37	14	52	32	18	45	19	27	32	21	35	23	29	34	19	38	18	41	45	13	73	65	52	97	40	68	153	122	151	132	47	85	135	47	309	390	311	327	165	172	394	334	412	638	542	439	458	525	753	736	1000	645	616	637	825	615	423	508	517	443	399	286	130	133	167	119	126	144	65	90	95	50	83	69	38	66	41	28	55	23	33	49
64	170	1	2	119	0	1953125	12	0.0	0	0.81	0	0	V0.2	0	0	44	6	46	37	14	52	32	18	45	19	27	32	21	35	23	29	34	19	38	18	41	45	13	73	65	52	97	40	68	153	122	151	132	47	85	135	47	309	390	311	327	165	172	394	334	412	638	542	439	458	525	753	736	1000	645	616	637	825	615	423	508	517	443	399	286	130	133	167	119	126	144	65	90	95	50	83	69	38	66	41	28	55	23	33	49
64	170	1	2	119	0	1953125	12	0.0	0	0.80	0	0	V0.2	0	0	285	256	292	276	265	301	268	283	294	259	294	273	261	299	259	277	287	249	294	263	266	300	245	294	305	228	341	261	275	371	232	343	353	235	352	306	276	511	319	344	536	219	283	497	149	638	501	424	714	410	146	801	515	430	730	407	1000	540	571	672	281	356	653	322	341	404	227	374	375	242	419	305	317	399	273	346	355	273	356	322	306	355	299	334	333
64	170	1	2	119	0	1953125	12	0.0	0	0.80	0	0	V0.2	0	0	14	48	31	17	46	24	20	40	18	29	31	19	34	23	23	31	26	40	25	40	51	20	59	60	22	84	79	59	106	73	73	156	97	115	136	83	147	268	272	304	337	111	144	103	167	507	649	605	513	401	311	437	361	429	521	835	991	1000	690	418	409	345	295	275	177	94	137	101	91	140	121	82	115	92	64	90	70	55	68	39	41	60	30	39	53
64	170	1	2	119	0	1953125	12	0.0	0	0.80	0	0	V0.2	0	0	20	42	21	22	38	13	22	32	12	28	24	17	29	16	19	26	21	30	18	38	37	19	52	40	15	64	53	63	93	31	55	122	73	136	133	110	175	210	181	233	276	142	225	57	144	485	586	546	465	289	160	213	146	164	451	828	999	907	615	337	303	226	194	173	107	100	125	68	77	112	87	76	107	68	59	79	51	43	54	29	39	44	21	41	42
64	170	1	2	119	0	1953125	12	0.0	0	0.98	0	0	V0.2	0	0	41	26	35	27	32	25	32	28	30	31	25	25	30	28	31	18	28	12	41	15	52	24	50	20	39	13	65	41	38	39	75	43	151	165	162	202	89	81	88	198	180	259	265	233	114	370	456	594	465	451	367	368	296	156	405	846	1000	753	592	389	324	411	356	271	49	130	150	167	65	92	26	90	53	98	41	58	23	49	21	35	20	26	19	26	13
64	170	1	2	119	0	1953125	12	0.0	0	0.98	0	0	V0.2	0	0	41	26	35	27	32	25	32	28	30	31	25	25	30	28	31	18	28	12	41	15	52	24	50	20	39	13	65	41	38	39	75	43	151	165	162	202	89	81	88	198	180	259	265	233	114	370	456	594	465	451	367	368	296	156	405	846	1000	753	592	389	324	411	356	271	49	130	150	167	65	92	26	90	53	98	41	58	23	49	21	35	20	26	19	26	13
64	170	1	2	119	0	1953125	12	0.0	6147	2.07	0	0	V0.2	0	0	31	19	16	22	19	16	5	2	16	17	12	8	8	20	23	14	20	12	12	13	35	29	31	59	31	20	23	39	90	94	39	49	53	169	146	210	379	101	352	224	456	317	788	495	361	544	151	593	421	827	316	749	517	570	308	867	1000	340	489	854	417	652	426	365	161	175	167	123	87	65	55	47	32	52	67	11	31	17	52	22	18	24	33	11	17
64	170	1	2	119	0	1953125	12	0.0	6222	2.09	0	0	V0.2	0	0	81	26	46	69	79	30	26	80	47	45	39	73	3	66	72	54	56	72	91	16	108	64	91	53	152	44	59	158	227	72	81	205	236	30	41	222	140	297	339	461	327	417	460	339	91	503	632	744	455	714	953	1000	672	475	791	873	891	517	404	199	182	323	256	200	112	159	106	149	130	202	104	81	68	127	20	94	58	74	32	90	46	38	70	87	44
64	170	2	2	119	0	1953125	12	0.0	6295	2.10	0	0	V0.2	0	0	80	30	38	80	63	40	5	88	34	46	35	69	16	51	76	37	66	65	101	12	108	66	92	98	166	76	58	193	202	139	100	282	262	164	65	186	95	341	369	545	402	506	426	300	74	626	805	1000	698	803	915	968	692	600	799	749	764	388	366	412	375	476	337	270	112	199	130	194	95	152	28	116	67	125	23	110	75	86	79	120	76	61	82	89	49
64	170	2	2	119	0	1953125	12	0.0	6902	2.20	0	0	V0.2	0	0	23	45	30	48	43	15	46	24	49	19	9	55	4	13	34	21	40	41	8	71	13	32	80	21	98	77	88	104	99	111	38	182	96	115	96	120	107	143	235	493	497	613	444	237	204	544	530	515	309	449	638	797	779	875	1000	729	307	363	631	728	627	605	290	114	189	144	80	92	137	49	56	65	31	86	43	67	63	11	60	11	35	59	28	36	31
64	170	2	2	119	0	1953125	12	0.0	7624	2.33	0	0	V0.2	0	0	24	34	29	3	36	29	30	31	7	33	23	20	42	26	29	28	26	44	32	20	51	9	34	33	39	20	72	42	99	31	82	43	78	193	115	108	25	100	97	250	375	323	284	233	135	231	587	665	361	177	631	792	947	1000	839	249	194	379	379	376	521	454	268	166	105	27	67	28	13	75	37	65	29	19	45	18	32	32	31	53	29	52	53	37	40
64	170	2	2	119	0	1953125	12	0.0	0	0.82	0	0	V0.2	0	0	721	725	725	729	733	738	739	742	741	737	731	727	725	724	721	720	726	720	720	721	717	728	726	733	733	746	756	758	774	778	786	801	780	817	834	807	848	797	861	830	777	840	887	836	810	791	820	929	766	762	802	910	730	999	612	793	899	856	771	735	840	817	789	848	859	871	857	856	853	846	861	867	869	874	874	866	862	855	851	851	842	852	852	851	845
64	170	2	2	119	0	1953125	12	0.0	0	0.81	0	0	V0.2	0	0	35	57	18	42	48	4	51	42	15	54	31	22	43	31	38	24	40	37	8	51	39	29	72	24	86	94	21	96	84	40	192	138	104	149	103	55	209	257	463	471	172	224	293	327	354	394	483	520	481	658	829	944	641	789	651	278	743	1000	852	847	634	630	658	490	227	135	148	104	190	156	121	154	91	81	118	76	68	101	54	56	69	29	52	53	31
64	170	2	2	119	0	1953125	12	0.0	0	0.81	0	0	V0.2	0	0	37	23	49	23	30	45	9	34	37	10	39	25	22	34	27	35	18	32	31	10	49	39	39	76	27	86	70	10	75	113	77	167	111	61	109	112	72	321	350	409	267	131	128	352	260	367	550	387	504	699	757	754	634	692	488	281	652	1000	721	631	611	620	521	475	245	61	159	127	101	177	121	92	116	74	74	95	46	71	79	24	60	55	16	49	45
64	170	2	2	119	0	1953125	12	0.0	5589	1.98	0	0	V0.2	0	0	38	35	48	38	29	30	35	32	14	17	25	29	14	19	31	20	20	28	31	52	18	38	65	81	28	97	43	54	63	66	131	61	108	72	200	119	340	399	303	374	360	281	661	592	484	348	353	808	175	632	582	1000	795	932	671	283	306	708	715	498	271	783	428	425	109	91	219	71	25	100	11	47	34	40	44	22	46	24	47	13	36	38	40	7	26
64	170	2	2	119	0	1953125	12	0.0	0	0.98	0	0	V0.2	0	0	311	331	300	264	256	254	253	228	170	154	174	150	115	75	110	134	103	114	188	201	221	231	253	307	369	304	365	397	393	422	397	484	486	378	495	373	519	609	359	595	240	925	487	449	389	647	641	78	313	962	811	690	545	1000	775	768	25	500	811	580	749	604	244	433	511	389	318	391	383	419	300	283	297	300	270	227	193	171	175	181	134	71	71	73	72
64	170	2	2	119	0	1953125	12	0.0	0	0.98	0	0	V0.2	0	0	60	22	56	27	48	26	47	28	43	32	34	24	40	28	43	20	36	6	45	7	65	11	67	11	69	8	107	61	109	72	120	93	226	247	297	322	171	165	148	308	280	448	445	502	237	277	530	869	686	666	690	794	1000	666	402	638	878	725	734	369	211	449	379	314	54	118	170	220	96	125	48	106	65	105	79	48	45	46	49	25	34	21	30	20	24
64	170	2	2	119	0	1953125	12	0.0	0	0.80	0	0	V0.2	0	0	50	41	13	51	34	19	47	21	26	43	18	31	31	21	28	19	35	34	34	58	27	58	63	27	81	86	52	126	69	35	132	129	127	180	52	140	161	215	333	454	293	277	157	50	168	487	702	869	593	526	406	390	55	452	707	788	1000	859	809	561	446	313	404	312	109	133	93	40	133	127	83	126	91	85	114	77	69	101	51	41	73	37	39	56	41
64	170	2	2	119	0	1953125	12	0.0	0	0.80	0	0	V0.2	0	0	333	308	311	336	300	326	331	302	339	312	311	337	293	323	326	292	335	296	310	332	284	331	320	286	375	285	336	363	277	374	414	240	434	343	286	412	379	359	674	13	591	403	278	433	543	228	803	106	537	664	234	472	844	584	1000	399	595	865	175	570	660	129	609	651	197	418	434	259	475	351	342	446	330	403	418	321	418	371	337	403	343	371	389	345	397
64	170	2	2	119	0	1953125	12	0.0	0	0.96	0	0	V0.2	0	0	275	238	279	238	281	235	289	234	287	233	287	231	287	231	280	235	280	234	282	230	281	251	265	257	276	245	288	288	244	318	242	317	275	432	120	539	181	493	249	393	262	474	180	741	472	379	343	473	297	392	379	689	999	736	980	158	390	209	376	312	367	120	591	290	322	340	329	236	362	307	299	334	291	329	283	348	266	339	267	347	260	336	260	340	253
64	170	2	2	119	0	1953125	12	0.0	0	0.96	0	0	V0.2	0	0	337	299	344	296	348	295	356	292	354	289	356	284	359	283	350	282	354	282	353	276	353	295	349	290	365	283	373	334	328	360	340	384	359	530	190	637	207	546	180	581	147	703	276	875	550	378	248	716	305	555	577	613	1000	535	745	378	384	380	717	85	499	138	618	305	383	388	453	257	461	378	378	376	400	375	379	417	341	407	351	410	337	408	334	413	324
64	170	2	2	119	0	1953125	12	0.0	0	0.97	0	0	V0.2	0	0	44	62	51	54	57	46	63	32	58	36	59	41	70	47	52	47	58	52	60	69	74	58	78	84	110	79	144	53	157	40	198	115	316	279	406	339	202	300	420	591	531	661	630	703	461	72	323	778	746	535	552	506	627	665	609	680	918	1000	859	652	169	143	66	204	59	145	123	244	117	118	65	122	111	132	141	65	92	40	89	55	84	44	71	52	53
64	170	2	2	119	0	1953125	12	0.0	0	0.97	0	0	V0.2	0	0	32	57	38	49	42	42	48	32	42	38	50	38	55	41	41	44	47	48	43	58	51	59	64	91	99	69	117	50	130	39	172	99	254	202	308	218	194	306	472	589	524	571	479	474	292	64	382	678	589	350	337	207	371	574	789	836	949	1000	811	625	216	143	45	135	103	137	88	177	67	105	48	124	101	115	113	56	70	38	74	47	67	34	57	43	44
64	170	2	2	119	0	1953125	12	0.0	0	0.97	0	0	V0.2	0	0	57	20	63	8	58	1	59	10	45	7	44	12	53	29	45	20	49	23	48	22	54	20	59	49	93	28	112	31	129	42	171	109	238	195	283	221	234	362	489	622	550	576	426	380	195	164	399	624	511	276	245	184	438	726	1000	981	991	997	751	580	228	127	152	144	164	171	99	159	67	129	60	137	86	114	70	44	34	67	60	51	49	35	45	36	41
64	170	2	2	119	0	1953125	12	0.0	0	0.97	0	0	V0.2	0	0	327	304	337	311	335	313	332	319	335	312	333	308	333	318	320	311	324	320	317	314	322	312	342	305	338	324	334	365	299	384	317	431	291	498	239	526	205	627	133	830	267	765	358	568	416	475	53	813	359	363	523	461	236	794	733	969	966	653	999	202	425	427	347	299	475	292	474	277	458	304	456	290	472	310	423	360	404	336	417	344	398	348	399	346	388
64	170	2	2	119	0	1953125	12	0.0	0	0.97	0	0	V0.2	0	0	320	302	328	307	327	311	323	316	324	309	322	305	323	312	311	307	312	318	307	311	310	311	329	303	327	320	327	360	284	387	300	430	266	503	209	504	212	600	96	789	244	771	374	620	458	469	60	749	433	287	508	465	266	726	676	925	973	640	999	165	446	338	385	268	469	271	466	269	447	293	446	281	465	307	408	357	390	333	401	341	384	345	382	343	372
64	170	2	2	119	0	1953125	12	0.0	0	0.97	0	0	V0.2	0	0	339	327	347	332	346	333	342	341	342	337	339	332	341	340	328	336	327	347	323	340	321	342	338	336	338	350	337	403	281	429	302	468	271	556	182	556	230	629	34	789	252	825	429	743	556	480	216	711	492	290	544	410	485	543	585	934	971	649	1000	78	509	241	483	271	483	295	503	281	479	321	468	311	489	336	435	387	414	363	422	371	406	376	405	375	391
64	170	2	2	119	0	1953125	12	0.0	0	0.97	0	0	V0.2	0	0	276	315	286	318	283	316	291	316	293	309	289	314	289	306	287	304	294	296	291	295	304	294	297	304	300	319	323	282	382	271	378	278	422	258	501	173	477	128	610	95	732	179	854	430	650	381	524	292	380	510	299	397	120	489	590	550	653	1000	252	751	126	618	139	510	270	419	241	448	284	418	296	418	290	417	344	355	349	371	346	355	344	352	349	347	352
64	170	2	2	119	0	1953125	12	0.0	0	0.97	0	0	V0.2	0	0	38	71	50	64	52	61	67	43	59	44	57	46	63	59	60	66	63	66	60	83	85	66	77	76	92	98	164	107	201	50	179	109	264	165	305	250	195	274	287	426	462	735	840	1000	813	672	536	492	418	381	438	478	702	429	135	635	847	800	773	525	418	648	450	443	112	164	102	210	103	156	81	130	103	158	158	102	122	62	108	58	93	45	83	59	70
64	170	2	2	119	0	1953125	12	0.0	0	0.97	0	0	V0.2	0	0	55	56	57	50	66	38	70	35	67	26	60	36	63	49	65	55	62	53	73	66	95	60	101	44	103	77	175	105	201	93	173	128	199	153	258	299	227	341	180	294	318	658	784	1000	868	834	800	541	390	233	505	701	848	737	393	266	282	424	345	305	455	747	521	474	167	144	75	184	127	169	133	100	112	110	152	75	128	66	109	53	85	51	73	66	71
64	170	2	2	119	0	1953125	12	0.0	0	0.97	0	0	V0.2	0	0	43	78	28	78	21	82	10	74	18	77	19	65	39	71	40	77	48	70	45	98	52	109	38	118	15	141	73	214	123	178	185	162	112	166	242	213	363	248	354	161	273	456	826	880	1000	934	946	725	334	181	373	721	744	984	715	662	533	594	452	226	420	681	650	424	313	116	160	82	191	146	158	145	104	142	91	128	65	124	72	99	51	77	59	77	68
64	170	2	2	119	0	1953125	12	0.0	0	0.97	0	0	V0.2	0	0	228	203	234	202	236	204	235	208	233	207	230	208	228	207	225	201	231	200	230	201	228	202	237	197	236	206	240	216	237	213	283	250	224	301	182	292	188	306	167	414	83	320	226	237	352	505	329	675	163	453	260	209	225	678	437	1000	558	658	673	260	426	201	346	209	285	243	344	200	308	222	310	210	324	192	317	218	297	219	292	224	285	226	281	224	278
64	170	2	2	119	0	1953125	12	0.0	0	0.97	0	0	V0.2	0	0	228	203	234	202	236	204	235	208	233	207	230	208	228	207	225	201	231	200	230	201	228	202	237	197	236	206	240	216	237	213	283	250	224	301	182	292	188	306	167	414	83	320	226	237	352	505	329	675	163	453	260	209	225	678	437	1000	558	658	673	260	426	201	346	209	285	243	344	200	308	222	310	210	324	192	317	218	297	219	292	224	285	226	281	224	278
64	170	2	2	119	0	1953125	12	0.0	0	0.98	0	0	V0.2	0	0	248	273	250	275	258	279	248	282	250	285	244	280	241	288	239	273	244	274	247	275	238	277	248	277	247	281	244	317	238	297	281	350	206	406	162	417	168	425	126	526	114	453	264	334	291	581	242	804	278	603	317	284	241	652	379	1000	637	598	792	301	598	112	452	249	356	268	429	231	393	246	378	253	385	243	368	275	348	274	341	281	333	281	330	280	322
64	170	2	2	119	0	1953125	12	0.0	0	0.98	0	0	V0.2	0	0	67	39	68	47	58	34	59	39	51	44	46	31	58	45	55	29	57	22	55	3	83	28	85	19	96	16	149	76	137	67	170	105	289	221	268	324	248	287	260	464	433	442	358	213	130	523	776	990	822	848	572	302	217	352	862	1000	959	863	904	728	653	671	317	162	189	277	204	204	118	196	64	143	66	139	62	81	42	71	35	49	31	38	28	30	19
64	170	2	2	119	0	1953125	12	0.0	7913	2.38	0	0	V0.2	0	0	44	30	33	42	28	13	21	24	12	12	10	22	11	5	32	29	11	29	27	47	32	65	48	77	30	44	68	53	74	122	72	37	130	99	195	296	511	290	254	422	714	158	899	338	232	339	674	972	603	1000	320	330	576	561	862	838	115	462	878	803	353	919	332	100	36	293	171	85	102	160	80	78	39	63	107	33	64	38	78	41	44	40	58	19	22
64	170	2	2	119	0	1953125	12	0.0	7656	2.33	0	0	V0.2	0	0	68	32	45	42	50	54	21	44	51	41	14	53	20	43	35	64	22	57	39	96	70	33	6	90	100	83	80	197	85	119	61	171	114	252	358	429	572	362	196	213	537	697	974	937	706	568	249	544	682	879	987	1000	951	970	871	598	372	126	30	182	275	297	418	302	189	135	54	117	38	59	123	85	16	16	70	82	35	23	83	84	13	21	63	80	43
64	170	2	2	119	0	1953125	12	0.0	7611	2.33	0	0	V0.2	0	0	40	46	50	6	53	24	49	20	29	20	54	20	25	20	41	11	3	59	49	12	32	78	21	39	53	120	53	165	111	177	26	152	176	308	200	355	341	341	286	295	437	628	557	496	432	315	230	143	391	545	776	1000	912	834	653	270	240	168	171	255	337	399	394	167	103	46	129	92	30	57	60	40	58	19	36	31	37	25	14	35	13	42	50	64	41
