64,170,1,2,119,0,1953125,12,0,0,0.97,0,0,NaN,0,0,89,23,84,23,85,33,72,36,70,45,66,45,63,47,70,44,84,41,91,44,124,62,117,62,148,125,143,139,135,197,108,274,154,272,120,319,303,486,428,512,536,596,689,565,731,533,698,587,744,646,463,556,577,556,482,634,783,1000,471,551,316,442,430,337,335,224,295,152,250,147,212,141,158,127,121,129,88,126,79,111,65,106,67,83,65
64,170,1,2,119,0,1953125,12,0,0,0.97,0,0,NaN,0,0,74,56,70,49,81,37,80,25,77,23,82,30,71,47,75,50,77,64,84,66,120,69,125,75,178,70,193,67,235,102,223,165,293,211,224,295,324,568,406,623,474,765,620,727,671,666,723,667,804,693,547,505,735,503,621,580,866,1000,581,569,307,551,386,452,252,358,228,243,220,205,222,142,191,106,167,76,156,79,129,82,113,85,88,84,78
64,170,1,2,119,0,1953125,12,0,0,0.96,0,0,NaN,0,0,384,350,395,354,389,365,396,377,385,381,379,393,369,396,348,401,333,404,310,404,281,419,267,412,224,451,203,458,168,460,182,537,139,485,241,525,418,560,546,601,653,552,831,505,895,365,952,294,1000,336,748,249,900,309,761,450,979,725,778,397,499,537,497,460,364,478,246,477,169,489,148,464,171,442,200,418,205,407,230,389,231,363,247,343,258
64,170,1,2,119,0,1953125,12,0,0,0.96,0,0,NaN,0,0,376,352,379,360,377,368,383,380,376,384,366,398,355,403,336,406,322,409,298,411,265,423,254,421,208,453,195,458,172,453,194,529,169,471,270,500,453,511,585,551,692,482,869,453,928,315,959,275,1000,312,759,294,883,351,711,467,912,772,755,450,470,564,455,502,327,500,212,489,140,495,136,464,172,440,202,417,213,399,239,376,250,350,265,332,274
64,170,1,2,119,0,1953125,12,0,0,0.96,0,0,NaN,0,0,370,369,375,376,371,388,372,403,362,409,352,422,340,424,320,427,309,425,285,429,253,434,246,438,202,456,200,463,208,436,243,514,257,433,343,447,549,387,669,426,786,347,944,325,993,223,966,295,1000,327,742,443,810,504,628,641,841,936,682,577,392,655,348,574,218,553,117,512,117,505,154,464,202,437,241,399,265,381,283,350,299,323,309,303,314
64,170,1,2,119,0,1953125,12,0,0,0.96,0,0,NaN,0,0,388,356,398,358,392,368,402,381,389,385,383,399,371,405,352,403,340,413,315,408,284,424,273,417,229,455,214,460,173,464,193,543,143,489,243,528,417,553,546,599,662,540,835,512,903,364,943,290,1000,326,756,245,899,308,750,442,978,738,793,401,510,527,502,466,366,481,252,482,174,493,155,467,181,448,201,430,209,415,233,392,240,371,251,350,263
64,170,2,2,119,0,1953125,12,0,0,0.96,0,0,NaN,0,0,360,298,372,294,373,298,389,304,386,295,390,304,387,296,374,297,378,296,355,282,360,301,333,273,333,324,318,318,282,371,254,423,240,445,178,505,23,684,110,745,206,821,380,803,457,724,593,662,684,695,518,392,763,293,735,230,1000,619,736,233,551,121,619,64,514,149,442,230,384,280,342,296,310,311,282,325,255,333,244,335,215,331,204,331,188
64,170,2,2,119,0,1953125,12,0,0,0.96,0,0,NaN,0,0,363,376,366,384,363,397,366,410,353,417,346,429,331,432,316,433,297,433,284,430,248,434,248,437,211,444,216,454,235,417,278,486,303,398,383,405,584,316,706,338,811,297,966,264,1000,231,944,346,963,377,715,513,749,564,541,691,742,988,615,637,334,682,276,600,154,561,88,507,145,494,188,452,232,417,267,383,290,361,312,335,317,302,328,279,335
64,170,2,2,119,0,1953125,12,0,0,0.96,0,0,NaN,0,0,381,364,389,373,382,384,388,397,378,401,369,416,357,419,337,421,323,426,301,423,266,434,258,433,210,462,199,467,192,451,224,528,211,459,310,479,499,457,630,484,735,422,907,380,958,255,962,248,1000,288,761,360,857,415,678,543,857,820,726,507,437,607,407,536,279,526,173,506,127,506,143,473,190,445,223,417,242,401,263,370,280,348,293,326,297
64,170,2,2,119,0,1953125,12,0,0,0.96,0,0,NaN,0,0,344,377,348,386,341,395,345,407,334,415,326,425,316,424,303,424,287,422,273,421,243,415,250,424,224,422,237,428,264,381,310,441,341,349,415,338,597,224,713,234,804,242,943,230,962,270,881,412,883,438,669,566,662,599,457,691,596,1000,522,667,250,681,183,605,86,547,92,482,187,462,228,418,260,388,294,349,308,327,332,301,333,273,339,252,337
64,170,2,2,119,0,1953125,12,0,0,0.97,0,0,NaN,0,0,80,46,78,38,85,26,82,15,77,15,80,28,71,41,72,41,78,55,89,54,124,52,126,58,177,67,189,63,220,119,211,189,270,235,197,302,291,541,370,603,462,728,631,699,692,635,711,632,794,649,551,510,702,504,559,572,809,1000,574,596,292,524,364,430,258,326,238,221,233,180,227,128,191,94,164,75,146,86,126,88,107,90,79,87,72
64,170,2,2,119,0,1953125,12,0,0,0.97,0,0,NaN,0,0,72,53,72,48,80,38,82,24,76,24,80,30,70,48,78,46,77,65,85,67,121,65,121,72,176,73,191,70,230,102,220,168,293,214,222,285,307,541,381,608,453,749,611,718,662,647,685,642,774,653,534,502,713,486,601,579,857,1000,592,578,302,520,351,421,233,338,215,235,212,195,212,139,183,101,160,74,151,77,124,73,108,80,83,81,71
64,170,2,2,119,0,1953125,12,0,0,0.97,0,0,NaN,0,0,83,29,84,22,88,8,84,7,78,15,79,31,69,37,77,39,82,44,96,39,127,43,130,35,176,77,184,81,203,154,179,216,234,259,158,318,271,538,377,583,474,688,642,652,702,580,707,591,776,612,522,516,665,526,520,578,766,1000,522,596,269,492,357,397,268,291,255,182,242,149,226,108,185,88,155,85,128,94,105,93,88,96,69,84,64
64,170,2,2,119,0,1953125,12,0,0,0.97,0,0,NaN,0,0,81,40,76,30,86,21,82,9,76,13,79,30,70,37,73,38,80,49,89,45,123,46,126,43,173,73,186,65,210,132,193,194,248,242,176,303,278,527,355,576,450,695,604,655,668,584,679,583,761,596,504,479,659,495,554,602,823,1000,532,582,269,497,343,395,245,303,233,193,228,161,221,112,183,87,154,75,139,86,112,82,94,92,73,83,68
64,170,2,2,119,0,1953125,12,0,0,0.97,0,0,NaN,0,0,74,53,70,46,81,35,80,20,73,23,81,28,67,43,74,46,73,61,83,63,116,62,122,71,172,71,187,60,224,106,218,162,279,212,214,284,305,536,377,594,448,736,594,699,644,627,671,625,758,627,497,477,694,474,591,568,851,1000,588,570,286,509,346,419,227,334,209,226,209,193,209,134,182,100,159,73,149,77,125,74,104,81,82,82,73
64,170,2,2,119,0,1953125,12,0,0,0.97,0,0,NaN,0,0,82,31,80,24,86,10,80,8,78,14,80,29,71,37,77,38,82,44,92,39,122,43,129,36,171,74,180,73,197,148,178,204,228,249,160,310,269,527,358,566,453,668,609,628,670,559,679,564,750,585,486,476,631,485,516,584,781,1000,522,582,253,479,346,389,249,285,238,178,231,147,220,103,179,84,150,75,127,92,107,87,83,91,69,83,65
64,170,2,2,119,0,1953125,12,0,0,0.97,0,0,NaN,0,0,78,46,74,38,83,25,80,14,76,18,80,29,71,41,74,39,75,52,88,49,118,48,125,53,172,65,181,54,210,119,190,173,256,228,182,294,281,534,350,575,434,693,575,654,639,576,662,577,747,591,473,455,648,455,553,566,819,1000,544,565,257,495,335,403,222,309,214,203,215,170,213,114,179,84,153,69,140,77,114,78,94,83,74,82,69
64,170,1,2,119,0,1953125,12,0,0,0.97,0,0,NaN,0,0,79,38,76,30,85,17,80,8,75,11,77,29,71,39,73,38,81,49,90,44,124,47,127,40,173,70,184,64,207,134,187,196,241,245,173,313,280,542,366,584,450,688,608,650,664,569,676,573,753,597,487,470,640,469,512,559,785,1000,550,590,255,491,345,403,239,298,229,192,225,152,217,106,182,86,156,72,135,87,110,84,90,92,73,82,68
64,170,1,2,119,0,1953125,12,0,0,0.97,0,0,NaN,0,0,87,25,82,16,87,9,82,13,75,18,76,32,68,37,75,37,81,39,95,32,125,39,125,31,165,86,170,91,177,166,151,225,197,264,133,323,268,521,373,553,469,640,630,599,686,530,679,543,729,576,454,470,580,476,444,564,740,1000,505,594,257,463,359,374,266,259,253,154,235,130,221,101,173,90,145,92,117,102,93,94,76,96,62,83,60
64,170,1,2,119,0,1953125,12,0,0,0.97,0,0,NaN,0,0,75,49,73,47,84,29,83,17,75,20,82,28,71,42,76,44,78,56,87,56,118,55,124,57,174,65,186,54,220,113,204,171,269,229,200,301,297,546,367,595,443,718,591,681,645,604,670,589,746,605,473,442,649,449,549,559,820,999,573,583,270,500,341,417,223,321,208,215,209,178,210,122,179,90,158,69,144,76,121,75,104,82,78,81,72
64,170,2,2,119,0,1953125,12,0,0,0.97,0,0,NaN,0,0,91,49,80,52,67,51,65,60,48,44,54,46,44,40,58,29,59,32,71,16,102,39,98,19,139,71,142,71,170,163,147,195,198,269,158,333,292,581,405,615,474,732,654,689,684,611,731,607,778,652,531,474,637,447,502,505,733,1000,552,619,309,531,369,443,251,339,211,217,188,170,186,121,161,91,137,61,125,48,98,47,86,46,63,47,47
64,170,2,2,119,0,1953125,12,0,0,0.97,0,0,NaN,0,0,91,49,80,52,67,51,65,60,48,44,54,46,44,40,58,29,59,32,71,16,102,39,98,19,139,71,142,71,170,163,147,195,198,269,158,333,292,581,405,615,474,732,654,689,684,611,731,607,778,652,531,474,637,447,502,505,733,1000,552,619,309,531,369,443,251,339,211,217,188,170,186,121,161,91,137,61,125,48,98,47,86,46,63,47,47
64,170,2,2,119,0,1953125,12,0,0,0.98,0,0,NaN,0,0,90,60,74,61,65,61,55,68,44,51,49,51,40,44,58,38,61,37,75,28,100,53,101,40,139,91,140,96,159,187,126,216,173,292,144,355,298,601,436,625,511,733,689,682,727,598,771,620,809,668,525,461,597,422,406,466,683,1000,532,641,296,524,375,452,266,317,229,198,203,144,201,105,165,74,148,50,121,48,105,45,78,55,63,48,47
64,170,2,2,119,0,1953125,12,0,0,0.97,0,0,NaN,0,0,343,409,352,421,356,418,359,430,365,429,352,434,352,434,339,422,330,425,320,409,287,419,294,403,249,434,248,434,238,431,268,496,240,449,347,485,496,548,619,573,696,539,873,495,910,353,970,285,1000,346,742,162,821,201,662,381,857,691,788,404,550,489,563,421,448,417,345,426,264,439,247,429,254,416,254,401,251,398,249,384,250,371,249,355,242
64,170,2,2,119,0,1953125,12,0,0,0.97,0,0,NaN,0,0,347,404,356,415,362,414,366,423,372,420,364,422,367,421,360,407,350,406,344,395,315,388,327,387,296,390,311,392,334,350,374,404,389,318,482,310,648,257,779,271,848,263,995,243,1000,230,961,356,965,382,730,451,689,450,475,575,545,939,573,664,347,672,324,609,236,542,164,501,164,482,173,464,215,440,232,412,252,402,260,378,268,360,276,338,267
64,170,2,2,119,0,1953125,12,0,0,0.97,0,0,NaN,0,0,347,404,356,415,362,414,366,423,372,420,364,422,367,421,360,407,350,406,344,395,315,388,327,387,296,390,311,392,334,350,374,404,389,318,482,310,648,257,779,271,848,263,995,243,1000,230,961,356,965,382,730,451,689,450,475,575,545,939,573,664,347,672,324,609,236,542,164,501,164,482,173,464,215,440,232,412,252,402,260,378,268,360,276,338,267
64,170,1,2,119,0,1953125,12,0,0,0.97,0,0,NaN,0,0,334,399,346,410,350,409,351,418,357,420,346,420,351,418,338,409,327,406,324,398,288,399,300,393,260,408,269,410,273,392,313,454,307,383,408,399,570,399,697,423,776,378,938,341,969,229,975,255,1000,303,750,319,772,338,587,486,728,805,684,535,461,585,448,517,345,484,248,468,191,466,185,449,215,429,226,409,234,400,236,381,242,365,250,346,242
64,170,1,2,119,0,1953125,12,0,0,0.97,0,0,NaN,0,0,343,408,357,419,359,419,361,428,368,427,356,428,360,426,350,416,336,416,335,402,301,405,313,400,274,411,284,410,296,384,336,444,337,370,438,383,601,365,731,379,806,339,966,310,987,209,985,264,999,321,758,362,764,357,573,481,650,821,637,580,432,617,415,549,318,506,231,487,185,476,183,459,216,439,228,420,240,408,247,384,257,369,258,348,255
64,170,1,2,119,0,1953125,12,0,0,0.97,0,0,NaN,0,0,331,401,345,410,350,410,352,418,359,419,346,421,351,418,344,405,332,406,327,393,294,393,306,389,271,400,280,402,298,373,338,433,346,359,438,364,611,339,740,360,818,327,975,301,1000,230,983,297,994,330,740,388,752,395,545,519,653,861,626,603,421,628,391,555,291,513,203,483,166,474,172,455,206,433,221,409,231,402,243,379,248,365,256,341,250
64,170,1,2,119,0,1953125,12,0,0,0.97,0,0,NaN,0,0,334,404,350,417,349,415,352,428,357,427,344,430,348,429,335,416,330,420,316,407,283,415,290,402,247,432,248,430,232,428,265,492,238,446,342,477,491,523,621,554,707,522,880,493,921,357,973,284,1000,348,752,203,842,206,683,338,834,660,740,408,543,489,544,426,437,424,337,428,260,439,238,430,252,415,251,401,247,401,243,381,247,370,246,350,241
64,170,2,2,119,0,1953125,12,0,0,0.97,0,0,NaN,0,0,339,394,348,402,354,402,358,408,363,408,357,405,359,407,353,393,340,389,339,381,309,375,321,379,293,373,308,378,334,334,374,385,394,298,473,289,642,216,774,240,850,263,982,256,1000,275,937,375,924,412,707,503,669,497,474,567,526,939,516,662,323,669,277,607,196,544,132,493,155,473,172,449,212,428,225,402,248,390,255,362,264,351,266,329,263
64,170,2,2,119,0,1953125,12,0,0,0.97,0,0,NaN,0,0,74,62,76,56,82,41,84,28,76,27,86,34,72,50,76,52,79,68,89,73,122,69,124,82,181,73,196,72,242,96,230,171,303,216,237,304,329,560,412,653,490,772,641,773,696,693,719,672,795,683,521,471,691,437,546,503,855,999,574,578,310,529,361,442,239,351,204,242,201,203,210,146,180,106,162,75,155,78,129,76,116,78,88,79,77
64,170,1,2,119,0,1953125,12,0,0,0.97,0,0,NaN,0,0,84,46,81,40,93,26,87,15,83,13,85,28,73,37,79,42,83,54,93,50,132,52,131,55,184,66,191,64,227,128,198,195,271,250,178,316,288,565,379,624,481,739,639,716,698,628,714,600,782,644,516,473,646,445,509,526,784,1000,506,574,266,514,343,415,238,320,227,203,221,166,228,116,186,88,161,67,144,84,116,85,104,89,74,84,71
64,170,2,2,119,0,1953125,12,0,0,0.97,0,0,NaN,0,0,96,20,88,21,91,27,80,28,73,38,75,42,69,42,71,41,87,37,97,39,133,52,128,58,165,124,158,133,155,201,108,269,163,291,122,338,305,524,456,554,561,639,726,615,768,562,733,589,759,654,471,543,566,513,391,523,712,999,456,575,292,447,408,350,326,234,296,143,250,133,225,134,167,121,136,124,99,126,81,119,64,110,65,88,63
64,170,2,2,119,0,1953125,12,0,0,0.97,0,0,NaN,0,0,90,28,87,20,92,7,87,8,81,17,78,31,74,38,78,39,86,38,98,37,133,42,131,34,175,86,180,93,191,167,159,232,215,272,141,336,276,540,391,584,502,678,664,646,722,579,724,576,768,613,484,481,599,484,448,541,732,1000,484,579,252,472,356,381,273,272,258,163,235,132,226,104,178,89,147,88,120,101,99,93,73,95,62,83,63
64,170,2,2,119,0,1953125,12,0,0,0.97,0,0,NaN,0,0,52,88,52,85,67,73,71,57,66,57,83,47,66,67,71,68,66,91,73,105,107,112,105,131,169,119,186,121,255,73,253,150,353,164,302,255,417,564,482,649,548,840,673,846,699,798,719,771,773,805,517,518,744,453,639,463,912,999,647,542,383,527,420,452,273,394,188,293,167,263,176,205,162,157,150,111,158,86,140,74,128,70,106,77,85
64,170,2,2,119,0,1953125,12,0,0,0.97,0,0,NaN,0,0,334,383,343,393,346,390,350,396,356,398,350,395,356,392,349,383,336,377,335,368,309,359,320,365,296,354,313,358,341,308,384,359,417,271,482,262,649,179,770,201,852,275,971,273,994,333,915,437,904,470,676,556,639,566,442,633,529,999,500,681,301,668,232,608,151,550,98,489,147,463,170,441,206,418,224,390,245,375,259,348,266,339,265,317,261
64,170,2,2,119,0,1953125,12,0,0,0.97,0,0,NaN,0,0,97,25,90,27,91,36,79,39,71,44,69,50,68,45,71,46,87,40,99,46,128,65,125,73,155,135,146,154,136,210,92,286,156,294,134,331,323,506,478,534,577,622,735,595,778,575,734,607,744,676,451,540,542,523,397,531,719,1000,476,565,307,422,423,332,342,221,295,143,243,143,214,140,155,130,122,134,86,129,71,116,58,107,66,84,59
64,170,2,2,119,0,1953125,12,0,0,0.97,0,0,NaN,0,0,98,18,88,18,91,29,78,30,74,37,69,45,71,41,70,42,85,37,99,39,130,54,127,59,161,120,152,137,151,202,110,274,166,290,125,331,299,511,444,543,553,626,715,603,768,568,730,597,752,654,460,517,547,516,404,536,707,1000,478,577,290,432,401,344,322,229,289,142,246,134,219,129,162,120,131,124,95,124,80,117,67,107,65,86,61
64,170,2,2,119,0,1953125,12,0,0,0.97,0,0,NaN,0,0,98,20,89,20,90,29,82,29,76,38,72,44,69,42,74,42,89,38,99,42,132,58,128,59,163,122,156,140,152,202,109,277,169,291,122,335,302,517,450,542,555,633,721,606,773,570,743,602,754,657,466,532,558,529,414,544,709,999,475,578,294,437,408,347,327,233,295,145,247,135,223,133,166,120,132,126,98,126,79,113,59,104,64,87,63
64,170,1,2,119,0,1953125,12,0,0,0.97,0,0,NaN,0,0,96,20,92,18,96,31,79,33,75,40,72,45,70,44,73,47,91,38,100,43,135,58,129,62,164,127,157,144,150,205,107,280,165,294,128,341,309,519,456,545,564,635,729,605,779,577,753,611,755,666,466,540,561,539,416,543,703,1000,480,587,300,435,409,346,332,230,297,147,250,138,223,136,162,121,131,126,94,126,76,114,58,108,64,85,60
64,170,1,2,119,0,1953125,12,0,0,0.97,0,0,NaN,0,0,96,20,91,17,92,22,84,26,78,31,74,41,73,41,77,43,90,37,101,39,133,49,134,49,170,113,167,129,168,194,125,270,181,292,121,339,295,535,438,561,543,655,712,616,769,579,756,595,757,647,471,528,574,526,440,567,708,1000,474,586,278,443,389,361,321,244,289,146,250,132,230,124,173,112,142,116,106,122,85,110,65,109,64,89,62
64,170,1,2,119,0,1953125,12,0,0,0.97,0,0,NaN,0,0,95,23,89,15,95,17,84,19,78,26,78,36,71,39,79,41,88,36,103,37,136,43,133,43,171,102,172,119,177,187,141,258,188,287,123,339,286,538,430,574,531,657,702,629,760,579,755,602,761,640,482,520,587,515,438,555,697,1000,486,593,274,457,384,373,306,252,282,154,248,131,231,118,178,104,149,112,108,115,92,109,65,105,66,88,60
64,170,1,2,119,0,1953125,12,0,0,0.97,0,0,NaN,0,0,93,21,89,13,95,11,84,15,81,26,79,36,72,41,78,42,88,38,99,35,131,40,133,38,172,92,172,112,185,178,152,251,206,280,134,335,283,534,410,583,518,662,682,634,747,578,744,595,764,621,483,508,596,514,460,569,722,1000,500,604,268,461,369,377,293,257,271,160,240,131,228,111,179,101,148,100,117,108,94,99,74,103,63,87,63
64,170,1,2,119,0,1953125,12,0,0,0.97,0,0,NaN,0,0,82,48,80,39,90,28,83,11,80,16,82,28,71,39,77,44,81,54,92,52,126,50,131,55,181,64,191,64,224,125,203,193,272,240,190,316,295,563,384,615,469,734,626,702,686,627,721,622,761,631,501,478,664,469,542,558,793,1000,548,592,275,501,338,410,236,314,226,209,220,172,221,120,185,93,160,73,144,85,117,83,99,90,78,86,72
64,170,1,2,119,0,1953125,12,0,0,0.97,0,0,NaN,0,0,90,18,86,17,87,27,75,30,70,38,68,41,66,42,70,44,83,40,94,40,122,56,121,58,151,119,151,140,145,197,115,272,165,284,131,330,301,502,442,529,542,620,702,589,745,545,716,588,729,628,446,549,575,544,442,571,740,1000,508,589,292,421,397,334,318,222,287,148,242,138,217,134,162,120,128,126,96,125,80,118,68,107,64,81,62
64,170,1,2,119,0,1953125,12,0,0,0.97,0,0,NaN,0,0,85,39,83,31,90,17,85,6,82,14,82,28,73,39,77,41,83,47,95,46,134,45,133,44,178,66,190,75,213,136,191,209,253,251,170,328,280,556,382,609,479,718,643,687,700,606,726,607,767,628,503,492,658,477,506,547,757,1000,535,597,263,492,345,408,249,303,240,194,230,157,231,113,186,90,162,77,134,87,112,85,89,91,73,85,66
64,170,1,2,119,0,1953125,12,0,0,0.97,0,0,NaN,0,0,73,62,72,56,84,41,84,27,79,28,87,33,76,49,79,55,80,69,88,72,124,70,124,82,183,75,197,71,242,94,229,168,306,215,234,305,327,577,417,648,491,789,643,774,693,696,739,681,789,709,538,497,720,457,576,510,816,999,601,586,308,528,363,448,244,361,212,246,210,208,221,147,188,111,169,77,158,80,133,73,111,84,88,85,78
64,170,1,2,119,0,1953125,12,0,0,0.97,0,0,NaN,0,0,84,47,84,40,91,26,88,11,82,15,85,30,74,41,79,44,84,57,96,53,130,49,136,56,189,65,200,66,230,126,210,197,273,243,188,328,294,582,408,647,497,763,663,741,723,660,758,652,798,684,544,495,687,472,525,509,745,1000,551,600,275,525,363,450,255,337,244,222,232,179,235,126,195,96,170,77,146,92,123,82,99,94,80,86,71
64,170,1,2,119,0,1953125,12,0,0,0.97,0,0,NaN,0,0,88,36,85,30,89,12,85,5,80,13,82,29,71,38,80,41,83,47,97,46,130,41,130,42,182,73,191,78,212,143,193,215,251,254,169,327,282,554,395,618,486,712,654,692,716,617,743,622,788,638,515,490,653,493,507,558,761,1000,526,594,270,494,355,415,263,301,248,197,236,154,228,112,188,89,159,78,134,92,112,88,93,93,71,82,65
64,170,1,2,119,0,1953125,12,0,0,0.97,0,0,NaN,0,0,83,46,83,35,91,21,88,8,81,12,86,29,75,41,81,42,85,52,94,47,132,46,136,52,187,68,193,70,223,133,196,206,268,253,173,321,287,570,391,622,486,742,656,715,710,627,746,620,789,661,541,511,682,485,541,561,768,1000,514,581,266,511,354,428,255,319,244,203,237,168,231,117,192,91,167,79,143,91,120,90,96,94,74,85,68
64,170,1,2,119,0,1953125,12,0,0,0.97,0,0,NaN,0,0,77,64,77,58,85,42,85,32,78,30,88,31,74,50,79,52,82,68,91,74,128,74,130,87,189,74,205,72,250,97,235,176,316,222,232,314,334,598,444,680,510,815,679,803,719,718,766,701,815,740,571,515,736,478,565,490,793,999,594,602,317,548,372,469,249,367,220,255,218,211,220,147,195,112,170,78,159,78,135,77,114,84,89,84,78
64,170,1,2,119,0,1953125,12,0,0,0.97,0,0,NaN,0,0,84,51,81,44,93,29,87,14,82,18,89,30,75,40,80,45,83,55,95,55,133,54,137,63,193,68,202,66,239,121,214,199,294,245,197,319,301,587,409,654,504,784,674,759,728,679,765,659,808,692,557,509,709,477,542,526,766,1000,539,586,288,527,359,452,256,340,235,226,231,182,231,127,199,95,167,74,153,82,121,80,104,92,78,84,72
64,170,1,2,119,0,1953125,12,0,0,0.97,0,0,NaN,0,0,52,88,44,89,63,80,67,61,60,65,80,50,61,73,69,72,64,100,63,107,99,120,98,150,160,134,182,143,253,84,261,165,368,150,313,243,442,568,533,667,580,865,713,872,717,836,740,817,785,861,551,574,790,487,653,489,945,1000,676,545,418,545,449,464,298,410,199,313,169,284,173,221,161,168,145,125,160,92,141,84,132,69,110,82,90
64,170,1,2,119,0,1953125,12,0,0,0.97,0,0,NaN,0,0,38,92,18,96,15,95,23,76,22,87,44,68,47,82,41,74,55,96,36,112,74,124,61,153,126,148,152,157,225,90,246,158,341,133,305,226,406,519,485,636,524,803,648,813,677,762,717,746,776,753,527,500,751,472,595,505,832,1000,586,575,316,543,365,466,259,363,230,242,238,192,237,137,206,95,174,81,158,93,125,94,105,96,80,94,74
64,170,1,2,119,0,1953125,12,0,0,0.97,0,0,NaN,0,0,48,81,31,87,19,95,9,75,16,87,37,69,42,80,38,72,50,89,34,112,70,117,61,144,124,133,148,144,216,76,234,147,321,141,278,232,361,508,425,606,472,752,598,743,652,683,694,649,746,659,514,469,683,466,530,548,771,1000,514,574,262,496,352,407,278,290,267,171,252,136,232,107,186,102,149,111,115,115,85,109,71,104,66,86,62
64,170,1,2,119,0,1953125,12,0,0,0.97,0,0,NaN,0,0,92,55,78,71,68,86,45,79,40,90,27,77,45,83,43,80,70,94,53,120,75,137,38,175,66,203,80,223,156,183,200,248,306,153,334,182,477,462,595,575,618,791,717,819,699,809,689,816,732,859,502,547,765,488,644,475,894,1000,659,554,363,544,398,475,261,396,211,276,216,227,230,158,210,106,186,78,172,83,144,91,118,96,90,97,78
64,170,1,2,119,0,1953125,12,0,0,0.97,0,0,NaN,0,0,101,23,98,17,100,24,85,29,81,45,72,50,74,49,77,55,96,48,102,64,133,80,121,106,136,172,123,203,96,239,90,321,168,283,223,291,427,449,597,498,680,652,813,671,809,715,714,774,700,853,415,632,634,576,559,515,917,1000,658,499,442,419,495,355,361,322,232,278,159,274,127,231,122,183,111,142,138,104,131,84,129,65,110,74,89
64,170,1,2,119,0,1953125,12,0,0,0.97,0,0,NaN,0,0,378,337,389,348,388,344,396,357,400,348,397,353,401,346,383,340,393,335,371,310,387,318,360,279,379,299,375,280,367,338,351,336,399,407,321,473,282,724,279,789,286,962,327,965,319,959,322,959,373,1000,192,720,505,665,511,601,830,987,510,616,427,396,542,374,482,262,468,195,460,164,445,181,425,199,404,203,394,219,379,217,358,224,349,227,322
64,170,1,2,119,0,1953125,12,0,0,0.97,0,0,NaN,0,0,34,99,24,100,16,102,12,87,12,91,34,76,40,87,39,85,53,106,36,129,64,144,29,176,71,201,88,221,157,191,193,261,284,174,317,203,488,435,618,527,670,735,779,756,767,783,692,821,703,875,417,618,666,562,580,501,927,1000,665,499,442,416,518,344,383,297,271,266,180,265,137,243,102,201,79,177,90,145,98,122,96,97,103,84,83
64,170,1,2,119,0,1953125,12,0,0,0.97,0,0,NaN,0,0,73,57,75,51,84,37,82,22,78,22,85,29,70,43,76,47,78,65,88,65,124,62,125,73,183,69,195,64,237,104,223,174,293,219,220,306,315,558,399,644,482,766,626,756,700,694,731,672,795,673,521,478,720,477,567,526,834,999,575,573,300,519,347,438,242,345,214,240,216,196,217,141,189,105,168,76,154,77,131,78,112,84,89,83,75
64,170,1,2,119,0,1953125,12,0,0,0.97,0,0,NaN,0,0,60,76,59,71,72,58,72,42,71,44,83,43,68,60,74,60,70,84,75,91,108,93,112,107,170,101,190,102,244,81,246,155,327,175,270,271,377,551,448,636,505,801,622,792,675,744,706,721,769,740,522,497,745,463,654,541,926,1000,638,535,335,512,376,432,243,366,186,273,180,237,186,178,171,133,152,93,153,76,134,74,121,69,95,75,80
64,170,1,2,119,0,1953125,12,0,0,0.97,0,0,NaN,0,0,80,45,78,39,87,22,83,14,79,15,82,31,73,42,78,45,81,55,91,52,129,53,131,56,179,68,191,68,223,129,210,195,266,241,192,318,297,557,397,628,488,743,642,723,716,652,737,639,801,653,539,503,706,506,561,554,803,1000,556,576,268,513,351,427,255,326,236,218,231,176,228,124,192,97,166,79,147,90,121,90,102,93,83,86,73
64,170,1,2,119,0,1953125,12,0,0,0.97,0,0,NaN,0,0,67,67,58,70,53,76,34,72,36,78,33,67,45,69,48,70,68,76,69,88,95,108,80,127,96,179,86,200,78,223,93,297,160,262,199,284,386,430,526,475,610,606,747,594,780,612,705,660,723,716,441,602,583,582,478,591,812,999,533,549,335,400,443,313,356,219,301,167,243,167,205,164,150,146,115,143,84,136,75,121,64,108,70,89,68
64,170,1,2,119,0,1953125,12,0,0,0.97,0,0,NaN,0,0,59,78,62,73,75,60,77,45,74,47,82,45,68,62,75,63,72,85,78,94,114,100,115,117,175,107,193,110,251,82,256,163,338,180,284,278,388,559,466,664,527,836,667,831,719,783,736,766,822,783,569,534,785,497,646,521,927,1000,655,556,356,533,399,459,264,386,202,287,188,249,195,190,177,141,159,101,161,80,141,74,127,74,103,79,84
64,170,1,2,119,0,1953125,12,0,0,0.97,0,0,NaN,0,0,64,75,66,72,76,59,81,40,76,43,85,38,71,57,75,58,77,82,86,88,120,94,122,107,181,99,199,96,254,81,255,162,331,191,274,289,374,575,449,672,519,841,668,832,729,781,752,756,830,762,560,519,786,505,650,528,912,1000,629,555,333,545,389,464,256,386,205,283,202,242,212,183,190,135,168,95,165,81,142,80,132,77,101,85,87
64,170,1,2,119,0,1953125,12,0,0,0.97,0,0,NaN,0,0,64,75,63,74,77,60,79,44,73,42,85,42,69,57,73,60,74,87,81,86,115,97,118,114,179,105,198,101,252,81,256,156,335,187,277,281,387,572,455,666,526,844,667,830,731,788,751,761,823,755,552,515,790,498,661,547,936,1000,632,543,343,544,390,459,261,386,206,284,199,247,206,186,184,135,165,99,165,80,139,72,132,77,103,84,88
64,170,1,2,119,0,1953125,12,0,0,0.97,0,0,NaN,0,0,74,63,74,60,89,44,85,31,82,33,90,34,74,53,79,54,82,71,90,73,127,76,128,85,189,80,204,75,250,100,241,172,309,219,241,304,344,577,419,664,506,818,653,800,731,736,754,716,835,707,555,488,759,495,616,552,884,1000,590,558,306,538,369,454,251,365,214,258,215,217,218,156,194,116,168,80,162,75,132,76,117,79,92,80,81
64,170,1,2,119,0,1953125,12,0,0,0.97,0,0,NaN,0,0,71,62,72,59,80,43,83,29,79,31,88,32,69,50,78,50,78,73,83,69,120,76,124,85,180,80,195,75,242,98,236,168,309,214,235,288,336,557,398,636,486,797,625,766,701,703,720,682,810,679,532,471,733,488,646,588,914,1000,586,543,290,524,353,428,237,348,205,247,209,212,211,151,186,113,166,80,158,76,131,76,119,83,90,83,81
64,170,1,2,119,0,1953125,12,0,0,0.97,0,0,NaN,0,0,68,74,66,73,75,59,81,41,75,41,86,37,70,58,75,61,75,83,80,90,116,94,120,106,179,97,196,98,256,79,252,159,337,190,272,285,385,580,442,661,519,848,656,822,700,759,741,744,823,753,548,508,784,495,670,547,923,1000,634,525,301,534,388,452,247,379,198,281,196,244,204,178,181,134,166,93,162,80,140,73,126,75,101,81,83
64,170,1,2,119,0,1953125,12,0,0,0.97,0,0,NaN,0,0,68,74,66,73,75,59,81,41,75,41,86,37,70,58,75,61,75,83,80,90,116,94,120,106,179,97,196,98,256,79,252,159,337,190,272,285,385,580,442,661,519,848,656,822,700,759,741,744,823,753,548,508,784,495,670,547,923,1000,634,525,301,534,388,452,247,379,198,281,196,244,204,178,181,134,166,93,162,80,140,73,126,75,101,81,83
64,170,1,2,119,0,1953125,12,0,0,0.97,0,0,NaN,0,0,42,99,28,101,16,103,8,86,12,95,36,79,39,90,38,87,57,106,36,126,65,147,29,178,67,208,76,231,139,199,180,279,265,186,308,218,496,431,612,509,686,728,799,740,784,767,711,814,733,875,431,644,672,604,632,563,923,999,626,453,393,408,529,331,389,281,284,256,200,261,154,240,107,197,78,181,87,148,92,125,87,101,98,84,82
64,170,1,2,119,0,1953125,12,0,0,0.97,0,0,NaN,0,0,406,347,420,353,418,354,425,367,428,358,431,364,431,354,416,345,424,338,400,317,417,321,391,287,406,298,404,286,390,347,372,346,405,429,321,500,254,759,232,833,233,1000,279,994,280,967,392,947,457,996,301,653,596,594,605,459,858,790,597,408,525,205,653,196,570,107,527,130,486,165,463,196,433,225,412,246,385,267,373,268,348,280,328,281,308
64,170,1,2,119,0,1953125,12,0,0,0.97,0,0,NaN,0,0,406,347,420,353,418,354,425,367,428,358,431,364,431,354,416,345,424,338,400,317,417,321,391,287,406,298,404,286,390,347,372,346,405,429,321,500,254,759,232,833,233,1000,279,994,280,967,392,947,457,996,301,653,596,594,605,459,858,790,597,408,525,205,653,196,570,107,527,130,486,165,463,196,433,225,412,246,385,267,373,268,348,280,328,281,308
64,170,1,2,119,0,1953125,12,0,0,0.97,0,0,NaN,0,0,335,400,346,412,345,412,346,424,353,421,343,422,345,427,330,414,324,418,311,403,279,412,283,401,241,430,244,429,226,427,254,496,222,448,322,478,468,520,607,559,695,539,860,500,911,376,978,308,1000,364,779,183,861,224,740,306,832,591,742,326,506,469,536,415,436,415,343,423,266,432,248,420,255,405,255,394,249,392,246,380,245,363,245,349,239
64,170,2,2,119,0,1953125,12,0,0,0.97,0,0,NaN,0,0,366,417,382,429,380,427,387,443,388,436,378,443,378,443,358,437,358,437,343,416,323,434,313,404,285,449,271,448,222,479,218,542,157,541,186,598,243,754,370,818,457,870,653,847,716,740,867,650,907,710,703,286,914,230,838,152,1000,502,794,102,619,215,708,159,602,215,512,285,434,321,405,331,386,334,366,343,345,352,331,342,309,345,300,339,288
64,170,2,2,119,0,1953125,12,0,0,0.97,0,0,NaN,0,0,63,90,58,86,75,73,82,54,75,57,88,48,72,70,76,66,74,96,81,108,118,114,119,141,181,121,204,127,272,76,273,161,373,170,306,272,422,598,509,711,574,916,733,924,772,883,808,860,864,870,582,542,809,540,702,532,915,1000,656,517,355,588,442,501,287,431,211,319,192,283,202,216,185,164,168,117,173,93,154,77,136,75,111,82,91
64,170,2,2,119,0,1953125,12,0,0,0.97,0,0,NaN,0,0,344,410,358,424,359,420,363,435,365,430,352,437,353,438,336,426,334,431,317,413,287,427,286,407,246,446,242,445,199,461,217,531,154,506,242,544,382,643,515,703,608,707,792,681,866,555,967,476,999,518,765,165,936,172,858,216,986,531,793,176,567,372,635,316,530,342,431,368,350,395,319,387,311,381,301,376,286,381,275,370,263,361,258,349,249
64,170,2,2,119,0,1953125,12,0,0,0.97,0,0,NaN,0,0,354,419,367,434,369,426,372,441,378,438,362,445,366,448,348,435,345,442,330,421,302,438,298,413,258,458,249,454,205,474,217,540,150,526,233,573,353,689,488,744,581,757,767,725,838,604,960,514,994,577,765,174,949,157,857,171,1000,514,814,145,579,344,657,282,554,319,456,354,375,385,344,377,334,377,324,373,306,379,294,373,283,364,276,354,265
64,170,2,2,119,0,1953125,12,0,0,0.97,0,0,NaN,0,0,27,108,19,111,31,103,39,86,38,90,58,71,54,91,51,89,60,114,37,134,77,150,53,185,114,195,133,216,216,153,243,229,352,143,348,198,509,494,620,608,669,845,797,876,789,886,754,914,795,951,498,641,782,622,724,570,994,1000,677,432,412,489,524,418,372,382,247,323,165,305,135,263,120,208,105,173,126,136,124,111,124,87,118,82,93
64,170,2,2,119,0,1953125,12,0,0,0.97,0,0,NaN,0,0,71,79,74,72,86,57,88,41,81,41,91,41,79,61,83,62,79,82,89,88,132,94,133,117,194,94,214,94,271,80,261,163,346,206,273,304,376,610,462,709,535,878,707,878,763,812,799,791,869,800,584,536,814,561,714,579,902,1000,606,509,289,562,393,486,262,412,223,293,214,247,220,180,196,134,178,91,169,80,146,78,132,82,102,87,85
64,170,2,2,119,0,1953125,12,0,0,0.97,0,0,NaN,0,0,74,71,70,66,85,51,88,39,78,39,90,39,75,57,81,58,78,78,90,86,127,87,131,103,189,88,207,91,259,87,254,170,333,205,265,303,364,584,433,673,512,835,671,829,733,769,770,754,845,736,538,502,786,551,700,605,922,1000,603,502,278,531,371,459,250,383,213,275,207,230,213,167,185,119,168,81,159,75,134,74,123,78,94,83,82
64,170,1,2,119,0,1953125,12,0,0,0.97,0,0,NaN,0,0,38,101,31,101,45,91,48,73,53,75,65,62,56,81,60,79,58,104,49,120,84,135,74,163,132,164,151,176,227,114,245,184,343,123,326,205,474,507,548,597,601,833,711,827,712,822,707,826,750,842,454,560,788,580,758,571,999,973,649,412,352,475,456,415,316,378,206,309,150,287,139,236,128,188,120,147,135,115,129,95,123,71,109,74,89
64,170,1,2,119,0,1953125,12,0,0,0.97,0,0,NaN,0,0,53,88,52,86,66,75,72,60,71,58,80,52,66,71,71,72,70,94,71,106,104,114,107,135,165,126,190,133,254,80,262,157,347,161,313,259,428,564,500,654,549,860,683,842,705,803,739,789,787,791,506,529,819,560,760,575,981,1000,655,463,309,527,421,456,267,395,193,303,175,271,180,208,162,156,151,115,157,84,141,76,128,68,108,80,89
64,170,1,2,119,0,1953125,12,0,0,0.97,0,0,NaN,0,0,84,46,84,39,90,23,89,12,84,18,87,32,77,40,83,47,87,56,100,57,134,54,139,55,187,70,202,72,234,131,214,200,269,249,193,328,301,580,394,641,494,772,663,732,728,661,757,638,809,629,515,516,747,572,633,608,835,1000,529,526,216,514,357,429,251,326,243,218,238,175,230,119,192,89,168,72,148,83,120,85,98,91,81,85,71
64,170,2,2,119,0,1953125,12,0,0,0.97,0,0,NaN,0,0,87,46,82,46,81,61,66,55,64,61,58,60,61,55,63,54,82,51,93,61,124,77,120,86,147,146,142,167,130,217,98,290,147,290,126,331,323,514,465,549,571,650,738,606,780,568,751,606,782,632,464,565,641,602,517,616,748,999,444,526,218,446,391,365,306,250,288,159,256,135,238,113,180,98,151,101,122,112,98,103,78,104,65,87,64
64,170,1,2,119,0,1953125,12,0,0,0.97,0,0,NaN,0,0,80,64,67,72,61,81,47,70,43,77,35,71,49,71,49,69,76,72,78,84,103,111,93,127,107,181,101,208,82,231,77,306,143,269,182,300,395,460,538,498,633,631,785,597,811,610,741,673,760,691,414,614,639,657,524,628,788,999,452,494,280,404,450,321,361,219,310,160,258,161,220,155,160,139,126,142,90,136,80,122,63,112,69,93,68
64,170,1,2,119,0,1953125,12,0,0,0.97,0,0,NaN,0,0,46,93,46,93,57,81,67,66,62,68,76,56,64,75,67,76,66,101,61,112,98,125,96,147,157,144,182,154,248,89,261,164,349,134,313,229,447,546,520,639,569,857,698,841,714,822,716,816,793,798,497,555,843,573,756,559,1000,968,640,435,336,511,432,436,286,386,192,305,162,279,161,220,152,169,135,130,154,95,137,80,133,70,108,77,89
64,170,1,2,119,0,1953125,12,0,0,0.97,0,0,NaN,0,0,30,105,16,109,25,106,32,86,27,92,53,75,45,92,46,84,53,115,31,128,66,150,42,183,95,195,119,220,193,162,227,240,323,137,328,185,511,472,612,565,662,802,776,798,760,822,695,854,746,872,430,624,797,638,721,565,1000,994,638,406,375,437,500,368,365,341,240,297,170,293,127,252,109,205,91,175,113,136,114,115,115,85,111,78,91
64,170,1,2,119,0,1953125,12,0,0,0.97,0,0,NaN,0,0,30,105,16,109,25,106,32,86,27,92,53,75,45,92,46,84,53,115,31,128,66,150,42,183,95,195,119,220,193,162,227,240,323,137,328,185,511,472,612,565,662,802,776,798,760,822,695,854,746,872,430,624,797,638,721,565,1000,994,638,406,375,437,500,368,365,341,240,297,170,293,127,252,109,205,91,175,113,136,114,115,115,85,111,78,91
64,170,1,2,119,0,1953125,12,0,0,0.97,0,0,NaN,0,0,381,363,395,374,392,371,399,389,400,379,395,388,399,380,377,374,388,373,364,350,375,362,349,322,359,355,350,336,330,403,302,420,320,483,240,542,133,793,123,851,158,999,281,974,328,942,462,907,535,926,367,614,732,600,704,542,940,867,589,463,484,224,629,213,555,128,518,130,488,145,461,177,438,207,414,223,401,241,386,242,360,253,347,252,322
64,170,1,2,119,0,1953125,12,0,0,0.97,0,0,NaN,0,0,329,376,341,388,338,385,346,399,347,395,337,401,339,402,319,390,323,397,302,377,289,395,275,366,250,411,238,405,194,439,187,493,133,488,174,543,249,682,349,730,436,759,604,728,678,619,793,544,858,551,633,213,909,209,816,167,1000,508,743,102,541,211,619,165,527,218,445,271,382,306,349,304,339,312,318,318,303,325,287,322,274,316,266,312,251
64,170,2,2,119,0,1953125,12,0,0,0.97,0,0,NaN,0,0,59,81,60,77,72,65,77,46,73,49,87,42,69,62,75,64,73,89,78,94,113,103,117,116,174,108,195,105,252,76,257,159,340,180,281,270,397,568,450,656,520,835,651,812,700,765,728,756,815,725,506,501,814,522,700,550,964,1000,619,476,297,522,379,439,244,380,191,280,185,249,195,187,176,139,158,95,162,82,141,68,129,70,101,77,84
64,170,2,2,119,0,1953125,12,0,0,0.97,0,0,NaN,0,0,24,98,18,96,34,92,47,71,43,75,66,61,56,79,57,74,56,100,50,111,84,125,79,143,141,146,167,150,235,91,249,159,334,138,303,234,432,531,479,620,534,820,646,805,673,760,700,766,777,724,482,513,802,508,688,537,959,1000,622,466,282,522,374,429,230,368,191,266,193,230,199,167,181,122,163,82,159,72,135,72,122,74,96,79,80
64,170,2,2,119,0,1953125,12,0,0,0.97,0,0,NaN,0,0,34,97,31,97,44,90,53,74,50,76,65,62,57,83,57,78,58,109,47,121,84,136,75,158,134,167,159,175,225,113,255,187,345,126,329,208,477,503,547,610,605,834,720,839,718,817,701,846,785,841,473,570,796,544,683,494,999,994,674,440,371,492,467,410,312,371,202,304,153,288,141,235,131,187,121,148,139,112,130,98,126,73,110,76,94
64,170,2,2,119,0,1953125,12,0,0,0.97,0,0,NaN,0,0,338,380,351,390,354,388,355,404,357,402,348,405,352,405,329,396,331,400,312,381,301,399,283,368,263,412,250,408,202,444,198,493,145,499,164,557,189,720,299,762,384,822,558,793,625,685,770,618,843,656,627,291,874,237,764,148,1000,535,746,136,560,163,648,101,548,168,475,237,408,278,381,283,362,293,342,302,320,313,307,310,292,309,279,306,265
64,170,2,2,119,0,1953125,12,0,0,0.97,0,0,NaN,0,0,390,340,403,346,400,348,411,357,412,351,412,353,414,346,400,339,406,331,387,310,404,310,377,282,396,284,396,264,390,324,376,300,425,387,348,439,345,693,336,734,346,936,363,935,338,940,276,962,326,1000,106,756,411,716,383,598,683,976,378,598,352,435,485,413,429,318,435,248,440,215,430,221,415,232,394,231,387,239,379,229,362,236,352,234,328
64,170,2,2,119,0,1953125,12,0,0,0.97,0,0,NaN,0,0,390,350,404,358,402,357,414,371,412,361,413,368,417,358,404,349,410,347,389,322,405,325,378,294,396,303,393,287,382,348,367,337,413,415,333,473,301,726,286,774,291,966,319,965,305,970,304,979,362,1000,148,738,487,699,462,596,761,983,438,586,390,405,527,384,473,286,466,221,466,194,449,205,434,224,408,226,403,235,393,233,374,237,362,238,336
64,170,2,2,119,0,1953125,12,0,0,0.98,0,0,NaN,0,0,115,24,106,9,101,18,97,28,76,18,87,31,67,38,82,24,68,42,90,35,109,43,120,49,161,47,177,46,244,94,242,133,320,212,275,297,431,622,497,679,561,896,717,890,754,858,811,848,873,857,585,566,826,527,684,489,916,999,676,497,371,532,439,466,301,403,197,293,135,266,133,208,115,174,108,125,112,98,99,76,92,55,75,53,65
64,170,2,2,119,0,1953125,12,0,0,0.97,0,0,NaN,0,0,327,396,335,407,338,405,340,417,345,418,332,418,338,420,321,407,315,412,302,397,268,407,276,392,232,424,233,422,216,420,249,484,221,438,321,468,468,522,585,545,676,516,847,486,905,363,964,320,1000,344,731,194,880,234,715,265,865,608,735,278,489,441,516,389,423,397,334,403,262,418,243,403,252,393,250,383,245,379,239,368,234,354,235,342,230
64,170,2,2,119,0,1953125,12,0,0,0.97,0,0,NaN,0,0,337,402,346,416,348,411,352,426,356,423,342,426,347,427,331,416,325,422,310,407,278,420,280,397,241,439,232,438,200,448,222,517,173,481,268,529,402,617,515,649,616,639,791,609,861,480,948,412,999,433,738,157,938,166,782,202,975,565,788,184,541,374,591,312,491,344,398,367,323,392,294,384,294,381,285,373,273,375,262,368,253,358,252,344,243
64,170,2,2,119,0,1953125,12,0,0,0.97,0,0,NaN,0,0,93,48,84,50,86,59,67,56,67,60,60,61,65,57,74,55,88,47,101,50,136,68,133,59,171,130,172,133,177,206,142,269,204,290,126,350,305,575,406,613,529,727,697,701,775,635,792,654,856,625,521,503,740,523,554,535,814,999,534,510,230,514,344,428,230,348,210,241,206,208,205,148,181,117,157,81,154,73,131,71,121,72,95,81,83
64,170,2,2,119,0,1953125,12,0,0,0.97,0,0,NaN,0,0,75,66,66,69,59,77,45,71,43,77,39,72,53,72,53,68,73,73,76,88,101,113,87,123,103,180,93,199,81,229,81,297,142,264,185,299,383,457,509,465,599,600,735,569,767,588,734,665,742,664,399,596,618,606,479,593,782,1000,469,488,264,388,423,302,333,208,294,146,242,147,208,143,152,127,120,129,86,129,72,112,63,110,62,83,63
64,170,2,2,119,0,1953125,12,0,0,0.97,0,0,NaN,0,0,42,92,42,94,58,81,61,65,58,69,73,55,63,75,64,74,62,104,57,112,93,124,94,144,150,144,175,153,241,99,263,170,344,133,314,228,448,527,507,615,563,829,677,826,700,812,731,832,798,799,496,571,833,543,700,513,995,1000,674,452,347,495,439,424,285,371,187,302,162,279,159,223,146,171,135,133,148,98,134,87,133,70,110,77,91
64,170,2,2,119,0,1953125,12,0,0,0.97,0,0,NaN,0,0,31,96,26,100,36,92,49,76,43,76,63,63,53,83,55,80,57,106,44,117,76,134,69,157,122,165,147,182,218,124,243,196,330,117,317,196,472,488,540,575,587,795,690,795,687,789,696,843,756,815,464,595,801,552,696,515,1000,990,666,412,359,460,461,378,307,353,201,291,149,283,134,230,120,187,113,145,131,116,124,98,120,71,110,76,91
64,170,2,2,119,0,1953125,12,0,0,0.97,0,0,NaN,0,0,22,101,12,102,21,98,33,81,32,86,53,69,46,90,50,83,53,111,35,122,67,146,48,166,99,187,118,202,187,159,227,231,309,137,320,192,488,451,573,537,624,750,723,762,719,776,680,842,744,817,431,620,775,599,678,537,993,1000,658,420,384,425,481,346,337,318,227,279,161,275,124,235,104,193,91,165,108,127,108,111,110,85,105,74,85
64,170,2,2,119,0,1953125,12,0,0,0.97,0,0,NaN,0,0,51,80,41,87,35,90,17,78,19,85,23,72,36,78,39,76,60,88,48,103,74,129,49,145,64,194,63,216,87,215,128,287,198,219,244,242,435,406,547,446,622,611,745,613,749,647,679,735,715,725,371,619,661,630,559,593,885,1000,540,455,337,364,463,276,358,218,281,194,219,204,173,190,120,165,87,155,67,140,72,126,71,103,79,83,70
64,170,2,2,119,0,1953125,12,0,0,0.97,0,0,NaN,0,0,24,92,21,93,31,90,40,73,38,78,56,65,45,80,50,77,49,101,34,114,67,134,59,154,105,169,129,183,194,136,228,202,310,126,306,182,457,443,526,523,571,738,678,746,680,753,653,804,730,768,419,561,767,568,690,547,1000,964,643,409,369,421,445,349,313,324,203,277,154,273,129,226,115,182,101,151,118,116,112,98,115,76,107,72,87
64,170,1,2,119,0,1953125,12,0,0,0.97,0,0,NaN,0,0,32,93,33,94,45,86,54,69,50,73,65,60,57,78,59,74,56,100,52,112,81,129,77,146,128,158,157,168,224,112,243,178,328,125,312,203,457,489,516,565,559,787,674,779,682,783,687,810,746,772,447,552,801,559,724,540,1000,983,675,422,354,456,437,380,294,354,192,285,148,272,141,220,129,176,120,138,135,106,125,85,119,71,106,73,85
64,170,1,2,119,0,1953125,12,0,0,0.97,0,0,NaN,0,0,78,64,68,67,61,75,45,69,45,72,34,66,47,69,51,63,74,69,77,79,103,105,94,112,109,175,98,195,81,228,73,292,137,267,168,287,371,456,503,472,601,594,738,565,777,590,725,656,743,665,405,576,621,619,503,601,758,1000,478,499,268,394,430,313,341,215,303,150,249,150,224,145,159,133,128,135,94,131,81,114,62,111,63,87,64
64,170,1,2,119,0,1953125,12,0,0,0.97,0,0,NaN,0,0,30,101,23,103,34,97,40,74,40,80,57,62,49,81,50,82,53,107,37,120,72,141,60,165,115,178,140,193,214,134,242,205,337,128,327,186,485,488,564,569,611,801,720,804,725,824,704,858,762,845,449,581,799,586,735,535,1000,999,698,444,400,458,486,390,338,361,218,300,160,295,138,247,124,201,111,162,132,125,126,100,129,78,113,78,94
64,170,1,2,119,0,1953125,12,0,0,0.97,0,0,NaN,0,0,29,102,16,104,18,101,24,85,24,95,46,73,44,89,43,85,51,108,28,122,62,151,35,167,81,200,103,221,170,175,205,246,298,155,313,188,500,444,591,510,647,744,759,753,750,790,693,839,724,843,409,610,726,605,680,553,969,1000,668,449,413,414,511,339,368,310,259,277,176,275,137,241,99,199,83,174,96,139,104,114,101,89,101,78,85
64,170,1,2,119,0,1953125,12,0,0,0.97,0,0,NaN,0,0,29,102,16,101,24,96,31,86,30,84,47,72,44,85,41,79,49,106,28,121,63,146,43,171,92,193,114,212,186,158,220,234,314,139,324,181,496,458,589,537,642,774,755,783,740,812,691,851,737,851,414,596,751,601,702,544,985,999,685,449,420,435,512,365,363,334,244,289,169,291,135,248,108,207,95,169,114,134,119,116,114,88,110,81,94
64,170,1,2,119,0,1953125,12,0,0,0.97,0,0,NaN,0,0,40,97,38,89,55,86,58,67,59,67,72,57,56,74,65,78,61,100,53,110,91,132,92,152,147,153,173,161,243,99,257,172,351,133,321,219,463,536,532,620,585,844,701,838,714,834,726,845,794,834,485,545,819,558,744,535,988,1000,705,482,398,510,464,438,310,395,203,316,167,295,166,232,148,181,139,138,150,104,143,92,134,76,115,83,97
64,170,1,2,119,0,1953125,12,0,0,0.97,0,0,NaN,0,0,39,93,28,96,18,99,5,86,10,86,31,74,39,87,40,84,58,101,40,115,66,142,38,163,65,201,76,224,124,204,170,278,252,199,287,218,478,412,583,474,659,686,771,689,770,738,701,798,730,812,399,610,674,629,652,612,930,999,633,483,404,393,509,319,387,270,286,242,211,249,163,227,113,195,85,173,80,149,85,124,89,105,93,83,81
64,170,1,2,119,0,1953125,12,0,0,0.97,0,0,NaN,0,0,66,66,57,71,49,78,37,69,35,76,33,66,45,70,47,65,67,75,66,84,93,110,80,121,94,174,87,196,78,221,88,290,154,255,183,276,380,425,495,450,597,590,721,559,748,587,692,657,721,668,394,571,601,631,579,664,832,1000,517,512,308,396,439,300,341,209,294,162,243,166,208,160,149,146,119,140,87,136,79,116,66,107,69,85,67
64,170,1,2,119,0,1953125,12,0,0,0.96,0,0,NaN,0,0,319,328,330,324,335,326,351,322,352,314,365,309,368,290,370,285,376,260,366,247,390,222,374,201,399,173,402,155,407,192,405,153,455,243,402,280,404,528,401,578,410,787,417,779,384,816,256,861,299,858,55,701,368,697,429,679,653,1000,317,585,297,431,423,371,392,271,413,178,430,147,424,146,396,164,381,172,370,178,360,193,343,195,323,208,300
64,170,1,2,119,0,1953125,12,0,0,0.96,0,0,NaN,0,0,362,301,374,296,375,301,390,303,389,295,393,301,391,292,379,291,385,289,359,278,366,294,340,265,343,315,329,307,293,365,271,414,256,443,188,501,16,688,82,745,190,842,349,818,442,753,581,711,672,707,482,386,779,342,783,306,1000,655,691,252,511,103,614,24,510,118,449,212,399,256,360,273,324,294,294,311,269,323,249,324,224,326,208,329,192
64,170,1,2,119,0,1953125,12,0,0,0.96,0,0,NaN,0,0,345,287,355,283,357,288,370,292,364,289,365,299,362,292,348,294,350,294,327,286,325,308,301,283,296,333,275,329,234,377,212,429,180,439,138,491,86,640,174,682,280,745,426,710,513,626,649,569,736,567,526,258,802,222,795,233,1000,569,691,145,485,164,569,120,463,196,390,268,332,304,294,311,265,320,238,333,216,334,203,332,185,327,177,323,170
64,170,1,2,119,0,1953125,12,0,0,0.96,0,0,NaN,0,0,324,324,335,317,338,322,355,317,357,307,372,302,375,282,374,277,384,254,370,236,396,218,376,195,402,177,403,156,407,201,404,173,444,267,391,310,376,555,372,609,368,811,378,806,344,837,266,871,317,878,102,713,419,686,480,663,712,1000,358,575,326,396,460,346,415,240,431,152,440,126,430,132,399,158,384,172,369,183,357,202,333,208,315,218,294
64,170,1,2,119,0,1953125,12,0,0,0.96,0,0,NaN,0,0,373,320,385,315,391,317,406,317,407,307,415,308,414,296,405,294,412,284,392,267,406,278,381,241,392,281,381,271,350,340,336,371,342,428,263,493,132,717,100,772,125,907,256,887,323,845,477,819,578,833,402,536,727,477,750,431,1000,804,634,369,501,145,630,100,529,40,493,146,457,190,422,227,380,258,350,283,323,301,303,309,272,315,251,318,232
64,170,1,2,119,0,1953125,12,0,0,0.96,0,0,NaN,0,0,288,333,294,329,299,335,312,332,313,330,325,325,325,307,327,304,334,280,326,269,348,243,337,238,360,193,373,182,391,154,402,101,455,143,435,150,491,345,535,390,554,611,592,618,557,697,411,770,406,779,207,723,273,714,201,688,431,1000,166,617,144,532,253,474,252,385,304,292,353,258,362,225,351,212,350,189,350,181,348,176,334,168,326,169,311
64,170,1,2,119,0,1953125,12,0,0,0.97,0,0,NaN,0,0,26,98,14,100,10,99,18,82,17,87,39,73,38,85,38,81,54,106,35,119,63,146,36,170,78,195,95,217,159,184,196,256,283,167,313,207,482,423,575,498,642,720,759,733,750,786,706,843,756,865,448,666,754,644,675,583,960,1000,654,455,411,431,522,355,379,316,273,280,200,280,151,248,115,204,92,176,102,144,105,120,109,99,105,84,89
64,170,1,2,119,0,1953125,12,0,0,0.97,0,0,NaN,0,0,57,83,59,81,71,67,74,51,70,53,80,45,68,65,70,66,68,89,72,97,109,107,110,126,170,119,191,124,250,84,262,160,338,162,295,256,410,552,471,630,532,836,672,823,715,814,757,811,842,805,557,564,850,566,741,559,963,1000,671,496,344,539,428,462,283,405,212,306,196,275,194,207,180,157,162,114,162,91,144,83,134,75,110,83,94
64,170,1,2,119,0,1953125,12,0,0,0.97,0,0,NaN,0,0,59,81,47,89,40,92,22,81,21,87,23,76,41,80,37,74,64,88,57,102,85,127,61,150,74,199,70,223,85,226,112,294,189,233,235,250,435,420,567,449,648,636,783,631,793,691,735,756,747,804,426,653,662,656,562,608,826,1000,549,488,354,397,505,322,395,241,321,208,250,217,201,206,141,180,103,171,82,154,81,130,72,111,79,91,77
64,170,1,2,119,0,1953125,12,0,0,0.97,0,0,NaN,0,0,56,87,54,81,69,71,72,54,69,58,80,49,68,71,71,69,68,93,71,104,109,112,109,134,168,127,195,133,254,79,267,161,348,159,298,248,419,558,485,643,546,856,685,850,723,829,768,837,844,830,560,568,851,557,745,551,959,1000,681,498,356,543,441,472,285,413,213,320,196,287,196,215,180,166,166,122,167,93,146,86,144,79,116,87,96
64,170,1,2,119,0,1953125,12,0,0,0.97,0,0,NaN,0,0,28,106,12,107,19,106,26,88,23,92,47,77,46,92,44,88,56,115,34,128,64,150,39,179,90,203,107,226,179,178,210,252,306,154,319,190,501,443,600,524,660,775,788,789,777,829,727,878,763,905,463,665,765,635,690,567,957,999,672,449,415,437,531,365,384,335,276,296,193,294,149,257,109,211,94,179,105,146,108,126,114,97,109,85,92
64,170,1,2,119,0,1953125,12,0,0,0.97,0,0,NaN,0,0,50,92,50,91,62,82,70,63,66,66,80,53,66,73,68,73,64,103,65,110,103,125,103,150,161,142,189,149,256,85,268,166,356,145,310,235,443,556,516,652,572,883,720,882,745,858,769,871,852,865,561,588,867,574,756,538,970,1000,690,489,373,542,456,466,302,420,216,332,191,303,189,235,173,180,160,132,170,104,155,86,143,78,118,86,97
64,170,1,2,119,0,1953125,12,0,0,0.97,0,0,NaN,0,0,56,87,56,86,69,74,77,56,72,59,84,51,69,69,72,70,69,94,71,106,111,115,107,136,175,126,198,128,262,77,269,159,352,159,296,249,418,569,486,657,553,881,704,866,740,842,780,848,859,829,567,562,861,563,746,540,949,1000,670,493,346,545,431,472,285,418,213,325,199,289,201,216,186,165,169,120,172,94,153,90,143,77,116,90,99
64,170,1,2,119,0,1953125,12,0,0,0.97,0,0,NaN,0,0,98,38,89,45,88,55,73,52,67,59,63,57,65,56,71,54,88,49,99,53,131,75,128,78,158,141,158,164,148,218,118,287,160,288,115,329,316,527,451,559,572,680,748,643,806,618,804,660,834,672,521,560,695,609,555,613,723,1000,482,547,225,477,394,405,309,291,298,187,268,156,251,120,202,107,165,94,138,113,113,100,94,104,72,91,74
64,170,1,2,119,0,1953125,12,0,0,0.97,0,0,NaN,0,0,29,103,14,108,23,100,32,88,29,92,51,75,46,92,46,87,52,113,35,132,67,152,44,179,99,200,122,220,196,172,231,243,322,142,331,181,503,462,603,553,656,807,788,821,781,860,746,906,785,909,475,649,800,651,747,576,979,999,692,457,412,443,528,391,385,354,266,315,193,309,153,266,124,217,104,182,120,148,123,126,118,100,120,90,99
64,170,1,2,119,0,1953125,12,0,0,0.97,0,0,NaN,0,0,86,55,78,59,73,69,53,65,53,72,47,69,57,66,59,64,83,62,86,76,118,97,106,108,128,165,120,192,102,230,84,300,140,279,145,303,351,473,483,502,604,631,765,604,815,616,776,670,796,691,474,581,643,633,539,621,731,1000,474,531,255,430,426,354,342,244,315,167,272,153,243,138,186,127,149,126,113,132,89,123,77,114,70,95,70
64,170,1,2,119,0,1953125,12,0,0,0.97,0,0,NaN,0,0,33,103,17,109,14,109,12,91,18,96,39,80,43,95,42,88,60,114,37,130,65,153,33,182,78,210,92,235,164,198,200,272,293,174,308,190,499,434,602,509,674,761,811,774,803,824,735,878,760,877,438,657,748,670,705,592,933,1000,643,454,400,408,526,339,395,308,290,279,211,287,155,249,105,211,84,184,94,153,95,121,101,99,104,85,88
64,170,1,2,119,0,1953125,12,0,0,0.97,0,0,NaN,0,0,374,370,389,382,385,382,392,398,393,390,388,398,390,394,367,384,378,385,352,365,359,377,337,339,339,378,327,370,292,430,271,456,270,502,198,555,32,799,86,850,173,1000,353,982,430,937,585,900,648,893,470,561,792,549,791,474,954,785,674,399,532,173,676,147,590,67,542,113,502,146,470,184,444,216,414,234,393,256,373,261,357,267,340,267,318
64,170,2,2,119,0,1953125,12,0,0,0.97,0,0,NaN,0,0,34,109,26,109,40,101,51,82,46,86,67,70,55,89,63,87,57,115,48,130,81,151,73,180,130,186,157,198,237,138,261,204,359,125,340,190,506,521,587,607,645,876,781,878,781,904,767,920,819,900,501,629,859,649,800,563,999,989,694,455,407,493,511,427,358,393,241,338,182,326,157,267,138,208,126,170,145,131,139,114,136,86,122,85,100
64,170,2,2,119,0,1953125,12,0,0,0.97,0,0,NaN,0,0,25,110,9,112,30,105,40,88,36,94,60,77,53,96,55,91,60,119,40,134,75,160,56,185,108,205,132,220,210,170,244,238,341,146,343,184,519,486,605,570,662,834,798,842,792,891,766,920,794,903,486,668,827,672,779,592,1000,999,678,455,410,464,529,387,375,357,262,319,188,310,146,265,121,219,105,177,121,141,121,120,126,92,119,82,100
64,170,2,2,119,0,1953125,12,0,0,0.97,0,0,NaN,0,0,26,104,13,108,20,101,29,88,26,93,53,77,50,95,51,90,57,118,37,130,68,158,45,178,97,207,119,220,193,178,229,247,325,155,332,179,509,459,600,542,658,801,796,806,781,854,751,907,789,889,479,666,803,675,763,609,998,1000,667,454,409,441,524,368,380,340,268,305,196,303,147,261,114,212,95,181,111,148,116,121,120,97,115,88,95
64,170,2,2,119,0,1953125,12,0,0,0.97,0,0,NaN,0,0,61,80,49,87,42,89,22,82,25,88,27,77,43,82,44,80,67,90,58,103,86,130,68,150,81,199,72,224,84,232,112,305,190,248,225,250,428,421,549,453,635,638,783,617,792,672,734,750,751,759,431,651,662,679,619,669,847,1000,524,501,330,387,475,293,373,226,313,196,249,204,203,191,140,170,105,163,78,148,77,128,72,111,79,92,72
64,170,2,2,119,0,1953125,12,0,0,0.97,0,0,NaN,0,0,29,94,29,95,43,87,53,73,49,75,67,63,59,80,61,79,60,106,54,117,82,138,78,155,128,165,155,174,225,126,245,191,337,138,315,186,454,485,525,561,566,802,695,784,686,794,701,831,761,802,510,617,832,624,810,615,1000,966,657,445,363,471,450,379,302,359,209,301,165,286,148,232,131,183,119,142,137,115,128,99,124,80,109,77,92
64,170,2,2,119,0,1953125,12,0,0,0.97,0,0,NaN,0,0,30,93,29,91,40,84,52,69,48,73,64,62,58,80,56,77,58,103,53,114,80,132,80,149,127,160,153,171,222,125,242,186,332,137,315,190,451,479,513,556,554,788,681,770,680,785,696,820,764,796,511,611,836,632,815,621,1000,966,660,440,353,468,445,384,299,359,210,300,168,284,150,231,133,179,123,144,136,113,131,95,127,76,110,76,92
64,170,2,2,119,0,1953125,12,0,0,0.97,0,0,NaN,0,0,34,90,40,88,50,80,59,67,58,67,70,59,62,76,65,74,63,101,61,110,88,126,91,143,141,152,168,153,236,111,255,170,332,142,313,202,444,507,505,579,541,802,671,784,676,785,711,822,781,782,516,604,849,608,804,609,1000,980,661,446,332,487,431,402,281,371,199,302,166,281,159,221,142,178,135,133,142,106,135,90,127,73,112,79,94
64,170,2,2,119,0,1953125,12,0,0,0.97,0,0,NaN,0,0,58,80,46,84,38,88,21,77,24,88,27,75,43,81,43,79,66,90,58,101,81,126,64,145,78,191,72,216,86,227,113,291,184,244,231,250,420,419,528,441,609,610,749,595,758,640,709,732,736,732,417,652,683,678,622,674,855,1000,526,492,307,383,459,291,361,223,297,190,240,197,193,183,130,161,102,154,76,140,77,128,66,108,75,87,70
64,170,2,2,119,0,1953125,12,0,0,0.97,0,0,NaN,0,0,22,95,12,98,17,93,26,81,27,85,46,72,45,85,46,81,53,106,33,116,63,144,44,162,91,190,105,203,178,169,210,231,294,150,310,178,478,429,544,492,600,720,716,721,698,751,674,824,735,809,440,652,782,649,759,624,999,991,636,428,358,422,476,329,337,315,243,279,178,273,137,240,106,193,91,168,108,135,108,113,109,89,107,81,89
64,170,2,2,119,0,1953125,12,0,0,0.97,0,0,NaN,0,0,22,101,10,104,18,98,25,82,22,88,48,74,48,90,46,84,55,112,35,125,66,148,44,169,90,193,110,215,181,176,212,241,297,152,322,195,488,441,571,512,622,732,751,749,727,776,700,860,767,850,467,682,799,654,725,603,984,999,668,458,382,426,496,344,354,322,254,287,187,282,143,245,106,196,93,171,111,138,115,121,113,93,106,81,91
64,170,1,2,119,0,1953125,12,0,0,0.97,0,0,NaN,0,0,45,93,31,98,21,98,5,83,12,91,29,75,40,86,37,82,56,101,42,117,66,145,40,160,65,201,69,224,122,213,153,277,235,199,274,215,466,408,558,442,632,649,758,652,745,703,700,786,734,799,411,661,703,657,652,630,905,1000,576,461,346,375,478,289,369,248,282,228,217,237,165,217,112,184,79,169,76,144,81,125,81,106,90,88,77
64,170,1,2,119,0,1953125,12,0,0,0.97,0,0,NaN,0,0,68,75,58,77,49,85,33,76,32,83,27,75,47,76,46,74,70,82,63,98,91,124,76,138,86,189,79,210,77,232,91,289,156,251,216,267,409,440,522,434,607,590,743,572,749,599,732,700,747,724,410,661,658,654,568,637,806,1000,500,491,291,383,440,292,355,209,300,172,247,175,206,170,144,150,111,150,82,137,75,125,63,109,70,88,69
64,170,1,2,119,0,1953125,12,0,0,0.97,0,0,NaN,0,0,28,100,16,102,13,100,20,86,21,91,42,78,45,92,41,85,53,108,32,123,62,148,35,171,78,202,98,220,163,190,202,249,282,164,323,191,491,441,589,494,630,713,755,728,731,762,713,838,733,851,429,679,762,647,709,598,954,1000,650,440,369,414,496,330,359,304,261,270,187,276,143,242,101,196,83,173,101,145,102,120,104,97,102,82,86
64,170,1,2,119,0,1953125,12,0,0,0.97,0,0,NaN,0,0,87,46,80,51,78,58,60,61,61,68,54,65,62,62,66,60,83,58,90,67,119,83,115,92,137,154,137,176,123,224,104,288,147,287,146,314,327,499,450,515,558,614,722,587,768,573,767,644,799,649,482,611,688,623,534,636,748,1000,465,527,230,447,383,349,304,249,287,164,259,143,235,120,180,105,145,105,117,114,96,103,77,106,67,88,63
64,170,1,2,119,0,1953125,12,0,0,0.97,0,0,NaN,0,0,32,96,31,97,43,88,53,74,48,75,65,64,57,79,57,81,55,104,48,120,80,136,71,160,130,168,156,176,224,122,252,192,335,124,326,194,463,488,532,566,571,787,699,802,694,804,718,852,779,826,501,630,838,594,747,574,1000,989,662,436,360,474,451,384,304,363,205,306,164,293,145,236,132,186,120,150,140,114,130,92,129,76,113,78,96
64,170,1,2,119,0,1953125,12,0,0,0.97,0,0,NaN,0,0,79,61,68,66,64,76,46,69,43,76,39,68,51,70,55,67,76,69,76,81,106,105,95,117,113,173,103,194,91,231,82,296,141,272,175,297,366,462,494,472,582,594,742,570,766,580,751,673,765,685,454,652,674,650,536,652,766,1000,461,505,264,411,419,316,336,222,301,155,259,154,223,145,167,130,132,133,102,129,85,119,68,113,70,92,68
64,170,1,2,119,0,1953125,12,0,0,0.97,0,0,NaN,0,0,26,98,21,98,34,92,45,79,43,79,62,67,54,85,56,85,57,110,44,122,79,146,66,165,119,179,146,190,217,144,251,209,332,132,335,201,481,482,560,559,596,786,720,793,711,816,732,872,780,844,505,661,848,638,747,601,1000,980,657,432,378,469,466,379,325,362,218,302,169,292,136,241,125,190,110,160,129,119,123,102,120,79,110,78,90
64,170,1,2,119,0,1953125,12,0,0,0.97,0,0,NaN,0,0,23,99,9,101,21,98,29,80,33,85,50,72,51,89,50,87,56,108,35,123,68,146,48,169,98,192,125,208,190,166,230,236,312,146,328,192,486,452,574,529,619,750,738,769,729,799,721,863,762,839,482,691,834,670,747,633,1000,989,642,425,387,452,488,357,352,340,243,295,179,289,138,246,113,197,97,171,115,130,116,113,119,90,110,81,91
64,170,1,2,119,0,1953125,12,0,0,0.97,0,0,NaN,0,0,24,98,13,102,19,99,24,85,24,86,43,72,45,89,44,83,53,109,33,124,67,149,42,173,90,199,113,213,178,178,218,247,305,156,331,196,488,448,593,525,635,747,761,768,747,811,725,874,766,864,478,698,822,687,729,626,988,1000,638,424,391,442,501,354,366,335,255,290,185,288,139,249,110,202,96,175,111,142,113,121,111,95,108,86,91
64,170,1,2,119,0,1953125,12,0,0,0.97,0,0,NaN,0,0,24,103,10,102,18,99,27,87,29,89,48,74,47,90,46,86,56,112,33,127,68,154,47,177,91,199,115,219,182,179,220,244,311,155,331,196,495,450,589,530,645,755,764,774,762,818,722,877,774,873,484,696,826,691,732,625,981,1000,633,417,400,443,506,353,369,337,257,292,188,288,139,246,111,203,91,170,106,138,114,124,108,92,107,80,91
64,170,1,2,119,0,1953125,12,0,0,0.97,0,0,NaN,0,0,28,103,13,101,21,99,24,83,23,89,42,75,42,88,46,85,52,111,32,127,66,153,43,176,88,203,114,221,178,182,219,249,307,156,332,198,492,450,595,528,645,764,776,783,768,827,730,890,785,886,492,703,833,712,742,630,974,1000,635,420,403,448,515,364,379,342,264,298,194,296,143,257,115,209,92,178,112,144,113,119,115,94,112,85,93
64,170,1,2,119,0,1953125,12,0,0,0.97,0,0,NaN,0,0,43,94,44,93,55,83,66,65,62,68,77,58,65,76,65,77,68,105,62,113,97,131,97,150,156,149,185,157,253,101,269,171,361,142,326,226,448,544,520,632,569,855,709,858,738,859,767,873,847,850,565,625,912,657,817,600,985,1000,664,452,355,530,447,444,304,414,211,321,183,301,177,234,166,180,155,139,164,106,141,84,140,76,116,84,97
64,170,1,2,119,0,1953125,12,0,0,0.97,0,0,NaN,0,0,81,65,71,72,62,76,46,72,45,78,39,69,51,71,54,69,74,74,81,85,107,108,98,121,114,180,107,204,87,235,83,306,148,278,177,304,375,463,514,483,615,617,774,598,819,635,773,698,793,728,468,652,688,709,580,676,736,1000,465,489,281,411,451,332,369,240,326,168,268,163,231,156,171,139,133,139,102,137,79,120,69,115,69,93,65
64,170,1,2,119,0,1953125,12,0,0,0.97,0,0,NaN,0,0,101,39,104,27,103,11,98,10,93,26,86,38,83,42,84,45,104,40,114,42,148,63,151,73,174,147,170,184,151,240,103,319,159,306,170,339,397,513,556,511,672,670,853,658,869,717,801,789,808,846,452,717,714,758,651,672,836,999,559,439,385,394,525,332,407,298,290,270,210,277,145,248,113,198,90,171,117,127,119,110,122,73,113,76,90
64,170,1,2,119,0,1953125,12,0,0,0.97,0,0,NaN,0,0,101,39,104,27,103,11,98,10,93,26,86,38,83,42,84,45,104,40,114,42,148,63,151,73,174,147,170,184,151,240,103,319,159,306,170,339,397,513,556,511,672,670,853,658,869,717,801,789,808,846,452,717,714,758,651,672,836,999,559,439,385,394,525,332,407,298,290,270,210,277,145,248,113,198,90,171,117,127,119,110,122,73,113,76,90
64,170,1,2,119,0,1953125,12,0,0,0.97,0,0,NaN,0,0,42,64,106,81,18,84,109,54,31,96,92,38,68,89,57,64,104,74,50,125,150,70,114,199,171,73,172,246,188,80,226,335,261,122,312,414,440,430,586,738,654,728,804,916,881,645,881,927,957,805,478,818,844,717,717,824,1000,953,609,570,436,461,456,504,444,311,235,319,326,219,170,243,236,133,112,176,176,102,107,149,140,94,92,114,98
64,170,1,2,119,0,1953125,12,0,0,0.97,0,0,NaN,0,0,53,91,40,97,31,99,11,87,14,91,24,78,38,89,40,81,62,101,52,119,76,141,49,169,65,211,66,241,105,227,140,300,234,227,274,245,483,426,594,463,681,679,814,687,820,753,761,817,760,846,441,707,731,733,677,692,860,1000,561,442,380,391,524,324,411,270,322,238,241,245,187,227,128,193,92,178,79,157,87,141,85,117,94,93,82
64,170,1,2,119,0,1953125,12,0,0,0.97,0,0,NaN,0,0,36,104,21,108,14,106,13,93,15,99,39,80,42,93,42,88,53,111,34,126,66,154,33,182,68,210,88,239,157,206,186,278,295,187,320,214,512,439,613,501,685,741,811,759,800,813,756,874,767,897,467,715,779,722,733,669,929,1000,626,423,409,417,538,349,409,319,299,279,212,282,159,254,109,210,84,186,91,156,100,129,101,103,105,86,86
64,170,1,2,119,0,1953125,12,0,0,0.97,0,0,NaN,0,0,95,41,88,33,97,15,92,6,87,12,85,28,80,42,81,39,91,52,102,45,140,51,148,48,193,72,207,83,231,150,200,225,262,270,169,340,296,594,395,635,514,764,703,730,772,666,827,685,873,679,583,578,797,625,667,656,769,999,507,535,230,520,377,444,294,342,287,220,272,176,258,124,213,101,180,89,152,101,128,103,103,107,80,96,77
64,170,1,2,119,0,1953125,12,0,0,0.97,0,0,NaN,0,0,72,77,75,73,83,59,87,43,78,42,91,38,75,62,79,60,76,83,87,92,123,97,129,112,186,94,211,97,269,88,261,162,350,205,280,294,388,599,449,668,523,860,688,846,737,794,822,808,885,769,598,581,898,614,789,628,925,999,621,504,298,564,405,490,272,416,229,302,224,258,230,185,206,139,184,97,174,85,156,85,134,88,108,89,91
64,170,1,2,119,0,1953125,12,0,0,0.97,0,0,NaN,0,0,83,60,80,55,89,39,90,25,82,26,90,34,76,51,82,54,83,71,93,69,130,75,139,81,191,77,212,77,256,108,245,179,319,235,244,316,347,597,415,655,506,821,674,790,736,738,822,754,875,715,593,567,860,605,746,650,881,1000,590,520,267,554,383,476,269,392,245,272,241,226,240,161,207,116,184,83,167,84,142,86,121,91,91,89,83
64,170,1,2,119,0,1953125,12,0,0,0.97,0,0,NaN,0,0,80,54,79,49,91,33,87,21,82,24,87,31,74,46,80,48,84,64,93,62,130,67,137,71,185,69,206,75,244,115,233,190,303,240,227,314,326,577,398,641,497,796,661,760,722,703,813,732,863,686,583,567,840,601,726,659,877,1000,573,521,257,547,381,461,268,376,254,257,247,210,244,145,207,111,181,84,165,92,138,90,121,96,93,90,81
64,170,1,2,119,0,1953125,12,0,0,0.97,0,0,NaN,0,0,77,57,80,48,88,35,89,22,82,26,88,32,74,49,81,50,83,65,94,66,129,69,134,72,184,73,206,77,245,112,236,185,304,232,234,311,329,572,394,638,492,789,655,760,709,697,801,730,864,686,593,577,843,601,729,657,889,1000,579,519,267,553,388,460,263,373,249,258,244,215,240,151,206,111,181,81,166,88,133,77,121,94,95,91,84
64,170,1,2,119,0,1953125,12,0,0,0.97,0,0,NaN,0,0,93,21,90,12,96,6,85,16,81,27,79,37,75,44,80,44,91,44,102,37,135,48,139,39,174,91,184,107,190,178,171,244,217,280,150,338,288,552,397,580,512,695,685,650,735,594,792,653,832,638,544,591,748,631,615,672,783,1000,494,535,251,498,400,400,304,294,292,185,263,151,247,121,196,101,157,103,131,113,105,101,86,107,70,90,70
64,170,1,2,119,0,1953125,12,0,0,0.97,0,0,NaN,0,0,79,52,77,48,89,31,88,19,83,21,87,30,76,47,84,52,85,63,97,64,132,66,138,65,184,71,205,70,238,117,228,188,290,235,226,323,321,579,400,634,490,780,655,752,707,684,802,719,857,682,566,571,830,595,698,630,852,999,578,532,258,556,388,456,264,366,253,248,246,208,242,142,202,105,178,79,158,89,138,86,111,91,88,89,79
64,170,1,2,119,0,1953125,12,0,0,0.97,0,0,NaN,0,0,50,33,85,89,35,36,84,69,18,50,77,56,41,75,73,52,84,99,67,65,125,120,60,97,159,154,73,145,213,196,134,216,324,261,201,242,419,541,455,490,590,768,648,633,755,686,758,654,830,845,451,605,667,722,710,602,830,1000,598,380,288,473,514,352,265,334,320,244,169,234,268,191,112,155,177,127,73,114,134,97,72,97,107,85,77
64,170,1,2,119,0,1953125,12,0,0,0.97,0,0,NaN,0,0,50,93,37,96,29,101,11,86,12,92,25,80,44,89,43,86,65,102,47,118,76,144,46,165,66,207,68,229,107,224,147,293,223,219,283,244,466,436,599,472,666,662,790,675,766,711,754,813,743,828,421,706,707,681,631,632,873,1000,575,453,391,416,528,324,390,266,311,233,230,238,181,226,121,185,89,177,75,151,80,128,77,105,86,86,75
64,170,1,2,119,0,1953125,12,0,0,0.97,0,0,NaN,0,0,66,80,57,84,48,91,32,79,29,87,29,74,47,79,46,77,73,88,63,100,92,129,75,146,87,197,80,223,78,238,100,305,172,252,234,282,428,445,563,478,660,628,803,638,794,656,772,760,772,777,442,678,668,675,559,633,797,1000,519,491,368,426,510,333,391,241,326,198,260,197,212,194,151,167,114,162,83,149,79,130,69,115,79,95,73
64,170,1,2,119,0,1953125,12,0,0,0.97,0,0,NaN,0,0,67,79,54,86,48,89,29,81,31,87,25,77,46,84,48,75,69,89,65,105,91,131,75,148,84,197,76,222,80,237,106,307,182,255,238,276,435,447,576,481,665,639,804,644,805,671,775,774,780,791,449,689,685,690,574,649,815,1000,520,483,375,428,511,331,395,247,332,206,261,204,211,198,149,171,111,166,83,152,81,136,73,120,82,92,73
64,170,1,2,119,0,1953125,12,0,0,0.97,0,0,NaN,0,0,66,74,59,78,49,83,35,78,35,83,32,73,44,75,47,73,70,82,68,92,95,119,81,135,94,187,88,213,80,235,94,301,159,256,214,293,407,445,535,469,632,618,771,613,781,628,769,729,762,727,429,668,678,672,565,662,810,999,497,492,343,424,485,328,372,236,318,185,259,181,214,176,152,152,116,150,85,138,76,124,70,117,74,89,68
64,170,1,2,119,0,1953125,12,0,0,0.97,0,0,NaN,0,0,79,63,69,68,62,75,46,70,45,76,41,69,52,70,55,68,78,70,77,83,107,107,97,121,112,175,107,197,91,234,87,303,144,271,182,313,378,464,507,491,620,615,766,605,790,615,784,709,798,716,474,663,694,669,542,661,781,999,475,515,330,448,464,346,366,245,323,182,276,167,231,160,171,139,133,140,103,138,85,127,72,115,73,94,72
64,170,1,2,119,0,1953125,12,0,0,0.96,0,0,NaN,0,0,360,396,363,403,356,414,361,428,347,430,342,445,329,441,315,445,302,439,285,438,258,433,259,439,238,437,254,444,287,396,329,443,372,346,447,331,633,208,745,209,843,254,976,259,1000,337,948,497,935,482,664,652,722,664,511,730,619,999,503,628,177,720,146,625,60,578,105,506,202,481,247,427,285,394,315,353,331,333,348,301,352,275,360,254,355
64,170,1,2,119,0,1953125,12,0,0,0.96,0,0,NaN,0,0,360,396,363,403,356,414,361,428,347,430,342,445,329,441,315,445,302,439,285,438,258,433,259,439,238,437,254,444,287,396,329,443,372,346,447,331,633,208,745,209,843,254,976,259,1000,337,948,497,935,482,664,652,722,664,511,730,619,999,503,628,177,720,146,625,60,578,105,506,202,481,247,427,285,394,315,353,331,333,348,301,352,275,360,254,355
64,170,2,2,119,0,1953125,12,0,0,0.97,0,0,NaN,0,0,21,109,10,108,20,103,27,85,30,95,59,84,56,105,58,102,72,120,42,131,57,133,12,153,65,167,106,193,205,180,265,272,360,200,388,252,526,457,610,521,634,752,759,801,765,854,799,967,866,975,560,777,875,700,730,604,981,1000,646,426,440,505,565,431,425,416,317,350,228,313,149,255,97,188,75,157,109,132,130,127,141,109,135,105,110
64,170,2,2,119,0,1953125,12,0,0,0.97,0,0,NaN,0,0,34,92,34,93,45,80,60,66,58,66,68,55,66,66,67,73,64,93,64,103,103,114,103,130,163,124,190,125,254,84,259,155,337,166,287,266,384,563,462,647,516,835,669,836,727,782,801,803,876,771,595,597,887,589,719,593,887,1000,601,527,303,576,402,481,277,398,254,279,252,226,242,155,212,110,188,86,171,87,145,93,124,90,93,96,85
64,170,2,2,119,0,1953125,12,0,0,0.97,0,0,NaN,0,0,73,83,62,91,50,96,31,84,30,93,30,81,48,89,46,81,71,100,60,116,88,144,60,171,76,218,75,245,111,234,151,304,243,227,296,246,488,436,623,496,694,730,833,759,829,808,787,904,806,912,481,734,795,708,679,628,930,1000,639,444,440,454,550,373,406,345,288,302,210,295,153,256,119,209,100,179,114,143,116,124,117,90,111,86,96
64,170,2,2,119,0,1953125,12,0,0,0.96,0,0,NaN,0,0,397,362,411,353,417,357,437,355,432,346,447,342,452,322,444,318,454,298,436,275,460,274,435,234,454,260,452,241,432,316,420,329,439,406,358,476,259,733,220,805,187,994,272,995,312,980,435,999,524,989,338,732,697,681,695,618,919,931,559,460,525,241,667,209,588,93,554,96,526,144,488,191,447,238,413,267,391,285,368,305,331,313,313,324,282
64,170,2,2,119,0,1953125,12,0,0,0.96,0,0,NaN,0,0,389,356,403,353,404,357,422,350,426,339,440,338,444,319,439,313,449,291,430,270,453,264,430,226,453,242,453,220,438,290,426,292,460,374,381,436,301,697,273,764,239,970,291,972,300,970,370,999,465,1000,271,755,625,717,634,653,856,965,502,505,486,292,628,262,557,147,535,100,520,122,490,167,452,212,422,238,397,266,377,284,347,287,328,301,298
64,170,2,2,119,0,1953125,12,0,0,0.96,0,0,NaN,0,0,404,361,422,354,425,358,442,356,443,346,456,345,456,328,449,321,460,309,438,288,458,293,431,253,447,287,439,273,413,347,396,368,412,438,329,506,202,759,149,816,130,1000,262,990,330,962,491,955,591,964,413,673,768,623,766,550,983,874,618,411,551,169,684,140,594,45,552,133,520,184,478,229,436,272,400,298,374,319,349,333,311,339,295,346,268
64,170,2,2,119,0,1953125,12,0,0,0.96,0,0,NaN,0,0,364,359,376,352,380,357,397,353,397,343,414,340,419,315,414,312,429,287,413,269,439,248,419,222,448,201,452,178,449,222,446,196,492,281,435,331,413,583,413,637,386,863,403,877,365,919,285,966,329,981,93,800,422,783,423,714,623,1000,321,584,372,409,499,386,461,272,469,188,482,157,464,162,437,193,417,200,406,214,393,228,366,234,351,246,326
64,170,2,2,119,0,1953125,12,0,0,0.97,0,0,NaN,0,0,64,81,50,86,43,91,25,80,26,86,22,71,45,82,44,75,72,89,62,99,91,130,75,145,90,200,82,226,82,239,106,305,184,261,231,281,418,431,554,456,648,639,791,639,819,701,790,786,803,828,481,709,714,714,599,683,803,1000,549,492,366,402,509,335,404,255,334,209,268,212,212,198,153,174,114,166,85,148,80,139,76,117,77,90,74
64,170,2,2,119,0,1953125,12,0,0,0.96,0,0,NaN,0,0,383,356,394,352,399,354,420,353,421,341,433,338,436,314,434,306,446,286,428,264,453,253,431,219,457,221,455,198,447,264,439,255,484,338,407,402,353,658,332,728,295,933,321,943,306,958,317,994,395,1000,199,782,558,758,574,708,766,991,431,541,434,325,572,307,518,196,509,124,504,124,480,156,446,199,420,221,399,240,383,260,353,265,334,277,308
64,170,2,2,119,0,1953125,12,0,0,0.96,0,0,NaN,0,0,383,356,394,352,399,354,420,353,421,341,433,338,436,314,434,306,446,286,428,264,453,253,431,219,457,221,455,198,447,264,439,255,484,338,407,402,353,658,332,728,295,933,321,943,306,958,317,994,395,1000,199,782,558,758,574,708,766,991,431,541,434,325,572,307,518,196,509,124,504,124,480,156,446,199,420,221,399,240,383,260,353,265,334,277,308
64,170,1,2,119,0,1953125,12,0,0,0.96,0,0,NaN,0,0,358,351,372,343,376,349,391,344,394,333,407,332,412,307,412,302,420,279,407,260,431,240,412,213,437,200,440,177,438,226,439,204,483,285,424,339,387,588,386,648,356,858,367,874,338,905,277,955,340,961,122,774,467,770,482,727,669,1000,344,574,364,381,503,354,469,246,471,161,480,136,461,151,432,181,408,198,394,213,381,228,357,236,336,248,314
64,170,1,2,119,0,1953125,12,0,0,0.96,0,0,NaN,0,0,280,337,288,335,288,343,300,341,300,338,310,336,312,321,312,318,317,294,310,290,327,261,320,266,340,221,355,216,379,168,398,135,460,120,445,98,521,247,568,289,598,526,647,543,633,634,505,734,502,726,291,723,340,742,244,783,414,1000,207,606,66,546,178,496,191,420,258,336,313,302,324,265,325,243,331,214,333,205,338,191,328,176,323,168,312
64,170,1,2,119,0,1953125,12,0,0,0.96,0,0,NaN,0,0,282,325,291,320,292,328,303,326,305,321,317,318,319,300,322,295,328,272,320,264,340,236,331,232,355,186,370,176,386,146,398,94,456,131,430,140,477,332,511,379,522,602,555,619,533,693,399,777,392,772,186,738,312,748,276,780,451,1000,170,590,144,495,264,447,269,365,313,273,356,239,361,211,349,200,348,178,343,169,343,168,329,161,320,165,304
