64,170,1,2,119,0,1953125,12,0,0,0.96,0,0,NaN,0,0,19,44,21,47,30,35,22,41,39,25,33,24,28,28,34,27,24,38,40,41,47,43,65,42,88,24,82,24,113,38,97,53,207,144,127,105,233,376,379,412,213,281,299,244,158,271,441,426,274,160,320,539,361,438,853,965,1000,387,263,386,356,329,188,86,115,94,102,76,156,76,133,75,107,65,75,78,62,70,46,74,35,54,37,55,41
64,170,1,2,119,0,1953125,12,0,0,0.96,0,0,NaN,0,0,211,182,213,177,212,192,220,184,224,183,228,188,226,175,223,183,219,173,214,158,218,164,205,141,206,169,187,137,196,177,201,142,264,205,239,244,323,524,301,577,102,408,124,424,147,531,424,429,285,352,279,327,319,634,1000,754,989,46,459,553,747,309,246,63,298,112,245,69,259,147,213,161,177,177,170,192,133,180,140,194,127,170,122,188,110
64,170,1,2,119,0,1953125,12,0,0,0.96,0,0,NaN,0,0,211,182,213,177,212,192,220,184,224,183,228,188,226,175,223,183,219,173,214,158,218,164,205,141,206,169,187,137,196,177,201,142,264,205,239,244,323,524,301,577,102,408,124,424,147,531,424,429,285,352,279,327,319,634,1000,754,989,46,459,553,747,309,246,63,298,112,245,69,259,147,213,161,177,177,170,192,133,180,140,194,127,170,122,188,110
64,170,1,2,119,0,1953125,12,0,0,0.96,0,0,NaN,0,0,21,34,22,41,12,35,11,44,3,38,13,34,14,38,19,32,17,47,21,58,25,65,21,77,46,65,42,88,76,61,75,107,176,124,180,168,311,318,382,318,126,177,163,204,167,345,310,260,33,287,291,284,261,607,1000,811,731,142,425,490,471,358,131,86,71,115,53,125,96,98,86,90,98,48,87,49,75,32,65,40,43,33,49,46,37
64,170,1,2,119,0,1953125,12,0,0,0.96,0,0,NaN,0,0,19,35,20,34,28,29,29,27,36,17,35,20,33,26,35,25,29,33,44,38,56,32,67,33,87,26,78,36,104,61,94,87,180,172,129,210,248,392,361,322,180,165,184,131,228,352,408,273,58,227,309,300,264,656,1000,944,746,186,365,547,495,313,193,58,126,44,105,69,134,67,108,87,84,74,66,86,43,66,39,61,27,52,40,47,39
64,170,1,2,119,0,1953125,12,0,0,0.96,0,0,NaN,0,0,129,154,136,162,135,157,140,168,136,169,133,168,135,172,129,163,130,166,120,166,109,162,111,165,110,148,118,165,124,137,112,187,159,187,188,206,290,219,482,155,310,94,295,50,336,237,427,364,184,226,325,420,216,587,884,1000,652,321,275,569,357,354,199,171,108,146,82,187,137,142,133,130,161,97,158,80,161,83,154,73,143,81,147,68,135
64,170,1,2,119,0,1953125,12,0,0,0.96,0,0,NaN,0,0,153,137,158,137,155,143,164,140,167,139,164,145,166,141,159,143,158,138,154,132,148,140,141,137,125,154,120,148,108,174,120,179,138,250,89,274,140,439,248,409,215,306,228,206,141,436,423,257,228,374,470,238,259,534,1000,784,893,227,357,322,499,336,78,129,154,164,145,131,128,167,111,180,70,164,78,179,66,154,69,157,86,145,67,140,82
64,170,1,2,119,0,1953125,12,0,0,0.96,0,0,NaN,0,0,20,35,19,37,30,28,28,31,38,19,37,20,31,28,39,28,33,34,46,38,56,36,67,36,92,31,75,40,125,81,87,81,183,175,114,165,219,385,372,425,345,395,429,170,32,335,514,433,222,178,363,406,74,455,897,1000,837,242,304,510,428,253,113,112,186,99,80,40,119,58,117,92,91,69,66,84,45,62,38,64,28,46,37,47,36
64,170,1,2,119,0,1953125,12,0,0,0.96,0,0,NaN,0,0,250,255,257,267,257,264,261,276,265,275,258,288,253,288,243,282,237,288,218,273,215,288,192,280,158,325,159,285,114,397,119,329,58,449,174,357,147,604,627,538,638,454,968,267,523,124,521,334,840,590,512,507,536,522,304,325,683,1000,900,694,142,380,302,546,161,264,62,346,134,346,93,282,186,296,165,224,201,236,215,193,191,195,224,178,197
64,170,1,2,119,0,1953125,12,0,0,0.96,0,0,NaN,0,0,144,152,146,152,146,155,157,155,151,157,158,155,161,146,160,149,158,136,161,132,162,115,159,120,170,83,171,97,203,32,225,29,283,68,265,72,282,174,310,259,288,356,195,277,76,193,192,426,283,527,89,381,289,448,164,388,496,1000,650,268,169,246,222,43,119,176,174,92,139,115,207,62,151,70,188,83,149,79,147,97,146,81,132,91,132
