64,170,2,2,119,0,1953125,12,0,0,0.95,0,0,NaN,0,0,25,39,15,39,15,48,10,40,18,38,22,47,36,42,31,48,33,50,42,69,47,62,50,72,72,88,111,64,96,47,115,62,143,116,122,101,145,186,129,149,104,216,247,341,324,253,212,145,229,249,375,453,544,376,68,353,728,1000,748,484,269,295,145,94,154,208,186,131,146,76,83,69,121,75,93,84,84,68,54,68,43,51,50,64,44
64,170,1,2,119,0,1953125,12,0,0,0.96,0,0,NaN,0,0,188,220,187,216,187,228,179,232,180,232,186,239,175,241,179,240,182,237,167,244,181,224,189,215,188,215,230,149,253,125,247,114,277,80,321,34,336,79,327,292,224,128,396,340,446,400,59,334,156,419,356,681,435,730,265,223,255,1000,518,507,293,149,236,187,138,251,322,94,254,62,253,83,244,68,227,98,224,123,192,133,191,148,183,151,163
64,170,1,2,119,0,1953125,12,0,0,0.96,0,0,NaN,0,0,200,231,195,226,196,243,189,242,188,245,195,253,180,254,189,256,189,250,177,256,197,234,198,224,206,226,243,158,275,130,248,131,295,92,386,29,365,163,322,307,219,123,405,331,503,483,170,403,120,464,354,644,455,766,325,227,290,1000,463,498,264,216,261,192,142,283,342,85,269,54,247,106,255,67,235,106,237,130,199,132,203,157,190,157,169
64,170,1,2,119,0,1953125,12,0,0,0.96,0,0,NaN,0,0,182,226,179,231,180,232,183,231,192,233,192,231,198,229,207,219,212,215,222,197,236,172,246,156,259,118,279,96,266,113,262,71,340,122,331,194,283,231,240,354,196,329,247,466,114,358,165,513,298,824,511,560,458,157,134,353,409,1000,889,505,401,125,140,143,311,30,330,78,232,115,230,133,204,139,200,177,164,188,146,188,145,200,124,196,122
64,170,1,2,119,0,1953125,12,0,0,0.96,0,0,NaN,0,0,201,227,199,220,189,237,192,242,181,241,188,257,180,251,173,259,181,261,159,259,178,251,185,231,180,237,231,172,242,145,246,158,300,97,361,58,409,102,364,172,402,224,330,247,462,338,332,402,446,688,323,496,172,468,259,362,413,1000,519,633,219,217,120,309,196,245,273,151,248,86,221,112,256,84,226,81,241,115,216,108,206,133,208,145,178
64,170,1,2,119,0,1953125,12,0,0,0.96,0,0,NaN,0,0,264,246,272,242,264,252,264,270,254,266,257,283,250,292,228,299,229,315,196,327,175,330,177,328,137,350,159,316,209,265,163,353,277,324,406,255,436,88,370,99,497,93,627,222,651,221,421,174,741,633,1000,787,553,722,293,181,641,871,859,863,205,373,119,398,55,394,155,301,213,222,181,235,222,207,224,177,246,168,252,149,248,147,264,141,245
64,170,2,2,119,0,1953125,12,0,0,0.78,0,0,NaN,0,0,26,43,26,25,39,19,28,31,7,27,25,8,26,16,21,24,17,43,32,27,50,16,44,66,36,65,105,35,93,111,7,78,102,102,91,180,166,334,187,176,175,275,409,570,533,337,353,295,352,806,895,522,672,790,611,765,719,1000,924,556,288,220,250,222,237,256,200,38,63,91,23,73,83,24,58,54,28,55,43,25,59,46,18,52,37
64,170,2,2,119,0,1953125,12,0,0,0.96,0,0,NaN,0,0,246,288,266,291,255,282,271,288,282,278,275,284,306,263,311,241,318,251,328,208,341,189,349,184,347,139,364,199,327,203,331,256,302,366,203,329,233,496,37,335,168,456,175,782,499,747,629,199,245,585,476,1000,947,704,724,409,819,646,807,80,279,278,233,92,472,248,264,237,243,251,210,257,187,302,159,275,136,282,166,272,156,263,157,279,168
64,170,2,2,119,0,1953125,12,0,0,0.96,0,0,NaN,0,0,239,295,251,295,231,304,243,310,248,299,246,315,255,304,253,295,271,302,267,273,296,244,319,220,290,215,349,141,362,115,370,114,385,153,368,153,431,385,304,429,245,336,359,631,434,645,93,542,389,896,513,1000,912,691,957,637,273,916,770,514,483,50,249,277,374,92,383,85,316,158,252,140,276,177,245,179,229,223,216,222,193,230,193,251,164
64,170,2,2,119,0,1953125,12,0,0,0.96,0,0,NaN,0,0,283,232,290,248,292,225,296,244,303,241,296,231,316,249,299,247,286,252,304,252,269,260,268,290,238,274,210,344,151,338,100,334,146,372,22,479,100,526,342,220,153,457,379,592,753,393,599,221,171,472,586,422,999,592,385,179,850,717,934,420,304,264,243,174,273,326,114,280,140,315,107,289,103,286,144,273,137,257,170,251,179,235,176,232,209
64,170,2,2,119,0,1953125,12,0,0,0.96,0,0,NaN,0,0,170,198,169,195,158,205,166,205,164,199,167,216,165,208,158,210,175,210,161,194,183,192,186,169,178,170,225,114,214,105,266,57,277,56,234,56,300,156,265,222,255,207,314,292,298,343,174,379,329,605,199,413,430,299,501,519,530,1000,604,443,331,73,140,215,220,93,239,70,223,87,165,79,214,106,172,97,171,140,163,127,141,142,150,160,121
64,170,2,2,119,0,1953125,12,0,0,0.96,0,0,NaN,0,0,38,20,45,2,31,12,50,14,30,18,33,5,40,33,31,17,54,28,33,30,77,29,60,48,84,50,99,112,68,67,121,210,115,98,75,202,135,299,313,378,304,149,337,389,393,182,173,191,412,604,644,623,495,306,271,499,597,1000,805,470,127,76,158,92,136,163,256,151,94,62,91,66,63,87,67,62,37,78,36,41,36,58,30,29,37
64,170,2,2,119,0,1953125,12,0,0,0.81,0,0,NaN,0,0,12,37,27,18,36,15,25,32,3,30,26,15,26,15,31,30,26,34,20,44,48,22,64,29,39,57,12,75,82,51,140,169,133,215,150,49,185,148,144,268,250,128,328,212,134,87,223,349,458,485,379,439,719,856,686,623,561,1000,718,453,176,221,157,187,130,137,107,86,119,102,40,73,48,51,64,27,51,59,23,44,44,11,42,36,15
64,170,2,2,119,0,1953125,12,0,0,0.96,0,0,NaN,0,0,191,209,180,211,189,211,187,213,184,224,184,223,182,223,186,227,180,219,186,215,180,214,182,199,195,189,204,151,283,87,204,144,300,27,263,107,270,91,258,125,478,416,87,156,417,485,240,413,151,496,406,324,631,1000,708,606,274,719,584,284,353,270,156,135,211,139,292,38,216,111,214,88,204,116,193,127,178,148,173,144,157,160,159,159,140
64,170,2,2,119,0,1953125,12,0,0,0.96,0,0,NaN,0,0,49,25,51,20,48,14,49,3,47,8,35,8,41,17,47,25,47,17,57,29,78,28,89,16,103,56,126,84,76,83,127,142,152,182,86,236,318,556,466,473,249,111,258,378,643,515,451,230,169,218,490,421,376,361,182,517,590,1000,911,763,432,412,274,71,180,153,250,156,204,132,95,88,125,111,74,102,67,88,35,82,46,61,45,62,46
64,170,2,2,119,0,1953125,12,0,7646,2.33,0,0,NaN,0,0,32,23,27,34,33,12,21,30,20,22,13,25,17,7,16,14,12,12,18,44,18,44,30,46,14,62,32,33,93,101,90,127,206,130,33,76,143,271,403,415,543,344,372,197,197,130,575,265,415,272,449,362,433,757,894,721,534,1000,836,676,514,183,302,144,200,147,155,91,97,77,61,36,38,38,58,16,33,21,25,5,8,17,10,11,16
64,170,2,2,119,0,1953125,12,0,7636,2.33,0,0,NaN,0,0,36,50,62,51,20,37,63,42,18,22,61,37,9,11,54,40,12,49,74,27,19,54,90,33,40,38,103,75,54,29,145,105,68,26,135,188,198,197,318,256,101,110,224,81,375,658,938,1000,641,444,216,153,269,618,826,972,656,246,378,665,655,332,125,122,195,10,83,143,162,55,93,100,126,87,58,33,43,115,91,33,31,95,75,26,51
64,170,2,2,119,0,1953125,12,0,7621,2.33,0,0,NaN,0,0,22,29,26,51,33,22,30,40,21,18,11,40,19,15,17,33,4,10,36,38,14,25,61,26,45,20,82,43,44,35,98,4,91,22,56,38,160,150,124,184,93,94,161,228,324,292,324,440,403,449,703,888,1000,805,565,618,729,571,383,154,258,293,152,68,128,131,27,6,97,94,29,26,76,82,58,34,50,54,62,35,26,30,54,38,28
64,170,2,2,119,0,1953125,12,0,7736,2.35,0,0,NaN,0,0,120,77,92,29,75,77,92,18,37,80,73,4,30,67,22,29,66,103,40,9,101,113,45,57,69,119,153,25,125,112,198,101,151,137,203,177,107,242,290,143,306,183,387,325,132,376,884,985,1000,979,647,632,710,767,831,780,307,104,319,354,33,129,274,310,80,20,137,93,164,130,91,115,150,61,44,58,134,44,31,26,56,68,87,101,75
64,170,2,2,119,0,1953125,12,0,7616,2.33,0,0,NaN,0,0,222,89,147,52,200,119,92,56,139,86,51,32,101,45,19,67,84,56,33,111,90,152,43,153,158,233,25,256,179,194,84,178,143,334,119,136,229,658,505,750,684,255,464,543,381,796,669,272,323,553,446,579,540,725,1000,700,832,643,875,644,535,353,464,510,147,230,245,171,149,115,169,155,138,8,212,56,179,91,169,59,189,175,166,80,96
64,170,2,2,119,0,1953125,12,0,7721,2.34,0,0,NaN,0,0,80,47,36,88,61,73,11,89,43,64,27,51,51,55,44,22,93,55,61,69,117,19,54,115,127,24,40,154,101,103,83,276,107,267,145,169,28,363,315,299,159,205,241,114,186,455,553,612,622,348,418,257,114,449,909,981,1000,620,446,539,483,380,76,196,229,173,129,152,93,67,148,127,21,85,120,41,49,61,76,38,80,54,50,59,60
64,170,2,2,119,0,1953125,12,0,7982,2.39,0,0,NaN,0,0,28,63,43,42,32,35,45,36,18,24,30,25,12,31,31,18,21,20,51,32,21,32,78,50,33,28,115,93,10,71,90,129,88,182,198,15,74,175,237,132,199,52,67,189,143,217,193,98,262,588,762,1000,896,576,460,440,247,217,206,330,174,77,65,158,79,68,41,84,47,102,47,47,114,32,65,33,77,40,44,24,23,43,41,5,35
64,170,2,2,119,0,1953125,12,0,7766,2.35,0,0,NaN,0,0,28,88,83,57,26,72,70,62,18,53,52,62,36,56,57,47,37,71,84,37,29,66,132,87,42,68,158,160,66,137,201,160,63,122,241,182,77,114,354,464,265,157,284,438,304,194,281,411,419,447,709,1000,973,647,265,444,815,895,820,445,133,305,330,332,141,151,174,225,134,99,61,98,116,146,82,79,68,125,93,60,47,79,79,55,58
64,170,2,2,119,0,1953125,12,0,7641,2.33,0,0,NaN,0,0,57,79,35,90,39,74,24,57,62,25,36,16,51,19,12,48,59,22,55,46,54,50,58,69,78,85,56,105,127,84,22,154,104,134,108,230,265,46,16,301,371,306,386,191,363,295,524,578,653,772,621,699,636,723,973,915,1000,832,477,387,319,195,244,225,87,161,29,81,74,146,9,92,32,64,34,60,23,31,46,39,31,34,64,84,57
64,170,2,2,119,0,1953125,12,0,0,0.96,0,0,NaN,0,0,25,36,33,17,30,19,32,9,21,11,23,12,26,9,17,6,25,14,26,25,25,48,16,63,31,98,3,96,63,74,172,81,187,69,247,191,109,361,297,401,479,158,565,426,494,511,447,274,516,496,442,143,1000,622,823,862,941,841,568,436,414,472,263,122,243,99,171,109,112,47,62,48,84,28,46,15,43,16,45,7,29,17,15,10,10
64,170,2,2,119,0,1953125,12,0,7741,2.35,0,0,NaN,0,0,25,36,33,17,30,19,32,9,21,11,23,12,26,9,17,6,25,14,26,25,25,48,16,63,31,98,3,96,63,74,172,81,187,69,247,191,109,361,297,401,479,158,565,426,494,511,447,274,516,496,442,143,1000,622,823,862,941,841,568,436,414,472,263,122,243,99,171,109,112,47,62,48,84,28,46,15,43,16,45,7,29,17,15,10,10
64,170,2,2,119,0,1953125,12,0,7745,2.35,0,0,NaN,0,0,108,100,69,73,92,81,71,35,89,51,55,5,86,41,44,1,76,36,43,60,108,54,73,88,149,97,111,161,324,86,147,125,359,189,302,239,227,161,497,556,349,461,160,418,252,87,213,546,702,863,1000,778,650,648,497,369,355,57,232,288,635,430,501,380,37,135,217,31,209,81,157,100,111,45,103,55,109,28,107,30,75,41,70,46,68
64,170,2,2,119,0,1953125,12,0,0,0.96,0,0,NaN,0,0,526,531,489,423,453,439,440,383,297,288,281,255,170,145,159,201,214,214,246,353,383,391,438,524,560,584,616,672,672,734,754,763,806,782,828,824,790,807,786,648,956,570,769,731,626,491,593,919,615,359,586,755,836,405,687,724,502,500,1000,646,266,807,757,619,653,571,629,602,596,544,467,485,502,456,385,350,302,300,295,259,199,140,133,149,114
64,170,2,2,119,0,1953125,12,0,0,0.96,0,0,NaN,0,0,251,252,248,263,263,250,259,252,269,262,268,246,277,252,289,235,284,227,303,222,286,213,282,210,291,212,258,251,247,274,179,316,139,283,154,397,39,461,104,343,139,288,24,572,270,451,356,447,630,298,506,238,658,677,261,609,831,796,999,599,412,562,21,293,186,235,165,322,63,280,150,260,152,230,155,247,185,216,193,202,215,200,210,182,214
64,170,2,2,119,0,1953125,12,0,0,0.96,0,0,NaN,0,0,231,227,233,233,247,221,242,225,254,231,252,215,263,221,271,208,266,201,279,210,256,199,257,209,255,221,208,264,200,277,137,273,136,313,35,404,38,371,94,300,87,353,159,572,502,388,437,358,644,283,537,329,479,507,177,341,809,845,1000,625,361,504,69,231,179,309,77,311,69,263,137,241,129,223,147,228,186,183,193,179,208,170,204,154,211
