64,170,2,2,119,0,1953125,12,0,0,0.97,0,0,NaN,0,0,54,83,56,97,51,90,54,95,51,104,33,100,46,95,33,93,32,94,37,86,27,98,33,103,29,107,38,113,40,117,12,197,114,101,27,243,167,242,384,255,358,226,40,269,350,226,193,76,129,323,588,473,530,116,344,709,1000,799,885,658,533,237,338,313,332,299,130,198,50,129,97,133,98,135,85,153,66,131,63,132,61,129,56,108,69
64,170,2,2,119,0,1953125,12,0,0,0.97,0,0,NaN,0,0,45,17,53,27,42,25,39,28,32,25,48,35,30,28,40,22,52,37,51,19,64,40,52,28,80,58,60,55,48,46,98,118,104,109,75,192,217,341,399,459,465,275,136,246,266,283,104,158,248,476,773,667,692,223,247,662,999,880,878,773,507,343,297,435,370,312,209,129,101,48,61,62,72,74,104,50,64,34,73,32,50,24,38,17,44
64,170,2,2,119,0,1953125,12,0,0,0.86,0,0,NaN,0,0,60,78,62,76,70,68,92,56,91,73,62,83,53,82,55,81,69,51,87,27,91,54,75,85,31,101,48,92,92,45,109,68,143,13,172,199,77,267,345,258,403,123,171,92,256,102,213,331,322,696,876,858,1000,571,161,230,278,415,352,207,106,161,232,59,238,195,75,181,29,147,106,101,134,48,117,82,100,99,86,117,60,105,80,81,108
64,170,2,2,119,0,1953125,12,0,0,0.86,0,0,NaN,0,0,71,62,72,79,60,91,61,72,85,50,90,64,73,71,53,84,36,84,71,52,91,29,81,55,66,94,51,97,56,72,76,99,173,51,212,179,59,232,300,212,373,97,231,114,331,237,243,422,431,712,1000,939,991,611,92,105,236,162,275,335,73,90,231,113,62,205,88,99,110,65,141,55,131,107,71,107,64,120,78,96,115,51,109,71,80
64,170,2,2,119,0,1953125,12,0,0,0.77,0,0,NaN,0,0,32,22,24,29,14,20,22,5,16,17,7,17,14,15,23,13,17,24,17,30,16,15,35,37,22,64,42,31,79,21,75,109,123,180,150,59,116,264,300,333,403,110,44,203,282,253,300,209,195,702,1000,943,909,505,107,266,381,278,554,574,319,153,249,167,83,62,71,47,67,42,23,48,37,21,60,52,9,52,52,11,38,40,17,30,29
64,170,2,2,119,0,1953125,12,0,0,0.77,0,0,NaN,0,0,105,93,95,118,95,101,119,87,104,112,73,106,107,68,114,102,71,116,92,69,108,67,70,102,66,100,127,69,134,117,106,189,156,182,280,27,162,358,362,387,527,120,53,271,247,258,470,209,109,696,999,988,888,278,247,713,258,358,510,412,464,409,204,392,288,60,184,173,79,140,128,103,148,127,128,179,119,133,176,104,131,153,85,133,136
64,170,1,2,119,0,1953125,12,0,0,0.77,0,0,NaN,0,0,36,25,27,32,19,20,25,6,15,17,6,20,15,17,26,16,20,27,18,33,19,14,37,44,23,56,45,13,69,35,68,86,99,176,161,46,105,260,343,321,395,153,160,244,283,285,384,249,66,512,1000,865,758,176,472,696,391,243,449,515,425,241,336,289,161,98,79,52,62,37,23,55,41,18,61,55,7,55,57,16,41,48,21,31,33
64,170,1,2,119,0,1953125,12,0,0,0.77,0,0,NaN,0,0,36,29,24,33,21,17,26,9,14,19,6,18,18,17,29,19,20,30,19,32,23,10,37,46,18,54,52,3,73,35,66,93,99,164,157,43,66,247,358,295,385,182,183,263,306,289,373,260,51,462,1000,873,733,155,586,815,505,294,461,476,412,249,339,307,185,112,113,64,65,46,15,52,46,11,60,65,12,50,65,22,40,53,24,28,37
64,170,1,2,119,0,1953125,12,0,0,0.77,0,0,NaN,0,0,41,28,28,36,17,23,30,10,19,20,8,23,16,20,34,18,24,31,22,38,20,18,46,44,29,59,48,17,79,33,81,88,98,196,155,60,87,267,349,332,418,186,155,293,294,291,387,227,69,507,1000,958,848,148,581,881,596,356,516,490,405,270,381,311,204,136,117,80,80,43,27,62,44,22,70,61,9,64,63,15,46,52,24,39,35
64,170,1,2,119,0,1953125,12,0,0,0.77,0,0,NaN,0,0,41,25,31,33,17,23,25,4,20,17,11,25,13,21,30,17,26,27,26,39,15,26,45,39,36,61,39,28,77,25,84,75,97,210,150,67,120,249,325,349,421,204,136,277,269,304,380,175,48,526,989,1000,873,173,481,881,618,403,526,511,404,276,391,304,208,144,100,89,89,37,40,63,36,30,70,53,17,65,56,22,53,44,28,42,32
64,170,1,2,119,0,1953125,12,0,0,0.78,0,0,NaN,0,0,29,28,14,31,31,11,33,28,5,26,22,8,20,17,23,21,17,36,27,19,36,22,18,54,23,33,63,29,52,55,57,88,121,139,170,28,69,181,354,258,395,223,148,206,304,294,360,222,60,478,999,994,824,320,385,706,529,365,427,547,454,253,354,321,168,96,105,49,45,37,18,52,36,14,61,60,12,50,56,17,40,50,22,35,38
64,170,1,2,119,0,1953125,12,0,0,0.76,0,0,NaN,0,0,22,21,38,22,15,33,21,11,30,15,15,25,14,19,23,12,20,17,12,26,11,35,28,14,41,54,34,29,73,37,81,140,161,174,202,81,105,168,323,271,425,230,69,144,301,283,291,123,124,491,999,996,768,399,302,561,495,287,404,552,448,222,280,260,152,49,78,80,51,52,48,21,43,47,4,44,43,8,45,45,9,34,40,13,24
64,170,1,2,119,0,1953125,12,0,0,0.76,0,0,NaN,0,0,10,25,28,5,25,26,2,24,26,2,26,25,8,20,22,14,14,12,24,21,16,44,19,25,52,53,10,42,71,27,110,131,138,206,133,59,135,209,283,339,410,167,51,242,304,286,263,104,163,641,1000,972,757,382,197,497,566,283,493,609,332,113,217,150,126,96,96,76,75,76,28,24,57,30,24,51,23,26,51,26,16,44,30,10,36
64,170,1,2,119,0,1953125,12,0,0,0.76,0,0,NaN,0,0,27,32,10,26,31,5,29,33,6,28,33,9,17,26,18,16,11,26,30,4,45,45,18,41,62,23,45,59,23,80,112,98,168,195,61,121,203,193,234,363,359,203,82,262,277,315,320,173,237,761,1000,932,875,543,78,493,582,307,647,577,244,103,197,165,206,167,122,95,107,68,1,42,59,20,32,50,15,33,52,20,23,41,17,21,36
64,170,1,2,119,0,1953125,12,0,0,0.76,0,0,NaN,0,0,28,18,39,31,13,34,30,5,27,27,10,18,18,21,22,7,24,24,6,27,26,16,30,14,25,58,36,28,85,44,72,168,164,98,142,149,125,168,298,245,386,240,135,131,350,264,262,224,332,571,1000,909,853,663,105,503,498,356,646,547,330,162,154,214,255,114,120,127,66,36,50,30,15,38,17,25,46,23,26,43,21,16,38,23,14
64,170,1,2,119,0,1953125,12,0,0,0.76,0,0,NaN,0,0,24,25,40,26,18,35,21,8,28,17,12,22,16,20,21,11,24,19,9,28,14,30,30,3,40,66,28,49,94,19,96,171,146,115,147,143,147,205,292,270,433,282,83,156,387,245,296,195,274,554,1000,915,911,584,152,586,580,488,698,649,307,129,171,249,259,119,141,124,59,53,48,17,32,40,3,42,45,7,39,44,10,34,40,14,22
64,170,1,2,119,0,1953125,12,0,0,0.76,0,0,NaN,0,0,19,26,38,18,21,33,13,16,28,10,18,24,10,22,20,11,22,13,16,28,12,37,29,10,53,67,16,64,80,11,104,162,121,131,140,141,175,225,270,313,453,292,44,168,372,230,269,172,229,599,1000,847,880,515,131,590,609,475,680,654,257,129,203,273,272,143,161,120,62,64,38,12,42,31,13,48,38,10,48,42,1,39,41,4,32
64,170,1,2,119,0,1953125,12,0,0,0.76,0,0,NaN,0,0,19,26,38,18,22,32,16,17,28,10,17,25,12,20,19,12,22,13,14,27,11,37,28,10,53,65,11,63,69,8,106,174,118,134,161,160,175,219,272,311,473,293,45,141,354,194,234,217,305,658,1000,820,882,533,127,563,526,436,686,689,270,145,205,295,285,146,169,117,53,55,38,9,39,32,10,49,37,11,46,42,2,40,39,5,31
64,170,1,2,119,0,1953125,12,0,0,0.76,0,0,NaN,0,0,22,28,42,20,23,35,16,17,30,14,18,25,13,23,22,14,23,16,15,32,15,42,33,7,58,68,10,68,70,12,113,193,135,153,199,178,177,220,288,332,488,278,40,163,398,214,249,245,366,669,1000,864,921,525,125,556,576,518,780,718,282,157,219,326,290,156,178,123,46,57,42,10,36,34,8,49,40,8,52,47,2,40,45,6,33
64,170,1,2,119,0,1953125,12,0,0,0.76,0,0,NaN,0,0,26,29,47,28,22,41,22,12,33,20,15,24,16,22,21,12,27,19,9,36,19,35,36,2,54,70,8,66,71,27,121,226,158,140,214,192,156,213,321,340,526,296,29,152,386,215,251,230,368,632,974,971,1000,632,83,571,552,554,807,695,301,189,223,358,299,145,183,138,37,56,58,17,30,38,0,48,51,10,47,51,11,42,47,15,29
64,170,1,2,119,0,1953125,12,0,0,0.76,0,0,NaN,0,0,16,32,36,11,29,31,6,25,30,2,28,26,7,24,21,14,18,11,22,28,19,49,24,27,69,61,24,66,58,2,154,197,122,164,173,138,198,250,277,384,520,234,23,190,332,224,258,202,311,678,936,903,1000,606,163,639,634,510,755,617,254,168,258,346,250,165,162,106,54,71,34,29,43,24,24,56,32,28,60,35,19,50,36,6,39
64,170,1,2,119,0,1953125,12,0,0,0.76,0,0,NaN,0,0,18,39,25,14,37,23,17,40,25,15,38,25,8,29,21,14,12,19,34,17,41,57,19,47,82,44,53,62,38,52,180,158,152,189,126,155,264,261,256,465,492,245,66,227,331,341,281,144,295,683,922,941,1000,506,138,771,675,586,819,541,236,215,326,340,270,214,149,102,94,74,23,60,47,18,43,58,3,52,61,13,38,55,21,27,46
64,170,1,2,119,0,1953125,12,0,0,0.77,0,0,NaN,0,0,102,92,112,113,98,118,110,91,116,96,85,112,84,90,119,83,95,117,70,102,93,63,91,84,75,126,85,96,135,65,207,196,31,211,214,52,273,328,196,475,420,202,144,332,270,452,293,39,345,648,810,999,833,533,122,829,501,717,607,384,374,342,162,417,355,81,272,146,97,179,92,153,159,117,171,172,103,170,156,97,159,126,100,157,112
64,170,1,2,119,0,1953125,12,0,0,0.77,0,0,NaN,0,0,93,85,102,101,89,109,98,84,105,85,81,104,76,84,107,75,88,106,61,95,83,58,87,71,75,110,76,90,124,54,198,157,52,195,184,65,252,283,173,443,345,186,174,332,289,448,237,68,242,586,810,999,741,486,167,796,469,600,500,371,393,297,159,381,302,107,247,101,103,158,85,143,140,112,158,151,93,157,136,91,152,105,97,143,97
64,170,1,2,119,0,1953125,12,0,0,0.77,0,0,NaN,0,0,94,90,89,108,98,98,115,94,98,111,80,93,103,69,94,97,69,101,101,66,103,81,75,95,60,98,97,88,113,120,96,240,129,68,225,146,101,282,348,295,510,110,47,333,371,309,351,99,64,639,999,885,949,381,170,784,507,487,705,412,255,356,230,221,378,139,175,230,107,134,160,91,142,125,103,159,138,99,168,127,111,161,106,112,147
64,170,1,2,119,0,1953125,12,0,0,0.77,0,0,NaN,0,0,96,90,92,109,96,102,114,91,102,107,76,98,100,67,100,93,71,107,93,74,102,72,80,92,53,107,94,88,119,105,123,231,92,103,229,100,144,304,309,348,507,94,22,331,311,336,310,87,104,672,1000,935,924,389,93,770,442,510,665,399,329,358,172,266,379,90,201,216,89,147,139,98,149,118,119,168,127,117,172,117,126,155,96,123,140
64,170,1,2,119,0,1953125,12,0,0,0.77,0,0,NaN,0,0,87,90,81,101,98,87,109,95,88,107,81,83,102,69,82,97,66,88,100,60,96,84,67,95,65,82,100,90,94,126,53,215,156,10,199,180,54,240,369,245,505,189,61,232,354,212,270,140,28,553,1000,860,938,397,125,692,494,407,586,435,249,337,255,172,333,178,127,225,121,116,163,85,130,128,87,138,139,85,147,133,92,150,117,94,143
64,170,1,2,119,0,1953125,12,0,0,0.77,0,0,NaN,0,0,89,101,87,100,107,88,105,108,86,110,102,77,109,92,71,102,83,73,110,69,90,100,71,98,95,64,107,100,83,149,50,185,219,97,137,265,100,149,419,251,466,318,149,125,435,160,224,229,132,450,1000,857,895,522,190,634,675,407,568,529,296,224,341,193,230,263,1,204,178,98,183,137,115,155,107,99,156,100,109,154,94,128,154,95,133
64,170,1,2,119,0,1953125,12,0,0,0.77,0,0,NaN,0,0,103,94,102,118,102,113,123,98,115,114,83,109,103,73,112,95,84,115,94,87,108,74,90,92,64,118,96,93,126,108,150,258,80,144,256,103,197,317,289,407,550,127,71,326,250,335,343,199,288,733,870,956,1000,523,155,837,568,659,689,416,361,344,147,294,380,83,228,228,83,161,146,103,166,114,137,182,124,136,182,111,140,163,95,139,146
64,170,1,2,119,0,1953125,12,0,0,0.97,0,0,NaN,0,0,36,25,48,13,42,6,41,8,39,18,41,15,32,27,45,23,39,18,31,15,47,18,56,26,78,33,76,52,79,65,126,144,81,65,105,163,196,251,263,303,280,128,20,141,179,158,110,290,505,771,1000,946,940,595,332,328,443,415,412,370,186,36,157,297,270,250,213,132,132,44,78,20,57,44,93,47,62,35,59,41,49,46,31,21,25
