64,170,2,2,119,0,1953125,12,0,0,0.78,0,0,NaN,0,0,11,19,10,7,13,3,12,16,5,8,11,7,12,11,10,16,16,20,14,7,23,22,6,18,12,35,35,11,45,75,47,34,67,103,90,63,29,88,103,74,119,142,89,58,143,68,181,368,328,138,77,132,562,1000,885,359,143,252,212,120,121,146,122,54,41,25,19,15,21,24,4,26,27,9,23,33,15,16,22,14,20,21,9,17,18
64,170,2,2,119,0,1953125,12,0,0,0.96,0,0,NaN,0,0,35,41,30,52,14,43,21,52,12,55,29,41,23,56,39,43,34,60,28,56,38,80,47,115,74,91,49,125,103,151,191,200,237,128,312,297,360,257,252,261,160,209,313,417,233,398,417,464,61,510,840,874,763,599,878,1000,514,402,611,442,462,343,27,106,287,329,288,295,134,74,67,121,83,81,91,58,70,54,73,26,54,52,60,42,42
64,170,2,2,119,0,1953125,12,0,7295,2.27,0,0,NaN,0,0,32,39,40,39,31,35,39,43,21,28,26,26,23,26,26,30,24,17,58,35,34,44,21,54,62,30,98,92,30,110,167,36,123,251,50,272,174,183,232,124,365,430,513,394,370,456,959,686,736,303,391,446,193,140,939,647,320,819,306,1000,176,290,441,195,72,167,107,111,15,95,40,85,69,52,47,21,20,16,35,23,5,27,25,15,12
64,170,2,2,119,0,1953125,12,0,0,0.77,0,0,NaN,0,0,787,796,791,796,799,799,801,796,792,787,783,779,773,766,764,764,761,762,769,767,768,773,779,787,796,799,815,836,836,847,850,856,860,853,846,877,887,908,906,932,890,853,859,866,880,908,886,854,769,887,849,963,891,869,809,768,818,861,1000,861,847,833,893,909,897,877,905,898,901,900,915,919,920,918,915,913,907,903,896,890,880,878,877,871,873
64,170,2,2,119,0,1953125,12,0,0,0.81,0,0,NaN,0,0,10,36,25,21,48,30,17,34,10,22,29,16,23,14,22,21,7,28,14,16,19,24,60,39,45,54,11,110,124,111,177,154,198,274,174,58,230,269,230,72,124,357,329,407,504,707,692,708,507,504,480,1000,967,363,543,625,643,321,210,573,618,568,317,90,124,202,165,51,56,71,37,64,79,62,60,35,61,65,9,49,62,11,38,46,20
64,170,2,2,119,0,1953125,12,0,0,0.69,0,0,NaN,0,0,130,136,122,124,138,130,127,139,132,121,138,141,122,131,148,129,119,146,138,124,142,148,114,121,148,133,115,151,144,127,117,154,113,113,219,151,92,271,184,76,208,425,234,39,78,253,205,226,312,312,160,258,304,427,755,999,671,180,342,150,49,168,262,225,85,123,155,107,113,169,137,123,184,179,124,156,181,141,145,182,167,141,172,174,140
64,170,2,2,119,0,1953125,12,0,0,0.74,0,0,NaN,0,0,201,187,209,205,189,207,193,179,206,194,177,200,186,174,210,192,172,217,199,164,211,197,170,226,212,150,211,203,168,237,198,181,357,266,126,353,261,86,435,479,249,198,179,103,447,743,329,154,435,533,416,385,276,826,1000,733,403,454,114,133,482,466,52,333,281,157,288,319,182,198,253,214,212,224,202,238,247,205,238,245,206,237,244,208,235
64,170,2,2,119,0,1953125,12,0,0,0.96,0,0,NaN,0,0,184,219,196,218,194,216,195,215,204,201,201,198,205,201,198,189,204,200,201,188,221,176,222,193,235,157,277,167,242,189,265,152,236,347,225,210,575,334,230,318,298,270,206,66,469,477,344,535,283,521,168,568,79,59,553,1000,738,924,439,535,299,473,390,205,311,166,327,257,237,203,339,179,270,197,288,169,301,181,278,180,265,201,264,193,248
64,170,2,2,119,0,1953125,12,0,0,0.82,0,0,NaN,0,0,16,37,9,31,33,10,47,37,7,37,27,21,19,30,39,11,24,26,28,29,29,69,49,18,50,44,22,28,55,102,85,129,145,75,82,97,4,164,339,200,94,165,261,264,248,84,367,358,122,627,1000,801,602,197,662,877,503,371,816,789,570,205,258,377,323,88,48,75,113,90,107,155,97,39,105,72,21,56,43,44,32,40,61,35,36
64,170,2,2,119,0,1953125,12,0,0,0.71,0,0,NaN,0,0,15,34,30,11,20,25,8,16,30,18,11,22,21,12,26,22,1,19,17,7,40,43,16,34,40,10,37,58,46,39,107,71,53,12,141,165,68,105,215,295,43,456,561,526,461,159,168,369,588,668,633,248,72,593,974,773,999,545,196,617,926,883,800,687,411,130,129,159,121,42,120,111,57,59,104,92,38,60,88,61,10,45,50,23,33
64,170,2,2,119,0,1953125,12,0,7470,2.3,0,0,NaN,0,0,28,21,22,18,24,15,8,18,7,10,9,17,9,4,18,9,18,15,15,24,34,26,37,19,18,48,16,60,59,80,37,63,54,58,111,211,183,163,83,212,140,253,234,94,297,289,482,734,491,508,590,366,553,543,149,793,318,1000,162,482,395,257,298,264,96,156,131,178,11,80,120,57,10,59,52,50,27,18,42,46,27,12,28,36,26
64,170,2,2,119,0,1953125,12,0,0,0.84,0,0,NaN,0,0,831,835,835,838,827,824,820,828,826,823,819,818,805,797,789,790,793,804,803,802,804,803,803,814,830,849,859,860,866,871,872,891,895,933,924,925,932,894,927,885,977,941,923,915,857,901,944,831,890,865,913,898,906,888,768,1000,954,873,923,871,889,967,916,932,948,928,943,938,960,959,958,955,957,950,951,950,942,948,942,932,924,921,920,923,920
64,170,2,2,119,0,1953125,12,0,0,0.7,0,0,NaN,0,0,24,38,28,10,28,35,20,15,29,24,7,21,25,13,17,22,11,4,16,16,11,28,30,19,24,14,28,42,9,48,58,32,38,87,107,94,49,186,330,422,285,114,265,111,282,653,515,233,456,494,635,582,458,575,854,741,999,647,292,278,415,349,184,145,207,169,142,161,142,80,40,77,80,39,22,48,44,30,38,39,24,24,33,28,18
64,170,2,2,119,0,1953125,12,0,0,0.66,0,0,NaN,0,0,119,98,106,125,114,96,112,121,104,107,125,114,92,112,126,103,96,126,126,84,98,122,116,100,129,149,55,110,174,88,67,193,216,94,64,114,170,120,326,381,229,217,204,323,352,112,307,386,432,510,799,446,325,871,1000,768,710,364,950,972,422,330,511,293,43,244,300,243,119,182,211,139,110,180,166,131,167,183,134,125,170,162,121,138,172
64,170,2,2,119,0,1953125,12,0,0,0.68,0,0,NaN,0,0,163,178,183,166,173,184,169,166,186,181,159,175,187,166,163,187,174,156,178,181,147,163,201,165,153,178,168,142,146,172,182,162,184,172,110,182,177,102,241,299,326,209,103,440,317,196,399,510,255,487,600,236,436,1000,683,259,378,321,585,425,103,324,298,8,212,239,175,175,195,171,153,187,175,151,189,209,175,177,203,184,169,201,198,175,196
64,170,2,2,119,0,1953125,12,0,0,0.73,0,0,NaN,0,0,251,249,273,252,246,273,252,246,283,263,239,278,268,238,278,272,233,266,269,228,260,259,235,288,262,206,319,276,156,365,359,172,384,416,145,310,452,289,198,787,724,243,415,721,391,529,706,584,391,882,859,372,900,917,194,470,284,982,999,663,113,251,431,108,313,453,339,262,358,314,281,368,297,258,369,360,268,321,334,260,294,317,255,287,307
64,170,2,2,119,0,1953125,12,0,0,0.72,0,0,NaN,0,0,183,181,158,185,193,162,179,195,169,180,194,163,170,195,163,162,192,162,148,188,161,141,199,185,137,203,198,107,208,215,138,238,284,179,109,340,297,7,279,455,301,129,192,156,194,404,333,105,299,213,161,634,357,435,919,722,776,1000,876,237,133,338,260,146,350,283,119,241,283,173,200,250,176,194,243,202,194,231,189,174,220,192,171,213,194
64,170,2,2,119,0,1953125,12,0,0,0.76,0,0,NaN,0,0,40,37,8,37,36,2,35,35,5,29,32,9,21,25,25,28,19,31,28,12,54,49,10,58,57,21,62,41,53,123,93,104,227,322,241,165,168,146,287,427,344,236,232,454,385,302,304,459,583,632,793,937,1000,922,862,583,467,413,301,257,399,331,208,144,297,325,246,143,113,100,102,90,51,62,99,69,7,64,60,7,49,54,15,38,51
64,170,2,2,119,0,1953125,12,0,7813,2.36,0,0,NaN,0,0,28,49,34,29,19,31,36,24,8,26,30,18,6,30,30,21,6,33,61,27,37,57,63,41,23,80,79,52,87,86,34,113,46,167,146,231,297,221,356,238,196,134,428,331,69,275,431,843,1000,262,766,927,629,502,443,492,559,359,586,387,394,257,60,229,28,137,123,87,72,120,74,40,87,87,33,10,58,54,42,9,20,52,39,24,31
64,170,2,2,119,0,1953125,12,0,0,0.74,0,0,NaN,0,0,828,828,830,830,838,832,836,835,833,827,823,827,819,815,809,801,804,798,802,801,807,814,815,830,836,849,863,873,880,886,903,893,919,898,937,947,948,944,929,917,945,937,982,878,893,916,960,920,867,1000,941,843,855,927,899,967,866,892,927,985,971,926,900,919,942,948,971,989,990,979,983,980,978,975,972,962,958,951,950,947,945,950,943,943,945
64,170,2,2,119,0,1953125,12,0,0,0.74,0,0,NaN,0,0,216,229,207,220,234,209,218,228,202,216,227,193,209,221,187,208,225,184,217,236,179,206,248,210,236,247,186,241,245,184,219,292,153,332,436,170,174,233,239,284,573,503,118,473,586,56,186,275,306,357,518,192,355,252,221,652,1000,784,927,868,370,219,350,154,195,344,230,143,382,357,202,291,295,209,258,268,226,266,248,206,256,244,206,253,247
64,170,2,2,119,0,1953125,12,0,7421,2.29,0,0,NaN,0,0,29,26,28,27,27,16,20,16,17,19,4,19,10,11,7,12,21,8,8,30,20,30,16,28,22,19,72,26,141,85,55,56,111,106,179,170,72,129,274,142,101,331,314,542,688,410,388,322,275,292,41,1000,780,410,778,452,417,191,356,400,337,69,184,63,100,71,37,42,41,52,29,39,26,10,36,27,15,22,21,24,10,11,13,5,15
64,170,2,2,119,0,1953125,12,0,0,0.98,0,0,NaN,0,0,46,22,44,15,46,14,47,8,42,16,52,17,30,23,44,22,44,33,47,19,54,16,45,20,64,17,53,86,154,96,157,114,31,87,161,106,147,48,99,84,320,431,641,695,611,438,219,147,393,496,449,179,104,273,590,876,847,958,1000,721,537,258,44,151,142,102,132,174,63,76,62,106,33,100,69,69,12,70,56,47,31,53,46,26,40
64,170,2,2,119,0,1953125,12,0,0,0.51,0,0,NaN,0,0,13,11,8,12,16,17,15,5,8,15,20,18,14,4,13,20,26,26,14,5,20,31,49,38,27,10,15,36,48,49,51,51,27,89,33,56,15,80,175,269,227,144,300,281,247,259,308,624,756,225,371,700,552,665,779,636,999,726,172,173,328,383,189,102,119,32,113,114,108,106,53,35,56,69,72,63,33,31,56,72,76,57,31,29,48
64,170,2,2,119,0,1953125,12,0,7541,2.31,0,0,NaN,0,0,20,14,21,15,18,20,26,26,27,17,24,22,11,19,12,29,12,19,18,19,9,8,4,36,33,60,47,29,125,48,154,89,40,171,237,62,294,60,84,437,195,386,175,181,389,870,540,742,493,508,515,43,472,1000,620,672,361,835,522,197,271,333,336,78,240,176,43,99,108,124,68,61,45,85,16,34,37,29,31,15,27,22,2,16,19
64,170,2,2,119,0,1953125,12,0,0,0.82,0,0,NaN,0,0,772,775,777,785,791,794,791,786,776,767,762,756,760,762,759,758,756,749,748,745,750,759,779,782,792,794,813,800,808,815,839,856,840,874,882,903,865,814,868,917,886,868,912,803,816,903,840,805,903,825,915,902,764,727,864,1000,751,790,828,874,920,825,889,910,891,882,880,902,897,910,913,914,906,899,899,894,887,890,890,887,890,879,877,871,865
64,170,2,2,119,0,1953125,12,0,0,0.48,0,0,NaN,0,0,15,8,9,8,16,10,12,26,23,6,11,20,14,25,11,24,42,20,24,31,19,4,19,25,29,43,22,62,69,36,33,116,161,50,88,76,98,89,170,136,111,500,134,238,181,37,162,78,202,353,470,477,519,673,1000,841,769,383,71,312,287,61,129,91,91,101,33,35,49,13,37,26,27,21,30,19,41,19,23,43,9,16,23,18,27
64,170,2,2,119,0,1953125,12,0,0,0.48,0,0,NaN,0,0,10,7,2,3,8,11,13,11,7,2,6,11,14,14,11,3,0,10,16,19,19,10,5,7,29,45,57,14,33,27,41,28,81,64,51,77,77,120,49,137,77,137,262,46,242,392,273,309,420,578,348,123,235,600,462,669,1000,480,380,202,239,167,198,162,198,167,90,47,11,30,47,66,74,69,37,22,30,46,52,49,42,31,23,32,40
64,170,2,2,119,0,1953125,12,0,0,0.83,0,0,NaN,0,0,22,35,11,33,39,6,26,24,19,23,18,33,23,19,38,28,26,31,46,36,20,72,56,14,50,45,50,45,39,85,63,29,103,70,72,155,197,208,113,153,150,144,189,44,288,287,87,289,537,346,100,400,549,644,463,492,984,1000,319,280,383,291,253,149,206,241,190,93,103,92,97,100,63,62,41,36,59,35,32,49,30,37,37,31,42
64,170,2,2,119,0,1953125,12,0,0,0.47,0,0,NaN,0,0,9,6,1,5,10,13,13,10,5,2,7,12,15,14,11,5,4,13,16,17,17,16,2,9,17,36,38,9,30,27,20,51,76,69,36,70,100,60,89,116,104,213,135,264,341,182,150,295,363,352,237,426,578,467,210,909,1000,381,320,357,145,57,31,149,170,102,83,76,26,15,26,46,71,66,47,36,17,21,31,39,45,42,29,20,21
