34928	35048	35167	35286	35405	35524	35644	35763	35882	36001	36120	36240	36359	36478	36597	36716	36836	36955	37074	37193	37313	37432	37551	37670	37789	37909	38028	38147	38266	38385	38505	38624	38743	38862	38981	39101	39220	39339	39458	39577	39697	39816	39935	40054	40174	40293	40412	40531	40650	40770	40889	41008	41127	41246	41366	41485	41604	41723	41842	41962	42081	42200	42319	42439	42558	42677	42796	42915	43035	43154	43273	43392	43511	43631	43750	43869	43988	44107	44227	44346	44465	44584	44703	44823	44942
64	170	2	2	119	0	1953125	12	0.0	0	0.57	0	0	V0.2	0	0	7	13	17	14	8	10	15	16	12	8	15	17	16	11	13	23	24	20	16	24	33	31	27	22	28	36	41	27	20	41	88	73	17	45	105	118	112	185	233	229	109	187	269	193	173	388	356	170	341	501	428	203	466	873	607	586	1000	657	301	280	394	269	23	55	19	111	94	91	37	48	88	98	56	12	41	64	65	34	6	35	57	52	24	13	39
64	170	2	2	119	0	1953125	12	0.0	0	0.51	0	0	V0.2	0	0	1	5	13	20	17	11	3	12	21	25	19	16	13	23	31	35	29	19	16	32	45	40	28	12	12	28	68	49	46	70	95	103	204	165	197	183	98	227	297	295	252	346	517	128	416	747	591	419	646	660	530	487	1000	614	661	424	464	653	539	641	626	389	302	153	217	219	244	242	212	122	46	74	123	140	114	71	19	44	84	95	85	48	20	43	77
64	170	2	2	119	0	1953125	12	0.0	0	0.46	0	0	V0.2	0	0	16	15	24	28	35	33	27	17	13	21	31	38	37	32	22	16	19	36	41	43	36	15	16	47	54	82	55	80	54	39	76	91	191	153	237	251	171	93	237	186	319	385	376	445	355	176	278	378	573	772	405	1000	962	265	957	638	194	539	819	728	386	378	459	95	145	35	44	119	149	158	146	91	66	42	35	50	57	75	61	45	32	31	48	53	62
64	170	2	2	119	0	1953125	12	0.0	0	0.90	0	0	V0.2	0	0	203	241	216	238	245	230	248	210	255	217	266	233	247	226	235	250	224	276	191	253	191	247	228	218	258	146	248	155	286	172	262	248	117	341	151	289	84	290	223	137	437	140	140	372	353	181	809	604	698	689	417	1000	457	553	654	566	942	511	872	142	385	391	94	369	118	197	183	205	190	217	195	152	241	132	260	155	201	171	194	204	180	219	139	211	143
64	170	2	2	119	0	1953125	12	0.0	7783	2.36	0	0	V0.2	0	0	37	26	30	30	33	26	23	22	18	22	9	20	22	17	25	25	23	36	23	25	38	22	40	39	50	45	56	53	46	25	92	85	56	147	22	135	161	106	83	199	213	162	165	169	154	114	221	174	236	330	865	400	724	1000	294	862	206	761	236	401	181	187	200	187	111	116	45	68	124	20	69	60	31	55	49	38	56	38	45	44	25	42	33	19	19
64	170	2	2	119	0	1953125	12	0.0	0	0.75	0	0	V0.2	0	0	262	268	230	263	263	223	266	259	222	270	261	225	283	273	234	290	273	224	286	267	194	277	256	164	285	248	135	266	269	98	333	301	108	355	321	81	294	313	47	388	411	107	476	439	152	594	732	338	625	935	468	864	1000	387	756	344	88	305	686	394	313	501	116	255	336	200	225	312	104	202	272	148	174	276	178	190	268	186	186	250	184	184	239	176	185
64	170	2	2	119	0	1953125	12	0.0	0	0.73	0	0	V0.2	0	0	37	35	7	30	39	20	22	37	24	21	38	31	22	38	38	30	36	38	39	44	40	48	54	39	43	70	68	50	90	107	57	119	196	114	70	234	258	99	68	268	289	326	274	228	383	592	454	279	439	486	412	375	670	1000	561	507	208	13	409	408	238	137	332	305	170	136	164	132	109	126	107	62	73	86	65	44	64	63	40	40	45	40	35	34	36
64	170	2	2	119	0	1953125	12	0.0	7615	2.33	0	0	V0.2	0	0	9	10	10	9	16	8	8	4	15	3	2	4	7	8	3	12	9	10	5	9	13	8	2	14	16	27	7	34	34	74	66	68	28	88	81	37	30	96	214	129	90	209	171	192	195	273	385	202	219	297	243	218	670	617	482	584	302	1000	785	308	136	149	40	202	48	161	72	81	109	58	34	44	35	34	55	27	21	28	20	13	19	21	18	16	17
64	170	2	2	119	0	1953125	12	0.0	0	0.77	0	0	V0.2	0	0	772	767	776	775	775	781	791	794	798	806	805	808	810	811	807	802	789	779	770	765	756	749	736	724	723	718	707	701	683	675	661	682	683	657	691	656	681	714	698	681	698	740	688	659	729	761	798	821	664	502	601	759	1000	824	765	758	486	530	630	608	678	651	658	626	624	630	629	598	584	572	585	604	616	626	632	634	637	632	627	621	606	599	594	589	591
64	170	2	2	119	0	1953125	12	0.0	0	0.76	0	0	V0.2	0	0	5	26	24	5	29	22	13	36	28	10	33	28	1	25	28	20	10	24	37	24	27	60	43	18	82	54	36	100	65	32	96	107	96	145	160	194	277	253	243	289	249	134	288	492	274	169	346	398	399	532	464	449	854	424	351	900	1000	719	568	557	214	120	51	120	167	68	62	81	93	46	45	120	84	11	73	86	36	45	77	42	23	52	40	22	36
64	170	2	2	119	0	1953125	12	0.0	119	1.04	0	0	V0.2	0	0	27	37	30	30	15	36	14	31	9	23	19	14	20	6	35	9	21	27	36	25	22	46	30	46	13	51	26	71	49	88	47	56	85	107	171	188	84	126	132	121	55	140	255	281	284	392	468	378	52	563	816	1000	980	660	134	190	590	621	413	308	353	453	336	242	32	72	52	53	78	45	69	21	87	17	73	38	81	17	58	26	36	29	51	35	22
64	170	2	2	119	0	1953125	12	0.0	0	0.81	0	0	V0.2	0	0	239	212	257	231	233	270	225	251	264	213	267	248	217	282	234	238	284	209	249	259	185	265	225	193	270	199	218	288	145	252	216	123	300	237	174	365	195	190	499	256	286	371	53	535	633	194	608	682	514	511	648	351	1000	923	756	663	261	172	177	70	537	196	292	329	70	197	303	128	208	291	125	217	240	120	232	198	143	243	174	178	241	149	192	213	140
64	170	2	2	119	0	1953125	12	0.0	7640	2.33	0	0	V0.2	0	0	43	40	66	80	39	23	70	52	53	41	81	64	37	38	75	37	55	47	116	47	60	33	130	18	144	97	225	65	209	184	330	238	129	158	279	321	77	123	144	270	140	316	268	317	408	328	279	307	153	157	351	566	737	1000	950	814	450	279	546	572	569	270	83	190	324	192	32	44	165	173	93	45	92	90	115	61	80	43	99	75	61	16	73	81	58
64	170	2	2	119	0	1953125	12	0.0	0	0.79	0	0	V0.2	0	0	242	218	230	218	229	216	192	186	168	143	109	103	68	23	40	57	93	106	138	135	168	200	192	238	249	324	356	336	358	373	396	415	372	424	481	521	550	546	527	486	304	138	488	619	651	723	579	586	766	300	558	481	248	620	734	1000	782	559	517	465	449	31	209	345	338	338	315	333	322	289	280	239	249	221	219	204	177	175	164	145	123	151	127	120	118
64	170	2	2	119	0	1953125	12	0.0	7755	2.35	0	0	V0.2	0	0	30	28	27	22	22	25	22	16	23	18	14	3	8	9	1	14	7	22	19	14	22	31	18	22	24	26	61	57	29	91	39	15	154	79	206	154	178	134	269	105	255	128	174	268	375	232	259	521	390	473	641	128	200	394	618	665	713	779	1000	259	445	283	244	259	131	128	131	29	79	64	16	50	52	9	69	30	29	39	23	22	25	17	23	11	12
64	170	2	2	119	0	1953125	12	0.0	7481	2.30	0	0	V0.2	0	0	72	29	46	61	57	34	31	42	42	46	14	63	31	32	25	74	29	49	33	116	54	74	39	159	118	74	65	151	164	61	141	256	397	189	67	199	487	462	432	370	149	112	257	182	426	624	618	630	333	61	275	519	379	232	236	576	831	911	999	785	567	392	68	107	104	157	44	144	37	101	62	72	16	88	85	9	58	37	57	80	28	44	26	64	49
64	170	2	2	119	0	1953125	12	0.0	7827	2.36	0	0	V0.2	0	0	28	65	46	27	22	44	53	31	40	19	52	20	26	25	37	2	18	39	29	16	50	11	94	58	73	65	44	61	106	106	252	174	126	96	263	261	137	296	568	524	338	296	369	262	190	140	280	500	725	970	930	1000	889	906	884	775	627	642	718	701	325	147	312	328	94	63	118	73	147	104	108	6	85	47	49	87	72	55	33	30	48	92	50	24	50
64	170	2	2	119	0	1953125	12	0.0	0	0.84	0	0	V0.2	0	0	242	239	239	261	275	267	264	222	151	148	83	73	77	95	96	82	55	83	112	177	235	264	300	314	309	286	261	366	428	528	437	472	436	468	413	389	570	535	410	644	632	393	653	397	621	291	815	496	308	1000	775	348	326	874	251	563	492	251	663	630	473	323	488	303	336	311	355	318	333	324	315	303	235	218	227	210	194	185	196	168	208	158	122	110	93
64	170	2	2	119	0	1953125	12	0.0	7671	2.34	0	0	V0.2	0	0	24	25	16	21	18	22	6	9	11	17	5	12	18	4	10	14	25	9	22	21	14	25	35	26	35	30	20	49	58	78	106	54	40	34	56	79	224	80	60	286	249	309	252	145	53	408	176	132	374	234	396	479	154	607	941	1000	395	697	511	356	174	591	212	251	103	119	70	30	29	11	33	38	28	42	31	26	31	37	20	36	20	16	14	24	13
64	170	2	2	119	0	1953125	12	0.0	0	0.83	0	0	V0.2	0	0	292	285	263	272	243	210	205	173	128	137	129	122	96	60	35	43	63	130	145	188	206	212	234	248	282	296	343	379	417	447	433	393	453	366	480	531	503	499	359	537	443	437	593	532	547	254	307	656	863	396	343	643	737	676	490	580	377	999	579	332	318	261	190	358	304	354	394	361	360	309	255	213	207	214	220	223	237	235	207	213	167	148	98	73	80
64	170	2	2	119	0	1953125	12	0.0	0	0.83	0	0	V0.2	0	0	32	20	55	33	26	45	15	22	17	29	36	6	42	35	18	25	40	48	6	53	55	11	56	38	68	67	65	135	96	73	156	117	124	110	95	107	159	225	311	215	307	363	446	205	118	17	274	253	228	335	588	754	1000	804	723	204	345	670	649	318	74	74	138	116	72	143	188	71	102	157	100	57	29	72	71	28	80	76	12	48	49	39	18	31	58
64	170	2	2	119	0	1953125	12	0.0	0	0.82	0	0	V0.2	0	0	302	271	281	277	244	287	256	290	317	272	321	286	260	294	239	290	294	273	323	266	285	269	210	288	199	274	308	211	328	253	202	313	89	373	168	366	315	198	298	434	236	429	512	111	558	361	249	609	135	186	261	620	1000	292	921	934	653	979	486	610	818	360	241	290	17	245	200	259	375	163	286	277	105	240	173	217	275	212	285	227	196	230	151	222	215
64	170	2	2	119	0	1953125	12	0.0	0	0.81	0	0	V0.2	0	0	189	229	164	214	202	162	230	169	203	236	168	242	208	176	242	151	207	218	145	254	186	187	258	108	223	204	96	257	155	180	304	81	269	234	90	300	193	248	421	174	438	526	161	482	464	258	640	220	351	794	290	589	601	504	645	364	946	1000	721	870	444	383	334	93	316	304	48	297	192	98	247	82	198	235	65	251	199	111	229	110	156	181	85	201	149
64	170	2	2	119	0	1953125	12	0.0	0	0.81	0	0	V0.2	0	0	158	177	122	169	149	127	183	133	168	193	132	192	162	128	185	116	164	183	118	207	159	130	205	85	160	169	64	219	163	112	238	113	158	187	24	198	198	98	371	251	312	421	209	338	432	208	549	438	292	699	462	341	594	463	829	501	759	1000	653	687	419	298	359	230	153	332	164	144	231	57	179	180	50	225	147	104	218	86	139	164	46	166	118	108	179
64	170	2	2	119	0	1953125	12	0.0	0	0.80	0	0	V0.2	0	0	149	168	199	152	204	195	159	212	156	166	199	136	208	195	159	234	166	174	218	113	186	180	110	221	169	141	237	141	132	198	63	198	187	64	341	195	191	420	162	237	420	154	344	326	127	324	467	189	488	222	497	544	491	998	822	1000	974	529	656	626	414	496	302	130	367	267	81	261	86	186	212	42	252	202	90	253	154	110	200	68	162	173	93	202	147
64	170	2	2	119	0	1953125	12	0.0	0	0.34	0	0	V0.2	0	0	6	5	6	3	2	1	3	5	6	9	10	11	12	14	12	13	15	10	6	11	10	4	14	22	18	20	39	31	21	70	67	21	129	134	81	244	196	116	269	308	59	322	287	152	490	283	113	515	617	89	452	386	298	1000	978	185	518	601	252	562	550	153	319	185	146	119	106	76	92	66	54	59	40	37	28	21	19	25	25	27	28	31	33	37	39
64	170	2	2	119	0	1953125	12	0.0	0	0.83	0	0	V0.2	0	0	59	40	29	72	38	31	58	23	37	31	35	44	17	50	44	26	37	58	65	21	80	92	30	78	73	87	114	95	208	209	195	320	250	166	232	257	353	358	300	523	468	426	550	696	774	892	744	847	999	976	688	898	741	656	105	492	459	262	490	665	529	577	381	310	345	294	152	168	91	101	141	86	101	120	79	101	86	39	67	43	44	62	35	46	52
64	170	2	2	119	0	1953125	12	0.0	0	0.81	0	0	V0.2	0	0	217	192	236	202	214	240	199	238	227	203	244	198	226	241	195	255	216	205	249	175	232	234	152	258	179	189	266	132	240	252	108	276	190	221	346	8	320	351	81	317	391	238	589	141	467	293	186	168	315	80	287	122	769	1000	548	516	647	727	859	472	177	543	237	209	249	94	238	205	142	280	123	180	243	70	218	200	131	230	161	169	200	123	188	165	141
64	170	2	2	119	0	1953125	12	0.0	0	0.81	0	0	V0.2	0	0	28	27	55	20	42	54	13	50	54	22	50	44	44	53	42	56	51	61	71	52	79	75	81	103	64	124	160	95	131	199	148	207	255	235	286	285	305	444	433	245	380	389	444	389	210	595	701	660	642	937	1000	666	377	347	747	805	309	475	622	391	275	144	295	285	198	233	294	213	175	148	97	103	105	51	102	99	45	83	88	61	72	64	56	66	52
64	170	2	2	119	0	1953125	12	0.0	0	0.96	0	0	V0.2	0	0	10	54	18	46	21	41	26	35	31	32	31	31	35	28	21	36	26	46	37	56	48	43	39	74	90	105	154	100	170	108	154	78	49	102	292	389	419	446	333	298	116	177	128	53	96	318	392	645	868	974	999	746	467	530	621	368	485	319	193	84	173	342	317	232	159	149	223	122	174	102	151	52	119	88	89	55	79	84	52	68	53	71	16	42	32
64	170	2	2	119	0	1953125	12	0.0	0	0.96	0	0	V0.2	0	0	2	48	19	37	15	31	13	35	23	27	24	33	30	20	16	28	12	42	33	57	37	55	43	50	57	94	114	79	140	108	172	97	33	29	153	228	315	335	315	337	242	321	220	54	74	238	386	696	902	972	1000	695	651	486	331	201	197	179	131	212	342	406	268	234	149	149	135	112	140	94	107	46	103	62	59	33	60	54	45	60	43	49	17	42	22
64	170	2	2	119	0	1953125	12	0.0	0	0.95	0	0	V0.2	0	0	237	189	240	194	251	189	249	190	260	192	261	189	257	202	261	195	252	200	247	229	215	219	220	244	190	286	134	325	81	334	84	279	131	307	37	472	213	384	342	261	271	311	406	318	471	386	638	582	1000	714	715	511	390	362	795	236	462	375	254	74	391	390	236	339	98	340	3	311	31	302	116	254	117	231	172	201	180	174	192	165	216	133	196	136	208
64	170	2	2	119	0	1953125	12	0.0	0	0.84	0	0	V0.2	0	0	30	6	28	9	29	37	7	35	34	5	20	29	31	9	29	37	20	20	31	47	25	44	65	28	42	57	51	66	45	90	146	76	125	195	117	137	88	166	178	158	309	483	466	343	445	262	328	50	98	212	186	263	710	1000	881	432	764	524	260	295	116	222	149	97	80	148	151	6	108	102	23	62	41	48	42	30	75	52	18	60	37	25	27	33	39
64	170	2	2	119	0	1953125	12	0.0	0	0.86	0	0	V0.2	0	0	215	211	196	204	191	218	215	226	221	201	219	193	220	221	218	240	196	214	189	197	222	194	233	192	186	189	163	205	176	263	137	198	180	171	191	260	144	246	115	327	83	428	446	261	544	39	336	127	156	199	314	353	875	617	820	316	1000	573	157	412	256	269	389	50	273	127	180	218	114	245	163	147	133	132	183	132	206	166	158	165	116	175	141	182	173
64	170	2	2	119	0	1953125	12	0.0	0	0.96	0	0	V0.2	0	0	215	202	225	204	237	195	233	201	245	201	248	186	260	184	268	171	260	171	267	170	255	162	260	188	239	203	212	210	228	290	164	347	68	390	36	372	102	280	128	371	125	594	454	615	676	426	589	292	490	203	269	439	466	394	1000	362	744	367	424	114	446	315	211	250	169	210	131	251	100	278	77	257	73	245	121	222	124	212	147	200	162	181	155	181	170
64	170	2	2	119	0	1953125	12	0.0	0	0.95	0	0	V0.2	0	0	49	31	33	30	31	36	21	41	26	43	29	51	34	40	39	52	33	50	45	71	41	86	57	90	62	89	71	84	120	121	170	105	161	130	173	172	136	128	69	191	282	396	349	338	340	222	185	251	176	110	190	540	749	812	1000	780	753	457	105	72	119	181	123	42	65	83	108	102	149	75	112	67	118	71	72	63	66	66	51	71	41	53	40	61	46
64	170	2	2	119	0	1953125	12	0.0	0	0.96	0	0	V0.2	0	0	246	190	248	194	261	198	251	197	260	202	269	191	265	202	268	211	248	204	250	226	230	232	204	254	182	271	157	282	127	372	18	365	66	348	151	361	223	223	158	378	318	425	581	261	595	125	533	278	561	257	290	252	928	571	1000	658	804	563	373	254	281	379	58	195	108	272	41	317	47	284	118	264	161	199	177	200	194	173	200	157	213	147	208	129	221
64	170	2	2	119	0	1953125	12	0.0	0	0.81	0	0	V0.2	0	0	46	21	27	41	3	46	39	11	47	34	18	36	26	39	24	34	50	17	42	42	20	32	15	43	57	27	79	69	24	90	58	89	77	146	143	71	126	238	209	162	310	496	550	352	137	260	526	640	333	649	647	701	365	476	412	646	368	685	1000	834	501	304	318	352	274	141	226	224	127	141	153	98	89	84	92	105	50	57	91	41	43	71	35	38	41
64	170	2	2	119	0	1953125	12	0.0	0	0.96	0	0	V0.2	0	0	191	163	191	158	199	167	200	160	204	159	217	157	213	151	217	161	210	152	205	155	209	165	188	175	173	184	168	212	107	263	69	264	51	256	32	360	94	279	24	414	252	318	260	247	326	165	410	89	332	97	461	392	842	602	1000	442	505	104	361	87	262	167	144	279	68	240	44	237	51	217	30	235	90	189	106	171	121	175	138	144	140	146	158	121	156
64	170	2	2	119	0	1953125	12	0.0	0	0.96	0	0	V0.2	0	0	188	224	182	242	187	243	175	245	187	256	186	241	185	252	199	241	188	233	223	208	230	178	233	170	273	124	271	75	324	85	297	86	350	152	379	294	241	203	325	399	265	542	31	361	163	596	415	1000	700	722	522	461	330	334	353	268	394	471	400	276	533	118	303	146	215	109	300	108	254	174	221	216	158	206	158	225	133	227	114	226	130	218	117	208	123
