34928	35048	35167	35286	35405	35524	35644	35763	35882	36001	36120	36240	36359	36478	36597	36716	36836	36955	37074	37193	37313	37432	37551	37670	37789	37909	38028	38147	38266	38385	38505	38624	38743	38862	38981	39101	39220	39339	39458	39577	39697	39816	39935	40054	40174	40293	40412	40531	40650	40770	40889	41008	41127	41246	41366	41485	41604	41723	41842	41962	42081	42200	42319	42439	42558	42677	42796	42915	43035	43154	43273	43392	43511	43631	43750	43869	43988	44107	44227	44346	44465	44584	44703	44823	44942
64	170	1	2	119	0	1953125	12	0.0	0	0.85	0	0	V0.2	0	0	15	30	32	9	38	16	26	33	6	31	16	20	22	14	28	15	27	11	33	25	18	36	9	57	40	19	50	20	83	85	32	106	52	132	180	119	253	220	210	282	126	166	145	122	263	383	461	496	440	539	949	790	311	149	364	45	552	1000	737	353	212	171	112	180	102	110	109	73	123	107	57	71	40	70	79	36	51	35	30	50	24	37	30	22	41
64	170	2	2	119	0	1953125	12	0.0	0	0.85	0	0	V0.2	0	0	104	74	108	87	90	102	74	112	87	103	109	84	117	84	103	107	83	126	72	113	93	87	119	41	107	78	90	117	11	128	65	82	153	65	247	140	190	284	154	245	141	119	200	77	192	322	329	400	379	589	1000	815	415	196	392	76	445	999	635	362	232	271	200	124	126	141	69	154	118	85	120	12	108	74	65	107	10	86	53	54	88	19	81	46	57
64	170	1	2	119	0	1953125	12	0.0	0	0.86	0	0	V0.2	0	0	8	36	15	27	35	3	34	17	26	31	14	33	22	27	30	32	33	20	38	18	37	22	26	48	12	49	27	44	59	30	73	57	116	136	142	190	221	220	262	204	169	195	156	220	208	180	339	305	463	661	1000	975	487	408	455	231	476	941	629	432	304	414	290	203	182	199	160	177	123	87	116	75	94	90	50	66	41	59	63	35	55	47	46	56	41
64	170	1	2	119	0	1953125	12	0.0	0	0.85	0	0	V0.2	0	0	109	81	96	96	81	109	79	107	102	91	114	80	114	96	97	116	82	121	92	94	106	60	128	74	95	86	52	148	50	94	96	46	218	95	191	195	100	250	134	111	172	127	277	141	109	25	231	10	351	547	1000	826	606	620	856	478	180	686	536	190	286	363	321	191	96	207	122	137	122	38	119	50	90	112	16	86	38	67	81	19	81	37	62	69	22
64	170	2	2	119	0	1953125	12	0.0	0	0.85	0	0	V0.2	0	0	11	37	21	24	32	7	30	19	14	23	4	25	9	17	14	15	20	17	36	6	32	31	29	51	8	58	48	65	99	27	97	84	122	158	172	146	192	149	123	120	143	242	199	234	113	115	169	29	285	659	900	827	672	861	1000	544	51	607	385	178	306	429	344	220	126	215	172	121	112	61	94	99	54	84	55	28	58	26	45	36	22	45	22	39	39
64	170	2	2	119	0	1953125	12	0.0	0	0.86	0	0	V0.2	0	0	80	89	82	88	87	84	88	82	96	88	98	93	88	97	84	98	92	93	102	78	93	63	92	86	82	77	41	118	55	78	79	41	177	78	117	169	51	182	49	149	183	183	272	159	205	151	255	224	249	418	705	566	697	895	1000	561	106	368	215	101	315	350	316	186	138	217	117	147	74	86	115	42	97	47	51	63	21	77	31	60	54	32	76	29	59
64	170	1	2	119	0	1953125	12	0.0	0	0.94	0	0	V0.2	0	0	9	44	8	49	12	50	33	45	35	44	50	36	44	42	50	38	50	54	61	46	73	58	85	46	107	70	102	77	74	88	40	72	74	121	141	206	116	213	194	283	337	332	319	279	342	337	307	163	210	444	528	548	598	979	1000	599	420	559	363	201	73	137	132	54	110	155	195	186	125	171	136	139	86	103	100	77	78	67	84	55	72	60	68	65	65
64	170	1	2	119	0	1953125	12	0.0	0	0.95	0	0	V0.2	0	0	63	107	57	112	63	114	57	117	64	124	73	117	86	112	106	96	112	87	124	68	134	43	141	21	153	17	158	74	123	94	97	100	83	63	169	137	117	198	239	373	354	520	323	453	433	466	533	197	235	305	544	268	528	855	999	444	658	786	622	289	174	170	261	159	141	225	196	224	128	215	132	166	72	154	91	111	70	109	93	79	92	69	106	44	114
64	170	1	2	119	0	1953125	12	0.0	0	0.95	0	0	V0.2	0	0	76	119	67	129	74	128	66	131	75	142	78	134	88	134	110	117	117	107	131	88	141	62	147	43	160	13	172	57	141	86	124	110	83	57	182	109	115	167	286	399	407	576	346	512	474	555	628	280	298	314	635	233	428	868	1000	389	742	991	755	350	226	221	323	177	165	226	212	221	133	220	135	175	61	170	84	126	56	126	82	94	84	84	100	61	112
64	170	1	2	119	0	1953125	12	0.0	0	0.95	0	0	V0.2	0	0	52	9	58	8	50	14	48	24	40	27	40	32	44	38	48	38	54	40	54	46	55	59	51	73	53	94	59	126	53	133	111	111	55	94	130	95	95	132	234	301	447	453	423	440	497	592	576	392	261	365	585	309	326	852	907	460	717	1000	770	455	248	269	315	228	157	241	206	214	132	195	175	119	112	113	135	62	95	77	94	54	83	76	63	61	65
64	170	1	2	119	0	1953125	12	0.0	0	0.95	0	0	V0.2	0	0	56	5	56	20	49	30	43	34	36	37	36	41	40	44	46	48	49	47	50	60	44	71	43	83	33	104	63	126	74	126	140	96	74	72	153	67	104	97	239	286	445	475	408	477	501	635	638	410	307	364	633	331	330	836	930	450	731	1000	811	516	254	278	294	248	157	242	211	206	148	182	195	111	126	103	142	67	96	83	91	62	76	86	59	65	63
64	170	1	2	119	0	1953125	12	0.0	0	0.95	0	0	V0.2	0	0	56	100	52	103	62	103	60	103	70	106	83	94	95	86	112	71	117	60	123	47	128	24	131	24	133	34	131	95	93	103	64	111	64	68	139	137	70	177	171	313	273	451	302	360	366	405	539	267	178	199	465	233	486	813	999	520	612	682	665	396	177	106	195	164	100	196	159	210	102	190	129	152	81	128	99	90	80	86	100	53	96	44	104	21	106
64	170	1	2	119	0	1953125	12	0.0	0	0.94	0	0	V0.2	0	0	15	39	25	34	31	31	43	25	45	25	51	27	44	30	47	29	50	35	58	32	67	48	74	56	78	85	63	97	27	81	33	55	46	121	135	174	127	163	213	217	313	304	266	267	214	329	296	176	78	372	459	488	577	932	1000	633	471	449	427	262	82	77	108	81	67	157	154	180	118	144	152	110	103	70	105	62	74	63	71	60	57	67	54	65	56
64	170	1	2	119	0	1953125	12	0.0	0	0.86	0	0	V0.2	0	0	84	96	84	88	92	81	100	85	104	96	90	105	83	108	94	96	110	85	108	80	90	87	88	98	77	69	60	112	58	68	76	43	182	79	169	175	66	215	106	129	188	165	307	172	212	91	200	148	222	507	865	744	675	784	1000	689	116	470	325	90	297	385	360	196	165	216	128	175	74	95	105	51	109	36	61	47	45	78	18	75	34	59	72	20	70
64	170	1	2	119	0	1953125	12	0.0	0	0.85	0	0	V0.2	0	0	104	115	86	123	95	110	114	92	134	96	121	118	102	135	94	124	117	106	140	78	127	89	107	137	48	119	69	119	136	16	141	88	163	174	150	231	215	248	339	219	263	202	182	224	127	314	596	461	578	421	1000	868	363	124	398	164	554	991	900	491	263	163	96	215	131	98	146	54	162	121	72	111	14	112	85	54	100	15	88	64	50	96	27	81	56
64	170	1	2	119	0	1953125	12	0.0	0	0.84	0	0	V0.2	0	0	100	130	91	131	117	109	134	90	139	113	119	143	103	147	112	119	138	99	152	95	122	126	89	156	62	117	117	83	154	55	142	155	93	174	82	203	235	206	384	270	259	312	75	314	292	482	790	692	683	291	743	568	412	572	895	481	837	1000	957	567	257	73	99	197	202	93	172	89	152	165	52	134	70	86	107	26	113	53	72	90	27	105	52	70	84
64	170	2	2	119	0	1953125	12	0.0	0	0.84	0	0	V0.2	0	0	14	22	30	0	31	23	13	30	13	23	20	17	22	14	27	21	25	23	23	42	22	36	42	26	69	52	36	59	31	91	91	53	73	48	30	65	51	103	123	98	176	205	172	274	226	329	388	425	366	270	94	182	454	687	1000	733	505	341	306	223	130	224	240	140	124	153	100	101	93	46	79	86	55	71	45	30	56	31	47	42	19	41	30	33	43
64	170	1	2	119	0	1953125	12	0.0	0	0.84	0	0	V0.2	0	0	52	78	65	64	85	52	85	68	69	88	53	92	72	72	94	50	95	70	69	93	35	99	67	69	94	9	103	87	57	106	26	123	119	55	110	25	78	50	57	125	140	213	316	254	303	248	316	374	241	353	357	371	555	643	1000	774	423	121	179	89	153	262	294	141	147	152	89	139	70	62	93	43	95	65	34	69	6	65	49	31	65	11	61	47	28
64	170	2	2	119	0	1953125	12	0.0	0	0.84	0	0	V0.2	0	0	66	74	86	58	98	68	81	92	61	101	68	87	99	61	109	67	88	99	52	109	58	88	108	37	113	43	87	139	19	118	67	98	185	76	152	102	25	107	64	123	227	182	418	298	316	267	183	333	200	428	591	596	616	639	1000	864	354	146	275	117	231	302	316	203	123	171	110	132	114	35	105	65	74	101	25	75	49	43	78	6	68	48	40	72	9
64	170	2	2	119	0	1953125	12	0.0	0	0.84	0	0	V0.2	0	0	112	71	108	88	92	118	74	119	94	98	122	71	127	98	101	131	65	128	99	89	135	37	136	100	76	137	22	166	128	57	161	57	217	210	137	205	139	119	266	196	349	262	448	437	296	339	90	186	257	511	788	1000	610	638	868	893	303	366	515	443	305	444	281	282	166	124	192	100	127	139	66	127	59	95	116	22	97	50	63	91	5	90	50	59	90
64	170	2	2	119	0	1953125	12	0.0	0	0.84	0	0	V0.2	0	0	111	75	117	80	107	111	80	128	86	115	116	82	137	84	117	122	77	146	81	112	120	57	158	75	105	115	32	197	89	101	155	43	257	166	204	234	150	235	317	259	365	229	477	369	327	346	177	114	205	429	846	1000	616	347	662	628	96	504	740	545	413	366	285	270	107	140	158	80	151	118	101	116	20	118	85	54	99	14	82	61	44	93	25	74	62
64	170	2	2	119	0	1953125	12	0.0	0	0.84	0	0	V0.2	0	0	110	98	84	113	75	113	98	91	123	81	121	102	92	130	78	126	105	87	140	63	126	101	72	145	51	119	115	85	171	72	124	152	128	240	164	178	269	197	346	349	237	338	284	364	331	205	311	170	159	465	648	1000	525	224	335	448	122	572	668	689	357	341	178	160	167	56	117	117	57	151	105	61	102	16	107	79	39	93	21	80	66	41	86	31	76
64	170	2	2	119	0	1953125	12	0.0	0	0.84	0	0	V0.2	0	0	116	75	117	91	100	118	80	128	98	106	125	79	137	99	112	131	76	144	98	100	131	51	153	99	85	123	12	185	106	72	160	42	247	179	186	229	178	251	370	272	333	264	417	338	240	247	274	118	296	458	844	1000	579	302	539	525	122	588	818	630	383	304	198	228	94	88	147	40	131	138	75	117	30	99	95	29	100	38	69	76	28	93	46	66	73
64	170	1	2	119	0	1953125	12	0.0	0	0.84	0	0	V0.2	0	0	113	76	103	95	89	118	78	114	102	92	125	76	123	107	94	130	74	123	109	80	134	50	129	112	64	129	33	156	135	31	150	61	207	207	139	206	179	161	310	228	302	265	375	375	228	230	197	42	283	524	791	999	522	419	624	652	76	543	650	557	297	365	201	229	139	81	152	72	102	144	54	108	55	76	110	16	85	58	52	87	12	81	57	50	84
64	170	1	2	119	0	1953125	12	0.0	0	0.84	0	0	V0.2	0	0	81	117	77	110	100	88	127	82	122	104	91	133	78	128	107	98	140	72	125	101	91	145	45	128	94	93	157	50	151	108	76	172	125	213	226	80	170	171	132	287	190	307	375	400	389	187	136	107	251	708	721	949	635	585	1000	763	381	551	430	390	240	427	339	178	222	121	147	179	56	131	114	75	124	31	106	92	38	96	18	90	77	42	88	24	86
64	170	1	2	119	0	1953125	12	0.0	0	0.84	0	0	V0.2	0	0	65	94	66	86	93	65	99	71	87	97	68	107	81	89	105	61	107	80	82	108	48	107	80	75	113	12	105	102	37	128	34	125	137	34	108	59	93	76	41	122	182	152	314	236	289	326	318	491	313	340	313	336	473	656	1000	908	517	267	184	193	179	301	277	230	115	187	154	94	126	48	76	107	38	89	56	36	76	7	71	55	32	70	15	68	65
64	170	1	2	119	0	1953125	12	0.0	0	0.84	0	0	V0.2	0	0	86	86	102	75	107	90	87	108	76	112	95	92	114	80	113	96	86	111	71	114	97	72	113	42	121	103	40	107	46	127	124	46	106	71	70	88	87	156	87	149	229	130	227	308	221	463	411	568	442	223	61	206	383	756	1000	882	672	523	422	256	191	326	240	233	147	145	188	84	131	89	46	134	56	72	80	22	95	43	61	80	21	84	45	58	86
64	170	1	2	119	0	1953125	12	0.0	0	0.84	0	0	V0.2	0	0	105	99	89	117	84	111	106	88	123	87	115	115	95	128	94	112	116	91	127	85	108	116	78	130	63	99	121	61	117	75	95	163	41	104	40	107	202	86	250	218	119	303	184	230	368	378	639	684	419	262	211	339	456	569	999	795	682	666	583	468	212	134	278	157	138	193	75	132	108	86	120	50	82	73	35	90	34	62	70	28	83	40	61	79	32
64	170	1	2	119	0	1953125	12	0.0	0	0.85	0	0	V0.2	0	0	12	34	23	20	35	5	31	25	16	33	11	21	14	20	24	16	26	8	29	11	32	28	23	56	29	46	43	33	73	60	73	117	29	102	104	134	244	189	265	300	131	239	130	136	295	398	560	667	443	398	684	679	418	355	582	454	580	999	810	529	245	86	39	140	86	108	85	55	141	91	76	76	23	68	51	48	58	18	42	41	25	43	24	26	29
64	170	1	2	119	0	1953125	12	0.0	0	0.86	0	0	V0.2	0	0	80	101	96	90	110	76	114	88	105	111	85	129	81	117	104	93	131	73	120	93	93	124	63	103	57	110	104	50	88	48	129	47	66	72	120	149	127	276	231	270	265	145	213	188	226	509	540	637	529	421	848	701	487	349	436	293	488	1000	831	545	316	119	90	144	100	145	47	136	117	81	113	14	97	37	83	80	42	92	8	89	56	56	83	20	96
64	170	1	2	119	0	1953125	12	0.0	0	0.85	0	0	V0.2	0	0	17	36	8	35	31	13	36	12	26	29	13	25	9	26	21	23	21	22	29	11	41	12	39	45	16	60	23	61	67	44	97	81	83	104	112	181	234	208	289	276	184	238	94	165	235	339	566	614	449	475	823	892	432	175	421	300	441	1000	800	562	243	148	32	101	103	115	50	98	134	80	101	50	42	74	37	66	48	21	50	25	40	37	15	33	21
64	170	1	2	119	0	1953125	12	0.0	0	0.85	0	0	V0.2	0	0	40	8	40	29	19	41	8	32	30	14	31	11	25	19	24	27	21	26	13	44	25	33	39	25	67	40	46	54	36	124	76	62	101	49	208	176	207	317	249	274	244	171	193	184	175	396	563	513	530	474	975	970	457	114	409	223	458	1000	876	574	207	211	33	127	165	81	111	125	98	131	96	40	76	48	71	79	20	52	40	34	49	21	36	30	27
64	170	1	2	119	0	1953125	12	0.0	0	0.85	0	0	V0.2	0	0	101	82	115	83	100	99	86	119	82	116	105	98	119	81	116	100	100	121	74	125	86	104	106	55	122	73	106	94	60	152	41	109	96	91	236	110	243	282	170	326	131	207	182	89	235	316	357	507	358	583	882	926	522	34	246	187	303	999	708	522	220	242	119	86	159	118	81	145	90	127	110	30	104	36	92	95	21	88	26	79	74	33	85	27	76
64	170	1	2	119	0	1953125	12	0.0	0	0.86	0	0	V0.2	0	0	9	31	22	18	38	7	28	21	19	33	11	29	21	25	29	30	33	15	36	20	35	27	20	46	15	49	30	44	57	37	77	55	93	103	113	177	221	223	270	240	219	223	179	225	191	172	340	324	356	576	906	1000	506	278	305	375	293	851	656	487	238	344	238	186	199	181	152	167	108	108	111	60	94	71	56	63	31	63	48	39	53	32	48	48	42
64	170	1	2	119	0	1953125	12	0.0	0	0.85	0	0	V0.2	0	0	88	90	105	74	104	81	100	106	81	117	85	107	103	84	117	84	113	98	84	117	67	119	74	86	112	59	124	49	106	135	25	136	68	148	216	102	238	214	177	285	108	247	165	196	210	118	206	323	220	586	845	1000	478	328	402	436	274	824	572	451	134	334	166	140	197	101	162	141	66	146	63	88	95	31	111	52	64	76	25	92	40	64	68	35	86
64	170	1	2	119	0	1953125	12	0.0	0	0.85	0	0	V0.2	0	0	34	19	23	35	7	32	22	14	29	5	23	13	18	22	9	17	12	31	11	28	22	28	50	12	38	17	58	99	39	79	69	57	182	95	179	190	129	205	171	139	228	167	282	237	122	70	141	167	239	554	891	1000	495	741	856	796	253	634	457	276	188	448	284	207	191	165	188	163	76	114	85	80	104	57	63	55	27	57	35	35	38	18	43	39	32
64	170	1	2	119	0	1953125	12	0.0	0	0.86	0	0	V0.2	0	0	27	26	14	34	15	27	28	8	28	10	22	20	15	25	14	22	14	34	23	23	31	17	53	25	32	27	41	101	51	67	80	47	185	108	163	193	133	186	150	118	243	192	293	276	148	171	118	216	174	508	762	899	489	846	1000	897	339	496	323	201	208	468	326	229	203	181	202	168	85	121	88	97	110	55	65	47	45	65	33	45	44	30	51	43	38
64	170	1	2	119	0	1953125	12	0.0	0	0.86	0	0	V0.2	0	0	27	21	18	30	13	27	22	13	26	6	22	15	17	23	9	17	10	34	20	24	26	23	52	19	40	24	46	98	46	67	78	58	178	94	139	172	93	156	105	98	228	203	293	273	157	230	196	304	131	418	589	713	413	832	1000	875	392	390	245	111	172	406	295	205	173	151	171	139	71	103	70	84	94	38	51	34	37	51	22	36	36	22	43	32	25
64	170	1	2	119	0	1953125	12	0.0	0	0.95	0	0	V0.2	0	0	10	39	16	36	21	32	33	32	38	31	45	31	44	34	45	34	42	36	51	37	61	44	80	49	89	60	104	94	68	76	45	83	44	83	147	202	149	233	180	228	277	286	329	242	210	240	263	184	169	438	570	668	534	869	1000	863	517	233	227	162	141	142	93	63	117	136	195	179	125	145	117	134	66	87	72	71	57	64	67	47	61	55	62	52	58
64	170	1	2	119	0	1953125	12	0.0	0	0.94	0	0	V0.2	0	0	2	38	7	42	15	41	33	37	35	36	47	30	39	34	45	31	44	42	53	35	63	45	77	44	90	60	90	80	50	68	26	69	58	98	140	192	122	203	173	212	273	273	313	248	217	276	273	212	111	387	481	565	476	865	1000	788	502	347	326	200	139	101	76	29	94	136	163	172	105	145	118	128	84	85	88	67	73	57	74	49	65	56	61	61	60
