34928	35048	35167	35286	35405	35524	35644	35763	35882	36001	36120	36240	36359	36478	36597	36716	36836	36955	37074	37193	37313	37432	37551	37670	37789	37909	38028	38147	38266	38385	38505	38624	38743	38862	38981	39101	39220	39339	39458	39577	39697	39816	39935	40054	40174	40293	40412	40531	40650	40770	40889	41008	41127	41246	41366	41485	41604	41723	41842	41962	42081	42200	42319	42439	42558	42677	42796	42915	43035	43154	43273	43392	43511	43631	43750	43869	43988	44107	44227	44346	44465	44584	44703	44823	44942
64	170	1	2	119	0	1953125	12	0.0	0	0.62	0	0	V0.2	0	0	5	10	22	18	7	14	24	22	10	14	27	26	11	14	30	30	14	11	32	34	24	9	39	34	12	11	34	68	40	45	22	69	73	50	23	130	202	86	19	144	281	238	132	222	398	269	84	508	688	527	128	189	763	1000	595	248	315	402	465	528	208	151	51	236	151	73	77	101	94	36	32	72	71	27	24	53	58	31	16	46	51	28	12	40	47
64	170	1	2	119	0	1953125	12	0.0	0	0.62	0	0	V0.2	0	0	6	12	21	19	7	15	23	22	11	15	28	26	12	15	30	31	15	11	33	35	25	9	40	34	13	11	36	70	39	46	18	70	73	48	32	141	201	72	43	177	290	231	96	246	402	259	120	551	686	469	118	249	824	1000	574	225	319	391	518	549	225	149	80	260	151	69	68	104	99	38	34	73	72	27	25	54	59	34	16	46	54	30	14	42	48
64	170	1	2	119	0	1953125	12	0.0	0	0.62	0	0	V0.2	0	0	8	10	21	21	9	13	24	24	12	13	28	27	16	11	29	30	17	11	31	36	25	9	38	33	15	13	37	72	41	47	15	78	85	47	27	136	195	55	49	188	283	228	72	262	399	264	138	538	666	437	128	299	857	1000	521	187	320	439	492	510	196	144	85	257	142	61	62	102	102	37	34	72	73	28	23	52	60	34	15	45	50	32	11	40	47
64	170	1	2	119	0	1953125	12	0.0	0	0.62	0	0	V0.2	0	0	16	5	11	20	18	7	14	24	21	10	18	27	25	9	20	31	28	14	22	35	34	14	23	31	28	29	30	67	41	26	12	81	91	33	32	131	173	22	65	188	266	220	80	242	380	260	171	522	648	379	155	365	854	1000	454	170	347	472	454	433	184	123	94	246	134	69	66	96	90	26	44	70	64	17	34	54	52	20	27	49	44	16	21	44	41
64	170	1	2	119	0	1953125	12	0.0	0	0.62	0	0	V0.2	0	0	14	3	14	20	14	5	19	26	19	8	21	29	24	8	23	32	28	15	27	38	33	13	25	33	33	25	36	68	35	26	12	90	94	40	22	127	145	8	80	196	260	215	69	259	410	312	150	475	600	333	195	464	895	1000	375	156	481	582	437	343	141	81	124	256	122	73	62	105	104	24	55	75	65	15	36	61	57	20	29	53	46	18	23	50	47
64	170	1	2	119	0	1953125	12	0.0	0	0.63	0	0	V0.2	0	0	24	29	16	8	24	26	11	13	29	27	7	20	35	30	5	26	45	34	1	30	50	39	5	28	59	49	14	56	36	43	40	98	109	16	17	118	108	88	129	210	243	156	50	320	470	371	127	421	553	368	269	505	915	1000	324	176	594	698	458	324	137	30	172	271	126	100	66	102	92	28	76	76	49	9	46	56	39	6	43	53	30	3	38	49	30
64	170	1	2	119	0	1953125	12	0.0	0	0.62	0	0	V0.2	0	0	23	14	6	21	21	10	9	27	28	11	15	34	32	15	14	38	41	25	21	41	44	24	13	38	55	37	32	64	32	27	31	117	118	41	9	123	102	118	166	232	245	150	75	413	541	441	117	410	526	472	393	585	954	1000	355	309	772	797	448	341	95	43	218	298	117	82	60	138	126	29	86	95	71	11	48	77	68	17	45	69	51	13	39	64	48
64	170	1	2	119	0	1953125	12	0.0	0	0.63	0	0	V0.2	0	0	23	22	7	12	22	18	5	17	28	19	6	24	35	23	5	29	44	30	9	32	48	36	8	33	57	40	22	50	36	35	42	121	111	27	29	127	97	137	163	208	233	141	98	461	582	458	96	386	568	550	365	524	915	1000	376	352	821	792	371	364	88	72	215	270	105	93	81	136	105	20	96	96	58	5	61	77	53	4	58	67	41	11	53	64	37
64	170	1	2	119	0	1953125	12	0.0	0	0.62	0	0	V0.2	0	0	24	19	3	19	25	16	8	25	34	18	13	32	38	23	13	38	48	28	15	41	54	37	15	43	58	41	28	67	41	27	41	136	137	40	34	134	131	141	161	210	265	167	93	521	693	548	45	363	665	703	447	510	932	1000	469	473	924	956	386	385	77	128	274	285	111	49	77	161	137	39	90	105	81	24	45	88	78	18	46	73	58	17	40	71	54
64	170	1	2	119	0	1953125	12	0.0	0	0.62	0	0	V0.2	0	0	25	18	3	20	25	14	8	25	32	17	13	35	38	22	12	40	49	29	16	41	53	37	16	40	57	40	30	67	37	27	40	136	127	36	38	138	131	144	161	210	253	138	121	577	724	553	101	433	779	724	397	472	923	1000	450	564	974	977	330	491	76	127	237	264	114	39	72	162	144	39	85	99	83	30	43	90	79	23	45	75	66	21	42	73	60
64	170	1	2	119	0	1953125	12	0.0	0	0.62	0	0	V0.2	0	0	22	4	16	27	22	8	20	32	27	12	24	39	34	13	25	42	42	21	28	44	47	25	25	46	48	28	36	74	37	18	26	134	127	53	19	133	125	119	137	201	254	140	103	557	714	533	121	451	787	671	313	430	858	1000	424	554	961	921	285	522	95	113	183	230	115	26	62	158	140	51	60	87	88	49	25	80	84	39	26	65	70	38	23	62	63
64	170	1	2	119	0	1953125	12	0.0	0	0.62	0	0	V0.2	0	0	17	10	14	20	18	15	19	26	23	16	24	32	29	16	24	37	36	23	27	38	41	26	23	39	44	30	31	60	33	13	29	121	118	56	15	99	101	128	134	180	219	125	117	515	659	487	116	417	721	651	308	440	813	1000	486	494	912	859	348	479	95	127	196	219	114	16	74	157	134	51	58	87	84	46	28	81	83	37	25	65	71	33	24	60	60
64	170	1	2	119	0	1953125	12	0.0	0	0.62	0	0	V0.2	0	0	18	14	9	16	18	12	11	22	22	16	13	27	30	20	15	31	38	26	15	34	48	32	17	31	50	41	25	46	26	28	48	127	105	42	47	88	106	139	127	157	183	91	152	524	627	434	160	428	696	670	251	415	824	1000	490	460	892	849	338	462	120	144	223	202	107	11	92	162	120	37	73	91	77	31	43	88	70	20	42	72	61	19	42	68	54
64	170	1	2	119	0	1953125	12	0.0	0	0.62	0	0	V0.2	0	0	19	13	8	14	18	13	13	19	22	15	14	26	32	23	15	31	40	28	15	33	49	38	16	27	51	41	23	42	27	29	47	125	103	38	57	98	119	153	131	146	169	89	201	554	623	394	252	502	740	684	224	465	870	999	577	499	888	823	317	510	166	144	203	186	132	29	96	162	118	48	62	96	85	38	42	88	78	26	38	75	67	22	39	68	60
64	170	1	2	119	0	1953125	12	0.0	0	0.63	0	0	V0.2	0	0	20	25	13	5	20	22	10	11	25	24	9	20	33	32	9	24	41	35	9	25	54	49	13	24	52	53	18	34	35	39	53	114	99	22	86	101	143	156	112	116	147	100	208	546	649	423	258	542	788	748	243	399	830	999	689	523	880	837	297	585	196	167	177	167	139	34	114	153	96	40	63	93	76	22	48	85	64	10	42	71	55	9	43	66	51
64	170	1	2	119	0	1953125	12	0.0	0	0.62	0	0	V0.2	0	0	21	17	6	12	21	14	10	20	24	17	12	28	33	25	14	31	40	28	12	33	49	36	16	31	45	38	16	44	34	23	42	120	90	35	96	127	159	132	98	108	151	124	192	509	597	363	257	571	758	732	228	347	831	999	718	510	824	777	286	613	193	175	147	172	164	49	112	145	103	60	48	92	85	41	37	81	72	29	28	69	64	25	32	63	59
64	170	1	2	119	0	1953125	12	0.0	0	0.62	0	0	V0.2	0	0	17	9	10	20	20	10	16	26	23	14	18	31	29	17	19	34	34	21	18	35	43	28	22	37	35	27	20	55	32	11	26	115	86	34	76	126	164	106	67	87	153	147	158	411	514	321	227	546	721	671	155	326	810	1000	662	421	755	734	259	545	191	168	122	151	168	63	104	129	98	68	28	81	87	48	20	68	71	41	12	55	67	35	17	49	58
64	170	1	2	119	0	1953125	12	0.0	0	0.62	0	0	V0.2	0	0	20	17	4	14	19	12	6	20	25	15	8	26	31	20	11	29	38	25	7	32	49	34	11	29	41	40	18	51	33	22	30	105	78	15	90	135	160	91	50	99	181	157	139	384	494	308	239	538	689	645	76	345	855	1000	614	345	687	674	288	503	154	160	105	136	170	58	117	122	80	58	37	82	77	33	32	66	60	25	23	60	59	19	26	53	52
64	170	1	2	119	0	1953125	12	0.0	0	0.62	0	0	V0.2	0	0	13	8	22	24	16	12	25	28	19	13	28	30	22	11	28	37	26	15	29	38	34	13	35	43	28	17	32	66	33	7	7	115	97	44	41	130	151	88	71	114	181	156	136	386	532	321	217	547	727	632	94	374	929	1000	595	411	671	671	297	496	105	126	90	144	160	46	86	117	94	68	19	71	84	54	12	54	66	48	2	45	61	43	7	36	55
64	170	1	2	119	0	1953125	12	0.0	0	0.62	0	0	V0.2	0	0	12	9	20	23	14	14	25	29	18	14	27	30	20	12	30	36	26	16	33	38	32	13	35	45	28	10	33	64	38	11	14	119	99	47	41	142	150	91	65	110	180	153	144	421	574	355	242	567	789	653	145	322	893	1000	626	498	707	645	324	547	110	146	85	139	147	39	92	127	96	57	22	70	85	50	16	59	68	45	5	48	64	38	6	37	55
64	170	1	2	119	0	1953125	12	0.0	0	0.62	0	0	V0.2	0	0	13	12	26	27	15	14	29	30	21	17	32	34	22	14	35	41	29	19	37	43	35	13	38	52	29	8	38	70	41	8	21	136	120	52	25	149	152	124	105	152	206	140	186	530	693	459	242	563	905	779	361	376	846	1000	754	676	850	722	286	558	128	169	149	141	133	46	94	158	116	52	29	70	93	58	17	71	78	48	6	52	67	46	8	44	60
64	170	1	2	119	0	1953125	12	0.0	0	0.62	0	0	V0.2	0	0	12	11	27	30	17	15	32	35	22	19	35	38	25	15	37	45	31	19	42	47	34	10	40	58	35	12	45	77	43	13	24	142	138	59	13	152	149	121	130	213	278	176	146	577	785	600	172	455	881	812	523	497	904	979	674	761	1000	925	196	499	92	155	206	179	102	38	83	169	135	44	47	79	93	55	19	81	89	46	16	59	73	48	13	55	65
64	170	1	2	119	0	1953125	12	0.0	0	0.62	0	0	V0.2	0	0	27	10	12	28	27	7	15	32	32	11	17	37	35	13	21	41	41	19	25	43	45	18	26	46	42	32	31	80	44	14	3	107	116	25	36	160	153	49	128	264	382	256	55	416	625	549	113	337	602	481	369	523	1000	915	338	434	694	757	325	382	148	58	133	247	124	69	50	107	103	30	57	79	68	18	32	57	60	28	30	51	48	21	22	46	45
64	170	1	2	119	0	1953125	12	0.0	0	0.62	0	0	V0.2	0	0	29	11	19	35	30	10	24	39	35	8	25	44	40	12	27	49	45	16	29	49	52	17	35	53	45	35	29	90	48	21	23	99	106	12	43	176	190	58	118	246	417	308	103	322	561	507	125	377	587	457	280	417	990	1000	439	308	570	657	364	461	224	145	85	238	146	87	66	86	82	32	50	69	61	26	37	46	45	23	32	43	38	18	21	36	34
64	170	1	2	119	0	1953125	12	0.0	0	0.62	0	0	V0.2	0	0	14	4	14	19	13	9	19	24	19	12	21	29	21	9	23	32	27	15	26	33	36	16	32	34	17	23	33	64	44	26	17	79	67	10	75	178	211	101	121	223	390	353	139	263	456	406	116	434	618	474	144	286	835	1000	548	330	526	563	310	562	227	226	25	209	164	78	100	98	88	28	39	78	78	20	42	61	56	25	28	57	51	21	24	51	46
64	170	1	2	119	0	1953125	12	0.0	0	0.62	0	0	V0.2	0	0	10	11	20	20	14	13	24	25	18	16	24	28	18	12	27	31	22	16	29	31	28	15	37	46	17	7	26	60	52	34	38	87	62	8	77	178	228	140	100	155	340	338	185	196	412	332	145	443	680	572	235	276	706	1000	725	486	634	583	276	614	249	243	100	165	173	70	92	111	97	46	16	69	87	45	24	56	63	42	6	46	58	38	4	39	51
64	170	1	2	119	0	1953125	12	0.0	0	0.62	0	0	V0.2	0	0	20	2	22	33	24	7	26	38	29	9	27	39	32	8	32	46	34	14	31	43	41	19	39	66	31	12	16	65	66	26	53	114	78	5	76	193	263	173	108	83	320	336	232	191	460	333	134	421	821	707	423	399	600	1000	856	674	897	812	202	657	310	293	165	126	155	87	108	129	98	42	22	65	80	53	32	60	61	41	13	42	54	39	4	32	46
64	170	1	2	119	0	1953125	12	0.0	0	0.62	0	0	V0.2	0	0	18	4	18	28	21	6	21	30	25	7	21	33	27	6	22	36	32	12	27	37	33	17	26	57	36	2	10	44	53	14	41	107	94	14	46	126	188	151	72	26	183	177	168	265	494	335	44	300	642	546	487	513	506	587	628	788	1000	874	90	520	225	201	159	103	73	39	65	122	105	36	24	50	63	45	20	52	54	35	7	34	44	33	5	29	40
64	170	1	2	119	0	1953125	12	0.0	0	0.62	0	0	V0.2	0	0	16	10	15	21	19	15	18	25	22	17	22	26	22	17	23	30	28	22	25	30	28	21	29	49	35	8	10	41	51	22	41	106	103	29	48	134	198	168	56	27	186	178	180	303	530	374	52	379	685	615	526	493	435	614	687	807	999	898	69	586	253	195	152	127	91	30	63	137	123	37	34	66	78	48	19	68	71	39	13	51	60	37	9	46	52
64	170	1	2	119	0	1953125	12	0.0	0	0.62	0	0	V0.2	0	0	22	3	20	33	24	6	23	33	29	9	24	37	32	8	27	42	34	14	29	40	40	22	33	62	36	10	8	58	63	20	42	121	94	18	67	167	235	164	60	37	232	203	194	312	542	357	35	476	818	721	464	381	418	747	782	798	1000	906	177	685	323	259	151	114	122	57	74	134	116	40	20	55	77	55	22	57	63	42	8	36	55	39	3	32	44
64	170	1	2	119	0	1953125	12	0.0	0	0.62	0	0	V0.2	0	0	23	12	9	25	25	14	14	28	30	16	18	35	36	19	20	38	41	25	21	36	49	35	30	52	33	29	20	60	65	29	29	102	68	13	97	193	256	153	58	111	304	272	212	315	505	321	113	568	914	767	370	292	568	999	880	738	904	838	291	776	376	323	162	150	164	75	107	148	108	32	33	71	86	47	33	71	64	33	18	55	57	31	16	48	51
64	170	1	2	119	0	1953125	12	0.0	0	0.62	0	0	V0.2	0	0	19	16	5	13	20	14	5	18	23	16	9	25	29	19	9	25	35	25	13	29	44	30	15	27	34	44	33	57	45	10	8	69	60	36	116	185	210	62	145	227	329	278	103	243	426	300	170	534	681	504	41	288	785	999	639	435	525	565	378	684	319	276	76	194	195	88	119	110	79	36	33	75	77	29	40	62	50	19	25	52	47	15	26	47	42
64	170	1	2	119	0	1953125	12	0.0	0	0.62	0	0	V0.2	0	0	19	8	8	19	19	8	13	24	23	11	17	29	29	13	18	30	34	21	21	35	40	21	21	33	34	35	32	63	43	12	5	79	77	18	86	170	188	58	156	235	341	281	89	288	466	356	106	466	600	402	148	438	920	1000	451	384	601	634	339	574	253	213	10	238	193	77	92	98	98	50	35	79	81	33	31	53	57	33	18	51	50	25	12	43	46
64	170	1	2	119	0	1953125	12	0.0	0	0.62	0	0	V0.2	0	0	26	11	10	27	26	10	14	32	32	12	17	36	37	14	18	39	42	22	25	44	50	22	22	45	45	34	29	74	45	7	8	93	95	16	56	170	163	63	149	249	356	268	81	367	590	453	86	405	590	395	260	553	1000	936	348	487	781	808	309	483	204	146	65	255	178	77	74	110	109	52	49	81	77	30	30	54	58	32	23	51	50	24	16	43	44
64	170	1	2	119	0	1953125	12	0.0	0	0.62	0	0	V0.2	0	0	14	7	24	27	17	11	27	32	24	13	30	36	26	10	31	41	32	17	38	43	36	9	35	51	38	14	35	70	43	16	9	111	118	32	24	169	121	98	145	233	279	161	61	473	680	488	44	401	645	505	396	632	970	785	518	830	999	898	280	521	119	65	122	262	120	34	46	155	152	55	44	82	92	49	16	69	83	48	13	51	69	45	7	48	57
64	170	1	2	119	0	1953125	12	0.0	0	0.62	0	0	V0.2	0	0	17	12	25	32	20	16	31	36	27	16	33	39	29	13	36	45	33	19	39	46	40	17	40	61	39	10	32	70	57	24	38	132	109	54	15	182	157	133	133	159	211	184	235	475	659	433	133	547	847	737	415	549	784	954	963	999	841	742	407	685	159	165	82	209	143	27	97	168	127	61	27	90	107	60	22	80	89	51	9	61	76	49	7	51	67
64	170	1	2	119	0	1953125	12	0.0	0	0.62	0	0	V0.2	0	0	18	7	23	31	20	9	26	34	26	12	27	35	28	9	31	43	32	14	35	43	41	15	38	56	33	6	26	72	62	27	31	118	95	48	30	172	162	125	97	96	201	200	204	389	556	358	132	504	796	694	244	401	690	1000	866	721	545	555	463	617	124	157	54	188	140	25	107	138	87	59	30	88	91	45	24	68	73	42	10	53	64	39	8	44	58
64	170	1	2	119	0	1953125	12	0.0	0	0.62	0	0	V0.2	0	0	27	11	11	28	28	13	14	33	33	14	16	36	38	19	20	43	44	21	20	42	52	26	25	50	42	27	18	74	62	16	14	112	91	34	43	176	167	102	80	88	222	197	172	343	503	343	129	474	745	658	190	411	740	1000	766	514	431	617	446	535	108	135	90	188	133	46	114	116	68	46	43	90	77	31	32	63	61	30	22	53	56	24	16	45	51
64	170	1	2	119	0	1953125	12	0.0	0	0.62	0	0	V0.2	0	0	20	8	12	23	21	10	17	27	25	13	22	33	30	15	24	38	35	19	24	40	45	20	30	41	33	24	27	73	52	21	7	108	89	37	49	168	160	83	91	102	222	180	149	358	500	346	126	497	719	629	190	463	789	999	665	453	443	691	435	507	73	98	113	214	138	32	108	114	89	57	47	99	78	28	30	70	69	33	23	60	59	25	22	53	58
64	170	1	2	119	0	1953125	12	0.0	0	0.62	0	0	V0.2	0	0	23	18	2	15	23	15	5	22	27	18	7	28	35	21	9	30	39	26	10	36	49	30	17	36	40	38	23	68	47	14	13	100	88	23	64	153	156	82	85	82	215	164	167	366	497	300	171	551	730	600	140	405	850	1000	617	321	412	697	443	449	80	121	95	195	123	65	121	98	71	34	62	96	61	11	44	65	52	12	35	61	44	8	31	52	44
