34928	35048	35167	35286	35405	35524	35644	35763	35882	36001	36120	36240	36359	36478	36597	36716	36836	36955	37074	37193	37313	37432	37551	37670	37789	37909	38028	38147	38266	38385	38505	38624	38743	38862	38981	39101	39220	39339	39458	39577	39697	39816	39935	40054	40174	40293	40412	40531	40650	40770	40889	41008	41127	41246	41366	41485	41604	41723	41842	41962	42081	42200	42319	42439	42558	42677	42796	42915	43035	43154	43273	43392	43511	43631	43750	43869	43988	44107	44227	44346	44465	44584	44703	44823	44942
64	170	2	2	119	0	1953125	12	0.0	0	0.95	0	0	V0.2	0	0	91	125	110	121	125	101	129	108	146	96	152	80	178	69	183	57	173	72	172	103	148	100	148	140	116	150	92	158	78	240	68	188	178	388	323	399	216	262	287	225	392	595	733	540	901	981	1000	730	633	772	951	519	118	417	686	814	658	477	365	544	397	441	352	352	306	132	153	29	76	91	158	88	161	64	158	53	125	50	104	60	91	72	78	87	55
64	170	2	2	119	0	1953125	12	0.0	0	0.95	0	0	V0.2	0	0	67	12	66	38	51	37	54	54	37	54	47	60	46	69	61	67	59	85	50	75	49	98	35	90	57	127	100	162	181	165	176	118	197	104	205	194	236	150	165	177	185	164	129	494	538	710	617	521	618	583	606	288	292	537	1000	831	823	416	377	447	421	433	349	306	209	100	144	121	161	96	135	111	136	122	93	95	70	109	74	100	67	87	66	69	66
64	170	2	2	119	0	1953125	12	0.0	94	1.04	0	0	V0.2	0	0	26	36	23	37	10	39	12	35	3	29	14	28	23	14	31	18	28	11	43	20	40	38	57	8	32	37	22	93	34	103	34	111	14	94	97	210	131	89	113	69	63	235	251	298	124	230	358	323	113	279	756	1000	625	301	819	992	686	267	219	593	514	421	176	73	143	152	76	130	95	128	23	56	60	70	34	36	65	49	47	35	54	32	46	42	47
64	170	2	2	119	0	1953125	12	0.0	0	0.99	0	0	V0.2	0	0	132	76	133	79	142	71	148	80	149	83	147	90	155	84	154	92	150	108	124	98	133	86	147	91	151	117	129	89	151	93	160	174	114	122	126	159	242	390	271	333	147	298	26	229	435	748	614	823	694	751	841	584	218	331	801	962	1000	751	678	670	878	589	512	297	166	63	78	46	129	87	166	70	128	58	105	42	97	42	92	42	103	70	80	68	71
64	170	2	2	119	0	1953125	12	0.0	0	0.99	0	0	V0.2	0	0	35	40	39	46	17	19	46	46	17	17	37	28	25	30	50	18	35	24	59	7	64	19	43	30	82	19	42	46	48	64	81	24	43	210	274	308	282	200	349	238	187	183	571	692	626	648	478	475	305	386	579	594	865	463	823	1000	945	637	546	396	310	255	275	278	274	168	218	156	201	59	122	83	108	22	77	45	48	17	69	36	26	30	47	22	20
64	170	2	2	119	0	1953125	12	0.0	0	0.96	0	0	V0.2	0	0	27	39	15	38	9	46	12	28	8	38	17	21	18	31	10	31	25	34	9	36	18	16	10	48	31	20	16	44	36	84	110	50	86	41	15	55	81	123	74	93	221	286	209	59	188	363	238	56	359	472	602	818	1000	730	371	261	564	756	648	352	104	69	71	68	66	134	131	142	56	89	73	54	68	84	90	23	57	44	49	13	54	45	34	31	40
64	170	2	2	119	0	1953125	12	0.0	7645	2.33	0	0	V0.2	0	0	31	30	22	19	25	20	10	3	21	15	8	11	20	9	9	22	23	4	22	27	28	35	13	42	11	60	32	41	73	78	67	52	56	190	110	92	173	364	250	249	390	408	377	182	341	566	486	166	228	404	481	65	449	477	153	400	1000	884	538	599	392	367	85	361	129	60	132	66	66	68	71	89	10	36	27	61	34	28	15	35	31	17	20	18	22
64	170	2	2	119	0	1953125	12	0.0	0	0.80	0	0	V0.2	0	0	131	176	153	127	178	187	133	163	201	156	130	193	190	131	179	215	154	143	208	195	106	155	179	99	151	190	140	60	167	195	113	72	138	91	142	174	75	152	285	257	603	749	905	936	726	532	950	1000	725	382	442	360	853	927	840	930	969	821	486	495	496	342	247	202	366	328	133	183	210	121	67	136	111	14	128	155	70	59	140	104	10	92	106	34	90
64	170	2	2	119	0	1953125	12	0.0	0	0.82	0	0	V0.2	0	0	54	22	34	45	6	40	32	16	44	20	31	35	13	30	23	28	22	41	58	30	71	73	38	100	95	106	140	89	82	114	45	65	147	71	125	154	182	367	176	152	85	230	253	202	210	368	118	536	999	998	862	989	766	773	835	472	211	813	866	938	575	91	120	201	207	167	116	66	124	90	70	116	56	30	59	15	65	59	34	61	38	49	67	29	31
64	170	1	2	119	0	1953125	12	0.0	0	0.84	0	0	V0.2	0	0	11	29	34	8	44	29	16	37	12	26	23	20	29	16	30	29	30	26	21	39	11	41	36	19	37	24	78	70	54	158	96	70	141	149	98	152	86	195	241	244	365	229	184	305	160	244	555	299	158	251	449	471	496	323	245	619	1000	935	734	625	381	173	94	37	113	218	144	138	156	106	99	68	23	64	19	51	59	30	52	36	37	51	22	35	36
64	170	1	2	119	0	1953125	12	0.0	0	0.99	0	0	V0.2	0	0	76	77	62	88	79	93	59	90	83	105	60	98	67	122	74	91	54	126	75	91	47	104	62	115	44	89	72	98	27	54	58	153	52	50	99	200	140	248	194	251	94	236	320	490	432	512	495	346	84	384	514	1000	829	510	178	276	288	377	517	232	120	201	251	249	241	84	92	57	112	9	67	17	54	28	68	4	47	29	75	13	44	28	65	24	67
64	170	1	2	119	0	1953125	12	0.0	0	0.98	0	0	V0.2	0	0	129	98	136	103	129	103	134	124	135	112	147	119	158	102	148	119	149	115	140	105	158	97	139	85	130	90	130	80	80	145	171	24	17	262	226	290	294	351	345	207	453	589	749	593	701	516	600	335	288	821	1000	886	697	894	925	978	508	561	128	391	434	428	444	368	184	127	104	102	117	123	82	80	92	85	70	49	113	98	52	59	87	80	65	54	81
64	170	2	2	119	0	1953125	12	0.0	0	0.55	0	0	V0.2	0	0	18	15	10	12	19	19	16	12	14	22	22	19	14	20	26	21	19	12	19	30	42	40	31	38	54	43	54	51	84	108	123	111	18	73	157	112	209	280	123	146	319	211	252	531	601	478	549	472	95	372	872	789	524	421	320	426	718	1000	505	492	315	220	216	350	303	146	59	71	155	139	126	76	17	62	102	90	56	10	47	73	72	47	11	42	70
64	170	2	2	119	0	1953125	12	0.0	0	0.56	0	0	V0.2	0	0	10	8	16	22	20	11	9	19	23	18	9	11	22	27	19	7	14	31	34	21	8	27	47	38	32	23	48	78	65	35	61	44	102	136	67	133	177	33	247	236	294	394	522	409	58	495	308	328	490	658	100	437	781	882	475	999	405	607	628	733	173	406	179	105	175	149	123	125	63	42	116	128	95	43	14	58	85	76	29	21	53	74	59	24	26
64	170	2	2	119	0	1953125	12	0.0	0	0.56	0	0	V0.2	0	0	9	13	10	2	5	12	12	7	2	10	16	15	7	4	16	17	13	5	7	15	23	17	3	22	39	30	5	19	16	85	87	70	111	85	27	81	169	293	307	256	147	238	77	189	301	200	153	357	399	189	198	265	523	644	1000	929	428	262	475	312	359	345	169	143	92	84	93	97	110	66	7	37	70	59	38	19	34	53	45	22	26	39	47	39	20
64	170	2	2	119	0	1953125	12	0.0	0	0.75	0	0	V0.2	0	0	30	39	10	23	35	10	19	28	10	26	34	15	22	27	15	27	30	30	42	25	36	47	17	53	83	46	52	100	57	62	103	101	123	178	72	19	94	213	206	76	65	78	302	411	464	299	470	366	90	532	809	901	1000	932	952	337	167	497	716	617	266	43	51	45	151	201	135	94	47	62	75	81	93	52	39	53	46	36	63	55	15	42	47	13	40
64	170	2	2	119	0	1953125	12	0.0	4452	1.78	0	0	V0.2	0	0	24	19	8	14	17	23	5	6	11	8	11	2	11	11	2	14	23	13	21	14	28	4	15	29	45	9	13	43	14	58	67	38	67	84	228	123	177	215	96	100	284	306	152	178	167	256	238	571	281	448	797	765	108	263	999	905	484	310	223	225	174	205	31	187	88	111	23	63	48	20	48	53	36	6	38	29	25	8	16	18	25	10	3	28	16
64	170	2	2	119	0	1953125	12	0.0	0	0.75	0	0	V0.2	0	0	160	143	138	123	106	101	117	88	81	69	60	49	37	21	32	25	36	33	56	82	72	106	144	158	178	178	198	179	194	188	224	222	308	247	204	199	195	320	278	332	510	389	372	393	237	219	397	403	528	704	257	213	492	426	1000	243	515	298	211	397	484	413	222	343	175	192	103	124	78	94	123	103	102	103	105	121	125	135	128	124	130	115	106	117	89
64	170	2	2	119	0	1953125	12	0.0	0	0.55	0	0	V0.2	0	0	13	18	27	27	20	15	23	30	28	20	18	28	35	35	26	28	40	45	45	33	39	56	64	58	43	59	82	127	121	104	113	81	119	213	255	146	165	271	399	369	129	390	525	569	612	590	296	367	849	949	690	196	512	822	897	999	954	660	347	668	796	514	258	248	231	274	220	130	33	66	134	163	139	64	41	83	110	99	42	15	64	84	73	32	19
64	170	2	2	119	0	1953125	12	0.0	0	0.53	0	0	V0.2	0	0	6	10	17	19	15	9	12	17	20	18	8	10	18	20	22	10	8	19	31	24	22	16	29	53	59	52	46	47	41	98	122	150	135	74	105	175	323	295	139	334	328	399	240	281	459	698	578	172	284	503	169	655	1000	969	197	740	811	501	626	515	311	303	205	129	114	224	232	195	94	29	73	140	127	74	35	14	63	78	67	42	10	43	61	64	45
64	170	2	2	119	0	1953125	12	0.0	0	0.84	0	0	V0.2	0	0	31	14	27	28	6	28	16	21	28	4	20	7	15	19	6	17	7	17	4	23	21	8	27	6	31	41	28	71	27	91	95	105	186	117	181	358	329	313	114	161	439	556	507	385	261	400	338	86	82	246	356	182	410	911	1000	938	149	433	289	357	299	164	165	164	206	148	90	161	142	73	66	58	57	55	15	35	45	15	26	22	13	21	10	26	28
64	170	1	2	119	0	1953125	12	0.0	0	0.49	0	0	V0.2	0	0	13	11	7	2	6	11	15	13	10	4	6	12	17	17	13	8	7	16	25	19	16	15	2	17	48	49	53	43	26	51	94	46	100	151	159	167	109	144	345	267	305	344	125	282	439	413	425	462	299	553	802	547	296	398	584	1000	488	133	147	111	401	400	166	250	255	84	26	50	75	102	116	77	52	30	23	39	60	63	53	34	26	33	46	51	53
64	170	1	2	119	0	1953125	12	0.0	0	0.48	0	0	V0.2	0	0	8	15	17	16	11	1	8	15	20	19	14	5	6	13	23	25	20	8	9	23	29	30	30	25	17	37	46	70	75	72	67	36	69	74	166	146	258	180	69	183	215	151	399	463	75	368	310	287	618	115	685	876	921	679	721	388	1000	901	442	343	182	88	210	182	143	204	162	89	52	33	15	68	88	82	73	47	22	34	53	60	60	47	27	25	40
64	170	1	2	119	0	1953125	12	0.0	0	0.98	0	0	V0.2	0	0	45	113	59	132	45	115	55	137	60	127	44	144	70	138	35	144	60	152	47	125	45	153	43	140	44	140	70	109	44	205	101	72	48	224	243	337	187	49	83	256	297	323	384	430	476	328	485	805	809	498	605	841	651	178	953	1000	924	585	774	512	396	122	239	296	322	142	127	163	155	64	171	164	114	58	124	120	47	48	103	92	56	72	83	84	59
64	170	1	2	119	0	1953125	12	0.0	0	0.48	0	0	V0.2	0	0	12	8	2	4	10	13	14	12	5	1	9	15	16	14	7	2	7	16	21	23	16	5	8	20	35	29	30	27	50	65	59	73	95	19	109	97	32	72	213	136	303	248	163	358	284	223	505	268	352	635	347	235	639	452	582	1000	236	492	279	227	409	301	149	184	149	54	42	48	61	78	91	64	57	27	12	21	46	47	46	33	19	16	30	39	44
64	170	2	2	119	0	1953125	12	0.0	0	0.49	0	0	V0.2	0	0	1	5	11	14	13	8	3	4	11	14	15	13	3	2	12	16	17	13	9	6	23	27	29	17	17	26	43	53	60	44	69	78	77	124	105	102	165	231	167	235	271	98	546	407	157	447	152	577	671	189	536	876	360	487	526	199	1000	595	566	421	156	261	184	158	149	189	161	124	95	48	17	49	73	78	75	52	25	32	51	60	55	43	31	28	39
64	170	2	2	119	0	1953125	12	0.0	0	0.48	0	0	V0.2	0	0	14	6	2	12	18	20	20	12	3	9	15	20	22	18	3	1	17	32	31	27	17	17	30	43	66	71	68	3	47	45	151	86	135	161	227	160	122	61	391	275	571	525	291	158	356	236	532	474	715	531	336	342	956	881	653	1000	677	857	853	342	382	275	356	334	267	154	116	67	73	91	119	128	111	81	45	19	47	67	79	77	52	36	32	47	64
64	170	2	2	119	0	1953125	12	0.0	6265	2.09	0	0	V0.2	0	0	24	22	11	8	22	30	21	14	22	45	23	10	11	33	13	25	16	12	39	10	23	24	45	20	21	74	53	61	85	57	246	115	75	253	235	138	237	322	165	434	495	306	412	380	333	347	321	788	186	267	524	454	225	156	840	387	674	62	1000	210	911	393	332	285	210	77	44	96	43	77	38	78	12	33	37	71	39	47	51	30	20	24	28	19	12
64	170	2	2	119	0	1953125	12	0.0	7655	2.33	0	0	V0.2	0	0	3	4	10	17	10	14	12	22	20	7	13	22	9	5	4	17	22	6	21	39	25	24	26	46	26	12	43	67	85	89	6	38	80	153	88	51	137	110	34	83	111	303	42	77	396	113	141	191	162	129	456	402	260	299	999	304	348	339	170	231	179	20	39	196	24	117	54	23	15	52	41	43	5	33	65	19	21	43	35	19	17	51	22	14	22
64	170	2	2	119	0	1953125	12	0.0	0	0.74	0	0	V0.2	0	0	540	553	554	561	567	565	572	574	569	577	577	581	594	578	589	599	597	592	595	571	576	555	539	520	504	477	449	385	342	400	384	368	388	299	321	394	425	294	440	390	412	367	460	396	418	555	332	810	541	447	587	125	181	374	576	846	1000	311	416	276	364	354	165	173	220	216	233	279	243	262	254	255	238	224	242	235	230	240	248	272	262	251	266	273	270
64	170	2	2	119	0	1953125	12	0.0	0	0.50	0	0	V0.2	0	0	17	14	7	5	12	18	17	15	4	7	15	21	22	16	11	3	13	27	28	20	22	19	13	29	21	26	11	72	42	46	91	36	97	141	36	15	183	291	402	183	62	235	415	338	541	224	308	289	554	569	482	999	566	509	907	798	893	644	308	489	381	466	101	44	57	191	144	152	115	96	43	19	46	60	58	52	43	32	50	58	57	48	35	32	44
64	170	2	2	119	0	1953125	12	0.0	7490	2.30	0	0	V0.2	0	0	8	8	12	22	15	6	17	16	10	4	11	18	4	6	12	4	8	11	19	17	13	12	29	19	10	15	44	25	56	85	26	60	81	86	150	58	37	55	262	79	161	369	170	226	346	142	255	391	261	389	168	999	618	385	425	387	587	136	499	144	235	192	139	116	29	86	57	40	28	62	29	14	34	38	20	13	20	21	8	13	15	3	12	9	17
64	170	2	2	119	0	1953125	12	0.0	7251	2.26	0	0	V0.2	0	0	11	76	22	36	31	42	38	26	21	39	62	10	29	71	18	46	69	53	52	39	74	67	131	58	65	164	105	170	170	242	76	76	201	237	418	474	470	375	241	46	475	709	814	381	232	506	604	581	893	1000	932	528	306	331	104	272	601	855	750	517	179	130	140	26	233	240	208	80	129	21	61	88	69	102	114	96	12	117	71	43	71	91	42	53	66
64	170	2	2	119	0	1953125	12	0.0	0	0.72	0	0	V0.2	0	0	10	30	28	8	26	38	20	7	22	20	11	24	28	22	19	15	26	33	15	25	45	22	22	54	37	9	69	77	54	21	119	126	84	104	96	76	217	287	278	147	159	319	484	569	630	518	168	141	224	449	874	584	508	432	159	293	640	1000	412	491	113	320	312	119	77	117	124	32	93	119	94	32	55	70	28	28	52	29	16	41	41	10	31	40	25
64	170	2	2	119	0	1953125	12	0.0	0	0.50	0	0	V0.2	0	0	10	4	5	11	14	14	11	5	5	10	17	16	13	5	8	13	19	19	11	8	12	24	19	33	18	6	30	46	67	51	33	88	55	107	69	137	203	313	181	159	159	199	435	648	482	372	283	122	306	411	431	432	230	206	174	727	1000	811	572	190	123	250	236	351	99	158	120	117	55	10	77	96	72	65	48	28	34	54	54	50	39	32	35	44	54
64	170	2	2	119	0	1953125	12	0.0	6365	2.11	0	0	V0.2	0	0	9	9	31	35	18	8	32	40	16	11	17	28	31	15	13	18	31	29	18	15	30	23	13	41	39	40	41	41	23	96	65	82	126	43	35	125	151	304	219	349	391	123	217	171	550	641	379	401	322	240	135	107	175	160	620	1000	744	487	262	113	171	265	15	244	220	117	112	43	51	103	45	62	27	72	26	25	34	45	38	19	30	48	43	22	29
64	170	2	2	119	0	1953125	12	0.0	0	1.01	0	0	V0.2	0	0	765	739	755	794	779	776	782	835	845	818	831	867	867	856	825	867	870	856	783	790	821	778	728	698	710	706	626	586	580	646	494	437	454	586	514	373	487	605	415	380	558	842	302	622	905	406	1000	165	896	506	594	880	510	604	879	642	206	824	547	53	686	454	480	380	360	443	348	340	346	366	331	309	347	352	347	356	358	363	399	392	388	395	418	403	405
64	170	2	2	119	0	1953125	12	0.0	7068	2.23	0	0	V0.2	0	0	28	31	22	30	32	31	20	16	25	19	15	12	23	21	14	8	30	7	25	3	50	38	31	45	44	32	36	61	62	71	71	95	68	155	137	58	44	258	205	46	314	186	320	356	166	434	340	282	450	471	924	207	1000	345	847	430	410	565	496	829	554	269	183	229	103	79	89	45	44	51	70	17	12	16	28	11	29	9	12	12	18	4	20	9	13
64	170	2	2	119	0	1953125	12	0.0	0	0.51	0	0	V0.2	0	0	34	28	35	36	41	39	32	41	36	34	37	42	29	35	44	49	43	45	53	55	49	48	57	66	39	90	79	106	68	116	134	134	117	49	175	116	80	69	36	197	357	234	213	411	182	317	757	565	245	318	488	743	700	1000	519	266	792	922	539	335	226	317	216	157	184	121	144	137	121	136	106	89	91	109	95	82	79	80	86	70	70	77	52	58	57
64	170	2	2	119	0	1953125	12	0.0	554	1.11	0	0	V0.2	0	0	21	44	11	56	17	26	43	10	47	18	32	36	17	27	33	25	40	37	57	25	40	44	14	88	54	90	53	53	73	18	24	136	138	117	95	252	158	58	242	204	61	293	554	494	298	197	105	349	561	896	1000	988	711	289	536	869	715	284	236	413	185	89	285	204	146	61	163	84	19	101	31	32	66	55	59	38	66	32	54	28	41	46	21	52	42
