64,170,2,2,119,0,1953125,12,0,0,0.95,0,0,NaN,0,0,47,18,36,9,44,26,33,27,27,28,29,37,22,28,35,40,32,38,53,63,44,78,29,63,35,115,66,107,65,60,89,154,181,141,177,55,169,61,147,125,210,176,247,491,384,288,193,368,414,701,775,717,1000,853,368,268,538,319,296,165,151,87,85,164,92,133,72,88,100,61,83,57,110,49,74,39,59,36,51,54,38,46,36,53,26
64,170,2,2,119,0,1953125,12,0,0,0.96,0,0,NaN,0,0,211,211,218,212,224,211,226,208,239,205,242,200,247,194,255,185,251,181,256,162,271,149,254,163,247,164,238,201,186,213,231,201,231,298,150,304,38,280,116,290,109,352,101,610,352,185,411,353,147,644,676,681,1000,926,698,147,650,258,445,237,644,256,364,265,270,241,215,243,173,294,92,271,86,261,97,254,95,241,126,225,131,212,145,201,161
64,170,2,2,119,0,1953125,12,0,2141,1.39,0,0,NaN,0,0,36,12,14,29,37,20,8,24,36,26,17,20,28,38,25,22,22,39,38,40,27,39,38,61,24,14,94,60,98,74,93,69,164,171,59,157,41,20,98,272,85,69,186,450,129,457,637,104,260,26,357,17,827,1000,540,70,140,214,314,106,267,235,127,107,123,88,54,123,25,56,96,75,37,20,38,61,51,33,38,49,43,30,27,38,35
64,170,2,2,119,0,1953125,12,0,7491,2.31,0,0,NaN,0,0,20,29,17,19,20,16,12,11,8,6,16,13,12,5,4,10,18,9,16,7,21,38,25,22,35,47,31,34,11,66,23,93,102,90,175,102,196,67,89,105,303,294,300,544,384,250,164,61,179,566,1000,56,603,667,710,199,704,546,345,405,454,181,189,124,190,72,106,155,44,30,37,28,39,21,44,20,46,21,9,16,23,13,5,20,21
64,170,2,2,119,0,1953125,12,0,5807,2.02,0,0,NaN,0,0,111,35,72,108,49,55,101,56,50,96,63,55,91,61,67,89,52,81,102,44,95,126,49,117,167,87,148,240,168,165,303,293,184,286,321,207,172,263,168,10,57,33,176,257,267,379,546,615,640,733,894,883,840,905,999,930,808,876,758,649,630,608,445,344,385,308,164,221,202,97,176,200,110,151,190,123,109,148,108,74,104,91,72,93,90
64,170,2,2,119,0,1953125,12,0,5877,2.03,0,0,NaN,0,0,25,29,25,35,31,30,22,32,32,22,20,29,25,13,24,34,26,14,31,29,30,11,37,9,19,31,30,22,36,87,35,89,66,87,118,11,186,133,262,107,159,103,84,61,128,310,310,155,367,686,520,499,529,544,377,395,999,545,228,422,519,156,136,57,138,155,83,54,74,30,63,36,54,44,19,49,37,21,27,43,30,32,32,41,21
64,170,2,2,119,0,1953125,12,0,0,0.81,0,0,NaN,0,0,210,250,236,224,264,223,254,255,227,269,225,248,267,214,280,243,226,284,205,251,262,176,277,197,218,273,178,238,235,178,238,156,232,253,145,292,207,192,323,56,429,318,219,599,339,325,660,453,642,876,486,999,697,292,880,615,828,407,370,647,314,170,238,100,270,348,111,248,219,106,241,144,185,250,126,235,199,151,232,143,198,204,146,223,167
64,170,2,2,119,0,1953125,12,0,6737,2.18,0,0,NaN,0,0,26,22,16,26,18,21,18,9,18,17,14,13,13,12,11,19,11,11,21,11,23,30,17,34,30,36,35,69,36,45,77,9,91,43,58,202,18,155,62,140,199,181,263,204,129,220,211,89,270,641,110,425,470,300,612,166,1000,388,296,207,167,135,196,157,66,29,74,36,11,14,44,15,44,8,27,20,12,15,13,19,8,3,13,9,2
64,170,2,2,119,0,1953125,12,0,0,0.86,0,0,NaN,0,0,301,301,293,290,273,224,214,202,196,164,157,122,81,70,59,89,100,123,138,159,211,229,269,310,311,353,374,431,345,437,472,481,387,541,592,614,382,420,488,493,492,649,587,646,414,116,837,297,745,674,391,965,758,170,519,1000,504,528,799,605,663,398,324,558,440,368,370,294,260,256,283,281,320,290,261,208,166,150,142,156,165,156,152,147,92
64,170,2,2,119,0,1953125,12,0,0,0.78,0,0,NaN,0,0,276,243,253,277,243,271,277,245,289,273,252,297,260,256,303,241,260,301,227,279,290,201,272,266,178,277,238,223,319,224,183,285,157,215,357,110,435,560,165,314,478,130,497,497,49,547,696,437,675,744,238,384,352,321,1000,477,509,830,285,140,323,181,250,392,264,91,289,142,199,233,179,229,235,153,258,223,151,251,200,166,252,189,186,241,171
64,170,2,2,119,0,1953125,12,0,0,0.78,0,0,NaN,0,0,256,293,277,269,298,270,284,303,271,296,293,271,313,286,279,308,265,286,302,232,285,287,233,285,274,243,298,200,212,298,160,281,302,186,368,320,73,336,286,163,435,193,320,774,344,390,604,510,687,824,383,752,785,1000,576,752,402,766,586,331,390,203,42,296,225,237,295,185,211,298,148,255,284,142,264,262,159,270,236,182,265,212,206,255,191
64,170,2,2,119,0,1953125,12,0,0,0.78,0,0,NaN,0,0,24,24,44,19,30,47,15,30,40,8,30,34,20,30,25,40,34,23,56,46,25,57,39,35,58,30,87,122,31,78,174,65,60,172,133,241,203,137,174,229,216,310,437,325,279,384,516,626,646,640,920,905,627,698,1000,737,470,269,285,460,377,196,97,202,139,168,208,145,119,173,127,72,103,94,56,85,67,48,77,61,39,68,57,28,52
64,170,2,2,119,0,1953125,12,0,0,0.77,0,0,NaN,0,0,165,191,166,183,198,167,190,195,164,194,187,159,198,181,161,206,177,166,208,164,162,198,150,167,195,121,184,178,103,172,163,95,210,175,158,193,235,79,166,202,108,351,225,137,476,536,296,688,653,303,572,387,1000,832,333,409,542,384,317,293,279,233,339,216,158,258,113,119,200,114,145,178,123,169,152,119,170,145,123,172,132,127,169,128,137
64,170,1,2,119,0,1953125,12,0,0,0.75,0,0,NaN,0,0,28,41,16,32,52,29,27,47,28,18,45,28,8,24,23,32,21,16,48,38,12,58,41,22,63,50,54,126,87,23,108,136,118,170,144,93,216,301,173,323,399,282,31,393,665,844,363,384,644,815,756,336,681,734,999,637,362,219,105,415,523,299,292,317,176,121,89,135,84,51,36,36,40,27,7,39,43,16,37,61,38,14,50,40,6
64,170,1,2,119,0,1953125,12,0,2276,1.41,0,0,NaN,0,0,40,7,11,44,42,21,3,18,41,35,16,10,26,30,25,33,11,3,29,22,39,25,14,35,72,34,71,26,61,122,128,220,133,242,188,170,324,134,278,270,184,94,293,247,216,203,445,282,577,704,234,684,123,1000,837,416,476,341,731,349,214,121,230,246,210,222,88,158,83,54,77,83,79,41,39,60,53,55,24,31,43,42,33,26,33
64,170,1,2,119,0,1953125,12,0,0,0.78,0,0,NaN,0,0,59,50,39,35,24,18,14,21,36,46,58,67,70,72,71,71,71,75,88,96,120,132,137,161,148,149,124,122,98,101,166,144,193,179,274,318,224,204,167,194,135,105,138,215,194,76,288,253,542,458,237,39,639,966,684,1000,656,380,653,366,409,257,399,284,229,295,214,233,216,172,162,136,140,141,141,153,160,164,167,166,162,151,139,129,115
64,170,1,2,119,0,1953125,12,0,0,0.77,0,0,NaN,0,0,230,216,228,229,220,242,232,229,246,230,236,248,225,242,244,214,246,237,214,250,222,201,235,185,201,236,209,226,254,179,179,215,135,174,299,166,317,234,258,378,117,234,171,40,492,449,151,191,716,210,408,427,402,803,1000,213,620,707,569,533,404,72,314,402,67,234,282,88,201,231,112,202,190,144,216,167,158,219,157,179,214,150,189,204,140
64,170,1,2,119,0,1953125,12,0,7486,2.3,0,0,NaN,0,0,19,19,19,16,21,15,22,13,13,12,9,16,5,9,15,13,14,12,17,21,11,32,23,33,30,13,41,48,52,28,62,114,48,50,50,71,75,53,142,186,202,150,62,126,165,105,206,23,230,122,81,174,470,1000,776,726,570,428,348,400,338,217,267,121,88,71,19,95,24,13,58,31,40,45,28,30,23,21,23,14,10,19,20,8,10
64,170,2,2,119,0,1953125,12,0,0,0.74,0,0,NaN,0,0,237,260,264,241,259,261,237,265,267,239,265,261,231,267,260,237,281,269,226,283,275,213,279,258,149,260,230,123,301,322,122,289,332,126,229,255,41,397,450,293,374,678,452,283,247,294,770,771,190,472,443,129,236,684,613,571,1000,523,180,470,587,330,482,329,18,351,345,113,259,285,155,180,237,135,178,223,160,199,223,178,216,222,181,209,218
64,170,2,2,119,0,1953125,12,0,0,0.74,0,0,NaN,0,0,250,296,275,256,305,286,262,313,297,255,309,296,252,309,302,243,301,297,223,284,288,211,282,294,206,312,347,217,256,354,156,187,320,152,223,447,318,126,540,552,176,411,398,381,904,843,119,571,789,594,565,624,16,561,950,941,613,1000,724,324,553,583,145,311,275,70,280,331,114,226,313,167,198,304,211,196,306,235,182,274,224,159,234,204,150
64,170,2,2,119,0,1953125,12,0,0,0.74,0,0,NaN,0,0,25,38,20,18,44,35,1,32,30,9,26,32,22,17,20,33,37,18,31,47,26,37,58,40,33,66,39,39,98,86,25,53,65,44,90,65,32,150,155,96,102,348,411,290,120,499,755,705,495,132,705,1000,845,689,154,423,713,782,494,163,261,335,239,105,177,178,100,63,121,120,69,73,85,60,37,60,54,35,47,41,25,39,41,34,33
64,170,2,2,119,0,1953125,12,0,0,0.75,0,0,NaN,0,0,31,6,33,35,5,23,33,12,23,35,17,20,31,19,20,26,23,29,26,23,47,38,15,68,91,53,60,108,85,60,125,153,161,247,199,158,316,400,372,139,246,437,345,239,203,253,416,573,394,279,355,372,209,351,1000,807,697,232,428,452,366,226,55,170,175,174,72,103,137,89,24,78,77,30,46,60,26,25,52,31,13,41,33,14,27
64,170,2,2,119,0,1953125,12,0,0,0.74,0,0,NaN,0,0,190,177,167,195,183,172,201,185,176,209,190,174,207,184,167,205,178,171,208,170,158,208,162,144,195,140,143,243,197,128,253,206,38,226,164,172,329,103,233,314,225,74,189,88,152,268,373,236,368,765,784,506,671,533,796,1000,551,710,707,124,246,331,95,121,265,159,101,232,174,64,192,165,93,201,182,113,195,179,109,178,161,97,158,144,94
64,170,2,2,119,0,1953125,12,0,0,0.74,0,0,NaN,0,0,18,43,37,5,34,37,10,28,39,19,15,31,25,20,26,31,33,20,33,61,49,18,59,61,24,79,96,60,74,122,95,128,200,134,106,242,291,246,234,281,244,372,217,114,290,403,272,344,77,551,854,1000,979,448,452,853,968,811,531,383,375,374,187,59,168,183,155,9,120,148,82,36,81,73,41,61,74,39,39,63,50,33,46,46,30
64,170,2,2,119,0,1953125,12,0,6650,2.16,0,0,NaN,0,0,35,33,34,28,32,28,29,20,21,29,29,19,24,24,19,15,25,25,17,35,17,44,40,37,40,39,60,33,76,99,77,112,116,143,172,179,31,91,246,85,195,123,131,240,333,114,222,149,313,86,268,600,1000,416,511,402,208,732,884,433,694,106,145,98,43,112,95,49,32,23,25,24,14,11,15,4,29,9,3,9,7,20,15,20,20
64,170,2,2,119,0,1953125,12,0,0,0.75,0,0,NaN,0,0,821,813,816,814,813,828,828,843,855,864,883,884,885,885,882,872,860,836,822,801,788,770,767,767,759,763,754,768,772,773,758,731,738,712,717,667,661,721,670,717,724,753,774,832,1000,742,895,886,851,752,503,698,428,696,898,938,856,926,904,766,656,545,579,605,605,618,671,693,663,668,678,700,682,677,663,656,652,642,637,638,643,635,639,644,638
64,170,2,2,119,0,1953125,12,0,0,0.75,0,0,NaN,0,0,221,197,188,215,189,188,221,194,197,230,201,208,241,207,208,231,190,204,223,172,197,222,161,199,219,140,172,196,126,222,234,181,214,238,179,103,184,74,240,406,167,274,484,374,91,438,338,370,702,569,339,1000,825,578,453,410,771,730,311,225,296,227,75,262,175,39,190,205,93,233,219,108,187,182,128,184,179,129,186,171,134,186,165,123,171
64,170,2,2,119,0,1953125,12,0,0,0.74,0,0,NaN,0,0,3,29,33,6,26,33,9,25,36,16,20,33,23,16,27,31,36,31,30,50,37,25,50,55,31,74,73,36,120,160,66,84,170,165,72,115,120,249,341,296,154,247,364,363,291,273,430,393,430,481,272,795,735,516,285,899,1000,840,397,54,149,286,309,192,121,127,74,84,140,111,55,79,93,46,35,84,65,14,58,60,20,34,50,37,28
64,170,2,2,119,0,1953125,12,0,0,0.74,0,0,NaN,0,0,57,50,10,42,52,18,27,37,23,27,31,26,35,28,28,43,29,35,61,37,38,70,55,29,70,78,71,104,60,119,153,136,14,210,276,170,133,264,298,398,354,239,92,424,542,331,358,354,448,558,588,749,733,784,578,645,1000,700,553,294,397,377,364,303,189,114,191,246,181,106,125,126,93,77,65,44,73,65,14,60,71,21,44,67,33
64,170,2,2,119,0,1953125,12,0,0,0.74,0,0,NaN,0,0,293,252,297,295,255,308,305,266,322,315,268,323,315,268,327,313,255,322,301,230,310,277,206,299,265,229,341,312,231,328,273,136,255,287,95,403,429,101,467,683,205,369,453,157,769,826,301,374,731,775,685,874,506,671,999,554,824,981,319,422,530,75,186,473,347,83,318,292,17,296,292,132,289,306,191,268,274,185,256,243,175,243,228,170,237
