34928	35048	35167	35286	35405	35524	35644	35763	35882	36001	36120	36240	36359	36478	36597	36716	36836	36955	37074	37193	37313	37432	37551	37670	37789	37909	38028	38147	38266	38385	38505	38624	38743	38862	38981	39101	39220	39339	39458	39577	39697	39816	39935	40054	40174	40293	40412	40531	40650	40770	40889	41008	41127	41246	41366	41485	41604	41723	41842	41962	42081	42200	42319	42439	42558	42677	42796	42915	43035	43154	43273	43392	43511	43631	43750	43869	43988	44107	44227	44346	44465	44584	44703	44823	44942
31	12	18	37	39	24	14	35	38	26	9	29	34	25	15	27	32	27	17	49	30	22	26	19	40	50	37	95	23	79	23	107	142	76	112	190	90	257	78	95	468	49	298	372	165	327	68	105	378	443	681	172	603	454	921	1000	642	751	515	215	483	283	26	160	229	141	96	70	45	44	43	9	20	54	74	26	26	51	29	20	28	25	22	30	27
15	9	17	18	13	18	31	9	27	15	20	15	27	24	19	18	46	26	25	36	42	20	31	59	37	40	43	33	30	76	128	46	161	80	17	131	63	88	275	72	165	26	118	369	66	435	285	50	423	467	153	396	1000	284	389	61	168	425	497	372	293	444	194	196	120	84	167	128	69	91	92	91	59	57	64	39	67	45	47	53	47	69	42	38	49
32	28	29	41	31	21	19	31	27	15	20	24	22	16	24	29	17	17	21	46	24	43	32	41	41	57	62	60	81	48	30	41	87	29	151	132	177	189	149	298	177	311	326	479	207	533	78	307	208	336	661	165	1000	395	683	340	484	570	254	285	275	168	149	263	120	75	132	53	120	80	32	1	34	65	32	3	13	36	25	18	8	20	28	11	8
858	850	857	855	869	883	903	910	921	934	932	940	938	930	923	918	906	892	883	874	855	843	822	812	785	761	743	700	684	674	646	660	634	705	672	734	723	802	765	770	727	757	855	917	866	939	896	879	904	860	999	953	926	997	914	750	838	918	910	892	845	794	771	795	742	714	703	692	678	673	666	664	658	657	659	661	653	662	659	657	666	650	668	651	650
38	7	34	31	4	40	35	4	43	44	6	40	41	14	34	39	30	34	26	47	50	5	70	97	37	74	116	74	36	70	59	79	107	120	158	206	156	186	363	435	366	505	673	757	450	504	305	443	500	256	506	821	876	604	454	405	682	897	999	625	647	600	511	294	230	214	162	76	108	93	36	39	39	7	51	44	21	49	52	19	45	51	16	32	47
41	41	35	31	38	35	32	28	36	26	22	24	25	21	15	23	19	29	25	31	46	30	37	62	54	25	73	86	56	84	156	99	127	145	79	157	136	167	60	362	305	617	401	378	209	206	476	47	803	382	128	280	819	571	551	409	231	1000	499	323	153	126	103	75	112	61	29	68	65	42	7	33	2	33	19	9	13	5	17	7	12	17	5	17	12
86	95	44	78	52	106	59	51	51	76	41	30	35	84	31	48	43	96	15	50	81	120	23	55	138	165	81	166	175	352	126	64	156	384	200	139	117	284	80	266	275	594	681	501	568	549	347	422	447	747	929	877	1000	728	550	323	125	178	354	396	168	152	429	417	220	211	57	194	41	92	59	132	81	29	92	141	29	50	26	89	35	34	26	52	45
86	95	44	78	52	106	59	51	51	76	41	30	35	84	31	48	43	96	15	50	81	120	23	55	138	165	81	166	175	352	126	64	156	384	200	139	117	284	80	266	275	594	681	501	568	549	347	422	447	747	929	877	1000	728	550	323	125	178	354	396	168	152	429	417	220	211	57	194	41	92	59	132	81	29	92	141	29	50	26	89	35	34	26	52	45
45	42	30	25	46	33	33	8	40	31	14	13	19	23	13	9	36	43	11	32	41	43	50	58	63	69	82	74	91	26	54	145	58	66	186	350	365	388	94	208	230	252	197	495	486	368	68	561	835	999	900	534	81	428	927	956	751	415	111	170	58	89	302	240	172	65	79	31	76	36	65	64	86	28	33	97	55	29	46	103	41	40	56	62	8
52	72	33	47	44	52	39	24	45	18	58	20	50	12	33	34	25	48	6	67	17	104	4	74	59	80	84	76	150	129	163	148	205	203	286	372	302	361	180	45	128	314	414	531	695	550	533	435	269	294	300	356	640	956	1000	912	623	267	320	449	411	72	97	287	280	64	67	131	134	46	17	111	35	87	28	76	23	69	19	43	18	29	33	37	42
50	69	16	50	28	63	24	30	23	48	23	23	10	40	29	29	25	35	39	26	68	54	21	28	58	97	43	43	65	106	72	61	107	46	209	196	189	315	353	269	317	276	96	72	184	220	22	212	367	564	529	436	456	583	867	953	1000	965	750	675	443	262	139	124	159	207	222	67	132	58	134	61	58	31	75	57	42	50	42	55	14	48	43	60	29
829	816	819	804	799	793	782	773	760	749	733	719	709	687	678	660	648	628	613	601	586	580	569	558	551	544	529	529	518	527	533	556	563	550	548	577	551	554	595	589	579	566	579	636	676	676	711	752	678	544	584	674	662	650	843	764	1000	767	787	786	737	681	693	690	660	656	617	617	588	567	551	531	514	501	481	463	452	432	418	406	398	383	382	378	368
15	8	6	13	10	2	9	10	5	4	6	7	6	3	5	12	13	8	13	14	2	16	17	2	22	45	50	34	53	67	66	60	89	90	102	102	190	239	216	359	329	373	424	550	342	299	281	226	254	331	512	339	618	720	725	943	1000	690	384	232	225	179	176	250	237	137	22	79	123	89	49	68	62	32	50	74	57	13	36	51	24	17	43	41	10
31	23	31	44	38	23	30	37	29	23	20	21	24	16	18	35	27	15	24	31	42	43	38	46	38	49	46	92	88	92	50	98	150	142	127	104	219	373	291	498	160	142	226	586	319	172	217	274	348	111	435	491	811	693	536	714	816	698	1000	305	368	72	321	202	142	121	14	57	48	70	79	37	31	25	42	42	27	26	24	25	8	9	19	25	19
196	168	173	182	172	158	166	164	155	165	126	160	152	133	133	135	164	162	145	134	110	142	129	122	109	83	147	149	149	149	94	206	192	57	28	187	73	261	416	302	398	437	441	363	142	285	432	268	583	515	544	427	653	879	1000	587	231	274	119	261	559	495	468	304	208	186	200	205	203	214	191	193	228	187	207	164	181	204	177	167	198	217	207	159	205
193	203	201	177	184	192	167	158	180	163	138	165	167	135	151	168	136	142	175	153	136	167	171	136	167	182	165	158	166	141	167	176	206	197	160	155	126	226	240	146	125	201	104	255	386	500	360	166	259	211	146	722	1000	809	726	905	624	323	542	300	17	202	116	87	120	216	189	128	151	203	144	136	196	174	120	175	186	131	153	183	142	115	156	143	111
192	175	180	196	174	181	205	189	184	207	186	179	207	195	177	205	196	173	198	187	155	195	179	135	174	188	121	176	202	104	131	216	210	145	128	117	73	139	105	236	326	240	238	384	224	168	461	463	81	395	952	1000	786	898	629	197	578	459	424	531	353	224	199	230	201	108	167	121	114	183	155	82	159	155	91	153	161	98	144	170	113	141	175	134	135
28	11	26	31	17	12	30	26	4	17	24	15	7	21	21	14	10	16	19	14	7	26	33	29	13	48	45	38	19	55	28	82	102	92	73	115	145	81	143	321	89	178	230	297	162	192	312	164	264	81	412	459	1000	821	854	748	527	695	657	602	330	237	172	113	94	59	32	17	42	44	23	22	46	46	27	32	49	38	17	38	43	23	18	37	25
15	29	18	10	27	21	3	20	19	11	18	15	13	23	18	18	26	20	23	37	28	27	45	31	25	45	22	16	54	69	32	103	127	68	66	91	102	148	185	195	30	111	161	227	164	92	127	218	112	100	253	551	1000	815	764	525	583	504	521	281	115	126	117	107	78	118	108	64	70	66	33	38	65	44	21	58	57	22	29	43	25	20	35	23	15
36	40	18	14	36	34	6	27	40	30	9	30	40	27	19	25	32	32	21	19	44	52	41	16	39	44	13	32	45	41	104	144	93	35	44	123	68	64	46	126	161	77	119	110	47	163	524	756	766	468	709	766	911	1000	934	763	599	375	392	291	128	191	199	192	143	123	106	69	94	114	98	53	59	73	64	40	44	60	46	25	39	50	36	20	33
