64,170,2,2,119,0,1953125,12,0,0,0.86,0,0,NaN,0,0,44,31,22,41,26,16,36,18,19,42,28,13,30,24,27,26,13,41,38,26,49,39,9,69,70,24,100,98,57,121,119,50,126,162,76,85,182,116,104,110,263,266,349,288,347,619,601,546,609,439,404,643,754,1000,967,899,421,474,456,410,245,107,34,46,149,201,154,99,140,103,77,120,111,41,56,79,49,30,46,26,45,63,39,23,43
64,170,2,2,119,0,1953125,12,0,0,0.97,0,0,NaN,0,0,4,44,9,42,13,46,28,36,22,34,29,30,29,40,31,34,25,45,24,45,25,55,33,72,56,64,76,75,92,74,113,95,172,161,274,190,199,158,171,212,150,177,71,129,103,115,287,512,678,770,389,236,360,738,1000,921,353,311,82,127,285,233,312,245,166,188,96,136,42,53,34,79,22,72,44,68,52,64,54,29,36,31,33,28,38
64,170,2,2,119,0,1953125,12,0,0,0.86,0,0,NaN,0,0,68,69,65,88,66,80,65,69,73,69,96,74,92,77,67,82,59,96,69,85,90,51,69,39,81,52,77,88,17,69,34,71,50,97,111,36,33,57,165,203,87,104,168,216,287,251,203,262,160,79,274,524,460,716,1000,913,452,378,289,374,58,72,80,70,107,70,149,93,56,88,60,100,49,79,90,20,68,31,52,48,30,75,16,59,50
64,170,2,2,119,0,1953125,12,0,3382,1.6,0,0,NaN,0,0,26,21,11,9,5,11,15,14,19,25,23,20,21,26,18,20,28,21,15,20,12,15,26,9,29,56,42,67,48,56,19,85,58,17,25,148,22,256,111,249,142,197,201,76,96,82,69,252,113,244,442,503,145,1000,807,323,212,410,230,457,117,233,77,163,85,109,73,83,70,59,55,10,29,23,28,34,33,33,26,33,28,23,20,31,21
64,170,2,2,119,0,1953125,12,0,0,0.84,0,0,NaN,0,0,280,285,298,261,252,212,181,147,159,152,166,137,99,85,20,50,107,154,162,168,169,177,211,269,301,324,385,403,363,372,358,366,473,453,492,619,405,347,571,512,494,399,445,381,428,841,453,679,626,545,353,503,653,563,1000,435,763,480,648,977,362,532,361,316,185,296,235,373,303,265,265,257,237,241,225,221,216,173,173,165,151,142,120,109,109
64,170,2,2,119,0,1953125,12,0,0,0.86,0,0,NaN,0,0,44,36,26,49,11,56,43,20,54,16,35,31,30,40,24,50,35,48,34,54,46,26,69,16,57,58,16,81,10,120,150,86,310,293,323,289,165,431,182,123,180,246,349,454,359,708,561,306,658,548,570,560,1000,807,993,690,647,448,519,186,428,504,436,508,447,316,280,115,133,186,100,146,147,93,115,69,90,92,44,96,79,57,82,72,70
64,170,2,2,119,0,1953125,12,0,0,0.86,0,0,NaN,0,0,87,123,87,115,110,100,128,92,131,100,122,130,97,148,91,136,119,102,137,79,140,98,108,116,67,128,38,133,102,86,149,10,101,28,148,71,95,219,38,115,233,178,388,325,313,558,548,572,392,242,340,322,729,936,999,959,648,529,453,364,343,349,345,199,70,137,64,106,61,132,131,47,119,56,92,69,61,111,18,88,66,46,82,16,104
64,170,2,2,119,0,1953125,12,0,0,0.86,0,0,NaN,0,0,23,50,14,38,34,18,36,9,41,28,26,42,34,37,29,47,37,42,46,46,66,41,80,72,44,90,51,91,84,74,115,60,100,116,84,151,153,185,228,95,198,255,316,427,310,318,250,194,245,240,215,587,654,976,835,1000,895,393,345,251,171,198,257,75,99,73,114,78,56,101,47,69,70,51,73,43,57,55,23,55,40,37,44,36,45
64,170,2,2,119,0,1953125,12,0,0,0.86,0,0,NaN,0,0,25,36,45,11,60,30,32,50,10,42,23,37,35,27,47,34,44,23,57,41,40,67,22,58,48,36,84,10,103,60,41,98,84,187,176,97,196,88,123,287,294,330,295,220,338,101,114,420,588,854,610,673,676,536,473,185,85,544,742,984,1000,660,508,398,304,312,184,206,250,172,185,176,131,166,100,123,131,62,111,88,75,84,65,89,68
64,170,2,2,119,0,1953125,12,0,0,0.86,0,0,NaN,0,0,93,45,108,51,102,85,69,110,37,120,66,101,113,50,131,39,119,98,74,134,26,122,65,89,108,34,136,41,134,121,91,140,95,185,135,170,247,298,456,307,294,369,262,324,306,420,501,495,849,885,1000,815,769,652,305,184,549,708,732,641,738,595,392,385,270,275,226,182,235,149,178,139,120,145,62,139,85,104,114,68,125,48,101,98,43
64,170,2,2,119,0,1953125,12,0,0,0.85,0,0,NaN,0,0,19,44,43,15,51,12,47,46,22,54,30,43,41,44,48,40,59,41,69,44,54,73,37,102,89,100,145,74,165,147,138,193,56,194,250,249,326,254,295,350,444,610,587,470,847,999,886,696,160,86,254,81,292,467,881,616,493,336,275,144,82,113,61,240,175,209,173,104,150,63,81,94,25,100,64,51,66,22,59,29,43,54,18,47,35
64,170,2,2,119,0,1953125,12,0,0,0.96,0,0,NaN,0,0,77,107,83,118,85,114,85,119,111,107,109,104,123,106,131,85,129,90,151,68,146,53,179,14,151,9,161,19,226,135,294,209,320,296,288,219,133,109,197,141,376,383,412,503,411,570,265,371,396,741,613,528,161,222,443,749,1000,798,741,545,566,525,530,351,256,169,33,42,139,65,130,79,110,64,87,60,87,69,84,80,55,70,55,80,44
64,170,2,2,119,0,1953125,12,0,0,0.98,0,0,NaN,0,0,8,40,12,44,3,45,4,41,3,38,12,36,13,36,20,38,30,51,22,43,7,31,33,45,27,63,14,57,42,105,26,71,78,78,145,214,185,250,137,92,28,85,167,307,289,357,455,465,713,1000,955,723,349,70,533,414,458,290,358,249,380,417,253,209,87,153,144,120,68,95,82,58,41,53,58,52,64,45,50,26,55,41,48,27,40
64,170,2,2,119,0,1953125,12,0,0,0.86,0,0,NaN,0,0,33,29,38,14,53,19,42,48,5,32,20,39,23,28,41,30,26,30,57,15,54,45,30,55,16,74,73,55,95,21,75,54,108,167,122,275,298,237,293,202,388,340,162,277,217,225,360,508,872,1000,891,970,641,183,352,601,236,603,599,632,459,445,410,295,299,160,55,134,95,128,87,57,108,24,78,74,52,67,35,71,50,28,59,32,22
64,170,2,2,119,0,1953125,12,0,7732,2.35,0,0,NaN,0,0,24,22,25,14,18,25,25,24,10,16,17,15,5,21,5,19,5,27,11,22,11,27,61,14,37,21,3,26,81,75,86,155,92,231,164,288,112,208,120,129,281,358,173,545,557,975,616,745,496,401,621,310,176,380,814,284,1000,427,455,524,450,150,245,84,298,140,105,74,47,40,36,22,67,21,9,27,14,7,17,5,24,6,8,15,0
64,170,2,2,119,0,1953125,12,0,0,0.83,0,0,NaN,0,0,339,323,293,281,282,283,287,271,231,191,162,89,66,72,93,124,121,105,149,190,217,292,338,362,380,427,435,405,481,496,577,500,531,589,524,797,697,321,569,712,457,563,696,868,970,674,684,587,540,358,679,401,992,550,302,833,1000,359,835,818,557,605,362,372,368,324,434,448,442,375,376,343,263,263,266,281,249,247,236,222,176,175,145,110,130
64,170,2,2,119,0,1953125,12,0,0,0.85,0,0,NaN,0,0,21,49,9,43,31,26,54,11,42,41,25,40,30,50,29,38,38,42,46,30,67,26,64,66,44,100,64,108,135,72,154,104,17,81,38,91,81,170,225,176,298,302,262,311,518,909,1000,624,428,200,389,435,553,369,733,540,471,335,385,436,226,222,235,247,321,231,220,205,132,148,144,86,130,97,95,104,59,89,68,52,75,45,59,61,48
64,170,2,2,119,0,1953125,12,0,0,0.91,0,0,NaN,0,0,58,38,48,32,48,25,58,20,43,28,35,42,26,52,32,52,18,61,22,42,28,42,28,88,72,95,165,103,248,222,294,421,374,522,473,598,705,738,991,877,905,823,799,859,745,448,174,320,802,918,861,800,184,60,332,972,999,645,255,199,251,307,380,365,335,374,230,248,162,112,153,66,87,61,33,37,40,42,18,45,7,49,14,33,32
64,170,2,2,119,0,1953125,12,0,239,1.06,0,0,NaN,0,0,28,45,35,24,47,25,45,4,47,20,47,29,26,44,21,41,30,55,25,30,41,9,77,29,84,37,31,88,83,169,136,148,95,106,12,230,210,332,202,260,101,67,231,319,265,216,201,189,156,536,867,1000,603,466,741,942,998,537,374,202,288,214,81,145,309,255,206,62,99,39,66,96,106,48,33,45,11,53,21,45,17,35,10,19,41
64,170,2,2,119,0,1953125,12,0,0,0.86,0,0,NaN,0,0,11,77,75,27,84,59,55,85,42,72,81,53,79,72,91,86,79,108,85,118,111,102,176,134,130,189,132,208,215,145,273,263,244,362,348,276,374,393,551,758,620,729,775,463,611,577,627,868,921,874,927,819,1000,893,640,928,493,661,747,821,806,734,535,337,343,347,304,334,261,268,296,188,178,198,135,153,141,114,155,119,92,130,110,95,101
64,170,2,2,119,0,1953125,12,0,0,0.86,0,0,NaN,0,0,16,42,33,29,56,9,47,40,22,35,20,44,17,31,34,34,26,42,61,8,60,38,57,58,37,119,47,99,117,60,131,98,236,264,143,239,198,218,269,222,400,291,305,282,139,204,257,471,712,857,813,1000,686,595,469,619,319,293,471,837,799,658,370,349,285,166,185,199,182,202,130,153,150,69,113,84,84,85,57,94,56,50,71,41,46
64,170,2,2,119,0,1953125,12,0,0,0.86,0,0,NaN,0,0,61,23,47,53,9,45,14,42,37,23,50,25,39,35,51,38,44,60,28,59,43,74,77,33,94,25,65,96,77,97,42,168,101,68,113,156,193,178,47,261,304,376,540,510,375,397,431,733,741,547,575,417,348,380,728,1000,580,762,719,763,660,473,170,246,187,232,248,209,253,173,163,190,120,150,145,109,138,96,105,109,62,97,76,66,69
64,170,2,2,119,0,1953125,12,0,0,0.84,0,0,NaN,0,0,67,42,73,42,61,66,46,83,52,69,72,41,83,44,72,81,44,95,51,66,77,25,91,44,62,88,15,77,40,32,64,16,103,36,136,133,103,122,87,204,109,45,9,137,167,427,313,340,398,236,348,496,762,819,790,955,1000,508,239,208,112,89,128,31,9,68,79,52,96,44,56,64,32,79,44,60,69,22,67,42,35,62,10,54,38
64,170,2,2,119,0,1953125,12,0,0,0.99,0,0,NaN,0,0,81,100,80,111,73,114,77,124,84,118,82,128,90,121,83,128,82,131,73,136,84,123,72,116,39,160,69,172,107,157,150,105,77,83,47,220,242,418,382,394,403,403,237,131,259,556,467,217,195,224,188,508,661,917,999,999,880,412,309,458,616,571,589,376,238,65,171,109,144,73,124,33,73,44,116,49,108,29,95,16,95,22,97,9,96
64,170,2,2,119,0,1953125,12,0,0,0.85,0,0,NaN,0,0,85,112,82,114,98,96,119,78,124,102,104,133,88,129,99,104,119,89,131,94,104,115,67,120,61,105,112,37,124,22,155,89,101,111,142,164,48,152,115,92,73,220,131,355,307,508,642,441,535,221,363,649,790,849,942,947,1000,536,501,379,387,433,362,158,200,63,133,119,126,152,51,118,72,73,100,26,100,56,68,93,2,86,55,50,78
64,170,2,2,119,0,1953125,12,0,0,0.91,0,0,NaN,0,0,113,113,97,127,86,141,100,127,107,124,129,115,149,93,149,98,142,119,122,124,94,119,97,124,79,113,58,124,57,111,93,96,159,69,218,127,156,118,101,286,185,475,316,324,399,674,738,488,610,713,1000,572,705,979,998,913,765,137,175,390,287,422,527,440,319,193,137,176,78,123,59,46,20,96,66,56,72,26,87,28,78,45,60,70,40
64,170,2,2,119,0,1953125,12,0,0,0.87,0,0,NaN,0,0,12,37,34,21,45,15,41,34,25,38,24,39,30,40,35,38,40,41,53,33,66,50,56,66,40,87,57,105,115,75,114,104,124,161,99,147,151,101,169,119,247,300,289,312,221,331,291,235,288,182,307,248,298,541,712,1000,869,401,143,168,121,142,154,235,224,159,185,115,120,111,73,123,82,67,75,43,62,27,58,51,29,53,39,41,31
64,170,2,2,119,0,1953125,12,0,0,0.84,0,0,NaN,0,0,75,45,37,65,22,62,45,40,68,33,58,58,59,57,59,81,59,82,75,86,119,80,136,122,87,161,117,157,185,118,174,164,184,295,263,248,263,367,528,670,465,523,426,480,726,648,710,592,575,915,949,1000,907,373,925,618,699,817,376,246,324,325,351,171,169,206,195,98,144,61,115,141,72,143,94,66,97,44,83,72,56,90,50,66,69
64,170,2,2,119,0,1953125,12,0,0,0.84,0,0,NaN,0,0,96,49,92,80,70,105,60,97,80,74,106,57,113,91,75,117,47,104,88,65,122,35,109,91,42,122,1,110,66,56,127,39,147,142,118,208,52,198,187,169,157,100,138,209,154,396,647,591,499,607,640,318,572,985,1000,483,561,375,485,127,186,99,88,235,205,192,194,112,136,115,70,128,72,95,105,43,99,52,61,85,7,81,45,49,73
64,170,2,2,119,0,1953125,12,0,0,0.86,0,0,NaN,0,0,16,34,41,9,44,21,27,36,7,37,17,28,32,24,34,29,41,24,44,37,43,62,26,70,38,51,74,38,110,62,58,131,108,173,202,115,288,194,140,284,181,389,326,401,413,359,327,193,422,752,999,782,400,142,319,166,106,490,556,467,592,506,409,224,98,145,89,107,148,85,105,65,44,74,34,63,74,37,63,53,53,59,36,51,46
