64,170,1,2,119,0,1953125,12,0,0,0.96,0,0,NaN,0,0,273,320,281,334,276,334,279,350,278,347,266,355,266,354,247,351,237,359,227,346,199,359,202,358,165,371,193,394,190,383,221,421,299,375,327,361,459,162,594,137,696,227,831,195,859,312,785,439,796,537,669,586,720,814,759,820,802,1000,635,509,237,552,117,574,30,533,75,451,167,420,220,374,242,341,277,301,292,276,303,259,307,229,304,214,302
64,170,1,2,119,0,1953125,12,0,0,0.96,0,0,NaN,0,0,306,309,316,322,310,324,315,339,310,337,300,350,297,352,272,347,266,359,244,348,217,372,203,368,163,400,147,427,108,440,130,500,118,481,193,485,334,378,523,378,633,387,817,335,868,318,863,272,904,375,779,389,947,608,991,603,999,811,840,333,416,462,326,530,246,514,147,474,98,466,105,436,146,412,183,381,206,358,227,334,240,307,250,285,255
64,170,1,2,119,0,1953125,12,0,0,0.96,0,0,NaN,0,0,290,329,299,344,291,346,294,362,293,358,280,367,279,369,257,363,248,375,234,362,203,377,204,381,162,397,182,423,177,412,206,461,279,408,321,404,475,212,613,207,722,245,871,211,910,307,843,407,845,529,714,604,835,812,846,807,846,1000,705,509,291,552,141,599,61,561,44,481,144,449,206,403,233,368,270,332,287,308,301,280,309,250,306,233,308
64,170,1,2,119,0,1953125,12,0,0,0.96,0,0,NaN,0,0,68,64,63,84,42,85,34,83,25,90,35,79,47,89,53,87,68,110,59,125,73,153,54,186,99,206,108,245,167,221,188,271,336,211,292,199,369,273,389,328,453,609,558,592,574,688,534,678,580,757,458,527,833,744,949,755,1000,970,772,357,328,304,380,373,293,340,208,285,155,253,162,207,151,161,156,124,155,100,146,84,126,80,112,86,92
64,170,1,2,119,0,1953125,12,0,0,0.96,0,0,NaN,0,0,9,86,13,89,35,73,43,72,49,63,62,62,57,69,67,77,66,95,73,100,101,108,114,121,169,106,194,124,245,111,238,179,341,208,246,252,255,375,244,414,339,596,493,542,559,557,574,518,635,566,491,468,796,718,869,780,903,1000,675,442,215,356,301,362,261,289,259,190,236,154,233,116,189,114,163,111,137,125,102,110,87,109,73,98,76
64,170,1,2,119,0,1953125,12,0,0,0.96,0,0,NaN,0,0,7,79,18,83,36,71,40,67,50,58,57,56,54,64,62,70,61,90,72,93,95,99,110,113,164,99,182,114,230,103,226,165,313,198,231,241,238,365,242,404,337,578,485,527,549,540,552,492,589,509,429,418,714,651,796,769,902,1000,664,460,240,364,300,349,251,278,253,180,226,145,224,112,180,109,152,111,127,116,98,110,84,107,70,96,74
64,170,1,2,119,0,1953125,12,0,0,0.96,0,0,NaN,0,0,21,74,30,70,45,60,52,52,57,46,61,47,59,55,64,60,66,77,79,78,101,77,117,85,166,79,181,97,217,111,204,176,275,215,190,256,197,354,240,389,341,528,489,480,558,493,542,445,554,457,375,405,639,634,726,777,871,1000,618,465,222,342,305,316,264,237,258,148,222,131,211,118,161,120,130,119,105,126,82,109,72,106,65,90,75
64,170,1,2,119,0,1953125,12,0,0,0.96,0,0,NaN,0,0,17,74,27,72,43,60,47,55,52,46,59,47,56,55,63,63,62,75,69,75,94,80,110,90,157,77,174,92,212,95,199,163,277,200,195,244,200,346,230,391,325,515,461,476,527,474,509,426,527,422,351,395,648,634,728,773,887,1000,617,441,199,319,278,306,241,232,241,144,213,124,206,107,160,111,133,111,105,118,77,104,71,102,66,87,72
64,170,1,2,119,0,1953125,12,0,0,0.96,0,0,NaN,0,0,73,9,77,11,72,22,65,25,64,40,53,41,60,45,61,48,79,47,84,57,101,70,105,96,123,131,111,173,111,194,90,258,165,259,127,265,234,262,337,281,427,409,540,381,564,427,451,442,449,459,234,456,576,663,669,780,895,1000,591,401,246,232,344,227,290,175,247,160,177,168,152,167,97,153,83,138,68,125,74,98,75,90,78,69,78
64,170,1,2,119,0,1953125,12,0,0,0.96,0,0,NaN,0,0,73,9,77,11,72,22,65,25,64,40,53,41,60,45,61,48,79,47,84,57,101,70,105,96,123,131,111,173,111,194,90,258,165,259,127,265,234,262,337,281,427,409,540,381,564,427,451,442,449,459,234,456,576,663,669,780,895,1000,591,401,246,232,344,227,290,175,247,160,177,168,152,167,97,153,83,138,68,125,74,98,75,90,78,69,78
64,170,1,2,119,0,1953125,12,0,0,0.96,0,0,NaN,0,0,40,61,32,75,14,70,11,71,10,72,29,61,33,71,39,66,45,87,39,100,53,116,44,143,90,142,106,169,159,135,171,172,288,133,246,158,296,272,304,325,357,499,422,490,436,505,373,473,411,438,279,374,684,581,789,710,999,919,674,316,271,272,265,305,195,275,152,212,140,182,153,140,144,103,138,80,132,69,112,67,97,70,81,73,68
64,170,1,2,119,0,1953125,12,0,0,0.96,0,0,NaN,0,0,51,56,48,73,27,71,19,71,15,72,25,62,34,73,39,68,49,92,37,102,56,119,44,146,97,141,116,169,174,127,186,166,306,136,257,173,292,309,296,368,350,522,422,517,451,508,407,459,459,411,311,382,703,613,795,751,1000,964,664,359,237,312,247,326,195,272,189,181,188,144,193,101,165,85,141,83,123,91,98,92,79,92,65,87,67
64,170,1,2,119,0,1953125,12,0,0,0.96,0,0,NaN,0,0,9,75,12,80,24,69,31,66,41,60,50,56,47,63,55,68,54,88,61,93,83,100,92,116,144,98,162,116,215,89,212,154,309,172,239,229,249,366,260,421,347,545,446,532,503,498,452,432,504,388,320,403,697,637,761,777,983,1000,645,393,221,335,265,330,218,268,215,167,204,138,207,101,170,94,143,94,122,101,94,96,80,98,67,90,68
64,170,1,2,119,0,1953125,12,0,0,0.96,0,0,NaN,0,0,61,45,58,60,43,63,35,63,29,69,29,62,40,69,43,66,61,84,55,96,67,115,52,151,74,162,69,204,115,187,131,231,257,188,236,190,328,252,384,308,451,482,507,491,504,521,384,498,399,482,218,418,655,622,761,710,1000,920,668,320,315,244,331,284,246,267,173,226,125,212,124,178,110,137,115,110,119,86,113,72,99,65,93,69,78
64,170,1,2,119,0,1953125,12,0,0,0.96,0,0,NaN,0,0,20,75,26,73,43,61,47,58,53,50,62,49,55,57,62,63,64,80,76,82,101,84,114,94,162,75,177,96,218,100,207,179,287,211,202,272,226,394,266,437,376,541,488,512,549,476,494,405,528,387,326,434,675,674,722,786,920,1000,592,411,195,323,302,317,257,241,252,146,224,127,212,111,161,115,129,115,105,119,77,102,66,103,65,87,70
64,170,1,2,119,0,1953125,12,0,0,0.96,0,0,NaN,0,0,81,12,82,28,76,38,68,44,65,56,52,53,61,60,63,59,86,66,92,78,106,94,104,131,118,163,102,215,105,226,91,294,203,276,180,280,316,291,422,326,523,468,606,460,619,500,473,509,484,541,259,537,659,741,720,791,954,1000,617,362,299,248,416,272,332,229,262,213,182,213,150,201,96,175,90,153,85,127,95,99,89,90,95,73,86
64,170,1,2,119,0,1953125,12,0,0,0.96,0,0,NaN,0,0,10,85,15,88,32,75,40,70,49,63,60,60,58,69,62,73,67,97,72,102,100,106,111,121,168,102,191,120,239,101,229,173,328,201,244,276,280,426,299,480,404,615,517,586,570,541,526,482,604,473,423,500,798,718,782,770,956,999,608,390,214,393,340,385,274,304,267,192,246,156,241,117,188,113,161,114,133,121,100,111,86,112,72,97,77
64,170,1,2,119,0,1953125,12,0,0,0.96,0,0,NaN,0,0,33,76,28,90,3,82,12,81,18,79,41,72,40,79,51,79,56,106,51,115,71,133,67,159,121,151,147,178,207,135,214,176,334,147,280,210,347,381,364,440,436,619,508,604,520,598,470,542,545,525,392,471,805,679,817,703,1000,923,640,319,272,385,343,406,248,344,211,249,197,206,206,148,181,110,166,91,153,87,127,93,108,92,88,94,78
64,170,1,2,119,0,1953125,12,0,0,0.96,0,0,NaN,0,0,83,12,90,9,87,27,77,33,78,52,65,56,74,63,73,62,95,68,101,82,120,102,117,137,132,176,112,228,114,241,104,308,214,273,206,281,370,329,483,366,582,539,675,528,657,586,510,590,521,607,285,562,716,770,767,766,1000,976,655,326,376,316,464,348,346,307,249,274,169,257,145,222,118,176,125,141,131,109,131,87,115,78,112,82,94
64,170,1,2,119,0,1953125,12,0,0,0.96,0,0,NaN,0,0,44,76,37,88,15,87,14,86,17,85,38,74,43,88,53,83,58,109,52,122,70,141,62,172,112,169,137,200,199,156,204,193,333,143,282,203,386,401,424,469,501,661,569,644,560,655,497,609,561,579,362,457,781,677,806,677,1000,925,675,360,346,424,398,434,273,366,214,275,194,229,201,172,181,125,170,98,159,86,134,86,118,89,99,96,84
64,170,1,2,119,0,1953125,12,0,0,0.96,0,0,NaN,0,0,37,85,28,95,5,92,17,89,22,85,46,77,48,89,58,89,63,117,60,126,79,145,78,171,133,164,163,189,225,143,228,182,352,149,292,228,384,448,417,515,509,704,594,687,600,685,541,632,630,594,408,473,818,709,814,678,1000,958,686,411,351,474,407,465,280,381,233,278,221,227,229,164,200,120,185,100,165,99,137,103,117,101,97,106,85
64,170,1,2,119,0,1953125,12,0,0,0.96,0,0,NaN,0,0,16,88,8,101,17,85,27,85,38,80,57,72,55,86,67,88,66,114,70,119,94,136,103,152,160,140,190,157,244,117,241,167,347,175,274,270,353,488,391,554,499,718,608,695,622,674,589,624,677,571,430,456,790,703,777,701,960,1000,680,469,336,502,404,470,295,377,268,251,247,201,250,140,209,115,182,105,157,116,126,115,106,113,86,110,86
64,170,1,2,119,0,1953125,12,0,0,0.96,0,0,NaN,0,0,292,252,304,246,310,248,325,242,324,234,333,231,339,217,329,214,335,203,322,193,328,209,310,190,319,238,296,248,288,297,267,362,245,404,160,478,43,620,139,669,241,764,401,735,443,695,529,596,602,562,454,264,808,404,828,368,1000,614,769,141,553,166,592,197,487,221,406,280,312,318,262,338,214,339,184,350,162,337,151,333,152,322,147,307,155
64,170,1,2,119,0,1953125,12,0,0,0.96,0,0,NaN,0,0,283,325,295,322,303,325,318,322,322,313,338,303,343,282,348,268,360,241,357,217,381,187,374,166,403,137,413,109,430,138,417,161,484,258,402,341,403,615,359,663,420,868,406,846,363,896,248,883,326,852,153,646,572,762,644,718,859,999,612,495,507,347,618,272,542,148,512,49,477,94,455,156,400,195,375,246,341,259,308,281,284,290,250,294,234
64,170,1,2,119,0,1953125,12,0,0,0.96,0,0,NaN,0,0,279,323,290,322,295,324,311,324,317,311,329,303,337,284,341,269,354,243,350,221,373,192,365,171,396,137,403,111,427,131,415,145,483,243,404,321,410,599,377,643,437,859,429,836,385,893,256,884,313,841,96,625,503,712,600,698,842,1000,611,527,506,384,601,299,527,177,504,63,467,87,453,143,400,186,377,230,344,246,316,269,286,280,255,284,237
64,170,1,2,119,0,1953125,12,0,0,0.96,0,0,NaN,0,0,226,296,232,297,236,301,246,306,248,297,253,297,261,283,261,275,270,257,269,243,287,217,289,210,312,167,335,157,359,115,362,72,445,94,402,137,468,382,486,413,559,626,565,609,521,697,354,735,362,688,148,585,244,673,339,720,592,1000,403,607,295,502,389,431,347,324,364,195,377,146,390,117,359,116,352,136,336,143,316,169,304,174,279,183,265
64,170,1,2,119,0,1953125,12,0,0,0.96,0,0,NaN,0,0,307,240,316,237,320,240,328,248,324,245,323,257,319,255,302,261,297,271,274,269,259,297,239,291,217,337,185,355,149,377,138,440,35,436,110,481,259,526,408,574,536,600,693,565,731,488,764,389,804,352,542,143,733,331,723,511,1000,732,850,379,562,422,489,432,362,420,237,417,133,427,89,406,107,384,138,362,164,339,189,313,208,287,222,264,232
64,170,1,2,119,0,1953125,12,0,0,0.96,0,0,NaN,0,0,290,227,299,222,303,223,317,228,312,223,315,229,314,225,299,230,299,233,280,230,271,258,251,250,240,297,210,314,185,344,165,410,86,420,64,472,162,545,297,594,418,636,576,608,631,544,682,456,735,423,502,97,701,256,725,425,1000,650,833,287,577,321,516,334,402,345,289,361,189,385,134,377,117,363,119,349,131,332,151,310,167,291,178,273,192
64,170,1,2,119,0,1953125,12,0,0,0.96,0,0,NaN,0,0,275,226,288,219,291,220,307,219,305,213,309,217,308,208,299,209,299,213,282,208,277,231,259,225,252,271,227,289,203,322,183,390,124,406,63,470,119,557,250,600,370,664,521,621,582,579,654,499,698,456,488,131,711,279,771,408,1000,633,835,261,571,276,525,296,416,314,308,342,212,370,154,367,121,356,113,351,113,333,126,321,143,296,156,279,173
64,170,1,2,119,0,1953125,12,0,0,0.96,0,0,NaN,0,0,316,248,326,249,326,255,338,264,329,265,324,279,319,283,298,288,290,304,262,305,236,332,217,335,180,377,148,402,101,411,104,478,71,446,171,489,361,489,509,524,652,537,809,487,858,430,873,371,899,319,632,270,773,495,784,654,1000,881,856,492,517,526,422,524,281,504,154,470,53,464,74,428,134,398,179,361,214,331,242,303,260,269,270,242,281
64,170,1,2,119,0,1953125,12,0,0,0.96,0,0,NaN,0,0,316,244,329,241,332,243,344,249,341,245,342,252,341,251,325,253,323,262,299,259,289,289,266,284,248,333,219,352,183,381,168,447,79,452,85,507,203,586,367,636,490,686,661,644,720,584,780,496,818,457,583,116,769,271,774,413,1000,684,887,344,617,382,555,387,418,394,306,403,192,421,138,414,119,394,129,383,145,360,164,340,189,316,201,294,216
64,170,1,2,119,0,1953125,12,0,0,0.96,0,0,NaN,0,0,307,258,322,252,328,251,344,252,342,241,348,242,354,227,343,225,349,223,331,212,330,237,311,219,314,273,292,278,271,325,248,386,209,425,127,495,36,647,188,694,299,797,470,752,534,728,646,665,668,621,462,229,715,239,746,274,1000,602,871,236,668,214,629,210,510,242,416,299,316,344,261,361,208,362,180,369,158,358,149,353,156,338,154,321,164
64,170,1,2,119,0,1953125,12,0,0,0.96,0,0,NaN,0,0,357,281,368,278,371,281,384,288,378,285,380,297,377,293,359,296,357,307,327,303,312,335,289,328,267,382,232,397,193,425,180,491,81,489,130,538,253,614,423,651,549,706,744,642,814,592,920,524,906,470,649,121,833,238,770,416,1000,692,916,388,651,445,586,438,443,448,319,459,199,475,144,463,138,443,158,423,180,397,208,371,228,343,241,318,257
64,170,1,2,119,0,1953125,12,0,0,0.96,0,0,NaN,0,0,305,333,320,328,327,330,343,328,350,312,366,303,374,280,373,266,390,238,380,216,402,195,386,169,416,160,417,142,422,198,403,216,458,314,359,382,324,658,271,699,316,926,350,893,341,974,390,1000,387,929,176,620,500,577,591,498,878,846,716,474,627,333,666,252,573,110,537,59,492,128,465,194,405,239,372,282,333,295,299,315,274,323,241,322,225
64,170,1,2,119,0,1953125,12,0,0,0.96,0,0,NaN,0,0,354,286,360,290,355,299,368,311,357,314,350,331,340,336,316,342,303,358,273,358,241,385,224,383,180,421,156,438,120,438,153,493,138,450,248,465,417,430,587,448,715,449,905,405,954,379,1000,400,982,340,736,289,790,383,596,541,741,816,723,562,456,612,384,580,254,548,128,510,75,495,124,451,189,413,237,374,265,340,290,306,309,275,314,251,318
64,170,1,2,119,0,1953125,12,0,0,0.96,0,0,NaN,0,0,368,289,381,290,382,295,395,301,392,298,390,310,387,309,366,312,361,325,333,320,316,356,287,349,266,403,230,418,186,448,181,510,83,499,152,540,269,599,442,619,576,667,797,614,873,574,1000,540,979,476,733,162,887,209,710,350,909,642,858,390,614,482,569,465,430,476,305,485,190,499,141,480,144,456,172,435,196,408,225,378,246,353,259,323,274
64,170,2,2,119,0,1953125,12,0,0,0.96,0,0,NaN,0,0,377,303,393,297,399,298,413,306,407,300,410,306,409,302,394,304,390,315,362,305,352,343,323,329,313,390,276,403,238,443,220,505,142,517,133,559,192,665,371,691,491,762,735,715,818,682,977,640,949,574,706,202,915,191,757,284,1000,596,924,304,683,406,647,395,506,424,384,459,263,488,200,480,172,467,173,452,182,432,204,409,225,382,236,356,251
64,170,2,2,119,0,1953125,12,0,0,0.96,0,0,NaN,0,0,374,294,388,292,390,293,406,298,400,295,406,304,398,299,384,301,382,311,354,304,339,341,311,332,299,389,262,404,222,443,205,505,121,516,126,554,202,648,386,671,509,737,749,691,835,656,988,612,965,557,728,209,928,219,765,311,1000,621,920,310,664,414,622,409,485,438,366,464,243,487,181,481,154,462,164,446,177,422,201,399,223,370,239,343,253
64,170,2,2,119,0,1953125,12,0,0,0.96,0,0,NaN,0,0,360,284,376,283,376,288,388,296,381,293,379,305,378,305,354,309,350,322,322,319,302,353,279,347,253,399,219,414,172,437,169,501,69,497,138,533,264,573,443,589,566,628,797,585,874,534,1000,508,972,447,740,220,926,258,726,384,933,661,874,358,593,467,539,457,407,477,286,481,171,497,123,475,132,449,167,422,195,397,221,375,243,340,256,316,269
64,170,2,2,119,0,1953125,12,0,0,0.96,0,0,NaN,0,0,344,282,353,288,349,295,360,308,350,313,340,330,333,334,308,340,291,358,264,353,233,379,216,382,169,417,151,433,120,433,149,487,143,441,236,458,403,394,564,404,688,393,884,361,934,346,1000,393,962,340,738,362,839,398,611,541,747,784,715,497,418,583,343,554,225,547,110,502,74,487,136,442,192,402,241,366,269,332,289,300,309,269,308,246,318
64,170,2,2,119,0,1953125,12,0,0,0.96,0,0,NaN,0,0,327,297,339,306,332,310,342,323,335,322,328,332,326,334,304,333,298,344,273,336,248,364,233,355,200,399,175,411,136,426,146,488,76,474,170,494,309,522,480,540,601,569,819,538,885,495,1000,476,967,417,767,248,924,274,719,384,890,635,832,340,554,463,510,454,395,474,283,468,183,479,134,455,137,435,156,414,173,392,193,373,204,346,222,324,231
64,170,2,2,119,0,1953125,12,0,0,0.96,0,0,NaN,0,0,356,296,369,304,365,307,373,320,371,316,364,326,366,323,347,321,345,330,324,317,309,347,284,335,272,384,244,397,206,436,188,499,122,510,116,540,174,646,346,671,472,757,717,739,794,700,958,661,938,600,749,293,974,290,777,242,1000,541,877,179,644,324,631,324,521,375,418,406,316,439,255,435,218,429,202,424,186,410,192,396,192,377,194,362,206
64,170,2,2,119,0,1953125,12,0,0,0.96,0,0,NaN,0,0,307,283,319,293,314,296,320,309,313,312,304,322,302,327,279,322,271,333,250,326,223,351,212,344,172,387,153,401,116,412,130,470,80,447,173,462,317,461,487,467,604,492,831,484,885,453,1000,464,969,405,762,288,911,295,662,370,811,606,723,349,476,479,444,466,335,482,230,461,139,464,101,438,122,412,152,388,169,366,192,341,211,318,214,299,230
64,170,2,2,119,0,1953125,12,0,0,0.96,0,0,NaN,0,0,316,280,332,281,333,281,347,284,349,271,355,269,359,255,354,248,361,229,353,208,368,199,354,174,377,178,379,169,384,223,371,240,419,310,339,351,264,610,202,646,210,870,323,896,350,968,475,1000,462,944,288,712,564,684,441,479,735,743,555,381,529,260,608,207,545,103,519,41,474,104,451,155,399,194,372,231,341,242,318,260,292,265,266,273,251
64,170,2,2,119,0,1953125,12,0,0,0.96,0,0,NaN,0,0,370,300,386,303,384,303,399,310,397,299,400,302,404,294,396,285,400,278,383,261,389,276,369,250,384,291,372,295,354,356,334,403,347,455,266,493,118,718,76,759,192,944,459,965,546,995,760,1000,754,943,572,629,868,605,677,350,970,641,761,199,656,125,734,101,641,125,570,210,486,274,436,309,376,330,343,352,303,357,281,366,256,361,234,355,225
64,170,2,2,119,0,1953125,12,0,0,0.96,0,0,NaN,0,0,341,293,358,293,359,292,374,296,373,287,380,284,384,272,373,261,384,249,372,229,382,233,365,203,386,229,382,222,376,284,359,314,397,373,321,409,210,654,109,699,140,906,341,932,410,989,585,999,587,952,425,687,724,670,563,449,840,701,611,274,578,148,670,114,600,27,552,107,491,180,453,225,396,259,363,291,330,301,302,308,279,313,250,317,237
64,170,2,2,119,0,1953125,12,0,0,0.96,0,0,NaN,0,0,283,344,292,355,286,361,290,372,288,373,280,379,277,379,264,370,252,375,247,368,229,364,242,370,227,359,258,372,290,321,320,352,402,272,414,247,559,52,689,80,771,360,923,421,926,595,897,710,840,674,601,741,627,746,356,760,486,1000,380,598,50,643,142,612,131,554,207,446,281,394,327,335,335,295,357,256,359,235,360,218,361,198,348,192,340
64,170,2,2,119,0,1953125,12,0,0,0.96,0,0,NaN,0,0,358,284,372,283,376,283,389,288,389,280,387,289,386,288,371,286,369,294,345,287,333,321,310,314,293,371,264,387,224,419,202,496,134,495,126,525,165,588,346,623,461,679,726,679,806,640,960,594,924,534,720,251,972,276,754,283,1000,507,794,162,539,368,542,371,441,418,342,438,234,463,185,448,162,434,171,419,177,400,196,379,217,357,223,333,240
64,170,2,2,119,0,1953125,12,0,0,0.96,0,0,NaN,0,0,341,285,356,280,359,282,377,280,378,269,384,271,386,257,377,254,382,251,361,240,363,265,338,250,343,309,319,319,292,368,269,434,244,457,192,492,60,628,197,672,299,771,550,774,636,759,805,703,789,646,627,348,917,364,739,238,1000,510,756,38,560,225,598,240,501,296,418,353,321,396,268,401,222,397,199,400,180,389,180,373,187,360,189,342,197
64,170,2,2,119,0,1953125,12,0,0,0.96,0,0,NaN,0,0,334,266,346,262,350,264,365,266,363,259,367,265,364,261,350,262,348,269,326,262,317,293,294,287,285,342,253,362,218,397,194,471,138,475,115,498,129,564,304,610,420,655,658,650,748,617,880,561,875,507,702,286,958,329,781,309,1000,519,772,129,518,330,525,344,423,387,323,413,227,437,175,421,150,408,155,395,161,377,177,360,193,338,204,314,216
64,170,2,2,119,0,1953125,12,0,0,0.96,0,0,NaN,0,0,318,248,329,246,329,248,343,255,339,251,338,262,333,262,317,264,312,275,289,272,274,301,251,300,230,347,200,366,159,390,140,466,59,456,88,480,193,498,353,538,461,545,675,527,747,485,848,421,832,365,640,254,891,346,785,435,1000,600,780,199,471,353,442,369,339,403,239,417,149,431,114,409,123,390,148,370,166,349,190,327,207,304,218,281,231
64,170,2,2,119,0,1953125,12,0,0,0.96,0,0,NaN,0,0,301,248,313,243,317,246,328,250,324,247,325,256,323,253,306,255,303,264,279,260,266,287,245,281,225,331,196,345,156,370,142,437,59,430,95,459,191,483,339,511,433,514,623,481,683,426,768,340,748,279,556,244,838,347,769,479,1000,620,782,173,442,325,410,342,303,381,217,400,130,414,109,393,123,374,148,357,168,336,186,314,208,291,218,267,230
64,170,1,2,119,0,1953125,12,0,0,0.96,0,0,NaN,0,0,282,233,295,236,293,238,304,246,301,241,298,247,297,245,284,241,287,244,268,234,266,254,247,237,246,283,226,288,201,333,183,381,167,406,110,431,46,566,180,578,259,657,445,619,499,597,627,518,629,450,508,255,815,345,792,377,1000,600,743,134,474,147,508,166,416,219,354,273,280,306,247,311,208,313,191,317,171,312,162,306,155,296,151,286,152
64,170,1,2,119,0,1953125,12,0,0,0.96,0,0,NaN,0,0,288,272,301,273,305,271,317,274,320,265,326,260,331,246,327,238,337,218,327,203,343,182,332,168,356,141,366,127,378,161,374,150,438,231,364,274,356,537,351,548,337,762,360,746,325,799,267,809,231,750,165,683,528,742,537,735,761,1000,425,511,331,319,455,279,425,195,425,102,421,91,414,116,373,148,359,174,339,184,318,207,297,212,276,217,264
64,170,1,2,119,0,1953125,12,0,0,0.96,0,0,NaN,0,0,329,280,341,283,347,279,360,285,360,274,367,272,369,259,360,250,371,236,356,220,370,217,354,194,373,212,374,207,367,272,358,292,399,361,308,417,230,667,187,680,167,876,288,845,312,882,449,858,451,769,410,625,802,704,773,644,1000,938,621,395,475,165,596,123,532,25,504,97,460,154,433,199,376,236,350,269,319,275,298,286,276,290,247,294,233
64,170,1,2,119,0,1953125,12,0,0,0.96,0,0,NaN,0,0,295,261,305,267,301,268,310,281,307,278,299,286,298,289,277,285,275,294,253,283,237,307,221,299,199,343,178,352,136,383,127,439,68,426,112,453,214,524,345,530,434,550,615,504,676,449,781,374,743,285,597,290,910,349,805,410,1000,563,747,116,430,314,442,322,346,356,276,379,195,392,166,376,151,361,156,354,155,342,163,330,174,308,179,295,187
64,170,1,2,119,0,1953125,12,0,0,0.96,0,0,NaN,0,0,300,286,307,295,304,296,310,312,304,311,294,321,291,323,270,319,262,333,241,324,212,347,205,341,165,377,144,394,112,406,125,470,90,435,182,449,338,458,479,464,572,440,759,400,805,344,863,289,816,222,633,411,917,488,791,555,1000,680,764,247,389,431,364,434,262,451,180,443,110,443,107,408,140,386,171,364,184,347,203,324,220,301,225,283,235
64,170,1,2,119,0,1953125,12,0,0,0.96,0,0,NaN,0,0,298,261,309,266,307,270,313,280,311,278,304,285,305,287,283,283,283,291,264,279,247,305,232,295,210,338,190,353,144,383,135,446,76,433,97,464,198,525,323,544,419,558,608,527,669,470,756,379,748,299,593,258,900,346,790,378,1000,547,745,88,430,297,446,308,351,353,279,376,205,389,172,372,160,364,161,356,160,345,167,329,176,311,180,298,192
64,170,1,2,119,0,1953125,12,0,0,0.96,0,0,NaN,0,0,298,268,313,275,308,277,314,291,311,287,302,298,300,298,281,293,280,304,259,292,240,317,226,309,198,351,174,365,131,391,127,455,61,434,115,464,238,506,361,523,459,520,638,478,700,418,785,331,764,254,596,282,901,376,790,413,1000,564,754,118,413,336,418,344,321,381,249,399,177,405,151,385,153,373,160,360,166,345,178,331,186,308,193,296,204
64,170,1,2,119,0,1953125,12,0,0,0.96,0,0,NaN,0,0,296,254,305,259,305,259,313,271,310,268,305,273,306,271,290,268,289,274,269,262,263,286,246,269,232,315,211,323,173,359,165,417,125,416,104,451,129,550,237,571,331,607,498,567,562,508,668,412,677,339,543,219,873,317,790,338,1000,537,727,40,430,223,468,234,378,290,313,332,248,352,212,343,187,342,181,339,171,329,173,319,172,308,171,295,177
64,170,1,2,119,0,1953125,12,0,0,0.96,0,0,NaN,0,0,290,262,302,269,299,269,307,282,302,280,295,288,294,289,278,283,274,294,255,282,235,306,225,295,197,337,178,350,132,373,131,436,69,413,118,449,225,499,348,520,434,519,603,479,657,406,721,305,714,223,550,272,878,373,779,410,1000,568,746,92,408,311,410,320,317,363,244,380,177,393,151,373,151,359,159,349,162,333,177,320,185,303,186,288,198
64,170,1,2,119,0,1953125,12,0,0,0.96,0,0,NaN,0,0,286,250,299,254,295,255,304,268,303,263,298,268,298,267,280,264,280,271,262,258,250,280,238,262,224,307,204,312,165,348,159,401,116,393,109,439,140,526,235,545,320,571,479,536,539,468,632,377,636,286,491,206,848,309,770,355,1000,539,714,28,418,223,448,232,356,290,293,327,231,347,197,340,178,334,171,332,164,323,167,312,172,297,170,288,175
64,170,1,2,119,0,1953125,12,0,0,0.96,0,0,NaN,0,0,292,267,303,275,300,275,308,289,303,286,295,295,295,297,277,292,274,299,254,289,233,311,226,299,196,340,174,351,134,374,131,441,70,410,127,448,239,487,348,511,440,493,604,463,659,376,722,282,721,208,531,272,851,372,766,434,1000,567,751,107,406,320,406,325,310,370,237,388,171,394,149,375,155,363,166,349,171,332,184,321,191,301,196,284,205
64,170,1,2,119,0,1953125,12,0,0,0.96,0,0,NaN,0,0,298,252,312,257,309,256,321,266,319,260,317,263,320,258,304,254,308,256,287,239,291,259,271,235,272,278,256,281,224,328,221,374,207,389,154,442,26,582,105,592,191,667,355,643,418,589,542,512,575,439,474,254,847,358,795,367,1000,593,694,131,451,107,507,126,423,200,373,266,313,296,276,306,238,312,222,319,199,316,194,315,179,304,174,298,170
64,170,1,2,119,0,1953125,12,0,0,0.96,0,0,NaN,0,0,305,305,318,313,312,317,317,329,313,331,300,338,300,340,279,336,269,345,254,334,221,354,219,351,175,380,160,400,143,399,155,474,143,411,220,451,389,413,497,431,605,367,771,343,813,250,834,227,822,170,554,450,843,561,752,647,1000,746,778,299,378,461,320,463,218,484,139,465,95,456,117,419,167,393,200,368,220,344,237,324,249,297,256,281,262
64,170,1,2,119,0,1953125,12,0,0,0.96,0,0,NaN,0,0,280,244,289,252,289,254,297,265,291,262,287,270,288,267,271,263,272,269,251,256,241,278,228,263,209,307,192,315,150,345,148,403,94,391,99,444,149,516,238,528,335,543,489,520,545,438,637,357,657,287,492,219,825,343,789,393,1000,550,737,56,431,231,435,251,343,301,281,335,214,350,182,342,162,336,160,331,157,315,161,307,167,292,167,281,175
64,170,1,2,119,0,1953125,12,0,0,0.96,0,0,NaN,0,0,285,247,298,252,294,254,303,267,299,261,294,267,294,268,277,261,277,269,259,258,249,278,236,264,219,307,200,320,157,351,154,416,97,403,91,462,144,530,238,551,341,558,505,545,560,462,649,376,680,315,519,227,857,360,809,382,1000,552,757,68,453,232,451,256,358,312,292,343,221,360,184,351,165,345,161,340,154,325,160,315,165,299,167,287,176
64,170,1,2,119,0,1953125,12,0,0,0.96,0,0,NaN,0,0,283,249,294,257,288,259,297,272,294,266,288,274,288,276,270,269,268,278,249,267,234,289,224,278,199,319,181,334,136,358,131,431,61,406,89,466,193,497,286,525,397,510,562,498,621,412,687,335,725,273,532,239,855,393,799,418,1000,583,771,107,445,276,425,299,331,353,256,367,185,383,151,367,141,357,149,343,153,331,162,317,170,298,176,284,184
64,170,1,2,119,0,1953125,12,0,0,0.96,0,0,NaN,0,0,288,242,300,245,296,248,306,256,303,253,300,258,302,254,287,248,289,254,269,241,265,260,251,243,242,286,228,295,193,333,188,392,153,392,112,458,60,546,147,582,253,606,411,601,481,524,586,469,640,400,488,218,841,348,801,359,1000,578,736,86,471,150,489,175,406,242,341,291,277,322,237,323,204,325,187,325,172,318,170,307,166,300,161,287,163
64,170,1,2,119,0,1953125,12,0,0,0.96,0,0,NaN,0,0,248,304,252,307,247,314,260,317,260,303,273,305,285,274,286,263,309,235,301,204,329,190,315,157,329,182,332,201,285,274,273,355,217,390,124,473,96,551,255,542,416,489,627,402,707,242,753,230,753,251,494,546,643,720,496,796,623,1000,448,539,23,524,181,460,245,373,340,225,385,152,409,118,371,146,353,198,312,227,276,263,236,278,197,286,179
64,170,1,2,119,0,1953125,12,0,0,0.96,0,0,NaN,0,0,311,331,320,346,313,349,318,363,314,363,299,373,295,378,276,371,263,379,250,372,210,385,217,390,169,402,176,430,193,409,209,478,264,396,335,424,529,316,640,337,761,277,905,267,937,242,890,365,883,354,588,620,820,769,693,820,888,1000,757,503,312,595,217,578,104,575,42,503,126,483,188,427,229,392,271,354,287,326,302,299,312,271,315,252,316
64,170,1,2,119,0,1953125,12,0,0,0.96,0,0,NaN,0,0,290,258,300,265,300,267,304,278,301,277,292,286,293,287,277,281,270,293,251,282,233,302,225,298,196,336,174,357,130,375,121,451,43,422,92,488,223,510,330,550,454,527,625,528,693,428,746,362,781,311,566,231,856,366,774,440,1000,622,801,171,481,326,446,335,348,385,264,384,182,404,143,383,141,371,149,354,152,340,167,325,180,304,186,289,195
64,170,1,2,119,0,1953125,12,0,0,0.96,0,0,NaN,0,0,298,261,309,267,306,268,312,280,311,277,305,283,306,284,286,275,287,285,267,274,255,294,241,284,218,327,200,343,156,364,156,439,83,420,96,485,171,536,279,574,392,579,558,571,627,474,705,398,738,347,552,207,867,322,788,373,1000,580,786,113,482,284,473,293,384,346,303,367,224,389,183,379,163,366,161,359,157,344,166,333,174,312,175,300,186
64,170,1,2,119,0,1953125,12,0,0,0.96,0,0,NaN,0,0,318,255,327,253,333,251,346,258,341,253,344,258,341,256,327,252,328,261,307,255,294,280,279,275,257,326,234,345,187,372,176,450,106,430,90,504,159,550,285,601,398,604,583,600,646,504,724,421,755,356,551,199,874,336,779,366,1000,589,812,129,479,302,466,324,366,375,280,397,191,415,149,401,141,387,154,370,164,352,181,335,193,312,207,290,219
64,170,1,2,119,0,1953125,12,0,0,0.96,0,0,NaN,0,0,292,240,307,233,309,234,321,238,320,231,323,235,323,230,313,227,317,230,297,223,290,245,276,241,259,286,241,309,201,336,193,415,133,402,97,479,98,529,204,598,330,606,502,624,580,537,656,470,698,417,497,178,818,309,758,362,1000,589,794,98,491,231,477,250,387,318,302,350,222,377,170,368,144,360,140,352,142,336,154,320,164,304,170,287,184
64,170,1,2,119,0,1953125,12,0,0,0.96,0,0,NaN,0,0,12,86,9,91,32,78,42,75,50,67,61,63,59,72,65,80,69,97,73,110,106,110,108,130,170,101,194,116,233,83,234,170,309,169,235,271,275,437,322,504,412,620,554,642,613,593,607,585,647,518,375,467,734,664,657,705,886,1000,672,417,242,392,306,372,240,315,250,205,251,171,239,122,196,111,159,106,133,116,101,113,91,108,75,103,79
64,170,1,2,119,0,1953125,12,0,0,0.96,0,0,NaN,0,0,296,281,307,293,300,297,304,312,302,308,291,319,290,322,269,317,260,328,242,319,214,339,208,343,167,369,146,395,113,393,117,475,96,431,164,493,332,456,460,512,589,465,764,477,824,372,836,321,850,274,592,329,856,495,750,567,1000,779,860,303,483,421,403,438,301,469,204,447,115,455,97,420,129,394,165,368,181,346,202,324,217,300,222,283,232
64,170,1,2,119,0,1953125,12,0,0,0.96,0,0,NaN,0,0,294,250,308,249,308,250,320,256,319,250,321,250,326,241,313,233,322,229,307,208,316,218,301,191,313,231,301,233,283,281,282,331,284,366,224,437,126,598,90,642,137,751,276,751,331,727,438,678,489,632,342,345,759,444,760,466,1000,746,720,297,508,80,551,50,486,79,440,166,387,219,349,247,302,264,272,283,241,288,227,289,209,288,190,286,182
64,170,1,2,119,0,1953125,12,0,0,0.96,0,0,NaN,0,0,283,236,294,243,291,244,298,255,295,252,290,258,292,258,275,251,278,258,258,247,248,266,239,256,223,297,203,313,164,340,155,409,101,408,72,472,108,541,228,595,316,606,483,604,551,537,616,437,655,400,464,162,799,308,765,378,1000,599,803,127,505,194,481,216,400,281,325,311,249,344,205,339,179,332,169,326,157,318,161,308,162,293,160,283,165
64,170,1,2,119,0,1953125,12,0,0,0.96,0,0,NaN,0,0,301,248,314,251,313,250,325,256,325,249,325,251,328,242,318,234,327,227,312,207,319,216,304,191,315,231,308,227,288,282,284,328,293,367,231,438,136,606,111,658,144,755,263,764,316,740,390,676,455,641,307,342,723,420,721,439,1000,753,724,323,504,100,543,52,475,56,438,149,385,205,351,234,304,254,279,273,251,281,235,281,220,282,202,278,192
64,170,1,2,119,0,1953125,12,0,0,0.96,0,0,NaN,0,0,285,242,296,248,293,249,300,260,299,256,292,264,294,262,278,254,281,261,263,248,254,268,243,255,228,298,207,308,167,338,158,408,103,405,83,470,116,539,233,591,317,607,488,601,543,533,604,428,641,398,435,119,756,261,717,368,1000,588,801,127,510,181,474,205,394,274,324,306,247,338,208,337,183,330,176,327,163,316,165,307,165,296,166,286,172
64,170,1,2,119,0,1953125,12,0,0,0.96,0,0,NaN,0,0,305,253,321,255,319,255,332,262,330,252,334,253,335,244,326,235,335,229,318,209,328,218,311,189,326,230,321,226,301,281,300,324,309,366,245,438,147,617,125,669,151,776,273,786,319,767,389,707,456,681,299,369,717,437,703,442,1000,761,723,339,509,107,552,66,485,42,447,141,397,198,366,226,320,250,292,273,262,278,246,284,223,286,209,282,196
64,170,1,2,119,0,1953125,12,0,0,0.96,0,0,NaN,0,0,291,236,304,241,302,241,310,251,309,246,306,249,309,245,297,237,302,239,285,222,285,236,271,222,267,265,253,277,221,317,215,377,194,393,139,461,4,574,117,631,202,683,373,687,435,638,520,553,579,537,405,218,757,298,720,336,1000,613,765,191,506,73,511,92,436,174,382,235,316,280,278,291,241,296,219,303,197,303,189,298,180,289,169,283,166
64,170,1,2,119,0,1953125,12,0,0,0.96,0,0,NaN,0,0,290,239,303,243,300,245,309,255,309,249,306,253,308,251,295,241,299,246,281,230,277,246,267,231,259,276,245,287,209,326,205,392,173,399,122,469,20,571,145,630,231,673,407,677,461,613,544,526,603,507,438,199,767,279,716,330,999,599,784,172,517,96,509,121,435,201,374,254,305,298,265,305,230,309,210,310,190,307,182,302,173,295,166,290,165
64,170,1,2,119,0,1953125,12,0,0,0.96,0,0,NaN,0,0,299,247,313,251,310,253,321,261,320,253,318,258,321,255,307,246,314,243,297,228,296,244,284,223,284,267,269,274,237,319,235,375,216,395,156,468,23,590,100,645,185,711,351,709,403,651,506,574,562,550,394,222,760,298,721,327,1000,624,762,203,513,54,524,77,453,160,399,231,334,276,298,289,257,298,237,307,210,307,201,305,190,296,178,289,175
64,170,1,2,119,0,1953125,12,0,0,0.96,0,0,NaN,0,0,304,249,317,251,316,252,328,259,326,251,325,254,329,248,316,239,327,238,310,219,311,233,299,211,300,255,290,263,262,309,260,368,251,392,182,474,70,621,100,678,162,749,335,760,378,710,473,632,537,611,392,295,764,362,719,356,1000,657,761,243,521,50,551,44,471,127,425,203,363,251,325,275,281,286,254,300,228,302,214,301,201,298,186,291,182
64,170,1,2,119,0,1953125,12,0,0,0.96,0,0,NaN,0,0,301,249,316,251,315,251,324,260,324,250,323,253,327,245,315,238,323,235,308,216,309,229,298,210,299,250,294,257,262,303,262,365,248,390,193,470,74,610,89,674,157,738,328,765,376,710,454,635,532,620,379,298,744,361,704,362,1000,665,748,258,521,51,542,31,472,115,426,194,366,244,329,268,285,278,257,295,231,293,219,299,202,290,188,289,182
64,170,1,2,119,0,1953125,12,0,0,0.96,0,0,NaN,0,0,299,246,313,245,311,246,322,255,320,244,323,249,324,240,315,233,322,229,304,211,308,227,294,205,300,247,291,254,261,303,258,362,243,389,185,472,77,609,94,670,164,740,330,768,380,711,454,648,533,614,373,303,753,382,710,371,1000,670,745,256,508,54,539,34,466,114,419,191,363,241,325,262,282,277,256,290,228,293,213,291,200,287,184,285,178
64,170,1,2,119,0,1953125,12,0,0,0.96,0,0,NaN,0,0,303,249,313,252,311,253,320,262,319,257,315,259,321,257,306,245,312,252,294,232,291,253,278,237,270,284,259,293,218,332,215,402,178,407,128,488,25,588,137,655,231,688,412,716,471,647,541,564,608,529,423,203,775,285,702,312,1000,586,768,153,515,103,529,115,445,196,389,255,319,298,280,308,241,314,223,316,201,313,192,310,179,303,175,296,173
64,170,1,2,119,0,1953125,12,0,0,0.96,0,0,NaN,0,0,292,335,305,334,307,334,323,332,329,325,335,324,339,306,337,297,347,278,339,261,359,235,347,215,383,172,401,150,413,156,428,111,492,206,446,252,449,514,457,566,464,768,451,807,403,833,212,870,256,859,51,632,509,691,514,650,848,1000,516,523,410,306,523,280,484,156,479,88,462,109,444,157,397,202,367,241,335,252,315,272,287,274,265,282,249
64,170,1,2,119,0,1953125,12,0,0,0.97,0,0,NaN,0,0,71,50,71,34,69,26,73,13,61,10,66,11,58,28,58,26,75,34,77,35,117,26,108,30,157,77,157,102,161,160,132,245,172,257,118,327,267,440,403,471,515,525,681,532,705,499,609,568,617,596,326,543,574,652,470,690,842,1000,613,422,350,300,422,268,340,234,284,202,204,209,154,199,98,167,69,146,68,120,77,98,79,78,82,63,74
64,170,1,2,119,0,1953125,12,0,0,0.96,0,0,NaN,0,0,235,299,243,306,243,306,252,312,254,308,255,307,257,301,252,297,249,286,247,280,252,260,253,263,271,223,299,225,328,171,348,150,421,102,423,46,511,220,576,240,608,448,648,484,609,550,424,659,369,661,205,642,266,721,205,734,500,1000,301,560,139,449,259,416,270,340,312,241,345,191,362,158,342,158,333,159,323,162,311,173,297,176,276,181,265
64,170,1,2,119,0,1953125,12,0,0,0.96,0,0,NaN,0,0,290,245,302,250,300,251,308,264,306,259,300,265,301,265,287,257,287,264,271,251,260,271,249,262,233,305,217,318,172,347,163,421,105,416,76,486,111,564,225,622,322,629,506,645,562,570,632,476,681,443,503,174,796,253,692,355,1000,599,809,123,521,197,503,200,412,274,343,312,266,345,220,344,192,337,181,332,166,324,168,316,164,302,166,291,170
64,170,1,2,119,0,1953125,12,0,0,0.96,0,0,NaN,0,0,291,239,303,240,301,242,311,253,309,243,308,251,309,243,298,238,303,240,284,224,286,242,269,222,270,268,255,273,222,317,215,377,186,395,135,464,8,582,102,631,195,678,362,697,420,633,509,563,590,534,432,250,765,300,700,342,1000,628,752,182,506,83,521,84,440,172,387,233,324,278,284,290,243,297,220,302,198,302,190,302,177,290,167,285,166
64,170,1,2,119,0,1953125,12,0,0,0.96,0,0,NaN,0,0,287,244,299,250,293,251,305,260,303,256,296,263,300,261,283,253,287,260,267,247,259,267,246,255,232,300,214,309,171,342,164,407,103,410,81,478,102,559,209,586,295,609,473,606,518,522,607,430,659,402,497,194,818,282,729,375,1000,600,793,111,497,190,478,204,390,273,328,314,254,344,213,345,183,337,170,332,160,324,161,316,162,301,161,291,167
64,170,1,2,119,0,1953125,12,0,0,0.96,0,0,NaN,0,0,287,239,299,242,297,244,307,254,303,250,301,251,304,250,287,244,291,247,276,233,271,251,257,237,248,282,232,294,194,332,183,394,139,410,89,479,53,576,158,618,253,645,422,654,482,575,569,495,633,463,487,217,811,303,733,356,1000,608,785,143,512,137,500,149,422,233,359,277,290,317,245,323,210,321,191,322,170,315,167,311,157,301,155,292,159
64,170,1,2,119,0,1953125,12,0,0,0.96,0,0,NaN,0,0,327,303,341,305,344,304,356,308,359,296,365,293,371,278,362,268,376,250,362,229,380,218,360,188,385,196,393,178,389,239,384,245,429,334,365,394,347,635,325,649,303,819,292,831,271,828,243,842,317,824,234,628,675,689,651,659,935,1000,600,510,439,263,544,232,494,125,493,73,474,107,456,161,406,199,379,237,348,248,324,268,306,271,281,275,265
64,170,1,2,119,0,1953125,12,0,0,0.96,0,0,NaN,0,0,306,250,320,256,316,258,326,268,322,262,319,270,321,267,305,261,310,264,291,250,286,271,272,258,259,307,238,320,196,358,185,426,137,439,85,515,71,621,190,661,286,691,466,705,532,614,615,531,674,487,522,232,858,313,739,313,1000,605,828,131,541,149,526,169,434,249,378,297,300,331,257,338,220,335,204,337,186,331,181,327,179,308,173,303,175
64,170,1,2,119,0,1953125,12,0,0,0.96,0,0,NaN,0,0,344,296,359,298,359,299,375,303,376,290,380,290,385,277,372,269,387,254,368,229,387,230,367,195,390,222,392,214,375,278,375,314,401,382,341,456,277,678,248,720,237,870,285,902,300,877,328,858,416,824,292,569,737,629,677,550,1000,931,691,457,503,217,577,167,524,58,508,95,475,150,450,198,398,233,363,267,332,277,317,292,290,294,269,295,252
64,170,1,2,119,0,1953125,12,0,0,0.96,0,0,NaN,0,0,315,263,328,266,324,268,335,279,331,272,330,279,331,274,316,265,319,273,298,254,296,276,283,259,272,310,252,321,211,359,200,428,150,441,107,516,56,620,176,667,276,696,452,719,522,626,599,532,654,488,501,214,849,296,731,294,1000,593,811,115,532,131,522,155,439,241,384,297,309,334,269,343,237,338,219,339,198,337,194,328,186,317,182,311,183
64,170,1,2,119,0,1953125,12,0,0,0.96,0,0,NaN,0,0,321,311,334,311,340,311,355,311,358,300,364,295,374,277,365,267,380,246,367,225,385,210,367,182,396,182,400,167,399,221,398,220,450,301,398,350,378,592,371,630,364,796,349,833,321,825,182,837,248,818,124,625,571,707,509,629,804,1000,507,527,373,327,480,288,449,188,461,120,455,114,441,147,404,182,379,213,361,222,342,235,323,243,303,248,287
64,170,1,2,119,0,1953125,12,0,0,0.96,0,0,NaN,0,0,297,294,311,293,314,289,332,294,331,281,342,279,345,262,341,252,353,233,338,212,359,200,341,173,367,179,370,174,359,233,358,265,388,335,325,402,271,610,224,655,206,791,250,823,276,780,336,748,425,711,310,430,742,508,685,444,999,794,713,332,509,96,547,43,481,84,448,179,393,238,353,269,309,287,276,307,244,311,228,317,209,313,197,305,191
64,170,1,2,119,0,1953125,12,0,0,0.96,0,0,NaN,0,0,302,281,316,280,318,280,329,286,330,274,337,273,341,257,334,249,344,234,334,211,354,196,338,171,365,162,375,147,376,194,380,191,433,275,378,318,378,552,354,575,349,753,340,773,312,779,198,788,229,750,153,620,580,714,539,673,807,1000,485,494,358,311,461,256,427,172,440,94,428,94,418,129,377,167,355,198,333,207,315,224,294,228,277,233,262
64,170,1,2,119,0,1953125,12,0,0,0.96,0,0,NaN,0,0,258,284,269,286,272,288,279,290,284,284,288,278,292,270,289,263,290,250,286,239,300,217,291,213,317,164,336,160,359,126,369,79,445,108,426,102,488,317,527,334,547,518,556,559,527,606,341,673,287,658,119,674,314,762,214,720,479,1000,282,534,125,447,243,409,254,351,298,253,332,219,348,189,329,182,325,176,318,170,310,173,302,170,283,172,277
64,170,1,2,119,0,1953125,12,0,0,0.96,0,0,NaN,0,0,261,289,270,292,272,293,282,299,287,293,292,287,298,274,297,266,300,249,301,233,311,212,303,207,327,159,347,154,362,129,375,81,445,122,423,121,477,337,510,343,530,540,542,576,510,621,316,686,278,663,106,660,290,723,208,706,496,999,278,534,133,446,250,402,256,343,303,248,337,216,348,191,331,183,329,180,320,171,316,175,308,165,295,171,287
64,170,1,2,119,0,1953125,12,0,0,0.96,0,0,NaN,0,0,260,285,271,289,274,289,283,294,286,286,291,284,294,273,289,268,294,253,290,241,301,220,293,217,319,167,340,163,357,131,373,83,446,107,425,97,490,313,522,320,542,527,562,562,536,618,356,686,304,655,116,676,296,747,199,729,486,1000,275,531,130,453,245,409,255,354,301,259,335,223,348,192,331,185,328,176,321,170,313,177,302,172,285,173,278
64,170,1,2,119,0,1953125,12,0,0,0.97,0,0,NaN,0,0,70,68,57,65,50,70,39,66,29,64,30,63,37,57,48,53,64,61,68,72,90,100,75,106,103,177,89,191,84,227,80,295,170,280,187,329,354,414,488,430,580,516,724,565,750,567,647,625,622,599,328,610,635,700,414,657,793,1000,608,427,356,330,416,276,333,227,313,158,242,162,204,151,143,138,100,122,75,125,56,106,54,102,50,80,58
64,170,1,2,119,0,1953125,12,0,0,0.97,0,0,NaN,0,0,32,76,76,16,81,63,25,74,36,45,76,26,50,51,36,71,42,68,81,32,111,85,68,152,87,96,205,103,138,259,143,228,307,147,289,376,282,414,597,404,513,704,620,726,761,539,658,715,638,614,469,594,645,754,468,662,892,999,658,506,360,287,493,297,263,382,224,194,284,187,152,220,116,122,158,79,99,126,68,92,104,61,76,79,59
64,170,1,2,119,0,1953125,12,0,0,0.97,0,0,NaN,0,0,327,293,336,302,338,305,340,312,344,312,340,307,343,303,334,296,336,284,324,266,335,258,315,241,339,233,345,219,348,263,349,245,407,326,352,351,361,583,344,575,331,788,332,801,317,818,207,843,239,805,150,674,524,739,451,660,757,1000,421,520,350,368,447,346,418,257,423,191,423,159,412,173,385,196,365,202,349,210,342,209,328,208,318,212,298
64,170,1,2,119,0,1953125,12,0,0,0.97,0,0,NaN,0,0,310,353,321,353,337,353,341,349,349,352,355,340,351,337,355,324,343,311,343,310,342,275,338,281,355,222,378,218,412,194,419,141,491,234,449,257,486,533,461,549,391,804,345,827,274,836,246,840,325,784,327,557,757,571,670,416,1000,742,741,250,558,25,601,57,511,181,458,267,375,329,319,338,297,358,271,349,251,357,245,348,228,340,232,330,229
64,170,1,2,119,0,1953125,12,0,0,0.97,0,0,NaN,0,0,266,313,273,327,282,323,281,326,294,332,282,318,286,329,283,308,264,314,274,302,241,297,262,303,232,292,249,305,288,254,310,291,372,201,415,191,542,50,635,51,673,279,764,319,728,416,547,562,479,572,249,714,308,756,93,722,390,1000,259,542,121,471,254,445,262,366,307,275,342,233,352,210,340,215,330,211,322,211,317,208,303,206,293,211,276
64,170,1,2,119,0,1953125,12,0,6788,2.18,0,0,NaN,0,0,22,21,25,16,24,19,17,12,22,16,9,11,12,11,4,3,10,8,3,18,5,30,11,47,23,34,27,56,48,27,73,51,68,48,101,37,138,279,279,188,189,400,474,323,349,228,229,363,199,435,311,449,447,354,96,469,789,1000,742,152,163,76,204,129,86,122,113,50,12,77,17,60,17,58,27,24,23,19,15,20,15,11,6,10,8
64,170,1,2,119,0,1953125,12,0,6788,2.18,0,0,NaN,0,0,37,29,59,38,64,38,63,23,72,51,69,6,61,43,34,63,70,50,18,128,87,70,43,161,97,157,101,217,70,53,134,224,113,191,156,247,134,261,188,162,202,418,453,427,256,347,540,552,461,605,764,1000,949,849,400,254,582,864,751,507,224,240,220,215,98,239,136,96,108,234,111,65,95,181,62,87,80,108,24,106,102,81,45,105,92
64,170,1,2,119,0,1953125,12,0,6788,2.18,0,0,NaN,0,0,37,29,59,38,64,38,63,23,72,51,69,6,61,43,34,63,70,50,18,128,87,70,43,161,97,157,101,217,70,53,134,224,113,191,156,247,134,261,188,162,202,418,453,427,256,347,540,552,461,605,764,1000,949,849,400,254,582,864,751,507,224,240,220,215,98,239,136,96,108,234,111,65,95,181,62,87,80,108,24,106,102,81,45,105,92
64,170,1,2,119,0,1953125,12,0,6783,2.18,0,0,NaN,0,0,40,34,62,45,61,39,68,25,71,53,76,4,58,44,37,61,69,52,16,128,87,74,43,155,92,155,101,219,69,54,129,215,104,188,161,244,123,258,200,174,202,428,481,473,303,359,556,554,453,580,748,1000,962,876,417,221,556,852,741,513,248,239,208,208,93,240,128,89,116,246,120,63,82,167,47,84,86,112,16,92,87,72,54,106,90
64,170,1,2,119,0,1953125,12,0,0,0.97,0,0,NaN,0,0,304,330,326,278,247,244,257,248,193,145,155,167,123,84,101,139,152,112,162,218,259,271,241,283,397,375,380,328,435,494,399,449,510,446,469,381,493,393,607,313,453,555,658,336,453,695,383,178,406,363,728,286,1000,392,699,404,964,244,269,815,329,245,382,314,480,364,352,322,386,340,292,291,268,270,250,244,212,165,171,152,143,105,74,60,61
64,170,2,2,119,0,1953125,12,0,0,0.97,0,0,NaN,0,0,329,290,336,303,338,304,343,314,347,307,343,304,346,301,333,293,341,282,325,264,337,257,318,237,341,223,351,215,355,250,358,227,416,302,378,332,400,555,412,559,394,749,395,750,339,758,170,801,176,755,148,713,474,753,429,706,692,1000,382,527,335,386,415,369,391,289,393,211,405,193,397,192,369,219,353,217,341,223,338,219,323,217,310,222,294
64,170,2,2,119,0,1953125,12,0,0,0.97,0,0,NaN,0,0,69,60,68,51,66,48,71,28,61,30,69,23,56,37,53,39,62,55,57,74,101,64,91,92,151,59,171,67,222,58,229,145,312,178,274,280,336,481,384,523,421,661,551,666,556,577,551,565,594,493,379,528,766,625,637,716,970,1000,711,387,308,400,289,365,196,337,178,241,197,193,185,133,165,85,142,60,134,55,113,60,90,62,81,73,59
64,170,2,2,119,0,1953125,12,0,0,0.97,0,0,NaN,0,0,63,66,58,57,61,55,66,35,52,38,62,26,50,45,48,46,51,62,51,79,88,75,82,106,141,79,160,91,222,57,229,132,324,150,290,250,373,464,407,492,440,653,528,642,521,578,532,573,572,520,385,556,805,648,711,713,1000,976,733,365,324,387,299,353,194,342,164,257,176,215,171,158,156,101,133,74,132,55,114,61,100,60,86,71,67
64,170,2,2,119,0,1953125,12,0,0,0.97,0,0,NaN,0,0,70,63,65,52,71,49,76,29,57,35,68,22,54,41,57,44,61,60,58,75,97,70,87,100,153,67,177,85,234,61,233,139,328,176,285,278,371,499,411,524,442,675,545,666,545,577,562,576,593,534,415,584,827,653,712,715,982,1000,739,390,317,412,305,372,201,351,174,251,195,205,184,148,164,90,141,68,136,53,116,62,102,62,82,70,64
64,170,2,2,119,0,1953125,12,0,0,0.97,0,0,NaN,0,0,287,323,297,338,302,336,303,344,312,342,299,338,306,343,290,326,290,330,277,308,263,320,262,302,239,338,233,342,182,381,181,435,127,459,99,535,93,660,194,680,272,724,443,707,472,582,618,496,648,473,543,249,877,314,769,266,1000,558,828,118,574,107,568,97,481,186,429,245,365,282,336,285,313,290,301,293,282,296,277,294,265,286,252,287,243
64,170,2,2,119,0,1953125,12,0,0,0.97,0,0,NaN,0,0,300,304,303,315,315,314,314,317,324,320,315,314,318,313,316,301,304,297,299,296,286,277,289,288,281,257,299,265,342,214,357,237,427,166,458,139,586,77,681,86,717,268,784,299,752,378,588,545,535,563,355,736,393,758,269,780,424,1000,428,583,67,553,48,526,86,482,148,396,229,361,254,329,265,316,271,292,277,283,284,269,275,255,278,246,267
64,170,1,2,119,0,1953125,12,0,0,0.97,0,0,NaN,0,0,70,81,65,72,65,69,77,45,60,48,73,38,62,57,54,60,64,78,56,102,99,99,85,132,155,104,186,116,253,69,270,153,380,165,346,275,424,529,512,588,516,745,620,766,604,703,625,712,655,707,509,614,858,646,707,626,973,1000,833,412,408,443,376,425,247,397,193,302,185,250,184,191,165,127,147,92,145,68,134,62,108,59,95,69,69
64,170,1,2,119,0,1953125,12,0,0,0.97,0,0,NaN,0,0,31,96,20,85,22,88,30,71,24,76,35,62,39,69,31,74,46,90,27,113,48,126,25,161,69,172,100,196,172,173,214,239,334,193,353,241,481,405,593,453,618,622,683,667,644,670,546,733,569,759,408,699,786,719,671,653,1000,966,808,378,478,327,460,312,324,318,248,284,158,261,126,234,88,177,77,147,83,120,96,88,85,78,93,62,76
64,170,1,2,119,0,1953125,12,0,0,0.97,0,0,NaN,0,0,33,96,25,90,27,90,33,72,25,76,36,64,40,70,31,73,42,88,27,120,49,128,24,167,76,173,106,199,183,170,220,234,341,188,361,240,487,415,603,464,628,645,687,682,644,689,560,737,549,767,406,686,784,708,686,651,999,962,820,376,496,334,468,322,332,329,247,289,159,265,122,238,90,182,81,150,89,117,100,91,90,78,97,65,72
64,170,1,2,119,0,1953125,12,0,0,0.97,0,0,NaN,0,0,30,108,12,100,17,100,25,78,24,74,32,67,34,70,26,69,37,79,27,111,43,128,21,166,53,190,78,214,147,203,195,275,325,234,352,266,499,419,632,461,677,638,741,683,721,716,605,762,566,798,400,724,764,743,676,691,1000,991,815,411,520,340,504,314,367,310,288,282,183,260,137,239,84,188,70,157,69,127,79,95,76,87,85,63,69
64,170,1,2,119,0,1953125,12,0,0,0.97,0,0,NaN,0,0,29,96,35,87,41,81,55,60,42,61,55,49,48,62,37,61,40,78,26,106,57,111,41,155,98,146,124,168,200,129,232,193,349,163,354,233,458,430,558,492,580,661,636,711,629,717,565,719,566,731,419,628,787,653,703,636,1000,947,813,404,491,383,439,360,299,354,215,298,155,264,133,223,114,159,103,125,107,90,108,75,92,57,88,53,65
64,170,1,2,119,0,1953125,12,0,0,0.96,0,0,NaN,0,0,351,300,362,295,364,302,377,306,373,298,382,300,381,282,371,280,382,265,365,243,377,253,357,216,372,267,359,258,333,327,326,375,333,430,278,512,183,693,152,734,137,829,234,847,292,793,444,754,485,740,413,472,791,517,715,420,1000,733,748,317,591,124,606,83,530,56,491,172,445,232,403,259,364,285,331,304,302,318,282,320,260,317,248,322,230
64,170,1,2,119,0,1953125,12,0,0,0.97,0,0,NaN,0,0,26,104,29,92,37,86,49,66,41,69,48,55,42,64,33,67,40,81,24,111,50,120,32,159,87,165,120,184,192,149,229,216,349,176,358,231,479,437,585,478,609,666,668,704,641,726,592,762,580,783,429,667,801,689,692,631,1000,960,823,413,512,385,470,360,326,353,235,298,159,272,132,238,109,173,99,141,104,106,107,81,96,68,92,55,66
64,170,1,2,119,0,1953125,12,0,0,0.96,0,0,NaN,0,0,310,309,321,303,323,311,339,307,336,303,346,299,348,282,343,281,352,255,342,237,367,216,347,196,381,172,384,149,403,170,409,139,481,205,451,258,465,482,491,509,476,674,437,722,379,756,207,808,197,824,54,751,440,802,373,733,633,1000,379,569,326,423,396,384,391,278,410,181,435,144,427,141,397,169,379,183,361,195,350,206,327,209,314,220,293
64,170,1,2,119,0,1953125,12,0,0,0.96,0,0,NaN,0,0,375,331,386,327,389,332,407,333,401,325,412,326,411,303,406,301,415,278,398,255,422,249,397,209,428,232,423,210,422,281,415,303,468,379,411,459,367,693,347,729,314,885,280,914,246,893,292,888,338,901,297,695,739,757,660,678,978,999,661,519,545,301,603,260,545,127,532,97,517,146,486,190,445,237,407,266,379,289,358,295,326,300,309,310,284
64,170,1,2,119,0,1953125,12,0,0,0.97,0,0,NaN,0,0,38,94,21,87,12,91,8,72,7,70,17,62,25,63,24,64,39,73,39,93,50,115,33,144,48,176,51,202,103,208,143,269,254,250,300,282,449,397,578,415,623,548,701,580,674,609,572,674,525,706,337,680,688,729,617,710,939,1000,759,457,480,327,478,288,357,260,288,233,201,230,155,216,94,175,71,149,56,130,64,100,63,89,70,66,62
64,170,1,2,119,0,1953125,12,0,0,0.96,0,0,NaN,0,0,318,296,326,293,332,299,347,298,341,292,351,291,351,272,348,270,355,247,345,227,366,212,347,180,381,177,381,154,393,199,392,197,455,267,417,335,413,546,427,581,396,723,352,773,298,776,181,796,185,798,120,661,550,737,507,699,784,1000,518,562,403,369,462,325,440,205,441,120,451,107,431,130,402,174,373,196,349,217,334,225,314,231,298,241,273
64,170,1,2,119,0,1953125,12,0,0,0.96,0,0,NaN,0,0,345,312,355,305,358,315,375,311,368,305,381,306,379,284,377,281,386,255,371,236,393,224,370,187,404,202,400,174,407,236,401,253,458,327,413,404,389,624,383,665,357,810,315,854,271,841,222,833,257,855,196,656,639,718,587,678,913,1000,619,555,497,341,539,294,499,163,490,95,486,115,457,154,422,203,390,230,361,254,342,260,318,267,300,275,279
64,170,1,2,119,0,1953125,12,0,0,0.96,0,0,NaN,0,0,307,303,317,300,317,309,333,306,329,302,343,298,340,282,339,277,348,253,338,238,360,216,340,194,376,169,382,145,401,164,400,134,475,202,448,261,473,479,494,505,480,674,450,721,396,751,220,794,177,804,28,699,400,751,340,691,653,1000,423,602,339,441,394,396,384,286,400,184,424,149,417,141,394,171,374,177,357,191,345,203,324,205,313,214,291
64,170,1,2,119,0,1953125,12,0,0,0.96,0,0,NaN,0,0,312,307,324,300,327,307,342,308,337,300,351,298,348,279,347,277,355,253,345,236,367,213,349,187,383,174,387,147,402,178,404,162,468,234,444,297,447,515,467,556,445,708,407,765,355,790,200,813,179,828,39,683,448,720,400,682,721,999,474,593,380,412,432,371,421,252,429,158,444,127,430,131,404,168,382,187,359,201,349,216,322,219,312,230,285
64,170,1,2,119,0,1953125,12,0,0,0.96,0,0,NaN,0,0,263,277,270,275,274,283,284,282,281,277,294,274,293,260,290,259,295,239,289,229,308,204,293,193,325,159,333,141,360,128,368,74,440,122,433,158,471,354,518,389,512,537,499,598,460,639,287,684,241,687,106,656,300,690,256,694,571,1000,362,605,225,459,278,415,288,319,313,225,357,179,357,157,344,160,330,155,322,159,315,167,301,166,289,173,271
64,170,1,2,119,0,1953125,12,0,0,0.96,0,0,NaN,0,0,321,290,330,286,336,292,349,292,343,284,355,283,356,266,350,263,361,238,349,221,370,205,353,172,382,182,379,158,384,212,383,230,436,296,404,381,381,577,390,632,364,770,332,817,300,819,215,812,219,812,118,604,543,630,517,608,916,1000,624,580,481,370,501,310,465,178,455,99,456,100,432,134,401,179,370,204,346,224,328,234,305,240,288,251,265
64,170,1,2,119,0,1953125,12,0,0,0.96,0,0,NaN,0,0,292,279,302,274,306,284,318,281,314,275,329,274,326,255,323,254,333,232,320,216,341,198,325,170,356,160,360,134,371,173,375,161,435,230,406,298,413,503,427,535,407,685,382,716,338,741,191,751,152,748,25,601,426,617,430,629,787,1000,506,587,377,392,415,342,390,232,397,136,412,114,399,120,373,157,350,176,333,192,322,201,297,208,283,215,263
64,170,1,2,119,0,1953125,12,0,0,0.96,0,0,NaN,0,0,340,299,349,297,352,300,369,304,361,295,373,295,372,276,366,274,377,251,361,231,382,225,360,187,385,214,382,191,377,256,371,288,414,358,365,449,327,649,324,702,291,817,279,852,243,829,244,804,256,808,175,529,605,534,585,514,1000,944,715,520,553,300,564,252,500,121,478,100,458,138,435,175,396,218,369,241,338,264,323,270,295,277,279,281,258
64,170,1,2,119,0,1953125,12,0,0,0.97,0,0,NaN,0,0,38,75,28,79,20,78,2,63,3,66,13,53,21,55,19,49,40,63,42,79,54,97,41,128,49,156,47,184,81,194,122,262,220,243,276,289,398,371,529,398,575,487,655,522,633,535,514,573,458,592,246,518,521,538,454,607,901,1000,730,495,482,325,436,264,328,209,255,179,187,185,141,178,92,144,62,134,49,110,53,101,52,84,60,64,51
64,170,1,2,119,0,1953125,12,0,0,0.97,0,0,NaN,0,0,38,78,24,79,21,76,4,65,2,66,12,52,21,58,16,50,40,63,35,81,52,96,39,128,46,156,44,185,84,190,117,256,221,230,276,279,407,366,533,387,574,488,651,512,620,528,506,566,426,582,242,502,498,489,441,610,915,1000,732,488,492,321,438,260,327,208,253,178,178,185,137,181,87,147,60,134,46,115,50,95,53,81,63,62,48
64,170,1,2,119,0,1953125,12,0,0,0.97,0,0,NaN,0,0,35,79,21,82,17,80,8,63,6,67,15,50,20,60,17,52,38,66,31,80,44,101,32,136,40,158,45,190,98,186,133,250,238,221,295,270,420,370,551,399,581,496,651,535,616,549,493,585,428,597,223,481,502,487,465,594,924,1000,750,473,496,320,447,260,325,214,243,186,164,193,125,190,80,149,54,136,48,108,56,96,53,79,62,58,48
64,170,1,2,119,0,1953125,12,0,0,0.97,0,0,NaN,0,0,306,258,314,266,318,268,318,278,319,277,316,276,315,272,308,265,306,257,295,240,306,228,290,211,316,189,323,179,340,197,343,170,416,235,395,266,439,472,463,475,467,633,441,658,400,680,204,709,160,707,97,590,279,576,313,636,656,999,399,624,294,475,307,436,285,333,303,247,334,215,335,203,324,216,312,209,303,210,302,210,284,202,280,204,265
64,170,1,2,119,0,1953125,12,0,0,0.97,0,0,NaN,0,0,354,312,363,327,365,328,365,340,368,339,360,336,365,333,347,324,353,315,344,288,351,287,338,256,356,263,362,255,355,307,348,322,404,395,356,475,353,697,364,718,336,871,327,901,289,892,228,875,207,861,77,575,522,571,531,534,947,1000,661,597,538,406,537,369,475,241,458,175,449,168,435,173,411,213,390,221,370,232,363,240,343,235,331,244,312
64,170,1,2,119,0,1953125,12,0,0,0.97,0,0,NaN,0,0,36,81,21,85,20,82,5,66,5,67,14,51,20,61,19,51,39,69,33,84,50,103,33,134,44,165,48,199,96,195,135,257,245,227,298,283,431,379,547,395,593,513,675,553,652,589,538,620,466,634,257,497,509,476,436,581,928,1000,735,479,507,329,456,266,334,222,251,195,174,201,129,190,81,153,54,138,49,114,54,99,56,78,63,59,51
64,170,1,2,119,0,1953125,12,0,0,0.97,0,0,NaN,0,0,24,85,15,87,19,81,15,67,12,66,24,50,19,59,17,52,33,70,19,89,41,108,18,140,44,163,57,191,117,174,157,237,267,197,320,260,447,383,562,403,588,539,666,577,623,608,517,638,450,644,240,487,531,461,456,554,942,1000,779,473,508,333,460,270,321,243,236,214,152,214,113,198,74,155,50,135,58,107,63,92,62,72,69,55,53
64,170,1,2,119,0,1953125,12,0,0,0.97,0,0,NaN,0,0,55,75,65,58,65,52,69,31,62,31,60,23,43,32,40,33,26,44,31,57,24,74,42,96,45,123,78,139,140,125,180,173,276,152,332,221,471,413,579,437,629,616,694,632,659,671,539,690,486,718,324,474,492,369,363,477,949,1000,814,513,577,369,494,309,366,257,260,199,154,192,108,181,66,138,46,123,25,100,32,77,26,64,35,41,24
64,170,1,2,119,0,1953125,12,0,0,0.97,0,0,NaN,0,0,55,75,65,58,65,52,69,31,62,31,60,23,43,32,40,33,26,44,31,57,24,74,42,96,45,123,78,139,140,125,180,173,276,152,332,221,471,413,579,437,629,616,694,632,659,671,539,690,486,718,324,474,492,369,363,477,949,1000,814,513,577,369,494,309,366,257,260,199,154,192,108,181,66,138,46,123,25,100,32,77,26,64,35,41,24
64,170,1,2,119,0,1953125,12,0,0,0.97,0,0,NaN,0,0,347,298,356,308,355,314,359,326,358,323,356,321,355,319,343,309,345,301,333,278,347,270,330,245,351,244,355,231,355,279,351,283,408,359,360,420,372,652,388,667,376,834,364,847,321,868,201,857,167,855,8,597,374,529,423,487,894,1000,599,633,469,433,475,404,421,279,416,203,420,183,409,183,387,215,373,216,357,228,350,227,329,227,319,233,303
64,170,1,2,119,0,1953125,12,0,0,0.97,0,0,NaN,0,0,318,267,325,280,327,282,328,291,331,288,329,287,328,285,318,276,321,267,308,250,317,241,302,222,324,208,333,198,338,232,339,220,403,292,370,330,397,551,414,552,414,725,397,734,354,761,182,772,153,771,36,591,306,539,362,550,769,1000,477,629,357,446,369,418,338,304,347,224,368,194,361,187,348,207,334,205,320,209,315,211,302,204,294,208,277
64,170,1,2,119,0,1953125,12,0,0,0.97,0,0,NaN,0,0,43,79,58,66,58,58,60,40,56,37,50,29,42,36,33,38,22,46,23,55,13,76,36,90,28,129,61,141,120,146,163,188,247,177,313,234,447,397,550,388,604,566,680,566,642,619,536,649,461,659,284,519,514,452,395,535,925,1000,783,519,530,335,465,282,350,220,262,174,167,173,129,168,78,128,60,122,29,99,32,80,15,67,32,47,27
64,170,1,2,119,0,1953125,12,0,0,0.97,0,0,NaN,0,0,35,83,45,70,48,63,51,47,51,42,42,37,36,39,25,42,15,49,17,56,8,81,24,92,7,132,39,147,95,167,144,210,222,202,293,247,434,402,554,389,605,540,694,544,657,587,545,619,462,637,280,513,477,457,374,546,877,1000,760,523,498,327,458,278,346,195,275,149,182,150,147,148,97,118,76,109,43,96,36,78,21,71,26,48,26
64,170,1,2,119,0,1953125,12,0,0,0.97,0,0,NaN,0,0,46,77,56,62,58,56,59,41,53,34,51,30,42,34,35,36,23,46,25,56,14,76,35,92,26,131,61,136,119,147,164,191,247,176,306,221,438,390,545,391,600,557,679,571,642,621,523,635,463,655,267,510,499,443,404,535,914,999,777,496,509,322,463,274,343,216,264,172,165,169,127,166,79,129,62,116,28,98,32,79,16,65,29,49,28
64,170,1,2,119,0,1953125,12,0,0,0.98,0,0,NaN,0,0,293,302,293,310,301,318,299,324,301,327,297,324,296,321,288,313,287,303,277,290,285,277,268,260,290,246,294,239,302,272,296,260,360,330,326,357,357,577,372,560,376,737,365,734,321,778,180,768,140,779,8,609,317,551,366,554,738,999,454,622,321,450,349,429,315,328,319,262,337,228,328,231,315,246,298,245,293,251,286,239,270,245,264,235,247
64,170,1,2,119,0,1953125,12,0,0,0.97,0,0,NaN,0,0,43,80,49,67,52,60,54,46,52,37,49,35,38,36,29,41,17,46,22,58,8,82,29,91,18,132,54,145,111,159,158,198,236,188,307,238,448,403,557,392,606,549,685,558,645,608,526,616,446,635,257,486,460,430,390,533,899,1000,757,501,483,307,441,261,334,201,258,157,167,157,129,153,83,121,66,110,33,92,29,80,15,69,28,47,25
64,170,1,2,119,0,1953125,12,0,0,0.97,0,0,NaN,0,0,335,289,343,307,343,306,344,320,346,319,340,318,344,312,331,302,336,294,321,275,330,268,319,242,334,247,338,240,333,290,329,304,381,373,334,426,341,647,346,655,336,813,318,816,274,843,194,805,184,802,100,567,453,506,507,527,911,1000,597,603,426,381,461,360,416,247,410,182,413,164,399,175,379,203,362,211,344,219,341,221,320,220,312,225,297
64,170,1,2,119,0,1953125,12,0,0,0.97,0,0,NaN,0,0,41,77,52,67,52,59,58,45,55,34,48,33,39,35,32,40,17,47,21,57,8,80,27,95,20,134,53,146,110,156,153,201,240,182,297,235,446,398,550,392,617,560,700,577,665,624,537,625,466,645,268,492,458,400,380,522,899,1000,746,500,491,324,451,269,339,210,261,160,170,162,131,156,81,123,65,114,31,93,25,81,20,68,24,45,24
64,170,1,2,119,0,1953125,12,0,0,0.98,0,0,NaN,0,0,316,348,313,363,320,367,321,370,325,374,317,368,318,369,311,351,311,349,303,320,301,323,289,295,297,317,289,316,259,372,244,402,258,467,187,542,145,759,156,766,176,910,281,900,289,897,363,814,356,811,233,460,558,381,549,275,1000,817,780,473,584,274,580,259,499,158,460,166,423,175,400,206,382,234,361,239,345,257,336,256,315,261,308,252,291
64,170,1,2,119,0,1953125,12,0,0,0.97,0,0,NaN,0,0,333,307,340,322,344,323,342,334,346,332,340,332,342,329,328,317,333,315,322,284,327,289,315,258,324,282,323,273,305,333,291,362,318,425,260,493,226,711,218,724,221,872,267,869,259,867,285,799,296,791,173,470,516,382,561,340,1000,869,714,494,531,279,549,261,483,155,455,138,433,150,410,176,388,207,369,223,347,231,342,242,318,239,307,244,291
64,170,1,2,119,0,1953125,12,0,0,0.97,0,0,NaN,0,0,49,74,61,58,61,54,65,35,57,33,54,24,42,32,35,35,23,43,28,56,18,75,37,93,36,126,67,138,130,137,166,182,261,155,309,214,456,402,546,408,612,606,699,614,666,665,544,662,486,679,278,471,480,367,387,495,933,1000,767,489,489,328,455,283,340,235,251,186,152,184,109,167,62,132,47,119,19,95,27,82,22,67,31,42,26
64,170,1,2,119,0,1953125,12,0,0,0.97,0,0,NaN,0,0,67,59,76,40,71,36,77,16,63,15,66,10,46,25,43,20,34,34,39,50,43,64,55,87,73,101,109,114,169,94,205,138,292,126,330,210,445,432,529,464,585,670,671,671,628,719,551,691,514,699,306,425,520,330,399,484,946,1000,815,494,507,368,445,328,314,289,211,224,117,207,73,182,48,138,35,116,38,87,39,76,36,53,41,36,29
64,170,1,2,119,0,1953125,12,0,6782,2.18,0,0,NaN,0,0,29,29,22,21,20,26,14,27,14,22,12,15,11,15,7,16,10,28,21,28,24,31,29,26,31,22,50,30,13,36,12,75,44,58,59,94,113,262,180,207,197,299,362,237,287,217,213,255,177,414,330,214,127,41,312,447,742,1000,480,294,169,160,174,180,82,97,84,25,16,11,15,13,9,30,27,7,16,14,7,9,11,11,12,11,7
64,170,1,2,119,0,1953125,12,0,6782,2.18,0,0,NaN,0,0,24,46,20,62,30,64,28,38,53,70,48,21,57,45,42,37,84,33,26,93,105,23,18,149,107,120,99,173,101,80,91,207,68,206,166,258,132,329,280,260,134,423,443,388,282,359,459,531,470,680,781,1000,967,832,413,244,615,803,720,389,155,257,193,157,168,271,153,110,162,249,129,99,108,161,51,118,93,89,43,134,103,82,72,114,80
64,170,1,2,119,0,1953125,12,0,6788,2.18,0,0,NaN,0,0,46,47,5,58,21,74,21,44,37,81,42,33,39,46,29,22,78,22,36,80,115,7,31,137,128,92,113,137,110,96,100,197,91,215,188,256,152,333,311,252,137,417,466,358,291,411,474,552,467,666,793,992,999,802,421,236,645,775,732,398,152,259,220,152,207,251,180,102,182,226,149,86,119,143,66,117,105,93,50,132,99,65,67,116,82
64,170,1,2,119,0,1953125,12,0,6793,2.19,0,0,NaN,0,0,61,42,55,31,28,67,61,25,15,86,56,27,20,57,7,38,66,47,49,66,111,51,72,76,147,38,157,91,110,68,166,110,150,148,256,160,213,253,368,168,212,355,517,329,187,377,488,477,513,566,798,886,1000,775,408,123,637,699,653,427,124,193,261,103,251,206,181,40,232,184,156,28,161,102,95,70,134,48,71,109,131,61,78,97,86
64,170,1,2,119,0,1953125,12,0,6788,2.18,0,0,NaN,0,0,55,26,65,10,50,37,70,16,40,66,66,19,23,54,9,54,49,56,47,89,84,62,81,89,130,75,146,125,70,24,197,116,169,115,267,160,237,236,374,199,230,318,487,367,168,356,558,490,547,568,827,939,1000,841,380,167,608,736,601,432,188,216,245,156,228,255,145,64,221,229,128,55,154,137,79,68,127,76,64,83,104,42,84,99,89
64,170,1,2,119,0,1953125,12,0,0,0.97,0,0,NaN,0,0,278,307,296,258,246,230,232,209,181,150,141,142,109,92,84,126,117,135,139,193,238,244,259,259,352,348,338,347,355,444,441,387,397,417,435,393,422,387,530,374,478,308,481,583,87,300,511,394,350,309,503,756,681,878,431,334,999,403,155,612,483,309,308,253,403,391,338,232,298,304,291,257,219,216,226,238,209,170,123,161,146,106,77,36,59
64,170,1,2,119,0,1953125,12,0,0,0.97,0,0,NaN,0,0,337,277,341,290,344,294,348,301,348,300,345,299,346,295,337,288,336,275,324,261,335,246,321,227,345,210,355,197,367,233,358,221,422,302,379,334,413,573,421,590,441,778,438,777,389,832,251,839,217,826,43,662,326,621,332,534,691,1000,406,618,320,456,391,428,352,337,356,250,378,216,376,209,358,224,345,219,335,225,331,221,309,218,304,218,288
64,170,1,2,119,0,1953125,12,0,0,0.97,0,0,NaN,0,0,25,100,13,95,18,91,28,71,22,72,35,59,32,66,25,65,34,82,21,105,43,126,19,158,59,185,91,202,159,186,195,228,297,170,342,233,476,423,578,467,658,656,745,691,705,742,610,745,571,746,281,548,614,485,419,459,938,1000,766,466,502,360,488,319,343,291,247,256,152,243,114,219,77,173,69,144,70,119,81,90,76,73,77,53,62
64,170,1,2,119,0,1953125,12,0,0,0.97,0,0,NaN,0,0,41,89,23,86,17,84,6,71,4,68,13,64,23,61,25,62,40,70,39,87,52,113,34,138,48,179,55,196,96,204,134,244,221,203,288,252,430,396,551,411,631,561,722,581,688,627,593,649,510,654,242,495,489,458,381,513,882,999,721,486,446,314,460,266,329,222,261,192,175,197,136,188,79,158,56,133,41,122,54,97,53,81,59,60,53
64,170,1,2,119,0,1953125,12,0,0,0.97,0,0,NaN,0,0,41,89,23,86,17,84,6,71,4,68,13,64,23,61,25,62,40,70,39,87,52,113,34,138,48,179,55,196,96,204,134,244,221,203,288,252,430,396,551,411,631,561,722,581,688,627,593,649,510,654,242,495,489,458,381,513,882,999,721,486,446,314,460,266,329,222,261,192,175,197,136,188,79,158,56,133,41,122,54,97,53,81,59,60,53
64,170,1,2,119,0,1953125,12,0,0,0.97,0,0,NaN,0,0,51,80,61,63,60,60,64,42,58,36,52,29,44,38,38,42,25,52,25,60,18,86,37,97,40,139,75,147,135,152,176,180,253,162,323,206,459,425,581,439,646,626,734,646,690,695,603,707,538,732,292,515,543,470,391,441,872,1000,767,487,496,343,494,303,363,248,276,190,172,186,129,176,82,141,63,127,29,104,31,91,26,72,35,53,34
64,170,1,2,119,0,1953125,12,0,0,0.97,0,0,NaN,0,0,58,81,71,63,68,55,73,38,68,34,64,30,50,39,43,42,30,52,32,63,27,85,48,100,50,134,87,141,147,143,195,170,270,152,349,214,479,444,613,475,658,665,758,693,700,729,610,734,544,749,298,511,556,464,369,422,895,1000,796,497,523,357,506,313,364,260,271,204,160,192,119,183,72,144,57,132,28,104,32,86,26,71,36,50,29
64,170,1,2,119,0,1953125,12,0,0,0.97,0,0,NaN,0,0,306,248,314,256,316,259,317,266,321,266,320,261,319,260,310,250,309,246,298,232,305,213,297,207,318,171,330,166,349,161,349,137,413,197,404,205,460,413,514,434,539,601,549,621,509,673,356,705,269,706,211,594,153,571,171,575,520,1000,312,636,159,504,225,475,203,394,230,304,283,271,290,248,287,250,282,236,278,232,279,225,265,214,265,213,249
64,170,1,2,119,0,1953125,12,0,0,0.97,0,0,NaN,0,0,340,285,350,297,351,301,353,310,355,309,349,307,352,306,339,295,340,286,329,269,339,259,323,238,346,227,356,215,359,255,348,254,407,331,361,368,380,613,400,640,407,813,403,825,365,855,236,849,199,866,37,628,346,596,365,523,753,1000,476,620,369,440,431,425,380,322,379,234,396,207,391,197,372,220,362,217,345,222,340,224,317,221,313,222,296
64,170,1,2,119,0,1953125,12,0,0,0.97,0,0,NaN,0,0,323,262,331,271,334,276,333,284,338,283,334,284,332,280,323,267,326,263,311,248,322,232,312,215,333,194,346,185,356,210,352,203,414,276,382,308,415,543,446,568,461,748,464,763,424,807,280,811,225,820,84,632,285,630,285,563,656,1000,406,633,299,475,362,447,320,349,327,259,356,226,353,210,339,222,328,215,315,218,316,209,300,209,292,209,275
64,170,1,2,119,0,1953125,12,0,0,0.97,0,0,NaN,0,0,314,254,322,264,326,265,327,273,330,275,327,271,326,268,317,261,316,253,305,240,316,221,305,211,324,181,336,175,354,185,350,161,419,235,389,245,439,473,465,484,487,672,486,681,460,733,298,760,237,776,150,623,225,617,227,602,556,1000,319,616,213,488,289,459,256,373,280,284,317,250,322,233,314,236,306,225,300,221,297,220,284,213,280,209,264
64,170,1,2,119,0,1953125,12,0,0,0.97,0,0,NaN,0,0,335,373,339,388,355,382,351,387,366,387,356,381,358,383,351,366,330,372,332,361,289,365,307,372,260,380,271,401,290,377,319,431,341,372,431,422,584,416,724,427,825,409,991,400,1000,326,978,280,949,316,723,329,845,325,581,548,843,862,915,427,592,483,546,426,432,438,355,429,273,444,257,425,261,410,271,396,265,385,265,377,261,361,260,350,255
64,170,2,2,119,0,1953125,12,0,0,0.97,0,0,NaN,0,0,52,87,65,70,65,64,72,45,64,43,61,34,50,42,39,47,28,57,30,65,22,93,40,107,44,147,78,158,142,162,186,195,270,166,342,216,492,448,630,477,689,691,793,715,760,776,662,787,612,836,376,541,603,533,389,430,881,1000,791,501,550,387,536,329,390,269,293,209,182,203,136,192,92,154,69,137,35,111,40,100,31,79,39,58,38
64,170,2,2,119,0,1953125,12,0,0,0.97,0,0,NaN,0,0,61,84,73,65,72,56,77,41,69,39,67,31,56,42,47,42,35,56,37,67,31,89,53,102,58,140,94,153,155,153,200,182,281,161,354,211,490,455,635,497,683,703,787,732,751,790,658,797,617,837,377,527,607,520,395,423,890,1000,821,509,546,380,527,327,381,270,282,214,168,202,123,188,80,152,59,139,30,111,33,94,31,77,36,53,32
64,170,2,2,119,0,1953125,12,0,0,0.98,0,0,NaN,0,0,354,390,351,400,366,404,366,401,379,406,375,391,373,399,373,378,353,374,361,360,319,365,327,364,281,392,263,412,250,428,268,494,236,480,326,556,456,637,613,661,715,672,917,643,945,564,994,415,971,468,767,117,926,131,637,338,887,718,1000,310,700,364,648,319,537,340,455,351,367,375,348,367,347,358,349,348,340,344,339,329,332,323,326,305,321
64,170,2,2,119,0,1953125,12,0,0,0.98,0,0,NaN,0,0,354,390,351,400,366,404,366,401,379,406,375,391,373,399,373,378,353,374,361,360,319,365,327,364,281,392,263,412,250,428,268,494,236,480,326,556,456,637,613,661,715,672,917,643,945,564,994,415,971,468,767,117,926,131,637,338,887,718,1000,310,700,364,648,319,537,340,455,351,367,375,348,367,347,358,349,348,340,344,339,329,332,323,326,305,321
64,170,2,2,119,0,1953125,12,0,0,0.97,0,0,NaN,0,0,342,282,351,294,354,298,354,306,357,307,352,305,354,301,343,292,345,283,330,265,343,252,329,235,348,218,359,205,369,239,365,233,425,318,387,350,408,593,421,623,433,802,419,823,387,855,241,851,215,878,70,657,334,658,295,528,708,1000,442,635,337,454,405,430,364,332,365,249,385,217,383,208,368,227,355,220,341,226,338,225,317,225,312,222,295
64,170,2,2,119,0,1953125,12,0,0,0.97,0,0,NaN,0,0,72,84,85,64,87,59,91,34,82,33,77,31,63,46,56,44,42,54,46,69,43,93,64,106,77,139,119,156,183,143,224,177,319,153,381,213,518,487,659,536,707,752,800,796,763,837,665,840,636,910,451,593,686,569,417,364,883,1000,850,499,561,391,538,352,392,296,287,237,165,217,120,204,72,167,58,150,31,118,41,97,26,79,44,55,34
64,170,2,2,119,0,1953125,12,0,0,0.97,0,0,NaN,0,0,365,302,371,316,376,317,377,329,379,325,376,325,375,322,364,313,363,303,351,284,362,270,350,246,370,239,379,226,387,266,377,268,437,347,391,389,403,644,414,683,420,862,413,888,372,915,238,904,223,937,76,698,363,694,274,475,748,1000,500,658,399,470,447,440,403,335,399,252,415,220,411,212,396,233,385,232,367,237,366,236,343,235,333,239,317
64,170,2,2,119,0,1953125,12,0,0,0.97,0,0,NaN,0,0,345,345,353,363,353,363,352,379,357,374,349,372,353,372,337,356,340,358,327,328,326,341,312,311,309,347,301,346,265,406,253,450,247,500,157,575,57,786,118,816,192,932,371,924,405,888,533,770,577,833,412,454,741,447,581,176,1000,693,848,347,653,130,666,113,569,50,515,146,460,199,435,226,409,246,395,263,365,276,358,278,336,273,320,278,307
64,170,2,2,119,0,1953125,12,0,0,0.97,0,0,NaN,0,0,50,92,65,76,66,69,74,50,71,48,66,40,56,50,45,49,31,62,31,69,21,97,42,110,42,151,79,165,141,175,184,214,276,191,352,233,494,445,645,487,710,671,800,720,774,763,661,785,628,870,452,626,647,586,378,402,850,1000,803,514,544,372,529,320,401,249,306,193,197,186,152,182,98,149,85,139,43,117,44,94,26,81,34,55,35
64,170,2,2,119,0,1953125,12,0,0,0.97,0,0,NaN,0,0,42,94,59,79,60,73,68,55,64,47,62,45,49,51,40,55,25,64,21,70,13,98,29,111,26,153,64,168,128,188,168,223,264,210,341,254,486,436,631,470,698,649,803,691,777,739,671,769,626,829,439,609,625,598,386,436,835,1000,776,510,522,364,518,308,396,236,310,178,202,166,157,167,106,138,90,129,50,110,43,91,26,80,32,57,35
64,170,1,2,119,0,1953125,12,0,0,0.97,0,0,NaN,0,0,383,337,396,350,392,350,400,367,395,358,394,365,394,354,377,350,387,337,363,312,383,314,356,276,388,293,379,273,380,338,365,353,409,444,352,492,339,748,322,797,318,962,331,991,304,986,275,955,310,1000,136,687,546,670,458,508,865,986,644,603,516,401,582,371,514,269,491,202,482,186,462,200,443,224,423,233,409,249,390,249,372,254,362,254,339
