64,170,2,2,119,0,1953125,12,0,0,0.97,0,0,NaN,0,0,45,46,35,42,39,58,20,48,22,49,21,47,27,40,18,27,39,41,47,53,37,55,34,54,41,73,65,64,91,142,36,119,179,299,183,45,118,294,258,348,384,345,242,449,754,816,901,759,926,968,862,733,660,871,999,763,271,100,343,455,483,498,358,284,260,240,232,11,129,187,200,52,102,94,107,30,84,81,54,28,50,47,25,49,58
64,170,2,2,119,0,1953125,12,0,0,0.98,0,0,NaN,0,0,30,44,19,37,25,48,11,41,12,42,11,36,25,39,8,23,35,42,27,42,37,61,26,42,34,69,59,51,67,105,20,82,93,171,43,47,62,216,209,342,384,347,204,301,596,743,843,549,308,255,324,439,468,652,999,817,451,201,576,664,687,552,301,261,254,185,146,78,117,103,126,51,92,38,74,18,67,31,43,9,38,17,30,22,36
64,170,2,2,119,0,1953125,12,0,7600,2.32,0,0,NaN,0,0,27,30,32,11,13,22,23,12,5,24,19,6,12,25,23,5,21,41,26,1,22,54,55,15,24,27,84,50,49,87,98,76,69,185,42,163,207,121,145,266,431,399,268,274,504,477,282,244,244,369,473,508,377,262,1000,833,287,578,457,658,708,586,378,218,164,110,99,52,134,23,100,22,77,42,33,36,47,59,18,26,27,47,17,6,26
64,170,2,2,119,0,1953125,12,0,7600,2.32,0,0,NaN,0,0,27,30,32,11,13,22,23,12,5,24,19,6,12,25,23,5,21,41,26,1,22,54,55,15,24,27,84,50,49,87,98,76,69,185,42,163,207,121,145,266,431,399,268,274,504,477,282,244,244,369,473,508,377,262,1000,833,287,578,457,658,708,586,378,218,164,110,99,52,134,23,100,22,77,42,33,36,47,59,18,26,27,47,17,6,26
64,170,2,2,119,0,1953125,12,0,7601,2.32,0,0,NaN,0,0,34,49,17,36,30,45,14,28,25,36,18,17,31,22,19,26,50,20,50,43,52,47,67,91,83,64,77,122,115,104,123,118,123,78,111,109,131,23,39,175,175,303,270,106,103,319,399,354,316,115,74,234,407,492,696,915,999,928,882,451,266,80,220,133,134,109,28,80,78,30,51,50,72,21,44,38,23,34,24,28,22,16,9,25,3
64,170,2,2,119,0,1953125,12,0,0,0.67,0,0,NaN,0,0,273,264,238,257,269,240,234,266,255,222,241,266,234,215,249,254,208,220,245,225,197,229,219,196,219,231,171,141,235,197,153,155,209,153,129,170,146,105,308,71,351,279,534,194,514,595,749,497,439,511,647,497,760,999,986,331,692,771,544,92,623,596,116,233,278,407,170,145,263,278,126,155,219,218,96,179,202,141,115,176,156,105,135,160,115
64,170,2,2,119,0,1953125,12,0,0,0.67,0,0,NaN,0,0,273,264,238,257,269,240,234,266,255,222,241,266,234,215,249,254,208,220,245,225,197,229,219,196,219,231,171,141,235,197,153,155,209,153,129,170,146,105,308,71,351,279,534,194,514,595,749,497,439,511,647,497,760,999,986,331,692,771,544,92,623,596,116,233,278,407,170,145,263,278,126,155,219,218,96,179,202,141,115,176,156,105,135,160,115
64,170,2,2,119,0,1953125,12,0,0,0.69,0,0,NaN,0,0,63,53,42,62,62,42,47,69,55,37,57,69,43,45,70,51,30,69,70,24,38,82,64,7,46,81,68,39,46,52,51,45,86,57,57,121,113,124,64,116,233,284,316,66,483,611,677,510,496,518,385,493,777,741,696,484,1000,735,330,207,642,541,280,144,182,251,160,96,108,122,69,80,66,33,32,59,58,28,44,59,35,32,56,48,14
64,170,2,2,119,0,1953125,12,0,6704,2.17,0,0,NaN,0,0,55,51,24,33,39,45,19,26,29,45,18,19,29,38,20,20,29,49,28,30,48,78,30,48,33,107,72,62,29,175,71,21,119,191,101,236,234,303,304,596,459,561,621,649,596,636,712,487,194,442,264,539,706,137,1000,700,766,742,371,381,551,644,74,191,165,131,66,55,109,87,68,23,59,35,45,48,34,27,18,50,27,21,7,13,36
64,170,2,2,119,0,1953125,12,0,0,0.97,0,0,NaN,0,0,332,347,341,318,300,262,273,249,223,180,170,151,145,119,101,122,159,182,183,197,261,304,306,308,343,420,424,443,424,468,494,614,464,503,439,499,521,641,262,569,524,577,510,620,170,772,677,159,770,541,427,582,500,352,589,1000,211,482,212,591,790,543,403,348,444,479,399,299,355,389,395,338,263,232,296,286,248,170,141,187,170,125,84,36,63
64,170,2,2,119,0,1953125,12,0,0,0.67,0,0,NaN,0,0,21,45,43,14,35,55,37,12,48,53,22,31,58,46,11,46,58,33,30,60,53,19,62,63,31,63,117,93,29,112,136,94,28,112,135,92,131,294,228,143,141,411,354,135,499,739,647,431,596,760,371,439,1000,668,588,395,853,724,371,249,508,417,161,62,240,244,136,29,179,176,47,46,117,113,19,84,110,65,35,90,80,29,60,87,56
64,170,2,2,119,0,1953125,12,0,0,0.67,0,0,NaN,0,0,29,54,53,25,42,62,44,21,55,60,31,36,63,55,23,51,66,44,37,67,58,26,77,76,30,56,132,119,26,106,158,126,55,178,128,80,64,274,294,88,81,397,317,162,537,827,537,323,704,879,229,467,1000,840,687,425,566,682,658,370,657,477,100,107,193,294,142,32,162,169,67,28,128,115,24,80,113,71,34,90,82,35,60,90,59
64,170,2,2,119,0,1953125,12,0,0,0.66,0,0,NaN,0,0,54,76,94,68,58,94,95,58,73,100,83,52,87,98,66,65,103,80,59,90,108,55,80,129,89,28,134,169,102,45,189,177,115,148,221,120,130,234,280,80,61,354,373,203,415,882,777,213,501,1000,471,440,756,810,807,395,788,787,572,503,749,577,129,183,281,321,153,12,206,193,82,65,168,140,39,116,144,80,62,122,112,52,85,116,77
64,170,2,2,119,0,1953125,12,0,0,0.66,0,0,NaN,0,0,58,63,89,76,51,78,93,68,60,90,88,53,74,95,75,53,88,85,55,72,102,63,56,116,95,34,96,158,111,18,165,149,135,105,217,98,91,160,266,155,116,263,415,218,303,768,843,427,414,824,567,292,377,926,1000,220,670,983,707,475,797,700,104,203,221,413,235,40,232,271,133,99,199,208,91,143,195,146,96,159,170,109,116,164,140
64,170,2,2,119,0,1953125,12,0,0,0.67,0,0,NaN,0,0,25,42,36,16,36,47,28,19,45,46,17,34,54,35,22,46,51,24,44,55,41,38,74,71,3,79,144,110,23,138,175,112,97,280,263,21,4,266,259,87,275,357,446,119,396,748,738,561,855,839,260,115,300,737,1000,525,647,993,623,507,694,778,127,194,178,311,190,84,161,213,78,61,104,128,49,76,120,84,38,89,90,54,54,91,75
64,170,2,2,119,0,1953125,12,0,0,0.67,0,0,NaN,0,0,20,46,47,21,34,57,41,17,47,56,26,33,58,45,22,45,65,32,33,54,58,23,71,79,24,30,117,119,18,117,154,114,89,200,216,70,52,249,182,51,96,264,414,133,228,535,615,368,536,672,309,290,423,849,668,559,1000,948,580,444,767,764,134,67,202,317,155,30,173,212,74,55,117,123,34,80,118,72,33,92,92,35,58,93,67
64,170,2,2,119,0,1953125,12,0,0,0.96,0,0,NaN,0,0,30,44,51,26,41,23,44,19,48,12,37,19,44,21,49,49,65,15,48,47,84,30,99,48,94,28,115,87,83,38,78,133,69,138,215,127,161,219,211,70,67,174,164,136,427,664,810,532,248,249,594,544,652,587,515,687,862,1000,534,353,544,830,706,443,278,183,268,149,90,74,140,105,100,121,93,104,59,110,72,93,58,75,56,66,65
64,170,2,2,119,0,1953125,12,0,0,0.97,0,0,NaN,0,0,32,47,31,50,19,48,19,53,6,43,18,40,20,47,27,29,23,38,35,41,40,58,29,50,41,72,51,115,20,104,79,149,24,221,315,451,332,80,230,424,399,29,266,401,348,141,563,794,1000,797,557,394,120,652,792,855,595,347,237,351,170,116,209,327,251,141,196,159,156,4,122,86,103,26,103,68,65,51,81,69,31,40,41,40,31
64,170,2,2,119,0,1953125,12,0,7656,2.33,0,0,NaN,0,0,41,22,8,23,39,30,8,22,25,29,17,24,14,22,21,42,40,24,32,56,33,17,18,37,104,34,43,87,83,136,200,122,75,226,163,253,459,479,97,104,404,370,263,674,240,259,227,1000,655,877,683,984,967,249,613,546,332,354,712,616,491,530,426,371,364,210,202,65,75,46,119,7,63,21,63,32,38,23,39,43,3,11,21,24,12
64,170,2,2,119,0,1953125,12,0,7590,2.32,0,0,NaN,0,0,25,37,34,53,15,35,28,35,17,23,25,38,6,7,29,7,26,25,52,14,28,37,44,63,64,89,84,77,101,141,150,86,140,344,363,256,191,114,309,358,436,227,94,147,207,124,232,223,340,409,323,405,358,430,632,788,1000,932,949,806,564,417,115,126,272,216,129,102,101,93,58,76,83,88,31,5,40,14,73,50,44,5,52,45,46
64,170,2,2,119,0,1953125,12,0,0,0.88,0,0,NaN,0,0,409,383,322,309,277,321,327,288,253,202,125,115,134,130,125,87,95,156,206,287,292,274,303,332,360,439,511,546,469,535,475,572,743,548,629,661,672,664,450,801,534,755,680,575,524,606,402,559,738,575,518,662,429,345,931,671,321,946,512,1000,589,362,653,565,303,422,405,457,422,363,375,337,288,303,282,296,289,216,222,205,155,171,136,127,105
64,170,2,2,119,0,1953125,12,0,0,0.87,0,0,NaN,0,0,42,26,58,13,48,40,22,48,10,52,30,32,30,35,44,43,60,30,58,32,54,74,41,98,47,78,98,83,138,32,78,55,161,254,319,387,402,122,322,337,324,326,281,195,286,694,951,1000,778,291,242,432,469,844,866,641,611,480,378,521,514,645,616,403,249,9,155,191,147,194,116,106,131,82,140,81,76,91,65,94,58,59,72,39,67
64,170,2,2,119,0,1953125,12,0,0,0.87,0,0,NaN,0,0,38,33,56,9,51,31,31,41,12,48,21,35,25,34,43,42,57,29,59,20,54,61,40,85,32,81,73,82,105,43,72,43,191,288,220,275,218,87,311,348,345,404,127,154,367,721,935,976,761,303,89,467,530,895,874,1000,750,289,314,412,462,665,587,415,248,28,140,174,143,185,100,138,128,102,143,64,84,84,69,96,48,69,65,40,69
64,170,2,2,119,0,1953125,12,0,6828,2.19,0,0,NaN,0,0,27,23,15,10,13,28,23,6,8,24,13,2,15,18,19,11,24,28,9,28,36,18,6,7,67,13,49,34,20,81,97,22,85,133,190,95,157,86,93,229,193,279,117,245,227,269,371,715,204,270,149,177,336,847,394,704,1000,742,650,423,256,637,333,292,182,143,103,28,49,36,26,32,36,26,25,14,21,16,21,16,2,5,7,5,9
64,170,2,2,119,0,1953125,12,0,0,0.98,0,0,NaN,0,0,407,441,450,432,358,357,346,332,286,215,203,207,198,111,131,185,231,210,246,289,377,369,384,454,498,548,476,535,637,629,625,506,698,658,535,771,438,595,728,417,537,695,688,573,613,1000,432,854,592,700,768,675,561,729,898,762,367,443,633,680,395,364,694,573,443,489,468,444,514,429,442,394,380,390,354,339,305,267,251,243,192,159,118,114,89
64,170,2,2,119,0,1953125,12,0,6967,2.22,0,0,NaN,0,0,34,27,25,24,26,26,12,16,20,17,8,13,10,14,5,20,21,28,22,42,36,29,28,28,58,61,62,38,45,34,64,24,44,214,289,184,287,124,441,318,482,294,254,379,358,235,651,728,225,192,1000,587,324,236,264,428,367,125,216,368,387,479,366,270,162,93,75,70,94,103,123,14,47,40,71,24,23,12,45,45,2,22,38,29,9
64,170,2,2,119,0,1953125,12,0,7782,2.36,0,0,NaN,0,0,51,17,39,22,30,40,17,14,33,26,18,10,15,25,6,17,47,11,41,49,11,58,21,27,102,56,21,66,64,50,26,32,84,51,131,50,35,147,189,60,17,144,90,96,306,601,780,1000,863,611,223,194,241,273,296,128,309,430,310,184,94,62,82,70,117,86,100,26,67,16,75,101,27,39,46,16,50,4,9,33,29,52,31,13,36
64,170,2,2,119,0,1953125,12,0,7958,2.39,0,0,NaN,0,0,25,37,37,60,41,19,50,52,32,17,34,30,45,27,32,37,37,21,44,91,27,48,61,101,48,101,127,138,89,163,261,256,15,88,228,189,72,140,338,277,249,183,224,347,690,960,950,1000,808,702,741,663,477,508,479,711,663,637,586,358,243,131,157,109,159,51,125,99,137,119,65,22,70,42,77,25,47,13,56,31,23,58,67,23,5
64,170,1,2,119,0,1953125,12,0,7740,2.35,0,0,NaN,0,0,32,38,37,12,36,43,11,29,6,38,22,13,5,34,15,21,4,38,18,20,30,54,14,51,46,29,31,58,49,52,120,56,49,36,121,147,143,212,133,37,59,210,286,323,425,550,525,562,580,570,505,501,323,116,310,673,997,1000,930,668,312,217,263,340,192,133,75,163,119,13,38,114,84,10,31,81,46,27,20,49,33,29,38,42,27
64,170,2,2,119,0,1953125,12,0,7012,2.22,0,0,NaN,0,0,57,45,52,26,75,36,38,22,56,64,6,18,44,84,55,46,20,58,54,70,80,23,42,24,85,49,76,60,149,199,102,67,83,159,122,111,132,43,161,98,108,69,322,586,730,971,1000,925,815,613,355,199,53,230,316,623,786,808,831,657,383,207,39,215,194,180,132,44,126,123,187,114,77,100,80,117,47,38,54,109,118,67,49,38,77
64,170,2,2,119,0,1953125,12,0,0,0.68,0,0,NaN,0,0,58,54,54,48,43,56,57,50,42,46,57,60,49,66,54,47,61,52,65,50,50,72,52,93,72,64,105,85,124,73,126,81,210,182,194,82,200,197,234,243,214,170,86,237,228,271,159,519,670,234,508,611,691,1000,376,716,737,410,437,232,121,126,61,38,78,58,122,38,32,39,81,51,65,45,73,81,84,79,91,108,86,81,87,96,97
64,170,2,2,119,0,1953125,12,0,7916,2.38,0,0,NaN,0,0,28,14,19,31,28,10,19,24,20,7,10,20,13,1,11,20,16,10,28,34,39,21,22,35,73,29,49,20,68,37,28,5,68,71,182,257,27,96,161,231,175,236,358,512,201,48,194,229,316,322,1000,402,724,320,671,697,770,789,479,355,264,200,493,286,187,80,99,92,55,64,97,72,38,32,57,32,28,39,30,33,14,22,34,33,14
64,170,2,2,119,0,1953125,12,0,7729,2.35,0,0,NaN,0,0,78,17,54,3,71,27,41,4,56,24,29,7,36,14,20,22,42,16,39,40,84,29,35,20,70,76,14,69,120,54,120,168,111,229,185,106,192,145,211,364,392,490,306,50,361,786,1000,900,625,190,371,576,731,587,252,305,537,578,541,504,347,288,109,99,141,242,131,95,20,106,51,97,52,65,23,87,62,61,36,60,55,52,40,43,45
64,170,2,2,119,0,1953125,12,0,7676,2.34,0,0,NaN,0,0,60,12,63,11,59,5,58,6,55,6,40,14,32,21,23,29,19,25,27,29,35,44,64,83,62,97,46,92,58,67,188,251,167,216,75,35,100,15,209,266,485,532,359,145,340,701,925,1000,589,302,513,801,703,457,272,482,568,601,453,408,346,265,140,163,223,271,235,96,80,66,69,84,76,45,29,61,39,66,34,31,30,74,52,53,40
64,170,2,2,119,0,1953125,12,0,0,0.7,0,0,NaN,0,0,551,570,544,541,547,551,556,555,556,568,555,558,572,558,552,547,538,536,550,529,507,476,483,434,455,453,432,451,393,402,336,312,244,476,334,296,465,225,193,194,218,230,398,427,298,113,548,517,352,371,535,130,691,1000,695,449,259,736,811,610,399,137,282,442,352,364,371,367,346,359,331,373,394,385,398,375,347,334,359,364,413,397,425,416,448
64,170,2,2,119,0,1953125,12,0,7696,2.34,0,0,NaN,0,0,44,28,21,22,31,42,9,31,29,28,7,13,16,27,17,15,21,39,9,39,33,19,47,12,41,30,71,55,62,60,80,80,102,151,293,240,92,394,401,437,303,346,290,580,317,519,359,958,424,427,1000,332,918,123,989,841,821,176,321,512,253,393,72,256,143,206,73,50,47,104,68,27,16,41,32,9,22,22,23,22,19,10,11,26,22
64,170,2,2,119,0,1953125,12,0,7681,2.34,0,0,NaN,0,0,22,68,49,21,15,58,31,30,20,51,20,39,39,45,28,31,44,44,49,24,40,79,89,39,46,81,111,8,2,157,194,101,113,92,55,235,300,291,266,111,187,253,243,175,297,393,495,464,460,443,296,393,643,649,475,101,648,840,1000,761,423,242,104,44,150,113,136,73,54,47,11,53,71,33,43,86,98,11,43,69,71,10,56,60,37
64,170,2,2,119,0,1953125,12,0,7561,2.32,0,0,NaN,0,0,46,22,62,19,41,17,55,20,30,9,38,9,14,37,49,18,18,46,45,20,11,80,60,32,11,89,53,69,53,108,120,68,71,218,186,237,318,231,263,259,194,147,180,233,277,260,312,339,315,319,229,316,474,415,340,298,760,860,999,857,523,334,180,93,143,138,123,138,66,120,46,76,9,80,37,36,47,43,13,13,47,23,21,31,51
64,170,2,2,119,0,1953125,12,0,8016,2.4,0,0,NaN,0,0,53,17,65,19,84,6,45,32,33,39,20,40,22,29,20,26,56,22,23,38,22,71,38,36,93,66,72,14,95,71,155,188,186,69,139,353,362,466,353,169,133,228,175,87,223,360,358,338,158,72,111,273,495,540,271,366,810,1000,886,709,485,392,412,265,143,87,20,82,40,86,36,59,10,52,42,15,58,21,46,6,34,17,27,24,19
64,170,2,2,119,0,1953125,12,0,0,0.7,0,0,NaN,0,0,276,254,245,221,227,224,219,189,164,160,119,107,83,41,36,7,36,72,91,118,153,178,228,243,309,303,342,372,345,395,448,512,404,460,605,601,361,745,622,659,695,785,617,664,512,719,1000,520,593,573,678,486,953,582,418,310,821,321,378,854,485,236,515,535,339,336,327,307,305,332,265,259,221,259,246,242,266,257,223,259,221,231,201,211,168
64,170,2,2,119,0,1953125,12,0,0,0.71,0,0,NaN,0,0,150,137,152,153,136,144,155,137,139,150,134,132,146,136,121,140,134,115,134,132,107,133,129,105,123,149,94,96,168,112,83,173,190,65,162,200,164,132,307,139,99,125,224,65,121,180,255,219,358,190,293,583,494,378,718,1000,469,134,302,343,186,42,233,263,53,155,132,62,88,127,56,28,102,81,46,94,85,59,97,98,61,90,105,74,75
64,170,2,2,119,0,1953125,12,0,0,0.7,0,0,NaN,0,0,159,157,172,157,146,162,155,135,151,153,124,135,151,124,119,144,128,105,141,137,93,142,148,102,118,183,119,79,183,163,71,143,217,141,103,222,221,45,305,253,104,107,217,170,203,42,318,264,324,344,427,544,486,499,750,1000,626,146,228,388,200,61,201,346,107,124,192,182,26,134,158,100,46,134,94,41,88,90,36,74,80,42,55,82,52
64,170,2,2,119,0,1953125,12,0,0,0.69,0,0,NaN,0,0,20,38,37,14,27,40,26,14,42,46,18,26,49,38,11,42,54,27,26,62,56,5,58,67,38,39,87,85,30,81,106,88,37,117,165,72,43,187,217,136,94,94,96,90,55,100,153,283,328,256,464,732,520,427,868,1000,580,233,286,350,131,22,181,294,126,85,137,168,66,63,126,131,49,68,112,79,25,78,96,48,49,92,82,35,72
64,170,2,2,119,0,1953125,12,0,0,0.69,0,0,NaN,0,0,20,41,47,26,26,49,40,12,38,55,34,19,52,53,17,38,62,45,14,62,74,22,50,78,61,18,80,101,54,63,118,110,61,103,197,106,13,158,226,125,103,85,137,107,71,52,174,306,380,341,580,823,602,527,1000,985,571,194,363,412,117,17,170,287,159,78,135,177,89,54,121,134,65,58,114,89,24,76,103,57,41,92,92,39,64
64,170,2,2,119,0,1953125,12,0,0,0.69,0,0,NaN,0,0,44,24,28,44,36,18,39,48,26,22,50,45,15,39,56,35,25,57,57,19,46,80,41,32,70,92,24,44,105,87,24,80,125,89,108,167,69,57,164,194,25,33,111,161,55,60,214,368,311,351,573,761,488,574,1000,809,393,231,412,317,67,69,158,182,135,111,85,94,81,82,65,62,58,54,48,45,40,30,36,44,31,21,42,45,19
64,170,2,2,119,0,1953125,12,0,0,0.69,0,0,NaN,0,0,168,183,196,168,164,191,170,143,173,174,134,149,170,132,125,161,138,103,144,149,94,130,164,94,105,169,144,83,150,202,86,105,181,166,49,248,130,101,189,275,29,187,176,192,97,259,377,376,365,598,704,705,696,716,1000,749,611,265,417,509,199,91,156,273,174,121,202,229,77,130,198,149,39,146,155,67,88,133,84,52,109,94,26,84,92
64,170,2,2,119,0,1953125,12,0,0,0.69,0,0,NaN,0,0,168,183,196,168,164,191,170,143,173,174,134,149,170,132,125,161,138,103,144,149,94,130,164,94,105,169,144,83,150,202,86,105,181,166,49,248,130,101,189,275,29,187,176,192,97,259,377,376,365,598,704,705,696,716,1000,749,611,265,417,509,199,91,156,273,174,121,202,229,77,130,198,149,39,146,155,67,88,133,84,52,109,94,26,84,92
64,170,2,2,119,0,1953125,12,0,0,0.71,0,0,NaN,0,0,24,27,50,38,8,36,48,21,19,42,31,3,32,36,20,17,29,31,21,16,34,24,11,18,62,40,34,104,106,67,120,181,133,114,247,134,73,93,289,147,110,83,276,122,72,226,356,473,605,618,743,986,858,765,1000,886,531,272,413,583,405,289,259,196,229,238,241,204,124,111,151,102,23,62,103,43,42,89,72,7,63,77,38,29,65
64,170,2,2,119,0,1953125,12,0,169,1.05,0,0,NaN,0,0,48,31,19,44,25,42,6,33,21,40,15,16,31,18,23,17,38,19,26,46,31,44,23,84,20,91,38,84,87,114,139,108,133,198,339,268,218,244,383,257,224,298,464,364,235,420,602,425,55,502,1000,897,365,305,454,343,318,333,559,555,626,452,436,219,214,116,183,7,80,58,83,49,30,46,10,84,30,56,36,67,12,35,47,44,21
64,170,2,2,119,0,1953125,12,0,7651,2.33,0,0,NaN,0,0,25,9,24,8,21,14,13,4,16,9,2,8,5,6,3,11,15,15,13,16,16,53,16,29,8,60,30,36,40,106,30,44,73,166,174,157,210,274,216,120,258,238,164,371,125,170,304,199,116,172,1000,993,517,674,564,293,288,283,616,550,683,271,141,206,149,143,73,37,44,79,20,65,36,55,23,49,41,33,31,20,34,26,17,14,25
64,170,1,2,119,0,1953125,12,0,7506,2.31,0,0,NaN,0,0,14,82,25,54,5,79,27,45,5,60,21,21,34,58,26,38,44,51,23,14,69,36,68,37,76,13,136,103,160,122,65,40,108,78,290,323,294,259,89,235,408,543,391,348,412,513,650,724,489,195,220,556,617,588,677,860,961,1000,847,534,380,214,287,183,228,53,96,74,176,57,84,35,124,36,61,25,86,17,44,35,68,26,52,55,64
64,170,2,2,119,0,1953125,12,0,7631,2.33,0,0,NaN,0,0,43,40,47,7,39,34,48,10,20,37,35,14,3,29,19,19,46,33,32,24,59,36,55,30,68,39,68,31,46,120,148,44,52,111,45,229,258,347,246,90,215,412,390,254,265,338,346,455,483,438,486,432,185,302,714,1000,966,813,553,457,309,206,60,139,72,48,58,147,55,55,16,78,17,38,5,43,43,12,15,27,35,14,38,48,37
64,170,1,2,119,0,1953125,12,0,6092,2.07,0,0,NaN,0,0,49,58,30,39,48,49,27,29,31,35,37,19,30,42,21,19,38,41,42,26,43,56,34,54,49,104,61,40,55,111,99,31,113,106,240,193,174,361,261,118,228,344,405,386,150,472,950,692,479,167,1000,900,450,621,384,646,65,590,703,548,640,379,392,400,184,176,59,76,29,76,94,46,38,29,24,21,27,19,18,28,17,20,20,19,26
64,170,1,2,119,0,1953125,12,0,6092,2.07,0,0,NaN,0,0,49,58,30,39,48,49,27,29,31,35,37,19,30,42,21,19,38,41,42,26,43,56,34,54,49,104,61,40,55,111,99,31,113,106,240,193,174,361,261,118,228,344,405,386,150,472,950,692,479,167,1000,900,450,621,384,646,65,590,703,548,640,379,392,400,184,176,59,76,29,76,94,46,38,29,24,21,27,19,18,28,17,20,20,19,26
64,170,1,2,119,0,1953125,12,0,0,0.7,0,0,NaN,0,0,926,919,907,894,888,874,854,856,841,827,826,815,814,804,798,797,785,781,775,772,776,788,768,770,759,780,752,760,761,762,747,781,860,726,774,736,837,686,590,684,824,412,504,476,695,564,710,764,848,567,813,555,242,842,830,88,703,1000,511,722,461,572,531,518,497,599,612,529,578,557,558,535,533,534,515,490,489,481,471,460,438,435,419,401,396
64,170,1,2,119,0,1953125,12,0,7446,2.3,0,0,NaN,0,0,38,29,19,29,24,22,6,21,17,12,8,21,21,21,5,31,32,28,30,41,44,31,17,49,43,42,9,66,25,30,49,63,107,51,43,78,227,139,286,180,382,331,443,381,170,638,1000,803,601,174,644,174,377,995,291,477,184,284,349,90,461,113,394,193,222,159,124,36,110,69,121,51,90,45,67,59,56,30,36,53,37,17,28,30,31
64,170,1,2,119,0,1953125,12,0,7555,2.32,0,0,NaN,0,0,58,38,34,52,48,33,18,28,25,44,3,9,42,32,24,14,59,20,13,49,44,44,41,64,83,57,27,84,50,67,34,10,177,189,163,188,94,164,136,193,331,290,190,360,570,534,309,141,92,123,382,565,721,529,167,277,808,990,1000,815,371,73,287,322,208,104,111,146,62,55,79,42,25,21,74,53,23,42,23,47,42,31,12,63,53
64,170,1,2,119,0,1953125,12,0,7475,2.3,0,0,NaN,0,0,39,36,29,31,24,30,43,8,28,25,22,9,23,9,30,9,29,26,8,28,13,42,49,7,76,63,38,54,48,52,68,77,88,131,71,160,81,77,149,178,107,133,268,380,453,539,353,267,243,247,354,550,537,491,302,213,587,959,1000,854,600,161,113,239,245,52,105,114,159,28,58,30,59,36,82,47,55,25,49,21,22,24,35,12,12
64,170,2,2,119,0,1953125,12,0,0,0.98,0,0,NaN,0,0,378,378,396,394,324,298,296,302,257,210,164,191,169,125,114,163,188,171,196,293,296,337,333,372,436,448,479,459,492,540,584,506,574,450,598,729,514,707,639,454,576,621,415,497,756,516,573,856,249,538,462,209,917,838,60,507,994,326,852,1000,114,399,656,519,410,427,467,420,391,381,369,388,361,297,334,292,295,224,207,206,166,141,111,88,82
64,170,1,2,119,0,1953125,12,0,0,0.98,0,0,NaN,0,0,26,64,48,40,34,52,46,41,51,40,35,41,52,38,20,54,35,49,31,77,39,48,30,61,62,64,33,78,31,137,123,95,110,176,162,136,252,215,282,215,552,583,606,476,468,502,629,711,630,523,551,401,542,791,119,324,786,1000,681,166,393,618,648,431,385,188,187,34,218,148,196,69,179,104,87,32,114,73,55,49,63,37,57,56,45
64,170,1,2,119,0,1953125,12,0,0,0.98,0,0,NaN,0,0,51,8,51,25,58,23,40,8,57,35,28,13,51,24,31,23,49,7,56,33,60,20,65,25,37,65,94,17,84,40,151,22,130,79,181,84,266,243,249,181,442,572,483,439,250,395,423,601,450,274,476,572,640,1000,492,43,488,689,597,101,337,481,609,389,289,148,93,46,197,174,115,85,96,110,22,48,66,80,6,47,35,34,23,48,28
64,170,1,2,119,0,1953125,12,0,0,0.98,0,0,NaN,0,0,33,16,44,25,40,5,37,12,43,14,22,9,39,12,20,20,37,10,29,34,51,20,30,5,38,69,65,43,57,42,94,46,75,153,190,127,234,204,257,115,280,376,419,312,141,140,247,376,289,147,282,470,530,1000,597,182,222,557,504,165,180,357,440,259,237,91,111,27,162,125,115,51,87,71,46,29,64,67,19,26,31,31,19,34,25
64,170,1,2,119,0,1953125,12,0,0,0.98,0,0,NaN,0,0,177,218,168,204,173,228,177,210,168,230,188,214,159,223,178,216,160,202,151,217,161,166,144,181,166,172,78,222,121,186,85,168,173,342,111,389,70,414,144,339,120,587,455,408,247,284,177,641,363,271,183,553,483,1000,821,108,307,638,741,205,201,343,510,218,338,56,217,72,230,68,231,64,180,29,174,72,181,43,143,74,148,73,120,60,125
64,170,1,2,119,0,1953125,12,0,6112,2.07,0,0,NaN,0,0,23,26,17,17,27,21,17,12,18,18,6,4,14,11,6,10,12,9,17,8,14,43,9,48,18,62,65,28,63,52,48,47,120,118,107,184,134,182,154,146,146,269,414,376,86,228,330,599,264,215,355,325,271,1000,515,203,273,354,512,204,123,122,342,164,99,66,113,16,42,51,47,38,28,10,26,26,11,6,1,14,15,5,7,9,8
64,170,1,2,119,0,1953125,12,0,7304,2.27,0,0,NaN,0,0,28,34,25,34,40,20,23,53,16,22,33,11,32,18,26,13,37,39,13,46,12,14,34,65,47,14,98,35,69,103,87,75,91,173,85,87,102,148,101,140,287,378,496,563,348,237,116,325,498,390,184,150,262,146,680,1000,794,281,629,704,301,137,110,40,18,113,54,58,91,26,48,39,59,67,61,64,45,57,32,42,39,12,51,13,41
64,170,1,2,119,0,1953125,12,0,6808,2.19,0,0,NaN,0,0,45,50,16,94,76,17,26,60,74,21,21,55,58,16,29,59,47,23,33,73,86,39,85,66,95,39,150,42,168,145,145,189,82,232,129,203,98,134,139,265,286,432,719,812,947,845,442,214,383,531,453,351,204,585,854,888,1000,648,607,658,635,735,478,274,128,190,246,106,91,78,152,60,64,26,137,103,59,41,70,103,52,40,33,95,86
64,170,1,2,119,0,1953125,12,0,7826,2.36,0,0,NaN,0,0,23,33,43,54,26,19,51,44,30,23,37,20,33,32,22,48,9,45,72,30,46,72,53,63,52,18,38,106,54,66,61,111,173,252,183,247,88,123,77,18,95,313,603,868,656,466,270,338,539,466,131,618,877,437,344,942,1000,352,646,954,676,181,10,126,314,175,50,149,123,105,47,40,91,47,80,44,22,80,34,65,54,31,70,30,18
64,170,1,2,119,0,1953125,12,0,7947,2.38,0,0,NaN,0,0,74,12,70,21,72,15,46,26,47,20,22,52,32,37,43,84,28,54,27,61,46,18,46,39,124,53,74,72,127,32,114,42,139,260,240,333,179,110,160,219,136,483,677,919,796,661,590,463,416,177,382,475,720,658,507,448,654,946,1000,911,625,303,281,330,171,164,76,32,60,49,76,73,67,62,42,36,35,40,92,32,61,57,83,62,82
64,170,1,2,119,0,1953125,12,0,7486,2.3,0,0,NaN,0,0,56,20,64,41,52,22,53,61,22,12,41,56,14,24,12,37,28,21,66,52,17,11,91,104,11,62,69,117,27,145,85,202,267,152,207,171,96,52,74,112,318,392,553,623,548,636,486,343,221,196,477,611,789,583,285,77,574,858,948,1000,882,564,370,298,191,35,57,24,126,107,7,38,61,86,48,25,60,35,38,27,31,41,19,37,48
64,170,1,2,119,0,1953125,12,0,7882,2.37,0,0,NaN,0,0,43,35,16,81,22,42,23,47,39,40,28,39,43,11,10,65,22,13,53,44,50,20,59,46,119,20,25,136,111,82,71,92,204,142,189,97,248,183,147,111,202,223,426,691,736,415,306,302,280,256,646,815,855,478,169,387,889,912,1000,941,706,490,276,224,230,18,151,103,91,82,67,35,29,97,11,89,56,44,61,68,35,20,58,20,36
64,170,1,2,119,0,1953125,12,0,7749,2.35,0,0,NaN,0,0,35,38,28,48,41,28,30,31,27,29,21,39,36,9,3,36,13,23,10,50,16,40,18,81,43,36,32,114,88,33,124,77,118,178,132,209,79,95,97,181,270,327,398,542,447,314,125,170,350,475,640,559,571,445,390,559,780,977,1000,923,732,354,145,137,191,98,147,72,151,70,73,37,63,57,13,23,27,22,43,14,41,27,56,35,24
64,170,1,2,119,0,1953125,12,0,7163,2.25,0,0,NaN,0,0,53,39,79,9,57,21,59,45,25,30,34,50,34,47,8,34,37,67,14,37,11,73,26,65,37,70,62,75,111,132,246,135,153,103,194,266,167,224,131,352,421,464,507,366,234,339,526,541,560,561,425,387,233,232,349,557,877,866,1000,947,720,634,415,254,169,23,71,87,140,32,98,45,105,75,37,49,78,115,57,70,40,71,66,37,31
64,170,1,2,119,0,1953125,12,0,7137,2.24,0,0,NaN,0,0,51,60,40,30,62,37,54,34,55,18,52,34,55,17,55,49,53,43,45,43,13,86,41,91,25,105,5,116,93,213,92,181,114,215,64,203,192,316,160,216,259,448,421,328,456,566,566,579,357,295,287,299,131,264,571,889,999,908,801,695,704,531,442,174,33,64,88,79,114,63,90,71,92,20,37,60,47,57,66,71,50,33,44,39,23
64,170,1,2,119,0,1953125,12,0,6285,2.1,0,0,NaN,0,0,34,104,51,70,89,34,83,16,80,63,21,29,48,86,42,73,21,58,40,62,88,43,67,35,142,71,107,117,92,248,115,165,149,122,292,185,316,283,58,229,293,708,814,842,1000,859,732,687,343,310,301,366,597,597,898,826,761,744,567,414,441,361,549,492,380,421,218,256,226,132,206,63,166,122,126,164,53,125,86,132,141,86,100,68,95
64,170,1,2,119,0,1953125,12,0,6274,2.1,0,0,NaN,0,0,65,48,60,31,42,53,48,29,19,49,22,32,20,55,10,37,42,58,20,23,46,39,63,19,62,60,145,7,81,113,224,41,66,157,252,79,166,221,347,46,179,496,704,601,647,548,608,369,227,225,260,106,465,680,1000,672,605,658,811,651,304,232,415,434,261,206,215,231,125,114,100,87,127,104,101,61,121,87,91,59,101,61,66,69,87
64,170,1,2,119,0,1953125,12,0,6237,2.09,0,0,NaN,0,0,56,22,47,23,61,19,39,14,56,14,32,24,57,16,15,38,39,7,10,51,17,41,23,65,36,94,48,85,57,123,62,75,124,172,110,89,144,253,172,67,234,450,477,500,377,451,346,168,81,280,204,241,579,923,999,783,457,404,576,526,356,33,187,231,203,98,181,150,157,47,89,30,62,73,93,33,58,57,61,24,48,53,36,28,46
64,170,1,2,119,0,1953125,12,0,7511,2.31,0,0,NaN,0,0,34,40,12,18,40,37,4,12,49,23,12,19,26,40,13,33,28,35,23,24,44,29,17,49,45,16,44,37,34,108,17,69,84,200,73,95,110,120,270,82,260,483,228,225,433,662,585,348,599,452,328,501,180,837,1000,416,247,492,334,184,64,299,197,49,91,17,105,22,31,86,32,44,25,41,26,65,26,32,33,46,20,37,48,17,56
64,170,1,2,119,0,1953125,12,0,7600,2.32,0,0,NaN,0,0,16,54,40,68,22,40,48,50,24,9,55,24,24,10,28,33,26,45,19,58,25,33,68,85,19,56,55,106,48,16,144,179,74,127,48,181,208,123,66,303,395,345,231,403,683,911,999,772,609,329,143,247,362,243,197,209,367,512,647,492,391,168,149,215,237,50,135,115,149,4,65,37,41,64,61,13,20,88,39,39,29,55,14,31,32
64,170,1,2,119,0,1953125,12,0,7511,2.31,0,0,NaN,0,0,29,59,19,73,41,38,7,64,20,45,16,47,15,58,52,63,1,27,34,41,51,35,74,72,24,50,6,88,96,15,14,122,139,96,169,170,259,147,127,347,501,344,133,421,813,947,1000,814,447,304,313,359,549,592,512,255,82,348,479,559,368,206,180,165,79,109,39,141,61,98,30,57,22,40,17,33,34,32,36,50,1,12,24,25,22
64,170,1,2,119,0,1953125,12,0,7425,2.29,0,0,NaN,0,0,62,26,64,4,46,30,88,28,44,23,69,28,29,21,34,7,22,64,23,35,23,89,63,31,86,97,45,72,103,109,81,141,148,152,106,217,125,133,288,444,465,413,211,466,785,999,887,731,501,347,482,707,822,989,881,517,215,263,510,612,548,278,117,127,113,38,79,153,154,70,102,81,97,31,71,63,69,29,39,38,19,40,41,24,16
64,170,1,2,119,0,1953125,12,0,4253,1.75,0,0,NaN,0,0,376,333,287,295,328,302,240,220,241,220,154,118,154,147,95,115,191,156,170,199,281,305,265,318,411,386,356,379,499,476,430,398,573,485,482,453,415,718,474,295,561,646,241,424,622,384,558,829,217,473,309,251,576,782,1000,170,530,310,548,650,468,379,483,331,447,388,428,345,331,338,315,334,300,269,260,244,226,197,162,140,138,125,91,52,57
64,170,2,2,119,0,1953125,12,0,6112,2.07,0,0,NaN,0,0,44,27,21,39,41,18,27,33,34,14,20,28,39,30,30,28,44,38,32,38,48,57,34,48,55,36,27,14,69,70,55,99,114,48,89,141,111,132,182,280,353,284,354,526,273,259,342,30,288,587,639,620,778,1000,579,261,522,496,713,577,39,235,151,116,74,97,29,122,50,59,32,89,15,33,37,67,30,37,47,43,23,39,27,36,35
64,170,2,2,119,0,1953125,12,0,7519,2.31,0,0,NaN,0,0,43,5,14,54,16,29,19,33,20,32,16,25,40,34,48,14,54,16,27,35,61,24,27,82,37,39,31,75,89,12,19,59,34,123,90,79,116,84,150,219,339,311,132,200,517,796,477,497,727,780,507,292,902,804,79,313,180,921,1000,461,139,205,251,138,51,95,92,102,33,79,42,68,23,54,66,59,33,31,81,38,72,29,57,30,49
64,170,2,2,119,0,1953125,12,0,0,0.88,0,0,NaN,0,0,268,264,256,226,200,196,185,175,168,151,116,85,70,64,69,87,87,94,126,150,182,211,248,244,273,249,303,343,345,391,386,388,335,329,383,522,449,560,324,397,534,470,207,497,544,309,584,856,200,410,491,453,864,629,536,96,1000,225,609,771,214,141,254,358,375,349,340,299,220,196,207,263,254,277,239,211,144,134,132,142,161,156,144,97,54
64,170,2,2,119,0,1953125,12,0,0,0.9,0,0,NaN,0,0,177,158,188,159,185,172,176,180,167,195,162,199,154,189,169,164,189,149,178,139,174,131,168,142,140,134,145,164,64,225,148,94,102,250,149,150,183,196,123,86,224,412,96,214,281,610,590,859,788,858,1000,648,345,205,205,460,443,669,401,397,237,195,194,230,318,83,188,66,133,127,90,122,50,141,76,127,88,107,100,83,106,82,114,56,105
64,170,2,2,119,0,1953125,12,0,7600,2.32,0,0,NaN,0,0,17,6,12,12,21,11,6,4,13,18,12,6,16,25,16,4,5,18,21,10,6,41,17,25,27,50,26,57,78,63,13,27,142,136,64,176,238,277,163,249,390,345,229,480,557,330,852,619,285,601,446,646,494,1000,525,821,413,480,512,298,464,367,325,328,309,167,125,24,91,96,120,12,74,40,66,27,36,42,41,34,19,32,39,17,31
64,170,2,2,119,0,1953125,12,0,4253,1.75,0,0,NaN,0,0,434,385,359,352,372,343,292,269,282,252,189,170,195,157,125,153,209,202,207,268,322,330,349,383,453,470,431,513,537,499,610,487,622,605,598,528,603,388,519,634,314,597,696,513,498,673,570,159,570,581,424,500,245,467,1000,893,666,965,675,108,541,452,607,425,428,455,447,330,376,427,373,321,314,354,331,242,238,240,225,170,146,125,133,86,37
64,170,2,2,119,0,1953125,12,0,7625,2.33,0,0,NaN,0,0,11,14,23,32,24,13,22,21,17,15,21,7,7,12,8,3,20,13,17,48,33,51,36,46,27,6,44,39,30,73,79,72,119,20,69,95,79,64,39,152,157,317,218,207,229,264,348,618,409,342,140,387,489,706,1000,568,393,556,959,247,393,156,150,48,164,39,101,27,14,111,28,33,42,64,13,13,26,34,9,29,5,34,3,18,16
64,170,2,2,119,0,1953125,12,0,0,0.98,0,0,NaN,0,0,336,341,368,362,319,269,281,273,262,181,160,187,160,111,110,143,170,162,179,233,305,324,294,339,416,441,419,436,483,505,567,427,616,506,605,482,512,492,424,602,531,436,663,405,331,483,852,167,394,625,462,548,458,870,412,495,1000,329,986,161,442,589,421,289,423,443,439,299,359,395,339,345,323,275,304,280,239,180,204,193,146,119,80,99,72
64,170,2,2,119,0,1953125,12,0,0,0.65,0,0,NaN,0,0,10,26,29,10,16,31,26,7,23,30,20,10,30,31,11,18,37,27,4,30,49,20,14,36,40,3,37,70,38,35,63,80,25,111,112,54,89,107,138,34,114,212,262,75,132,199,168,294,389,377,536,819,678,556,1000,864,309,215,533,461,60,72,205,234,77,66,78,149,91,41,61,103,60,30,61,78,40,38,70,63,19,45,69,53,19
