64,170,2,2,119,0,1953125,12,0,0,0.97,0,0,NaN,0,0,64,35,49,33,52,46,40,46,31,30,40,49,31,30,51,41,36,32,69,37,62,47,81,36,118,106,83,65,121,164,39,64,105,225,82,205,186,348,249,314,390,502,474,407,409,278,310,321,450,218,326,219,305,329,739,1000,829,603,33,354,396,305,99,262,250,218,88,166,186,66,58,116,159,36,59,61,92,5,79,57,47,16,67,46,19
64,170,2,2,119,0,1953125,12,0,0,0.98,0,0,NaN,0,0,290,234,276,248,301,246,289,241,310,258,297,235,305,256,311,220,287,244,317,215,269,218,305,221,267,177,305,203,311,98,324,203,346,59,377,139,498,144,534,68,630,261,632,314,609,266,482,242,614,236,451,76,373,178,855,1000,787,707,219,482,429,495,92,404,192,442,121,306,53,284,185,317,82,248,184,287,142,225,159,276,174,219,141,241,181
64,170,2,2,119,0,1953125,12,0,0,0.98,0,0,NaN,0,0,282,236,279,262,294,247,281,257,308,260,284,247,306,264,297,229,287,261,307,215,260,244,303,222,240,223,302,217,280,154,338,212,324,128,382,193,488,131,558,36,640,216,647,201,674,184,552,180,705,198,457,107,438,131,962,999,1000,731,270,428,539,505,132,349,291,461,110,270,127,289,202,295,88,269,199,274,138,221,186,274,167,208,161,245,183
64,170,2,2,119,0,1953125,12,0,0,0.97,0,0,NaN,0,0,49,44,37,40,36,46,33,50,19,35,33,50,23,32,46,43,30,40,65,49,54,62,66,49,98,116,62,71,96,172,43,79,94,234,104,183,196,325,285,239,365,387,395,298,407,296,313,260,417,227,193,84,174,268,675,999,818,587,169,422,441,340,164,247,303,234,140,91,175,54,56,93,159,58,60,52,90,22,69,62,43,14,56,55,17
64,170,2,2,119,0,1953125,12,0,0,0.97,0,0,NaN,0,0,36,51,28,51,20,46,20,56,11,36,28,53,18,37,42,48,23,48,52,52,45,75,50,60,79,129,45,86,78,169,57,87,89,216,126,184,222,299,304,224,374,344,380,278,377,266,276,248,384,236,263,186,259,363,662,1000,809,583,198,374,407,279,159,208,293,195,129,81,184,68,73,83,149,74,58,61,79,34,64,72,42,25,52,59,20
64,170,2,2,119,0,1953125,12,0,0,0.97,0,0,NaN,0,0,44,49,30,45,32,50,22,51,17,38,28,51,25,37,43,47,27,41,59,53,49,67,67,62,86,122,67,91,86,176,64,77,73,222,125,186,206,336,324,240,348,354,399,279,346,254,294,254,431,285,329,207,268,341,647,999,844,636,189,321,371,283,158,198,267,208,137,95,188,79,76,83,154,69,61,57,90,37,65,69,50,26,57,58,23
64,170,1,2,119,0,1953125,12,0,0,0.98,0,0,NaN,0,0,21,65,39,61,42,43,31,55,53,24,18,57,44,26,30,65,26,44,34,70,20,96,45,86,24,153,78,86,42,179,146,27,43,223,187,207,307,394,508,319,473,411,474,373,416,327,459,506,648,520,463,403,439,574,705,1000,836,616,365,223,295,196,175,169,288,186,147,75,216,83,50,60,151,74,54,61,100,39,64,63,37,3,64,59,5
64,170,1,2,119,0,1953125,12,0,0,0.98,0,0,NaN,0,0,21,65,39,61,42,43,31,55,53,24,18,57,44,26,30,65,26,44,34,70,20,96,45,86,24,153,78,86,42,179,146,27,43,223,187,207,307,394,508,319,473,411,474,373,416,327,459,506,648,520,463,403,439,574,705,1000,836,616,365,223,295,196,175,169,288,186,147,75,216,83,50,60,151,74,54,61,100,39,64,63,37,3,64,59,5
64,170,1,2,119,0,1953125,12,0,7646,2.33,0,0,NaN,0,0,36,33,28,27,35,31,18,17,29,18,13,13,15,10,6,28,11,15,3,16,46,30,40,30,57,33,62,70,15,45,87,73,73,108,67,123,69,302,500,407,386,317,322,583,439,239,531,496,827,420,889,310,163,502,1000,765,440,458,431,311,296,209,214,92,81,102,174,50,75,105,107,41,16,44,63,48,31,28,40,40,10,15,21,22,10
64,170,1,2,119,0,1953125,12,0,7655,2.33,0,0,NaN,0,0,86,114,115,34,62,106,85,29,33,104,41,36,53,66,57,77,132,70,90,75,173,25,189,112,203,68,243,157,319,102,210,119,73,172,336,121,117,439,645,454,541,337,449,229,245,445,707,400,202,457,758,1000,966,965,930,407,181,407,623,649,384,310,526,394,59,40,175,210,72,58,81,109,130,106,47,129,134,60,20,61,68,55,53,70,82
