64,170,2,2,119,0,1953125,12,0,7903,2.38,0,0,NaN,0,0,91,200,52,151,71,212,37,132,54,182,25,83,99,120,69,61,195,93,129,74,279,91,149,120,316,105,252,253,428,86,384,231,386,305,550,742,1000,494,531,39,533,453,800,377,441,344,810,781,499,566,858,516,423,233,303,648,736,902,886,247,576,627,938,436,178,264,644,297,252,115,387,137,240,135,245,102,177,79,119,65,215,119,111,50,130
64,170,2,2,119,0,1953125,12,0,0,0.96,0,0,NaN,0,0,295,283,290,284,302,292,292,296,297,306,288,309,287,313,281,314,267,322,256,319,237,334,217,322,199,351,184,312,207,321,153,385,193,326,208,390,335,234,362,292,411,203,438,316,443,189,398,290,844,287,631,162,1000,831,809,321,584,635,446,490,279,211,164,327,221,250,162,362,98,313,176,263,146,315,175,267,179,272,196,262,198,242,210,237,217
64,170,2,2,119,0,1953125,12,0,0,0.96,0,0,NaN,0,0,295,283,290,284,302,292,292,296,297,306,288,309,287,313,281,314,267,322,256,319,237,334,217,322,199,351,184,312,207,321,153,385,193,326,208,390,335,234,362,292,411,203,438,316,443,189,398,290,844,287,631,162,1000,831,809,321,584,635,446,490,279,211,164,327,221,250,162,362,98,313,176,263,146,315,175,267,179,272,196,262,198,242,210,237,217
64,170,2,2,119,0,1953125,12,0,0,0.96,0,0,NaN,0,0,292,263,290,264,302,266,298,269,302,276,301,279,294,283,291,282,283,286,269,283,264,298,239,288,232,320,192,298,202,292,190,365,107,349,142,437,178,369,299,353,235,352,320,429,306,315,271,432,669,301,584,332,1000,644,908,71,676,425,640,350,316,160,302,305,210,166,266,295,176,304,156,239,192,297,150,268,160,283,167,266,155,263,173,257,165
64,170,2,2,119,0,1953125,12,0,0,0.96,0,0,NaN,0,0,285,259,278,263,289,265,284,270,287,278,281,281,277,287,271,289,260,293,250,290,236,304,217,294,203,324,172,296,192,292,160,363,126,327,145,415,251,299,325,314,310,255,359,360,372,255,324,307,701,175,540,276,1000,684,834,140,704,507,610,355,329,250,250,351,185,195,211,314,128,307,144,250,150,303,141,267,146,276,163,260,158,248,177,242,177
64,170,2,2,119,0,1953125,12,0,0,0.96,0,0,NaN,0,0,292,288,285,287,295,298,287,302,289,311,282,314,279,320,272,323,255,327,249,325,228,335,220,323,189,353,185,309,207,321,155,374,202,307,190,398,379,201,381,258,421,162,422,286,519,123,424,182,808,252,566,219,999,823,622,154,852,761,624,455,332,428,170,410,196,266,135,366,84,330,162,281,131,322,170,280,169,280,200,261,206,236,216,233,224
64,170,2,2,119,0,1953125,12,0,0,0.96,0,0,NaN,0,0,304,265,298,271,306,273,303,277,309,283,303,287,300,289,297,292,286,298,272,293,264,309,239,296,236,331,191,309,202,301,198,361,125,348,151,444,174,375,290,370,255,350,326,420,343,362,333,410,725,204,503,384,999,562,805,202,918,555,764,189,537,288,450,400,161,214,249,300,192,319,154,264,183,320,145,284,151,305,151,287,146,277,168,269,160
64,170,2,2,119,0,1953125,12,0,0,0.96,0,0,NaN,0,0,312,272,305,277,316,279,313,283,317,290,312,293,309,296,305,298,293,305,279,298,272,317,246,301,244,334,202,315,212,298,214,361,142,344,162,444,183,355,264,409,272,354,339,427,334,404,365,445,780,147,438,417,1000,536,756,245,948,518,709,82,622,324,505,418,165,241,239,297,207,318,168,268,190,328,152,289,158,310,157,298,150,283,172,278,164
64,170,2,2,119,0,1953125,12,0,0,0.96,0,0,NaN,0,0,289,280,283,283,292,291,285,295,287,305,280,307,277,310,271,318,250,320,246,320,223,331,215,316,190,345,173,313,205,305,161,359,197,295,177,382,340,210,313,308,434,171,410,288,487,224,536,241,820,231,456,249,999,746,610,181,835,597,495,198,602,543,329,480,115,302,125,347,91,335,141,292,114,328,158,283,154,289,180,273,194,240,205,236,210
64,170,2,2,119,0,1953125,12,0,0,0.96,0,0,NaN,0,0,317,271,315,274,325,273,325,278,327,283,325,286,323,283,324,285,315,288,300,281,300,299,267,284,278,308,239,301,229,284,253,337,160,338,200,446,77,422,224,435,161,417,245,506,238,493,309,563,720,245,396,536,1000,587,836,240,758,354,646,181,721,309,640,355,227,202,296,256,271,283,208,243,246,301,187,271,199,301,173,295,158,289,174,280,157
