64,170,1,2,119,0,1953125,12,0,7770,2.35,0,0,NaN,0,0,52,61,51,39,37,53,45,28,34,28,38,19,18,31,41,8,36,48,56,30,40,55,63,45,66,43,35,116,42,17,112,152,131,209,153,155,209,320,359,168,494,510,689,337,152,448,710,846,747,312,756,750,539,704,1000,618,619,795,270,383,601,379,436,341,74,95,79,118,105,34,36,21,50,50,42,20,54,44,34,19,33,41,40,6,11
64,170,1,2,119,0,1953125,12,0,7645,2.33,0,0,NaN,0,0,38,65,45,43,23,67,43,29,12,53,37,14,8,40,22,5,29,46,23,22,53,88,17,49,38,109,49,64,57,65,103,83,30,139,131,50,102,192,107,285,361,409,601,510,435,372,158,226,119,138,151,434,694,826,1000,982,849,726,461,238,165,82,169,63,132,37,72,44,82,11,104,37,111,83,25,33,53,50,11,16,40,47,12,16,6
64,170,2,2,119,0,1953125,12,0,4483,1.79,0,0,NaN,0,0,414,404,344,382,352,351,282,274,293,231,182,167,191,144,143,162,197,193,195,273,328,309,345,399,454,449,437,476,563,530,488,570,589,581,536,543,525,642,580,394,583,624,295,523,541,478,289,393,651,316,745,233,750,862,318,1000,419,692,261,504,497,443,474,380,488,477,420,402,417,428,406,338,335,386,312,272,242,273,232,165,122,148,131,79,26
64,170,1,2,119,0,1953125,12,0,0,0.98,0,0,NaN,0,0,320,296,291,238,270,247,245,188,178,168,144,126,96,88,112,110,120,114,188,199,210,231,259,300,329,354,325,379,390,403,387,451,371,489,330,435,438,490,384,452,545,375,401,427,701,255,272,464,755,129,428,307,191,573,470,238,539,791,1000,211,347,456,272,354,309,347,377,302,294,278,286,257,290,262,212,201,205,194,150,128,114,104,107,76,44
64,170,2,2,119,0,1953125,12,0,0,0.98,0,0,NaN,0,0,267,241,275,209,272,239,298,221,269,235,302,241,270,211,295,251,281,191,271,234,295,182,244,196,305,203,217,146,308,274,197,112,332,334,259,165,426,516,93,408,262,632,134,451,123,615,223,448,287,686,221,623,548,899,890,617,1000,742,638,503,315,378,518,119,211,75,312,99,331,133,237,173,282,186,184,185,240,214,168,171,201,230,174,173,160
64,170,2,2,119,0,1953125,12,0,0,0.61,0,0,NaN,0,0,25,6,34,50,37,5,34,55,47,15,30,59,59,26,26,67,70,39,27,72,84,59,34,90,122,87,51,108,183,209,155,160,200,257,145,157,353,492,277,122,328,498,452,307,386,570,368,567,521,533,596,822,1000,564,655,900,754,252,50,707,775,268,110,143,329,330,219,71,169,236,194,70,66,142,152,95,38,112,137,96,33,89,123,100,36
64,170,2,2,119,0,1953125,12,0,0,0.99,0,0,NaN,0,0,12,33,32,45,5,18,27,46,9,14,25,41,8,23,38,39,14,26,36,27,46,51,37,30,59,57,6,6,94,99,16,58,88,108,106,204,217,260,116,229,172,96,25,228,130,164,369,562,517,201,156,327,417,146,337,693,1000,851,347,262,402,264,114,155,206,211,57,76,105,112,27,83,65,43,25,74,48,5,20,52,30,26,38,34,10
64,170,2,2,119,0,1953125,12,0,7586,2.32,0,0,NaN,0,0,47,32,26,32,38,32,11,19,26,21,9,13,22,16,4,32,25,27,10,40,48,24,32,50,71,34,35,89,43,23,67,77,36,131,199,126,253,355,251,314,170,108,596,440,124,404,32,482,945,699,1000,428,860,336,94,373,223,470,375,445,446,152,314,374,152,184,116,53,42,53,63,55,59,18,58,53,36,34,45,28,24,14,22,32,9
64,170,2,2,119,0,1953125,12,0,0,0.98,0,0,NaN,0,0,506,483,453,402,414,422,396,321,279,252,262,218,135,148,190,188,165,218,295,331,337,372,419,505,540,500,522,612,694,656,592,678,777,673,703,652,704,790,751,654,735,659,513,698,632,524,544,662,457,691,688,516,646,524,1000,472,248,705,589,553,646,526,578,634,537,559,566,502,485,492,498,450,396,390,410,354,293,283,230,252,243,141,115,86,88
64,170,2,2,119,0,1953125,12,0,7676,2.34,0,0,NaN,0,0,31,32,35,31,24,25,32,20,16,15,16,17,2,14,14,25,15,32,35,5,27,31,42,25,40,99,15,26,34,60,61,123,112,267,160,127,322,426,269,184,231,126,454,500,67,640,7,718,764,528,514,338,561,126,691,999,778,580,681,534,259,106,93,54,66,66,69,92,20,38,57,53,48,39,54,8,37,43,51,16,33,28,17,3,5
