64,170,2,2,119,0,1953125,12,0,0,0.97,0,0,NaN,0,0,51,26,55,14,52,10,56,1,42,7,41,13,45,25,40,26,49,35,57,35,69,23,68,35,89,26,108,51,159,100,175,130,129,131,129,192,244,374,342,416,313,439,335,222,43,272,406,430,386,310,309,220,282,451,819,1000,961,743,559,407,109,67,149,279,216,258,149,122,100,100,77,86,102,76,93,41,76,33,66,36,65,31,43,33,43
64,170,2,2,119,0,1953125,12,0,0,0.98,0,0,NaN,0,0,385,316,377,323,389,330,382,331,390,339,393,330,389,335,396,326,376,323,387,304,371,286,387,271,370,263,356,273,371,208,424,138,505,127,472,159,521,84,692,148,708,285,688,302,605,353,670,626,920,962,757,817,410,995,506,1000,95,365,399,248,327,562,209,573,20,506,174,382,153,382,209,348,199,335,231,324,230,311,237,311,237,288,238,296,232
64,170,2,2,119,0,1953125,12,0,7681,2.34,0,0,NaN,0,0,33,30,23,34,19,28,21,20,19,18,13,14,17,11,6,22,10,22,23,12,35,18,31,29,33,31,16,64,23,71,55,36,52,142,122,197,137,375,266,144,142,276,180,228,105,130,281,376,533,670,628,661,835,999,702,273,456,268,201,381,348,384,184,228,26,108,63,78,46,59,48,37,26,34,20,6,23,22,24,5,14,10,11,11,9
64,170,2,2,119,0,1953125,12,0,7731,2.35,0,0,NaN,0,0,79,21,85,27,96,10,76,29,61,9,46,20,41,9,19,40,19,23,53,51,63,68,71,105,44,72,55,123,40,132,47,171,173,69,52,298,288,157,159,126,157,154,222,286,304,64,233,351,429,185,237,96,152,537,828,949,999,557,270,86,271,185,61,140,211,27,100,41,125,86,51,74,43,108,84,58,37,92,67,43,26,60,16,53,59
64,170,2,2,119,0,1953125,12,0,0,0.98,0,0,NaN,0,0,958,959,950,956,972,984,979,976,985,1000,997,991,978,984,992,973,958,952,945,942,919,899,892,897,873,855,833,848,858,816,820,816,840,828,826,833,842,882,852,837,847,907,881,873,829,895,906,868,853,895,837,900,797,885,821,814,818,750,806,798,739,745,780,738,734,743,731,745,742,743,737,738,752,744,747,746,747,755,747,737,725,729,722,709,695
64,170,2,2,119,0,1953125,12,0,0,0.97,0,0,NaN,0,0,50,44,44,43,51,40,63,25,53,32,63,27,55,45,56,33,54,57,64,63,96,56,90,45,121,13,84,37,144,36,105,52,176,134,246,318,285,325,257,397,258,330,302,383,228,91,253,645,727,814,1000,991,930,589,448,537,667,526,311,322,254,235,21,189,209,323,186,206,150,155,121,120,140,99,121,69,115,55,88,53,87,57,75,62,60
64,170,2,2,119,0,1953125,12,0,7731,2.35,0,0,NaN,0,0,37,34,18,24,35,25,29,20,28,26,13,8,11,17,10,17,22,11,11,19,29,29,10,31,35,15,73,21,34,84,102,42,110,49,106,155,114,140,383,271,323,210,386,182,19,175,394,573,517,238,366,399,711,1000,772,908,456,74,317,725,251,304,254,174,131,95,143,44,110,17,83,48,51,24,54,39,18,8,24,24,2,7,9,18,7
64,170,2,2,119,0,1953125,12,0,0,0.97,0,0,NaN,0,0,471,521,502,438,406,394,414,374,276,240,260,232,202,109,177,224,213,208,248,351,398,402,384,473,574,610,559,582,588,770,691,657,648,715,801,791,662,593,713,818,722,592,573,693,885,598,405,693,599,750,690,316,727,966,431,542,716,188,1000,512,576,646,557,629,535,546,557,550,518,518,477,460,438,425,349,360,344,303,273,241,194,178,125,114,71
64,170,2,2,119,0,1953125,12,0,0,0.97,0,0,NaN,0,0,56,34,59,22,47,28,62,11,51,19,54,13,45,27,39,25,44,47,55,55,80,40,73,39,93,14,89,31,120,9,145,74,205,134,220,192,255,298,363,497,374,329,131,292,246,351,320,497,629,816,1000,854,699,501,215,629,935,787,621,390,202,94,184,323,257,309,164,205,119,97,43,112,89,86,83,66,77,36,65,39,61,23,51,21,29
64,170,2,2,119,0,1953125,12,0,0,0.99,0,0,NaN,0,0,304,336,315,341,305,348,319,351,319,340,329,351,323,341,317,356,315,324,322,319,321,310,297,295,327,270,302,297,296,276,316,187,400,218,378,188,428,168,534,236,711,490,571,517,387,349,706,790,770,937,589,844,286,598,203,204,780,649,752,1000,374,570,123,428,115,447,142,317,187,300,219,302,209,288,228,288,227,269,246,263,250,249,246,246,240
