64,170,2,2,119,0,1953125,12,0,7551,2.32,0,0,NaN,0,0,52,31,23,40,46,33,13,27,31,19,6,21,26,23,14,43,33,19,24,37,32,38,8,52,70,26,50,91,10,136,89,70,96,237,117,226,111,159,123,401,528,619,524,252,313,617,799,427,977,412,757,460,180,378,553,353,386,506,1000,636,180,169,315,215,67,177,103,62,61,77,59,123,39,28,62,89,41,32,58,51,20,16,25,36,29
64,170,2,2,119,0,1953125,12,0,7626,2.33,0,0,NaN,0,0,72,62,64,49,68,48,62,23,54,51,19,36,13,51,13,42,33,36,30,44,72,41,62,53,90,61,72,88,103,88,50,223,215,286,354,229,285,71,157,256,338,369,512,440,580,326,272,313,480,661,805,505,420,333,745,836,1000,903,704,654,392,310,241,92,175,87,189,21,123,36,96,43,52,86,52,87,60,61,49,56,32,37,25,16,13
64,170,2,2,119,0,1953125,12,0,7536,2.31,0,0,NaN,0,0,45,50,46,47,33,30,48,42,25,17,41,23,24,8,36,15,30,39,55,38,46,53,60,64,83,74,106,27,44,83,110,33,21,86,100,125,180,389,399,351,301,118,238,207,290,298,298,305,195,163,388,642,689,330,234,613,1000,964,733,396,195,321,309,243,102,186,131,127,74,142,70,85,61,115,26,28,48,61,13,26,56,41,22,45,60
64,170,2,2,119,0,1953125,12,0,0,0.97,0,0,NaN,0,0,932,950,959,961,960,966,985,993,986,988,988,1000,990,982,970,968,971,953,931,920,920,905,881,866,862,848,851,820,815,812,842,823,807,806,864,815,851,843,815,932,749,925,934,847,821,920,969,812,844,948,802,926,709,919,860,727,900,774,769,804,687,772,771,758,702,721,743,752,733,716,733,753,753,737,732,750,762,754,734,727,731,737,717,693,690
64,170,2,2,119,0,1953125,12,0,7679,2.34,0,0,NaN,0,0,36,32,23,18,29,32,27,7,24,31,14,5,17,23,8,8,29,32,6,34,25,47,18,12,34,76,48,32,49,113,29,97,111,111,167,150,276,401,188,167,199,427,201,378,170,435,698,458,460,396,364,265,479,433,526,514,818,1000,274,598,169,119,272,234,88,76,85,112,48,70,36,121,51,64,27,44,51,17,19,36,39,12,25,24,6
64,170,2,2,119,0,1953125,12,0,0,0.98,0,0,NaN,0,0,944,942,952,972,978,972,975,989,1000,997,987,988,997,994,975,963,961,961,944,921,912,911,890,871,857,852,854,835,812,817,841,811,816,827,846,835,849,817,862,880,912,871,834,889,918,926,832,965,855,865,934,755,876,856,830,747,837,756,715,804,709,763,748,722,724,727,739,727,734,726,738,753,732,739,752,750,747,741,739,736,732,725,709,698,697
64,170,2,2,119,0,1953125,12,0,7766,2.35,0,0,NaN,0,0,19,26,35,29,16,27,30,24,11,9,24,19,6,10,15,19,16,24,24,8,6,39,46,27,16,71,29,52,39,70,40,89,64,34,168,123,87,163,188,342,258,325,246,401,310,538,565,512,633,463,72,599,588,198,434,542,1000,734,494,443,413,211,101,131,102,197,16,60,103,90,25,64,48,46,34,21,25,53,28,15,32,20,22,11,22
64,170,2,2,119,0,1953125,12,0,7791,2.36,0,0,NaN,0,0,109,92,90,74,142,41,109,39,112,26,58,39,78,34,41,115,83,39,61,183,18,144,73,245,34,147,64,154,186,239,174,235,218,332,158,237,568,706,915,1000,485,308,87,318,200,292,567,529,570,539,333,467,808,830,253,120,558,717,309,143,395,657,372,225,329,369,131,127,241,240,78,113,142,117,134,120,100,71,129,117,75,44,76,50,51
64,170,2,2,119,0,1953125,12,0,7766,2.35,0,0,NaN,0,0,53,81,59,99,47,66,40,94,32,44,63,94,27,47,77,69,65,42,118,67,78,8,136,70,105,15,142,92,184,74,212,82,274,196,374,249,47,127,94,277,239,3,129,576,778,675,563,73,551,752,999,733,501,237,261,382,601,566,321,255,221,135,202,198,58,163,141,53,206,84,109,28,139,41,123,56,94,15,112,60,80,36,115,83,55
64,170,2,2,119,0,1953125,12,0,7426,2.29,0,0,NaN,0,0,39,81,71,54,60,45,77,25,52,28,65,18,16,27,33,32,29,53,63,40,9,75,56,85,71,114,138,41,124,56,166,81,93,46,136,61,306,302,447,360,233,347,373,470,201,277,382,523,439,94,334,740,935,683,314,322,846,1000,974,752,271,81,238,365,192,74,76,190,156,37,70,86,105,45,99,56,87,66,87,63,73,36,60,56,40
