64,170,2,2,119,0,1953125,12,0,0,0.96,0,0,NaN,0,0,197,229,201,239,198,237,201,250,202,247,190,260,192,260,180,254,176,258,177,241,151,257,162,247,141,239,186,253,177,240,248,222,281,240,378,91,306,99,482,145,277,120,557,306,193,173,500,455,244,338,385,163,848,760,974,830,544,875,798,1000,453,546,114,459,212,383,206,249,185,226,215,191,188,183,212,164,212,145,217,136,213,122,210,115,202
64,170,2,2,119,0,1953125,12,0,0,0.96,0,0,NaN,0,0,204,162,212,168,208,170,215,170,221,167,224,166,226,164,223,163,220,162,211,152,218,150,205,148,211,178,172,156,208,249,124,216,202,361,49,268,103,421,147,286,78,455,237,273,168,453,186,507,305,140,50,516,525,855,1000,709,844,614,875,568,672,249,316,137,391,217,243,144,214,174,169,161,173,173,150,180,138,183,122,182,118,186,98,175,101
64,170,2,2,119,0,1953125,12,0,0,0.96,0,0,NaN,0,0,180,139,182,141,182,141,191,143,190,141,190,153,186,154,177,161,172,164,160,157,157,180,131,179,111,208,90,205,60,254,66,226,17,311,131,199,75,282,296,114,101,301,379,24,131,355,335,203,251,97,267,325,660,585,999,584,719,527,746,577,432,387,120,291,150,312,25,222,16,225,47,198,52,198,70,184,87,173,102,158,108,148,122,127,120
64,170,2,2,119,0,1953125,12,0,0,0.96,0,0,NaN,0,0,196,208,199,214,194,218,195,232,188,237,175,251,175,252,160,249,157,251,151,244,129,252,144,246,146,221,182,234,209,182,235,186,310,139,316,100,347,100,400,149,343,163,463,339,222,109,411,482,118,235,439,238,737,828,937,960,625,999,719,948,465,478,241,373,281,273,273,170,250,136,248,122,230,109,242,94,237,84,231,91,224,87,211,104,196
64,170,2,2,119,0,1953125,12,0,0,0.96,0,0,NaN,0,0,160,211,167,214,170,213,171,222,174,224,168,225,174,224,174,211,177,207,179,201,169,194,184,188,201,147,219,159,257,83,257,96,336,51,299,50,354,188,340,184,337,260,395,377,194,164,335,565,9,228,434,357,623,832,770,939,627,1000,689,870,493,425,306,299,321,200,289,113,242,98,235,92,222,82,231,81,220,78,214,89,204,90,189,103,181
64,170,2,2,119,0,1953125,12,0,0,0.96,0,0,NaN,0,0,173,209,176,216,173,217,175,226,177,227,168,234,169,237,160,230,157,231,158,221,136,228,144,228,138,212,173,219,198,182,222,184,289,150,302,111,339,95,403,116,321,141,490,304,196,111,435,464,125,237,492,222,744,649,902,910,746,999,717,898,394,527,177,397,213,331,219,199,180,185,191,170,176,163,196,141,199,123,199,119,199,99,193,102,186
64,170,2,2,119,0,1953125,12,0,0,0.96,0,0,NaN,0,0,168,201,172,210,169,207,172,219,172,220,161,227,165,230,151,226,150,225,150,219,127,226,133,228,129,214,156,225,189,184,204,199,285,157,288,121,347,92,382,72,348,162,474,279,210,108,411,455,116,211,492,208,715,591,891,877,758,1000,732,865,339,472,112,424,220,340,195,220,173,190,180,180,169,163,187,145,190,127,191,121,192,101,186,101,183
64,170,2,2,119,0,1953125,12,0,0,0.97,0,0,NaN,0,0,201,222,200,233,208,229,207,231,219,231,213,229,218,232,215,223,207,219,218,208,192,211,192,219,180,199,205,215,236,166,261,181,334,145,342,106,411,141,474,117,381,195,572,353,221,76,433,539,138,342,485,192,752,548,943,845,757,1000,823,985,356,481,37,470,179,368,149,261,134,221,149,231,126,215,151,209,153,193,157,195,155,173,156,178,154
64,170,2,2,119,0,1953125,12,0,0,0.98,0,0,NaN,0,0,214,186,211,184,220,192,222,185,226,196,227,191,220,193,223,190,215,176,216,189,200,166,197,172,211,130,214,122,264,65,253,57,350,109,304,101,377,331,328,298,309,408,357,462,140,229,215,647,102,283,432,213,524,598,490,713,425,1000,699,909,359,362,154,399,315,193,214,182,193,139,147,185,159,165,152,174,157,169,144,169,152,159,139,161,142
64,170,1,2,119,0,1953125,12,0,7878,2.37,0,0,NaN,0,0,23,41,44,32,31,45,48,26,19,38,37,26,16,38,47,17,27,36,38,12,18,42,67,30,59,55,69,62,35,118,52,194,77,274,112,183,43,392,306,321,155,386,430,285,191,484,321,871,95,532,376,325,365,23,591,553,120,931,480,1000,114,249,162,287,131,196,103,88,93,29,98,46,17,35,38,23,7,22,27,25,15,26,42,29,19
