64,170,2,2,119,0,1953125,12,0,0,0.88,0,0,NaN,0,0,36,27,27,47,11,28,19,26,26,16,42,22,9,21,40,27,15,29,19,19,19,57,21,53,70,49,63,25,101,98,42,20,53,67,18,81,135,135,279,313,223,231,165,246,136,74,90,185,267,217,344,320,461,868,1000,743,282,453,451,573,482,245,110,237,266,122,50,86,91,41,88,130,63,44,77,59,38,17,65,51,7,43,33,18,13
64,170,2,2,119,0,1953125,12,0,0,0.79,0,0,NaN,0,0,41,66,77,42,82,68,43,87,55,57,80,33,73,75,34,84,56,46,81,24,64,77,23,95,54,62,103,47,77,109,34,172,145,115,200,107,21,151,202,150,306,265,280,221,84,242,474,381,511,442,371,315,108,619,1000,689,304,267,416,481,251,94,127,109,225,180,18,126,112,23,151,126,34,130,68,85,131,50,97,103,40,111,78,61,106
64,170,2,2,119,0,1953125,12,0,0,0.8,0,0,NaN,0,0,83,60,71,87,56,91,85,58,99,72,69,91,43,79,77,48,94,57,72,95,37,75,65,58,111,43,88,120,22,150,117,109,184,38,142,143,29,221,447,282,312,365,200,387,267,348,515,262,389,571,338,324,246,585,1000,696,199,348,553,690,489,194,99,87,166,255,102,94,150,62,130,149,58,126,99,67,135,73,108,123,53,123,98,73,116
64,170,2,2,119,0,1953125,12,0,0,0.6,0,0,NaN,0,0,17,14,5,5,14,14,5,7,17,17,9,6,21,25,17,7,20,29,17,6,30,41,40,30,29,50,48,29,16,21,109,130,71,78,81,104,38,65,282,438,326,193,162,234,321,413,377,362,234,387,353,273,428,715,875,434,231,784,1000,563,236,70,118,178,263,156,41,82,114,116,42,48,79,71,35,25,64,79,54,10,49,70,55,23,31
64,170,2,2,119,0,1953125,12,0,0,0.81,0,0,NaN,0,0,47,24,29,63,61,26,19,47,45,37,38,20,18,54,63,46,15,23,49,81,87,58,30,110,120,92,62,80,79,140,261,306,192,128,161,148,182,249,517,592,504,437,455,454,436,652,727,743,456,367,655,849,651,510,931,853,81,639,1000,686,490,400,262,100,174,296,253,144,18,62,100,114,118,81,11,66,114,107,55,11,59,68,58,43,24
64,170,2,2,119,0,1953125,12,0,0,0.82,0,0,NaN,0,0,75,112,98,87,118,76,104,103,69,121,85,99,121,64,106,82,62,105,53,124,99,58,120,34,137,99,72,169,69,197,286,112,272,223,61,205,124,183,554,479,538,484,259,696,637,538,413,236,614,1000,362,336,482,297,641,658,257,652,669,453,158,227,327,223,161,206,79,188,82,199,206,49,197,137,107,183,81,135,145,88,167,114,118,146,77
64,170,2,2,119,0,1953125,12,0,0,0.9,0,0,NaN,0,0,100,96,100,88,115,102,131,90,111,77,119,114,107,114,60,110,71,136,88,89,82,82,102,106,96,119,131,46,227,114,188,282,78,210,340,306,107,339,313,755,744,583,832,639,943,785,560,803,386,497,592,488,574,190,532,1000,982,560,464,354,470,349,31,118,143,205,84,170,120,149,186,120,144,108,183,98,177,109,137,137,125,156,99,144,94
64,170,2,2,119,0,1953125,12,0,0,0.96,0,0,NaN,0,0,53,100,41,101,65,107,69,83,58,109,87,76,69,83,97,71,82,56,79,85,99,54,99,78,169,22,89,72,151,75,259,139,231,116,183,58,265,193,557,628,552,586,371,547,561,494,640,561,347,534,604,713,281,543,887,999,496,545,587,713,476,136,190,339,321,71,187,113,208,82,260,73,194,55,207,67,137,34,185,106,116,56,135,102,125
64,170,2,2,119,0,1953125,12,0,0,0.81,0,0,NaN,0,0,53,30,29,53,17,37,45,13,48,38,21,50,31,29,34,39,44,19,63,59,38,73,42,87,106,84,140,99,66,199,217,214,268,224,139,190,128,275,504,565,554,459,535,771,743,488,263,446,505,826,592,557,1000,414,609,686,270,810,872,450,366,245,169,73,79,186,174,106,39,131,106,52,111,93,36,78,71,42,58,37,52,58,18,50,58
64,170,2,2,119,0,1953125,12,0,0,0.81,0,0,NaN,0,0,33,42,9,36,36,10,41,25,19,34,9,31,28,12,29,23,31,11,41,59,18,55,49,43,99,83,112,126,60,127,203,178,258,292,131,113,73,172,429,550,496,368,382,607,702,515,381,443,430,598,368,580,872,320,1000,947,513,402,537,367,407,348,300,206,22,123,130,114,36,51,54,12,78,78,15,50,53,23,38,26,34,43,11,37,46
64,170,2,2,119,0,1953125,12,0,0,0.81,0,0,NaN,0,0,114,125,85,130,110,104,139,90,124,129,85,142,99,107,133,57,116,97,88,161,55,131,146,42,188,97,158,232,59,215,277,122,376,327,130,284,181,240,454,371,615,551,386,853,700,458,494,417,738,948,224,727,856,190,844,1000,736,897,64,412,416,457,522,422,44,221,55,166,201,118,173,144,162,202,118,188,167,106,173,118,150,171,107,169,142
64,170,2,2,119,0,1953125,12,0,0,0.8,0,0,NaN,0,0,78,83,123,70,117,119,67,133,94,81,128,52,107,106,56,143,90,82,139,21,124,113,49,167,59,155,222,50,186,206,94,293,166,210,368,283,117,307,142,516,613,341,465,439,611,693,438,490,745,765,706,372,404,578,866,748,999,825,443,89,474,460,340,257,289,100,194,258,76,156,194,63,183,129,97,169,75,154,157,76,164,111,106,156,70
64,170,2,2,119,0,1953125,12,0,0,0.6,0,0,NaN,0,0,16,11,12,15,14,12,13,19,15,9,12,21,23,16,6,18,23,23,7,22,32,29,12,18,22,32,15,19,71,39,33,16,18,67,135,115,148,121,14,214,227,267,215,124,142,68,178,403,335,200,161,409,362,729,999,804,300,536,733,323,98,55,106,70,128,50,76,84,55,15,23,62,55,36,7,34,50,41,8,21,35,36,18,12,31
64,170,2,2,119,0,1953125,12,0,0,0.6,0,0,NaN,0,0,16,10,3,9,14,9,4,13,18,12,3,12,22,22,9,9,16,20,10,9,30,37,23,5,26,24,20,13,51,47,69,76,71,73,93,140,118,146,112,138,122,110,131,289,287,65,70,19,70,132,478,921,828,292,690,1000,769,604,459,202,221,141,250,128,128,45,69,105,100,44,13,81,96,50,4,49,70,61,23,29,60,60,33,15,48
64,170,2,2,119,0,1953125,12,0,0,0.8,0,0,NaN,0,0,30,39,4,36,37,9,37,25,15,32,21,31,28,20,34,24,28,31,32,48,18,47,64,30,85,88,49,73,53,42,131,153,112,161,46,157,230,201,150,139,95,169,320,436,458,265,120,206,452,484,788,1000,888,467,67,708,876,838,653,414,200,135,90,48,143,218,158,81,100,82,81,111,85,78,84,43,56,63,32,56,53,23,49,42,37
64,170,2,2,119,0,1953125,12,0,0,0.79,0,0,NaN,0,0,43,81,37,67,83,24,74,65,32,85,44,54,87,22,78,77,16,89,58,47,88,14,93,96,32,128,91,48,134,82,117,194,99,196,200,4,132,90,106,311,322,142,161,174,373,554,399,357,410,513,681,635,664,1000,779,444,538,695,708,252,207,257,180,139,198,62,189,198,48,140,128,36,152,97,63,141,53,94,123,17,109,95,37,111,53
64,170,2,2,119,0,1953125,12,0,0,0.79,0,0,NaN,0,0,20,67,62,30,76,47,44,76,28,58,68,15,76,55,36,84,35,57,78,12,78,66,33,102,43,70,107,48,109,127,50,137,103,121,239,158,95,132,91,200,340,247,228,242,118,423,491,381,381,425,349,309,246,699,999,908,566,291,350,215,60,219,218,129,178,106,47,177,135,74,158,77,68,131,36,96,108,12,108,80,42,107,45,71,96
64,170,1,2,119,0,1953125,12,0,0,0.79,0,0,NaN,0,0,29,55,67,27,70,59,31,76,44,45,71,20,63,64,20,76,49,39,80,21,62,73,5,87,55,49,105,65,80,134,46,128,139,97,210,152,35,87,95,182,305,269,181,212,127,367,503,293,348,443,303,320,309,769,1000,807,527,255,273,175,35,208,249,117,139,106,25,154,148,39,135,95,42,125,62,70,115,29,89,94,24,98,66,49,98
64,170,1,2,119,0,1953125,12,0,0,0.8,0,0,NaN,0,0,24,40,16,25,34,13,32,33,18,30,24,26,34,24,32,32,34,35,28,48,44,29,55,47,33,65,46,65,109,76,109,110,75,156,164,107,115,128,93,163,229,230,239,253,178,330,414,314,351,395,281,309,458,820,999,766,482,475,323,210,113,132,226,202,133,101,96,91,123,129,76,67,70,51,66,67,40,55,53,32,51,47,32,46,41
64,170,1,2,119,0,1953125,12,0,0,0.8,0,0,NaN,0,0,55,31,70,49,46,73,34,64,69,26,67,44,42,71,26,63,66,22,70,33,46,76,12,74,56,34,100,65,73,121,42,140,135,86,173,102,42,124,117,137,263,171,166,202,148,295,332,243,398,360,222,226,263,816,1000,728,489,448,427,285,76,204,185,154,226,113,98,181,87,120,157,24,110,104,25,119,71,61,108,33,88,89,30,96,58
64,170,1,2,119,0,1953125,12,0,0,0.81,0,0,NaN,0,0,5,35,37,5,38,31,14,41,28,23,31,21,34,26,21,33,25,29,23,41,50,18,44,47,25,71,62,61,129,111,166,181,141,226,201,118,137,150,191,344,406,269,176,49,223,486,526,344,250,464,443,431,401,827,1000,611,494,743,542,289,158,252,301,255,154,162,175,150,151,124,76,104,87,69,87,55,46,74,48,39,55,36,41,46,34
64,170,1,2,119,0,1953125,12,0,0,0.81,0,0,NaN,0,0,3,35,30,12,42,27,15,36,22,19,21,15,29,15,16,24,15,21,19,39,29,16,51,26,46,68,35,79,130,110,203,187,175,242,141,152,208,179,212,300,231,78,155,184,307,370,165,98,314,437,293,234,170,674,1000,544,685,994,845,509,215,215,229,171,195,223,176,121,115,77,111,106,45,73,65,19,51,45,15,40,25,25,31,18,32
64,170,1,2,119,0,1953125,12,0,0,0.8,0,0,NaN,0,0,46,40,10,48,32,17,40,20,25,33,27,44,31,29,47,36,41,42,59,62,23,77,86,50,105,87,64,106,95,84,187,170,190,291,186,131,238,245,212,258,253,97,337,561,710,365,61,340,563,523,524,525,600,473,294,444,935,1000,654,387,290,248,181,75,118,214,157,102,102,59,109,129,77,78,69,36,70,58,29,55,36,34,53,33,36
64,170,1,2,119,0,1953125,12,0,0,0.8,0,0,NaN,0,0,73,95,51,98,90,52,103,63,78,104,36,93,90,45,113,63,68,110,26,90,83,48,139,73,80,145,28,115,110,24,133,175,42,197,152,132,281,134,180,204,112,187,225,425,664,282,163,331,429,411,556,560,775,288,142,665,941,1000,778,241,304,77,132,153,119,138,226,81,118,161,8,188,160,52,165,90,96,145,49,129,114,66,134,77,99
64,170,1,2,119,0,1953125,12,0,0,0.8,0,0,NaN,0,0,68,54,90,49,71,86,42,89,70,54,102,54,71,92,21,90,66,44,100,40,85,100,5,109,90,49,123,32,96,106,66,90,161,51,172,175,194,273,31,135,106,114,369,445,305,267,223,405,652,310,515,712,681,333,167,643,1000,644,529,299,125,211,28,110,178,130,71,137,33,132,155,3,158,112,63,147,70,97,125,40,112,82,67,117,51
64,170,1,2,119,0,1953125,12,0,0,0.8,0,0,NaN,0,0,39,0,40,46,14,30,42,19,31,40,28,33,30,29,45,37,31,45,38,43,49,31,68,74,33,52,79,27,84,75,37,27,49,51,71,206,217,226,229,83,44,203,286,390,466,340,281,407,487,224,582,911,1000,513,449,632,882,660,507,190,264,165,38,47,44,75,88,71,52,99,117,62,62,105,79,33,66,69,42,43,45,42,49,30,33
64,170,2,2,119,0,1953125,12,0,0,0.8,0,0,NaN,0,0,54,29,27,54,23,33,46,14,41,41,30,43,29,43,47,36,45,39,54,51,33,73,54,41,94,60,59,97,51,83,73,30,35,64,64,249,312,255,301,123,127,277,348,504,612,367,453,507,477,348,666,879,943,579,818,999,974,484,365,263,286,286,162,142,123,94,58,124,105,72,120,96,57,91,63,54,77,42,61,66,32,62,62,35,61
64,170,2,2,119,0,1953125,12,0,0,0.81,0,0,NaN,0,0,42,19,27,46,12,34,43,5,39,38,24,31,24,39,36,28,43,31,41,38,33,59,37,42,78,38,58,87,46,82,47,5,35,29,69,214,260,235,299,134,149,294,340,459,517,325,450,423,329,289,582,773,809,501,864,1000,904,357,214,179,224,230,135,141,122,69,57,114,88,70,109,81,49,81,52,57,68,32,55,59,24,58,53,33,53
64,170,2,2,119,0,1953125,12,0,0,0.82,0,0,NaN,0,0,11,39,27,9,27,8,28,28,4,30,23,11,27,22,23,13,30,30,12,40,29,18,35,16,53,55,11,49,39,62,25,53,36,34,27,116,151,204,244,116,238,263,191,253,258,232,386,234,157,373,552,609,550,483,978,1000,585,116,111,101,144,207,207,258,183,83,125,127,70,97,85,41,60,53,53,68,34,45,60,24,40,54,32,34,32
64,170,1,2,119,0,1953125,12,0,0,0.82,0,0,NaN,0,0,31,8,39,31,13,36,21,13,21,9,28,17,20,34,18,18,18,26,24,18,46,27,26,54,29,38,45,14,29,31,56,42,79,52,87,69,231,222,224,212,159,225,228,206,189,355,278,80,71,393,512,577,426,563,1000,896,587,339,335,150,101,157,250,219,222,169,114,135,82,79,106,59,51,85,56,47,62,43,47,40,33,52,39,28,45
