64,170,2,2,119,0,1953125,12,0,0,0.94,0,0,NaN,0,0,91,119,117,114,111,96,127,104,139,76,120,78,147,76,127,63,124,96,118,94,101,109,103,133,83,111,108,126,135,141,103,229,16,224,151,137,72,164,268,89,237,92,167,160,278,196,610,563,813,876,394,167,526,756,480,560,642,1000,387,393,266,606,456,261,312,195,402,83,225,20,272,153,186,137,155,144,164,177,117,156,109,192,96,183,80
64,170,2,2,119,0,1953125,12,0,0,0.94,0,0,NaN,0,0,134,132,128,147,129,164,103,158,98,177,100,159,70,168,95,162,106,124,108,147,152,106,133,103,162,120,144,110,156,141,244,31,308,121,193,178,231,208,144,293,130,291,94,221,71,611,561,986,995,1000,838,54,634,864,903,470,940,864,684,258,613,463,595,420,265,444,137,344,80,353,97,256,124,253,177,215,163,189,188,187,216,131,205,118,230
64,170,2,2,119,0,1953125,12,0,0,0.94,0,0,NaN,0,0,55,37,41,40,36,57,11,51,17,49,9,54,42,47,29,60,39,39,23,70,60,44,49,33,50,41,73,21,98,41,164,123,159,154,20,55,64,126,148,95,137,143,79,115,261,366,660,772,946,1000,587,157,572,898,731,546,693,849,468,241,378,451,467,295,201,304,232,195,50,178,166,91,97,77,110,18,95,56,61,37,78,66,41,67,61
64,170,2,2,119,0,1953125,12,0,0,0.94,0,0,NaN,0,0,50,47,31,46,28,64,4,52,21,48,11,53,48,42,29,58,47,32,30,66,74,29,56,18,50,42,81,4,103,42,164,151,147,182,56,70,31,127,191,73,152,122,86,96,265,372,642,759,922,1000,584,104,585,897,783,564,770,917,521,296,374,481,493,334,187,320,250,195,68,179,193,86,110,71,116,22,100,72,60,44,73,75,37,72,63
64,170,2,2,119,0,1953125,12,0,0,0.93,0,0,NaN,0,0,48,16,62,13,56,29,40,34,35,46,25,54,35,46,24,50,25,42,22,65,33,49,26,67,32,85,92,61,127,81,199,150,163,148,24,79,19,125,180,61,89,106,52,231,267,320,556,654,822,838,468,133,627,982,912,722,925,1000,582,282,365,457,413,295,168,313,269,189,102,151,193,85,129,79,110,50,87,93,43,61,52,73,30,68,70
64,170,2,2,119,0,1953125,12,0,0,0.92,0,0,NaN,0,0,26,43,9,43,4,44,21,29,27,27,39,14,28,17,29,13,34,20,46,5,41,19,60,44,70,79,58,113,59,146,113,114,156,26,98,32,107,102,64,121,52,40,224,267,253,284,324,406,546,404,188,138,620,775,743,720,860,1000,519,256,258,395,367,201,191,231,230,193,59,149,119,106,89,87,103,30,85,65,59,42,63,68,24,55,58
64,170,2,2,119,0,1953125,12,0,0,0.93,0,0,NaN,0,0,11,42,27,27,33,17,36,4,34,5,35,19,29,17,30,20,29,16,40,30,20,28,31,42,33,52,26,76,32,132,107,122,160,71,169,127,225,203,139,211,112,106,183,170,187,148,151,215,375,287,202,149,478,617,582,752,958,1000,444,311,401,493,414,242,271,266,241,171,88,170,112,113,75,92,77,40,76,43,51,29,64,40,37,53,48
64,170,2,2,119,0,1953125,12,0,0,0.97,0,0,NaN,0,0,58,34,38,23,55,54,24,41,39,47,19,50,40,36,28,50,34,25,53,61,14,32,59,77,37,87,74,117,41,175,133,112,87,88,174,130,163,159,88,261,223,208,267,109,219,102,184,376,631,590,389,22,356,553,495,786,982,999,468,484,583,664,589,354,355,272,207,88,125,156,63,28,99,114,35,93,91,104,32,93,78,54,26,70,62
64,170,2,2,119,0,1953125,12,0,0,0.99,0,0,NaN,0,0,138,128,173,120,146,122,170,133,150,113,155,136,154,110,122,150,156,109,110,160,150,135,108,163,147,164,113,157,105,292,125,298,148,362,354,369,416,225,411,70,98,347,261,314,454,239,76,725,899,853,861,221,564,582,807,723,943,999,538,538,646,708,845,284,450,57,306,138,282,56,224,191,316,58,248,136,296,98,199,141,241,146,195,133,222
64,170,2,2,119,0,1953125,12,0,0,0.99,0,0,NaN,0,0,121,114,103,102,130,123,109,92,130,117,118,93,118,102,134,90,117,89,143,92,124,69,164,93,135,59,181,112,170,33,280,107,279,166,377,327,338,392,191,240,191,95,326,229,332,145,396,592,1000,984,688,580,612,803,689,598,609,603,185,131,417,557,323,397,48,295,48,189,91,247,112,178,111,257,86,211,61,210,113,182,85,166,120,190,84
64,170,2,2,119,0,1953125,12,0,0,0.99,0,0,NaN,0,0,119,85,102,82,129,93,108,70,130,87,120,57,123,77,132,46,121,62,140,45,123,42,160,41,133,33,186,62,170,39,270,31,271,119,410,244,419,345,310,215,165,69,246,129,297,84,357,585,1000,793,653,468,739,899,875,708,638,500,174,326,226,223,147,169,129,189,103,127,153,202,124,98,169,182,133,142,119,175,131,133,112,130,149,140,109
64,170,2,2,119,0,1953125,12,0,0,0.99,0,0,NaN,0,0,87,105,116,99,93,98,112,114,91,97,96,118,99,89,72,123,101,88,57,129,88,116,40,144,65,162,49,158,52,256,103,232,73,362,266,422,330,368,347,99,99,244,230,231,381,48,66,584,555,607,425,350,567,815,1000,741,851,490,568,389,224,42,294,189,108,117,123,169,187,68,137,178,176,99,133,143,194,95,134,119,165,124,129,108,151
64,170,2,2,119,0,1953125,12,0,0,0.97,0,0,NaN,0,0,42,64,13,42,31,65,7,53,31,64,6,50,39,48,23,57,35,38,50,83,33,60,67,120,36,111,66,135,46,197,157,184,112,293,358,367,339,264,272,37,140,210,353,295,402,198,74,339,578,608,317,101,527,943,985,999,920,914,718,547,342,367,456,320,235,130,161,107,80,99,106,66,75,80,17,2,86,81,12,48,54,49,27,64,48
64,170,2,2,119,0,1953125,12,0,0,0.97,0,0,NaN,0,0,87,145,95,132,84,153,94,149,78,141,100,142,90,119,91,135,95,117,62,146,99,138,68,172,109,172,131,137,161,171,227,120,181,285,450,244,422,127,329,167,182,216,385,124,452,122,265,276,734,579,427,249,477,716,1000,774,949,936,633,685,311,610,388,584,164,417,230,182,146,286,152,157,105,242,174,169,94,198,154,198,117,149,140,197,134
64,170,2,2,119,0,1953125,12,0,0,0.96,0,0,NaN,0,0,57,16,57,26,53,36,42,34,42,46,25,31,42,40,24,25,44,25,55,44,55,37,95,106,89,108,92,158,52,157,80,105,4,243,231,286,210,178,195,33,130,211,282,119,212,67,117,304,619,644,401,234,305,815,841,663,676,999,719,468,312,476,548,380,343,280,320,200,71,143,137,99,65,135,61,50,50,102,29,62,63,71,20,55,58
64,170,2,2,119,0,1953125,12,0,0,0.97,0,0,NaN,0,0,83,142,91,132,83,144,92,145,78,134,94,139,86,120,84,132,92,120,60,140,88,143,56,174,85,194,134,156,174,163,245,86,173,257,373,189,363,101,328,121,225,196,426,119,418,142,134,130,551,417,274,353,414,613,871,648,963,1000,653,451,467,641,469,574,185,463,190,224,91,289,130,167,78,247,140,189,73,203,130,205,111,154,124,197,127
64,170,2,2,119,0,1953125,12,0,0,0.97,0,0,NaN,0,0,97,137,126,135,106,129,125,145,124,109,117,134,136,96,110,110,134,114,99,108,126,137,131,123,147,149,216,63,210,56,297,63,224,152,450,162,373,153,287,161,324,101,409,149,351,192,263,279,664,701,377,418,258,846,717,630,628,1000,391,444,245,652,363,493,248,373,352,95,149,230,249,137,143,175,216,174,162,138,180,169,200,107,151,162,196
64,170,1,2,119,0,1953125,12,0,0,0.97,0,0,NaN,0,0,98,145,117,130,99,141,123,140,108,121,121,138,118,101,113,120,127,105,84,125,122,132,90,152,126,168,173,100,204,98,272,56,178,217,409,132,373,80,327,194,176,175,314,63,278,30,298,274,782,637,464,446,394,898,815,604,671,1000,495,549,229,579,336,514,183,407,306,144,157,268,217,136,119,220,214,162,133,167,184,182,171,118,158,183,176
64,170,2,2,119,0,1953125,12,0,0,0.98,0,0,NaN,0,0,125,158,114,129,114,164,133,130,98,155,134,139,89,137,114,152,101,107,112,149,118,93,112,151,128,157,56,221,64,308,91,246,104,334,71,356,114,329,278,51,246,168,110,154,288,191,80,568,756,821,1000,429,752,848,919,313,694,683,585,153,378,332,602,234,418,259,304,262,210,167,179,198,234,171,154,147,236,177,166,124,200,177,184,106,187
64,170,2,2,119,0,1953125,12,0,0,0.96,0,0,NaN,0,0,54,10,63,13,52,14,51,19,47,32,35,21,46,33,29,21,50,18,58,31,64,20,100,81,98,84,106,134,43,155,88,130,20,239,200,262,175,173,222,69,123,126,114,78,103,55,156,379,679,683,540,348,533,976,776,549,671,1000,560,282,219,397,437,276,313,296,308,172,95,159,132,90,76,146,64,67,59,105,32,71,74,69,29,53,63
64,170,2,2,119,0,1953125,12,0,0,0.95,0,0,NaN,0,0,24,44,48,21,41,22,46,8,49,17,35,19,49,22,33,35,58,25,61,41,73,34,98,79,87,74,81,105,14,92,33,76,25,206,175,194,157,118,178,78,106,114,151,77,82,54,139,303,530,533,350,200,397,812,657,542,730,1000,598,297,309,363,424,280,320,335,283,202,78,172,109,96,54,134,81,73,77,82,62,51,88,58,57,45,66
64,170,2,2,119,0,1953125,12,0,0,0.95,0,0,NaN,0,0,15,49,34,29,28,33,42,16,38,22,35,21,45,23,30,38,54,32,54,47,74,35,94,62,100,54,95,84,40,85,38,76,43,176,145,194,104,107,113,67,123,161,161,18,95,26,108,279,512,515,366,201,332,724,623,549,747,1000,598,302,274,391,411,270,316,312,303,183,99,157,117,94,64,133,69,74,66,93,49,61,78,62,48,49,65
64,170,2,2,119,0,1953125,12,0,0,0.95,0,0,NaN,0,0,70,117,76,102,77,109,98,96,88,89,107,82,112,60,110,60,135,31,125,21,148,28,152,59,147,88,135,118,84,142,72,122,107,215,56,250,54,155,92,144,203,309,108,131,155,175,58,382,517,507,564,135,351,625,797,540,1000,959,732,212,473,355,509,343,374,458,233,314,54,298,50,207,26,242,92,188,81,176,117,167,130,126,134,125,160
64,170,2,2,119,0,1953125,12,0,0,0.95,0,0,NaN,0,0,87,67,113,71,112,49,106,66,122,55,103,51,115,73,102,64,98,90,89,108,71,117,67,158,15,152,12,161,71,106,88,119,65,187,202,75,155,102,143,205,208,222,291,47,200,42,245,214,607,540,376,263,334,663,639,566,874,999,474,338,347,527,302,431,243,436,322,166,184,175,242,67,191,66,205,51,202,29,169,40,190,71,155,73,149
64,170,2,2,119,0,1953125,12,0,0,0.95,0,0,NaN,0,0,6,57,31,38,30,40,39,27,44,28,37,33,49,29,37,50,59,42,64,58,77,50,108,65,109,63,117,82,53,80,46,71,63,192,142,172,64,112,61,149,201,257,233,90,180,162,229,337,607,575,395,161,325,740,636,630,835,1000,522,301,406,497,458,318,376,338,304,162,148,183,126,98,91,145,66,89,78,99,49,84,88,70,56,62,69
64,170,2,2,119,0,1953125,12,0,0,0.95,0,0,NaN,0,0,6,62,30,41,30,44,37,30,42,27,35,33,48,28,37,53,58,42,63,59,77,49,111,61,112,59,124,77,57,74,45,64,79,213,153,180,48,103,26,183,240,282,234,96,164,174,252,383,669,588,392,106,356,773,660,647,853,999,492,299,444,538,461,325,393,347,305,142,154,182,121,88,99,147,61,92,79,101,44,90,90,67,53,67,70
64,170,2,2,119,0,1953125,12,0,0,0.96,0,0,NaN,0,0,119,125,104,123,114,146,96,136,89,149,93,144,66,137,87,145,62,134,58,165,56,161,23,202,37,216,53,209,114,196,182,149,97,320,323,182,268,105,215,262,227,274,387,71,380,154,462,439,1000,831,734,509,356,750,685,417,899,951,466,224,572,643,424,538,212,523,233,230,72,313,188,174,101,238,194,177,152,162,171,179,192,107,159,154,190
64,170,2,2,119,0,1953125,12,0,0,0.96,0,0,NaN,0,0,127,111,154,98,141,88,161,99,152,76,147,85,158,84,132,64,161,73,158,55,158,70,186,109,167,114,184,184,97,213,72,196,138,337,123,349,58,217,121,194,300,368,74,248,134,443,283,711,981,883,1000,302,530,766,794,330,941,838,561,144,615,439,615,266,455,407,253,292,180,307,58,213,144,288,78,227,71,250,107,235,66,213,117,215,111
64,170,2,2,119,0,1953125,12,0,0,0.96,0,0,NaN,0,0,125,78,131,95,136,95,121,101,126,113,108,103,103,118,105,106,93,117,97,137,76,135,84,184,45,190,26,212,72,200,107,172,61,322,222,187,178,135,173,261,124,300,255,141,302,241,449,461,1000,806,820,464,485,787,719,303,825,809,448,136,520,480,372,418,177,480,182,252,59,304,169,170,89,234,179,174,151,152,169,166,191,98,164,128,187
64,170,2,2,119,0,1953125,12,0,0,0.96,0,0,NaN,0,0,112,119,91,124,108,148,85,128,84,146,89,139,61,130,81,151,52,133,47,163,70,149,47,181,100,181,130,147,163,103,222,85,170,167,366,65,205,96,185,214,333,137,373,78,331,276,392,437,797,942,626,483,216,876,522,414,594,999,360,316,317,647,365,396,273,367,408,62,214,138,299,88,215,51,242,96,235,67,192,86,225,117,161,101,181
