64,170,2,2,119,0,1953125,12,0,0,0.85,0,0,NaN,0,0,256,229,277,235,277,267,242,280,219,276,261,263,298,236,287,237,256,272,230,306,239,271,244,202,284,183,276,272,210,274,130,254,204,294,433,25,391,256,218,437,156,365,389,303,762,435,698,550,383,428,313,394,398,383,763,85,911,936,1000,737,52,619,332,285,347,36,303,231,185,272,68,277,206,166,269,107,278,201,180,235,121,250,175,207,237
64,170,2,2,119,0,1953125,12,0,0,0.82,0,0,NaN,0,0,203,174,187,204,171,212,189,182,212,168,204,199,181,224,182,200,206,167,212,182,186,210,158,205,175,162,224,118,219,192,142,153,146,140,250,221,157,67,221,299,25,273,306,10,390,443,112,253,94,379,321,61,648,574,810,611,303,994,1000,453,366,128,429,169,194,230,104,111,199,63,213,197,96,217,127,142,177,82,182,153,132,197,117,158,156
64,170,2,2,119,0,1953125,12,0,0,0.95,0,0,NaN,0,0,160,176,160,180,163,182,163,173,179,173,182,166,181,168,191,163,187,152,195,146,202,134,187,149,181,144,181,136,177,219,80,232,131,113,171,187,140,210,127,361,152,320,333,66,316,273,65,256,319,123,200,251,498,598,1000,890,737,547,265,179,297,275,239,379,34,240,45,226,123,161,126,155,116,161,167,101,166,106,171,103,164,96,162,116,153
64,170,2,2,119,0,1953125,12,0,0,0.75,0,0,NaN,0,0,328,305,311,315,294,310,314,294,322,324,309,337,334,317,341,340,317,333,325,298,325,279,298,299,268,293,306,293,283,352,237,299,462,286,195,437,103,339,498,165,382,295,345,80,486,445,214,619,999,433,627,999,651,570,935,489,842,532,412,296,734,404,309,439,153,149,394,250,167,332,254,188,286,249,201,291,246,232,271,228,222,257,224,224,258
64,170,2,2,119,0,1953125,12,0,0,0.84,0,0,NaN,0,0,52,21,36,47,10,41,30,30,37,18,48,33,22,38,41,36,25,51,34,38,63,57,79,51,90,122,70,132,111,64,115,146,216,214,145,238,241,153,203,256,290,353,203,316,410,410,536,425,531,659,656,1000,946,396,256,607,490,226,332,604,641,553,468,352,265,194,97,122,118,55,115,103,81,109,82,91,82,36,73,52,41,65,46,49,51
64,170,2,2,119,0,1953125,12,0,0,0.85,0,0,NaN,0,0,10,25,19,17,32,4,39,35,7,28,22,31,18,24,34,14,21,26,42,18,48,69,29,56,44,57,75,45,129,112,35,92,55,52,24,103,188,157,205,349,319,340,298,206,242,214,290,448,599,809,938,1000,724,382,539,422,220,47,114,300,529,464,354,309,185,123,77,87,114,79,77,106,70,49,55,37,40,15,36,45,12,40,37,22,36
64,170,2,2,119,0,1953125,12,0,0,0.95,0,0,NaN,0,0,239,193,231,181,253,187,255,167,259,178,276,170,261,170,278,184,263,179,254,199,251,213,216,230,209,256,178,297,127,338,70,416,78,380,119,347,199,238,242,251,249,269,394,153,331,203,448,417,689,448,940,542,793,494,1000,702,681,268,797,423,293,136,446,470,197,319,129,389,51,308,12,330,113,252,117,244,159,224,174,185,185,184,225,134,212
64,170,2,2,119,0,1953125,12,0,0,0.86,0,0,NaN,0,0,265,295,299,299,330,288,303,276,289,315,302,342,296,311,294,272,321,283,346,302,299,295,227,310,237,323,325,241,315,162,257,307,243,395,149,316,281,183,415,136,648,135,492,335,126,405,421,412,982,538,867,870,1000,791,332,643,235,451,821,212,544,372,446,467,24,327,258,278,302,104,245,216,233,266,220,276,191,223,213,221,271,212,267,217,213
64,170,2,2,119,0,1953125,12,0,0,0.96,0,0,NaN,0,0,52,34,53,25,53,21,71,21,56,30,67,31,56,47,63,36,73,55,76,27,87,42,94,53,112,66,84,55,58,23,174,193,227,274,254,385,281,348,319,384,370,352,434,323,320,278,516,556,873,921,1000,797,488,811,881,894,314,249,417,280,100,235,322,363,282,89,226,171,153,58,168,135,95,83,103,103,61,104,76,89,67,105,69,59,62
64,170,2,2,119,0,1953125,12,0,0,0.95,0,0,NaN,0,0,227,241,227,231,243,235,255,213,257,219,280,210,271,195,289,207,284,194,270,197,288,222,237,237,214,271,180,253,181,274,144,377,24,407,134,425,313,267,385,235,448,129,483,81,395,106,473,244,811,471,746,455,468,705,1000,935,429,497,398,398,227,122,26,371,177,244,128,234,242,180,216,138,218,137,258,114,233,103,236,151,229,133,206,158,211
64,170,2,2,119,0,1953125,12,0,0,0.95,0,0,NaN,0,0,199,224,189,216,200,228,206,213,209,213,236,201,229,192,245,190,252,169,244,171,262,146,263,118,276,143,247,159,204,153,261,121,262,179,292,306,212,322,169,453,162,487,187,331,81,400,86,482,359,675,574,414,647,827,1000,395,641,409,738,261,36,253,389,114,225,77,298,211,169,195,158,215,148,222,104,220,109,237,101,212,96,229,114,213,106
64,170,2,2,119,0,1953125,12,0,0,0.96,0,0,NaN,0,0,214,190,224,192,211,193,218,206,216,194,219,206,222,211,206,206,217,220,194,210,194,219,194,205,174,214,164,248,106,234,137,239,106,240,105,254,111,247,132,277,108,435,358,283,343,146,354,98,265,145,266,324,312,668,980,434,774,575,1000,531,262,265,260,262,101,185,193,235,98,212,110,217,124,207,98,213,107,219,114,188,119,202,135,183,120
64,170,2,2,119,0,1953125,12,0,0,0.86,0,0,NaN,0,0,46,53,2,40,19,43,46,16,61,39,15,27,35,36,12,54,37,28,30,59,72,6,77,77,28,63,56,126,89,70,142,50,123,140,153,168,90,193,180,37,137,227,304,355,350,506,498,153,205,268,473,690,817,933,1000,418,631,928,873,391,71,186,80,52,144,170,230,154,21,144,109,45,95,79,63,21,65,87,23,58,73,29,26,38,49
64,170,2,2,119,0,1953125,12,0,0,0.87,0,0,NaN,0,0,263,254,222,248,204,274,244,267,277,210,269,207,274,266,255,293,208,268,191,265,267,234,308,165,268,165,247,296,177,354,97,286,172,264,384,53,378,280,185,312,61,492,405,500,792,411,624,291,1000,669,595,926,509,613,621,281,929,682,497,165,574,385,18,267,146,202,293,186,287,128,192,167,180,246,164,267,155,188,179,165,248,158,249,180,169
64,170,2,2,119,0,1953125,12,0,0,0.86,0,0,NaN,0,0,66,59,22,55,26,29,17,45,64,18,44,46,27,12,47,65,9,46,45,51,17,78,114,30,88,100,73,91,63,208,188,119,260,228,217,192,248,371,253,267,220,156,125,224,401,436,251,595,937,745,683,562,373,147,306,924,1000,800,548,183,390,237,80,192,227,202,119,46,172,133,27,108,97,65,39,72,97,33,60,83,33,38,52,57,38
64,170,2,2,119,0,1953125,12,0,0,0.86,0,0,NaN,0,0,65,16,40,30,38,43,15,68,49,15,48,45,38,20,68,55,24,48,68,73,20,107,92,37,96,88,120,76,124,230,140,108,185,213,274,197,303,364,186,297,281,249,296,320,447,459,368,733,1000,700,473,747,826,286,175,514,547,614,312,263,437,228,95,188,184,157,48,83,146,80,60,104,70,57,35,83,83,4,72,66,19,44,50,52,22
64,170,2,2,119,0,1953125,12,0,0,0.86,0,0,NaN,0,0,54,40,35,71,25,40,44,41,50,18,65,49,30,50,60,50,36,86,56,57,69,86,104,40,146,141,64,138,135,183,163,93,231,218,203,245,253,307,247,338,441,292,377,385,287,245,227,505,804,413,495,791,1000,806,627,767,600,505,213,242,419,302,151,318,288,93,64,105,147,75,65,141,86,41,90,75,62,20,95,92,14,71,73,44,35
64,170,2,2,119,0,1953125,12,0,0,0.86,0,0,NaN,0,0,305,324,308,359,304,331,298,296,341,306,374,323,331,329,278,345,292,374,331,316,358,208,366,251,338,386,210,403,168,338,364,171,452,269,363,388,280,697,292,875,876,459,793,285,574,270,588,485,316,430,639,475,1000,106,940,750,841,613,440,781,630,214,483,38,461,268,368,417,62,324,168,294,327,203,331,185,258,242,221,302,224,300,239,230,250
64,170,2,2,119,0,1953125,12,0,0,0.87,0,0,NaN,0,0,22,29,42,2,34,20,24,25,15,36,11,25,28,29,22,35,44,27,41,29,45,28,45,76,30,84,84,118,129,71,151,118,145,210,179,266,275,248,302,113,72,74,104,274,305,533,612,385,391,480,497,292,379,598,596,514,497,634,1000,873,586,543,436,341,242,208,250,195,136,166,119,97,81,76,95,37,81,91,47,51,46,64,44,27,54
64,170,2,2,119,0,1953125,12,0,0,0.84,0,0,NaN,0,0,22,26,6,38,25,16,36,13,23,23,21,25,10,33,27,19,22,31,39,7,42,45,5,34,18,42,40,38,74,34,57,80,39,57,49,106,159,73,143,178,163,160,160,217,176,76,195,321,425,392,428,408,197,332,847,1000,642,267,376,504,473,233,82,184,152,101,105,111,120,60,52,93,53,43,73,40,33,37,50,50,11,48,55,16,33
64,170,1,2,119,0,1953125,12,0,0,0.87,0,0,NaN,0,0,16,22,5,38,43,28,54,33,6,14,31,33,11,42,30,6,29,60,42,34,63,35,30,18,94,83,28,130,133,101,53,130,291,264,122,137,192,300,230,60,169,236,262,175,109,141,257,406,305,523,882,857,457,580,726,508,346,565,919,1000,685,361,483,655,471,108,154,236,202,48,147,167,56,56,100,108,66,30,98,69,23,63,56,31,23
64,170,1,2,119,0,1953125,12,0,0,0.96,0,0,NaN,0,0,30,68,46,64,38,43,44,47,54,10,22,38,43,21,36,60,48,47,65,46,59,49,85,29,69,45,118,71,210,143,267,167,345,336,174,162,78,106,114,348,535,693,525,666,740,861,809,620,867,911,1000,926,828,765,297,316,532,513,185,495,478,589,372,311,360,336,296,72,248,177,123,17,158,129,47,88,118,133,24,104,81,69,23,72,59
64,170,2,2,119,0,1953125,12,0,0,0.86,0,0,NaN,0,0,249,283,248,256,269,242,295,259,284,270,247,282,241,300,270,278,289,233,289,224,283,275,242,312,191,287,202,242,292,168,370,230,200,253,125,449,261,260,436,64,472,176,448,443,148,463,204,481,560,242,750,359,820,999,697,913,325,970,360,106,232,213,287,383,164,260,38,268,195,245,326,132,242,149,183,257,171,280,199,200,203,144,237,174,253
64,170,2,2,119,0,1953125,12,0,0,0.86,0,0,NaN,0,0,46,32,18,35,5,45,31,21,49,22,27,34,40,36,19,49,37,37,39,46,55,6,73,73,12,66,56,93,79,88,179,113,19,96,94,129,131,10,138,181,153,250,176,191,189,306,477,442,378,431,374,594,785,1000,781,439,559,573,259,221,161,197,294,213,123,159,95,55,113,99,103,62,57,108,62,52,80,51,47,42,46,59,29,42,51
64,170,2,2,119,0,1953125,12,0,0,0.84,0,0,NaN,0,0,46,32,18,35,5,45,31,21,49,22,27,34,40,36,19,49,37,37,39,46,55,6,73,73,12,66,56,93,79,88,179,113,19,96,94,129,131,10,138,181,153,250,176,191,189,306,477,442,378,431,374,594,785,1000,781,439,559,573,259,221,161,197,294,213,123,159,95,55,113,99,103,62,57,108,62,52,80,51,47,42,46,59,29,42,51
64,170,2,2,119,0,1953125,12,0,0,0.85,0,0,NaN,0,0,28,24,40,6,39,21,30,47,10,32,33,26,25,25,41,18,33,35,40,34,34,80,45,49,72,25,74,50,95,82,38,160,122,85,173,180,227,211,146,399,320,191,96,37,135,233,140,221,351,334,501,575,615,526,773,1000,959,400,335,514,426,108,130,250,240,130,126,136,171,115,79,145,102,72,101,74,74,62,67,80,31,56,68,35,44
64,170,2,2,119,0,1953125,12,0,0,0.98,0,0,NaN,0,0,55,42,57,49,43,48,39,51,27,48,30,46,24,42,25,23,35,29,40,24,66,68,35,42,55,66,90,40,112,121,149,241,104,134,107,90,111,227,277,599,535,493,574,906,1000,834,809,599,741,822,549,200,386,680,605,469,189,735,947,816,544,578,523,510,348,122,152,52,81,68,146,74,122,45,121,48,56,25,58,26,51,37,38,24,40
64,170,2,2,119,0,1953125,12,0,7596,2.32,0,0,NaN,0,0,29,31,25,24,18,27,26,20,14,23,14,5,11,9,15,4,12,26,13,21,32,41,33,17,45,32,23,34,45,119,19,141,43,106,162,149,146,231,11,326,304,178,436,361,351,454,329,398,66,210,150,45,282,940,644,338,274,404,1000,679,182,57,141,140,177,129,108,15,90,107,43,34,60,57,27,17,47,38,14,10,26,25,13,10,20
64,170,2,2,119,0,1953125,12,0,7596,2.32,0,0,NaN,0,0,29,31,25,24,18,27,26,20,14,23,14,5,11,9,15,4,12,26,13,21,32,41,33,17,45,32,23,34,45,119,19,141,43,106,162,149,146,231,11,326,304,178,436,361,351,454,329,398,66,210,150,45,282,940,644,338,274,404,1000,679,182,57,141,140,177,129,108,15,90,107,43,34,60,57,27,17,47,38,14,10,26,25,13,10,20
64,170,2,2,119,0,1953125,12,0,0,0.88,0,0,NaN,0,0,966,958,957,957,953,966,972,984,986,981,978,984,991,991,1000,990,979,974,967,960,953,946,940,917,897,883,881,865,878,848,837,815,821,829,838,823,809,823,813,821,921,832,758,911,898,893,772,790,883,946,734,873,853,847,630,934,887,796,838,689,842,789,754,759,727,749,754,737,737,731,721,719,725,728,739,745,742,731,724,742,756,756,748,739,727
