64,170,2,2,119,0,1953125,12,0,0,0.95,0,0,NaN,0,0,33,36,27,50,24,55,5,33,13,50,11,33,22,44,8,47,38,62,23,79,39,74,47,99,86,57,88,51,114,31,148,41,135,132,269,248,110,137,46,145,364,289,229,157,30,52,153,305,450,468,416,121,560,886,717,638,1000,964,675,536,225,391,279,271,205,322,256,99,117,161,180,56,132,94,110,43,92,79,43,50,66,68,30,56,49
64,170,2,2,119,0,1953125,12,0,7843,2.37,0,0,NaN,0,0,18,22,26,19,23,20,34,16,24,13,22,19,13,9,19,22,7,25,16,27,4,24,40,17,45,22,83,42,102,69,119,22,38,167,186,240,104,163,216,201,303,301,191,32,111,154,252,48,344,351,406,33,666,1000,524,555,693,836,160,517,182,107,137,152,61,118,48,89,108,88,37,48,67,12,4,16,24,19,11,22,12,9,17,8,8
64,170,2,2,119,0,1953125,12,0,7778,2.35,0,0,NaN,0,0,55,42,24,36,42,55,4,40,19,46,5,18,20,29,11,27,53,4,38,39,96,30,57,42,42,75,120,91,165,58,18,136,209,106,150,27,229,223,373,273,179,91,114,117,48,102,131,383,429,479,435,249,562,817,1000,948,626,333,67,330,346,323,351,252,156,116,55,146,99,91,122,99,35,39,61,55,36,14,42,31,28,9,10,22,39
64,170,2,2,119,0,1953125,12,0,7716,2.34,0,0,NaN,0,0,42,67,60,24,35,55,54,32,24,60,31,35,48,61,14,42,62,68,22,31,68,86,68,33,127,71,71,88,13,92,174,75,70,130,188,88,216,208,176,339,310,215,152,251,412,572,684,542,610,514,337,125,569,953,1000,920,531,254,339,317,320,313,448,391,103,108,157,243,156,85,128,128,52,72,50,58,61,68,10,13,85,78,16,28,73
64,170,2,2,119,0,1953125,12,0,7763,2.35,0,0,NaN,0,0,15,42,41,58,8,44,20,54,13,17,23,32,27,27,49,3,36,45,59,30,57,58,78,54,34,87,83,37,41,64,15,109,53,59,114,249,192,306,299,297,362,184,106,165,461,581,600,557,315,225,94,353,665,1000,865,609,347,319,411,342,355,321,305,265,128,114,158,142,172,146,53,30,51,96,43,16,36,67,61,47,46,51,50,42,29
64,170,2,2,119,0,1953125,12,0,0,0.95,0,0,NaN,0,0,670,677,687,700,716,708,685,692,695,692,673,662,649,651,643,627,606,606,621,616,606,615,651,653,665,688,712,717,762,765,783,780,812,868,854,848,824,957,898,800,1000,803,900,915,805,752,875,903,691,740,774,833,796,722,763,974,932,681,888,866,875,818,890,946,930,899,871,928,963,971,946,913,940,963,956,922,898,923,933,924,866,869,871,893,873
64,170,2,2,119,0,1953125,12,0,0,0.95,0,0,NaN,0,0,37,47,67,22,58,15,54,9,62,24,48,28,62,30,44,47,76,34,74,44,72,19,90,68,75,72,102,134,24,133,59,78,126,26,183,153,203,220,97,232,301,366,490,314,281,93,443,611,904,981,774,699,874,1000,722,618,731,741,466,89,386,511,504,322,420,435,311,228,136,257,142,114,67,148,85,88,103,101,82,85,126,82,79,72,94
64,170,2,2,119,0,1953125,12,0,0,0.95,0,0,NaN,0,0,34,49,60,23,47,22,55,10,58,22,43,23,58,30,36,37,67,27,60,33,70,10,91,59,89,65,107,130,34,119,31,65,121,43,111,91,170,182,58,150,142,226,389,277,231,153,383,543,807,835,659,583,764,1000,724,640,784,784,537,159,370,555,535,341,393,394,323,216,116,225,136,112,61,154,82,85,89,112,74,79,118,81,71,64,91
64,170,2,2,119,0,1953125,12,0,0,0.95,0,0,NaN,0,0,138,106,142,138,151,133,123,135,141,154,109,141,98,159,109,146,73,154,90,166,77,148,66,205,83,193,91,200,188,118,199,121,179,208,167,197,92,286,144,239,129,122,373,399,129,292,575,560,991,899,609,605,720,1000,700,652,882,968,425,376,237,762,366,507,310,425,458,79,227,189,340,98,255,71,280,112,277,72,234,95,272,136,200,126,213
64,170,2,2,119,0,1953125,12,0,0,0.98,0,0,NaN,0,0,136,84,146,106,156,84,143,96,165,85,140,79,163,80,149,49,164,82,155,54,165,82,163,76,140,84,199,62,209,20,278,180,198,127,220,210,166,238,91,275,88,273,229,277,183,133,526,559,999,972,633,673,579,825,618,657,803,970,385,543,300,707,372,510,245,358,242,177,85,302,192,189,109,237,178,194,134,184,167,188,145,152,129,197,142
64,170,2,2,119,0,1953125,12,0,7078,2.23,0,0,NaN,0,0,26,17,7,15,20,24,6,15,15,11,2,2,5,10,8,9,16,4,11,27,29,12,11,11,27,23,10,20,28,41,18,65,83,73,38,44,157,107,166,254,194,299,130,235,200,84,326,226,513,357,386,359,302,289,641,463,709,1000,244,271,309,146,243,104,182,49,19,56,54,25,30,39,7,21,26,41,1,13,2,22,18,6,16,8,5
64,170,2,2,119,0,1953125,12,0,0,0.95,0,0,NaN,0,0,614,585,594,614,636,631,605,594,609,626,611,567,563,573,579,565,526,526,542,564,554,534,539,595,602,605,608,628,653,713,679,703,684,789,763,795,684,733,757,834,657,845,847,694,698,932,557,805,891,830,439,718,999,836,413,537,792,988,763,582,804,736,726,731,748,798,804,787,764,807,822,794,814,794,794,798,799,769,773,766,754,756,754,744,742
64,170,2,2,119,0,1953125,12,0,0,0.94,0,0,NaN,0,0,105,146,112,133,102,140,122,142,113,114,118,131,131,99,117,93,145,97,124,70,140,94,142,96,118,104,161,113,164,80,192,148,187,246,75,184,158,356,65,411,171,418,205,289,154,331,534,549,1000,780,696,445,361,523,591,384,832,960,354,448,314,541,210,347,132,348,332,67,145,205,261,106,223,78,228,130,222,111,182,123,203,152,162,152,142
64,170,2,2,119,0,1953125,12,0,0,0.95,0,0,NaN,0,0,39,33,61,24,49,2,46,17,53,23,31,15,47,29,19,22,54,17,52,30,59,18,84,86,54,83,53,123,49,76,69,18,116,176,29,78,85,193,83,101,66,92,226,300,171,220,465,672,906,863,664,414,606,999,840,753,978,965,736,366,390,503,483,358,286,354,259,190,40,199,113,90,59,143,102,70,101,92,85,57,111,74,62,55,79
64,170,2,2,119,0,1953125,12,0,0,0.95,0,0,NaN,0,0,27,61,38,42,31,46,49,24,41,29,48,24,50,27,31,38,54,36,53,46,72,32,93,43,119,38,123,86,56,111,3,80,125,99,104,38,169,179,84,184,106,254,369,281,339,167,282,620,888,818,801,473,655,1000,842,733,912,978,704,412,362,587,512,339,350,321,344,197,97,157,130,99,84,152,62,93,82,132,55,93,103,90,62,69,88
64,170,2,2,119,0,1953125,12,0,0,0.95,0,0,NaN,0,0,33,62,54,39,47,37,60,22,55,25,55,30,63,31,45,43,70,36,71,42,84,22,107,55,122,65,135,122,59,139,29,94,111,87,79,7,175,209,108,259,259,425,544,458,504,138,195,532,846,884,889,517,624,1000,737,669,762,874,698,317,396,570,536,336,369,373,356,228,94,197,132,120,61,159,67,91,82,129,70,87,113,90,67,65,92
64,170,2,2,119,0,1953125,12,0,0,0.95,0,0,NaN,0,0,26,68,44,47,40,48,56,26,49,32,54,35,62,37,48,51,72,46,69,52,87,27,104,46,121,41,147,101,90,137,50,127,73,44,96,108,221,191,133,328,347,587,642,560,632,172,290,520,892,1000,966,499,595,847,575,415,577,829,665,257,284,516,476,262,344,349,369,212,113,196,150,124,68,158,64,84,75,131,58,89,102,89,62,65,92
64,170,2,2,119,0,1953125,12,0,0,0.95,0,0,NaN,0,0,23,62,29,46,29,49,46,28,33,36,45,32,51,35,38,49,61,47,59,51,77,27,80,31,98,13,124,59,101,112,81,127,10,100,133,192,241,151,147,312,346,585,582,515,548,217,413,562,893,1000,865,452,449,672,473,213,470,716,599,214,148,404,337,172,277,276,314,164,112,161,142,110,63,133,49,70,58,111,39,77,82,80,48,56,73
64,170,2,2,119,0,1953125,12,0,0,0.97,0,0,NaN,0,0,51,51,31,44,35,59,16,47,28,60,6,42,28,42,21,42,28,31,39,57,27,49,53,92,25,77,35,103,24,170,100,168,74,242,290,308,285,174,176,174,204,404,441,450,525,204,406,610,931,999,795,496,558,870,651,483,622,732,606,230,115,381,322,165,219,179,220,77,99,92,112,53,102,74,50,14,93,79,17,45,53,50,26,57,45
64,170,2,2,119,0,1953125,12,0,0,0.95,0,0,NaN,0,0,30,55,42,32,37,33,49,16,41,17,42,19,48,24,36,35,59,30,59,35,74,7,79,37,81,32,80,62,52,104,70,126,32,187,207,267,227,91,123,168,206,388,377,269,329,190,361,515,774,828,680,431,486,1000,780,656,684,801,735,377,113,158,228,122,161,179,230,177,59,160,123,118,23,124,67,54,42,91,56,49,74,64,50,37,67
64,170,1,2,119,0,1953125,12,0,0,0.95,0,0,NaN,0,0,29,46,51,24,46,21,49,10,46,15,42,21,53,26,41,35,64,29,66,38,74,23,82,62,74,54,72,85,31,116,56,125,36,187,230,245,207,67,106,153,187,340,374,244,286,75,284,455,672,708,561,352,454,1000,820,773,845,886,762,431,250,140,261,198,180,219,212,183,40,169,116,116,37,118,79,55,59,77,65,42,82,56,52,37,66
64,170,1,2,119,0,1953125,12,0,0,0.95,0,0,NaN,0,0,30,51,50,27,48,24,51,12,49,15,45,23,55,28,46,43,68,34,71,41,78,24,93,69,87,65,81,91,36,128,70,138,52,236,262,282,217,87,140,152,156,313,325,221,262,5,212,401,646,657,545,294,440,1000,840,797,783,859,700,446,359,249,359,261,245,266,243,201,52,175,115,121,43,124,80,58,60,80,62,43,80,56,52,35,64
64,170,1,2,119,0,1953125,12,0,0,0.96,0,0,NaN,0,0,140,118,137,133,144,145,121,144,121,154,114,144,97,154,103,157,73,165,67,190,49,181,30,232,64,215,85,204,147,212,185,185,180,308,452,252,416,54,342,228,105,284,394,70,328,200,225,221,818,732,705,516,494,855,864,711,837,1000,583,703,260,588,320,517,267,464,416,177,230,246,313,109,224,137,276,131,234,87,232,134,244,90,202,122,226
64,170,2,2,119,0,1953125,12,0,0,0.95,0,0,NaN,0,0,33,63,59,40,53,39,68,14,59,24,54,31,69,38,52,54,89,50,92,62,112,45,131,101,134,95,119,126,49,139,79,155,74,318,311,389,249,161,185,96,103,304,341,208,270,191,154,348,767,911,858,588,451,933,799,685,782,1000,754,509,428,419,547,358,382,399,385,306,104,226,164,162,69,179,117,86,87,122,94,57,110,82,77,47,86
64,170,2,2,119,0,1953125,12,0,0,0.95,0,0,NaN,0,0,36,66,64,39,61,38,71,14,66,25,58,33,74,39,56,55,89,52,98,65,117,50,140,111,139,110,122,140,47,154,76,162,71,323,301,367,241,142,168,137,120,309,352,225,318,238,164,384,799,1000,922,671,537,989,797,677,805,991,726,484,423,410,538,336,392,420,389,311,117,244,163,168,74,190,124,92,95,126,99,57,114,88,79,50,89
64,170,1,2,119,0,1953125,12,0,0,0.95,0,0,NaN,0,0,27,63,43,46,44,46,61,21,52,29,54,28,58,34,47,49,75,54,84,57,107,44,128,80,145,84,122,108,65,140,82,129,60,253,201,314,179,134,110,139,148,324,275,216,265,123,204,444,874,984,1000,752,574,941,703,527,683,867,633,411,239,338,431,259,350,353,383,271,122,201,160,154,69,171,99,91,71,122,78,62,96,81,69,47,80
64,170,1,2,119,0,1953125,12,0,0,0.96,0,0,NaN,0,0,117,124,109,126,120,141,100,137,96,144,101,134,81,136,93,136,73,132,71,159,60,151,35,203,48,197,70,186,140,189,160,155,137,245,290,173,289,42,210,262,93,336,353,165,362,87,226,302,856,610,674,398,464,641,778,611,1000,902,583,622,206,445,224,442,110,438,256,205,137,288,199,158,135,206,207,163,149,155,182,171,181,111,165,156,188
64,170,2,2,119,0,1953125,12,0,0,0.97,0,0,NaN,0,0,63,34,45,27,53,50,28,41,39,47,19,43,36,33,28,41,34,20,58,56,41,49,78,112,47,101,46,99,23,133,80,120,63,204,253,219,246,110,141,118,169,236,313,179,267,176,480,708,968,873,505,478,648,1000,837,723,915,748,552,260,58,213,206,43,180,151,138,66,111,145,76,50,70,105,14,60,61,90,18,78,64,52,14,58,53
64,170,2,2,119,0,1953125,12,0,0,0.97,0,0,NaN,0,0,62,132,76,122,64,128,80,132,73,114,79,126,84,101,73,114,89,102,58,121,86,119,85,127,108,125,128,100,123,148,205,117,212,152,386,155,358,136,198,195,170,226,373,170,439,132,485,569,1000,808,628,407,615,695,615,390,596,573,201,210,236,374,221,281,81,332,93,162,50,255,119,146,65,202,110,179,66,173,108,175,103,129,104,165,112
64,170,2,2,119,0,1953125,12,0,0,0.95,0,0,NaN,0,0,41,48,69,16,60,15,59,4,63,27,48,28,68,41,47,48,81,44,73,48,75,31,81,73,73,72,108,143,43,146,78,121,110,52,170,153,212,213,75,216,269,329,486,296,389,121,336,569,888,1000,839,400,488,952,853,709,835,842,599,77,314,476,450,252,282,329,259,190,90,241,148,129,61,151,95,77,96,109,89,73,122,89,73,61,91
