64,170,2,2,119,0,1953125,12,0,0,0.66,0,0,NaN,0,0,646,648,647,648,644,645,648,651,652,647,651,644,649,654,644,650,648,659,659,653,647,651,658,662,659,659,650,641,659,673,640,656,646,658,694,624,684,733,792,634,672,540,620,500,497,333,624,540,709,518,691,1000,530,489,777,688,850,902,533,637,838,776,703,639,655,686,665,673,658,656,665,659,661,675,663,664,667,663,669,664,670,659,675,669,670
64,170,2,2,119,0,1953125,12,0,7813,2.36,0,0,NaN,0,0,27,22,36,42,33,19,32,40,27,13,25,36,20,11,34,42,20,22,40,42,32,31,54,76,33,42,66,68,73,35,70,92,59,152,14,247,96,175,27,194,65,164,167,335,399,96,396,118,569,316,473,309,407,838,239,407,1000,543,769,102,323,168,254,114,93,23,64,121,59,71,48,21,11,43,72,32,12,40,41,39,5,35,45,30,3
64,170,2,2,119,0,1953125,12,0,0,0.98,0,0,NaN,0,0,208,214,203,219,209,217,203,219,197,228,192,216,197,217,193,217,180,225,198,215,175,234,198,228,195,220,219,235,188,252,198,259,231,189,289,221,210,312,159,306,142,495,315,635,709,344,562,83,214,269,485,182,426,524,748,867,1000,249,352,304,427,125,390,126,346,134,363,133,335,177,314,191,276,214,289,197,272,205,282,202,268,202,269,212,261
64,170,2,2,119,0,1953125,12,0,0,0.98,0,0,NaN,0,0,208,214,203,219,209,217,203,219,197,228,192,216,197,217,193,217,180,225,198,215,175,234,198,228,195,220,219,235,188,252,198,259,231,189,289,221,210,312,159,306,142,495,315,635,709,344,562,83,214,269,485,182,426,524,748,867,1000,249,352,304,427,125,390,126,346,134,363,133,335,177,314,191,276,214,289,197,272,205,282,202,268,202,269,212,261
64,170,2,2,119,0,1953125,12,0,0,0.74,0,0,NaN,0,0,21,20,34,23,11,33,26,7,24,27,9,16,20,18,20,16,26,30,8,25,39,21,17,45,24,33,68,33,32,65,79,67,121,132,144,212,237,179,197,275,365,236,308,415,432,542,609,490,219,78,376,322,371,524,781,1000,840,771,874,426,311,98,207,140,91,41,80,60,15,33,47,37,17,47,49,19,28,44,31,26,31,24,32,34,14
64,170,2,2,119,0,1953125,12,0,0,0.76,0,0,NaN,0,0,21,40,26,12,33,22,7,26,15,17,28,13,23,31,15,22,33,23,27,24,16,39,25,3,36,41,13,82,67,37,128,75,63,172,189,143,250,267,154,74,9,107,239,234,152,233,453,398,303,478,625,663,528,313,582,960,999,408,61,361,325,278,192,125,211,335,256,112,152,147,97,45,65,56,50,54,30,35,47,24,26,47,30,16,39
64,170,2,2,119,0,1953125,12,0,0,0.83,0,0,NaN,0,0,297,284,288,322,290,319,294,276,303,257,303,293,276,329,267,289,289,245,301,258,295,320,282,333,258,300,274,294,388,203,406,466,97,540,458,291,563,240,575,608,172,476,586,445,999,130,715,609,330,533,466,229,500,514,984,562,452,647,421,973,901,110,563,314,268,479,163,503,408,296,443,292,305,364,275,369,356,369,368,304,347,286,316,342,311
64,170,2,2,119,0,1953125,12,0,0,0.82,0,0,NaN,0,0,31,19,18,37,11,29,37,3,32,28,13,25,21,31,23,26,36,20,24,20,30,44,5,50,40,22,61,43,15,54,32,52,73,14,85,65,105,205,166,196,277,314,368,240,137,275,420,465,191,99,190,497,628,865,901,1000,743,628,550,206,95,41,28,140,113,50,91,52,44,51,70,87,34,42,65,30,29,49,21,25,33,28,32,14,33
64,170,2,2,119,0,1953125,12,0,7406,2.29,0,0,NaN,0,0,45,26,16,20,31,22,15,19,16,27,5,12,18,24,12,24,19,24,11,28,22,51,4,32,79,4,5,22,28,157,89,220,78,20,130,195,252,253,245,211,198,233,397,260,434,515,856,445,361,819,999,258,848,243,773,667,419,997,457,392,565,301,158,51,107,39,63,105,84,55,111,61,73,39,56,69,71,24,45,62,37,13,38,45,29
64,170,2,2,119,0,1953125,12,0,0,1,0,0,NaN,0,0,788,800,800,790,794,803,802,789,779,788,789,777,765,770,774,766,758,756,773,771,765,766,784,800,786,795,821,829,831,829,856,873,885,877,829,929,859,893,856,897,945,807,968,851,925,839,816,852,1000,802,770,914,853,761,820,925,928,766,843,944,822,865,878,908,882,885,916,921,904,914,920,923,920,907,916,922,908,904,904,898,902,890,888,888,891
64,170,2,2,119,0,1953125,12,0,0,0.8,0,0,NaN,0,0,278,249,303,257,263,296,234,286,277,239,306,254,259,303,218,285,272,208,309,238,258,325,221,308,312,193,338,262,244,390,199,383,481,42,527,418,120,527,451,201,726,430,531,672,170,609,784,338,744,357,505,726,291,728,1000,629,707,213,369,651,186,461,476,195,284,397,201,358,370,256,395,282,277,350,234,337,317,267,366,288,306,343,254,321,299
64,170,2,2,119,0,1953125,12,0,0,0.81,0,0,NaN,0,0,300,268,308,303,284,323,279,289,309,254,299,288,263,318,272,290,307,247,300,261,265,328,244,326,330,244,359,254,301,402,182,369,417,198,409,352,270,710,281,424,712,221,866,798,166,719,737,377,696,784,443,682,205,361,1000,209,547,32,516,744,227,431,438,184,421,284,307,505,309,342,444,306,322,349,285,367,326,343,387,307,362,342,291,353,295
64,170,2,2,119,0,1953125,12,0,0,0.83,0,0,NaN,0,0,32,38,17,23,10,24,29,8,43,35,8,34,31,22,13,29,30,4,22,12,20,16,53,85,31,68,98,41,53,76,68,151,100,98,275,170,270,446,418,537,357,320,345,278,174,115,154,262,206,246,558,494,943,1000,724,803,608,766,556,732,447,235,309,274,134,135,89,112,89,40,94,50,41,55,29,3,6,27,28,19,48,44,8,30,35
64,170,2,2,119,0,1953125,12,0,0,1,0,0,NaN,0,0,60,19,57,4,47,19,56,9,48,17,57,14,30,31,45,28,35,56,53,39,38,42,20,93,77,99,92,35,99,107,102,218,147,106,102,75,31,203,440,674,804,588,514,372,170,432,851,958,1000,781,664,401,198,225,271,450,513,766,800,691,659,514,272,208,97,160,139,196,109,73,71,102,59,71,76,59,39,50,50,46,45,63,59,25,30
64,170,2,2,119,0,1953125,12,0,0,0.86,0,0,NaN,0,0,46,11,43,16,43,32,27,57,21,34,41,34,32,32,59,37,43,52,77,59,41,88,48,65,68,74,102,43,118,115,22,79,27,49,50,186,296,234,181,210,65,188,183,298,416,367,728,686,701,722,660,728,584,225,565,1000,823,609,569,699,506,333,262,124,145,172,24,158,115,69,91,79,116,42,87,106,49,80,80,69,59,48,78,59,31
64,170,2,2,119,0,1953125,12,0,0,0.74,0,0,NaN,0,0,171,190,206,175,193,211,176,187,210,171,176,204,164,169,198,160,164,206,166,165,220,171,167,232,181,171,258,204,159,252,206,124,272,261,87,248,313,89,297,325,204,142,332,258,156,569,541,472,1000,723,215,503,254,476,668,30,252,481,727,394,372,244,105,297,317,159,191,283,168,195,269,203,171,274,234,177,253,224,168,229,218,170,222,213,176
64,170,2,2,119,0,1953125,12,0,0,0.74,0,0,NaN,0,0,218,199,205,222,202,206,225,203,210,227,200,203,220,193,200,214,184,191,210,182,203,224,193,215,221,187,231,241,213,195,314,195,235,294,178,180,344,193,239,232,230,219,445,312,157,386,612,404,586,487,184,513,1000,395,492,469,400,624,576,382,162,330,203,146,401,262,170,337,259,196,299,280,218,257,251,227,262,245,219,249,232,211,243,228,216
64,170,2,2,119,0,1953125,12,0,0,0.7,0,0,NaN,0,0,140,126,152,151,127,150,163,132,143,170,147,138,175,164,133,175,181,136,163,197,150,139,202,178,114,193,229,114,153,230,156,82,236,202,81,167,327,200,130,442,361,163,339,235,93,228,357,333,175,426,461,154,372,560,412,582,1000,590,279,391,200,166,164,189,196,51,207,160,107,208,223,128,171,232,172,138,205,198,145,190,210,162,173,210,173
64,170,2,2,119,0,1953125,12,0,7296,2.27,0,0,NaN,0,0,22,15,19,17,22,19,22,17,12,19,12,8,17,4,9,6,1,10,7,8,32,20,3,47,30,7,58,84,66,78,72,51,95,192,124,136,15,182,266,96,67,312,523,364,545,232,101,307,329,338,498,220,1000,464,381,324,444,145,498,539,158,418,131,237,70,82,30,106,81,28,57,66,48,17,38,14,28,19,11,7,14,15,1,14,10
64,170,2,2,119,0,1953125,12,0,0,0.69,0,0,NaN,0,0,131,141,108,124,143,148,127,122,124,132,122,125,119,119,111,128,114,105,98,85,100,114,108,112,103,86,111,98,110,103,39,62,98,139,89,114,235,351,330,377,289,221,242,350,169,293,720,569,669,475,550,472,570,600,1000,641,872,138,497,195,142,97,164,223,331,163,149,167,124,122,147,166,131,152,133,117,148,148,122,132,98,119,114,123,135
64,170,2,2,119,0,1953125,12,0,0,0.66,0,0,NaN,0,0,19,3,23,27,11,14,30,23,6,26,32,16,16,35,30,9,28,40,25,22,46,42,26,50,61,44,42,78,91,71,91,116,116,72,110,145,123,123,153,275,253,147,164,221,253,282,307,229,377,622,590,495,355,669,1000,570,466,550,525,261,136,171,185,106,39,123,147,101,24,82,89,27,51,101,77,12,55,79,48,16,62,62,18,41,68
64,170,2,2,119,0,1953125,12,0,0,0.65,0,0,NaN,0,0,11,20,34,29,11,29,41,25,15,36,40,20,20,42,40,17,36,53,38,17,43,57,45,32,73,92,62,75,100,119,55,82,121,141,144,187,187,183,268,314,170,326,322,275,77,249,398,758,707,551,615,966,1000,498,591,840,964,476,532,392,671,380,198,145,214,220,117,57,150,183,96,21,100,127,68,30,101,103,38,45,97,85,23,50,89
64,170,2,2,119,0,1953125,12,0,0,0.69,0,0,NaN,0,0,207,218,212,207,218,220,208,216,222,210,217,234,218,208,231,231,212,228,248,224,221,230,242,232,242,245,216,248,271,189,230,303,252,173,241,309,229,92,365,259,103,405,472,70,374,73,255,312,634,497,476,555,912,440,437,485,1000,560,349,659,808,294,230,362,311,171,236,307,248,222,218,208,209,253,218,195,247,263,216,231,270,244,225,271,274
64,170,2,2,119,0,1953125,12,0,0,0.61,0,0,NaN,0,0,24,24,12,13,26,26,12,13,30,31,18,22,39,41,30,26,43,54,41,38,63,78,72,47,69,112,111,105,113,145,139,109,90,175,222,186,199,247,278,366,320,327,343,485,488,290,294,611,618,447,453,749,911,613,310,1000,768,421,546,225,281,273,339,153,100,229,268,230,81,137,189,152,70,46,112,136,81,13,88,105,72,16,68,97,80
64,170,2,2,119,0,1953125,12,0,0,0.6,0,0,NaN,0,0,19,24,21,16,22,29,28,21,24,33,36,29,28,40,44,38,36,46,55,51,39,53,64,75,65,55,73,83,79,79,110,139,153,105,116,142,202,149,255,280,338,395,320,227,108,292,328,190,298,612,693,603,772,886,1000,469,357,500,493,339,383,268,216,226,238,143,66,89,134,139,83,52,93,120,96,39,55,91,88,45,24,67,79,51,8
64,170,2,2,119,0,1953125,12,0,0,0.63,0,0,NaN,0,0,3,19,23,12,7,25,29,15,12,29,32,19,16,34,40,21,20,47,44,27,20,46,54,34,30,52,55,50,47,96,129,94,47,153,109,13,93,185,271,107,156,301,294,183,216,433,348,301,386,501,134,515,695,805,669,1000,967,369,232,424,608,211,193,183,205,175,48,42,129,141,46,56,110,106,42,41,87,87,39,39,78,75,34,42,74
64,170,2,2,119,0,1953125,12,0,0,1,0,0,NaN,0,0,33,28,50,16,26,14,48,16,21,20,51,19,15,32,41,8,21,40,36,34,28,58,30,55,25,63,13,80,63,22,48,161,87,104,79,129,141,105,175,262,202,79,206,337,206,204,428,570,472,79,490,659,771,584,251,554,1000,705,627,361,68,154,222,206,104,104,111,113,13,41,67,77,18,33,43,32,42,56,26,17,35,46,20,21,35
64,170,2,2,119,0,1953125,12,0,0,1,0,0,NaN,0,0,70,15,37,20,60,27,47,27,52,21,47,26,24,35,54,29,10,73,63,38,2,85,64,42,33,125,73,64,57,118,57,121,132,215,191,79,87,32,75,138,244,134,312,447,596,361,89,450,754,765,831,741,682,531,446,691,1000,900,597,508,322,226,58,191,146,150,81,165,132,31,23,137,103,8,27,90,57,43,56,64,25,56,68,44,7
64,170,2,2,119,0,1953125,12,0,0,0.6,0,0,NaN,0,0,22,16,19,27,28,22,20,29,34,28,24,32,42,36,30,40,49,52,40,39,53,62,62,52,65,85,66,60,87,107,117,95,101,114,100,102,80,155,231,323,348,249,223,331,368,267,357,621,656,434,705,955,1000,851,714,994,848,526,396,288,212,234,242,118,58,130,163,117,48,43,104,120,82,30,74,110,90,36,46,87,88,44,23,67,80
64,170,2,2,119,0,1953125,12,0,0,0.62,0,0,NaN,0,0,17,21,32,27,14,22,33,31,17,25,38,35,21,28,43,38,28,40,52,52,38,45,61,84,79,77,103,108,90,93,145,160,169,158,183,204,240,234,253,419,407,330,401,468,258,253,287,629,691,637,806,687,759,634,585,837,703,1000,889,455,209,315,274,156,46,139,280,219,60,106,175,156,76,46,132,146,83,15,90,109,71,20,82,105,67
