64,170,2,2,119,0,1953125,12,0,0,0.75,0,0,NaN,0,0,5,22,25,7,20,25,11,24,26,5,23,30,12,21,28,14,21,29,30,27,18,42,56,34,39,61,42,43,120,102,37,85,74,64,118,188,143,95,191,155,230,367,374,302,150,95,194,360,549,422,323,325,653,729,1000,702,352,717,465,242,177,116,131,154,108,84,88,145,114,55,70,83,50,48,68,47,16,52,52,17,34,40,18,28,39
64,170,2,2,119,0,1953125,12,0,0,0.82,0,0,NaN,0,0,31,37,5,38,23,20,41,8,35,39,10,34,30,34,31,30,42,21,35,32,26,55,31,51,58,15,78,56,35,61,10,76,55,71,230,211,88,181,208,367,430,276,252,325,388,386,423,293,600,594,604,409,188,101,617,420,649,1000,697,596,570,350,331,269,201,187,149,55,135,119,82,84,56,89,91,30,53,55,18,50,37,35,49,30,35
64,170,2,2,119,0,1953125,12,0,0,0.8,0,0,NaN,0,0,250,249,276,232,268,273,241,288,256,258,294,241,278,270,238,299,250,264,301,231,272,265,214,291,217,251,271,159,313,288,143,294,261,146,313,151,415,306,128,472,393,321,766,617,201,404,189,483,581,399,810,688,684,1000,410,384,623,290,442,523,25,399,211,216,345,202,145,295,101,232,256,144,274,190,177,249,157,208,214,164,231,189,201,235,173
64,170,2,2,119,0,1953125,12,0,0,0.97,0,0,NaN,0,0,51,65,33,68,27,67,16,59,17,66,3,47,22,50,19,44,24,35,38,55,41,59,87,133,13,51,109,165,99,257,202,300,160,41,143,438,494,508,536,382,331,561,645,589,846,778,838,559,483,860,1000,858,657,844,697,716,513,491,81,535,584,592,532,272,272,194,328,127,137,88,102,37,130,93,62,38,91,87,23,51,62,61,16,50,34
64,170,2,2,119,0,1953125,12,0,7631,2.33,0,0,NaN,0,0,25,22,18,31,25,23,18,19,16,13,11,8,27,16,17,17,30,3,16,16,43,18,26,42,41,44,44,92,7,56,39,100,46,137,79,159,191,136,160,23,126,119,376,266,516,318,349,349,365,719,660,505,781,630,307,120,1000,449,532,450,483,411,167,246,77,58,115,11,57,11,21,44,46,16,37,17,26,12,5,20,27,5,20,10,18
64,170,2,2,119,0,1953125,12,0,7561,2.32,0,0,NaN,0,0,76,60,44,60,75,70,24,37,81,58,33,10,73,50,33,22,72,30,34,70,69,28,47,50,149,128,73,116,110,225,151,239,12,272,214,278,141,288,386,628,540,433,355,77,83,186,232,299,540,920,1000,690,313,311,779,697,539,122,404,439,474,261,117,143,229,127,139,153,77,113,96,61,13,65,89,40,76,75,101,15,95,85,89,4,59
64,170,2,2,119,0,1953125,12,0,0,0.96,0,0,NaN,0,0,501,515,460,447,407,421,400,367,273,265,252,236,185,149,164,208,212,226,275,346,375,381,438,491,558,554,601,615,693,673,680,699,695,768,674,735,744,774,661,659,741,731,681,596,735,603,602,616,482,838,618,617,711,806,565,460,528,1000,647,655,561,524,787,592,508,445,624,534,580,453,419,444,486,439,357,311,313,311,321,243,200,134,149,158,105
64,170,2,2,119,0,1953125,12,0,0,0.96,0,0,NaN,0,0,194,226,191,222,195,231,191,232,196,229,203,237,202,225,212,225,218,214,216,206,233,182,245,160,224,162,269,109,246,103,283,163,236,27,462,294,177,205,313,359,108,165,323,600,378,564,95,523,272,344,466,458,586,1000,816,202,239,671,557,254,257,77,283,110,190,88,293,78,243,95,230,143,201,161,172,169,165,193,148,187,132,195,141,198,116
64,170,2,2,119,0,1953125,12,0,0,0.95,0,0,NaN,0,0,33,26,40,18,48,9,40,5,49,21,38,21,46,26,36,28,49,27,63,51,65,32,74,79,78,86,45,88,55,122,64,146,97,166,147,198,266,212,161,48,299,401,496,305,188,352,380,380,222,714,942,1000,886,474,187,335,769,627,225,164,198,259,134,58,141,164,96,88,65,131,48,79,76,85,59,51,81,41,47,36,63,28,51,53,45
64,170,2,2,119,0,1953125,12,0,0,0.96,0,0,NaN,0,0,45,63,70,37,49,38,60,35,60,16,47,34,71,23,42,55,75,35,67,67,91,55,127,83,164,55,183,79,155,83,178,95,278,304,238,281,323,476,225,251,472,860,1000,787,607,475,598,323,319,558,729,682,957,935,498,577,576,683,145,119,145,462,218,175,256,236,235,74,217,151,159,48,205,142,65,49,101,96,43,90,65,64,35,86,56
64,170,2,2,119,0,1953125,12,0,0,0.96,0,0,NaN,0,0,215,261,227,257,218,264,222,269,227,264,226,270,238,264,239,250,255,254,249,225,260,228,276,184,267,177,313,136,262,179,313,83,321,115,402,221,318,346,185,128,395,395,159,427,308,713,423,566,264,440,521,1000,829,943,622,125,486,596,516,138,274,134,293,103,259,101,309,80,275,160,236,154,228,187,203,187,188,212,184,213,162,213,171,226,151
64,170,2,2,119,0,1953125,12,0,0,0.96,0,0,NaN,0,0,80,57,62,58,62,67,40,58,36,63,28,63,37,57,42,60,54,60,65,89,58,91,77,172,63,196,80,262,158,199,118,234,276,288,307,262,488,499,484,150,508,587,473,238,595,943,958,676,194,889,701,485,318,710,856,859,706,849,999,566,309,336,467,439,274,290,193,272,103,249,122,196,117,172,142,101,132,98,126,46,113,73,86,49,91
64,170,2,2,119,0,1953125,12,0,0,0.96,0,0,NaN,0,0,169,166,168,173,171,172,164,178,172,182,163,186,159,197,155,195,150,194,148,206,130,195,137,201,114,213,117,192,142,178,146,156,143,187,214,113,264,63,223,79,184,159,359,160,416,255,286,230,159,58,457,335,506,490,325,514,771,1000,406,317,216,225,46,151,66,271,157,160,160,145,151,131,147,121,185,88,176,90,167,95,172,93,167,90,166
64,170,2,2,119,0,1953125,12,0,0,0.96,0,0,NaN,0,0,196,212,201,210,202,210,208,212,207,212,214,207,225,198,227,195,233,191,231,174,237,178,226,156,243,134,245,163,212,147,252,161,208,181,209,248,108,308,113,206,180,384,87,481,88,528,414,350,259,285,139,389,299,346,525,537,1000,632,604,190,229,77,278,115,273,129,242,226,136,186,145,196,144,226,92,216,103,218,117,197,119,200,129,196,131
64,170,2,2,119,0,1953125,12,0,0,0.96,0,0,NaN,0,0,266,242,267,252,269,250,262,258,272,267,259,267,259,286,251,284,237,287,234,306,209,279,214,309,167,326,153,301,204,292,141,315,229,263,233,263,263,244,409,135,426,81,367,240,667,460,950,572,178,39,603,574,273,268,643,481,749,1000,339,402,34,481,232,184,155,398,135,286,219,216,188,241,197,204,237,179,244,160,244,165,249,157,246,151,244
64,170,2,2,119,0,1953125,12,0,0,0.97,0,0,NaN,0,0,206,221,205,218,206,226,209,220,213,222,222,220,217,221,220,223,216,219,209,225,216,201,204,214,194,215,190,190,202,196,209,157,252,152,232,187,306,79,390,94,221,197,326,56,479,200,339,151,493,350,217,445,318,249,810,818,760,1000,309,442,25,412,84,242,47,309,113,238,147,207,127,216,158,180,166,168,172,167,161,172,173,165,168,164,169
64,170,2,2,119,0,1953125,12,0,0,0.96,0,0,NaN,0,0,44,16,43,13,43,25,32,25,25,21,26,22,27,25,26,17,35,18,42,24,42,21,57,37,69,58,87,102,72,127,95,179,94,163,138,238,223,161,124,75,152,247,322,393,488,318,92,127,522,608,390,390,459,871,1000,862,763,567,245,253,174,258,193,147,221,159,181,55,129,102,126,90,102,96,50,60,49,68,29,57,37,42,23,44,39
64,170,2,2,119,0,1953125,12,0,7586,2.32,0,0,NaN,0,0,46,44,31,28,39,50,33,23,29,40,17,6,28,28,24,10,50,35,27,23,79,42,33,17,88,58,77,51,93,134,40,110,41,154,92,81,54,265,102,550,251,344,362,149,264,172,476,606,372,310,451,247,1000,962,460,694,599,663,852,854,465,555,193,253,59,58,160,57,45,16,23,63,40,13,4,40,45,18,9,23,36,30,9,15,32
64,170,2,2,119,0,1953125,12,0,0,0.96,0,0,NaN,0,0,471,448,463,464,456,377,309,357,342,297,200,173,187,191,174,136,185,271,289,319,310,404,495,506,490,511,550,665,654,681,597,664,754,780,719,678,627,765,888,725,549,806,580,819,664,662,368,597,839,536,806,226,1000,860,466,540,713,733,730,589,432,695,609,511,607,502,538,541,522,502,464,443,454,429,370,343,323,311,281,245,150,162,148,124,94
64,170,2,2,119,0,1953125,12,0,0,0.96,0,0,NaN,0,0,256,288,242,291,253,294,256,288,255,299,264,293,269,282,281,284,283,265,291,251,305,235,306,206,324,180,339,145,321,167,336,154,322,140,359,283,192,205,359,326,366,564,249,539,235,582,195,354,236,1000,619,397,329,630,319,391,604,984,988,278,538,120,302,111,308,46,378,150,283,169,255,199,250,211,211,228,194,273,168,230,174,266,168,252,148
64,170,2,2,119,0,1953125,12,0,0,0.96,0,0,NaN,0,0,194,223,189,234,198,228,192,232,199,241,198,231,197,243,202,235,202,222,218,215,217,205,205,197,252,159,227,146,246,148,258,64,349,96,307,199,191,131,264,287,194,221,187,192,326,431,265,526,41,459,163,422,359,560,708,1000,812,530,264,421,375,261,365,93,194,99,306,66,225,74,252,117,208,113,207,155,196,154,171,180,161,185,143,179,147
64,170,2,2,119,0,1953125,12,0,0,0.96,0,0,NaN,0,0,360,316,353,320,356,322,358,330,354,334,357,335,364,342,349,345,354,339,352,344,322,348,326,333,299,340,293,390,200,378,282,378,208,540,20,558,133,460,269,452,130,752,585,651,750,348,736,285,224,712,1000,449,930,193,791,431,778,209,864,48,359,91,554,384,362,384,233,315,223,363,168,379,157,333,179,333,178,322,195,316,195,317,215,297,217
64,170,2,2,119,0,1953125,12,0,0,0.96,0,0,NaN,0,0,263,298,257,300,270,298,271,294,274,304,285,294,286,289,307,281,304,265,316,248,323,240,317,210,344,195,344,142,343,244,308,125,425,280,292,347,230,294,164,390,324,371,343,818,165,472,158,794,424,427,571,103,276,705,673,937,999,659,718,230,584,85,308,107,400,130,373,237,247,167,275,251,215,245,191,263,185,283,155,273,160,275,168,260,163
64,170,2,2,119,0,1953125,12,0,0,0.66,0,0,NaN,0,0,84,85,114,102,76,102,117,87,81,115,109,71,97,122,87,68,120,121,62,98,131,101,47,132,143,62,77,175,158,20,125,178,172,49,248,315,195,145,372,371,111,180,338,381,165,429,581,664,574,774,639,288,657,999,499,249,284,630,166,198,235,404,188,98,216,212,119,87,182,170,66,114,180,129,58,133,150,94,86,141,123,70,114,138,93
64,170,2,2,119,0,1953125,12,0,0,0.67,0,0,NaN,0,0,23,39,26,7,34,37,13,22,40,29,10,37,42,21,29,55,48,22,53,67,43,35,77,87,50,69,118,121,79,130,164,149,139,218,276,213,157,221,294,312,215,337,399,453,509,488,359,323,550,548,484,547,754,1000,357,160,316,764,613,400,376,371,181,209,232,203,100,107,175,143,56,88,143,97,27,78,96,56,31,82,72,15,51,74,42
64,170,2,2,119,0,1953125,12,0,0,0.69,0,0,NaN,0,0,317,311,334,325,304,330,335,299,311,334,307,292,326,312,279,311,318,269,288,322,267,262,304,271,245,326,284,203,288,345,225,232,391,339,67,447,554,159,249,364,437,190,560,476,264,355,989,647,340,604,810,656,442,811,816,716,719,1000,409,309,640,398,82,308,327,127,202,387,282,179,284,312,223,259,303,249,240,288,261,223,268,269,215,232,260
64,170,2,2,119,0,1953125,12,0,0,0.68,0,0,NaN,0,0,245,262,261,246,258,266,248,249,268,256,241,258,262,241,244,261,241,236,257,246,214,254,271,191,207,274,236,156,243,283,178,145,274,277,137,233,367,211,184,494,300,100,169,418,376,216,471,664,357,357,213,242,158,623,581,166,282,999,731,227,337,437,189,255,405,322,138,222,292,209,133,236,255,160,160,229,188,151,191,197,153,167,195,165,151
64,170,2,2,119,0,1953125,12,0,0,0.69,0,0,NaN,0,0,65,60,35,52,70,47,29,63,68,35,42,72,63,26,55,76,48,38,79,77,29,67,111,57,43,90,90,29,74,145,58,53,109,238,202,220,285,273,227,366,318,222,77,387,615,339,145,235,676,510,626,562,571,707,660,999,748,172,408,850,509,226,240,371,287,155,174,200,135,89,120,129,76,38,87,90,41,64,91,57,20,73,72,20,48
64,170,2,2,119,0,1953125,12,0,0,0.69,0,0,NaN,0,0,33,8,28,40,25,9,36,35,14,22,35,28,12,27,34,24,19,40,44,25,25,44,57,36,55,67,44,41,105,125,88,94,161,174,205,251,218,128,145,291,303,164,204,379,522,410,436,291,314,385,478,836,697,385,720,1000,884,475,200,560,522,282,205,247,240,177,155,162,126,95,68,108,83,42,64,85,62,34,65,62,28,43,65,46,22
64,170,2,2,119,0,1953125,12,0,0,0.69,0,0,NaN,0,0,199,188,210,209,187,204,215,190,195,222,200,181,215,214,178,199,220,192,182,222,198,164,215,222,152,175,244,171,150,222,251,52,230,281,184,91,248,284,73,171,432,387,276,457,261,101,199,474,167,180,176,207,44,640,687,459,557,1000,427,257,229,213,186,127,292,215,58,155,224,121,92,171,155,85,144,170,104,123,164,130,114,158,149,115,148
