64,170,2,2,119,0,1953125,12,0,0,0.96,0,0,NaN,0,0,82,65,61,51,57,63,53,64,30,58,34,68,17,43,42,61,20,39,50,69,41,71,73,127,52,156,9,149,27,189,40,224,135,273,267,282,286,70,286,412,782,658,749,546,213,404,274,301,156,422,544,853,928,1000,913,902,975,657,673,643,902,580,469,455,435,389,205,359,223,304,119,242,160,166,120,132,137,89,122,69,106,54,105,76,95
64,170,2,2,119,0,1953125,12,0,0,0.96,0,0,NaN,0,0,66,46,67,41,50,40,52,46,34,30,37,36,36,38,49,32,56,42,54,29,77,55,93,96,110,120,91,211,160,267,92,283,174,282,164,277,146,314,506,640,881,641,518,177,557,652,923,895,668,897,659,853,634,101,285,406,351,802,1000,912,760,495,521,374,416,268,250,260,161,162,53,144,35,93,35,115,30,88,48,77,44,58,51,29,24
64,170,2,2,119,0,1953125,12,0,0,0.96,0,0,NaN,0,0,307,306,306,308,325,305,319,305,339,304,347,288,355,281,369,268,363,248,373,248,361,210,375,192,374,197,346,156,402,230,364,258,422,365,287,396,244,342,456,780,571,1000,449,637,177,766,555,765,441,723,642,551,758,213,466,547,592,631,971,667,878,319,652,342,579,317,368,316,265,288,218,266,172,251,181,281,139,255,140,274,145,259,113,253,140
64,170,2,2,119,0,1953125,12,0,7686,2.34,0,0,NaN,0,0,32,40,39,40,37,35,31,29,32,17,26,17,27,6,32,20,31,26,49,33,38,22,89,22,62,20,61,95,18,111,52,205,161,249,125,418,98,272,291,138,599,179,495,399,644,517,1000,877,347,483,70,569,204,796,510,171,372,602,838,374,283,253,242,197,310,135,117,95,73,132,10,52,58,84,60,26,35,62,34,15,16,34,28,11,24
64,170,2,2,119,0,1953125,12,0,7828,2.36,0,0,NaN,0,0,33,40,34,29,32,31,28,13,31,17,20,1,19,7,15,15,12,14,24,15,24,11,49,9,62,15,49,55,74,140,81,299,255,429,223,518,62,112,258,357,380,59,380,536,623,145,908,750,217,254,136,833,705,688,318,386,934,1000,701,70,552,263,224,126,429,84,214,67,145,150,31,66,54,88,54,42,40,50,19,23,19,24,16,9,26
64,170,2,2,119,0,1953125,12,0,7828,2.36,0,0,NaN,0,0,33,40,34,29,32,31,28,13,31,17,20,1,19,7,15,15,12,14,24,15,24,11,49,9,62,15,49,55,74,140,81,299,255,429,223,518,62,112,258,357,380,59,380,536,623,145,908,750,217,254,136,833,705,688,318,386,934,1000,701,70,552,263,224,126,429,84,214,67,145,150,31,66,54,88,54,42,40,50,19,23,19,24,16,9,26
64,170,2,2,119,0,1953125,12,0,0,0.96,0,0,NaN,0,0,940,941,956,966,959,948,970,980,988,985,973,982,1000,991,984,963,958,969,957,925,911,893,896,877,836,816,822,826,788,760,770,778,756,755,735,753,785,744,766,768,758,811,764,739,828,823,754,822,789,779,773,773,808,747,766,720,708,775,664,707,618,679,659,609,608,617,627,598,587,594,612,608,593,591,602,616,613,596,600,605,617,591,588,574,572
64,170,2,2,119,0,1953125,12,0,0,0.96,0,0,NaN,0,0,300,322,301,344,300,334,296,351,307,349,297,350,301,361,301,341,290,347,305,321,291,310,288,314,276,305,266,297,375,199,349,250,540,136,539,69,466,155,496,172,619,343,350,198,867,804,774,1000,364,838,383,965,612,594,77,439,200,587,146,512,311,350,313,291,409,142,313,166,383,54,294,103,271,149,242,150,240,150,246,161,224,166,215,182,191
64,170,2,2,119,0,1953125,12,0,0,0.96,0,0,NaN,0,0,238,249,238,251,244,249,251,249,259,243,267,241,269,237,272,227,272,221,274,200,272,196,260,195,240,195,252,144,319,81,310,73,456,137,494,273,330,291,339,283,387,412,169,232,677,839,711,973,325,866,605,1000,725,633,407,530,585,442,311,354,413,216,361,194,416,43,330,80,367,103,245,92,217,127,196,117,191,118,204,136,184,133,177,158,150
64,170,2,2,119,0,1953125,12,0,7818,2.36,0,0,NaN,0,0,42,56,42,27,31,53,38,31,14,49,37,15,2,34,43,10,23,48,34,9,40,66,64,53,40,80,124,61,148,35,179,68,202,124,15,244,256,303,326,335,301,290,230,557,570,652,953,874,454,628,187,801,647,443,164,613,191,929,1000,282,70,377,62,367,95,178,71,131,118,99,79,8,42,33,17,41,29,34,9,19,10,40,20,14,18
