64,170,2,2,119,0,1953125,12,0,7771,2.35,0,0,NaN,0,0,35,31,41,37,27,37,25,28,22,16,13,18,17,16,16,18,23,22,21,20,25,36,60,1,31,61,13,36,44,43,124,59,95,112,143,165,171,520,677,399,237,82,165,377,450,362,573,207,309,399,1000,924,515,642,193,327,343,149,663,266,664,392,240,202,180,90,86,125,95,15,79,25,71,52,9,45,23,52,13,13,10,27,19,22,13
64,170,2,2,119,0,1953125,12,0,7963,2.39,0,0,NaN,0,0,118,95,100,36,106,68,97,9,42,82,98,10,17,92,36,24,81,85,68,57,147,42,166,86,162,109,234,113,201,159,79,140,32,273,93,239,204,389,197,125,75,153,224,477,352,297,193,501,356,246,285,727,757,844,774,753,1000,794,706,280,284,387,493,309,72,106,118,207,192,23,34,181,176,27,42,103,96,73,43,77,44,99,59,35,52
64,170,2,2,119,0,1953125,12,0,7601,2.32,0,0,NaN,0,0,97,101,56,55,84,65,63,33,54,55,42,14,38,36,31,9,45,51,49,17,81,90,58,51,95,79,119,117,74,219,130,79,17,312,339,245,434,275,359,404,197,257,400,363,291,354,31,351,454,702,790,764,1000,949,957,822,345,204,581,798,650,568,394,73,72,172,205,35,168,37,134,68,110,60,64,86,75,35,39,19,83,67,38,31,46
64,170,2,2,119,0,1953125,12,0,7755,2.35,0,0,NaN,0,0,33,69,49,40,53,49,51,36,33,28,44,8,14,47,35,26,14,50,16,50,43,63,65,92,30,77,114,68,47,162,155,96,134,150,222,137,236,185,285,111,76,232,168,354,357,395,350,574,850,926,1000,765,522,407,424,688,636,675,431,308,257,145,124,63,37,89,3,108,77,38,48,69,60,38,44,30,66,20,39,10,60,20,46,29,34
64,170,2,2,119,0,1953125,12,0,7636,2.33,0,0,NaN,0,0,71,106,91,47,78,76,86,31,52,61,55,35,40,71,12,45,50,102,32,45,81,154,59,49,105,212,116,47,225,162,165,263,176,344,101,132,87,312,167,26,240,434,277,373,104,492,624,917,1000,635,440,34,440,473,343,272,510,534,685,688,373,171,129,212,166,15,98,174,137,34,58,106,143,29,68,31,107,67,32,36,64,47,45,48,52
64,170,2,2,119,0,1953125,12,0,0,0.37,0,0,NaN,0,0,12,18,12,25,12,35,29,18,26,11,32,24,20,37,12,16,9,19,26,24,9,38,28,45,52,31,38,2,12,25,56,84,59,93,102,86,64,81,115,86,146,243,70,149,296,291,288,425,163,165,242,346,445,299,375,1000,280,576,401,251,388,157,247,216,207,123,98,30,70,89,66,47,49,56,18,55,20,22,38,37,2,35,29,28,12
64,170,2,2,119,0,1953125,12,0,0,0.38,0,0,NaN,0,0,20,18,16,16,15,15,17,22,26,27,31,33,29,27,25,16,16,16,12,28,31,37,56,63,56,58,86,62,48,74,80,48,71,14,51,157,158,173,360,29,279,248,14,166,56,368,320,445,441,485,952,824,522,952,967,999,528,766,768,591,395,335,345,343,284,292,286,242,218,209,174,149,111,88,76,77,78,83,91,97,102,98,96,94,81
64,170,2,2,119,0,1953125,12,0,0,0.37,0,0,NaN,0,0,36,27,27,40,22,22,35,34,38,38,58,15,41,36,24,38,51,21,43,55,64,32,61,39,49,39,46,50,118,43,136,143,160,63,103,140,126,147,181,285,222,493,59,313,398,170,517,89,476,256,147,368,950,1000,822,607,382,993,874,244,340,375,204,71,74,119,95,88,66,28,52,80,47,44,56,34,35,38,42,44,86,19,23,36,57
64,170,2,2,119,0,1953125,12,0,0,0.37,0,0,NaN,0,0,36,27,27,40,22,22,35,34,38,38,58,15,41,36,24,38,51,21,43,55,64,32,61,39,49,39,46,50,118,43,136,143,160,63,103,140,126,147,181,285,222,493,59,313,398,170,517,89,476,256,147,368,950,1000,822,607,382,993,874,244,340,375,204,71,74,119,95,88,66,28,52,80,47,44,56,34,35,38,42,44,86,19,23,36,57
64,170,2,2,119,0,1953125,12,0,8008,2.39,0,0,NaN,0,0,39,41,33,25,39,36,33,23,27,34,25,12,17,26,22,19,30,45,24,38,26,47,6,47,46,80,59,40,57,15,111,63,73,162,187,72,64,83,379,303,110,130,151,159,245,94,334,96,683,680,868,653,817,1000,919,307,226,628,889,845,159,504,76,108,203,21,87,96,11,51,31,28,33,11,17,27,28,34,6,20,28,5,7,12,11
