64,170,2,2,119,0,1953125,12,0,0,0.99,0,0,NaN,0,0,823,835,837,833,834,842,845,834,825,825,835,815,804,803,809,806,790,791,798,805,802,795,816,819,838,842,842,867,888,887,891,907,924,947,906,958,948,940,955,944,988,937,924,999,894,947,979,893,871,983,911,854,944,787,979,946,798,996,947,885,936,947,956,946,974,966,974,983,991,984,1000,991,996,989,986,991,991,976,964,967,970,961,954,947,949
64,170,2,2,119,0,1953125,12,0,0,0.95,0,0,NaN,0,0,253,265,258,292,261,281,245,285,257,296,233,283,237,291,243,278,230,278,261,266,269,254,291,244,331,224,354,181,419,153,467,132,443,191,531,296,436,332,569,659,308,423,338,824,187,551,162,645,188,911,559,858,768,135,328,499,821,505,1000,363,762,304,441,175,450,354,376,350,288,328,323,411,236,344,256,402,254,352,239,347,277,350,250,324,268
64,170,2,2,119,0,1953125,12,0,0,1,0,0,NaN,0,0,349,334,359,335,361,328,367,326,366,312,376,305,366,299,368,294,368,289,359,308,348,320,330,367,300,402,253,502,216,540,208,641,162,704,268,780,490,778,516,761,534,708,582,822,926,779,706,776,947,598,987,277,904,254,766,465,272,857,388,1000,456,627,355,569,317,599,369,540,358,527,386,473,441,421,398,442,412,420,378,438,378,429,366,417,382
64,170,2,2,119,0,1953125,12,0,0,0.99,0,0,NaN,0,0,58,54,42,42,50,56,32,42,43,43,34,42,43,25,47,32,50,18,78,30,70,41,131,52,104,47,154,83,142,129,166,153,92,90,89,114,170,220,147,174,161,198,251,318,232,289,185,162,133,391,396,629,529,617,703,919,707,768,972,1000,889,437,311,338,427,240,245,249,296,187,160,187,145,91,96,140,69,46,68,93,21,45,63,59,20
64,170,2,2,119,0,1953125,12,0,0,0.99,0,0,NaN,0,0,222,206,227,210,226,204,231,205,232,195,226,202,228,190,221,196,223,197,211,205,217,214,228,204,256,201,289,163,315,166,333,156,329,176,421,84,432,35,462,189,330,96,468,147,398,55,589,193,546,378,640,547,357,146,520,334,674,503,999,693,548,569,113,410,148,313,211,363,171,360,140,372,164,321,173,314,206,291,201,284,209,290,199,273,204
64,170,2,2,119,0,1953125,12,0,0,0.95,0,0,NaN,0,0,42,49,25,44,14,45,9,53,12,35,11,46,22,36,26,46,17,45,25,54,19,78,51,70,71,64,92,32,87,24,91,28,98,16,60,12,150,59,175,202,132,228,120,83,24,124,216,46,122,169,157,31,512,836,929,956,652,762,999,767,478,291,127,174,178,151,207,180,207,99,184,135,152,104,114,116,82,104,79,99,54,79,65,67,58
64,170,2,2,119,0,1953125,12,0,0,0.95,0,0,NaN,0,0,144,200,157,202,142,197,150,209,150,193,144,200,162,186,159,171,173,174,185,152,190,152,219,133,239,98,262,92,282,131,248,141,250,215,212,231,201,285,205,318,69,390,156,378,41,314,192,341,66,298,53,614,621,644,663,782,1000,714,826,571,789,203,316,102,347,213,276,196,241,251,229,299,133,279,142,317,111,280,105,277,152,261,141,235,162
64,170,2,2,119,0,1953125,12,0,7768,2.35,0,0,NaN,0,0,22,28,23,10,23,21,28,4,14,12,22,12,10,18,11,3,17,19,4,9,15,46,14,33,7,62,40,44,64,25,132,67,134,132,226,198,176,151,121,239,172,19,122,88,124,71,249,61,213,302,463,146,31,613,678,734,362,729,1000,479,428,315,62,116,78,91,99,40,95,47,85,29,85,44,51,20,21,36,18,22,16,14,20,9,5
64,170,2,2,119,0,1953125,12,0,7768,2.35,0,0,NaN,0,0,22,28,23,10,23,21,28,4,14,12,22,12,10,18,11,3,17,19,4,9,15,46,14,33,7,62,40,44,64,25,132,67,134,132,226,198,176,151,121,239,172,19,122,88,124,71,249,61,213,302,463,146,31,613,678,734,362,729,1000,479,428,315,62,116,78,91,99,40,95,47,85,29,85,44,51,20,21,36,18,22,16,14,20,9,5
64,170,2,2,119,0,1953125,12,0,0,0.96,0,0,NaN,0,0,237,251,255,262,237,256,242,275,233,264,213,280,219,279,195,276,198,294,198,274,195,297,227,278,231,265,296,257,321,187,382,173,435,76,496,197,361,219,552,140,662,357,378,293,383,382,428,686,558,1000,286,651,130,656,95,277,319,560,439,255,385,244,422,171,490,100,428,221,357,215,369,280,303,274,311,294,299,276,293,290,292,288,272,289,278
64,170,2,2,119,0,1953125,12,0,7675,2.34,0,0,NaN,0,0,30,20,30,33,27,15,21,25,18,12,10,30,7,11,13,25,18,22,25,28,28,22,35,32,36,9,51,48,44,113,109,191,80,113,55,150,192,252,251,236,232,131,185,276,536,218,385,343,411,166,461,260,384,479,779,1000,202,137,615,155,501,144,255,240,229,129,88,139,82,106,28,37,41,66,24,26,23,55,39,26,9,31,32,22,3
64,170,2,2,119,0,1953125,12,0,0,0.96,0,0,NaN,0,0,350,391,398,373,292,268,299,302,257,181,138,183,176,139,65,123,203,209,157,209,301,338,373,344,348,414,540,541,456,430,539,606,606,539,492,558,677,610,521,454,586,462,789,610,436,564,664,492,579,373,199,677,1000,396,434,448,588,830,472,308,580,584,526,476,271,461,536,450,366,343,373,393,384,326,263,262,279,266,200,167,159,147,124,98,49
64,170,2,2,119,0,1953125,12,0,0,1,0,0,NaN,0,0,43,45,53,24,32,46,52,24,26,46,38,32,31,50,18,40,25,51,13,53,8,36,61,62,53,72,88,97,65,108,206,258,232,327,267,329,130,219,145,243,208,468,488,373,239,75,64,64,308,500,384,557,726,999,836,667,430,598,724,546,471,212,292,222,285,187,225,122,120,81,122,75,45,20,51,21,65,20,48,16,68,30,45,36,58
64,170,2,2,119,0,1953125,12,0,0,0.95,0,0,NaN,0,0,35,37,30,43,23,47,7,38,8,45,11,40,19,42,17,45,29,60,21,69,34,68,41,89,88,56,105,47,123,24,154,107,223,145,254,279,207,144,17,92,104,258,307,439,409,315,225,113,255,331,397,213,544,637,591,624,642,999,935,669,526,296,321,200,145,98,211,94,102,107,173,122,84,123,93,106,54,111,69,50,46,68,53,33,61
64,170,2,2,119,0,1953125,12,0,0,0.89,0,0,NaN,0,0,29,52,25,48,50,35,79,28,35,27,52,38,32,60,38,26,34,76,22,47,39,64,55,59,108,8,96,77,121,134,165,344,235,317,360,440,417,213,340,305,197,233,182,265,164,301,459,437,609,564,960,969,729,907,1000,988,429,531,675,437,204,87,116,75,177,190,144,77,79,71,170,128,37,121,87,80,34,98,102,7,77,65,51,29,69
64,170,2,2,119,0,1953125,12,0,7798,2.36,0,0,NaN,0,0,43,38,40,52,32,42,24,42,28,28,28,39,25,26,28,33,38,37,43,38,68,29,96,33,84,36,64,50,78,106,161,156,203,179,188,299,328,204,425,304,408,229,307,165,352,268,221,249,525,291,708,584,355,905,542,999,941,863,652,709,761,645,419,263,183,146,73,114,83,86,54,81,39,73,14,44,36,54,52,19,24,17,38,26,17
64,170,2,2,119,0,1953125,12,0,0,1,0,0,NaN,0,0,506,565,555,526,452,435,458,409,349,293,307,234,210,172,203,230,214,278,330,357,404,460,496,551,587,631,636,696,762,734,779,755,780,792,823,797,718,933,814,700,749,803,876,509,698,930,499,459,836,719,390,960,749,665,781,554,648,1000,489,640,803,719,572,612,693,671,649,622,516,580,617,524,450,441,489,438,343,282,315,302,232,121,110,131,134
64,170,2,2,119,0,1953125,12,0,0,0.88,0,0,NaN,0,0,185,179,192,217,195,211,178,183,179,194,213,197,204,162,175,170,201,203,195,196,149,182,164,226,224,190,208,154,196,219,228,259,162,327,29,378,157,309,328,168,277,130,225,300,193,487,126,393,255,447,505,284,526,740,993,1000,130,567,259,353,115,381,361,229,222,116,220,345,200,370,197,200,215,200,306,226,275,196,200,204,216,271,226,243,194
64,170,2,2,119,0,1953125,12,0,0,0.46,0,0,NaN,0,0,15,23,26,26,20,15,13,22,27,29,26,19,10,14,26,39,42,41,33,22,16,30,40,43,54,39,19,9,29,28,133,65,97,93,10,91,145,38,198,202,96,147,128,59,404,383,380,624,546,823,793,467,517,628,954,1000,503,547,345,425,301,112,137,160,87,186,58,113,48,53,41,81,86,90,90,52,39,17,43,57,68,63,55,36,24
64,170,2,2,119,0,1953125,12,0,7745,2.35,0,0,NaN,0,0,51,34,27,32,37,41,13,27,27,23,11,31,29,23,18,36,46,41,27,47,50,37,44,43,81,55,70,39,79,189,149,146,95,139,147,205,182,153,338,437,360,325,465,618,459,545,685,525,788,950,906,805,999,888,672,212,977,829,89,478,127,92,272,250,248,147,117,140,32,103,17,115,36,52,40,63,68,18,44,45,55,15,30,36,52
64,170,2,2,119,0,1953125,12,0,0,1,0,0,NaN,0,0,782,793,800,809,807,798,802,806,800,787,782,791,785,771,759,770,773,761,756,765,779,773,770,784,803,814,796,833,849,847,856,884,885,899,894,890,924,906,897,924,920,874,933,920,886,819,972,860,842,921,864,919,791,838,872,933,773,999,834,824,934,911,890,909,931,929,929,941,948,954,949,948,956,952,946,942,947,947,930,928,921,928,913,908,911
64,170,2,2,119,0,1953125,12,0,7730,2.35,0,0,NaN,0,0,40,37,32,42,37,32,26,27,30,21,12,31,22,17,24,24,39,15,46,39,50,26,37,34,57,30,44,51,88,118,167,201,112,233,176,283,115,120,209,130,325,193,328,420,314,355,419,68,109,181,1000,650,862,905,473,199,553,231,375,280,395,290,190,295,277,235,196,196,89,134,25,60,27,42,27,38,43,32,43,17,34,10,31,28,18
64,170,2,2,119,0,1953125,12,0,0,1,0,0,NaN,0,0,805,805,814,826,824,812,815,818,821,803,800,803,804,787,778,781,791,778,767,775,793,797,788,798,818,831,831,836,867,879,874,883,892,928,902,926,901,955,953,906,920,968,918,895,918,987,807,995,908,863,937,820,929,876,961,763,999,793,926,930,901,906,903,967,936,936,963,970,961,959,967,984,977,965,966,967,969,961,949,945,958,946,930,932,936
64,170,2,2,119,0,1953125,12,0,0,0.96,0,0,NaN,0,0,279,292,277,293,281,298,283,286,279,288,289,274,279,270,287,271,274,272,265,285,274,267,274,297,272,313,235,382,234,391,337,325,391,261,429,235,380,338,301,278,471,267,357,272,692,20,648,298,497,731,107,529,333,722,481,755,378,827,478,1000,302,832,201,685,233,605,403,388,409,333,384,335,400,285,439,263,422,247,408,275,394,267,375,280,380
64,170,2,2,119,0,1953125,12,0,0,0.88,0,0,NaN,0,0,10,45,46,24,51,24,17,14,27,37,15,39,27,10,13,42,36,18,32,29,33,27,87,62,36,74,49,63,17,132,80,54,73,42,51,95,48,236,181,246,334,239,212,236,400,283,172,471,641,615,523,620,721,423,268,67,661,1000,651,210,502,470,261,56,117,155,121,138,102,71,46,39,120,117,30,85,85,45,1,61,78,35,54,59,28
64,170,2,2,119,0,1953125,12,0,0,0.95,0,0,NaN,0,0,32,54,40,39,37,43,50,21,39,31,53,21,54,39,56,37,69,39,66,46,99,41,120,63,137,62,149,130,160,190,204,271,129,201,134,267,120,191,235,387,397,301,360,194,267,172,245,207,405,414,113,144,349,936,885,797,627,857,1000,773,750,539,502,301,175,94,205,188,180,237,197,218,128,187,122,112,93,118,109,68,96,71,75,45,78
64,170,2,2,119,0,1953125,12,0,0,0.87,0,0,NaN,0,0,63,53,16,34,12,58,35,47,54,10,23,27,46,18,40,42,17,8,43,71,23,72,78,30,46,58,140,59,113,183,111,170,82,159,67,216,192,152,89,188,193,222,75,216,468,205,261,479,810,807,457,851,923,562,366,643,802,1000,700,487,592,441,196,125,293,200,66,150,106,84,26,96,166,84,70,126,83,52,32,101,82,18,88,69,17
64,170,2,2,119,0,1953125,12,0,0,0.97,0,0,NaN,0,0,23,53,25,58,41,47,49,38,37,41,55,34,37,53,59,45,47,67,61,44,60,56,67,48,94,62,114,32,113,53,48,56,51,121,72,142,147,111,187,219,250,384,357,424,331,244,219,216,335,636,647,649,610,809,999,837,578,507,580,492,502,424,408,287,179,233,257,282,164,238,184,195,110,154,135,110,105,120,124,67,91,79,84,45,76
64,170,2,2,119,0,1953125,12,0,0,0.99,0,0,NaN,0,0,29,52,24,53,24,60,14,49,20,54,17,42,26,40,23,25,35,22,39,12,60,14,90,41,98,34,137,99,196,175,229,194,211,231,267,298,219,306,272,331,189,259,194,314,213,155,45,34,166,292,236,417,500,739,1000,905,655,432,536,507,493,248,318,278,338,229,293,224,217,155,165,146,67,55,63,71,23,36,45,42,36,52,39,36,37
64,170,2,2,119,0,1953125,12,0,7730,2.35,0,0,NaN,0,0,42,34,35,52,30,28,24,31,25,21,16,33,25,20,28,30,36,23,45,32,62,21,70,41,58,16,96,54,77,197,220,146,60,98,141,274,303,195,207,328,407,249,420,130,261,256,654,367,54,551,299,653,871,800,1000,376,983,113,686,171,143,269,194,250,177,131,25,106,53,131,36,62,42,52,49,45,40,46,64,43,26,25,50,31,15
