64,170,2,2,119,0,1953125,12,0,0,0.61,0,0,NaN,0,0,15,17,29,28,18,17,29,30,20,17,28,32,23,26,43,50,40,30,51,64,52,42,72,96,111,97,123,135,158,168,173,251,262,301,231,200,147,133,171,167,216,430,500,309,480,555,494,290,332,538,659,439,382,858,1000,694,577,521,350,538,553,340,181,242,341,275,140,125,197,187,120,38,90,135,115,46,44,97,96,49,21,75,85,53,5
64,170,2,2,119,0,1953125,12,0,0,0.65,0,0,NaN,0,0,13,3,19,23,11,12,24,18,3,20,25,14,10,29,27,12,15,31,20,5,31,36,3,28,50,34,29,53,76,51,43,109,92,102,56,148,87,136,177,252,236,255,419,523,308,290,323,630,700,749,591,882,1000,466,230,307,584,239,127,50,310,298,211,146,167,233,109,33,112,120,60,40,58,53,37,52,59,28,36,60,61,30,38,57,45
64,170,2,2,119,0,1953125,12,0,0,0.67,0,0,NaN,0,0,30,21,4,26,28,11,15,32,29,11,20,31,22,12,28,34,24,18,31,36,24,21,41,35,23,29,44,28,10,40,65,49,88,93,134,143,169,186,198,218,277,322,196,160,276,539,591,674,613,626,872,855,1000,405,346,557,764,279,412,257,307,244,114,145,151,194,116,58,56,122,86,18,42,54,26,19,46,30,12,31,39,25,17,30,30
64,170,2,2,119,0,1953125,12,0,0,0.69,0,0,NaN,0,0,21,35,21,9,32,31,8,23,35,22,11,33,34,18,25,34,27,22,35,41,31,29,32,37,36,36,40,29,25,37,59,53,34,63,84,86,102,128,156,150,199,188,89,147,338,332,313,205,454,657,812,748,790,601,797,707,1000,485,256,268,211,93,39,39,74,116,49,21,26,43,38,38,40,38,33,31,41,45,36,31,41,42,29,32,39
64,170,2,2,119,0,1953125,12,0,0,0.77,0,0,NaN,0,0,32,21,18,28,14,17,23,7,14,19,7,20,18,13,23,15,21,29,20,35,33,14,39,27,22,50,25,71,101,74,44,105,95,63,137,114,95,200,219,174,221,222,84,159,116,179,304,259,329,348,776,772,1000,679,743,815,956,470,259,176,253,158,97,183,121,117,48,14,32,53,12,65,56,30,66,60,19,40,41,18,32,36,19,32,29
64,170,1,2,119,0,1953125,12,0,7636,2.33,0,0,NaN,0,0,20,24,23,11,9,23,32,15,8,24,25,17,9,21,23,22,13,28,20,14,16,41,19,28,24,48,42,42,26,91,59,46,41,129,54,62,57,43,72,126,142,72,235,37,195,257,278,124,235,186,575,254,284,459,1000,514,427,138,408,299,297,333,7,159,122,36,80,107,81,48,24,60,68,27,24,45,54,23,15,24,25,20,11,22,18
64,170,2,2,119,0,1953125,12,0,7616,2.33,0,0,NaN,0,0,87,152,85,176,76,124,78,105,104,88,98,65,120,79,138,4,153,94,180,77,198,161,246,139,208,245,276,314,408,303,358,427,659,372,465,198,387,452,643,460,657,98,267,467,798,418,291,291,664,355,463,409,1000,797,621,507,352,287,485,259,150,217,599,505,715,540,98,152,208,118,172,85,146,132,148,70,72,106,138,52,62,66,44,51,36
64,170,2,2,119,0,1953125,12,0,0,0.36,0,0,NaN,0,0,41,36,24,51,9,8,12,17,32,37,16,64,13,45,49,14,10,17,25,63,44,37,42,20,58,34,85,9,59,42,108,133,121,157,198,99,167,244,412,111,214,396,280,358,325,573,101,85,180,255,622,602,367,673,720,134,1000,562,457,531,369,338,175,92,144,169,109,125,80,98,106,105,75,110,80,67,66,35,59,54,87,48,37,51,71
64,170,2,2,119,0,1953125,12,0,0,0.35,0,0,NaN,0,0,7,6,3,3,4,6,11,10,13,13,16,14,15,12,13,12,10,12,9,17,14,28,21,41,45,53,43,57,92,83,94,67,117,82,124,164,186,165,147,279,335,174,331,320,376,328,519,620,442,719,802,1000,520,382,583,814,405,80,467,338,323,76,112,113,71,107,22,37,19,59,31,58,52,46,46,42,45,37,41,37,35,32,33,31,39
64,170,2,2,119,0,1953125,12,0,7580,2.32,0,0,NaN,0,0,20,18,22,22,23,14,21,12,8,6,10,12,6,7,15,12,7,23,24,17,12,32,29,33,24,66,51,9,44,51,123,111,179,148,113,151,133,231,276,154,181,236,372,432,584,47,129,530,1000,238,227,358,340,690,969,285,554,649,505,343,290,116,45,48,184,6,96,69,86,63,73,53,64,51,33,43,33,52,22,26,18,39,19,11,15
64,170,2,2,119,0,1953125,12,0,0,0.72,0,0,NaN,0,0,215,210,184,189,194,177,156,134,132,104,96,64,61,38,39,48,64,87,106,132,151,168,196,205,234,271,271,339,342,421,378,444,322,319,349,505,717,746,643,619,455,199,533,580,489,608,540,579,354,425,581,434,676,688,689,878,1000,619,201,62,217,266,309,217,324,303,292,295,293,277,223,222,228,236,250,231,228,210,208,221,183,186,189,180,166
64,170,2,2,119,0,1953125,12,0,0,0.96,0,0,NaN,0,0,171,103,164,102,182,114,189,104,183,114,196,103,187,99,183,102,180,79,180,65,199,90,171,52,242,125,209,137,231,198,275,292,298,319,330,494,463,592,201,588,506,876,628,722,202,402,502,983,1000,592,507,283,338,831,915,669,640,327,540,612,638,366,458,169,432,169,345,124,244,96,268,194,169,154,182,153,168,173,132,165,133,152,119,151,111
64,170,2,2,119,0,1953125,12,0,0,0.7,0,0,NaN,0,0,114,85,59,100,93,48,87,96,48,70,98,57,54,102,74,39,100,93,38,95,113,49,95,133,61,74,175,142,39,187,196,178,153,303,182,115,250,467,228,74,32,162,94,310,346,308,354,380,623,792,972,937,709,923,1000,956,875,211,210,347,420,211,110,94,226,110,65,133,121,15,114,105,9,109,128,35,83,129,73,45,111,90,36,99,101
64,170,2,2,119,0,1953125,12,0,0,0.72,0,0,NaN,0,0,10,20,33,22,12,28,27,19,20,23,26,27,15,33,45,25,21,53,38,13,61,72,42,38,71,49,0,23,25,58,114,180,223,195,133,163,293,310,98,136,116,96,166,606,695,377,353,599,1000,756,497,144,304,426,674,761,671,602,634,859,688,395,196,184,170,152,82,183,171,70,110,172,145,48,78,108,55,25,80,75,19,50,77,49,15
64,170,2,2,119,0,1953125,12,0,0,0.33,0,0,NaN,0,0,6,6,6,5,5,5,4,3,5,5,7,8,8,11,15,14,16,17,19,22,20,20,16,21,36,17,14,12,39,42,21,47,32,51,29,95,120,23,93,97,350,254,97,193,321,352,91,306,328,663,566,233,275,393,1000,354,242,194,647,341,42,11,104,79,44,11,30,26,34,29,30,29,29,29,39,39,35,37,37,40,37,36,35,31,29
64,170,2,2,119,0,1953125,12,0,0,0.33,0,0,NaN,0,0,8,7,9,9,12,14,13,15,17,17,19,18,19,17,18,17,16,15,9,7,8,7,4,14,14,33,6,40,62,70,73,92,192,180,233,131,209,280,307,355,184,443,312,635,444,29,202,584,795,202,119,257,880,999,596,490,404,719,336,483,198,75,189,135,111,47,65,77,79,70,38,60,60,61,48,39,37,36,32,25,25,24,18,17,20
64,170,2,2,119,0,1953125,12,0,0,0.34,0,0,NaN,0,0,6,5,6,4,3,3,1,1,2,3,4,6,9,8,10,9,9,13,12,13,11,11,8,15,21,5,26,16,11,11,9,74,60,58,74,75,138,145,44,58,199,215,75,63,104,392,382,333,309,243,510,360,587,568,290,586,437,1000,469,415,276,304,290,140,177,167,174,145,105,92,72,82,61,50,40,30,27,18,14,13,18,24,27,31,31
64,170,2,2,119,0,1953125,12,0,0,0.95,0,0,NaN,0,0,100,80,101,75,115,76,128,64,123,63,138,58,137,38,135,50,142,45,133,50,137,77,122,65,145,113,154,156,139,165,138,246,124,252,200,367,59,255,225,460,236,338,510,654,588,241,248,386,673,492,594,549,285,359,1000,979,886,350,416,252,218,118,230,241,205,217,157,233,62,201,55,201,17,210,44,159,47,167,76,124,64,136,95,101,78
64,170,2,2,119,0,1953125,12,0,0,0.95,0,0,NaN,0,0,48,134,61,120,59,132,91,127,105,102,116,108,150,62,143,55,171,13,169,25,171,38,184,88,166,101,198,163,159,169,172,267,162,304,230,364,99,342,267,445,349,503,365,307,509,860,926,542,348,737,999,785,365,311,746,719,571,197,568,410,379,335,156,221,210,290,67,245,106,272,86,209,125,178,129,154,172,100,151,85,172,38,153,27,161
64,170,2,2,119,0,1953125,12,0,0,0.97,0,0,NaN,0,0,68,73,60,93,79,88,57,91,76,112,51,85,65,114,57,86,42,94,67,91,22,76,60,114,18,50,71,142,8,88,81,155,49,197,108,195,27,237,135,204,88,394,319,471,520,260,284,138,480,565,907,412,331,655,1000,710,506,37,321,328,365,391,408,225,65,70,249,136,93,48,151,107,106,80,90,86,114,103,55,64,105,101,57,51,84
64,170,2,2,119,0,1953125,12,0,2176,1.39,0,0,NaN,0,0,43,70,30,11,20,61,42,15,9,36,41,16,38,9,35,18,55,51,17,32,67,87,39,49,34,130,118,94,37,124,225,114,72,171,253,129,252,387,214,237,76,361,137,667,595,254,295,773,885,146,1000,717,932,509,152,602,653,646,791,275,353,160,369,146,234,86,279,82,109,68,122,119,39,56,61,125,23,71,38,84,44,44,49,48,48
64,170,2,2,119,0,1953125,12,0,0,0.57,0,0,NaN,0,0,30,19,9,24,35,32,17,11,31,35,30,13,21,38,41,27,16,41,54,55,31,33,58,71,65,63,56,90,127,174,130,160,129,215,115,118,189,346,502,607,601,488,451,334,492,440,701,785,999,755,826,744,848,544,923,803,199,457,695,494,340,142,15,144,282,202,150,74,70,111,163,135,61,23,90,107,80,31,33,74,82,65,13,42,75
64,170,2,2,119,0,1953125,12,0,7802,2.36,0,0,NaN,0,0,22,16,22,29,13,14,17,19,23,9,16,16,4,7,6,22,13,12,5,16,23,7,9,27,8,48,25,11,32,90,40,18,131,92,116,79,301,249,209,185,75,281,455,244,445,294,555,296,925,257,323,442,912,818,932,956,654,1000,257,435,190,163,146,95,125,138,76,27,53,92,40,46,39,32,35,31,25,27,14,7,12,18,11,3,13
64,170,2,2,119,0,1953125,12,0,7803,2.36,0,0,NaN,0,0,73,53,66,28,65,48,53,33,35,52,48,22,20,37,12,19,33,52,24,11,66,55,66,14,111,48,108,36,111,66,118,9,114,69,250,131,141,40,167,232,237,381,465,221,112,395,660,627,618,844,1000,883,838,720,906,815,497,178,343,434,414,302,214,269,182,182,73,109,84,111,126,133,25,38,81,64,49,36,60,43,15,16,40,42,63
64,170,2,2,119,0,1953125,12,0,0,0.56,0,0,NaN,0,0,6,13,19,17,11,13,18,21,18,14,15,22,25,19,8,11,26,22,5,12,20,34,26,20,36,74,95,70,73,71,69,45,93,40,32,125,238,277,233,229,375,261,53,213,263,178,346,726,610,583,912,812,836,679,1000,644,714,859,667,235,135,103,248,319,336,180,60,11,86,126,96,37,36,101,113,83,43,33,72,84,65,30,50,68,70
64,170,2,2,119,0,1953125,12,0,0,0.47,0,0,NaN,0,0,12,11,6,5,9,13,16,15,11,6,6,12,17,18,18,13,4,7,20,30,31,36,26,15,26,48,43,68,97,90,55,74,22,106,169,144,159,140,185,202,276,261,301,301,102,394,373,308,561,686,742,718,643,445,850,999,597,467,268,381,457,216,78,100,60,42,95,86,102,130,114,82,26,19,34,53,64,58,43,27,27,41,51,55,53
64,170,2,2,119,0,1953125,12,0,0,0.78,0,0,NaN,0,0,23,41,14,25,38,13,34,43,12,30,36,22,41,43,32,38,39,51,41,38,76,62,27,73,64,58,93,64,61,144,112,41,89,127,130,200,216,265,431,342,91,291,637,732,771,653,524,653,965,670,542,530,697,614,385,112,676,1000,573,246,278,223,221,223,129,194,236,209,130,103,105,90,108,94,60,85,76,30,54,58,32,54,55,27,41
64,170,2,2,119,0,1953125,12,0,0,0.77,0,0,NaN,0,0,67,61,53,76,58,58,81,59,75,88,54,78,81,45,75,70,45,77,53,40,79,45,61,85,31,53,83,23,58,61,63,106,90,38,86,133,170,88,60,119,92,48,108,171,159,247,250,165,453,626,882,1000,687,141,493,923,855,446,181,344,434,269,114,146,82,164,201,99,81,151,66,82,113,26,90,98,26,102,89,27,95,65,45,101,66
64,170,2,2,119,0,1953125,12,0,0,0.42,0,0,NaN,0,0,20,15,12,8,10,14,20,24,25,23,22,18,15,22,31,35,40,43,44,41,31,28,31,34,42,54,69,95,96,68,60,94,98,70,157,188,215,242,407,485,458,442,583,787,743,624,449,695,999,565,173,592,517,444,202,476,885,914,780,677,577,542,333,214,173,159,187,182,180,196,186,173,126,107,68,35,18,38,59,72,81,80,74,57,40
64,170,2,2,119,0,1953125,12,0,0,0.42,0,0,NaN,0,0,11,7,2,4,9,17,18,19,18,13,11,9,17,26,32,36,36,29,22,17,22,32,47,59,67,90,73,50,60,68,64,41,138,178,181,218,315,302,298,268,356,331,376,258,480,575,430,668,779,771,824,846,1000,937,602,909,602,79,387,391,213,168,118,115,133,63,117,173,142,135,112,94,20,18,38,53,76,78,76,71,53,40,25,30,40
