64,170,2,2,119,0,1953125,12,0,0,0.72,0,0,NaN,0,0,43,46,12,32,45,22,20,46,32,5,34,35,16,24,26,21,22,15,26,42,21,42,59,38,21,84,83,38,88,112,29,117,158,73,129,187,112,91,93,157,206,299,441,201,139,315,670,591,698,369,749,799,586,775,782,774,1000,637,507,496,241,250,338,366,208,72,144,178,138,127,162,131,67,86,107,73,39,62,56,36,43,50,38,36,34
64,170,2,2,119,0,1953125,12,0,0,0.73,0,0,NaN,0,0,9,23,38,19,14,34,23,14,37,29,7,33,32,18,30,30,24,33,26,27,41,30,26,63,47,38,81,80,20,73,122,49,63,96,144,91,286,279,230,309,343,156,206,337,395,249,80,207,387,788,994,973,551,494,277,571,1000,479,383,220,268,261,206,222,200,130,79,112,121,91,78,89,58,44,72,57,31,51,50,29,49,49,25,36,43
64,170,2,2,119,0,1953125,12,0,0,0.73,0,0,NaN,0,0,19,31,47,27,28,46,34,28,52,44,29,49,47,36,53,53,45,57,58,54,68,62,63,103,87,74,112,130,75,114,143,103,97,138,181,165,270,301,245,302,442,400,409,570,285,391,413,537,641,925,1000,905,809,879,820,284,954,735,502,481,396,302,237,185,156,63,91,127,108,77,110,104,64,86,95,61,47,74,62,43,64,59,36,49,51
64,170,2,2,119,0,1953125,12,0,0,0.76,0,0,NaN,0,0,71,127,105,81,141,112,81,153,122,83,160,128,69,157,121,64,156,114,63,156,117,56,169,101,79,190,99,116,223,144,163,304,211,197,402,373,424,568,442,359,564,482,187,505,496,546,779,946,705,514,455,223,685,884,779,695,744,861,1000,800,340,224,317,268,310,338,210,144,277,176,96,205,101,86,173,93,77,160,76,86,158,75,78,143,70
64,170,2,2,119,0,1953125,12,0,0,0.74,0,0,NaN,0,0,22,37,16,44,10,38,1,38,12,26,13,36,17,24,19,36,12,29,12,36,6,49,17,32,27,97,70,78,52,78,89,18,59,47,115,38,91,195,324,259,209,154,263,311,175,192,321,481,262,198,491,844,1000,659,245,86,164,24,101,271,377,265,110,48,53,66,36,88,62,88,38,90,57,49,30,55,48,30,40,28,34,18,33,18,26
64,170,2,2,119,0,1953125,12,0,7721,2.34,0,0,NaN,0,0,40,24,13,31,37,24,12,21,42,24,10,19,32,20,5,37,25,26,21,58,33,14,3,54,37,44,13,57,73,48,115,29,233,56,183,185,95,297,368,287,276,162,498,313,746,780,235,382,268,109,195,125,263,278,648,649,142,1000,356,377,129,44,337,91,155,179,53,51,100,9,26,53,11,49,31,36,16,20,25,32,19,15,19,16,25
64,170,2,2,119,0,1953125,12,0,0,0.95,0,0,NaN,0,0,719,748,765,758,754,784,810,826,806,801,800,838,831,806,788,777,779,770,728,692,697,686,664,652,605,622,610,606,611,585,602,646,668,638,686,613,760,727,710,786,771,709,817,744,777,806,689,1000,514,919,656,461,917,758,482,751,626,782,705,442,565,643,575,556,513,647,600,595,594,591,637,648,648,621,619,656,654,629,628,600,598,604,591,555,526
64,170,2,2,119,0,1953125,12,0,0,0.78,0,0,NaN,0,0,17,17,30,12,17,27,8,17,20,3,18,16,9,21,18,17,13,17,28,21,21,37,12,37,60,26,53,89,34,60,101,68,48,115,92,104,147,123,150,176,182,66,126,84,115,140,188,63,480,441,530,480,631,886,1000,971,388,28,125,102,198,310,153,22,60,80,113,123,60,61,97,46,43,70,37,26,58,36,20,38,28,23,31,17,22
64,170,2,2,119,0,1953125,12,0,0,0.74,0,0,NaN,0,0,28,46,26,21,46,36,5,33,30,9,29,30,20,21,22,36,35,14,36,42,10,29,53,20,32,44,5,57,39,12,75,110,76,70,94,117,190,273,316,281,203,122,175,256,684,831,353,208,70,389,680,842,669,300,438,751,1000,761,419,144,40,230,201,160,170,135,49,54,122,78,17,53,39,28,65,51,24,45,45,29,42,41,23,40,39
64,170,2,2,119,0,1953125,12,0,7661,2.33,0,0,NaN,0,0,31,29,30,28,28,35,21,26,27,25,24,20,20,19,5,24,31,11,10,38,38,15,23,48,37,31,68,37,46,51,90,25,133,179,117,41,285,143,431,383,120,61,605,848,365,820,336,285,922,574,533,239,453,795,1000,221,329,319,438,84,466,42,171,97,173,113,33,79,91,33,65,45,34,14,8,33,9,23,8,6,15,5,12,3,3
64,170,2,2,119,0,1953125,12,0,7596,2.32,0,0,NaN,0,0,70,60,47,38,64,57,40,17,56,41,33,5,34,35,53,50,59,48,28,70,42,74,15,69,50,159,60,141,7,150,40,117,115,280,89,247,243,415,251,75,261,598,564,365,271,198,220,570,796,1000,872,384,214,508,745,438,292,120,311,215,132,315,502,350,206,103,98,109,42,82,123,42,72,40,73,54,96,53,60,45,90,43,22,56,79
64,170,2,2,119,0,1953125,12,0,0,0.97,0,0,NaN,0,0,110,134,105,119,107,147,119,127,101,151,128,137,107,132,126,147,111,121,121,133,132,85,101,132,124,89,88,136,78,173,160,150,163,102,133,89,63,299,228,285,342,225,405,312,570,322,402,185,268,550,999,580,382,306,845,700,693,489,378,229,150,164,301,229,129,145,278,266,73,150,106,175,81,130,81,149,86,153,45,125,80,149,46,107,65
64,170,2,2,119,0,1953125,12,0,54,1.03,0,0,NaN,0,0,42,27,42,15,46,12,43,2,40,9,40,21,34,35,36,46,27,45,17,62,18,55,21,62,29,56,93,92,87,126,168,212,90,81,246,226,134,20,284,284,151,185,416,530,589,544,557,687,699,435,205,596,1000,859,262,338,764,831,682,531,152,176,190,230,79,118,54,73,57,84,46,35,70,63,66,47,67,42,57,44,54,22,39,35,44
64,170,2,2,119,0,1953125,12,0,0,0.97,0,0,NaN,0,0,28,33,28,42,18,42,13,40,11,41,22,42,20,36,21,34,30,48,25,42,25,59,17,66,39,92,31,73,35,118,98,124,88,88,132,192,226,116,200,231,436,413,300,166,211,365,263,271,139,378,660,1000,697,143,497,827,991,688,468,183,66,78,146,66,131,105,129,113,53,70,80,128,73,73,22,72,49,63,47,60,49,40,45,44,45
64,170,2,2,119,0,1953125,12,0,0,0.97,0,0,NaN,0,0,98,70,89,83,105,82,104,72,116,82,117,62,114,74,128,56,110,53,134,41,109,40,109,41,141,21,134,15,149,9,153,88,299,174,142,56,289,225,435,480,305,176,330,466,478,473,63,203,248,283,172,448,845,1000,827,816,353,175,304,671,468,411,197,35,12,179,90,173,125,120,102,100,102,95,92,88,104,80,101,58,91,67,103,45,73
64,170,2,2,119,0,1953125,12,0,0,0.77,0,0,NaN,0,0,83,90,97,92,100,99,97,112,104,104,114,98,100,108,91,102,100,84,102,89,74,112,90,75,98,64,86,95,27,139,143,58,189,195,97,266,256,21,143,298,96,68,224,302,242,299,403,491,195,226,372,548,1000,741,234,260,545,550,567,674,385,233,270,194,124,180,89,60,106,43,100,133,46,96,115,35,88,97,47,98,86,52,95,74,53
64,170,2,2,119,0,1953125,12,0,0,0.77,0,0,NaN,0,0,68,82,85,72,90,82,76,98,84,83,100,78,84,99,69,91,93,60,90,82,57,93,78,54,79,53,65,88,30,113,112,35,126,158,54,207,233,50,129,143,127,75,213,172,63,178,432,663,360,99,339,609,1000,809,363,248,558,428,370,388,194,108,139,59,89,114,41,106,73,41,118,110,23,95,89,24,87,72,48,96,64,54,91,54,59
64,170,2,2,119,0,1953125,12,0,0,0.96,0,0,NaN,0,0,32,12,34,6,37,4,35,10,28,11,30,15,23,13,29,14,34,19,35,4,37,10,40,5,58,28,54,31,74,65,100,125,54,18,114,190,181,129,77,89,127,235,267,172,160,242,304,249,225,255,719,922,1000,690,380,68,306,334,279,285,77,6,49,114,84,52,74,103,132,61,59,25,67,39,59,39,32,27,39,40,27,36,25,26,13
64,170,2,2,119,0,1953125,12,0,0,0.77,0,0,NaN,0,0,26,21,10,27,19,9,30,23,3,25,22,11,17,17,22,18,21,32,20,23,45,28,18,34,21,42,57,22,54,109,76,107,139,92,141,191,227,136,192,186,34,97,108,134,88,172,349,542,352,132,233,671,972,1000,672,162,254,496,563,565,279,98,73,136,151,73,67,57,26,69,74,44,61,62,43,55,56,28,36,46,26,34,42,20,29
64,170,2,2,119,0,1953125,12,0,0,0.77,0,0,NaN,0,0,21,15,29,25,7,24,30,16,9,24,19,7,18,21,13,13,12,17,28,16,8,29,28,13,44,69,22,33,70,86,63,175,192,115,133,258,201,153,348,182,50,175,489,413,317,132,634,561,422,326,230,605,999,692,462,655,764,415,535,627,351,225,57,90,117,61,27,128,159,76,7,73,88,29,45,81,65,18,48,58,29,29,56,45,15
64,170,1,2,119,0,1953125,12,0,0,0.96,0,0,NaN,0,0,52,7,52,13,54,28,38,23,46,37,35,35,42,33,37,38,55,43,53,42,58,49,70,73,73,103,85,128,74,147,113,205,127,84,46,292,357,364,438,236,67,160,409,326,335,530,769,731,646,344,198,630,978,1000,728,425,445,385,401,401,166,12,72,122,208,163,139,83,131,130,67,61,59,96,55,83,45,60,34,69,54,46,45,48,39
64,170,1,2,119,0,1953125,12,0,0,0.77,0,0,NaN,0,0,76,96,93,84,103,88,90,111,87,96,112,85,100,108,77,107,101,68,110,83,67,124,68,64,108,49,90,107,29,124,158,75,221,167,98,243,315,183,400,324,99,115,351,229,138,141,439,358,238,136,337,659,1000,896,419,91,406,400,468,610,262,204,248,182,154,228,73,66,91,49,120,124,33,104,102,24,98,84,52,99,73,61,96,65,66
64,170,1,2,119,0,1953125,12,0,0,0.77,0,0,NaN,0,0,73,93,87,82,105,87,95,117,88,101,114,81,102,105,69,106,99,61,116,89,68,124,66,83,112,40,94,105,11,140,133,61,198,205,54,251,237,140,323,248,61,37,238,96,202,253,520,616,265,176,613,696,999,686,414,444,837,484,363,337,242,218,248,109,85,133,47,74,69,53,129,109,22,112,88,37,109,74,62,110,59,70,99,45,72
64,170,1,2,119,0,1953125,12,0,0,0.7,0,0,NaN,0,0,7,24,23,5,15,26,16,6,17,18,9,15,16,10,17,16,3,21,27,5,20,37,31,19,56,49,10,37,85,59,48,93,136,132,145,203,178,175,307,143,167,298,340,104,88,232,420,430,186,387,745,972,1000,486,841,757,787,223,49,87,219,269,64,23,117,156,118,40,116,113,54,43,78,68,12,42,68,46,5,43,49,18,21,46,35
64,170,1,2,119,0,1953125,12,0,0,0.7,0,0,NaN,0,0,28,33,13,21,34,25,6,29,30,10,17,31,20,8,24,24,9,22,23,14,21,23,17,27,31,25,33,56,46,53,81,87,80,153,122,85,139,174,249,113,128,324,352,340,202,208,471,561,509,187,332,790,1000,490,104,364,560,307,177,324,205,218,144,158,82,9,45,115,96,53,59,76,51,30,56,50,17,24,37,19,16,35,28,7,24
64,170,1,2,119,0,1953125,12,0,0,0.77,0,0,NaN,0,0,115,120,93,133,127,98,148,132,100,148,122,96,150,108,104,154,97,107,161,84,112,165,64,115,129,32,130,147,36,201,200,114,348,292,167,366,326,188,510,400,52,189,450,331,486,299,477,495,77,243,795,874,1000,693,692,702,798,444,337,442,323,222,182,115,45,150,79,92,105,65,112,176,78,81,146,62,91,133,65,101,122,55,102,107,52
64,170,1,2,119,0,1953125,12,0,0,0.7,0,0,NaN,0,0,35,31,9,29,38,21,13,34,28,2,25,32,15,13,28,22,16,23,25,27,27,23,35,47,40,48,65,49,25,80,107,99,95,159,161,114,150,250,280,186,143,304,317,336,228,237,371,424,313,248,307,661,1000,580,293,372,339,153,391,338,58,98,64,48,14,15,42,69,62,33,36,37,20,30,43,27,14,30,25,7,27,32,13,14,26
64,170,1,2,119,0,1953125,12,0,0,0.69,0,0,NaN,0,0,45,46,24,31,50,40,19,41,51,29,26,53,47,16,43,58,33,25,56,52,15,41,69,48,11,76,75,13,28,86,95,55,97,145,86,80,167,159,157,98,182,272,235,139,66,196,401,434,316,357,549,759,1000,720,259,332,578,406,334,239,137,154,26,73,105,83,22,80,125,65,34,82,87,29,43,79,61,6,53,68,31,22,60,56,16
64,170,1,2,119,0,1953125,12,0,0,0.7,0,0,NaN,0,0,20,12,26,26,14,21,28,25,21,20,23,29,26,14,32,38,15,26,56,44,13,59,75,24,63,108,79,27,102,151,118,145,220,201,99,136,264,219,316,134,313,309,296,104,210,547,815,907,612,417,763,1000,863,735,756,827,755,456,288,174,243,234,191,81,100,118,120,54,138,126,60,53,94,78,13,65,82,48,18,55,51,10,39,52,30
64,170,1,2,119,0,1953125,12,0,0,0.69,0,0,NaN,0,0,52,48,21,37,56,38,14,47,53,25,30,57,46,11,49,62,29,30,67,58,7,52,77,38,31,86,93,41,82,126,89,62,111,163,122,124,136,124,36,133,356,355,246,104,383,413,398,399,361,659,914,676,370,587,895,1000,808,482,111,149,202,279,114,143,106,210,184,44,51,130,104,13,98,119,64,31,92,90,25,60,94,68,30,82,86
