64,170,2,2,119,0,1953125,12,0,0,0.9,0,0,NaN,0,0,130,95,137,131,151,153,117,141,111,167,141,164,137,117,132,124,168,132,145,87,119,105,141,144,120,113,98,159,90,187,138,88,55,176,271,149,86,165,528,577,542,626,190,389,307,396,510,300,226,424,764,302,447,521,1000,899,880,974,355,610,705,687,650,156,251,215,115,150,140,222,91,112,25,153,129,147,136,89,85,86,158,98,154,77,83
64,170,1,2,119,0,1953125,12,0,0,0.4,0,0,NaN,0,0,6,9,11,12,14,12,11,8,6,5,6,9,12,15,18,18,20,15,12,7,5,8,10,15,20,11,9,25,25,32,42,14,28,66,69,111,89,169,165,174,216,253,310,364,147,202,322,431,305,202,659,393,888,999,625,961,512,553,329,278,334,308,294,261,247,252,172,150,100,76,56,27,9,6,19,35,37,40,46,42,38,33,28,20,13
64,170,2,2,119,0,1953125,12,0,7575,2.32,0,0,NaN,0,0,43,27,20,38,46,34,5,9,46,33,21,7,40,24,15,25,12,18,24,37,39,37,14,52,41,98,68,25,118,128,94,101,247,130,392,412,425,89,185,266,383,663,967,871,145,711,537,139,748,505,826,595,267,488,373,361,445,1000,90,438,563,752,114,320,78,236,82,62,99,52,135,89,64,46,80,45,7,35,66,30,19,32,35,13,11
64,170,2,2,119,0,1953125,12,0,0,0.97,0,0,NaN,0,0,345,355,374,335,290,279,277,284,236,156,173,170,173,96,83,153,162,168,170,226,316,311,292,314,411,431,430,434,432,544,516,528,509,455,515,617,557,371,584,536,677,412,556,531,365,790,433,411,281,646,493,704,197,328,1000,772,233,519,508,533,588,256,534,511,473,344,400,418,462,349,332,327,344,336,259,228,227,248,200,161,116,115,110,82,65
64,170,2,2,119,0,1953125,12,0,0,0.46,0,0,NaN,0,0,7,0,7,14,18,19,17,9,4,7,17,24,23,21,16,5,5,20,29,34,31,30,31,8,8,19,8,7,22,51,48,37,74,49,17,43,41,87,67,123,167,117,266,262,406,464,383,398,563,353,736,298,777,731,270,999,513,762,881,620,535,562,358,201,145,71,92,104,147,133,138,112,76,38,7,27,57,64,69,57,38,19,22,39,59
64,170,2,2,119,0,1953125,12,0,0,0.97,0,0,NaN,0,0,94,10,88,11,94,43,66,29,83,60,54,52,79,53,57,50,81,35,85,59,82,34,114,81,123,94,133,135,66,125,149,224,119,236,103,283,204,242,221,417,475,572,638,396,471,422,677,631,803,825,752,915,794,904,679,1000,980,700,435,484,681,632,471,120,162,173,172,109,279,169,126,55,187,134,66,98,114,94,43,103,71,60,56,103,53
64,170,2,2,119,0,1953125,12,0,0,0.5,0,0,NaN,0,0,10,16,17,13,5,4,14,22,23,17,4,7,20,31,32,25,12,12,27,37,49,34,37,19,22,45,21,29,11,14,36,61,100,65,81,141,211,159,262,143,300,210,279,323,377,390,349,275,404,605,243,407,999,926,451,828,472,513,514,605,362,302,167,60,69,113,117,120,98,22,23,46,88,97,83,52,5,32,62,75,69,48,17,21,50
64,170,2,2,119,0,1953125,12,0,7722,2.34,0,0,NaN,0,0,25,24,22,11,27,32,11,4,14,25,19,9,5,20,22,12,8,11,35,21,5,29,48,52,42,56,11,32,40,45,103,95,118,95,148,228,136,322,192,86,192,150,410,357,612,489,442,69,271,462,734,1000,433,104,750,781,57,590,121,382,290,170,169,167,107,90,126,96,114,7,94,138,39,59,54,55,41,17,42,54,17,11,43,24,19
64,170,1,2,119,0,1953125,12,0,0,0.5,0,0,NaN,0,0,8,30,26,25,14,31,42,26,37,27,21,11,27,7,30,46,36,61,6,51,45,21,17,18,19,79,3,20,91,28,6,75,113,89,86,69,135,41,150,102,430,299,449,342,52,246,683,641,497,139,339,456,171,294,746,1000,133,560,491,312,539,177,185,245,215,54,70,66,93,133,55,69,88,46,58,50,57,54,49,52,44,61,44,37,27
64,170,1,2,119,0,1953125,12,0,6733,2.18,0,0,NaN,0,0,28,22,26,26,37,21,19,26,32,19,12,20,26,16,12,26,11,16,16,38,23,15,30,45,49,42,39,66,57,42,46,50,93,54,148,69,83,74,81,125,377,70,203,347,171,170,350,382,806,353,287,423,897,1000,471,203,202,348,354,128,249,293,143,143,170,134,27,20,83,18,63,7,59,41,11,12,26,20,1,15,18,24,3,28,18
64,170,1,2,119,0,1953125,12,0,0,0.49,0,0,NaN,0,0,2,10,9,16,11,12,4,6,10,5,16,6,6,13,3,6,18,12,18,14,16,7,24,30,21,21,2,9,10,35,76,111,80,42,53,128,98,236,250,162,104,309,546,151,259,362,121,224,63,247,532,130,784,280,382,609,389,476,999,101,111,38,47,101,129,101,68,97,65,55,47,19,17,14,5,9,13,11,19,8,18,16,14,1,7
64,170,1,2,119,0,1953125,12,0,0,0.98,0,0,NaN,0,0,38,24,38,38,43,37,24,25,39,49,5,10,39,39,9,16,52,32,34,30,61,56,52,13,63,18,80,35,82,73,192,165,32,21,154,227,318,430,236,204,115,374,377,364,274,47,164,315,338,357,340,303,811,783,999,766,176,866,791,554,395,458,304,157,151,303,247,192,77,100,101,23,40,104,88,27,60,59,47,36,71,36,13,42,65
64,170,2,2,119,0,1953125,12,0,0,0.97,0,0,NaN,0,0,87,122,91,123,91,121,109,129,94,127,113,125,113,115,101,121,131,90,103,102,116,91,92,91,95,95,104,101,52,138,151,61,64,219,189,268,405,226,295,152,115,281,490,314,594,499,142,507,790,863,1000,804,339,184,329,519,862,655,385,326,362,357,115,135,109,225,52,198,71,211,36,159,41,139,61,145,62,105,54,127,81,89,39,115,70
64,170,2,2,119,0,1953125,12,0,0,0.71,0,0,NaN,0,0,113,89,89,116,98,93,130,117,88,118,118,86,116,128,84,95,120,76,76,118,90,48,101,84,34,107,102,43,88,87,54,129,200,106,97,213,266,155,326,272,52,167,330,253,539,485,291,139,217,84,546,645,788,868,737,278,572,786,1000,855,515,281,234,55,246,280,132,79,110,56,65,149,104,23,116,116,52,110,122,63,90,120,82,81,117
64,170,2,2,119,0,1953125,12,0,0,0.72,0,0,NaN,0,0,29,24,0,23,28,15,11,22,18,12,21,25,23,18,18,27,27,18,29,40,21,20,48,37,4,39,47,24,35,81,71,49,103,86,78,67,111,115,114,146,163,128,172,173,344,368,216,253,281,387,788,553,228,262,355,644,1000,449,116,178,112,144,129,153,138,132,73,61,64,31,52,93,84,36,25,49,36,26,43,40,19,29,40,30,23
64,170,2,2,119,0,1953125,12,0,0,0.97,0,0,NaN,0,0,47,23,36,26,31,23,34,26,30,30,24,26,26,27,32,27,23,10,43,35,34,25,39,38,38,26,64,34,49,67,55,76,141,202,106,20,219,314,284,353,201,245,336,289,293,193,385,410,739,552,325,262,696,853,983,1000,586,349,151,191,312,279,105,45,98,168,107,63,81,95,120,67,91,15,29,33,71,22,38,22,47,24,40,34,22
64,170,2,2,119,0,1953125,12,0,0,0.72,0,0,NaN,0,0,10,17,31,21,6,26,23,3,23,28,13,15,25,21,21,25,25,28,23,19,41,46,30,51,58,39,68,92,83,57,129,145,109,101,171,165,174,252,227,146,200,232,299,215,352,322,346,446,521,385,91,117,618,879,1000,680,21,71,226,237,236,115,103,34,72,128,135,74,28,45,53,25,45,53,30,32,40,27,28,36,26,20,28,21,23
64,170,2,2,119,0,1953125,12,0,0,0.41,0,0,NaN,0,0,9,5,1,3,8,11,13,15,15,13,9,6,1,7,11,16,20,23,26,21,17,18,16,12,21,37,34,58,80,85,79,128,156,167,137,160,252,306,232,248,381,352,286,231,373,352,188,498,557,612,635,753,1000,667,686,743,578,676,514,344,268,315,164,71,59,55,28,56,36,24,10,9,17,30,37,41,40,33,27,18,11,10,18,23,28
64,170,2,2,119,0,1953125,12,0,0,0.41,0,0,NaN,0,0,11,10,9,14,18,20,25,26,23,22,19,18,19,23,30,36,39,41,39,39,38,37,41,56,58,57,69,97,120,108,128,200,192,191,192,269,333,341,329,279,357,326,254,361,419,398,281,473,623,510,517,639,1000,700,737,889,823,610,491,347,342,260,79,84,64,37,25,38,43,56,61,79,85,76,68,53,36,23,16,24,37,44,46,44,40
64,170,2,2,119,0,1953125,12,0,0,0.44,0,0,NaN,0,0,29,30,26,19,11,3,18,27,35,36,31,23,11,9,25,40,50,55,48,42,26,21,44,63,73,82,86,112,102,98,97,145,197,185,238,216,226,295,276,367,379,470,641,532,501,554,398,437,645,576,806,770,1000,647,438,396,314,639,695,517,528,511,435,341,242,180,114,107,118,132,139,143,134,116,82,45,27,34,52,64,61,57,42,19,7
64,170,2,2,119,0,1953125,12,0,0,0.47,0,0,NaN,0,0,16,9,8,15,22,25,22,16,10,11,21,28,31,29,21,15,18,30,40,46,46,35,26,32,34,57,60,67,72,70,106,96,103,112,164,180,168,207,218,302,333,147,311,394,397,439,430,568,844,705,607,466,589,740,707,787,1000,881,897,667,511,319,284,278,268,216,161,111,73,33,42,70,85,81,78,64,45,22,23,39,53,52,42,25,7
64,170,2,2,119,0,1953125,12,0,7466,2.3,0,0,NaN,0,0,15,15,18,24,14,13,8,8,20,12,6,13,13,4,8,23,8,6,14,23,17,7,16,31,11,21,18,51,58,15,60,79,73,95,78,69,45,86,187,136,48,118,41,115,162,226,205,542,294,225,239,54,489,448,450,140,1000,439,288,266,299,330,27,87,109,63,33,33,15,18,39,11,33,11,12,10,9,4,15,7,2,3,5,7,9
64,170,2,2,119,0,1953125,12,0,0,0.49,0,0,NaN,0,0,28,41,21,27,20,33,34,26,25,34,34,34,41,24,23,46,39,45,59,38,38,33,69,51,67,13,67,67,107,141,118,146,71,181,147,229,234,42,26,222,201,229,209,313,323,278,368,271,262,604,399,305,548,442,134,1000,577,232,247,646,185,137,174,226,131,119,106,97,147,95,74,79,91,65,57,76,74,45,51,61,53,40,44,52,59
64,170,2,2,119,0,1953125,12,0,0,0.5,0,0,NaN,0,0,17,17,15,9,7,14,21,23,21,14,10,16,25,27,27,19,17,21,30,39,37,29,28,23,33,44,52,64,62,55,80,86,81,127,176,134,168,192,193,288,357,361,287,318,318,456,599,709,670,569,566,630,700,1000,963,778,667,587,702,480,410,280,130,90,94,91,122,116,81,48,32,26,44,59,66,59,42,19,17,36,48,46,35,16,5
64,170,2,2,119,0,1953125,12,0,0,0.51,0,0,NaN,0,0,16,17,13,7,8,15,20,19,16,9,11,20,28,28,23,16,19,29,39,42,36,27,28,43,44,50,54,51,53,65,71,75,96,49,81,77,146,179,197,233,164,226,155,177,377,255,320,405,232,432,534,574,642,743,587,767,1000,486,436,214,243,237,163,145,161,170,111,70,42,68,93,101,85,67,35,34,56,66,63,45,21,20,41,52,52
64,170,1,2,119,0,1953125,12,0,7591,2.32,0,0,NaN,0,0,25,31,27,21,17,32,24,22,12,31,23,12,9,21,14,15,17,18,29,11,22,45,36,7,5,49,46,34,49,65,104,95,28,135,41,72,109,146,281,138,108,110,244,450,199,363,219,328,317,185,366,465,552,282,813,1000,324,696,826,329,176,263,151,67,86,53,39,87,14,24,28,35,29,15,21,27,22,19,14,7,10,21,21,8,11
64,170,2,2,119,0,1953125,12,0,6605,2.15,0,0,NaN,0,0,31,25,23,28,27,27,18,15,20,16,10,16,18,17,13,13,34,24,12,11,44,44,30,45,37,33,22,22,64,34,84,90,70,59,113,59,28,164,152,174,114,180,277,32,371,173,332,477,403,181,253,216,669,435,1000,280,583,205,238,150,79,169,117,112,142,34,70,86,37,34,37,30,24,14,3,26,17,20,9,22,19,12,8,16,13
64,170,1,2,119,0,1953125,12,0,0,0.57,0,0,NaN,0,0,19,18,25,16,15,24,17,15,18,11,27,16,5,28,28,17,12,23,34,24,15,29,13,34,24,21,53,58,64,10,87,56,66,100,106,44,125,43,231,239,105,273,138,330,113,101,268,197,98,356,343,595,761,727,1000,485,557,444,633,264,283,52,92,64,65,77,44,80,7,41,61,46,27,40,30,19,17,26,32,34,23,41,36,30,25
64,170,1,2,119,0,1953125,12,0,0,0.99,0,0,NaN,0,0,45,20,66,32,55,21,59,22,64,26,39,28,63,25,10,66,69,37,14,67,45,47,40,107,65,82,59,127,82,87,55,126,63,238,216,273,326,317,276,128,430,602,516,168,363,693,770,453,249,164,37,270,808,1000,911,374,552,957,616,336,36,485,409,224,106,319,221,80,51,200,151,33,83,158,96,73,102,105,50,77,97,49,17,88,92
64,170,1,2,119,0,1953125,12,0,0,0.56,0,0,NaN,0,0,2,9,18,19,13,1,13,20,19,13,3,16,23,24,15,6,21,32,28,12,9,22,38,41,29,13,14,35,23,11,32,34,100,119,82,106,151,122,206,241,329,344,482,382,404,320,206,298,354,524,656,915,739,800,1000,475,229,109,337,285,325,172,53,42,120,127,105,94,21,40,84,77,49,35,31,44,53,43,20,37,54,50,30,18,39
