64,170,2,2,119,0,1953125,12,0,1,1.02,0,0,NaN,0,0,60,32,49,24,59,30,38,6,66,18,40,17,57,14,29,37,43,31,21,66,41,54,6,85,26,92,44,65,51,102,17,122,20,133,35,109,130,297,134,266,396,606,449,348,364,640,679,594,379,592,754,804,962,886,1000,678,362,618,625,481,337,189,153,59,112,92,157,23,57,104,152,46,69,34,79,14,70,49,67,15,57,41,36,24,52
64,170,2,2,119,0,1953125,12,0,7595,2.32,0,0,NaN,0,0,27,20,26,33,26,26,21,28,34,13,18,22,25,14,23,11,26,6,27,15,34,13,38,28,47,29,76,20,107,53,77,122,42,151,58,16,8,291,148,120,370,349,272,355,306,269,352,686,523,468,725,526,826,393,1000,486,250,840,819,513,246,221,36,120,137,77,41,11,137,61,40,25,33,20,22,27,21,22,19,15,23,10,14,33,25
64,170,2,2,119,0,1953125,12,0,7675,2.34,0,0,NaN,0,0,33,36,15,62,17,45,6,58,10,35,9,33,18,5,21,11,38,9,15,54,66,33,40,45,89,45,80,83,68,100,191,226,172,229,129,197,178,308,179,84,187,288,211,157,224,273,204,246,378,610,561,576,554,447,426,636,915,1000,769,493,234,345,232,144,13,149,85,25,63,110,51,29,17,78,103,35,26,48,78,17,14,51,54,8,29
64,170,2,2,119,0,1953125,12,0,0,1.01,0,0,NaN,0,0,629,644,640,651,692,712,702,684,709,721,705,678,674,704,653,620,613,622,594,543,550,570,553,528,504,584,562,541,565,679,601,621,725,685,771,670,743,687,922,799,634,800,986,623,722,940,803,856,780,570,915,427,580,987,614,892,589,1000,315,653,628,731,682,621,731,744,720,723,769,789,748,780,788,779,771,764,763,754,730,722,699,712,691,664,669
64,170,2,2,119,0,1953125,12,0,0,1,0,0,NaN,0,0,62,102,48,91,60,116,64,85,67,119,59,96,51,114,62,94,38,102,63,92,45,97,62,103,47,61,133,138,89,109,109,116,63,92,113,108,95,85,229,249,403,501,283,205,236,433,371,323,396,735,947,1000,736,758,661,719,283,322,620,422,232,305,90,155,52,184,120,199,94,53,123,130,93,116,76,111,116,97,83,85,117,95,73,73,101
64,170,2,2,119,0,1953125,12,0,0,1,0,0,NaN,0,0,27,55,31,38,15,61,39,26,8,48,22,30,20,48,4,34,33,48,23,41,45,52,53,70,43,31,110,113,86,92,87,112,48,79,65,103,73,136,179,307,385,542,321,190,187,498,353,299,367,849,983,1000,827,675,740,558,234,439,585,407,331,199,157,32,96,91,182,91,20,65,136,45,66,48,82,22,64,54,63,11,67,60,36,9,46
64,170,2,2,119,0,1953125,12,0,99,1.04,0,0,NaN,0,0,21,34,33,24,29,22,33,22,20,4,37,7,21,20,33,21,18,41,20,47,18,59,7,54,25,90,24,81,3,47,46,77,64,80,73,33,105,106,175,140,382,400,390,245,363,472,460,356,379,688,946,1000,846,727,595,401,245,496,581,434,126,88,88,149,96,99,19,56,141,133,57,35,66,50,42,33,67,34,32,31,46,9,42,43,31
64,170,1,2,119,0,1953125,12,0,94,1.04,0,0,NaN,0,0,34,47,35,32,12,56,32,25,3,43,6,33,25,40,18,35,47,31,46,34,67,20,66,22,80,22,134,65,87,21,102,14,101,71,124,63,99,178,186,189,377,456,496,291,476,535,633,402,380,632,1000,993,986,844,780,543,353,600,726,485,155,135,128,161,132,101,60,56,157,138,95,68,68,55,64,27,76,50,33,18,62,31,33,38,48
64,170,1,2,119,0,1953125,12,0,108,1.04,0,0,NaN,0,0,35,37,30,35,46,37,37,26,43,25,28,8,52,20,33,38,56,25,27,67,52,44,26,78,28,97,65,137,58,101,46,104,17,158,52,62,104,229,175,208,339,521,429,437,518,771,750,617,310,628,879,1000,995,844,831,506,387,767,745,540,250,89,91,192,136,60,70,96,111,123,110,13,26,87,53,52,42,56,21,52,43,45,22,51,38
64,170,2,2,119,0,1953125,12,0,83,1.03,0,0,NaN,0,0,18,56,12,39,23,59,2,35,21,37,23,35,41,28,44,40,57,9,58,38,65,14,70,26,65,68,132,64,98,66,124,38,84,110,126,34,56,207,188,256,371,481,440,329,597,788,898,666,409,422,769,838,1000,889,858,705,501,730,763,535,191,130,145,171,164,105,67,42,133,109,91,53,67,49,72,27,72,47,45,22,64,38,36,37,51
64,170,2,2,119,0,1953125,12,0,0,0.8,0,0,NaN,0,0,38,39,14,33,30,4,27,17,17,37,17,19,34,20,26,27,29,32,13,38,50,5,46,53,6,44,59,26,71,19,68,79,61,84,149,131,57,32,106,148,232,285,268,146,211,323,737,809,319,253,365,356,525,388,782,1000,889,882,477,231,148,385,305,233,208,227,146,94,121,57,76,99,44,54,67,18,39,54,17,38,41,14,35,32,16
64,170,2,2,119,0,1953125,12,0,113,1.04,0,0,NaN,0,0,24,37,27,44,8,42,8,47,3,23,28,31,22,20,53,24,42,34,57,33,47,50,48,54,31,102,46,134,67,135,47,143,52,161,88,166,55,166,149,178,381,568,458,315,370,781,905,936,478,347,451,662,753,855,999,944,854,894,760,566,121,43,87,166,188,183,43,38,145,130,33,18,66,17,72,50,65,12,62,41,32,23,52,27,7
64,170,2,2,119,0,1953125,12,0,7575,2.32,0,0,NaN,0,0,39,33,27,9,29,32,16,13,19,25,19,1,21,16,29,12,35,25,23,18,30,31,33,12,38,62,78,48,56,84,91,79,55,118,74,129,159,158,76,76,291,442,292,232,339,647,724,998,652,318,498,491,907,307,886,911,516,1000,490,573,306,296,55,134,134,99,66,76,113,26,62,80,18,2,25,26,36,28,10,16,31,23,7,10,26
64,170,2,2,119,0,1953125,12,0,0,0.96,0,0,NaN,0,0,583,627,666,664,642,656,684,722,698,665,667,690,696,658,625,602,608,624,569,532,533,543,543,514,502,529,549,563,564,563,622,662,693,664,668,672,736,839,667,691,851,841,833,870,638,605,1000,642,765,634,796,646,675,659,844,974,535,410,687,647,674,585,670,648,735,684,712,721,764,756,744,771,746,755,766,754,745,733,736,715,694,688,659,655,653
64,170,2,2,119,0,1953125,12,0,0,0.95,0,0,NaN,0,0,36,12,34,4,37,10,29,10,22,6,29,17,19,16,31,15,30,23,38,15,36,27,41,34,48,72,29,77,14,82,28,101,23,98,61,79,14,142,141,128,187,154,82,82,148,363,535,614,274,173,220,219,140,440,797,1000,835,578,416,330,207,84,128,176,160,157,68,131,52,66,46,102,72,62,72,39,44,28,61,31,37,30,43,28,27
64,170,2,2,119,0,1953125,12,0,0,0.96,0,0,NaN,0,0,13,36,9,40,6,41,11,39,15,32,19,22,13,28,15,16,6,31,6,33,16,35,20,39,18,54,35,81,69,42,55,70,52,67,105,36,58,133,126,101,178,200,135,158,91,371,523,597,284,244,264,244,99,411,814,1000,843,572,399,338,219,32,161,219,167,152,68,149,67,59,57,116,77,43,57,39,31,36,62,25,25,27,44,14,23
64,170,2,2,119,0,1953125,12,0,0,0.96,0,0,NaN,0,0,19,43,17,34,20,43,38,22,24,28,36,8,22,26,27,10,21,25,21,30,41,16,26,38,47,39,69,57,96,22,89,34,60,52,142,100,65,134,119,115,116,206,145,161,28,362,500,533,293,335,418,343,56,301,816,1000,808,549,344,378,259,78,123,250,176,131,91,158,124,37,88,93,102,21,79,41,40,21,69,44,22,33,41,27,19
64,170,2,2,119,0,1953125,12,0,0,0.96,0,0,NaN,0,0,80,66,86,70,78,78,80,93,75,79,71,92,72,90,56,81,65,94,46,83,35,92,44,84,25,116,4,138,36,110,4,159,3,180,81,151,158,178,26,142,224,60,232,75,128,268,612,431,378,342,591,462,106,172,826,1000,740,497,301,401,233,125,151,284,118,196,51,250,80,139,44,174,98,126,104,98,102,101,115,67,100,74,122,46,97
64,170,2,2,119,0,1953125,12,0,0,0.96,0,0,NaN,0,0,41,88,51,99,56,94,56,94,70,94,64,84,67,90,73,73,61,80,68,69,72,57,70,67,81,68,109,55,129,35,121,45,130,108,239,87,73,197,117,83,136,154,106,191,113,320,454,492,175,483,538,708,271,310,638,1000,617,315,193,258,297,168,160,207,258,46,194,103,211,8,183,43,151,43,159,85,110,65,119,97,96,88,76,96,73
64,170,2,2,119,0,1953125,12,0,0,0.96,0,0,NaN,0,0,45,26,41,37,25,35,26,43,8,35,18,34,12,35,19,23,19,32,14,26,29,53,12,46,19,61,27,107,44,80,33,109,17,148,152,154,132,116,6,49,141,106,119,93,116,307,451,349,133,465,535,641,301,394,835,999,679,259,189,162,285,137,250,240,196,118,130,190,100,100,76,134,55,78,71,73,46,61,75,35,42,50,61,24,35
64,170,2,2,119,0,1953125,12,0,0,0.96,0,0,NaN,0,0,42,24,43,38,25,34,26,43,10,34,18,33,13,35,20,21,19,32,13,23,32,54,15,46,16,60,21,101,39,82,27,112,29,165,164,165,123,94,21,79,142,118,124,115,94,293,424,314,123,506,570,687,359,441,877,1000,649,214,140,125,290,189,297,267,212,122,145,202,108,108,82,136,56,79,71,76,45,65,76,37,41,51,63,25,36
64,170,1,2,119,0,1953125,12,0,0,0.95,0,0,NaN,0,0,82,73,78,72,97,75,98,65,103,62,116,55,106,46,112,51,111,47,104,58,95,74,84,65,94,107,68,121,48,123,58,175,95,241,117,266,96,117,59,176,204,62,173,10,215,291,599,347,338,428,715,632,341,174,887,1000,752,513,227,343,282,147,130,272,101,183,27,236,61,160,63,167,109,131,120,100,126,91,143,53,123,53,141,32,128
64,170,1,2,119,0,1953125,12,0,0,0.95,0,0,NaN,0,0,74,60,79,65,67,72,76,82,66,79,58,95,54,94,34,93,34,105,26,88,29,94,39,90,48,100,81,73,83,85,105,94,147,105,197,43,77,150,178,87,215,234,51,187,98,287,490,591,312,422,429,580,204,261,636,1000,714,536,398,386,388,57,86,71,193,18,151,44,167,59,130,60,119,75,114,109,72,94,68,112,52,107,31,102,35
64,170,1,2,119,0,1953125,12,0,0,0.96,0,0,NaN,0,0,19,38,18,44,9,43,8,39,11,32,14,23,7,30,12,18,7,36,1,35,12,44,11,54,25,59,38,82,75,50,79,93,93,74,155,90,78,57,149,203,271,333,168,204,30,357,513,646,413,297,390,364,171,351,809,1000,937,762,533,513,328,182,92,127,94,119,45,131,92,33,48,82,88,21,65,33,40,15,63,38,20,25,40,26,14
64,170,1,2,119,0,1953125,12,0,7530,2.31,0,0,NaN,0,0,20,25,32,13,14,13,24,12,7,14,16,7,9,12,21,10,10,17,29,22,20,30,26,21,24,12,18,56,41,38,9,133,60,99,45,166,87,113,143,54,310,524,212,503,230,464,559,789,610,290,141,455,597,158,872,918,603,999,538,674,407,158,81,52,172,138,70,78,117,53,41,50,43,33,23,18,45,46,4,13,33,22,8,6,28
64,170,1,2,119,0,1953125,12,0,7505,2.31,0,0,NaN,0,0,44,47,31,37,18,64,30,27,16,54,18,20,17,32,9,6,45,31,17,24,47,46,104,70,114,36,134,79,136,47,170,113,185,19,132,127,241,196,289,110,208,275,480,447,351,450,589,451,414,290,323,551,670,903,999,808,697,610,674,555,359,218,268,285,166,130,120,145,35,56,87,89,30,47,40,52,57,28,42,4,62,36,28,21,46
64,170,1,2,119,0,1953125,12,0,7883,2.37,0,0,NaN,0,0,42,81,62,51,42,72,57,33,16,61,43,29,24,68,25,13,39,51,36,26,46,83,152,35,86,59,190,81,125,15,275,222,298,157,263,218,479,530,655,447,331,526,713,682,446,556,712,454,183,297,419,841,862,942,1000,699,410,586,772,825,434,355,373,454,122,198,175,182,83,133,88,56,125,58,35,83,131,31,43,56,55,55,38,13,45
64,170,1,2,119,0,1953125,12,0,7700,2.34,0,0,NaN,0,0,123,12,84,61,147,36,102,14,120,52,51,39,86,30,30,66,97,38,31,123,156,58,107,98,110,95,96,288,141,184,220,519,570,252,196,450,805,652,618,286,505,602,549,563,336,333,459,473,281,488,408,521,712,999,798,725,357,295,503,455,592,357,138,155,219,343,125,133,5,187,114,64,26,164,150,5,22,82,94,41,35,80,65,19,59
64,170,1,2,119,0,1953125,12,0,7758,2.35,0,0,NaN,0,0,68,40,76,89,68,5,63,57,93,36,64,45,61,20,40,97,55,46,72,107,26,53,102,153,20,75,132,35,162,102,313,254,543,392,276,104,597,630,555,278,322,506,502,542,460,439,409,244,346,455,259,539,791,830,558,470,736,1000,880,719,341,180,190,220,204,66,162,90,152,115,136,72,108,69,103,25,34,119,84,26,55,122,82,28,74
64,170,1,2,119,0,1953125,12,0,7631,2.33,0,0,NaN,0,0,56,78,5,63,32,79,29,30,46,65,10,32,48,78,35,27,52,56,43,27,86,84,21,43,100,25,129,58,164,98,282,331,339,333,42,168,287,408,215,20,143,320,306,233,285,347,207,324,236,265,311,393,324,469,356,718,883,1000,991,575,359,140,258,186,52,18,157,132,35,20,117,114,46,35,64,30,92,52,58,18,68,60,41,15,43
