64,170,2,2,119,0,1953125,12,0,0,0.96,0,0,NaN,0,0,53,112,58,112,65,116,63,120,74,108,83,105,82,101,100,80,104,70,105,62,119,44,139,13,128,33,162,68,245,134,177,101,173,176,238,306,143,217,224,477,275,346,75,484,490,586,574,81,118,666,541,815,1000,858,521,145,654,867,979,600,351,312,284,235,311,328,80,188,61,236,32,233,58,187,86,159,120,122,109,117,122,95,135,64,128
64,170,2,2,119,0,1953125,12,0,0,0.71,0,0,NaN,0,0,42,29,12,37,38,14,30,41,26,23,41,31,26,41,37,31,44,43,32,49,51,41,65,78,42,59,93,88,82,118,98,40,118,204,186,172,198,230,300,400,414,326,275,250,403,420,654,492,205,433,651,999,736,734,555,671,909,950,628,215,335,425,400,214,150,158,185,162,147,145,113,86,89,97,77,64,67,64,53,50,49,51,48,44,44
64,170,2,2,119,0,1953125,12,0,0,0.94,0,0,NaN,0,0,41,14,39,29,25,30,22,39,13,39,21,37,18,34,23,32,22,41,23,34,23,46,40,33,49,42,81,40,102,58,50,80,12,23,63,73,51,131,71,103,90,31,45,83,116,109,197,127,164,310,455,613,525,400,304,594,899,999,844,481,306,42,72,100,154,122,67,84,64,108,62,73,42,55,58,58,72,47,65,38,54,45,43,41,37
64,170,2,2,119,0,1953125,12,0,0,0.95,0,0,NaN,0,0,98,44,105,45,110,45,107,59,107,61,101,61,105,83,84,90,73,98,68,120,41,115,37,127,12,124,32,169,52,199,138,100,90,168,100,188,205,31,67,200,187,194,354,269,649,569,723,582,345,95,326,490,555,462,447,650,944,999,647,484,279,366,159,318,224,255,175,145,180,124,177,78,176,51,180,24,190,32,152,35,145,59,131,68,111
64,170,2,2,119,0,1953125,12,0,0,0.95,0,0,NaN,0,0,90,41,92,54,94,62,88,62,92,78,83,83,72,91,67,98,50,101,49,107,47,122,50,139,23,137,24,134,15,183,105,207,97,148,105,294,273,246,290,253,370,262,396,260,516,353,553,450,657,362,237,477,956,1000,778,490,74,108,405,287,370,310,218,275,52,167,46,197,49,197,32,183,58,150,67,141,92,114,94,104,104,86,99,77,110
64,170,2,2,119,0,1953125,12,0,0,0.96,0,0,NaN,0,0,91,40,90,51,91,53,91,67,85,71,81,74,74,84,65,86,55,90,54,98,45,114,30,102,39,137,47,144,12,146,79,239,151,207,135,119,115,248,280,247,271,77,287,216,408,100,167,312,655,738,895,809,623,349,345,539,999,729,452,143,98,140,246,273,125,216,55,218,54,182,26,174,40,159,65,132,72,125,77,116,98,93,96,76,89
64,170,2,2,119,0,1953125,12,0,0,0.94,0,0,NaN,0,0,58,21,62,21,68,38,57,45,62,58,54,66,67,69,67,76,72,76,81,99,79,110,92,138,86,134,101,137,131,145,165,72,146,170,270,185,229,259,350,394,324,286,86,227,465,688,737,528,277,428,772,802,755,477,694,830,999,861,580,273,181,111,163,212,145,129,137,154,179,112,151,108,147,101,138,113,105,99,93,100,71,88,76,85,73
64,170,2,2,119,0,1953125,12,0,0,0.96,0,0,NaN,0,0,14,56,27,47,29,49,44,33,40,36,43,30,43,39,35,39,41,54,48,63,60,43,59,55,86,50,96,62,135,76,186,123,190,159,198,149,25,137,336,412,340,319,111,184,286,507,507,487,412,510,655,566,380,204,407,830,1000,754,293,189,372,427,366,318,153,162,129,158,132,100,111,107,139,83,103,41,89,59,85,54,61,50,51,47,45
64,170,1,2,119,0,1953125,12,0,0,0.8,0,0,NaN,0,0,32,14,34,32,14,42,31,10,40,25,16,32,20,28,23,24,33,14,33,37,17,38,22,26,47,18,64,75,7,58,106,54,60,31,87,124,75,178,159,74,134,125,188,391,467,340,426,345,341,719,779,818,1000,868,315,325,548,826,744,474,87,43,149,160,233,256,140,138,127,38,45,52,32,77,61,25,64,46,22,51,39,16,41,26,19
64,170,1,2,119,0,1953125,12,0,0,0.97,0,0,NaN,0,0,65,82,60,87,67,91,68,91,59,103,59,98,47,96,52,100,35,85,50,87,36,90,26,88,42,91,35,139,12,136,47,211,103,62,94,262,224,262,360,309,271,482,407,71,79,309,247,53,127,461,533,356,271,258,348,749,712,810,999,737,631,373,388,271,326,213,156,139,172,163,120,127,126,150,85,120,78,125,75,117,64,100,73,104,68
64,170,1,2,119,0,1953125,12,0,0,0.96,0,0,NaN,0,0,111,71,95,34,98,72,121,77,71,59,114,102,80,51,84,90,101,91,48,65,97,117,32,38,108,144,46,88,82,151,58,219,59,120,83,241,67,116,87,355,281,252,347,270,260,366,497,695,765,378,637,602,465,498,996,738,686,575,1000,815,561,181,316,384,196,121,236,367,117,106,100,262,49,162,52,183,96,157,90,105,74,141,114,67,48
64,170,1,2,119,0,1953125,12,0,0,0.96,0,0,NaN,0,0,102,43,100,76,122,61,99,61,121,88,103,48,106,72,118,75,74,43,127,80,88,48,113,83,118,109,130,123,125,197,73,133,133,229,139,308,118,299,81,222,146,342,240,436,503,258,343,145,272,338,514,759,945,172,372,613,1000,855,464,133,207,76,256,250,383,289,124,222,139,201,123,270,67,172,69,213,75,120,23,188,99,128,50,120,95
64,170,1,2,119,0,1953125,12,0,0,0.95,0,0,NaN,0,0,17,49,6,37,0,48,18,33,17,29,11,34,26,29,19,42,22,41,29,59,34,61,54,60,57,69,98,35,94,47,126,42,109,88,195,167,121,144,117,211,180,189,136,218,268,88,92,224,334,404,482,469,347,241,324,658,946,999,584,422,338,344,196,157,123,134,175,158,198,103,115,87,127,85,90,100,75,75,53,82,48,60,51,60,39
64,170,1,2,119,0,1953125,12,0,0,0.37,0,0,NaN,0,0,15,17,18,18,15,14,13,9,8,8,11,15,18,20,26,23,23,21,16,13,7,9,16,25,32,49,46,43,42,63,57,61,96,54,115,89,22,65,84,104,191,144,273,267,354,265,275,576,268,610,501,268,746,676,629,696,107,1000,472,502,294,242,238,66,146,21,89,54,27,31,8,15,33,28,40,45,37,39,35,36,28,24,18,14,8
64,170,1,2,119,0,1953125,12,0,0,0.36,0,0,NaN,0,0,8,10,12,14,15,16,16,16,14,12,9,5,3,1,7,10,14,19,23,22,30,31,30,39,37,50,32,44,37,30,64,72,44,84,80,155,189,175,257,199,262,335,230,298,255,340,384,276,454,246,545,484,496,709,612,1000,408,865,637,336,323,79,183,63,62,45,27,14,27,8,38,13,39,32,36,40,34,37,32,32,30,27,23,18,14
64,170,2,2,119,0,1953125,12,0,0,0.42,0,0,NaN,0,0,25,26,25,20,12,1,9,19,28,34,36,33,30,19,8,13,27,41,54,55,53,57,38,31,19,33,67,92,94,119,147,88,93,104,156,133,123,191,243,300,343,334,366,322,298,387,580,587,554,719,844,1000,926,756,815,396,725,867,386,474,292,389,309,154,196,120,103,79,45,51,72,60,82,90,75,69,49,34,14,10,25,42,49,53,55
64,170,2,2,119,0,1953125,12,0,0,0.96,0,0,NaN,0,0,24,35,65,16,40,20,46,13,53,38,19,11,54,35,10,34,65,33,23,31,48,20,85,65,41,19,108,99,48,94,106,145,92,105,162,226,177,332,279,109,18,194,264,56,231,314,466,366,236,515,602,688,803,823,535,408,758,1000,632,290,203,359,301,100,84,134,172,41,170,162,130,60,133,143,49,41,80,92,11,70,71,54,18,65,62
64,170,2,2,119,0,1953125,12,0,0,0.64,0,0,NaN,0,0,22,11,7,23,24,9,13,26,21,4,20,29,20,9,28,30,16,10,33,31,4,33,43,28,21,60,73,50,32,59,80,20,47,138,230,165,157,215,313,388,308,393,643,602,263,160,231,71,201,263,329,777,999,864,540,803,823,567,294,301,24,191,56,128,66,83,144,107,73,43,103,96,52,12,49,56,27,25,58,54,18,35,60,49,14
64,170,2,2,119,0,1953125,12,0,0,0.96,0,0,NaN,0,0,76,29,41,26,55,29,56,56,32,9,54,59,5,33,73,56,14,50,73,38,68,92,68,31,99,130,44,88,120,201,45,124,152,199,88,265,322,204,97,340,512,455,442,425,649,577,420,246,208,297,520,861,999,829,226,417,470,681,495,292,190,109,210,220,219,90,116,160,134,61,104,151,57,58,86,121,43,61,79,66,15,68,80,32,25
64,170,2,2,119,0,1953125,12,0,0,0.95,0,0,NaN,0,0,30,69,53,52,60,47,65,39,75,36,69,53,80,54,79,69,82,69,115,90,118,75,143,85,151,141,192,175,104,136,116,249,268,393,244,304,341,444,357,97,274,444,650,400,386,375,651,706,672,532,359,818,1000,904,665,605,797,640,443,177,241,135,150,338,401,255,130,41,210,192,72,103,121,152,79,127,89,83,74,102,83,59,85,80,65
64,170,2,2,119,0,1953125,12,0,0,0.95,0,0,NaN,0,0,24,43,13,59,35,46,49,36,39,42,60,27,43,50,55,32,62,73,76,54,107,57,69,61,152,91,83,13,135,83,211,249,231,278,209,315,176,158,192,415,253,52,312,349,417,192,495,776,785,926,929,1000,663,241,390,705,597,577,428,336,72,340,461,541,413,120,126,153,195,137,165,162,86,96,95,118,50,95,85,79,58,73,68,35,53
64,170,2,2,119,0,1953125,12,0,0,0.59,0,0,NaN,0,0,16,10,29,32,22,5,22,36,29,10,15,34,34,16,12,34,46,26,4,38,65,50,20,43,90,113,51,63,87,98,126,58,28,100,197,206,175,185,244,333,430,304,309,153,324,210,348,511,498,728,782,350,748,999,999,388,585,903,523,404,192,50,47,220,293,126,37,58,143,144,74,30,56,96,84,38,22,65,64,44,16,45,59,51,23
64,170,1,2,119,0,1953125,12,0,0,0.94,0,0,NaN,0,0,35,29,38,45,25,55,16,43,17,65,37,47,33,54,36,53,41,65,49,85,70,75,72,76,101,90,147,40,86,58,143,75,281,393,411,365,134,332,306,192,232,561,820,592,459,69,354,303,185,156,429,440,509,773,729,505,479,949,1000,777,568,359,428,413,311,111,134,144,71,45,90,115,45,103,81,90,51,61,66,47,63,49,57,36,53
64,170,2,2,119,0,1953125,12,0,0,0.95,0,0,NaN,0,0,19,58,34,48,45,41,48,30,53,21,43,40,61,33,52,52,64,48,83,61,91,43,111,46,102,65,151,111,86,87,156,204,138,211,182,316,211,127,62,191,168,353,589,569,578,252,139,410,635,544,487,840,771,438,280,887,1000,879,404,334,332,279,156,107,204,141,173,153,218,163,69,149,147,141,48,121,97,68,52,97,83,42,71,69,58
64,170,2,2,119,0,1953125,12,0,0,0.96,0,0,NaN,0,0,50,10,47,20,39,22,42,32,34,37,28,28,27,32,34,33,43,33,34,32,51,47,57,77,39,49,55,117,57,124,106,205,137,21,100,264,235,160,218,285,364,170,119,323,566,506,340,278,371,363,305,416,396,224,183,697,1000,871,486,44,71,119,164,72,179,163,178,113,114,121,71,104,89,115,51,76,57,67,42,59,57,42,41,39,43
64,170,2,2,119,0,1953125,12,0,0,0.95,0,0,NaN,0,0,39,37,46,29,49,26,60,14,49,23,53,25,52,37,48,29,60,43,69,46,87,40,78,55,113,89,94,125,57,104,28,109,51,179,167,242,228,135,172,138,191,118,194,178,267,210,149,158,514,732,738,779,565,430,314,691,983,1000,753,313,239,111,176,64,121,145,216,181,139,154,92,127,89,138,91,107,95,86,79,70,90,69,78,61,70
64,170,2,2,119,0,1953125,12,0,0,0.96,0,0,NaN,0,0,59,100,62,99,76,106,79,99,84,99,97,84,91,80,104,68,91,66,88,69,102,45,82,77,104,57,107,70,112,107,208,127,246,46,140,86,331,145,260,136,253,216,294,200,196,141,305,446,768,1000,762,739,278,261,462,622,715,877,501,382,18,274,184,357,166,298,220,207,172,141,139,151,175,107,179,68,153,68,157,57,148,44,124,64,128
64,170,2,2,119,0,1953125,12,0,0,0.73,0,0,NaN,0,0,19,27,43,30,12,36,30,0,27,33,17,13,24,25,18,13,29,35,14,34,50,21,30,63,44,29,95,93,36,90,70,27,88,162,114,85,172,149,162,287,332,248,164,206,295,312,543,309,78,399,861,920,764,699,372,275,668,1000,701,147,117,91,193,158,108,71,43,50,36,81,91,63,34,71,68,17,50,72,37,26,63,50,3,52,55
64,170,2,2,119,0,1953125,12,0,0,0.73,0,0,NaN,0,0,35,16,27,38,23,15,32,24,5,26,26,7,11,18,18,12,9,24,28,6,24,37,29,20,39,35,36,58,26,55,32,46,8,122,94,47,135,136,143,184,168,49,9,202,455,471,432,158,198,285,534,693,407,335,382,526,667,1000,590,266,274,302,256,210,156,113,86,74,59,52,61,59,49,36,50,44,19,40,50,24,23,48,40,2,40
64,170,2,2,119,0,1953125,12,0,0,0.77,0,0,NaN,0,0,82,69,93,82,73,100,76,74,97,68,84,97,65,95,94,55,96,79,50,93,64,52,85,47,68,91,37,116,105,37,119,79,34,162,81,150,200,27,120,80,151,79,263,79,314,343,231,417,674,650,828,1000,557,509,381,184,525,704,410,316,192,99,325,216,66,166,53,113,193,82,108,178,67,113,155,50,124,130,40,128,110,49,130,97,64
