64,170,1,2,119,0,1953125,12,0,0,0.71,0,0,NaN,0,0,90,105,116,100,106,124,109,110,131,120,107,130,127,104,124,129,100,113,125,91,98,115,88,69,111,76,70,125,97,51,151,123,62,201,193,87,72,231,229,137,329,150,140,58,283,247,438,347,374,342,619,603,255,400,1000,918,554,271,130,80,191,330,140,181,242,118,46,150,139,16,119,119,47,79,110,59,56,97,67,59,92,69,54,90,82
64,170,1,2,119,0,1953125,12,0,0,0.71,0,0,NaN,0,0,97,85,105,105,90,105,112,95,107,120,102,102,121,107,95,122,111,88,113,111,81,102,106,77,82,112,57,79,133,60,83,159,82,87,202,164,106,96,241,200,191,218,78,147,152,365,274,354,368,409,403,572,333,395,861,1000,481,232,220,94,62,261,242,93,168,162,80,80,167,105,54,129,123,54,98,119,69,69,98,67,59,83,64,43,72
64,170,1,2,119,0,1953125,12,0,0,0.71,0,0,NaN,0,0,32,14,13,29,23,3,23,27,12,12,23,15,10,17,19,20,20,14,24,31,12,22,37,39,5,58,60,35,61,104,72,64,156,152,105,66,159,150,119,187,255,86,100,28,233,268,404,342,313,336,496,544,288,466,924,1000,546,325,194,152,87,249,219,165,143,121,78,37,87,93,42,32,73,66,15,46,71,44,8,46,46,16,31,50,33
64,170,1,2,119,0,1953125,12,0,0,0.71,0,0,NaN,0,0,99,120,114,104,124,126,110,127,134,112,121,135,115,112,137,111,96,126,110,82,112,103,76,96,114,50,108,130,37,121,153,49,161,226,120,23,187,230,119,207,319,19,164,45,319,254,507,309,266,356,630,504,298,577,1000,987,660,395,96,271,198,284,123,276,219,50,88,143,42,91,123,59,58,119,82,56,116,105,67,107,107,75,102,114,79
64,170,1,2,119,0,1953125,12,0,0,0.71,0,0,NaN,0,0,96,116,116,100,120,129,108,123,135,115,115,135,119,108,133,118,94,124,114,79,108,108,76,86,115,54,99,131,54,102,152,74,127,218,142,18,140,239,173,191,310,20,174,38,309,250,492,327,303,359,679,542,342,478,1000,894,639,305,92,175,250,332,146,256,227,67,79,146,69,67,129,74,40,109,89,41,97,103,63,96,108,68,89,112,80
64,170,1,2,119,0,1953125,12,0,0,0.71,0,0,NaN,0,0,99,120,115,102,124,126,108,128,133,108,121,135,115,112,136,112,97,128,108,82,112,104,74,99,109,60,107,123,34,127,139,36,151,211,121,18,189,247,143,259,283,28,151,83,288,286,506,275,279,472,715,504,364,523,1000,893,663,269,75,173,300,301,177,277,201,26,106,133,33,101,128,48,71,120,76,64,118,102,68,110,107,71,106,112,76
64,170,1,2,119,0,1953125,12,0,0,0.71,0,0,NaN,0,0,98,120,115,102,126,127,109,127,134,113,122,136,115,110,137,112,99,125,108,85,111,104,77,97,105,63,104,122,37,128,137,39,141,202,136,16,191,240,145,261,272,24,150,92,265,280,508,259,291,503,730,510,337,516,1000,802,619,277,90,163,320,304,169,266,183,33,107,140,40,99,129,53,62,115,79,56,114,99,66,108,103,69,102,112,76
64,170,1,2,119,0,1953125,12,0,0,0.72,0,0,NaN,0,0,32,12,21,32,20,6,23,19,4,15,16,14,15,8,22,27,13,17,33,24,11,38,42,10,43,40,15,50,90,33,55,104,83,70,146,138,213,103,243,262,138,120,29,55,118,423,391,255,348,695,649,614,412,572,1000,928,633,262,180,189,314,333,218,224,160,51,54,110,114,48,76,76,47,22,63,54,16,26,45,20,19,39,29,5,26
64,170,1,2,119,0,1953125,12,0,0,0.97,0,0,NaN,0,0,9,47,19,38,19,38,24,33,31,27,25,25,26,28,24,33,24,33,24,40,34,39,32,36,44,44,58,58,102,50,75,56,111,83,126,31,216,215,349,307,227,219,115,160,177,363,220,167,420,754,798,601,247,567,1000,926,817,381,277,46,220,346,270,226,89,103,51,104,63,53,20,63,47,36,26,40,46,31,39,15,28,19,33,19,31
64,170,1,2,119,0,1953125,12,0,0,0.71,0,0,NaN,0,0,128,142,121,132,153,131,136,157,140,129,157,147,125,152,150,114,138,147,107,122,135,104,101,139,94,101,140,102,73,176,110,58,226,197,60,133,321,175,140,356,154,107,226,71,160,422,531,195,284,710,650,568,477,693,962,1000,734,336,284,372,297,244,260,252,39,61,141,77,115,177,97,70,152,141,70,142,161,102,120,147,104,107,138,104,84
64,170,1,2,119,0,1953125,12,0,0,0.71,0,0,NaN,0,0,125,143,125,127,150,137,131,157,147,130,155,152,126,146,157,117,130,148,113,111,136,109,91,131,102,90,138,121,50,177,134,30,226,233,98,94,280,194,75,308,203,84,266,81,202,424,605,248,228,622,690,553,462,663,999,980,835,373,394,377,334,210,193,254,76,27,141,127,64,156,117,39,126,143,62,115,152,101,103,144,105,98,138,114,84
64,170,1,2,119,0,1953125,12,0,0,0.98,0,0,NaN,0,0,39,10,37,3,39,7,32,4,36,13,33,16,27,12,29,15,35,15,41,13,46,13,57,15,50,1,56,14,104,75,84,53,84,73,131,55,112,167,252,268,198,240,191,222,261,406,325,160,243,548,638,480,158,561,992,1000,962,582,499,131,99,201,146,155,76,111,58,83,47,44,24,58,48,15,8,48,43,34,31,23,31,21,30,23,31
64,170,1,2,119,0,1953125,12,0,0,0.98,0,0,NaN,0,0,33,19,31,18,30,21,22,15,26,18,26,23,24,14,26,17,32,14,37,14,42,16,54,30,47,19,47,9,88,79,78,66,65,66,108,60,84,150,218,251,195,231,197,199,247,381,321,180,234,488,569,434,120,571,953,1000,938,578,481,110,102,185,128,135,69,108,56,74,36,45,21,53,36,20,2,51,35,34,24,28,28,26,28,24,27
64,170,1,2,119,0,1953125,12,0,0,0.98,0,0,NaN,0,0,69,95,73,101,73,98,80,107,75,106,78,106,84,101,77,104,82,100,73,97,72,99,75,82,67,93,61,96,53,132,122,39,51,156,90,98,25,237,168,263,269,167,328,115,316,256,345,69,326,468,655,461,137,599,951,1000,974,648,521,184,60,126,148,136,102,99,96,139,35,72,78,97,41,89,70,62,75,80,59,72,64,72,58,73,52
64,170,1,2,119,0,1953125,12,0,0,0.98,0,0,NaN,0,0,33,18,30,16,31,20,22,15,23,15,26,19,22,13,25,14,32,10,36,9,42,11,53,23,52,15,53,13,91,75,83,73,59,46,102,54,82,113,176,239,191,236,236,212,227,316,245,117,267,542,610,478,185,513,844,1000,897,624,491,127,28,152,95,117,60,110,71,95,46,35,12,54,42,16,5,44,31,32,22,24,25,25,26,24,26
64,170,1,2,119,0,1953125,12,0,0,0.97,0,0,NaN,0,0,28,14,28,19,25,22,17,13,25,25,17,19,18,16,20,17,29,14,30,18,37,21,43,38,38,29,43,43,71,103,59,63,79,84,70,60,77,144,136,226,167,196,245,161,247,263,234,74,280,505,601,500,180,449,808,1000,859,650,482,112,3,161,96,101,70,100,107,80,86,10,45,34,71,12,23,16,46,13,36,9,31,16,32,20,27
64,170,1,2,119,0,1953125,12,0,0,0.97,0,0,NaN,0,0,34,9,34,5,35,2,32,10,35,13,28,16,25,13,30,18,28,15,39,16,44,20,51,21,50,27,57,44,88,106,44,34,92,95,71,73,77,144,128,198,136,163,202,145,258,266,233,90,309,492,577,493,231,432,806,1000,868,687,496,154,41,117,91,75,76,99,130,91,110,24,62,41,86,48,35,16,41,31,35,30,26,26,22,27,26
64,170,1,2,119,0,1953125,12,0,0,0.71,0,0,NaN,0,0,102,122,122,107,126,132,115,129,143,119,125,144,125,115,141,123,105,132,121,89,112,121,80,97,106,76,98,133,70,121,169,65,142,212,175,33,141,201,82,163,242,65,237,97,272,246,495,326,366,451,628,582,437,580,915,1000,782,418,279,169,336,231,28,189,214,84,125,187,68,81,141,82,37,115,101,35,100,100,58,98,106,67,94,110,79
64,170,1,2,119,0,1953125,12,0,0,0.71,0,0,NaN,0,0,92,100,116,102,100,123,112,106,128,123,106,127,128,105,121,132,104,109,126,102,90,119,100,69,109,88,63,109,125,33,154,130,34,151,207,122,24,165,151,24,181,164,155,134,230,245,354,348,408,453,547,712,395,441,866,1000,592,368,167,51,265,287,92,95,188,171,39,187,160,26,125,139,72,65,132,83,45,91,78,47,86,74,43,75,75
64,170,1,2,119,0,1953125,12,0,0,0.96,0,0,NaN,0,0,10,37,19,31,22,27,26,26,32,14,25,22,26,21,28,25,22,29,36,32,42,30,50,8,51,27,74,38,102,87,25,38,137,99,89,75,140,177,140,185,108,163,182,163,254,275,253,135,399,605,719,689,381,455,812,1000,847,666,485,211,135,193,137,76,73,91,136,114,136,56,63,41,90,74,59,53,29,49,35,47,22,41,22,29,20
64,170,1,2,119,0,1953125,12,0,0,0.77,0,0,NaN,0,0,19,28,15,16,28,14,13,20,9,11,15,4,11,10,10,16,6,17,19,6,27,19,16,40,18,14,42,32,57,93,48,70,161,118,84,68,101,41,19,99,20,59,180,121,231,220,279,201,308,531,588,671,424,527,892,1000,690,481,418,220,227,224,71,40,60,9,46,34,11,58,50,34,63,61,39,62,58,14,36,45,12,31,38,16,22
64,170,1,2,119,0,1953125,12,0,0,0.96,0,0,NaN,0,0,4,43,15,39,20,32,25,31,32,15,22,25,26,25,28,29,20,33,32,34,33,33,43,26,51,37,78,30,104,63,30,44,173,135,131,80,175,246,257,318,248,256,248,206,285,374,351,174,259,525,688,629,320,412,948,1000,965,740,689,291,153,114,83,114,98,76,118,99,127,39,69,34,89,61,52,39,34,39,36,43,21,39,19,29,20
64,170,1,2,119,0,1953125,12,0,0,0.96,0,0,NaN,0,0,102,116,96,121,94,130,96,137,86,136,97,140,87,140,79,144,79,137,67,133,71,133,59,125,49,138,58,142,79,145,113,123,42,216,150,168,151,357,425,328,463,194,341,94,330,309,399,198,442,579,939,842,418,161,1000,900,769,508,317,92,165,352,198,278,91,146,17,178,76,118,63,130,60,118,78,109,64,113,89,87,83,86,82,80,79
64,170,1,2,119,0,1953125,12,0,0,0.96,0,0,NaN,0,0,95,129,91,130,88,137,93,144,83,144,92,149,86,144,78,149,84,140,74,133,79,138,69,119,72,127,73,140,102,138,138,117,46,210,165,181,206,347,486,318,477,213,320,120,350,337,363,252,482,641,955,960,456,139,1000,991,829,496,251,79,123,423,242,289,140,124,41,168,108,109,74,132,82,116,96,103,90,100,108,78,97,79,96,71,92
64,170,1,2,119,0,1953125,12,0,0,0.97,0,0,NaN,0,0,46,18,51,9,54,5,42,11,51,18,40,21,37,18,42,26,43,20,53,18,50,20,69,22,64,24,70,30,120,127,62,34,121,148,118,147,207,366,360,436,367,332,254,184,319,383,389,195,389,637,899,861,499,208,928,1000,834,472,262,112,144,357,298,183,130,22,89,62,112,10,59,37,100,39,58,24,65,40,44,32,33,33,33,34,33
64,170,1,2,119,0,1953125,12,0,0,0.97,0,0,NaN,0,0,78,126,82,135,79,132,90,141,89,136,90,141,100,129,90,132,100,125,95,113,91,124,91,100,91,102,84,126,76,162,161,70,26,220,123,214,173,347,435,325,462,237,356,116,432,355,451,223,453,532,906,830,437,242,1000,959,894,540,250,201,151,371,187,246,75,85,62,149,26,108,72,135,26,137,55,116,42,122,54,112,49,110,44,113,35
64,170,1,2,119,0,1953125,12,0,0,0.98,0,0,NaN,0,0,35,17,36,12,40,6,36,3,35,12,37,14,33,15,30,22,38,24,38,21,40,27,55,23,56,4,43,44,91,68,120,63,36,101,177,95,171,184,304,280,297,336,291,308,325,437,316,247,310,533,615,617,359,394,814,1000,763,525,373,193,133,155,85,103,83,41,75,50,33,29,56,63,22,27,30,47,30,43,17,42,24,38,25,35,23
64,170,1,2,119,0,1953125,12,0,0,0.98,0,0,NaN,0,0,39,13,38,16,40,24,29,22,31,27,29,30,24,19,30,25,35,20,39,23,39,23,52,42,33,31,43,28,104,116,60,59,104,125,151,167,122,246,243,318,285,329,315,286,399,419,408,230,343,488,707,716,406,350,856,1000,794,636,384,237,174,181,146,65,59,80,59,54,46,41,50,51,68,6,33,27,54,22,45,18,44,22,38,26,36
64,170,1,2,119,0,1953125,12,0,0,0.97,0,0,NaN,0,0,71,110,74,117,78,111,85,120,85,116,89,114,99,109,88,107,99,100,95,90,87,100,96,71,87,81,70,120,103,114,160,79,9,199,176,164,183,216,360,225,397,214,373,190,455,421,457,325,386,433,778,822,427,368,935,1000,894,709,370,311,116,275,134,168,100,81,30,140,39,90,47,131,18,114,60,97,36,110,45,100,41,100,39,97,40
64,170,1,2,119,0,1953125,12,0,0,0.97,0,0,NaN,0,0,82,97,90,100,100,91,100,101,109,93,110,91,117,87,111,79,118,76,115,64,107,66,118,44,103,54,97,76,149,51,163,98,62,125,209,86,241,167,401,259,379,284,281,233,370,521,384,400,306,521,713,869,463,267,860,1000,785,668,329,228,140,271,212,126,120,91,41,117,91,76,43,118,81,84,79,86,69,86,76,83,72,78,74,72,77
64,170,2,2,119,0,1953125,12,0,7726,2.35,0,0,NaN,0,0,31,65,25,58,50,35,28,38,39,22,20,24,33,17,44,24,48,38,44,40,48,30,57,67,52,29,70,67,82,55,166,46,186,92,189,167,119,135,77,92,171,216,119,291,379,718,821,926,1000,776,749,574,546,562,586,658,501,504,324,100,46,154,167,95,137,30,83,0,103,72,49,86,21,48,42,44,18,39,32,36,48,35,56,24,25
64,170,2,2,119,0,1953125,12,0,7873,2.37,0,0,NaN,0,0,42,40,26,53,42,36,13,43,23,36,4,22,35,20,30,13,26,16,9,51,39,42,7,95,44,54,17,109,64,15,129,129,145,182,156,219,114,148,80,151,188,234,147,299,345,615,782,883,1000,806,726,624,610,611,532,554,385,389,255,83,51,121,161,86,115,33,116,35,91,15,52,48,36,49,37,48,19,54,18,57,34,36,15,22,8
64,170,2,2,119,0,1953125,12,0,7842,2.37,0,0,NaN,0,0,48,42,25,54,30,50,21,38,28,35,7,19,27,26,14,11,51,21,56,8,60,5,62,13,82,18,93,5,78,96,126,150,230,85,206,126,208,91,98,89,211,100,200,299,438,718,820,932,1000,787,716,552,476,468,445,561,451,484,341,129,81,96,176,81,96,34,117,81,80,81,41,47,23,43,40,37,24,14,57,29,25,18,44,45,20
64,170,2,2,119,0,1953125,12,0,7705,2.34,0,0,NaN,0,0,30,72,24,53,16,69,47,42,42,40,55,12,31,8,36,19,32,38,27,21,57,70,27,63,29,87,19,73,75,20,145,182,96,163,11,158,102,87,93,176,131,185,134,262,521,691,944,1000,878,771,509,404,320,305,344,368,473,382,340,182,73,112,132,176,68,19,44,114,64,20,32,61,46,41,26,50,62,12,22,22,39,7,19,10,15
64,170,2,2,119,0,1953125,12,0,8098,2.41,0,0,NaN,0,0,60,12,46,40,63,18,21,46,54,26,20,40,32,27,36,37,24,15,12,67,23,44,50,98,45,34,59,86,121,64,157,46,133,144,105,201,94,205,72,177,306,422,276,342,409,653,745,898,1000,708,531,405,503,348,342,328,285,387,286,169,18,245,189,117,27,124,27,39,70,47,97,63,63,4,79,15,30,31,22,56,42,20,23,46,15
64,170,1,2,119,0,1953125,12,0,7897,2.37,0,0,NaN,0,0,35,67,39,45,23,56,41,35,11,43,39,11,3,39,35,4,21,37,40,20,49,41,73,24,48,64,118,21,54,109,65,140,158,240,245,65,105,157,207,62,149,76,225,160,416,612,873,1000,839,692,405,460,336,426,356,395,311,273,302,290,52,68,114,136,91,90,130,97,66,43,53,15,100,20,57,29,75,13,43,11,13,55,44,16,23
64,170,1,2,119,0,1953125,12,0,0,0.96,0,0,NaN,0,0,521,510,432,383,419,434,387,314,260,262,283,227,152,139,186,223,163,173,275,374,369,357,380,494,563,584,539,534,632,738,700,633,690,689,764,763,700,560,703,755,776,560,526,657,566,967,491,459,1000,424,735,513,916,361,658,714,834,471,778,681,543,634,515,568,563,567,528,458,511,521,456,407,405,408,407,352,290,263,247,243,215,148,147,95,101
64,170,1,2,119,0,1953125,12,0,0,0.96,0,0,NaN,0,0,145,181,155,187,151,187,156,194,156,204,147,201,156,205,144,202,138,217,127,202,142,193,149,171,169,162,179,132,201,118,258,42,287,89,399,138,365,87,251,94,475,336,303,181,539,433,574,572,573,928,834,1000,455,593,648,701,615,396,662,767,291,313,311,105,133,212,303,29,186,73,239,50,174,92,193,72,182,99,168,109,150,123,134,121,132
64,170,1,2,119,0,1953125,12,0,0,0.96,0,0,NaN,0,0,143,184,153,191,149,193,154,198,155,207,149,200,158,207,145,204,138,218,140,194,156,186,161,162,184,146,193,118,215,96,282,25,313,56,415,146,329,79,314,133,486,384,297,234,607,557,586,722,611,1000,954,982,488,456,577,519,513,325,510,656,242,186,270,127,187,163,322,32,187,50,235,68,174,84,199,93,172,114,160,123,142,133,128,128,128
64,170,1,2,119,0,1953125,12,0,0,0.96,0,0,NaN,0,0,140,170,149,176,143,181,145,185,147,193,139,188,149,195,137,193,130,203,134,181,149,170,154,146,177,129,181,103,211,65,276,23,295,44,379,172,261,90,316,186,429,422,217,279,561,658,530,754,540,861,999,854,548,185,546,406,537,300,367,561,296,58,196,128,241,48,284,123,140,80,185,146,129,119,146,154,106,153,102,158,94,151,93,137,92
64,170,1,2,119,0,1953125,12,0,0,0.96,0,0,NaN,0,0,49,10,40,6,43,9,37,14,30,13,34,20,19,12,31,15,38,25,57,26,58,30,71,49,76,58,65,89,90,142,116,190,115,210,206,281,165,83,134,310,399,308,276,221,644,580,712,593,661,737,1000,886,435,125,479,433,423,216,487,525,292,172,140,55,175,138,187,92,26,53,80,92,19,53,40,68,21,47,20,38,20,22,14,23,28
64,170,1,2,119,0,1953125,12,0,0,0.96,0,0,NaN,0,0,49,16,44,10,50,6,43,12,34,8,36,18,22,9,36,17,44,29,61,23,62,24,78,42,86,46,87,88,114,155,145,218,124,207,187,298,137,129,167,371,468,368,353,298,736,697,840,753,760,776,999,845,339,27,581,589,500,262,542,569,291,200,203,96,168,133,195,98,21,36,95,99,23,47,42,71,17,43,11,36,15,21,8,24,25
64,170,1,2,119,0,1953125,12,0,7511,2.31,0,0,NaN,0,0,20,25,15,18,17,21,14,23,14,10,12,15,11,1,15,6,18,8,26,5,13,12,39,44,38,12,25,73,42,93,63,145,129,93,182,239,107,90,124,91,383,170,394,93,726,417,535,427,539,251,1000,631,101,142,813,603,218,305,668,724,78,36,246,133,138,21,105,62,35,11,25,69,26,12,15,12,19,13,0,16,8,7,6,18,8
64,170,1,2,119,0,1953125,12,0,7516,2.31,0,0,NaN,0,0,56,60,24,58,39,67,16,43,32,58,6,27,39,51,28,17,50,16,43,21,84,14,72,56,119,40,118,58,117,125,160,200,245,30,153,92,206,178,121,319,312,364,358,45,169,556,790,723,709,592,420,531,665,875,1000,839,511,527,719,687,658,362,117,35,137,49,171,99,71,32,96,78,9,50,73,40,22,36,25,51,40,27,3,48,45
64,170,1,2,119,0,1953125,12,0,7611,2.33,0,0,NaN,0,0,32,77,1,60,29,65,14,35,46,50,24,18,50,23,17,25,29,41,32,52,21,73,18,56,40,94,37,78,87,131,81,70,193,134,144,194,296,294,99,159,282,247,393,232,244,365,692,716,609,465,280,380,679,872,1000,834,341,364,747,725,560,292,74,77,135,63,124,63,66,42,94,47,92,57,62,61,75,50,35,69,51,27,34,60,29
64,170,1,2,119,0,1953125,12,0,7516,2.31,0,0,NaN,0,0,94,55,49,22,83,30,65,10,63,45,41,23,27,56,31,40,27,85,23,40,70,89,35,39,116,120,55,42,138,119,123,85,191,149,145,155,256,364,317,314,358,235,448,293,303,315,673,731,648,522,263,237,537,767,1000,985,558,472,695,713,555,344,72,171,108,109,124,182,42,25,129,104,50,30,95,55,77,44,58,40,73,33,25,40,70
64,170,1,2,119,0,1953125,12,0,7611,2.33,0,0,NaN,0,0,48,63,72,57,58,44,44,76,39,45,19,65,19,27,33,41,17,26,90,26,45,47,84,76,114,98,121,110,128,92,77,201,190,141,38,297,358,292,355,293,255,397,335,424,197,532,728,957,849,453,270,54,251,738,865,1000,756,493,571,801,621,256,86,140,150,64,69,52,99,182,82,52,80,172,53,33,74,121,24,59,105,86,32,82,81
64,170,1,2,119,0,1953125,12,0,7823,2.36,0,0,NaN,0,0,60,75,26,29,95,60,30,29,92,12,41,46,51,34,42,61,46,44,23,35,87,61,11,62,137,71,24,90,139,126,65,126,171,133,2,30,296,367,337,392,197,206,227,125,51,322,749,836,859,537,257,130,265,627,1000,992,518,446,858,886,677,318,133,117,97,67,171,7,92,109,123,76,78,58,52,133,53,32,77,120,15,58,102,78,39
64,170,1,2,119,0,1953125,12,0,7641,2.33,0,0,NaN,0,0,70,45,81,73,56,45,67,60,51,54,42,59,29,38,41,36,46,8,92,32,87,45,82,41,124,56,114,65,135,111,73,47,241,158,144,109,312,487,362,451,534,375,271,153,306,608,664,809,679,554,574,424,608,1000,927,822,578,698,862,982,956,540,114,111,318,202,35,48,220,135,82,63,165,123,66,82,89,86,57,79,66,55,39,66,48
64,170,1,2,119,0,1953125,12,0,7711,2.34,0,0,NaN,0,0,39,117,65,51,51,116,30,55,45,71,49,56,60,26,84,63,84,39,88,48,55,124,137,49,48,173,136,47,26,255,207,18,151,232,87,161,308,520,331,369,319,156,273,276,146,403,769,944,773,636,334,141,484,779,811,1000,599,506,812,968,591,333,54,273,75,99,113,209,44,141,124,151,85,166,97,103,79,106,35,9,104,100,21,25,72
64,170,1,2,119,0,1953125,12,0,7783,2.36,0,0,NaN,0,0,99,88,32,81,59,83,47,35,51,83,41,21,67,46,24,51,78,24,38,43,108,104,8,98,112,150,23,138,112,227,106,261,149,102,106,115,341,289,404,480,257,236,386,322,76,360,783,919,909,864,523,538,676,771,906,1000,570,439,717,728,463,310,162,283,108,104,172,184,58,58,174,140,87,88,109,96,93,54,75,25,109,58,25,56,103
64,170,2,2,119,0,1953125,12,0,7797,2.36,0,0,NaN,0,0,50,30,56,23,46,39,30,24,34,18,25,15,26,20,22,33,28,42,36,32,41,37,23,54,33,84,7,96,33,96,33,153,79,76,93,11,158,229,192,262,173,88,144,237,66,230,433,815,934,982,1000,827,776,775,592,566,449,146,94,143,181,19,74,156,204,57,112,77,158,47,40,76,134,32,70,21,68,27,78,51,72,29,53,24,15
64,170,2,2,119,0,1953125,12,0,7625,2.33,0,0,NaN,0,0,41,39,35,53,53,15,44,31,34,11,25,23,16,14,9,28,12,26,29,70,9,61,13,77,29,50,49,74,21,81,60,43,81,133,69,196,136,281,255,135,186,275,234,190,109,369,571,823,1000,908,905,876,819,923,802,664,595,248,159,155,264,255,92,78,154,111,58,70,157,173,38,24,66,74,29,66,48,75,9,39,25,33,27,61,59
64,170,2,2,119,0,1953125,12,0,7675,2.34,0,0,NaN,0,0,65,36,29,60,16,68,37,54,36,33,14,22,20,36,28,34,15,15,32,32,81,35,97,8,95,16,65,69,61,47,75,72,12,128,52,223,184,277,257,129,129,220,211,240,75,356,579,917,1000,895,880,756,866,902,810,768,529,245,126,273,293,135,99,140,53,60,43,185,108,109,57,60,0,85,21,64,10,70,21,52,31,61,31,50,48
64,170,2,2,119,0,1953125,12,0,6883,2.2,0,0,NaN,0,0,91,86,33,96,8,98,68,62,88,16,79,43,92,70,61,54,48,79,32,83,28,66,27,81,72,62,92,50,169,70,154,146,112,252,126,276,270,276,438,306,340,271,30,208,370,713,759,819,910,743,763,807,809,1000,936,808,804,427,215,148,239,365,255,299,202,85,170,126,249,172,137,145,30,119,43,98,71,69,101,56,87,51,61,64,62
64,170,2,2,119,0,1953125,12,0,0,0.68,0,0,NaN,0,0,914,910,917,905,903,907,905,895,895,898,892,886,880,875,883,862,865,867,860,862,858,853,854,841,854,836,829,839,846,869,895,876,839,827,821,706,785,787,818,766,756,635,796,936,928,989,1000,690,678,480,565,729,702,787,592,614,807,886,777,685,744,918,830,763,729,712,678,706,693,680,653,653,653,671,654,659,660,651,651,643,634,654,631,629,614
64,170,1,2,119,0,1953125,12,0,0,0.68,0,0,NaN,0,0,37,28,11,32,41,20,20,43,35,8,37,45,21,21,46,40,5,46,47,23,20,50,55,23,36,49,32,20,51,59,15,66,41,69,139,163,65,100,194,191,127,165,134,265,337,127,141,387,440,465,791,686,407,251,706,1000,686,577,722,833,431,260,296,271,278,160,153,207,175,105,120,152,96,41,87,93,42,46,75,46,16,63,64,19,39
64,170,1,2,119,0,1953125,12,0,0,0.68,0,0,NaN,0,0,175,163,157,171,165,152,163,165,147,151,163,145,142,158,148,127,145,160,122,131,152,143,105,133,153,122,119,143,135,91,149,88,127,156,223,26,176,210,83,96,187,204,64,145,392,109,85,295,398,303,397,595,362,171,476,1000,578,250,610,685,174,207,337,213,86,174,227,139,68,182,162,25,102,153,89,55,131,108,54,104,117,66,83,119,89
64,170,2,2,119,0,1953125,12,0,7695,2.34,0,0,NaN,0,0,23,21,17,22,20,18,7,20,20,11,12,15,10,1,6,4,16,10,27,11,20,16,31,43,10,19,26,91,35,79,28,139,112,31,169,135,157,165,75,23,61,211,175,53,590,208,276,240,512,104,898,384,182,188,897,1000,461,414,478,920,88,209,227,145,166,108,105,94,47,65,10,89,20,22,3,24,28,18,2,12,7,7,8,12,7
64,170,2,2,119,0,1953125,12,0,7771,2.35,0,0,NaN,0,0,53,50,63,27,82,31,51,52,35,61,11,38,40,31,10,58,37,70,53,117,60,121,99,56,140,41,68,137,170,87,149,354,87,231,354,462,59,184,381,282,203,274,429,242,553,771,1000,892,625,595,737,810,557,533,723,857,562,492,278,244,103,186,385,407,203,175,105,104,59,61,87,56,42,44,80,46,20,55,10,58,10,21,32,42,10
64,170,2,2,119,0,1953125,12,0,7737,2.35,0,0,NaN,0,0,59,81,27,68,46,73,25,66,26,70,11,41,35,41,25,8,69,5,68,21,91,29,97,35,95,83,144,63,115,128,187,150,199,148,317,191,247,77,287,291,412,156,279,398,725,898,874,999,851,842,717,505,478,542,843,900,870,690,370,189,186,272,280,378,192,148,100,109,91,90,111,54,82,60,102,12,69,11,36,38,23,38,27,51,43
64,170,2,2,119,0,1953125,12,0,7665,2.33,0,0,NaN,0,0,62,70,82,40,67,39,74,17,59,10,44,21,33,46,48,70,56,76,45,72,59,88,52,92,51,77,73,112,68,52,161,167,66,124,156,265,82,15,259,412,260,228,49,453,596,837,953,869,1000,911,838,663,215,353,630,939,681,633,367,160,113,224,221,178,215,57,45,61,99,75,11,72,69,60,12,49,36,62,9,27,27,39,3,23,39
64,170,2,2,119,0,1953125,12,0,7823,2.36,0,0,NaN,0,0,83,35,69,27,55,53,40,30,28,59,5,32,32,52,19,16,40,13,54,36,75,54,85,81,99,69,51,127,64,123,37,223,97,296,230,423,258,199,135,466,383,364,180,442,554,656,762,669,787,835,839,868,525,526,647,1000,828,712,503,140,53,195,241,148,233,138,132,82,154,129,81,53,89,44,65,14,91,20,66,37,69,7,56,49,46
64,170,2,2,119,0,1953125,12,0,7828,2.36,0,0,NaN,0,0,121,48,84,51,63,74,42,66,9,95,33,66,22,80,20,39,38,18,80,33,133,43,135,53,119,75,128,16,134,84,186,106,244,293,544,374,406,120,374,324,401,271,391,562,603,795,619,785,858,940,1000,788,799,648,822,909,702,836,617,298,206,186,228,256,309,94,177,66,199,40,122,40,117,33,78,75,101,77,109,92,108,57,76,48,38
64,170,2,2,119,0,1953125,12,0,7792,2.36,0,0,NaN,0,0,41,50,21,29,76,23,36,29,58,28,31,36,28,41,15,13,80,57,34,32,106,38,3,87,63,83,51,106,54,163,107,166,101,273,151,164,40,163,166,83,74,212,316,220,135,481,683,684,688,798,1000,854,668,337,337,270,281,407,235,201,209,172,179,266,205,168,77,195,114,90,71,87,28,33,105,46,60,45,49,57,63,30,15,60,28
64,170,2,2,119,0,1953125,12,0,7778,2.35,0,0,NaN,0,0,44,55,49,63,46,65,28,44,37,33,30,2,52,12,36,31,61,35,54,37,65,25,19,97,29,94,17,116,31,122,60,213,146,136,151,51,210,181,146,150,90,209,268,306,213,447,593,864,863,995,1000,979,932,634,501,359,261,295,233,242,264,131,138,273,178,127,67,138,131,46,53,88,34,65,5,85,32,73,27,67,26,69,51,62,30
64,170,2,2,119,0,1953125,12,0,0,0.96,0,0,NaN,0,0,467,419,388,332,346,371,372,286,224,224,230,211,140,104,150,190,164,157,206,303,329,359,324,372,491,531,486,454,509,606,669,549,547,503,630,784,545,618,551,561,775,690,535,384,603,917,594,309,745,197,884,689,356,669,167,442,1000,269,658,421,612,701,467,319,501,514,510,424,422,440,419,388,379,339,317,298,286,251,238,191,184,146,129,132,87
64,170,2,2,119,0,1953125,12,0,0,0.96,0,0,NaN,0,0,50,10,43,3,46,10,40,14,33,15,37,22,22,15,35,15,41,30,61,28,57,28,69,43,76,60,72,94,87,134,107,183,126,228,219,255,114,122,194,293,353,198,294,306,615,409,471,606,859,963,999,638,365,362,706,671,440,412,700,693,433,275,133,74,244,182,178,77,56,79,85,91,29,65,43,71,18,49,18,39,18,23,12,27,29
64,170,2,2,119,0,1953125,12,0,0,0.68,0,0,NaN,0,0,223,227,214,219,233,220,212,230,228,206,224,233,209,209,232,214,191,225,224,189,198,235,197,167,215,219,165,168,223,160,210,190,208,92,289,230,157,161,381,263,197,341,141,248,384,394,242,130,284,638,788,598,693,546,519,1000,731,586,501,800,478,216,247,429,386,59,259,329,185,76,242,239,105,138,211,156,96,180,166,104,143,175,117,114,161
64,170,2,2,119,0,1953125,12,0,7556,2.32,0,0,NaN,0,0,19,22,7,17,24,23,8,24,20,12,7,7,24,14,12,6,18,22,21,5,17,23,40,39,22,23,37,80,33,70,78,160,191,97,204,213,152,135,222,58,512,123,545,153,790,392,388,321,643,350,1000,520,441,518,715,742,404,358,876,859,118,84,277,114,216,98,115,89,63,50,22,90,29,29,16,15,31,11,2,13,13,9,4,9,13
