64,170,2,2,119,0,1953125,12,0,0,0.97,0,0,NaN,0,0,41,50,43,72,24,71,16,56,16,71,25,42,29,57,22,47,48,66,20,66,34,62,40,113,28,78,46,165,70,145,67,148,64,159,155,179,165,222,419,380,626,572,493,319,336,406,457,339,316,668,928,1000,767,672,512,549,666,679,699,662,451,226,94,77,221,155,139,47,158,139,90,65,101,142,38,45,47,88,6,62,48,58,5,45,39
64,170,1,2,119,0,1953125,12,0,0,0.97,0,0,NaN,0,0,98,90,114,80,112,84,134,82,124,71,137,76,133,59,121,68,140,42,115,43,128,51,108,39,142,43,114,64,172,31,175,31,156,55,235,39,231,123,385,229,537,462,446,321,374,419,402,283,376,606,933,1000,812,799,451,433,473,570,403,579,289,98,201,130,66,249,69,155,14,220,99,140,43,169,120,126,64,135,88,141,77,105,77,132,63
64,170,1,2,119,0,1953125,12,0,0,0.96,0,0,NaN,0,0,64,94,71,88,81,90,92,81,89,84,103,78,92,72,97,69,107,45,91,55,98,50,94,38,115,42,103,53,153,2,141,23,132,50,229,72,207,158,265,220,300,329,269,284,297,458,298,250,275,587,761,1000,802,847,495,306,203,364,320,376,277,65,178,77,68,160,134,92,108,129,170,65,115,69,154,63,125,36,111,68,130,35,97,57,105
64,170,1,2,119,0,1953125,12,0,0,0.96,0,0,NaN,0,0,51,4,61,19,43,18,42,22,39,33,30,21,39,35,35,26,49,32,36,23,58,35,67,69,44,47,78,118,54,107,31,116,26,144,123,205,166,191,256,195,282,182,234,175,399,454,431,242,205,554,746,1000,895,846,599,368,263,237,342,281,238,95,114,30,128,93,87,33,124,127,78,63,54,108,48,57,33,78,35,41,43,54,36,28,40
64,170,1,2,119,0,1953125,12,0,0,0.96,0,0,NaN,0,0,49,2,59,24,40,16,42,26,36,32,29,22,35,34,35,23,48,34,33,23,62,38,61,69,43,48,70,117,57,109,33,119,10,128,122,221,186,217,316,244,315,154,209,171,415,479,478,336,95,458,662,999,844,795,593,488,345,234,343,267,237,105,88,22,142,104,75,34,118,122,72,68,46,106,43,57,31,75,35,39,44,51,35,28,38
64,170,1,2,119,0,1953125,12,0,0,0.96,0,0,NaN,0,0,52,22,69,7,51,4,57,16,45,27,44,17,47,35,45,24,59,32,44,16,74,28,82,62,73,38,101,113,95,122,75,142,33,107,141,266,195,326,408,379,446,198,118,133,480,600,662,466,87,348,645,1000,894,837,754,730,537,452,521,361,289,55,51,84,212,130,118,22,143,106,102,62,83,110,51,61,45,87,24,50,42,62,30,38,39
64,170,1,2,119,0,1953125,12,0,0,0.96,0,0,NaN,0,0,54,23,58,46,35,40,36,45,25,48,26,36,30,50,33,36,45,55,26,38,50,67,45,98,32,67,43,147,84,126,74,140,64,100,119,220,249,254,465,408,456,283,74,84,406,620,620,555,55,322,547,1000,765,731,799,838,771,522,604,446,257,118,34,89,203,191,82,73,93,152,77,83,41,124,79,55,52,73,58,35,64,50,44,26,49
64,170,1,2,119,0,1953125,12,0,0,0.96,0,0,NaN,0,0,96,55,111,44,106,57,114,65,105,55,111,75,103,58,99,65,103,78,74,60,97,64,87,73,84,79,104,94,121,141,79,125,78,77,182,243,146,359,232,436,313,272,31,318,358,599,627,404,147,523,629,1000,926,648,552,440,555,232,411,291,163,130,96,24,196,76,109,47,183,91,117,98,131,114,86,109,96,120,65,94,80,119,56,90,59
64,170,1,2,119,0,1953125,12,0,0,0.97,0,0,NaN,0,0,89,81,111,95,96,94,106,114,97,103,93,124,90,110,72,109,85,125,49,100,74,113,58,104,67,118,87,115,116,166,88,160,95,154,146,271,117,348,212,511,403,563,263,436,425,554,584,373,92,616,767,1000,838,371,347,784,811,428,460,295,321,185,15,112,261,44,186,24,221,29,159,26,197,62,145,83,139,59,137,62,138,69,112,57,131
64,170,1,2,119,0,1953125,12,0,0,0.97,0,0,NaN,0,0,84,52,96,64,90,64,95,75,91,78,84,84,85,83,72,79,74,92,57,76,65,80,62,83,55,80,90,112,94,128,89,156,75,154,93,196,86,287,249,507,448,510,284,203,259,395,463,367,184,360,542,537,398,38,479,861,999,534,569,424,287,202,62,61,230,84,141,40,164,59,131,60,150,109,88,90,106,88,87,79,94,95,70,69,84
64,170,1,2,119,0,1953125,12,0,0,0.96,0,0,NaN,0,0,78,41,89,44,86,43,94,53,90,52,87,57,90,54,79,51,82,63,68,51,72,57,71,55,70,53,100,103,101,109,93,135,75,133,99,178,100,290,254,482,417,424,240,116,185,378,446,396,200,145,349,384,224,153,551,816,1000,564,603,534,292,241,88,52,187,104,90,63,135,62,106,80,112,120,50,91,82,98,53,83,62,99,47,74,49
64,170,1,2,119,0,1953125,12,0,0,0.96,0,0,NaN,0,0,62,83,58,97,65,103,49,102,62,111,55,99,48,113,53,98,32,105,44,100,35,88,29,113,38,99,31,167,109,117,74,183,137,123,146,151,199,190,434,387,632,381,285,151,334,325,566,489,186,32,476,451,300,151,564,888,999,831,598,668,404,162,202,148,41,175,108,93,33,179,80,121,71,119,114,82,76,94,95,84,86,68,89,72,87
64,170,1,2,119,0,1953125,12,0,0,0.97,0,0,NaN,0,0,34,47,39,42,44,38,52,23,44,23,47,18,38,32,39,27,38,46,44,44,59,36,50,56,85,47,116,93,174,50,155,112,214,140,207,150,167,273,419,602,651,672,324,237,281,534,624,623,336,200,483,500,307,54,503,787,1000,795,601,734,450,267,229,164,79,104,56,93,97,148,87,53,68,57,62,28,61,34,44,21,57,29,29,28,44
64,170,2,2,119,0,1953125,12,0,0,0.98,0,0,NaN,0,0,100,109,111,125,110,123,112,141,104,146,91,142,99,143,81,132,90,135,79,131,79,138,74,112,98,120,143,188,155,196,160,213,234,316,234,345,154,471,466,831,743,1000,482,456,434,834,824,878,407,326,455,633,360,314,554,880,966,627,643,698,381,486,228,267,226,102,101,187,283,75,196,90,176,73,143,109,174,74,145,89,169,71,136,73,148
64,170,2,2,119,0,1953125,12,0,0,0.98,0,0,NaN,0,0,58,49,64,38,63,39,76,31,71,42,75,31,59,47,61,46,56,60,50,77,79,72,67,76,82,90,101,160,181,124,157,177,247,215,367,207,315,321,666,714,962,1000,650,538,562,837,903,908,360,246,492,578,381,344,545,928,982,706,554,699,377,444,353,234,239,38,152,121,249,153,72,36,85,57,59,55,81,61,49,73,54,51,43,61,43
64,170,2,2,119,0,1953125,12,0,0,0.98,0,0,NaN,0,0,90,104,96,119,104,116,106,120,117,131,99,129,106,134,91,118,103,119,95,102,108,122,94,90,110,81,154,83,196,118,181,58,262,176,343,236,260,337,578,695,809,1000,543,561,393,779,726,813,168,222,457,553,273,383,481,913,712,698,503,450,438,406,266,347,61,184,85,272,80,216,88,151,64,156,81,175,49,159,68,165,59,139,68,148,59
64,170,2,2,119,0,1953125,12,0,0,0.98,0,0,NaN,0,0,78,114,83,128,93,122,93,133,101,144,81,141,90,144,77,127,89,135,78,123,90,143,71,110,95,110,134,130,180,170,156,109,232,208,280,285,217,376,496,719,728,1000,543,521,307,770,738,766,131,254,661,904,454,576,492,829,633,531,514,459,378,482,243,350,92,186,63,300,141,190,102,163,51,170,60,182,53,164,61,163,61,143,58,151,51
64,170,2,2,119,0,1953125,12,0,0,0.98,0,0,NaN,0,0,72,113,80,126,87,122,89,134,94,142,76,138,85,142,69,127,85,137,71,125,85,145,61,111,89,109,128,130,176,174,147,111,215,203,260,278,203,364,467,701,699,964,544,529,321,752,719,738,138,299,725,1000,524,611,484,781,595,464,447,426,347,474,239,347,103,191,63,300,151,184,99,164,45,169,55,179,52,163,57,163,61,140,54,151,47
64,170,2,2,119,0,1953125,12,0,0,0.98,0,0,NaN,0,0,56,55,62,43,59,50,77,42,72,54,79,39,59,53,59,54,61,79,56,86,83,90,70,88,83,98,94,174,187,147,162,165,221,192,332,213,318,301,643,692,957,1000,752,500,519,831,963,858,171,234,809,982,636,587,597,816,782,566,494,629,357,493,397,259,241,46,192,161,274,142,84,17,106,50,79,57,94,66,62,69,61,51,48,62,52
64,170,2,2,119,0,1953125,12,0,0,0.98,0,0,NaN,0,0,51,61,59,45,53,56,69,43,67,57,73,40,59,57,54,57,59,74,49,91,78,86,58,96,72,102,92,176,168,145,147,184,219,216,338,212,307,320,678,711,979,1000,716,446,549,878,990,880,182,294,753,839,593,606,714,935,851,640,551,670,412,512,404,256,219,50,183,154,264,132,90,17,98,40,78,47,96,60,63,63,65,50,50,61,52
64,170,2,2,119,0,1953125,12,0,0,0.98,0,0,NaN,0,0,37,57,47,41,39,52,55,38,49,53,59,33,46,52,42,46,47,61,29,77,58,70,36,79,47,85,60,150,120,116,93,165,162,197,280,152,206,255,586,608,862,841,562,358,478,754,866,810,200,273,593,642,428,459,704,1000,936,715,566,636,399,422,313,193,156,51,136,112,211,100,82,23,77,25,60,25,84,43,53,47,56,40,38,48,43
64,170,2,2,119,0,1953125,12,0,0,0.98,0,0,NaN,0,0,81,88,77,97,108,87,102,77,132,69,131,47,129,79,121,72,98,92,91,100,61,112,56,112,31,95,71,167,27,153,27,197,62,238,183,207,234,214,509,509,905,719,466,313,451,638,627,718,225,405,458,615,220,282,528,859,1000,719,601,749,368,380,329,92,151,90,182,77,165,183,75,87,104,128,94,128,50,142,78,126,57,113,87,105,80
64,170,2,2,119,0,1953125,12,0,6753,2.18,0,0,NaN,0,0,11,74,25,35,19,64,17,30,38,46,27,43,51,18,48,50,58,17,59,55,44,75,95,74,36,123,120,92,36,122,77,108,54,158,81,92,33,129,94,266,225,258,190,381,324,273,305,582,576,422,197,492,542,282,215,805,1000,967,724,320,230,180,170,46,80,81,30,130,107,76,27,110,57,89,69,100,28,75,70,77,12,70,63,47,32
64,170,2,2,119,0,1953125,12,0,7239,2.26,0,0,NaN,0,0,9,60,14,27,29,43,24,13,27,17,38,2,20,46,4,24,49,10,41,40,24,74,61,43,33,102,22,10,62,22,68,28,62,115,128,57,30,43,84,171,128,123,76,146,141,124,43,394,624,620,463,605,689,379,224,870,1000,753,346,23,65,112,214,220,87,65,81,37,79,33,18,70,24,50,29,32,44,43,19,33,63,17,48,58,28
64,170,2,2,119,0,1953125,12,0,0,0.97,0,0,NaN,0,0,494,529,524,532,540,567,571,575,560,584,568,560,552,534,538,520,504,492,472,464,460,430,420,442,425,430,411,461,461,490,475,501,575,532,581,547,593,666,621,574,545,615,658,455,632,655,803,408,523,781,299,891,219,622,583,1000,398,528,744,367,429,586,575,640,472,559,625,605,579,558,618,641,616,588,589,625,625,591,551,567,590,566,515,501,519
64,170,2,2,119,0,1953125,12,0,0,0.97,0,0,NaN,0,0,93,67,112,66,104,70,117,83,108,72,112,92,104,81,92,80,105,84,76,72,93,79,79,57,97,83,96,35,147,98,122,75,137,115,155,132,129,230,268,387,367,587,218,339,210,510,400,374,65,631,795,1000,593,342,114,679,676,630,604,475,454,134,121,115,182,92,167,54,148,51,152,60,152,26,138,88,113,59,116,71,121,61,92,71,113
64,170,2,2,119,0,1953125,12,0,0,0.97,0,0,NaN,0,0,83,61,101,57,97,62,106,74,98,62,102,79,94,71,85,70,96,72,71,63,85,65,78,49,93,73,88,29,131,85,104,55,121,83,159,117,130,228,190,283,271,466,182,327,225,484,343,257,157,658,749,1000,598,423,184,466,414,431,424,353,354,69,132,79,142,105,146,55,139,49,135,65,130,28,130,77,102,54,102,69,110,52,81,67,98
64,170,2,2,119,0,1953125,12,0,0,0.97,0,0,NaN,0,0,11,42,8,55,12,45,18,37,12,42,31,25,14,36,19,28,25,50,15,37,16,51,9,73,49,49,15,103,97,78,76,69,71,65,140,119,196,175,241,214,289,289,212,242,351,505,436,269,189,612,771,1000,695,546,396,266,288,199,296,309,208,121,64,82,81,91,52,75,74,119,41,48,29,97,50,31,13,47,26,31,36,32,19,19,26
64,170,2,2,119,0,1953125,12,0,0,0.96,0,0,NaN,0,0,76,72,83,56,92,67,98,56,90,59,106,58,90,47,98,51,100,31,83,45,98,24,90,13,110,38,98,18,153,67,107,30,116,28,192,112,210,260,187,308,166,292,108,263,275,545,386,315,196,573,656,1000,645,599,442,402,294,225,339,220,241,36,161,24,141,42,118,42,143,27,153,55,116,15,133,68,105,53,91,65,101,64,73,63,82
64,170,2,2,119,0,1953125,12,0,0,0.96,0,0,NaN,0,0,42,32,41,47,17,34,22,43,6,38,17,35,12,41,30,34,26,48,17,33,37,71,22,73,24,73,11,118,88,110,68,89,66,81,115,188,256,234,311,276,259,221,119,157,359,546,472,360,92,535,678,1000,737,645,614,505,456,340,389,351,215,153,57,129,106,128,20,71,61,130,76,69,29,88,79,39,48,46,59,11,48,38,44,18,32
