64,170,2,2,119,0,1953125,12,0,0,0.96,0,0,NaN,0,0,46,39,42,54,24,51,19,53,6,46,18,46,16,42,22,41,38,62,25,48,49,96,33,91,58,157,93,144,74,114,168,263,314,145,132,141,273,219,352,257,243,212,204,224,204,320,408,624,691,434,169,359,501,785,1000,835,852,646,525,233,195,179,304,368,160,106,118,246,121,98,90,171,120,65,80,71,78,39,79,40,47,34,58,37,40
64,170,2,2,119,0,1953125,12,0,0,0.96,0,0,NaN,0,0,72,23,69,23,59,26,59,45,36,32,43,39,33,38,41,16,57,42,55,9,80,49,80,40,127,111,152,176,72,103,179,379,294,313,113,229,193,341,327,317,384,268,344,237,325,283,536,676,937,694,305,148,515,863,1000,970,806,777,588,343,184,221,355,305,243,46,222,200,175,67,164,170,105,91,66,106,29,75,36,74,14,61,35,47,29
64,170,1,2,119,0,1953125,12,0,0,0.96,0,0,NaN,0,0,37,58,37,59,47,49,50,36,49,29,46,26,41,35,37,30,30,60,40,47,31,85,58,70,79,151,178,120,160,36,224,242,423,266,268,173,273,204,238,345,377,505,380,490,320,211,315,696,959,835,620,94,138,537,722,627,646,686,1000,593,226,58,290,395,223,140,102,284,158,74,81,175,137,46,83,64,75,34,87,33,50,34,57,25,44
64,170,1,2,119,0,1953125,12,0,0,0.98,0,0,NaN,0,0,261,236,272,232,264,241,286,240,276,237,293,252,281,231,285,258,269,235,260,250,253,227,240,223,224,237,293,92,305,196,309,74,501,110,455,139,415,156,357,198,512,461,591,704,308,240,494,651,778,1000,290,333,267,724,319,730,447,969,828,768,251,304,122,416,315,173,179,264,261,190,143,216,235,202,161,202,193,222,183,193,171,222,180,193,166
64,170,2,2,119,0,1953125,12,0,7753,2.35,0,0,NaN,0,0,108,87,138,117,83,56,133,82,99,48,116,27,104,86,133,10,89,86,98,100,99,127,88,196,147,146,119,300,210,241,156,279,113,166,116,478,280,432,384,846,781,466,207,411,496,235,257,684,751,577,234,547,761,778,759,699,1000,610,581,280,554,365,475,168,300,133,390,238,295,124,149,97,231,63,223,79,123,73,192,76,130,163,229,119,99
64,170,2,2,119,0,1953125,12,0,7753,2.35,0,0,NaN,0,0,45,172,133,111,60,112,134,115,61,49,146,96,70,36,183,71,61,118,151,80,68,230,169,177,128,284,194,296,223,443,308,280,182,394,115,544,386,522,266,1000,929,909,526,267,371,375,585,791,676,579,140,667,598,870,588,878,786,802,596,702,452,551,491,478,238,458,469,515,360,119,83,198,20,306,151,125,76,276,106,92,143,231,71,70,168
64,170,2,2,119,0,1953125,12,0,7898,2.37,0,0,NaN,0,0,18,134,60,106,37,86,92,78,53,33,96,46,49,21,85,30,38,69,55,56,46,87,111,81,62,89,218,91,76,207,365,98,47,217,215,167,185,264,93,486,613,791,566,341,545,544,410,319,515,587,450,176,188,398,194,590,729,999,746,594,286,484,418,406,165,398,341,325,215,85,24,75,93,156,40,20,95,77,60,24,48,92,96,64,32
64,170,2,2,119,0,1953125,12,0,7681,2.34,0,0,NaN,0,0,155,65,131,59,150,50,108,21,148,38,77,12,104,13,47,51,98,30,39,106,106,101,34,207,192,88,91,204,295,47,125,267,201,214,317,146,347,118,276,292,578,346,321,270,384,500,322,364,810,862,660,676,402,151,441,543,933,999,674,639,73,397,249,418,146,465,402,469,418,120,200,105,185,81,162,90,169,60,159,57,112,34,110,70,82
64,170,2,2,119,0,1953125,12,0,2161,1.39,0,0,NaN,0,0,580,559,510,491,502,483,403,362,366,327,268,215,249,215,183,217,271,280,302,381,431,479,472,563,600,618,621,672,752,682,774,777,728,822,782,743,750,753,727,891,760,559,701,577,796,494,721,610,595,866,847,284,1000,648,431,461,609,895,576,842,499,735,522,679,604,759,519,576,637,576,510,503,502,488,446,341,356,356,308,228,177,239,182,66,73
64,170,2,2,119,0,1953125,12,0,2161,1.39,0,0,NaN,0,0,51,75,3,95,29,83,21,83,23,84,40,51,61,90,75,31,94,68,96,28,145,65,128,69,198,67,139,83,186,192,325,209,241,228,521,481,497,86,255,285,380,51,416,528,581,396,682,733,828,539,506,551,827,843,926,768,488,627,1000,982,670,285,307,413,315,164,211,248,192,84,205,208,131,48,176,143,101,79,161,113,83,90,123,66,72
64,170,2,2,119,0,1953125,12,0,2161,1.39,0,0,NaN,0,0,77,49,40,73,53,69,37,75,22,76,35,62,33,93,66,51,73,78,89,37,132,86,126,41,188,79,126,46,224,160,310,145,244,223,529,432,433,101,288,268,338,29,425,476,530,330,586,612,683,443,563,698,990,1000,944,738,508,721,969,950,565,220,288,377,233,112,203,216,143,65,198,175,109,57,163,109,107,89,140,78,90,88,99,53,86
64,170,2,2,119,0,1953125,12,0,2161,1.39,0,0,NaN,0,0,59,53,43,53,36,69,32,56,9,68,21,48,35,74,38,35,66,59,70,34,112,55,104,41,156,47,112,45,196,142,268,96,199,236,489,355,320,82,305,259,270,56,404,390,410,216,423,427,485,302,454,663,980,1000,793,508,479,789,912,825,404,160,239,288,132,64,169,171,110,88,149,129,88,61,116,79,102,78,97,57,84,67,72,51,76
64,170,2,2,119,0,1953125,12,0,2161,1.39,0,0,NaN,0,0,49,60,25,54,31,68,12,50,18,61,8,30,46,58,30,8,67,31,58,25,104,22,88,49,134,23,83,84,134,162,219,80,118,282,416,309,246,112,252,216,222,126,338,365,323,173,278,298,358,183,358,690,988,978,745,311,582,910,999,717,313,63,337,241,130,25,214,118,145,78,184,80,116,54,126,46,119,66,92,42,95,57,60,51,81
64,170,2,2,119,0,1953125,12,0,7783,2.36,0,0,NaN,0,0,31,27,22,13,31,31,15,12,21,21,21,2,20,18,10,6,27,3,16,15,31,18,17,15,76,9,15,31,69,63,84,59,71,104,288,169,52,83,79,310,218,5,387,255,136,252,144,106,488,729,672,567,634,902,217,453,560,1000,581,405,197,169,212,8,51,89,99,15,32,6,55,39,45,13,34,16,34,9,9,23,8,23,3,9,22
64,170,2,2,119,0,1953125,12,0,0,0.95,0,0,NaN,0,0,471,456,402,382,409,375,362,302,261,233,243,203,155,112,179,181,177,185,209,333,329,354,406,408,481,540,525,534,590,573,641,704,640,608,630,678,755,744,556,808,527,822,549,631,736,727,493,424,774,413,395,895,127,599,1000,866,364,290,843,732,655,395,548,530,638,492,451,491,449,478,490,381,383,359,374,374,317,271,203,214,219,219,106,99,63
64,170,2,2,119,0,1953125,12,0,0,0.95,0,0,NaN,0,0,28,29,32,22,38,16,33,9,36,4,38,14,29,15,37,20,44,25,43,3,57,37,68,26,76,65,88,76,48,77,95,207,127,139,20,192,176,222,239,164,227,96,184,282,386,321,288,384,598,511,414,191,276,696,1000,953,907,335,129,81,255,191,44,65,167,181,23,77,90,128,24,85,66,89,57,48,59,37,54,32,52,20,42,30,31
64,170,2,2,119,0,1953125,12,0,7758,2.35,0,0,NaN,0,0,26,24,18,19,20,22,13,9,26,18,14,5,16,9,1,0,15,25,11,14,31,41,26,32,25,62,14,49,66,22,63,128,124,96,167,170,132,72,246,54,224,121,122,430,246,341,276,343,835,119,691,533,463,694,1000,479,956,468,515,206,84,66,87,45,21,117,37,54,14,66,52,39,19,47,29,39,15,17,29,25,14,0,12,21,5
64,170,2,2,119,0,1953125,12,0,7701,2.34,0,0,NaN,0,0,57,106,114,149,57,83,112,115,72,74,140,108,66,46,127,31,85,80,156,21,88,106,132,135,144,162,123,295,356,275,298,155,234,223,240,257,451,328,485,224,155,172,91,348,379,141,245,481,437,681,765,848,1000,526,275,135,143,340,447,535,568,331,138,310,305,147,345,269,386,116,136,65,178,68,177,74,126,55,152,67,49,94,103,34,46
64,170,2,2,119,0,1953125,12,0,2161,1.39,0,0,NaN,0,0,486,457,423,419,406,396,335,306,328,267,235,181,194,172,131,179,212,232,257,296,364,387,409,452,480,546,503,561,621,566,614,656,649,630,659,655,584,541,763,715,609,523,542,529,633,432,602,573,471,683,731,162,1000,227,205,502,723,604,414,780,480,595,417,580,530,604,440,475,543,483,421,421,422,420,329,290,297,336,250,172,189,169,141,81,27
64,170,2,2,119,0,1953125,12,0,7783,2.36,0,0,NaN,0,0,36,22,19,34,42,30,5,36,34,39,4,18,34,39,11,23,38,24,16,21,27,39,28,28,87,24,27,46,150,81,147,54,68,58,374,273,217,75,199,102,250,32,367,329,475,476,284,246,727,957,559,455,562,430,224,868,656,1000,914,760,445,294,426,164,133,233,91,46,62,129,95,3,50,83,39,21,16,60,23,20,32,22,33,7,31
64,170,2,2,119,0,1953125,12,0,2161,1.39,0,0,NaN,0,0,519,506,451,407,457,427,357,313,337,297,232,189,214,199,157,173,256,247,229,298,410,414,408,454,538,569,568,571,606,709,619,621,710,741,703,606,769,740,632,541,619,800,680,684,457,527,490,677,204,258,996,520,441,1000,445,834,293,869,420,623,590,540,495,647,492,603,477,544,559,478,440,438,444,403,352,324,323,305,246,184,170,184,128,71,47
64,170,2,2,119,0,1953125,12,0,2131,1.39,0,0,NaN,0,0,18,69,42,80,27,49,62,75,40,38,78,56,59,58,101,40,61,81,109,55,80,110,100,98,103,151,93,148,123,230,162,235,140,188,172,316,195,101,146,376,224,213,296,582,562,619,600,691,569,491,312,393,579,833,811,582,355,642,1000,978,707,107,260,396,385,50,149,213,188,72,165,150,101,101,129,89,49,135,121,63,63,122,86,37,81
64,170,2,2,119,0,1953125,12,0,2156,1.39,0,0,NaN,0,0,66,33,40,71,54,37,7,73,33,39,23,67,5,50,67,60,30,34,91,28,82,37,107,17,133,51,126,55,150,113,209,153,224,65,211,210,291,35,88,231,228,74,227,439,546,555,683,643,618,448,354,214,512,694,876,604,437,486,1000,948,732,209,250,328,362,146,147,144,167,16,171,94,96,43,135,35,62,83,119,27,70,82,74,20,68
64,170,2,2,119,0,1953125,12,0,7630,2.33,0,0,NaN,0,0,31,20,27,25,27,15,14,28,35,9,12,10,30,9,15,20,18,11,17,15,14,8,27,21,57,41,61,48,56,90,99,113,98,42,149,118,228,58,45,147,84,46,141,132,335,391,446,494,165,580,310,220,596,357,334,433,1000,771,625,447,411,228,99,99,215,77,19,38,40,58,33,11,57,26,27,14,5,42,13,6,18,12,15,19,16
64,170,2,2,119,0,1953125,12,0,7600,2.32,0,0,NaN,0,0,60,43,33,53,73,38,36,31,67,40,26,18,67,40,25,41,75,36,43,64,60,26,16,96,96,41,49,94,132,26,10,110,75,144,213,314,374,167,111,60,213,111,42,57,122,69,214,222,254,549,753,876,1000,814,674,780,693,742,577,363,275,172,45,127,121,172,57,66,29,74,101,115,68,82,36,99,55,51,36,71,31,21,44,80,56
64,170,2,2,119,0,1953125,12,0,7600,2.32,0,0,NaN,0,0,33,41,23,62,36,32,22,64,29,27,31,49,23,27,46,30,43,39,69,58,58,46,68,56,109,64,98,44,122,23,47,116,117,86,159,291,403,228,132,96,294,209,121,52,187,80,111,140,269,546,689,873,999,766,648,662,677,719,516,372,193,5,128,106,160,108,68,55,85,93,121,75,84,32,107,84,56,38,79,50,16,34,86,60,17
64,170,2,2,119,0,1953125,12,0,7792,2.36,0,0,NaN,0,0,32,73,21,23,48,58,28,29,51,33,40,25,35,26,38,27,6,55,15,19,65,97,11,16,65,86,69,31,77,63,122,19,51,77,52,220,275,393,214,145,244,366,142,210,303,316,99,198,200,295,685,999,1000,828,495,643,547,407,340,234,135,130,211,231,22,55,138,103,99,99,128,38,100,54,37,77,97,20,13,68,39,39,62,66,26
64,170,2,2,119,0,1953125,12,0,7600,2.32,0,0,NaN,0,0,72,11,41,60,64,7,30,40,60,12,6,43,45,9,21,58,25,18,29,73,12,58,45,123,27,96,45,137,93,75,52,150,50,185,210,352,294,102,100,149,215,55,125,70,186,104,41,124,221,583,783,884,1000,775,568,537,451,472,346,244,250,171,81,120,108,158,13,85,22,81,63,95,55,91,16,98,47,54,25,95,69,54,17,73,67
64,170,1,2,119,0,1953125,12,0,7706,2.34,0,0,NaN,0,0,33,26,70,51,57,39,61,28,50,19,32,22,57,25,17,52,39,16,35,92,23,28,50,87,50,24,119,68,90,63,64,28,158,61,41,186,357,214,172,126,308,162,80,199,403,245,77,54,181,380,649,907,1000,675,464,439,559,298,78,82,194,58,198,156,168,45,191,123,110,79,122,44,18,114,109,24,31,111,75,27,40,59,7,60,64
64,170,1,2,119,0,1953125,12,0,7586,2.32,0,0,NaN,0,0,57,27,43,51,72,2,50,30,68,19,34,35,41,8,18,53,43,27,46,64,14,37,43,108,26,78,25,84,78,104,71,188,125,83,105,264,219,34,30,138,220,183,158,192,186,166,136,118,241,642,851,1000,960,619,350,165,381,206,118,21,154,52,127,69,153,61,120,108,139,130,42,25,55,58,79,45,45,34,69,38,26,19,77,66,30
