64,170,2,2,119,0,1953125,12,0,7691,2.34,0,0,NaN,0,0,55,47,46,54,46,66,15,59,22,49,9,45,11,39,15,38,22,11,54,24,77,67,43,63,69,46,89,101,45,117,46,88,132,55,256,192,312,304,212,284,276,465,345,328,201,212,364,656,737,877,1000,924,933,699,408,292,175,246,324,440,329,268,239,75,18,75,132,24,81,29,75,71,25,38,48,42,30,19,42,11,37,21,44,34,26
64,170,2,2,119,0,1953125,12,0,0,0.6,0,0,NaN,0,0,20,14,14,11,8,16,15,20,15,28,21,15,25,25,3,18,13,16,20,36,13,32,15,14,27,23,11,41,38,89,106,98,89,79,77,50,108,86,113,22,133,98,270,393,467,588,466,231,273,544,365,474,359,229,589,976,1000,829,575,29,325,224,171,230,212,110,54,102,114,134,111,87,71,46,54,58,58,63,59,37,53,5,56,49,45
64,170,2,2,119,0,1953125,12,0,0,0.72,0,0,NaN,0,0,25,7,21,32,18,11,29,23,5,21,23,13,18,23,24,23,19,26,34,17,23,43,34,18,63,65,23,52,73,37,67,135,132,63,69,85,55,139,209,253,206,136,145,75,208,291,359,394,508,524,237,122,338,468,703,877,1000,636,375,178,67,24,73,106,107,90,96,78,81,73,59,63,63,48,28,37,36,16,34,43,25,14,33,26,2
64,170,2,2,119,0,1953125,12,0,0,0.72,0,0,NaN,0,0,27,40,19,13,35,28,9,25,25,15,20,21,31,36,24,35,50,27,13,51,54,15,58,63,18,32,48,29,48,107,33,43,29,47,78,164,244,144,128,149,167,220,396,279,241,390,684,647,606,412,271,189,504,1000,946,588,266,493,606,389,252,148,126,136,127,137,133,98,48,52,91,78,41,56,62,18,36,66,46,18,54,53,15,34,50
64,170,2,2,119,0,1953125,12,0,0,0.96,0,0,NaN,0,0,49,50,66,34,68,16,58,21,69,8,48,28,64,15,53,51,69,39,84,41,82,74,161,55,119,56,169,71,214,208,200,118,285,381,229,165,197,538,411,379,304,448,424,200,532,732,740,473,603,739,576,230,396,679,801,564,666,1000,748,388,218,176,290,322,287,93,116,83,200,138,158,58,113,77,97,83,74,73,39,76,50,60,25,58,46
64,170,2,2,119,0,1953125,12,0,0,0.57,0,0,NaN,0,0,12,23,26,21,12,18,27,27,19,16,27,33,30,20,26,39,39,32,27,38,44,44,35,31,46,62,67,54,48,71,111,84,37,75,147,141,187,244,236,171,231,272,188,169,351,472,456,456,670,777,626,788,579,1000,877,882,835,778,523,595,498,272,84,134,168,149,99,46,53,107,109,93,50,43,73,87,74,29,33,65,72,43,9,36,57
64,170,2,2,119,0,1953125,12,0,0,0.95,0,0,NaN,0,0,74,103,115,163,105,119,81,160,119,163,66,123,92,189,88,129,15,191,98,156,58,164,74,189,131,103,27,302,299,95,160,240,358,82,279,239,431,74,369,203,373,160,754,593,606,502,757,908,494,430,167,570,316,945,1000,782,281,605,844,800,465,299,233,390,182,279,336,190,285,152,311,37,244,58,284,81,234,45,220,118,217,109,154,104,195
64,170,2,2,119,0,1953125,12,0,0,0.96,0,0,NaN,0,0,82,91,98,99,81,94,97,118,83,108,72,117,81,117,50,120,46,140,30,120,9,152,24,150,47,140,31,188,104,190,159,157,161,262,348,363,407,71,231,167,412,185,475,274,122,152,727,938,960,770,226,110,434,1000,780,873,501,87,747,825,538,698,297,394,147,262,192,255,275,121,216,103,217,73,190,65,164,77,202,55,156,63,163,77,149
64,170,2,2,119,0,1953125,12,0,7566,2.32,0,0,NaN,0,0,38,29,26,39,31,30,28,35,20,20,7,22,20,19,13,23,37,10,26,25,47,10,38,51,73,32,55,57,89,102,54,172,103,151,165,145,65,161,268,140,475,87,323,267,319,257,543,281,215,382,266,777,529,581,519,677,782,999,388,552,245,342,120,230,172,123,91,52,59,75,22,36,30,53,39,25,28,24,28,9,21,5,17,13,7
64,170,2,2,119,0,1953125,12,0,31,1.02,0,0,NaN,0,0,595,573,485,465,521,467,395,354,388,365,263,215,249,239,183,206,279,275,285,354,447,447,489,511,600,682,601,658,723,751,755,764,772,777,804,721,644,869,857,603,867,793,597,573,557,770,724,640,596,535,639,204,818,822,590,999,830,841,344,647,549,622,510,704,670,683,566,554,632,554,492,499,515,510,399,346,366,356,294,211,219,208,151,85,49
64,170,2,2,119,0,1953125,12,0,0,0.94,0,0,NaN,0,0,87,59,87,61,85,70,84,90,67,87,62,93,58,101,35,97,40,95,41,90,40,95,66,86,87,65,95,53,136,20,135,28,217,112,164,106,100,7,225,192,168,130,246,263,327,491,464,666,491,269,77,393,929,896,1000,683,809,289,150,34,278,67,172,134,134,135,86,105,95,182,24,147,45,141,74,126,100,96,100,86,117,63,114,52,108
64,170,2,2,119,0,1953125,12,0,7666,2.34,0,0,NaN,0,0,25,19,17,28,12,15,15,23,8,19,8,15,8,10,14,12,15,18,23,12,30,22,36,19,37,13,63,83,63,87,41,61,67,50,7,65,50,186,164,102,155,37,330,159,295,88,87,135,235,426,385,731,1000,588,345,331,544,672,715,277,282,140,167,172,196,50,91,41,85,79,30,41,31,29,11,17,9,23,14,7,5,14,21,7,6
64,170,2,2,119,0,1953125,12,0,0,0.73,0,0,NaN,0,0,88,77,58,102,92,64,114,107,69,118,112,64,108,110,50,92,101,34,81,85,23,93,89,18,103,88,49,159,144,12,152,182,49,213,283,221,138,186,105,185,318,282,239,334,394,280,616,493,183,229,432,136,770,1000,786,722,409,549,646,563,455,504,447,160,193,266,138,153,270,171,54,192,130,52,175,137,49,147,126,69,143,116,65,138,115
64,170,2,2,119,0,1953125,12,0,7611,2.33,0,0,NaN,0,0,43,34,53,53,44,26,42,42,20,11,26,37,8,19,35,41,19,34,46,61,24,22,77,121,17,54,132,121,65,108,76,61,102,15,175,122,101,98,217,159,769,58,438,128,479,266,378,529,917,123,197,598,297,502,435,35,293,474,1000,712,618,430,289,16,105,232,99,55,101,135,106,31,70,101,84,60,44,72,81,48,21,53,57,40,22
64,170,2,2,119,0,1953125,12,0,0,0.56,0,0,NaN,0,0,17,27,29,21,8,20,31,29,17,8,23,34,33,16,9,26,33,30,18,16,36,39,20,13,47,50,29,22,11,37,100,111,82,103,197,181,187,103,93,129,224,273,313,309,264,58,95,417,641,686,885,819,834,230,113,498,969,1000,928,374,195,148,276,317,284,156,87,109,130,139,93,42,22,58,79,65,23,26,62,58,41,16,32,53,58
64,170,2,2,119,0,1953125,12,0,0,0.51,0,0,NaN,0,0,25,21,12,4,15,25,28,19,7,9,25,31,33,21,7,21,36,45,40,25,16,40,63,67,63,47,41,64,88,89,94,103,88,153,175,157,130,148,254,334,325,349,328,227,315,475,416,516,392,384,468,812,839,1000,949,496,440,577,527,415,493,444,338,213,108,77,103,162,169,155,105,50,56,82,104,91,64,26,33,60,73,68,46,13,23
64,170,2,2,119,0,1953125,12,0,0,0.51,0,0,NaN,0,0,21,29,23,17,8,16,26,29,25,12,7,23,36,35,25,7,13,33,37,37,22,9,25,42,41,17,24,12,69,64,105,84,30,45,150,188,178,282,235,181,203,293,320,504,493,301,261,555,479,573,761,532,50,784,999,598,838,128,510,437,441,266,300,251,116,156,100,85,101,132,85,58,26,35,63,61,57,25,13,39,59,61,48,22,16
64,170,2,2,119,0,1953125,12,0,0,0.75,0,0,NaN,0,0,51,63,54,55,71,58,49,66,55,52,66,54,55,72,52,52,67,43,54,66,41,35,54,22,68,58,45,61,47,31,125,114,78,139,49,109,189,260,101,215,150,196,269,395,372,338,368,148,126,574,724,530,178,509,1000,640,655,962,776,303,66,143,225,233,309,161,22,117,106,4,123,138,74,85,67,58,86,63,55,83,57,60,83,58,65
64,170,2,2,119,0,1953125,12,0,0,0.57,0,0,NaN,0,0,27,32,24,8,19,32,31,15,8,28,34,24,6,19,35,34,13,18,39,47,30,2,27,85,86,51,51,116,125,87,44,76,111,199,209,227,211,204,360,432,271,241,333,207,295,454,483,624,643,437,356,348,71,995,1000,631,777,927,523,206,329,333,261,355,376,246,97,60,104,133,110,70,18,72,91,66,29,26,57,63,46,12,35,59,60
64,170,2,2,119,0,1953125,12,0,0,0.7,0,0,NaN,0,0,12,41,59,35,15,50,44,4,42,54,30,21,45,41,22,34,41,38,43,48,59,69,62,61,91,80,57,87,109,92,133,229,225,185,226,345,384,330,364,297,302,128,280,169,247,296,486,479,550,818,855,745,837,1000,855,341,447,694,364,204,225,239,130,80,201,239,171,80,100,132,62,42,100,84,17,65,83,45,29,71,57,9,43,53,19
64,170,2,2,119,0,1953125,12,0,0,0.73,0,0,NaN,0,0,85,69,109,100,78,115,111,76,113,116,73,105,110,59,94,105,44,80,111,47,77,104,36,91,119,54,95,182,94,98,139,87,96,302,228,203,306,250,243,393,313,46,158,139,37,347,569,418,591,724,999,881,980,966,733,615,546,545,469,250,241,369,214,28,215,311,141,89,194,145,16,169,146,29,148,129,60,142,150,70,139,152,77,123,151
64,170,2,2,119,0,1953125,12,0,0,0.73,0,0,NaN,0,0,95,71,69,99,81,73,104,86,71,107,93,61,99,92,57,89,86,42,84,91,43,65,69,30,105,121,34,89,76,100,130,104,29,194,213,72,43,144,151,52,290,191,112,325,437,171,321,550,495,555,913,1000,878,695,257,106,307,777,792,393,311,227,449,408,167,79,169,136,93,235,171,25,154,145,43,110,117,41,107,102,63,113,114,60,113
64,170,2,2,119,0,1953125,12,0,0,0.73,0,0,NaN,0,0,16,30,45,27,13,36,29,2,29,34,15,14,22,21,20,14,26,35,17,29,52,31,16,58,57,8,60,71,10,57,74,65,76,190,131,24,53,32,71,202,244,134,14,190,222,201,507,330,254,377,616,784,759,743,427,464,443,1000,783,295,293,250,244,249,211,157,146,176,127,94,120,114,62,51,86,73,20,55,67,27,33,64,44,12,51
64,170,2,2,119,0,1953125,12,0,0,0.96,0,0,NaN,0,0,72,73,86,90,81,85,75,97,84,101,61,93,68,115,49,100,35,115,38,118,2,115,16,141,36,129,32,166,74,138,80,221,183,143,156,204,246,313,466,329,461,137,387,294,521,350,339,191,309,439,625,715,503,347,278,454,673,1000,491,303,212,221,200,324,118,229,121,187,123,199,202,91,142,110,190,45,152,45,156,55,154,29,138,52,138
64,170,2,2,119,0,1953125,12,0,0,0.73,0,0,NaN,0,0,14,33,36,14,25,37,17,16,33,22,5,26,22,13,18,20,23,15,13,39,36,5,44,51,17,46,74,48,30,81,53,53,91,91,8,173,226,177,134,92,239,228,329,269,239,200,510,551,464,542,427,234,694,1000,810,702,722,424,541,619,559,322,93,94,149,170,161,106,65,72,92,79,77,73,42,26,53,51,10,47,57,19,28,58,43
64,170,2,2,119,0,1953125,12,0,0,0.73,0,0,NaN,0,0,45,7,37,48,20,27,48,28,17,45,37,15,36,34,25,32,30,36,45,28,50,53,19,52,79,49,89,144,70,37,108,184,151,186,177,86,124,369,503,365,375,421,357,292,439,369,439,351,440,687,792,725,496,733,924,999,879,997,603,248,331,300,209,96,167,213,145,110,141,130,89,97,111,88,66,63,52,47,60,50,41,56,41,33,59
64,170,2,2,119,0,1953125,12,0,0,0.95,0,0,NaN,0,0,53,21,39,18,52,9,51,19,34,7,51,32,33,34,51,32,37,37,62,42,70,78,46,62,42,101,9,80,15,96,50,187,146,143,161,123,162,175,259,156,157,196,420,569,511,416,228,172,123,541,601,714,1000,818,468,432,906,969,935,726,566,364,26,252,209,245,166,194,170,116,161,125,137,42,111,86,97,79,82,81,45,77,65,68,50
64,170,2,2,119,0,1953125,12,0,0,0.95,0,0,NaN,0,0,91,88,94,98,89,110,79,121,71,129,56,137,41,143,47,124,55,125,55,136,92,112,95,115,127,112,175,67,199,31,212,27,192,42,222,148,464,369,594,478,454,482,410,618,376,496,295,591,375,249,73,243,531,546,363,286,363,868,999,749,682,474,526,254,274,134,346,253,163,189,125,206,81,180,56,182,57,205,24,173,53,163,76,139,67
64,170,2,2,119,0,1953125,12,0,0,0.95,0,0,NaN,0,0,58,28,68,28,63,5,71,31,47,31,67,37,45,56,73,42,80,79,91,53,95,81,65,81,128,156,77,142,80,154,127,272,237,174,189,195,185,98,260,315,428,247,173,237,269,321,563,927,885,961,602,528,424,524,900,999,983,741,758,638,453,392,316,269,69,141,217,249,105,131,122,156,95,115,130,80,96,96,127,60,87,76,71,39,72
64,170,2,2,119,0,1953125,12,0,0,0.96,0,0,NaN,0,0,65,70,78,82,79,74,75,83,92,71,77,72,87,72,77,59,75,78,76,61,80,60,99,47,90,70,126,43,137,58,216,29,159,11,256,148,327,178,221,192,389,408,487,621,400,266,167,703,723,999,495,441,271,355,419,290,529,692,261,307,270,447,335,95,106,137,212,83,215,30,149,84,146,22,137,71,120,71,112,52,116,80,100,57,100
