64,170,1,2,119,0,1953125,12,0,0,0.97,0,0,NaN,0,0,42,42,51,24,43,29,61,9,50,24,54,10,47,30,39,27,51,27,42,40,75,7,54,28,82,17,103,26,90,21,164,85,96,81,153,120,162,158,179,289,235,374,247,184,105,299,400,240,242,370,481,337,428,708,1000,897,841,882,813,491,127,135,215,308,154,220,198,149,108,146,179,67,87,75,119,21,88,68,74,22,83,63,37,41,63
64,170,1,2,119,0,1953125,12,0,0,0.98,0,0,NaN,0,0,55,17,48,12,44,19,44,12,38,8,43,21,28,15,42,14,30,12,49,5,53,11,47,20,60,19,68,35,140,65,112,36,101,32,149,172,200,176,77,151,235,382,279,240,161,364,392,418,419,208,80,308,397,712,932,1000,898,533,365,376,349,195,19,139,172,242,163,218,126,109,76,109,87,43,49,50,54,32,52,28,42,29,50,23,31
64,170,2,2,119,0,1953125,12,0,7718,2.34,0,0,NaN,0,0,26,19,16,26,31,20,5,32,25,16,7,22,23,12,3,30,15,13,8,29,27,16,15,31,56,39,45,71,50,38,129,41,46,168,57,72,253,64,131,155,26,254,130,277,419,169,215,346,669,306,754,358,309,203,293,766,1000,562,902,748,613,314,160,107,168,93,98,21,38,72,39,14,22,32,56,12,9,22,24,22,7,25,16,3,16
64,170,2,2,119,0,1953125,12,0,0,0.95,0,0,NaN,0,0,839,837,860,887,916,924,919,927,946,964,960,935,924,940,930,904,873,844,844,828,795,759,741,739,726,699,678,668,706,720,676,739,737,799,773,824,859,782,887,958,834,968,779,981,983,826,951,993,861,915,724,777,985,685,729,875,999,385,869,684,626,749,729,634,694,743,755,721,736,785,794,788,772,762,787,810,800,765,738,752,759,719,694,653,673
64,170,2,2,119,0,1953125,12,0,0,0.76,0,0,NaN,0,0,85,74,78,101,80,89,108,78,97,111,70,96,99,58,101,93,64,104,77,64,116,73,75,125,60,55,95,9,89,122,32,142,114,19,141,146,212,376,255,156,455,420,253,163,52,382,768,642,47,320,507,713,999,404,349,599,616,484,367,72,193,221,252,25,68,67,152,172,19,145,164,25,106,121,17,100,102,29,108,94,36,94,67,45,99
64,170,2,2,119,0,1953125,12,0,0,0.77,0,0,NaN,0,0,79,109,71,96,114,69,110,116,65,114,105,58,120,96,63,131,94,63,132,67,88,141,68,81,123,30,118,126,50,199,180,16,119,140,137,274,149,109,461,357,139,182,171,314,671,383,354,437,688,956,829,358,644,999,611,435,613,659,709,632,393,254,239,185,239,211,15,156,168,45,151,151,21,141,113,32,133,99,42,126,74,55,119,61,62
64,170,2,2,119,0,1953125,12,0,0,0.77,0,0,NaN,0,0,63,96,75,82,112,77,91,114,69,98,114,57,99,100,49,107,101,50,125,99,42,110,78,47,114,55,74,126,44,83,110,17,170,195,30,202,215,167,312,196,91,310,480,430,483,518,447,487,439,164,722,531,228,458,308,554,1000,650,224,170,61,175,254,165,10,82,25,79,140,47,107,154,51,96,126,28,98,104,27,103,97,36,99,80,34
64,170,2,2,119,0,1953125,12,0,0,0.69,0,0,NaN,0,0,42,22,24,43,36,10,32,42,25,20,44,40,10,34,46,23,26,62,51,9,45,61,27,33,79,66,17,70,112,76,28,84,130,92,115,206,302,249,258,342,411,371,242,32,129,308,331,217,309,627,644,248,334,769,1000,788,247,389,184,371,391,280,304,163,135,112,75,90,155,142,63,51,116,98,23,42,72,45,16,64,64,17,47,67,37
64,170,2,2,119,0,1953125,12,0,0,0.69,0,0,NaN,0,0,31,47,34,16,38,43,18,26,48,39,17,41,49,24,25,51,41,20,51,68,32,22,54,62,16,80,95,59,49,120,140,122,104,96,102,161,298,230,110,52,110,161,209,318,350,77,267,248,634,827,484,604,773,398,763,1000,738,570,533,366,102,168,258,313,197,150,166,114,57,138,161,103,25,102,116,61,26,85,73,15,59,91,56,29,70
64,170,2,2,119,0,1953125,12,0,6903,2.2,0,0,NaN,0,0,30,28,19,35,33,27,19,26,18,27,12,16,16,21,4,20,17,18,14,7,20,31,19,23,48,68,56,46,64,40,104,48,72,227,173,206,66,52,62,228,127,178,318,97,63,108,638,436,359,184,539,664,872,509,348,187,436,700,1000,485,468,369,145,83,207,149,52,60,68,18,27,53,26,23,33,25,14,14,25,13,9,3,5,14,22
64,170,2,2,119,0,1953125,12,0,7696,2.34,0,0,NaN,0,0,93,8,42,69,29,57,32,34,54,4,33,53,21,57,38,20,60,11,12,49,34,45,31,46,54,60,28,86,39,109,30,32,131,177,172,295,284,535,415,342,260,280,560,732,801,630,413,217,454,575,196,428,740,1000,999,568,353,754,644,312,329,473,163,116,104,106,166,38,44,155,33,97,74,35,114,20,59,116,29,76,61,58,92,46,48
64,170,2,2,119,0,1953125,12,0,0,0.77,0,0,NaN,0,0,385,369,353,340,304,278,254,227,189,159,92,66,52,58,81,87,112,127,142,164,170,224,268,283,349,398,446,473,453,539,619,681,651,743,568,633,504,306,588,559,635,848,919,780,989,502,480,511,890,580,826,769,1000,921,811,377,98,336,898,555,602,552,479,386,383,519,506,438,371,344,342,270,276,257,252,247,232,259,263,228,252,217,199,193,191
64,170,2,2,119,0,1953125,12,0,0,0.95,0,0,NaN,0,0,53,26,64,17,38,2,55,29,39,34,38,22,43,49,38,32,50,44,29,46,56,62,46,94,21,80,43,129,53,119,141,130,81,141,197,121,165,179,320,343,225,134,272,370,188,75,175,263,239,563,832,699,582,667,1000,811,927,818,853,792,528,382,329,260,189,179,146,93,37,117,143,46,115,114,144,74,83,93,50,52,64,86,31,61,62
64,170,2,2,119,0,1953125,12,0,0,0.49,0,0,NaN,0,0,20,13,11,17,26,26,22,15,9,18,30,33,32,20,10,14,30,41,35,32,21,16,12,39,60,23,17,21,22,38,103,103,51,69,28,117,280,253,99,212,350,243,393,431,190,457,514,231,481,499,252,1000,896,475,666,362,638,933,713,434,590,433,280,182,84,154,174,119,126,104,60,25,22,52,67,58,40,29,11,25,43,46,41,28,13
64,170,2,2,119,0,1953125,12,0,0,0.71,0,0,NaN,0,0,111,113,98,104,111,94,95,114,105,86,107,111,84,94,117,92,74,107,99,50,102,134,99,55,117,110,23,91,155,109,74,143,176,186,229,219,196,178,295,221,113,111,215,407,516,592,725,186,195,181,417,1000,874,800,746,456,597,536,189,417,430,160,211,309,261,107,151,146,78,68,159,137,32,102,119,54,44,99,75,16,80,81,29,60,88
64,170,2,2,119,0,1953125,12,0,0,0.68,0,0,NaN,0,0,58,75,59,49,73,68,42,63,79,54,47,78,68,37,71,83,50,49,84,64,26,83,95,47,53,99,76,28,126,142,68,53,120,135,88,131,173,131,199,240,249,146,63,102,50,300,580,508,500,341,286,539,535,1000,867,361,369,280,434,234,266,203,11,129,244,200,79,34,98,80,28,100,114,54,32,84,63,6,59,70,22,35,62,38,14
64,170,2,2,119,0,1953125,12,0,0,0.44,0,0,NaN,0,0,10,13,15,14,9,3,4,10,15,21,21,19,14,8,5,8,13,19,19,17,6,6,16,28,51,50,45,45,43,50,85,92,108,190,120,106,87,151,140,212,45,215,121,459,302,329,518,378,612,800,458,401,652,979,1000,186,375,295,184,217,291,198,154,173,164,102,52,45,47,38,32,67,57,41,34,26,29,32,37,44,45,40,34,23,17
64,170,2,2,119,0,1953125,12,0,0,0.43,0,0,NaN,0,0,4,8,12,14,14,12,8,5,3,7,13,15,15,16,15,9,4,8,12,19,20,22,19,25,22,20,29,10,23,75,92,81,51,95,110,169,191,145,80,81,204,406,403,209,193,97,154,335,466,452,387,134,414,476,999,968,702,212,249,471,488,360,127,65,103,77,62,45,42,47,53,64,61,51,30,16,3,11,24,33,35,35,28,20,11
64,170,2,2,119,0,1953125,12,0,0,0.45,0,0,NaN,0,0,5,5,6,7,10,9,7,4,3,4,9,13,15,15,11,10,3,5,7,14,19,21,14,10,13,3,33,50,63,52,7,24,51,19,57,100,130,117,171,219,203,156,321,450,183,154,501,673,673,442,195,254,730,1000,853,540,305,526,852,384,142,101,121,46,118,131,107,86,35,35,23,13,13,31,35,33,29,28,27,23,20,27,27,24,24
64,170,1,2,119,0,1953125,12,0,0,0.68,0,0,NaN,0,0,7,19,21,8,12,17,15,16,21,18,14,21,22,16,20,27,27,31,32,24,27,47,69,69,62,46,53,85,120,84,71,131,160,129,53,60,47,120,274,255,154,32,188,409,376,135,241,402,824,617,51,112,504,1000,999,455,180,240,354,229,223,123,167,153,56,57,84,82,61,88,80,45,51,77,62,16,38,52,36,22,39,42,19,23,41
64,170,1,2,119,0,1953125,12,0,0,0.47,0,0,NaN,0,0,3,5,10,13,15,14,7,1,7,13,18,18,18,14,5,4,8,14,13,18,8,7,22,43,35,30,42,68,58,50,82,98,87,115,157,120,74,69,229,174,53,110,121,150,104,259,180,245,145,303,592,371,364,214,746,751,1000,541,466,473,307,124,152,93,164,148,136,134,90,37,8,31,50,48,53,41,27,15,27,36,43,43,33,18,13
64,170,2,2,119,0,1953125,12,0,0,0.73,0,0,NaN,0,0,52,42,5,38,41,13,39,56,30,13,37,21,18,40,36,17,16,24,47,57,27,44,34,4,76,99,62,18,6,71,115,144,321,347,117,165,360,691,626,748,302,262,703,535,743,970,599,381,604,518,773,931,814,600,749,535,930,1000,784,510,382,145,296,307,145,134,118,85,21,139,162,81,44,84,58,41,76,60,25,45,55,40,35,29,26
64,170,2,2,119,0,1953125,12,0,0,0.77,0,0,NaN,0,0,60,74,66,69,81,74,84,85,66,84,85,66,83,75,61,85,69,63,84,58,72,84,56,54,60,53,80,39,33,79,84,75,108,29,117,155,78,179,283,146,260,361,325,284,304,89,167,331,344,365,211,154,387,318,665,891,1000,497,247,347,392,448,396,119,90,65,27,102,77,56,115,70,38,98,61,63,88,39,69,91,41,65,76,35,64
64,170,2,2,119,0,1953125,12,0,0,0.98,0,0,NaN,0,0,63,41,28,18,49,38,35,38,38,28,42,54,40,19,50,51,32,11,69,44,38,21,70,33,66,61,67,38,114,102,143,124,109,108,129,244,340,411,233,151,113,295,325,479,596,541,375,251,366,184,93,630,1000,890,410,137,413,504,461,369,367,307,206,267,333,339,153,77,36,99,38,117,86,50,18,88,66,33,51,70,54,26,56,46,24
64,170,2,2,119,0,1953125,12,0,0,0.99,0,0,NaN,0,0,7,57,11,69,7,54,6,61,8,56,28,57,20,56,47,64,48,71,47,65,61,97,43,70,32,72,47,59,98,107,92,147,174,250,171,276,233,398,311,374,337,490,540,353,186,391,779,938,1000,740,625,554,678,599,600,612,420,162,494,384,316,286,195,187,94,134,21,95,38,121,43,82,9,108,64,111,41,73,40,68,42,58,41,39,35
64,170,2,2,119,0,1953125,12,0,7231,2.26,0,0,NaN,0,0,22,18,18,25,17,18,16,16,17,11,12,11,14,9,7,20,18,16,12,22,38,18,25,15,29,24,16,42,18,42,29,50,34,37,118,132,103,124,57,144,114,356,226,230,78,366,357,413,319,240,432,292,1000,230,110,248,380,397,349,119,213,36,110,50,9,85,22,49,26,21,50,45,23,22,22,5,20,19,22,14,23,11,11,10,18
64,170,2,2,119,0,1953125,12,0,7551,2.32,0,0,NaN,0,0,70,81,41,87,73,88,21,78,44,89,21,54,53,94,80,87,49,83,70,89,83,89,72,89,167,116,204,170,195,274,193,266,85,257,212,442,379,684,529,313,388,693,778,1000,869,596,658,438,490,246,120,175,383,233,232,346,460,512,779,593,469,340,79,96,132,157,92,124,65,100,112,180,65,130,24,107,13,50,46,112,42,38,20,65,35
64,170,2,2,119,0,1953125,12,0,0,0.84,0,0,NaN,0,0,652,648,689,709,729,730,728,729,733,726,754,761,754,749,724,703,671,673,664,654,647,623,611,570,547,548,552,565,598,586,598,547,536,542,687,640,754,741,666,596,652,819,746,547,940,796,736,558,495,854,732,982,775,383,567,261,1000,687,712,388,426,513,542,608,611,636,587,531,529,570,623,662,674,631,613,594,584,602,594,624,609,593,559,528,494
64,170,1,2,119,0,1953125,12,0,0,0.78,0,0,NaN,0,0,5,38,42,4,43,41,8,44,40,15,40,34,20,26,32,46,35,34,47,20,36,51,31,64,79,32,77,60,47,125,140,93,188,170,103,207,223,131,196,210,163,110,210,541,813,723,794,1000,960,398,222,232,168,519,531,425,552,685,644,588,482,400,444,294,55,52,127,126,157,155,89,63,80,50,76,95,57,49,67,36,38,52,34,41,49
64,170,2,2,119,0,1953125,12,0,0,0.56,0,0,NaN,0,0,11,6,2,10,14,11,4,6,13,17,13,4,7,15,15,13,4,12,19,20,10,1,6,23,28,6,6,9,29,21,20,14,25,100,103,53,92,96,54,216,162,161,105,84,53,112,249,392,442,431,244,73,563,922,999,626,366,278,147,260,377,376,136,42,134,146,135,115,43,52,76,71,58,35,13,50,63,47,18,14,38,48,36,14,20
