64,170,2,2,119,0,1953125,12,0,54,1.03,0,0,NaN,0,0,38,62,36,75,41,50,39,52,51,38,50,20,56,34,58,22,70,48,58,72,86,54,51,94,81,64,36,141,7,156,50,188,27,200,128,255,26,222,240,429,426,716,721,796,376,492,472,719,660,564,361,696,851,871,719,952,940,1000,743,318,52,396,495,239,88,176,181,11,12,190,113,68,43,155,64,76,50,107,21,80,52,60,18,74,52
64,170,1,2,119,0,1953125,12,0,0,1,0,0,NaN,0,0,31,54,32,42,19,53,43,24,14,42,25,29,20,46,13,32,20,48,10,50,33,64,30,94,24,67,36,81,18,102,45,154,35,109,70,141,63,259,328,521,485,340,159,56,135,322,537,709,902,709,780,517,325,159,802,836,999,717,352,408,327,365,122,143,89,184,50,98,33,98,31,90,25,61,9,90,41,54,25,66,39,30,27,49,32
64,170,2,2,119,0,1953125,12,0,0,0.97,0,0,NaN,0,0,138,108,149,131,150,113,149,131,168,121,150,125,164,143,140,119,151,140,144,115,125,126,147,106,110,100,148,91,138,55,164,110,134,15,233,126,200,150,169,19,341,503,410,583,359,505,215,229,66,254,162,578,513,1000,534,541,561,780,670,382,321,102,233,93,78,222,222,76,153,83,175,76,150,45,136,93,148,63,123,77,148,70,119,60,123
64,170,2,2,119,0,1953125,12,0,7717,2.34,0,0,NaN,0,0,29,38,30,24,34,35,26,20,25,32,13,7,16,21,4,16,13,28,22,30,13,62,9,52,40,43,68,54,75,62,74,56,105,72,67,96,161,180,146,108,192,65,572,492,431,432,121,484,683,574,220,192,218,822,1000,732,337,427,124,187,306,206,173,188,104,225,60,117,38,25,79,33,20,23,30,19,18,5,11,17,10,19,17,2,10
64,170,2,2,119,0,1953125,12,0,0,0.98,0,0,NaN,0,0,16,64,25,85,7,54,20,78,9,60,38,64,16,63,56,58,42,75,55,59,76,116,30,56,84,126,57,130,97,148,102,280,272,312,115,90,53,184,209,615,676,433,272,242,450,456,541,627,929,583,364,368,999,747,624,566,428,167,239,343,424,330,98,186,217,301,194,242,173,155,98,97,88,94,97,83,84,50,77,56,71,47,69,42,58
64,170,2,2,119,0,1953125,12,0,7460,2.3,0,0,NaN,0,0,23,27,37,27,31,14,28,26,17,18,17,26,11,8,14,26,10,14,31,31,13,33,61,32,51,27,60,42,38,53,45,221,112,93,194,123,91,317,143,255,287,390,169,52,117,542,731,658,950,378,242,722,714,703,1000,576,803,812,161,547,422,155,71,82,76,42,83,88,74,18,8,12,9,24,41,18,26,19,25,16,10,1,22,16,16
64,170,2,2,119,0,1953125,12,0,0,0.98,0,0,NaN,0,0,838,844,856,851,861,884,906,893,903,911,935,914,909,903,902,908,875,860,837,839,817,798,763,763,745,737,703,711,669,707,707,747,656,685,728,814,690,678,852,838,649,787,858,896,812,781,699,771,1000,689,814,894,793,664,641,759,912,595,626,725,803,597,574,634,654,672,594,632,669,684,653,621,667,686,684,662,649,676,678,662,621,633,626,628,600
64,170,2,2,119,0,1953125,12,0,0,0.53,0,0,NaN,0,0,5,13,19,20,12,0,14,24,25,20,9,6,21,27,27,15,2,15,27,27,26,4,12,28,22,7,12,19,68,89,83,72,80,164,220,191,187,199,126,245,267,270,510,399,194,325,358,291,584,281,490,424,385,712,1000,486,636,361,266,562,368,103,105,69,96,138,121,159,129,48,22,32,68,78,57,25,9,32,47,44,25,5,21,37,39
64,170,2,2,119,0,1953125,12,0,0,0.52,0,0,NaN,0,0,22,26,21,12,1,14,23,24,21,6,5,19,24,25,15,2,17,27,32,21,13,18,38,37,52,40,26,43,71,56,81,70,100,137,149,194,171,156,166,367,276,268,374,297,475,589,301,332,715,747,371,705,528,540,999,477,721,483,287,101,92,262,185,173,84,48,54,85,63,86,76,37,18,40,56,58,44,17,16,34,43,40,23,6,21
64,170,2,2,119,0,1953125,12,0,0,0.52,0,0,NaN,0,0,22,18,7,8,20,26,25,16,4,17,27,34,28,19,8,23,31,35,29,13,14,32,46,37,43,29,25,38,79,65,54,18,31,111,182,52,36,25,70,218,304,89,164,334,339,364,355,318,144,507,356,438,1000,481,530,638,671,824,791,770,393,392,254,244,246,287,225,190,146,93,93,108,114,95,59,29,44,60,62,48,20,11,35,47,47
64,170,2,2,119,0,1953125,12,0,0,0.52,0,0,NaN,0,0,28,28,20,15,21,28,33,27,16,14,28,36,36,25,12,18,26,33,30,26,23,40,65,45,50,63,55,81,151,151,148,141,154,230,364,357,229,335,514,571,625,476,584,879,948,846,930,671,890,1000,694,619,683,510,742,757,407,737,749,687,95,163,42,171,281,272,132,122,23,83,163,152,134,68,13,58,101,94,65,27,43,77,89,72,41
64,170,2,2,119,0,1953125,12,0,0,0.95,0,0,NaN,0,0,135,28,17,24,19,28,9,14,17,15,12,8,9,12,10,10,9,22,13,15,15,49,17,16,61,31,24,7,81,35,69,77,59,84,783,717,856,861,802,822,842,871,951,740,956,931,797,883,800,997,724,844,904,738,681,860,785,623,796,753,698,722,698,674,670,691,674,656,697,703,686,714,711,709,721,711,716,720,727,689,682,688,675,652,647
64,170,2,2,119,0,1953125,12,0,7639,2.33,0,0,NaN,0,0,23,92,43,55,17,78,7,38,51,60,41,43,69,24,60,50,63,37,57,53,29,78,33,116,64,149,47,120,101,128,205,273,260,245,150,201,112,108,105,111,35,62,106,131,348,333,344,222,424,550,531,317,363,611,505,244,383,705,881,993,1000,713,467,167,305,177,116,107,131,19,43,182,96,51,37,101,45,127,107,100,53,92,65,49,78
64,170,2,2,119,0,1953125,12,0,0,0.98,0,0,NaN,0,0,799,791,793,805,829,850,841,835,862,879,873,849,849,867,866,842,811,813,816,798,758,737,734,731,699,672,661,682,676,666,606,673,734,617,681,631,744,773,631,785,703,888,777,716,770,965,611,924,696,639,1000,538,662,785,794,547,549,717,629,516,632,625,609,543,657,580,626,596,605,607,613,629,627,624,639,635,631,637,627,614,617,589,592,582,556
64,170,2,2,119,0,1953125,12,0,7580,2.32,0,0,NaN,0,0,26,23,22,19,27,25,16,16,20,11,13,12,16,9,7,8,24,12,6,32,34,15,26,24,21,42,29,20,57,97,69,98,24,74,48,151,49,162,106,89,60,277,163,157,229,461,281,413,580,210,485,178,534,522,906,1000,447,139,256,286,308,152,121,120,114,14,32,33,40,55,46,16,27,40,30,11,24,19,16,27,2,21,17,2,13
64,170,2,2,119,0,1953125,12,0,7530,2.31,0,0,NaN,0,0,24,24,26,33,25,20,26,21,8,22,14,20,10,11,6,20,11,13,25,27,11,29,19,39,35,23,27,63,84,63,78,90,47,110,196,147,185,62,119,270,445,598,588,455,442,404,302,439,358,505,144,303,639,772,1000,350,283,412,310,100,91,140,113,116,15,87,30,62,67,26,44,34,16,22,22,12,23,9,13,2,5,13,7,10,4
64,170,2,2,119,0,1953125,12,0,0,0.45,0,0,NaN,0,0,26,0,27,34,8,16,22,40,14,25,20,26,5,7,21,25,13,25,14,14,49,8,50,13,33,23,23,84,103,100,73,70,140,101,159,34,330,410,185,501,485,684,477,365,279,153,112,838,749,575,529,228,333,999,762,364,430,438,173,348,89,128,131,258,120,110,31,54,49,75,45,44,19,11,28,18,51,29,30,16,42,11,22,23,40
64,170,2,2,119,0,1953125,12,0,0,0.45,0,0,NaN,0,0,25,23,13,8,7,16,26,28,29,25,15,9,17,27,38,44,39,31,29,32,43,61,70,76,83,99,88,76,134,134,137,249,288,233,243,374,399,475,513,518,519,514,608,541,504,730,592,653,1000,597,364,351,575,467,168,460,802,880,629,390,315,115,141,128,76,92,96,112,112,70,37,20,12,38,55,69,59,46,26,8,18,32,44,48,40
64,170,2,2,119,0,1953125,12,0,0,0.5,0,0,NaN,0,0,24,17,9,12,20,24,23,18,12,17,26,30,25,15,8,21,28,35,37,21,3,20,32,32,35,38,32,14,15,36,31,65,7,63,99,57,72,42,88,216,217,158,169,314,220,328,216,139,279,491,623,607,225,630,465,693,999,886,501,356,220,397,360,328,254,222,103,75,92,120,132,119,89,36,13,43,61,62,48,19,16,35,49,50,41
64,170,2,2,119,0,1953125,12,0,7426,2.29,0,0,NaN,0,0,35,49,22,30,34,31,24,20,15,36,11,11,13,19,18,32,14,17,24,22,23,42,26,48,93,40,20,111,105,13,68,50,121,97,171,212,432,454,161,306,610,552,358,175,559,639,484,820,860,531,1000,872,403,657,215,494,386,541,608,96,339,255,203,294,140,147,105,44,25,19,53,73,40,29,37,17,26,25,17,13,33,18,8,12,21
64,170,2,2,119,0,1953125,12,0,0,0.56,0,0,NaN,0,0,12,21,25,18,5,15,28,29,20,7,19,33,34,20,7,21,32,32,19,13,33,50,54,31,30,43,45,51,32,27,71,111,150,116,122,160,190,169,181,202,292,415,495,190,201,284,256,266,576,590,516,955,999,983,712,804,690,735,437,344,264,81,194,228,199,168,72,75,120,130,121,63,24,66,96,85,44,8,49,70,68,31,8,44,61
64,170,2,2,119,0,1953125,12,0,24,1.02,0,0,NaN,0,0,23,67,5,78,10,63,30,71,36,70,52,54,59,52,53,27,85,52,70,51,99,67,69,110,136,119,99,106,111,148,80,153,201,437,328,202,233,460,550,693,470,568,610,856,889,679,251,190,558,806,711,997,718,700,848,962,1000,624,481,194,97,119,60,250,219,257,191,115,130,215,148,130,97,141,75,107,77,105,47,88,63,80,57,83,60
64,170,2,2,119,0,1953125,12,0,0,0.51,0,0,NaN,0,0,9,10,15,16,17,14,9,11,16,21,19,16,12,15,22,26,26,22,19,27,36,42,50,38,37,34,48,65,43,43,40,59,80,121,133,77,31,118,49,342,348,267,232,101,122,554,763,701,697,618,348,202,727,701,937,999,829,318,248,369,369,367,174,62,91,89,118,156,128,73,31,71,85,78,68,45,14,37,61,68,54,29,1,29,50
64,170,2,2,119,0,1953125,12,0,7485,2.3,0,0,NaN,0,0,24,36,32,19,24,33,23,17,19,22,25,8,18,26,12,13,19,31,12,25,33,29,27,48,23,22,36,51,66,48,29,64,66,45,20,244,57,256,217,126,121,205,47,112,154,512,433,552,128,305,592,1000,546,254,486,286,597,462,327,689,266,56,79,97,95,56,35,15,73,44,11,15,41,45,25,19,31,23,14,3,25,21,12,11,13
64,170,2,2,119,0,1953125,12,0,0,0.75,0,0,NaN,0,0,91,84,99,85,88,107,89,84,104,89,90,109,93,94,110,88,93,107,83,101,107,60,76,97,58,79,91,33,97,98,39,100,147,56,72,158,49,200,254,201,62,85,172,209,196,328,107,329,192,84,309,388,375,902,1000,934,839,652,475,442,335,202,237,161,28,182,119,13,90,98,49,94,70,51,97,73,61,104,78,57,95,68,52,88,67
64,170,2,2,119,0,1953125,12,0,0,0.97,0,0,NaN,0,0,105,126,149,128,118,105,150,147,145,96,135,138,182,101,115,117,186,113,128,71,146,124,181,26,108,132,216,20,109,100,202,40,219,132,283,116,259,226,369,226,303,287,362,336,285,597,358,210,624,708,495,413,141,607,427,446,602,999,854,562,229,321,147,198,75,147,147,122,95,162,161,124,134,87,149,143,133,52,95,119,159,65,75,89,146
64,170,2,2,119,0,1953125,12,0,0,0.51,0,0,NaN,0,0,11,18,22,21,15,8,12,20,25,22,15,9,14,23,29,26,19,12,19,30,36,29,28,25,37,29,39,48,13,38,55,31,25,58,78,65,51,50,80,246,287,75,219,343,234,182,499,395,364,695,733,477,596,517,741,1000,782,543,894,518,364,319,231,181,206,202,162,134,117,72,75,103,105,100,79,50,41,54,66,65,54,33,23,36,51
64,170,1,2,119,0,1953125,12,0,0,0.51,0,0,NaN,0,0,15,13,6,3,11,16,16,11,4,4,12,15,15,8,2,6,15,17,14,6,7,18,23,19,20,16,24,27,36,23,22,35,28,74,82,34,56,48,68,140,126,150,149,107,199,337,328,153,417,279,107,281,420,736,1000,676,295,251,307,305,320,244,150,120,58,63,108,116,90,70,52,37,23,38,50,50,40,17,7,22,35,35,26,9,7
64,170,2,2,119,0,1953125,12,0,0,0.68,0,0,NaN,0,0,75,87,99,85,75,91,90,78,89,97,77,78,97,87,72,97,107,75,70,98,88,70,105,110,63,56,114,103,64,113,139,61,56,156,173,141,103,68,87,137,153,119,77,215,58,183,336,286,437,370,246,66,71,256,964,1000,736,675,643,451,121,96,156,44,94,168,118,33,73,130,86,20,94,104,45,45,90,71,15,65,79,40,34,66,50
64,170,2,2,119,0,1953125,12,0,7506,2.31,0,0,NaN,0,0,36,20,20,24,32,33,15,19,30,28,12,21,24,20,7,14,32,13,7,24,46,38,11,37,61,57,41,35,104,80,44,79,56,132,78,115,160,13,135,55,118,168,281,286,260,64,244,381,281,287,538,740,1000,140,749,286,358,384,421,282,306,125,191,107,76,62,63,20,51,27,45,4,13,28,12,8,13,2,7,9,20,9,1,15,19
