34928	35048	35167	35286	35405	35524	35644	35763	35882	36001	36120	36240	36359	36478	36597	36716	36836	36955	37074	37193	37313	37432	37551	37670	37789	37909	38028	38147	38266	38385	38505	38624	38743	38862	38981	39101	39220	39339	39458	39577	39697	39816	39935	40054	40174	40293	40412	40531	40650	40770	40889	41008	41127	41246	41366	41485	41604	41723	41842	41962	42081	42200	42319	42439	42558	42677	42796	42915	43035	43154	43273	43392	43511	43631	43750	43869	43988	44107	44227	44346	44465	44584	44703	44823	44942
64	170	2	2	119	0	1953125	12	0.0	7873	2.37	0	0	V0.2	0	0	67	84	38	87	62	73	22	69	43	58	16	22	68	51	55	10	98	45	63	39	111	24	59	101	108	66	31	179	140	153	178	202	287	48	69	194	363	250	265	472	333	185	198	248	179	385	333	273	264	26	99	331	540	793	1000	788	798	706	406	413	292	102	174	70	98	120	147	61	86	106	139	34	72	58	57	87	46	76	36	86	79	122	83	55	50
64	170	2	2	119	0	1953125	12	0.0	7771	2.35	0	0	V0.2	0	0	71	83	73	67	40	83	80	41	22	75	37	54	21	77	32	37	23	84	20	60	53	123	46	71	77	145	54	81	117	97	157	210	19	96	211	281	167	275	184	130	240	271	29	140	384	691	665	800	568	260	155	145	388	566	761	1000	835	432	119	384	477	372	333	244	381	204	292	133	278	72	108	46	165	21	85	39	104	38	82	78	105	52	97	65	54
64	170	2	2	119	0	1953125	12	0.0	7695	2.34	0	0	V0.2	0	0	26	40	54	50	15	39	47	35	15	29	39	32	11	36	43	27	15	44	57	32	16	44	94	69	27	43	140	24	23	37	21	189	65	73	45	226	127	178	161	167	359	300	289	365	522	386	500	322	698	49	352	534	1000	610	925	649	358	165	385	170	370	454	135	101	64	135	108	126	114	171	100	51	92	95	75	27	56	86	72	36	43	62	71	27	34
64	170	2	2	119	0	1953125	12	0.0	7725	2.35	0	0	V0.2	0	0	107	97	116	61	103	58	116	55	51	64	71	37	29	70	67	33	14	93	69	58	63	156	71	105	61	192	113	159	90	349	186	154	51	329	263	341	504	269	454	118	244	194	522	495	311	585	880	815	691	496	386	534	937	1000	657	463	371	558	517	667	245	318	254	356	335	81	55	197	103	164	33	195	106	102	58	76	54	96	18	89	36	98	110	59	50
64	170	2	2	119	0	1953125	12	0.0	7832	2.36	0	0	V0.2	0	0	13	36	50	33	9	28	42	33	0	23	40	22	9	29	35	32	16	38	39	27	9	55	37	44	17	45	81	81	1	40	104	72	22	54	249	102	209	239	459	151	165	220	464	174	215	111	310	462	306	371	782	590	694	647	234	1000	506	59	522	628	451	254	116	218	171	193	115	57	46	74	89	22	59	81	64	41	64	69	53	28	29	54	53	36	33
64	170	2	2	119	0	1953125	12	0.0	7832	2.36	0	0	V0.2	0	0	13	36	50	33	9	28	42	33	0	23	40	22	9	29	35	32	16	38	39	27	9	55	37	44	17	45	81	81	1	40	104	72	22	54	249	102	209	239	459	151	165	220	464	174	215	111	310	462	306	371	782	590	694	647	234	1000	506	59	522	628	451	254	116	218	171	193	115	57	46	74	89	22	59	81	64	41	64	69	53	28	29	54	53	36	33
64	170	2	2	119	0	1953125	12	0.0	7823	2.36	0	0	V0.2	0	0	83	86	75	58	60	57	90	45	52	30	78	23	26	52	86	31	22	80	63	38	13	128	51	87	10	136	78	91	44	85	135	245	73	108	194	357	232	274	157	208	99	197	103	73	277	427	612	731	544	299	140	175	496	669	918	1000	699	448	563	644	336	112	158	266	26	174	175	291	73	125	106	198	24	130	47	88	47	131	37	21	100	145	70	49	81
64	170	2	2	119	0	1953125	12	0.0	7566	2.32	0	0	V0.2	0	0	106	58	86	20	95	53	79	1	81	32	67	24	69	8	61	40	86	27	55	35	98	70	84	76	161	46	118	51	198	22	188	62	208	93	206	183	361	363	151	197	154	318	218	367	191	472	565	856	1000	777	752	616	457	392	469	343	279	399	474	277	157	181	380	436	192	172	67	181	42	109	29	133	47	87	28	101	77	35	24	54	40	35	42	46	42
64	170	2	2	119	0	1953125	12	0.0	7661	2.33	0	0	V0.2	0	0	102	70	105	29	121	55	85	15	84	41	58	37	51	51	35	52	19	78	29	83	79	143	44	86	140	177	69	125	140	256	43	159	156	129	45	336	296	291	312	253	336	622	657	193	110	515	567	399	599	779	1000	682	774	728	962	803	379	327	373	93	371	394	615	459	157	111	185	188	42	135	83	131	125	56	74	109	89	44	12	128	106	53	36	38	36
64	170	2	2	119	0	1953125	12	0.0	7812	2.36	0	0	V0.2	0	0	81	119	53	43	96	103	57	16	74	51	78	27	40	68	73	46	35	97	38	21	118	115	51	24	146	115	120	28	184	133	137	59	188	62	110	182	164	316	321	15	88	163	142	320	353	364	131	487	826	882	944	729	595	548	823	1000	875	787	381	188	202	137	278	301	63	40	142	194	111	37	140	86	149	85	119	52	114	48	20	58	109	63	48	81	39
64	170	2	2	119	0	1953125	12	0.0	7691	2.34	0	0	V0.2	0	0	52	115	42	94	52	91	46	64	37	66	38	24	34	46	18	36	39	58	45	67	78	79	98	74	146	62	112	83	146	93	133	98	167	82	197	71	180	111	215	136	348	268	466	174	345	365	736	750	576	382	144	258	557	680	539	559	155	487	657	1000	867	618	403	141	120	192	155	119	130	62	78	130	109	19	60	134	48	80	32	123	79	54	51	81	57
64	170	1	2	119	0	1953125	12	0.0	7848	2.37	0	0	V0.2	0	0	65	86	80	57	38	85	67	50	8	71	50	39	23	61	39	28	43	58	88	26	79	64	147	32	118	56	173	70	39	173	136	105	67	112	227	285	220	331	42	334	271	479	391	638	513	320	236	117	432	503	698	573	91	465	903	1000	536	434	394	522	227	93	265	377	136	55	169	195	51	64	56	43	144	62	48	49	130	44	51	45	75	52	42	32	9
64	170	2	2	119	0	1953125	12	0.0	0	0.96	0	0	V0.2	0	0	246	275	246	275	249	286	245	294	238	301	237	306	228	309	224	308	215	310	208	304	202	300	195	293	189	306	164	321	222	228	282	220	209	280	244	316	407	209	600	126	524	172	346	121	489	80	577	133	671	330	822	689	924	1000	668	778	411	508	289	444	105	219	223	301	133	347	81	333	64	343	137	290	175	266	189	241	202	225	218	206	223	190	232	174	233
64	170	2	2	119	0	1953125	12	0.0	0	0.96	0	0	V0.2	0	0	276	240	279	236	282	237	297	232	302	226	306	229	306	219	308	221	310	220	287	227	286	215	283	218	273	225	271	245	238	278	183	301	171	365	76	390	93	469	135	600	279	413	195	498	217	608	408	610	522	566	747	632	1000	503	939	444	650	223	276	109	309	209	253	84	361	163	291	223	260	284	168	273	159	271	145	274	138	270	138	265	135	255	145	244	146
64	170	2	2	119	0	1953125	12	0.0	0	0.96	0	0	V0.2	0	0	224	255	224	256	224	264	228	266	228	263	241	258	242	249	240	256	243	237	249	223	252	211	252	193	257	186	264	167	290	135	295	117	284	123	327	156	315	218	366	290	342	417	167	370	278	88	588	653	728	999	605	938	542	809	514	609	423	79	132	411	135	240	150	321	268	209	329	100	290	107	260	121	265	115	259	122	245	150	230	143	228	158	214	168	192
64	170	2	2	119	0	1953125	12	0.0	0	0.96	0	0	V0.2	0	0	244	213	244	211	247	219	250	216	255	219	255	223	248	225	249	224	241	232	222	239	216	230	205	236	189	232	196	233	178	265	132	297	94	309	98	315	51	421	202	424	358	258	347	203	314	188	108	445	462	486	624	241	446	357	910	793	1000	470	449	253	336	167	236	134	279	238	190	250	160	237	153	221	144	255	121	237	123	227	134	230	119	225	124	220	127
64	170	2	2	119	0	1953125	12	0.0	0	0.97	0	0	V0.2	0	0	39	53	44	47	50	42	55	32	53	36	57	40	58	47	53	49	60	69	77	78	91	75	106	81	138	49	112	25	113	48	192	139	254	222	296	294	283	371	350	459	411	553	522	567	504	252	95	261	439	522	534	480	487	508	766	860	1000	773	651	499	269	210	1	151	228	341	235	247	163	172	142	129	149	134	148	91	130	70	100	69	107	71	82	67	73
64	170	2	2	119	0	1953125	12	0.0	0	0.96	0	0	V0.2	0	0	246	209	245	210	246	216	248	218	249	224	246	230	239	233	239	236	225	246	207	250	198	242	191	254	163	256	157	269	126	288	100	292	154	250	144	265	190	208	203	313	281	222	347	196	80	416	338	364	482	327	618	345	710	302	742	539	1000	518	712	215	403	93	378	226	299	283	202	260	174	268	132	232	144	265	111	254	106	252	107	247	104	236	110	227	117
64	170	2	2	119	0	1953125	12	0.0	0	0.98	0	0	V0.2	0	0	55	3	55	12	48	14	46	19	38	17	42	24	40	25	40	18	43	21	54	20	67	23	73	22	100	45	116	68	131	105	117	124	90	130	87	160	122	197	96	177	144	262	215	245	154	263	272	304	338	501	715	858	1000	913	705	536	454	323	204	123	99	22	86	86	49	106	90	171	113	122	59	91	78	86	68	51	65	46	57	37	57	31	44	31	38
64	170	2	2	119	0	1953125	12	0.0	7796	2.36	0	0	V0.2	0	0	43	41	26	37	27	34	25	24	29	16	19	13	19	15	3	14	22	10	31	28	37	22	46	13	58	50	67	86	48	45	27	142	81	252	186	253	153	396	260	232	193	314	348	539	131	754	449	354	610	146	245	96	441	899	1000	800	316	90	425	544	915	626	253	288	22	188	64	119	105	20	72	79	14	50	27	39	13	28	29	11	9	17	7	14	7
