64,170,2,2,119,0,1953125,12,0,0,0.33,0,0,NaN,0,0,7,8,32,5,9,6,6,7,19,14,16,12,3,9,25,7,31,12,26,14,22,13,28,36,18,15,44,20,52,46,58,23,58,134,66,145,28,180,174,130,50,134,187,165,233,207,283,227,62,512,468,613,323,291,1000,626,478,153,984,441,189,258,155,18,68,68,66,34,79,41,47,42,13,38,35,9,11,10,29,15,18,25,27,14,21
64,170,2,2,119,0,1953125,12,0,0,0.32,0,0,NaN,0,0,12,13,13,14,14,15,15,15,15,15,16,15,15,18,17,18,19,18,16,14,17,23,19,19,27,25,21,43,39,50,71,47,86,97,132,87,189,182,214,258,290,388,301,442,395,385,292,657,451,674,482,578,1000,833,705,872,952,509,598,362,197,180,191,36,104,56,84,110,102,103,83,89,90,81,79,76,74,68,64,66,60,63,61,59,59
64,170,1,2,119,0,1953125,12,0,0,0.35,0,0,NaN,0,0,10,9,8,6,4,3,3,5,8,11,13,15,18,19,18,18,20,20,16,13,10,5,5,7,12,12,26,32,38,35,64,69,76,99,133,130,144,191,180,240,205,176,311,259,275,298,487,440,528,534,557,581,858,716,868,1000,642,531,500,239,155,87,84,79,97,65,83,84,78,87,73,79,78,70,72,68,66,57,52,46,40,35,30,26,28
64,170,2,2,119,0,1953125,12,0,7750,2.35,0,0,NaN,0,0,27,30,34,37,39,30,28,27,31,26,22,25,19,31,20,27,24,18,24,19,31,38,47,54,62,20,73,36,89,55,2,83,136,96,224,90,32,280,162,125,328,124,237,194,419,649,589,740,244,409,582,301,716,943,392,1000,792,547,459,310,540,220,298,139,81,71,57,82,60,78,35,57,16,29,8,3,18,8,6,15,15,9,22,24,22
64,170,2,2,119,0,1953125,12,0,0,0.84,0,0,NaN,0,0,979,975,965,964,959,967,978,990,998,1000,999,998,986,984,977,988,989,980,968,955,930,918,893,894,887,877,864,848,835,802,787,795,787,822,845,804,792,760,771,806,811,870,866,832,817,833,875,771,827,798,885,910,796,689,771,843,791,846,666,722,729,698,703,714,703,659,681,667,664,659,662,660,666,672,680,667,662,668,659,668,669,673,662,661,645
64,170,2,2,119,0,1953125,12,0,7676,2.34,0,0,NaN,0,0,42,47,48,29,43,38,41,23,30,31,35,24,25,27,36,18,33,34,40,44,47,38,59,71,20,78,57,113,63,110,67,107,61,161,159,86,358,130,149,210,196,213,585,327,242,441,378,243,210,530,429,309,999,366,94,227,838,665,380,553,585,478,292,160,271,48,86,35,46,51,20,27,13,50,34,12,23,47,32,13,20,26,32,23,8
64,170,2,2,119,0,1953125,12,0,7701,2.34,0,0,NaN,0,0,130,57,121,25,118,46,107,15,95,26,82,16,68,19,50,35,18,87,32,95,20,139,45,134,59,146,143,83,49,226,193,132,299,132,429,327,257,133,401,494,785,919,688,733,406,481,224,245,253,768,867,961,1000,622,295,509,719,738,748,535,115,297,326,457,106,220,124,320,117,147,47,135,53,132,38,85,64,99,11,55,39,101,25,36,50
64,170,2,2,119,0,1953125,12,0,7878,2.37,0,0,NaN,0,0,44,28,40,49,30,39,17,50,30,14,24,19,28,12,25,17,43,9,18,50,50,11,46,71,29,67,38,76,87,80,107,98,82,79,53,45,166,54,99,54,182,154,372,405,509,288,179,199,287,70,322,570,839,796,606,668,793,999,837,593,414,368,298,241,157,147,96,86,112,61,64,39,96,36,79,67,48,54,62,22,13,55,58,9,32
64,170,2,2,119,0,1953125,12,0,7766,2.35,0,0,NaN,0,0,47,89,56,53,46,59,55,70,31,66,29,45,28,40,38,21,52,20,73,23,55,59,108,6,91,60,174,27,170,36,160,164,81,167,258,22,179,137,310,146,87,153,386,261,330,288,177,150,325,522,646,727,514,432,529,496,862,1000,939,843,370,230,228,382,180,110,160,312,176,72,63,180,122,51,17,90,18,120,92,91,43,57,38,28,22
64,170,2,2,119,0,1953125,12,0,7785,2.36,0,0,NaN,0,0,40,43,37,53,41,33,32,53,20,37,24,38,18,13,23,26,46,26,47,52,48,66,55,81,83,87,83,89,100,88,128,47,85,206,116,175,34,196,171,352,337,599,689,643,560,262,173,315,384,167,216,469,849,1000,953,739,414,622,698,680,527,116,62,179,150,66,124,82,98,72,74,15,55,88,29,44,17,73,54,28,27,44,15,26,18
