64,170,1,2,119,0,1953125,12,0,0,0.96,0,0,NaN,0,0,22,34,40,64,8,27,23,61,15,41,30,43,1,52,44,38,16,72,44,37,18,81,44,79,73,82,67,98,161,85,122,100,227,119,165,201,278,282,119,247,291,327,124,178,208,356,346,385,397,452,602,604,392,99,896,958,999,387,195,372,364,203,173,298,264,165,45,140,181,47,61,108,142,51,87,100,70,28,70,95,35,40,65,70,21
64,170,1,2,119,0,1953125,12,0,0,0.96,0,0,NaN,0,0,9,38,28,61,28,18,10,60,34,26,28,44,19,39,45,38,2,63,51,28,12,80,63,52,74,78,88,61,154,85,113,69,212,138,106,175,219,240,7,141,169,155,26,308,320,301,259,342,356,329,529,461,284,127,874,1000,914,360,245,292,245,125,184,302,255,122,34,175,174,35,82,119,130,27,87,84,48,11,82,82,14,47,64,56,5
64,170,1,2,119,0,1953125,12,0,0,0.96,0,0,NaN,0,0,207,229,221,201,185,222,230,229,188,208,215,253,206,214,179,250,214,239,152,223,193,255,154,220,115,276,146,262,69,275,154,292,215,238,195,295,371,66,196,258,342,102,216,297,611,168,482,232,600,326,634,568,213,193,963,1000,784,509,467,363,216,273,307,388,153,243,173,326,106,167,76,281,175,122,85,192,181,163,122,131,165,170,172,92,129
64,170,1,2,119,0,1953125,12,0,0,0.97,0,0,NaN,0,0,58,15,18,35,59,26,37,16,35,23,51,25,10,34,56,18,9,47,62,17,39,36,53,53,108,38,65,64,189,98,104,138,261,198,101,246,242,267,61,143,140,89,121,432,473,370,354,400,475,409,666,598,355,173,883,999,801,357,432,489,315,145,193,351,317,125,56,220,225,58,66,129,150,51,84,82,56,16,93,84,9,31,68,57,20
64,170,1,2,119,0,1953125,12,0,0,0.98,0,0,NaN,0,0,61,33,35,8,41,28,49,34,15,14,51,40,5,16,48,29,13,23,52,36,41,19,39,62,81,24,22,77,150,42,104,123,232,116,140,240,253,286,64,152,93,63,96,362,349,388,378,388,331,389,652,575,418,178,933,1000,878,416,346,431,282,154,224,309,267,146,95,222,176,56,33,149,139,41,47,77,66,43,75,54,22,43,66,37,25
64,170,1,2,119,0,1953125,12,0,7917,2.38,0,0,NaN,0,0,26,24,12,15,22,29,13,14,19,22,8,4,14,20,10,7,20,25,10,16,24,31,20,22,34,44,37,21,63,15,67,62,111,56,36,108,30,253,65,80,44,71,146,203,199,254,262,222,163,387,342,564,273,268,1000,532,617,211,150,371,95,107,228,66,94,91,67,24,43,52,57,20,28,39,34,33,34,24,18,28,22,18,21,15,28
64,170,1,2,119,0,1953125,12,0,0,0.97,0,0,NaN,0,0,452,383,387,413,423,373,317,257,273,295,224,161,147,182,156,136,150,217,266,287,283,342,395,465,452,436,515,560,608,554,581,594,631,672,654,609,627,545,645,746,523,587,574,644,620,719,392,453,846,451,846,369,471,992,850,207,1000,774,652,281,457,771,434,474,470,506,526,462,430,427,446,418,416,357,332,327,318,285,211,201,163,194,128,94,81
64,170,1,2,119,0,1953125,12,0,0,0.96,0,0,NaN,0,0,22,47,36,62,22,22,18,67,36,16,25,53,26,33,44,49,6,63,56,43,7,76,55,48,56,91,91,54,116,68,104,103,231,136,128,139,286,276,136,249,347,372,178,116,101,135,178,411,507,588,798,921,849,421,698,915,1000,369,244,447,415,375,238,251,220,165,54,181,198,77,4,100,123,11,89,86,75,6,86,81,22,33,75,67,7
64,170,1,2,119,0,1953125,12,0,0,0.96,0,0,NaN,0,0,61,14,34,24,63,21,51,30,40,3,57,43,19,23,64,36,29,43,82,34,50,45,69,30,103,110,52,77,95,153,42,163,152,202,60,235,282,232,191,272,475,319,248,94,209,124,232,321,506,662,785,988,840,277,654,1000,996,218,178,558,519,328,90,231,309,226,34,161,178,142,39,140,83,55,57,133,88,32,77,82,52,42,93,63,19
64,170,1,2,119,0,1953125,12,0,0,0.96,0,0,NaN,0,0,20,48,34,68,24,26,16,70,38,23,29,56,24,38,48,50,1,72,62,49,2,84,61,58,64,100,100,69,143,90,117,90,248,144,126,127,273,229,179,319,434,421,216,175,188,202,129,285,427,639,897,1000,905,369,674,945,935,207,252,597,448,366,148,314,279,204,49,183,209,75,36,99,125,6,103,95,80,9,97,87,28,47,82,72,7
