34928	35048	35167	35286	35405	35524	35644	35763	35882	36001	36120	36240	36359	36478	36597	36716	36836	36955	37074	37193	37313	37432	37551	37670	37789	37909	38028	38147	38266	38385	38505	38624	38743	38862	38981	39101	39220	39339	39458	39577	39697	39816	39935	40054	40174	40293	40412	40531	40650	40770	40889	41008	41127	41246	41366	41485	41604	41723	41842	41962	42081	42200	42319	42439	42558	42677	42796	42915	43035	43154	43273	43392	43511	43631	43750	43869	43988	44107	44227	44346	44465	44584	44703	44823	44942
64	170	1	2	119	0	1953125	12	0.0	0	0.97	0	0	V0.2	0	0	21	52	10	35	4	49	18	32	11	31	4	39	25	27	10	40	14	28	21	50	6	44	21	63	19	106	55	89	40	127	99	130	169	195	184	151	279	323	469	370	386	437	463	549	469	489	153	58	201	274	72	59	194	17	241	774	999	792	459	267	394	315	262	155	225	217	153	148	130	147	23	93	74	95	27	92	62	37	29	73	54	26	47	48	33
64	170	1	2	119	0	1953125	12	0.0	0	0.97	0	0	V0.2	0	0	29	32	38	31	42	12	29	19	41	4	27	25	38	9	27	25	27	25	38	23	23	43	57	36	59	67	109	23	101	55	138	61	215	166	184	142	266	362	405	469	320	436	367	467	451	365	149	151	291	224	124	37	283	80	287	669	1000	817	397	141	272	331	191	225	168	246	147	136	138	106	85	63	113	56	65	41	86	22	48	48	68	25	43	50	35
64	170	1	2	119	0	1953125	12	0.0	0	0.97	0	0	V0.2	0	0	48	12	36	14	49	27	23	9	37	24	26	26	32	15	30	23	23	4	51	22	24	11	72	23	75	57	97	60	74	106	86	110	155	238	112	165	178	380	405	412	329	293	357	319	376	324	62	149	333	248	162	130	266	129	260	794	1000	961	474	97	167	306	219	142	202	182	181	70	149	100	67	33	108	85	39	55	57	54	28	70	49	38	25	55	37
64	170	1	2	119	0	1953125	12	0.0	0	0.96	0	0	V0.2	0	0	33	45	12	31	19	50	5	42	21	43	5	43	33	28	17	51	30	36	32	69	19	68	55	99	52	99	100	79	72	95	158	90	189	169	218	90	243	316	401	399	187	249	205	260	140	114	15	252	314	337	221	209	462	275	272	623	1000	887	504	113	106	213	101	157	175	252	130	125	126	121	90	71	118	61	64	50	97	34	51	57	72	32	54	65	44
64	170	1	2	119	0	1953125	12	0.0	0	0.96	0	0	V0.2	0	0	25	40	45	38	59	14	38	27	69	15	35	33	58	11	42	45	57	19	74	47	69	41	131	74	100	65	143	100	96	132	149	184	170	297	165	194	192	426	443	380	267	120	246	161	212	87	241	355	558	564	395	432	554	492	221	687	1000	985	565	136	158	262	193	150	291	250	221	131	168	168	81	88	93	128	31	87	65	77	25	91	81	55	49	69	67
64	170	1	2	119	0	1953125	12	0.0	0	0.96	0	0	V0.2	0	0	43	49	19	36	33	64	4	46	25	57	3	50	37	38	20	61	39	43	40	86	32	86	68	128	57	109	100	115	83	124	181	128	221	189	240	88	296	356	418	374	149	151	149	292	255	295	266	502	571	681	528	410	623	503	323	532	1000	796	415	319	409	271	201	200	256	336	150	155	143	179	110	82	122	78	64	59	107	35	61	69	91	43	63	73	54
64	170	1	2	119	0	1953125	12	0.0	0	0.96	0	0	V0.2	0	0	288	319	276	297	275	332	286	320	258	331	288	345	257	323	271	352	264	321	232	345	242	352	192	337	226	340	234	303	224	313	295	306	316	333	403	251	442	326	693	156	398	139	532	222	777	359	621	492	885	880	709	975	551	913	109	676	876	1000	333	253	675	630	142	491	170	522	265	253	218	252	279	199	225	167	227	210	259	143	224	170	284	136	234	125	249
64	170	1	2	119	0	1953125	12	0.0	0	0.96	0	0	V0.2	0	0	266	310	257	278	245	317	267	307	236	307	270	331	243	298	248	335	256	302	213	317	237	330	205	290	224	319	260	253	231	267	333	234	327	267	412	187	435	257	631	162	376	95	608	339	732	506	478	555	708	859	427	815	422	806	212	624	870	1000	197	383	592	712	186	453	227	452	310	194	240	185	265	188	237	127	212	182	270	117	216	128	276	137	220	108	224
64	170	1	2	119	0	1953125	12	0.0	0	0.96	0	0	V0.2	0	0	243	291	245	265	223	293	252	292	219	286	248	311	236	277	227	309	246	285	203	289	222	312	217	253	224	284	278	210	239	221	345	184	350	208	413	133	466	236	628	268	361	50	499	353	665	505	369	588	692	901	310	688	389	792	178	621	815	1000	223	350	482	662	221	452	308	399	340	148	273	122	258	154	255	86	208	142	269	104	215	91	259	135	215	102	203
64	170	1	2	119	0	1953125	12	0.0	0	0.96	0	0	V0.2	0	0	54	31	35	20	57	55	18	31	41	53	15	48	41	32	33	58	42	27	61	78	42	73	81	129	33	128	90	135	37	157	148	139	148	225	201	139	304	373	457	315	208	130	224	308	300	266	143	425	533	589	305	271	505	477	317	626	1000	776	319	300	344	260	244	212	336	322	143	154	135	182	56	113	100	91	34	96	97	37	59	81	87	32	72	66	50
64	170	1	2	119	0	1953125	12	0.0	0	0.96	0	0	V0.2	0	0	208	257	215	237	200	250	224	257	197	249	216	270	216	242	207	261	224	247	193	242	199	268	194	226	197	240	256	178	232	169	314	127	297	132	298	143	439	192	559	270	399	227	363	321	309	374	163	305	456	570	72	296	319	654	322	908	754	1000	326	129	168	422	134	307	223	299	275	134	247	98	231	120	245	67	190	112	231	105	188	86	219	123	194	98	181
64	170	1	2	119	0	1953125	12	0.0	0	0.97	0	0	V0.2	0	0	31	37	46	32	44	15	32	26	45	7	27	26	44	7	28	30	33	24	37	24	17	61	74	51	74	84	143	44	131	81	188	70	192	125	140	86	293	382	405	473	279	343	290	391	325	242	142	272	422	349	227	53	375	321	522	759	999	922	368	68	191	292	159	243	227	305	168	121	133	130	108	57	117	61	61	41	97	30	51	55	80	38	45	55	45
64	170	1	2	119	0	1953125	12	0.0	0	0.96	0	0	V0.2	0	0	195	167	216	188	209	164	206	189	228	172	207	171	237	187	211	160	220	185	224	156	201	152	240	148	212	116	242	185	189	182	195	235	168	244	122	203	239	437	230	502	124	477	270	487	406	266	304	266	213	273	259	220	248	281	402	774	1000	790	539	110	291	150	299	9	341	132	241	111	229	179	125	109	181	178	121	134	119	164	136	155	92	153	119	174	86
64	170	1	2	119	0	1953125	12	0.0	0	0.97	0	0	V0.2	0	0	205	250	220	245	207	244	229	252	222	237	226	261	227	241	217	249	234	239	210	223	229	238	192	222	171	273	148	248	137	276	183	260	207	259	237	235	224	342	520	298	539	208	631	341	667	484	202	87	459	359	119	274	324	177	583	595	1000	901	285	229	362	385	98	315	171	393	30	268	34	261	120	214	63	219	133	205	113	175	127	215	134	162	120	190	150
64	170	1	2	119	0	1953125	12	0.0	7711	2.34	0	0	V0.2	0	0	17	12	15	27	16	17	15	28	16	15	9	13	16	4	7	16	11	6	14	25	14	12	12	33	49	30	52	40	55	27	113	33	157	107	37	109	151	226	324	371	101	385	288	500	368	514	131	38	212	376	127	676	582	178	802	449	999	858	217	385	307	205	28	223	88	122	76	44	91	35	75	31	66	46	33	8	27	45	17	1	18	28	10	10	19
64	170	2	2	119	0	1953125	12	0.0	7710	2.34	0	0	V0.2	0	0	59	60	55	47	59	30	66	15	64	4	63	8	51	10	36	28	26	52	31	60	38	45	53	130	13	95	66	203	96	191	111	79	39	87	114	145	12	91	217	174	237	270	141	210	155	345	687	1000	951	856	753	695	766	991	908	838	894	740	851	697	601	434	197	189	86	146	40	66	107	126	75	121	38	104	30	28	50	35	55	29	88	53	42	14	34
64	170	2	2	119	0	1953125	12	0.0	7715	2.34	0	0	V0.2	0	0	47	46	34	47	32	37	36	17	41	17	28	10	28	8	16	20	11	35	9	44	28	32	47	95	7	65	57	132	46	125	71	57	48	44	115	102	46	77	142	103	201	209	126	173	182	286	545	726	677	671	719	781	866	1000	886	793	731	505	561	466	448	323	183	161	118	123	70	75	126	123	112	124	74	90	22	29	47	34	41	21	47	24	33	15	40
64	170	2	2	119	0	1953125	12	0.0	7711	2.34	0	0	V0.2	0	0	46	47	32	38	50	25	44	16	48	28	23	4	35	11	11	30	30	27	22	38	33	62	22	99	52	62	10	133	97	53	80	56	68	58	63	112	38	34	119	173	147	270	190	140	228	341	427	624	744	714	773	861	820	914	1000	877	789	603	489	554	433	408	191	201	100	141	25	111	46	126	36	115	53	59	29	59	9	42	22	52	35	57	21	22	21
64	170	2	2	119	0	1953125	12	0.0	7611	2.33	0	0	V0.2	0	0	45	44	23	47	38	33	30	18	36	33	11	17	26	33	14	27	19	28	11	27	52	46	18	71	54	41	21	101	79	57	99	27	90	9	114	51	37	46	168	141	182	283	218	230	312	329	393	606	718	735	812	838	790	920	1000	876	764	489	360	425	390	380	177	197	88	139	23	92	34	108	17	111	47	79	16	65	24	49	6	46	19	45	28	41	20
64	170	2	2	119	0	1953125	12	0.0	7792	2.36	0	0	V0.2	0	0	44	36	40	34	51	21	36	26	28	32	4	42	7	24	14	25	24	10	36	15	49	19	34	61	68	40	17	130	110	56	66	90	47	37	93	132	64	124	70	100	222	329	225	309	430	449	552	615	564	726	937	1000	986	954	860	874	807	440	388	401	548	347	288	163	210	55	103	69	125	58	132	56	66	60	54	61	31	51	5	67	49	59	20	32	44
