34928	35048	35167	35286	35405	35524	35644	35763	35882	36001	36120	36240	36359	36478	36597	36716	36836	36955	37074	37193	37313	37432	37551	37670	37789	37909	38028	38147	38266	38385	38505	38624	38743	38862	38981	39101	39220	39339	39458	39577	39697	39816	39935	40054	40174	40293	40412	40531	40650	40770	40889	41008	41127	41246	41366	41485	41604	41723	41842	41962	42081	42200	42319	42439	42558	42677	42796	42915	43035	43154	43273	43392	43511	43631	43750	43869	43988	44107	44227	44346	44465	44584	44703	44823	44942
64	170	2	2	119	0	1953125	12	0.0	0	0.96	0	0	V0.2	0	0	223	181	226	187	233	191	235	188	242	197	236	201	226	205	227	205	212	213	198	218	189	211	175	233	144	248	120	227	131	267	84	306	30	368	122	279	149	301	51	527	313	445	535	132	292	261	429	367	707	303	617	243	634	564	1000	716	874	457	317	206	259	241	171	273	181	310	88	318	24	261	75	260	79	230	111	213	141	194	128	191	151	178	162	145	161
64	170	2	2	119	0	1953125	12	0.0	0	0.96	0	0	V0.2	0	0	172	214	173	215	169	222	175	229	167	231	167	239	173	224	173	222	178	216	173	201	181	190	197	160	198	152	198	160	182	162	227	174	327	136	410	136	373	230	182	105	356	236	441	348	204	327	50	311	128	355	235	422	357	876	773	999	623	846	472	627	498	364	422	68	233	127	245	98	307	16	270	48	255	69	236	89	227	119	198	135	181	141	167	149	149
64	170	2	2	119	0	1953125	12	0.0	7636	2.33	0	0	V0.2	0	0	20	24	28	23	30	22	22	15	25	11	20	15	16	18	10	13	13	2	9	5	22	20	39	26	40	37	18	72	31	64	54	103	9	147	55	114	105	90	83	250	396	202	465	147	258	367	643	239	369	174	455	569	232	785	1000	247	706	681	441	422	333	221	233	122	125	109	58	81	27	84	41	26	40	39	6	11	16	21	9	20	3	5	6	17	10
64	170	2	2	119	0	1953125	12	0.0	0	0.96	0	0	V0.2	0	0	932	945	957	963	964	964	990	994	1000	996	982	997	998	989	979	967	961	955	936	915	897	888	880	856	847	832	821	825	815	794	812	815	830	813	819	843	834	864	884	828	886	941	862	903	894	868	946	872	835	911	888	804	926	822	792	748	955	694	719	817	756	723	720	720	724	741	748	717	723	748	757	745	735	744	766	762	752	740	733	754	743	707	692	703	700
64	170	2	2	119	0	1953125	12	0.0	0	0.96	0	0	V0.2	0	0	178	217	193	223	193	218	193	232	202	224	195	226	211	217	214	195	216	202	215	181	205	177	226	164	210	151	249	124	296	28	298	79	289	120	194	134	302	96	320	111	527	428	532	576	372	652	304	417	32	446	145	524	202	817	752	1000	590	354	97	467	217	389	325	218	333	103	262	116	284	59	285	47	278	83	241	99	230	120	217	128	196	134	190	144	170
64	170	2	2	119	0	1953125	12	0.0	0	0.87	0	0	V0.2	0	0	161	157	164	162	151	166	149	177	157	173	167	154	176	140	181	154	171	164	135	166	124	177	126	159	148	120	166	85	208	103	173	140	125	280	56	255	213	122	332	123	327	220	323	346	289	447	131	334	145	321	625	289	393	525	652	1000	609	710	327	363	315	77	265	121	138	167	89	224	73	150	106	130	167	92	177	78	150	116	118	152	90	156	88	128	113
64	170	2	2	119	0	1953125	12	0.0	0	0.96	0	0	V0.2	0	0	232	306	244	322	235	313	246	331	253	319	247	323	268	323	249	306	264	309	271	265	265	269	280	243	279	224	303	243	312	225	437	176	574	172	605	173	464	242	368	131	580	357	519	369	691	686	535	790	376	845	529	847	237	555	253	728	513	1000	477	805	303	794	450	752	600	375	434	212	368	168	363	125	368	102	330	114	317	116	325	117	296	132	285	153	254
64	170	2	2	119	0	1953125	12	0.0	0	0.96	0	0	V0.2	0	0	49	41	55	31	58	20	63	11	57	18	64	28	59	42	64	35	64	43	80	39	96	42	101	45	133	85	149	152	142	167	100	215	196	336	210	339	267	279	260	171	200	327	514	554	680	482	540	493	308	346	312	344	525	746	879	1000	850	664	640	486	374	107	210	215	264	106	188	133	148	133	139	172	74	124	78	122	47	110	85	82	57	74	72	43	57
64	170	2	2	119	0	1953125	12	0.0	0	0.96	0	0	V0.2	0	0	124	166	121	170	129	176	124	177	124	185	130	175	132	173	143	164	141	155	144	150	148	136	155	122	194	79	202	58	200	51	187	65	203	72	299	92	329	218	260	243	234	310	252	348	124	307	81	324	58	343	52	309	423	811	837	1000	796	735	449	347	378	182	317	61	231	17	204	26	202	26	196	49	190	80	167	90	158	117	132	117	121	128	109	129	91
64	170	2	2	119	0	1953125	12	0.0	0	0.96	0	0	V0.2	0	0	124	166	121	170	129	176	124	177	124	185	130	175	132	173	143	164	141	155	144	150	148	136	155	122	194	79	202	58	200	51	187	65	203	72	299	92	329	218	260	243	234	310	252	348	124	307	81	324	58	343	52	309	423	811	837	1000	796	735	449	347	378	182	317	61	231	17	204	26	202	26	196	49	190	80	167	90	158	117	132	117	121	128	109	129	91
64	170	2	2	119	0	1953125	12	0.0	0	0.98	0	0	V0.2	0	0	192	203	185	193	200	205	198	200	197	214	200	213	184	212	196	209	183	198	184	214	158	197	163	186	182	172	164	180	166	171	175	139	240	240	132	244	145	371	84	151	290	361	201	487	222	543	302	568	366	548	520	346	481	795	770	1000	761	899	584	553	488	403	501	140	318	55	200	152	185	128	228	100	226	89	200	117	203	105	181	118	184	120	168	108	178
64	170	2	2	119	0	1953125	12	0.0	0	0.97	0	0	V0.2	0	0	32	51	16	49	21	53	8	40	11	55	10	39	22	46	10	49	33	54	16	70	23	68	20	104	34	76	41	154	83	130	124	173	160	150	225	147	202	147	322	272	253	293	335	298	316	516	639	636	350	276	304	499	610	798	999	744	540	131	129	83	33	133	289	280	286	242	176	214	120	153	80	122	72	102	82	62	59	56	74	36	59	42	61	28	47
64	170	2	2	119	0	1953125	12	0.0	0	0.96	0	0	V0.2	0	0	35	27	39	25	49	9	46	3	47	10	42	20	35	12	35	17	40	21	57	20	68	33	88	48	84	71	69	75	86	124	109	198	153	235	94	197	177	213	132	219	352	339	397	255	300	177	66	375	744	917	675	553	625	924	1000	571	239	298	206	92	81	78	155	114	171	125	179	163	126	152	72	118	46	96	41	70	37	61	48	47	50	48	56	36	45
64	170	1	2	119	0	1953125	12	0.0	0	0.95	0	0	V0.2	0	0	177	161	180	163	173	167	175	188	165	188	155	199	155	204	134	200	134	209	128	198	103	214	120	196	141	168	159	165	186	126	201	132	312	55	301	25	301	126	193	26	367	232	308	340	303	367	176	527	211	506	189	51	335	819	865	1000	662	591	357	379	266	234	299	168	340	52	286	49	217	72	214	116	182	132	158	167	126	166	102	165	100	174	80	157	81
64	170	1	2	119	0	1953125	12	0.0	0	0.96	0	0	V0.2	0	0	43	25	38	25	47	13	50	4	44	6	47	22	39	20	42	17	40	19	59	15	60	24	70	36	95	90	90	127	67	136	58	190	132	235	131	246	243	212	233	218	347	275	428	420	525	440	342	177	48	218	328	515	524	768	1000	587	476	240	337	275	276	169	86	116	225	197	146	192	152	173	88	118	104	82	76	60	86	34	69	45	60	31	56	54	45
64	170	2	2	119	0	1953125	12	0.0	0	0.96	0	0	V0.2	0	0	46	29	61	11	51	7	55	2	57	21	54	26	54	35	49	32	64	38	66	33	84	42	94	72	118	115	110	149	82	153	129	267	197	263	135	156	102	169	240	361	442	321	462	395	430	247	149	335	459	480	104	228	498	598	807	866	829	1000	858	604	385	161	158	87	188	176	250	199	128	141	110	146	76	131	86	100	62	88	79	56	64	62	67	37	57
64	170	1	2	119	0	1953125	12	0.0	7616	2.33	0	0	V0.2	0	0	20	24	29	31	23	23	31	34	12	19	19	18	21	4	22	20	11	18	27	15	19	20	40	30	45	32	101	94	70	81	26	123	57	158	147	270	108	247	184	164	113	251	438	601	571	282	389	281	251	557	300	207	245	609	643	86	217	1000	610	848	160	283	158	170	238	28	35	53	103	56	40	34	60	14	6	24	20	23	10	17	22	17	28	23	7
64	170	2	2	119	0	1953125	12	0.0	0	0.94	0	0	V0.2	0	0	932	932	955	973	961	960	971	987	1000	994	989	986	982	995	986	964	940	941	935	927	895	872	863	863	856	827	807	800	820	817	810	779	807	824	834	856	830	846	852	913	871	838	886	936	854	904	902	822	917	922	888	727	923	837	841	723	797	739	860	633	738	803	710	722	724	731	739	735	730	731	745	753	745	744	743	748	755	748	735	727	723	734	714	692	670
64	170	2	2	119	0	1953125	12	0.0	0	0.96	0	0	V0.2	0	0	211	178	216	190	211	193	211	209	206	212	196	218	198	229	177	230	169	242	155	232	140	241	126	241	118	228	105	270	79	284	95	314	169	281	225	195	196	263	298	278	415	117	388	177	515	267	726	550	1000	853	756	692	402	814	698	716	73	119	494	262	409	369	204	362	73	367	73	294	108	266	163	200	156	191	178	168	172	161	188	144	202	113	198	106	196
64	170	2	2	119	0	1953125	12	0.0	0	0.95	0	0	V0.2	0	0	215	163	229	178	231	167	226	184	238	188	218	192	218	217	202	203	189	224	176	236	138	228	133	248	109	253	56	290	128	241	153	218	191	244	217	172	260	162	364	57	332	167	607	264	666	388	510	501	258	404	280	284	463	891	891	999	367	808	498	535	112	344	249	232	218	215	178	187	228	144	289	64	233	76	244	96	233	93	210	129	199	146	160	137	159
