34928	35048	35167	35286	35405	35524	35644	35763	35882	36001	36120	36240	36359	36478	36597	36716	36836	36955	37074	37193	37313	37432	37551	37670	37789	37909	38028	38147	38266	38385	38505	38624	38743	38862	38981	39101	39220	39339	39458	39577	39697	39816	39935	40054	40174	40293	40412	40531	40650	40770	40889	41008	41127	41246	41366	41485	41604	41723	41842	41962	42081	42200	42319	42439	42558	42677	42796	42915	43035	43154	43273	43392	43511	43631	43750	43869	43988	44107	44227	44346	44465	44584	44703	44823	44942
64	170	2	2	119	0	1953125	12	0.0	0	0.97	0	0	V0.2	0	0	195	177	194	181	203	180	199	189	201	190	202	188	201	186	207	177	195	177	201	172	177	168	191	158	181	140	188	164	179	134	181	173	301	93	310	52	356	144	439	179	376	321	402	387	134	257	19	169	261	511	108	229	457	878	892	1000	594	136	262	620	289	239	134	254	164	195	149	202	204	138	206	123	200	103	187	121	187	106	175	122	171	110	166	115	159
64	170	2	2	119	0	1953125	12	0.0	7636	2.33	0	0	V0.2	0	0	14	22	20	15	6	26	19	7	2	14	13	12	5	8	14	6	7	22	13	9	7	17	34	11	18	27	37	37	10	28	39	144	100	175	31	167	46	196	199	268	154	186	300	67	268	246	414	342	124	499	24	314	341	469	1000	403	593	238	264	514	109	141	107	84	127	38	13	51	91	33	53	15	43	33	12	18	24	35	9	20	18	18	18	17	5
64	170	2	2	119	0	1953125	12	0.0	0	0.97	0	0	V0.2	0	0	395	397	350	324	326	325	301	260	220	207	191	169	138	95	133	136	141	163	194	249	291	294	318	387	405	439	458	454	520	536	533	517	531	617	606	456	562	665	511	424	586	612	609	386	528	585	482	600	431	401	446	335	769	794	306	509	1000	669	198	157	815	659	442	279	424	532	533	416	327	348	413	434	358	284	254	288	325	277	203	128	148	189	155	81	20
64	170	2	2	119	0	1953125	12	0.0	0	0.97	0	0	V0.2	0	0	41	32	33	28	29	36	21	25	18	22	19	22	13	14	24	16	20	8	36	18	33	11	52	19	59	30	58	25	120	101	90	132	209	270	128	199	191	382	303	287	257	354	358	159	231	232	218	251	371	539	365	188	434	781	1000	758	423	313	523	555	195	102	111	236	201	105	99	98	124	50	90	29	75	13	54	10	53	22	31	10	36	22	16	16	24
64	170	2	2	119	0	1953125	12	0.0	0	0.97	0	0	V0.2	0	0	18	54	22	50	7	44	20	40	8	33	6	34	7	24	7	30	11	33	16	36	29	55	15	49	38	81	24	104	68	168	34	192	187	282	172	215	284	350	379	183	311	299	373	177	386	373	307	390	399	704	385	206	439	878	1000	670	406	562	693	699	371	116	191	190	254	81	132	92	129	91	75	86	41	57	33	58	22	51	5	36	13	36	7	28	21
64	170	2	2	119	0	1953125	12	0.0	0	0.97	0	0	V0.2	0	0	48	19	48	10	45	16	45	9	41	13	38	16	35	20	40	16	45	26	53	4	64	31	74	12	95	50	104	84	152	153	92	171	225	305	121	237	225	395	301	192	246	379	425	254	440	400	414	274	309	534	325	291	541	848	1000	726	350	503	686	768	404	220	119	165	201	60	123	92	165	73	118	67	95	58	67	58	57	65	30	47	30	51	24	38	31
64	170	2	2	119	0	1953125	12	0.0	0	0.97	0	0	V0.2	0	0	42	23	41	12	40	15	42	4	37	3	37	11	35	21	38	16	40	30	46	16	56	31	68	15	90	37	104	66	157	117	102	128	233	262	127	196	205	363	242	185	202	378	378	234	323	339	335	185	254	426	262	168	551	873	1000	729	304	423	617	624	308	153	22	149	129	110	129	135	156	69	112	50	99	38	72	36	65	42	41	35	39	43	30	36	28
64	170	1	2	119	0	1953125	12	0.0	0	0.97	0	0	V0.2	0	0	185	216	186	226	194	220	193	231	197	227	198	227	196	233	194	220	186	226	193	203	171	223	171	211	142	226	161	246	170	220	212	246	253	258	317	193	327	199	467	50	391	213	583	96	545	295	558	274	377	471	312	421	610	710	1000	743	275	520	928	769	256	292	240	415	128	334	63	347	70	242	88	241	107	209	112	211	116	202	127	194	123	184	134	175	125
64	170	1	2	119	0	1953125	12	0.0	0	0.97	0	0	V0.2	0	0	185	216	186	226	194	220	193	231	197	227	198	227	196	233	194	220	186	226	193	203	171	223	171	211	142	226	161	246	170	220	212	246	253	258	317	193	327	199	467	50	391	213	583	96	545	295	558	274	377	471	312	421	610	710	1000	743	275	520	928	769	256	292	240	415	128	334	63	347	70	242	88	241	107	209	112	211	116	202	127	194	123	184	134	175	125
64	170	1	2	119	0	1953125	12	0.0	0	0.97	0	0	V0.2	0	0	179	159	179	164	182	171	180	167	186	178	182	172	184	175	180	176	173	174	163	173	169	157	159	161	165	172	138	177	144	244	82	202	147	342	20	236	98	424	179	252	32	479	310	334	274	464	516	200	223	235	380	320	355	746	1000	353	207	641	832	581	491	97	324	163	326	138	238	158	159	154	151	150	131	142	142	147	124	153	118	152	114	149	105	142	104
64	170	1	2	119	0	1953125	12	0.0	0	0.97	0	0	V0.2	0	0	22	41	12	42	5	37	3	38	9	34	10	35	21	37	19	35	22	44	15	39	23	69	26	68	35	94	54	105	98	115	92	96	178	165	158	74	226	237	239	102	215	329	321	261	228	366	317	219	12	246	103	193	519	889	999	500	172	569	821	741	437	233	203	272	223	175	109	175	100	102	52	112	72	67	55	68	68	49	62	36	54	34	51	28	42
64	170	1	2	119	0	1953125	12	0.0	0	0.97	0	0	V0.2	0	0	32	23	33	14	35	11	32	8	32	6	31	11	29	19	32	16	30	25	35	13	37	33	55	20	75	34	80	38	127	86	73	47	168	175	85	90	168	278	176	119	110	314	285	181	166	255	334	156	19	157	114	216	542	842	1000	603	164	480	759	763	404	261	129	265	200	142	107	145	133	70	86	77	103	42	73	46	75	44	58	40	48	39	41	37	35
64	170	1	2	119	0	1953125	12	0.0	0	0.97	0	0	V0.2	0	0	46	14	41	19	35	21	34	23	27	21	25	24	27	23	31	22	30	22	34	14	45	31	50	30	70	69	54	76	91	138	21	99	121	213	82	124	142	263	220	60	151	270	338	143	194	220	313	206	65	148	8	242	650	946	1000	633	171	603	815	835	488	254	210	245	267	111	153	115	139	73	93	89	84	74	57	73	50	69	37	53	33	53	36	39	37
64	170	1	2	119	0	1953125	12	0.0	0	0.97	0	0	V0.2	0	0	39	35	43	31	44	22	41	19	40	15	35	16	29	18	25	30	27	36	37	32	31	43	37	39	23	70	55	88	98	106	113	94	202	184	200	51	237	248	279	105	270	381	407	315	291	473	481	449	205	424	370	366	605	912	990	476	80	782	1000	854	539	274	341	335	315	188	170	189	113	113	65	127	53	89	41	92	37	71	33	57	30	52	33	39	36
64	170	1	2	119	0	1953125	12	0.0	0	0.98	0	0	V0.2	0	0	19	59	11	47	10	55	10	42	5	41	7	38	15	31	13	36	9	25	32	62	9	39	24	64	31	38	41	21	100	116	34	59	187	266	133	150	140	359	286	214	190	428	474	294	360	435	606	504	467	652	517	496	563	761	946	554	128	729	1000	887	413	344	313	428	298	233	179	185	141	70	86	73	82	49	72	44	65	27	48	27	51	19	37	35	43
64	170	2	2	119	0	1953125	12	0.0	0	0.98	0	0	V0.2	0	0	24	65	11	54	15	61	10	49	7	48	9	41	13	34	12	41	11	28	33	65	8	45	29	73	35	40	52	22	112	122	44	52	212	284	147	177	166	428	338	283	237	513	573	355	370	409	595	529	547	807	659	549	447	701	1000	732	267	624	950	828	324	271	312	448	316	286	214	232	178	84	96	74	91	44	72	42	68	27	56	29	57	18	36	29	42
64	170	2	2	119	0	1953125	12	0.0	7606	2.32	0	0	V0.2	0	0	16	34	34	25	8	38	38	18	1	24	27	22	3	14	34	19	14	28	29	6	9	32	50	25	18	41	81	69	34	53	65	148	84	131	45	171	38	209	199	179	131	242	434	66	487	129	676	634	287	1000	195	532	345	446	873	574	780	631	601	765	57	68	237	142	205	56	58	109	125	61	69	25	64	50	16	26	41	45	25	33	28	25	30	31	8
64	170	2	2	119	0	1953125	12	0.0	7580	2.32	0	0	V0.2	0	0	97	92	88	50	88	79	82	50	67	48	75	41	66	24	61	24	61	69	41	38	50	103	90	26	112	146	61	114	69	151	140	144	209	329	83	224	51	139	158	317	154	299	80	228	115	66	140	169	272	505	487	502	68	576	789	1000	704	107	337	866	779	390	201	310	427	166	101	171	222	23	32	119	156	87	26	94	101	110	54	62	62	100	61	40	26
64	170	2	2	119	0	1953125	12	0.0	7838	2.36	0	0	V0.2	0	0	57	69	42	25	59	49	50	9	41	36	49	3	19	54	19	25	39	72	5	21	54	56	61	17	77	96	77	72	58	129	107	20	102	257	135	174	45	130	90	219	151	254	75	127	44	155	89	115	220	400	386	364	52	500	751	1000	779	327	85	600	595	386	170	266	288	148	52	159	119	24	17	98	85	70	51	57	81	70	35	18	62	44	9	30	30
64	170	2	2	119	0	1953125	12	0.0	7812	2.36	0	0	V0.2	0	0	64	67	53	28	53	61	56	17	54	40	45	21	44	23	43	23	48	28	48	4	51	81	54	27	52	140	74	72	51	106	123	94	117	273	150	91	31	183	83	197	180	188	169	84	143	212	248	57	251	335	469	349	168	423	750	1000	812	534	133	480	543	475	306	184	291	216	183	69	142	61	68	98	88	41	27	115	95	41	46	78	63	23	39	55	25
