34928	35048	35167	35286	35405	35524	35644	35763	35882	36001	36120	36240	36359	36478	36597	36716	36836	36955	37074	37193	37313	37432	37551	37670	37789	37909	38028	38147	38266	38385	38505	38624	38743	38862	38981	39101	39220	39339	39458	39577	39697	39816	39935	40054	40174	40293	40412	40531	40650	40770	40889	41008	41127	41246	41366	41485	41604	41723	41842	41962	42081	42200	42319	42439	42558	42677	42796	42915	43035	43154	43273	43392	43511	43631	43750	43869	43988	44107	44227	44346	44465	44584	44703	44823	44942
64	170	2	2	119	0	1953125	12	0.0	0	0.96	0	0	V0.2	0	0	44	10	36	11	39	20	32	20	37	29	29	33	30	27	33	34	28	19	43	35	46	53	54	60	31	64	54	104	50	116	41	94	83	191	143	161	192	149	184	181	275	275	329	275	281	282	184	163	172	109	196	575	726	901	1000	950	981	615	418	213	16	136	187	116	146	118	34	45	80	110	53	96	57	74	35	70	50	40	42	48	44	32	52	37	40
64	170	2	2	119	0	1953125	12	0.0	0	0.96	0	0	V0.2	0	0	194	236	183	259	199	260	174	268	196	286	179	269	177	293	190	266	171	274	182	265	175	233	174	254	181	250	252	202	260	147	294	223	390	224	419	120	366	104	455	379	750	638	1000	649	553	496	554	590	452	649	726	783	283	954	990	813	57	784	772	812	347	822	673	634	426	153	184	170	153	202	284	83	157	119	208	48	173	63	196	39	176	10	150	30	166
64	170	2	2	119	0	1953125	12	0.0	0	0.96	0	0	V0.2	0	0	125	155	127	164	122	166	127	174	125	178	117	184	125	177	119	175	117	176	118	153	118	154	89	167	85	159	99	133	56	191	98	264	208	233	196	88	188	233	372	366	432	302	440	93	181	388	669	553	793	745	753	543	154	529	1000	928	626	756	491	637	400	303	85	168	41	177	85	185	76	125	51	126	46	135	78	80	52	108	73	86	62	85	84	63	76
64	170	2	2	119	0	1953125	12	0.0	7611	2.33	0	0	V0.2	0	0	29	21	21	25	37	15	18	16	28	15	8	12	23	11	8	9	21	9	15	13	30	31	28	45	19	57	10	71	62	63	66	170	49	40	30	96	132	190	229	387	85	463	370	251	232	283	265	473	500	170	566	543	228	741	1000	229	539	726	432	297	329	207	292	12	105	51	64	36	28	90	10	51	8	39	44	17	13	23	24	11	10	11	17	15	2
64	170	2	2	119	0	1953125	12	0.0	0	0.63	0	0	V0.2	0	0	35	29	16	27	24	50	44	23	18	39	38	24	16	44	79	27	39	31	65	51	60	4	78	57	54	56	60	111	116	105	184	225	54	191	58	107	264	328	352	279	287	562	567	509	363	698	93	222	245	502	144	830	796	548	665	678	807	1000	292	300	686	515	233	301	326	359	234	128	159	129	98	49	106	57	30	86	42	34	52	10	58	38	41	85	61
64	170	2	2	119	0	1953125	12	0.0	7585	2.32	0	0	V0.2	0	0	18	22	47	58	34	18	48	48	29	12	35	36	27	23	46	35	18	30	57	24	22	31	84	75	29	20	90	133	31	56	19	298	177	91	153	225	267	404	228	479	200	284	337	538	596	652	116	623	314	354	426	600	842	589	999	632	617	824	713	609	307	386	230	236	349	131	106	87	104	142	75	33	34	95	104	44	43	99	81	39	25	63	61	58	18
64	170	2	2	119	0	1953125	12	0.0	0	0.54	0	0	V0.2	0	0	11	28	31	0	9	15	23	12	22	3	14	41	19	7	29	13	12	12	30	22	25	31	37	43	30	25	43	97	74	20	102	134	56	77	110	122	135	197	281	188	273	372	221	341	477	573	225	217	734	349	251	607	941	238	418	669	683	1000	883	377	204	157	166	78	53	96	86	71	20	36	23	11	8	30	41	21	23	32	20	19	21	19	23	2	14
64	170	2	2	119	0	1953125	12	0.0	0	0.96	0	0	V0.2	0	0	47	22	35	12	31	20	41	29	19	9	35	31	15	22	39	25	26	31	39	18	49	49	39	33	60	74	38	92	63	96	29	175	132	109	61	258	264	143	59	263	406	310	139	174	427	352	285	149	250	350	422	225	139	706	1000	863	551	132	376	480	357	146	144	219	246	132	65	120	96	62	53	129	75	53	33	77	43	40	50	46	31	34	53	21	24
64	170	2	2	119	0	1953125	12	0.0	0	0.80	0	0	V0.2	0	0	16	22	34	12	26	34	11	23	23	2	20	11	10	14	10	24	13	13	18	5	29	16	27	42	27	22	55	20	64	84	55	149	96	15	98	159	112	182	213	137	162	115	111	104	197	322	369	325	124	277	344	463	467	685	1000	904	505	173	104	234	143	129	143	105	132	84	76	113	79	42	76	71	23	61	52	33	56	34	22	38	17	26	39	15	24
64	170	2	2	119	0	1953125	12	0.0	0	0.80	0	0	V0.2	0	0	16	22	34	12	26	34	11	23	23	2	20	11	10	14	10	24	13	13	18	5	29	16	27	42	27	22	55	20	64	84	55	149	96	15	98	159	112	182	213	137	162	115	111	104	197	322	369	325	124	277	344	463	467	685	1000	904	505	173	104	234	143	129	143	105	132	84	76	113	79	42	76	71	23	61	52	33	56	34	22	38	17	26	39	15	24
64	170	2	2	119	0	1953125	12	0.0	0	0.96	0	0	V0.2	0	0	133	97	131	108	144	112	133	109	141	133	133	122	125	140	123	150	97	138	93	165	77	159	20	174	62	168	35	199	67	221	194	128	98	263	276	216	316	271	454	117	213	247	546	239	391	499	637	473	269	626	824	1000	560	535	983	973	548	136	529	619	285	184	124	223	198	92	154	139	165	39	127	65	117	33	132	33	75	12	122	57	71	32	83	69	58
64	170	2	2	119	0	1953125	12	0.0	7770	2.35	0	0	V0.2	0	0	24	21	42	51	40	4	37	48	37	23	35	41	29	24	52	45	23	32	71	64	12	28	74	92	18	26	66	205	97	179	78	32	194	228	150	68	394	189	394	282	236	396	439	385	344	401	519	652	268	650	170	431	1000	640	424	663	793	910	157	670	175	239	338	106	33	212	158	23	143	62	111	50	72	94	76	47	39	69	71	51	27	53	63	24	28
64	170	2	2	119	0	1953125	12	0.0	7670	2.34	0	0	V0.2	0	0	63	103	88	56	70	90	54	65	39	71	37	51	11	67	11	56	22	100	7	77	43	90	56	110	49	88	127	163	70	193	103	133	39	95	293	355	319	489	291	71	240	339	204	445	322	363	241	123	213	95	322	715	923	951	1000	567	342	583	678	370	130	239	489	328	255	107	205	138	151	93	137	101	99	88	76	61	94	75	78	61	60	62	61	57	64
64	170	2	2	119	0	1953125	12	0.0	7611	2.33	0	0	V0.2	0	0	60	42	71	66	63	55	49	54	60	67	44	36	52	48	61	14	74	46	74	12	103	42	89	30	121	61	51	70	179	93	54	113	230	132	145	178	119	106	281	222	338	288	101	156	351	261	240	354	437	485	288	366	632	832	617	318	553	946	1000	845	600	177	95	170	221	9	157	76	117	110	79	29	21	87	81	46	30	90	98	12	31	59	72	7	35
64	170	2	2	119	0	1953125	12	0.0	0	0.62	0	0	V0.2	0	0	10	18	33	23	6	4	19	16	29	8	38	52	11	13	32	24	18	14	14	13	7	10	6	23	26	61	79	73	69	40	74	41	94	72	35	43	30	162	178	109	68	169	81	64	315	347	33	378	406	645	350	250	845	1000	514	122	191	74	236	22	160	84	58	67	56	72	88	80	24	48	64	50	20	20	49	55	14	28	22	0	21	30	23	17	37
64	170	2	2	119	0	1953125	12	0.0	0	0.62	0	0	V0.2	0	0	25	2	23	35	24	0	26	39	28	1	28	43	30	4	34	42	28	10	44	51	34	26	73	79	44	35	91	113	81	53	124	220	176	127	214	248	199	80	139	373	329	248	224	407	364	137	101	434	744	708	548	631	1000	751	333	197	632	779	341	182	366	456	366	162	56	209	254	177	42	91	181	145	60	59	133	126	57	44	103	109	59	42	87	91	53
64	170	2	2	119	0	1953125	12	0.0	7655	2.33	0	0	V0.2	0	0	54	60	40	6	43	62	34	8	34	52	30	8	40	52	24	10	44	62	30	16	42	84	54	16	53	109	71	38	55	41	191	85	101	163	169	49	182	57	216	184	361	255	105	242	349	351	366	353	645	291	674	322	259	456	1000	699	775	545	462	279	474	269	262	320	192	141	64	116	217	88	46	56	113	78	22	57	93	85	22	43	76	63	34	35	53
64	170	2	2	119	0	1953125	12	0.0	0	0.61	0	0	V0.2	0	0	11	18	24	11	3	12	2	10	15	21	8	6	12	9	20	6	7	4	20	7	17	8	10	12	8	17	61	41	34	19	69	41	77	48	34	44	69	97	151	134	114	154	66	288	275	283	125	171	93	83	138	397	400	756	1000	318	614	181	443	280	166	90	6	57	39	30	33	20	25	22	9	27	8	15	32	5	11	18	4	24	26	20	19	9	25
64	170	2	2	119	0	1953125	12	0.0	0	0.79	0	0	V0.2	0	0	111	91	116	94	102	119	85	113	113	99	130	103	107	128	88	115	112	74	125	90	87	133	60	106	121	35	115	106	50	173	89	122	150	79	201	227	80	174	201	193	319	290	253	323	197	114	302	338	466	507	293	454	388	331	311	714	999	825	569	211	120	94	145	168	79	160	108	82	143	76	53	100	27	100	114	14	79	63	28	90	51	36	72	24	50
64	170	2	2	119	0	1953125	12	0.0	7711	2.34	0	0	V0.2	0	0	24	24	22	12	16	24	15	16	5	14	13	11	10	12	11	9	7	15	9	11	9	36	31	6	12	46	48	19	31	24	83	51	127	17	122	127	162	78	268	437	72	331	115	164	168	457	191	573	178	283	190	420	765	695	1000	250	489	550	772	368	604	63	374	163	146	79	86	86	27	1	53	48	68	15	6	20	28	33	19	16	36	19	6	7	21
