34928	35048	35167	35286	35405	35524	35644	35763	35882	36001	36120	36240	36359	36478	36597	36716	36836	36955	37074	37193	37313	37432	37551	37670	37789	37909	38028	38147	38266	38385	38505	38624	38743	38862	38981	39101	39220	39339	39458	39577	39697	39816	39935	40054	40174	40293	40412	40531	40650	40770	40889	41008	41127	41246	41366	41485	41604	41723	41842	41962	42081	42200	42319	42439	42558	42677	42796	42915	43035	43154	43273	43392	43511	43631	43750	43869	43988	44107	44227	44346	44465	44584	44703	44823	44942
64	170	2	2	119	0	1953125	12	0.0	0	0.96	0	0	V0.2	0	0	299	344	295	342	305	357	295	350	303	366	307	347	305	356	319	342	309	323	323	327	323	279	326	292	341	227	346	243	336	235	378	134	383	225	394	181	401	404	278	335	324	430	234	516	224	552	69	685	220	489	122	1000	927	950	881	475	738	630	683	309	576	204	660	315	226	168	384	206	337	269	253	237	303	304	220	293	227	336	185	316	182	316	199	300	179
64	170	2	2	119	0	1953125	12	0.0	0	0.96	0	0	V0.2	0	0	235	209	240	206	234	208	250	209	245	205	247	221	244	212	232	224	235	229	207	220	210	253	180	228	166	266	155	231	149	237	130	301	143	224	175	301	292	128	301	163	381	60	249	184	471	64	374	148	525	301	370	358	818	1000	527	496	244	616	197	142	191	382	238	162	211	227	158	195	215	128	237	152	212	105	240	132	229	113	217	139	216	154	182	151	182
64	170	2	2	119	0	1953125	12	0.0	0	0.96	0	0	V0.2	0	0	194	185	195	187	195	190	200	184	206	183	213	182	206	178	215	176	209	168	205	165	217	146	201	156	211	148	184	162	185	147	203	138	176	213	157	209	136	301	98	251	59	301	146	262	77	359	63	394	234	312	119	490	706	798	1000	313	424	98	384	239	132	135	324	192	101	145	203	119	186	168	133	155	167	167	130	168	141	178	128	171	120	180	125	170	108
64	170	2	2	119	0	1953125	12	0.0	0	0.96	0	0	V0.2	0	0	194	185	195	187	195	190	200	184	206	183	213	182	206	178	215	176	209	168	205	165	217	146	201	156	211	148	184	162	185	147	203	138	176	213	157	209	136	301	98	251	59	301	146	262	77	359	63	394	234	312	119	490	706	798	1000	313	424	98	384	239	132	135	324	192	101	145	203	119	186	168	133	155	167	167	130	168	141	178	128	171	120	180	125	170	108
64	170	2	2	119	0	1953125	12	0.0	7828	2.36	0	0	V0.2	0	0	30	26	13	15	31	21	11	7	25	24	11	7	19	20	9	5	16	21	12	16	23	46	6	27	28	53	6	16	52	66	38	61	71	23	95	97	85	102	146	111	152	100	191	172	121	50	111	310	275	260	206	222	695	742	1000	267	370	146	173	251	253	370	202	29	47	129	100	52	55	73	39	17	14	14	30	15	7	21	18	18	21	22	13	3	20
64	170	1	2	119	0	1953125	12	0.0	7858	2.37	0	0	V0.2	0	0	58	41	56	49	43	41	38	46	36	37	18	39	2	32	22	29	36	14	74	20	65	25	120	10	87	48	91	78	96	117	150	44	55	264	258	390	387	198	236	210	125	244	82	69	211	373	261	164	299	376	285	315	538	935	1000	972	761	513	570	500	606	439	145	63	275	196	110	44	187	95	113	82	161	61	75	44	97	28	106	51	42	39	67	28	25
64	170	1	2	119	0	1953125	12	0.0	7858	2.37	0	0	V0.2	0	0	58	41	56	49	43	41	38	46	36	37	18	39	2	32	22	29	36	14	74	20	65	25	120	10	87	48	91	78	96	117	150	44	55	264	258	390	387	198	236	210	125	244	82	69	211	373	261	164	299	376	285	315	538	935	1000	972	761	513	570	500	606	439	145	63	275	196	110	44	187	95	113	82	161	61	75	44	97	28	106	51	42	39	67	28	25
64	170	1	2	119	0	1953125	12	0.0	7878	2.37	0	0	V0.2	0	0	69	71	71	46	39	86	49	55	10	88	34	43	33	74	22	36	64	42	81	47	100	14	144	60	122	22	164	34	123	66	242	85	20	290	456	336	390	270	103	282	295	221	240	151	259	264	275	241	380	480	503	301	629	763	1000	964	776	764	548	559	638	429	318	122	281	257	249	52	195	124	146	67	154	38	42	108	123	47	57	97	103	42	48	49	37
64	170	1	2	119	0	1953125	12	0.0	7701	2.34	0	0	V0.2	0	0	66	72	58	38	58	71	47	26	41	49	42	5	39	32	16	24	21	42	51	16	48	85	82	22	90	101	73	53	52	122	172	81	111	317	326	274	431	352	235	361	254	199	270	178	127	167	374	405	346	428	490	362	603	706	987	1000	762	691	455	612	634	442	365	199	185	197	226	43	116	41	131	68	96	46	79	91	68	24	51	58	20	31	23	38	53
64	170	1	2	119	0	1953125	12	0.0	7853	2.37	0	0	V0.2	0	0	117	49	121	53	97	78	81	99	80	92	37	99	49	102	56	88	75	58	146	76	110	47	225	70	190	50	169	126	186	219	281	108	96	379	409	672	674	381	406	421	260	423	161	154	187	487	397	325	513	591	577	590	520	962	999	960	723	412	624	651	956	753	379	161	323	244	208	99	267	157	120	68	213	75	108	52	122	59	166	91	90	74	125	57	22
64	170	2	2	119	0	1953125	12	0.0	0	0.96	0	0	V0.2	0	0	196	216	197	213	198	224	199	221	197	226	207	218	203	220	206	217	203	206	206	210	198	194	209	186	206	171	218	156	216	165	212	147	271	99	247	82	318	138	250	95	353	200	216	59	398	161	335	294	373	417	226	342	683	1000	617	566	175	529	326	147	338	298	60	224	163	201	123	201	146	172	184	166	155	162	189	147	175	145	179	144	188	132	178	129	183
64	170	2	2	119	0	1953125	12	0.0	0	0.96	0	0	V0.2	0	0	196	216	197	213	198	224	199	221	197	226	207	218	203	220	206	217	203	206	206	210	198	194	209	186	206	171	218	156	216	165	212	147	271	99	247	82	318	138	250	95	353	200	216	59	398	161	335	294	373	417	226	342	683	1000	617	566	175	529	326	147	338	298	60	224	163	201	123	201	146	172	184	166	155	162	189	147	175	145	179	144	188	132	178	129	183
64	170	2	2	119	0	1953125	12	0.0	0	0.96	0	0	V0.2	0	0	204	222	206	219	206	229	210	225	207	228	219	222	215	221	222	218	221	204	221	207	220	184	224	185	229	158	235	153	231	160	232	125	291	104	263	64	320	198	232	100	377	270	202	95	379	210	323	422	347	503	196	421	632	1000	512	498	282	688	400	112	203	341	191	188	179	216	156	195	186	159	213	165	185	149	213	141	204	131	204	130	211	126	197	123	200
64	170	2	2	119	0	1953125	12	0.0	0	0.97	0	0	V0.2	0	0	246	275	243	271	246	280	249	280	248	285	245	290	246	285	238	290	235	286	229	278	218	292	208	273	190	300	184	265	200	258	169	333	170	271	236	312	309	151	290	292	434	106	360	270	427	217	497	251	781	386	240	258	1000	762	701	263	752	686	389	333	388	260	185	349	186	220	152	273	124	298	128	242	132	289	145	247	143	256	163	242	163	222	174	226	174
64	170	2	2	119	0	1953125	12	0.0	0	0.97	0	0	V0.2	0	0	248	260	253	253	254	264	259	261	257	266	265	261	263	261	262	259	261	247	263	248	252	233	257	234	243	221	263	195	265	214	227	224	313	129	302	101	404	139	317	31	516	223	310	58	517	146	469	418	551	590	253	301	812	1000	419	422	513	790	236	171	309	492	162	316	205	262	115	280	107	277	179	247	142	253	189	230	179	220	198	212	208	191	198	196	206
64	170	2	2	119	0	1953125	12	0.0	0	0.97	0	0	V0.2	0	0	247	253	253	245	252	258	258	253	254	257	265	252	260	252	263	249	260	236	261	239	255	220	257	224	247	201	265	186	265	204	232	200	310	131	289	90	391	149	319	52	481	243	296	46	526	214	446	456	467	550	305	394	753	1000	349	414	483	742	157	212	283	567	232	300	203	262	130	270	121	261	185	247	155	235	196	224	191	206	203	200	216	181	198	183	211
64	170	2	2	119	0	1953125	12	0.0	0	0.97	0	0	V0.2	0	0	240	233	247	229	245	237	252	236	251	234	261	233	256	233	258	227	258	215	255	219	255	191	257	198	250	174	261	170	256	183	241	146	290	150	264	73	359	188	291	137	412	280	275	145	465	315	341	511	305	482	318	519	654	1000	358	375	315	609	96	356	235	597	326	246	212	241	151	247	167	216	202	221	190	191	209	197	211	170	214	169	222	159	204	154	215
64	170	2	2	119	0	1953125	12	0.0	0	0.97	0	0	V0.2	0	0	245	267	250	259	250	272	254	268	254	269	263	265	258	268	257	266	256	254	258	256	245	240	258	237	233	233	251	210	256	224	225	233	289	156	270	153	388	95	337	44	504	131	361	51	592	177	515	400	531	478	364	369	872	1000	360	244	555	528	241	338	483	664	214	370	170	283	100	294	86	289	152	269	117	269	166	251	158	240	179	230	193	207	184	210	195
64	170	2	2	119	0	1953125	12	0.0	0	0.97	0	0	V0.2	0	0	241	247	248	242	246	251	252	248	253	247	263	246	254	248	255	244	259	229	256	234	252	208	258	213	242	198	256	188	253	201	235	182	294	143	264	97	366	145	314	60	445	204	329	75	560	280	444	479	383	482	341	447	721	1000	360	294	428	525	173	443	385	680	272	322	180	267	132	267	128	249	177	250	153	228	187	226	187	202	199	195	213	177	196	178	205
64	170	1	2	119	0	1953125	12	0.0	0	0.97	0	0	V0.2	0	0	249	247	256	243	252	252	260	248	262	247	271	247	263	245	267	243	268	227	264	231	266	202	267	210	258	189	266	183	265	196	252	161	306	149	272	82	374	185	301	109	429	229	340	136	533	328	416	520	350	493	320	524	664	1000	360	303	458	598	176	516	365	705	323	304	188	279	155	266	164	238	193	247	181	217	205	218	210	190	217	185	230	172	209	169	220
