34928	35048	35167	35286	35405	35524	35644	35763	35882	36001	36120	36240	36359	36478	36597	36716	36836	36955	37074	37193	37313	37432	37551	37670	37789	37909	38028	38147	38266	38385	38505	38624	38743	38862	38981	39101	39220	39339	39458	39577	39697	39816	39935	40054	40174	40293	40412	40531	40650	40770	40889	41008	41127	41246	41366	41485	41604	41723	41842	41962	42081	42200	42319	42439	42558	42677	42796	42915	43035	43154	43273	43392	43511	43631	43750	43869	43988	44107	44227	44346	44465	44584	44703	44823	44942
64	170	2	2	119	0	1953125	12	0.0	0	0.95	0	0	V0.2	0	0	158	176	155	171	152	180	156	186	146	180	158	187	158	177	153	175	170	171	154	158	168	158	166	135	179	107	195	113	176	68	214	138	115	115	203	56	234	176	129	178	146	176	98	281	87	167	131	405	261	328	277	121	147	325	455	762	1000	640	602	248	360	166	189	121	147	121	123	128	109	186	64	135	69	157	62	160	69	134	88	134	98	116	98	109	112
64	170	2	2	119	0	1953125	12	0.0	0	0.96	0	0	V0.2	0	0	44	17	40	21	38	31	23	24	25	26	24	32	22	24	32	37	37	34	35	44	30	41	32	45	54	98	43	83	19	108	99	181	126	94	54	115	118	158	194	144	217	214	383	319	250	78	207	465	611	684	568	435	315	143	477	798	1000	801	513	304	388	261	266	131	162	146	160	176	146	155	45	94	78	112	65	92	75	52	50	58	68	39	57	47	47
64	170	2	2	119	0	1953125	12	0.0	7706	2.34	0	0	V0.2	0	0	28	20	12	23	22	25	10	25	20	16	9	10	10	14	7	9	19	20	13	14	38	8	10	27	66	23	33	70	57	40	56	86	14	94	31	230	80	243	119	149	186	54	247	163	281	44	90	182	486	349	444	349	71	599	616	803	1000	471	393	190	217	206	74	111	78	162	109	46	69	20	74	14	61	14	36	42	5	23	22	15	0	11	10	5	11
64	170	2	2	119	0	1953125	12	0.0	7556	2.32	0	0	V0.2	0	0	70	122	45	150	66	100	21	136	47	84	18	101	16	47	59	75	55	29	126	70	130	64	145	49	232	126	250	150	233	189	333	330	94	150	254	325	57	54	345	430	259	346	165	507	383	576	460	229	391	368	809	978	888	888	322	425	657	1000	910	451	211	287	402	117	86	287	395	162	213	103	227	39	145	50	165	41	67	52	117	48	69	93	109	14	72
64	170	2	2	119	0	1953125	12	0.0	7656	2.33	0	0	V0.2	0	0	81	85	73	144	73	66	73	89	81	29	61	40	79	11	48	62	60	28	51	130	37	83	78	160	113	82	173	138	245	196	354	276	293	342	168	211	312	165	139	143	577	396	166	258	774	727	673	463	147	61	34	513	777	840	1000	646	413	357	983	852	672	376	473	438	472	133	297	169	213	124	306	113	114	139	206	18	22	161	124	82	103	171	71	81	114
64	170	2	2	119	0	1953125	12	0.0	7842	2.37	0	0	V0.2	0	0	90	64	94	56	71	62	74	45	46	55	34	37	30	34	17	44	19	53	32	77	27	79	67	101	68	111	96	178	20	130	160	56	191	226	73	272	136	183	162	419	399	117	143	418	374	130	455	958	1000	532	267	746	704	416	261	670	757	353	87	478	429	388	270	362	284	79	32	156	52	168	43	121	79	132	30	43	119	97	42	22	69	20	64	57	53
64	170	2	2	119	0	1953125	12	0.0	7641	2.33	0	0	V0.2	0	0	112	126	116	42	109	136	88	31	80	93	71	19	44	78	47	29	48	120	56	48	104	180	55	107	87	233	141	90	142	226	136	143	48	371	315	135	183	190	427	269	188	391	357	208	175	531	665	419	425	223	69	201	171	102	309	133	437	583	999	987	632	530	102	423	210	251	30	299	170	163	70	211	167	69	73	128	90	78	68	83	71	71	66	105	66
64	170	2	2	119	0	1953125	12	0.0	7797	2.36	0	0	V0.2	0	0	67	64	72	43	60	45	82	27	29	53	46	31	2	35	39	42	49	43	63	13	60	61	90	44	79	88	139	89	25	168	165	77	26	106	279	238	235	180	317	409	258	193	472	625	340	126	680	1000	960	770	147	303	731	953	811	718	364	420	638	623	489	453	242	242	96	174	75	108	80	78	34	52	72	88	64	86	54	85	68	53	23	116	76	61	57
64	170	2	2	119	0	1953125	12	0.0	7928	2.38	0	0	V0.2	0	0	94	95	78	81	73	88	62	72	34	71	29	50	38	40	57	25	88	7	106	8	105	59	105	90	124	97	138	121	45	231	21	313	107	277	109	209	306	540	492	754	492	566	287	555	346	530	549	911	659	577	339	862	847	1000	739	632	506	124	273	508	401	371	282	47	117	77	205	67	114	95	100	51	111	44	96	39	92	39	104	4	46	46	54	25	22
64	170	2	2	119	0	1953125	12	0.0	7566	2.32	0	0	V0.2	0	0	97	163	54	177	106	133	108	97	129	56	87	69	103	54	80	83	108	50	78	109	150	75	125	152	314	79	293	218	146	75	292	189	184	20	449	470	223	403	92	339	315	418	793	806	762	1000	851	503	630	987	858	785	851	476	747	592	590	486	211	495	585	872	510	365	182	321	357	265	371	39	253	39	197	67	148	76	106	57	122	85	94	103	39	52	50
64	170	2	2	119	0	1953125	12	0.0	7781	2.35	0	0	V0.2	0	0	58	35	45	19	60	24	53	21	39	35	27	29	4	44	13	21	32	19	36	5	54	21	60	16	53	65	27	81	19	125	46	101	89	162	122	184	273	308	73	29	128	142	42	72	15	120	292	319	368	593	607	374	276	603	1000	945	788	416	69	127	277	213	241	48	104	81	146	52	17	49	30	87	17	57	17	70	8	46	32	42	25	30	28	0	32
64	170	2	2	119	0	1953125	12	0.0	7651	2.33	0	0	V0.2	0	0	58	50	84	79	37	44	69	56	40	13	64	38	34	22	80	34	28	43	106	16	61	30	124	79	40	77	131	98	51	99	70	203	256	195	247	83	254	241	376	139	303	136	243	268	669	703	538	254	396	825	948	1000	673	245	166	345	280	166	171	278	233	94	50	90	164	218	112	170	47	163	84	107	43	135	98	39	36	100	77	2	20	87	62	8	41
64	170	2	2	119	0	1953125	12	0.0	7681	2.34	0	0	V0.2	0	0	138	52	66	108	114	70	19	109	80	68	21	90	34	65	54	69	64	59	69	52	152	53	118	62	197	7	191	74	305	74	169	57	153	238	451	416	540	131	302	292	507	330	58	202	316	802	932	724	623	829	1000	890	632	247	788	817	815	759	851	812	854	394	418	337	310	152	224	171	112	129	187	89	33	101	178	92	57	116	134	29	94	74	70	49	80
64	170	2	2	119	0	1953125	12	0.0	7807	2.36	0	0	V0.2	0	0	110	63	135	87	109	40	105	80	81	34	48	81	55	36	28	83	30	22	125	141	32	59	136	158	84	84	224	51	233	28	234	100	239	81	142	234	557	346	306	175	493	451	530	317	307	494	476	422	509	999	966	925	529	149	189	300	656	802	685	617	48	453	388	473	62	255	142	292	60	269	33	110	90	134	96	68	112	85	93	56	65	6	111	74	15
64	170	2	2	119	0	1953125	12	0.0	7686	2.34	0	0	V0.2	0	0	68	83	75	95	66	78	56	62	76	43	60	64	27	31	45	34	45	38	49	59	72	61	73	91	127	63	93	114	199	48	114	139	249	89	155	235	292	210	455	470	246	355	131	168	110	190	234	372	544	383	418	425	503	673	989	1000	900	844	440	185	346	424	180	137	94	226	100	108	82	135	126	24	87	97	62	75	11	98	52	44	9	55	2	61	50
64	170	2	2	119	0	1953125	12	0.0	7705	2.34	0	0	V0.2	0	0	67	32	42	50	74	23	32	39	65	12	19	45	46	23	27	76	35	45	31	93	18	79	53	121	41	88	32	91	125	147	122	153	72	133	56	74	152	164	113	174	300	429	231	199	140	390	343	198	76	225	308	188	79	396	828	1000	992	827	543	462	515	363	57	53	188	153	77	91	128	113	74	42	43	31	119	51	42	32	103	37	42	75	100	40	26
64	170	2	2	119	0	1953125	12	0.0	7776	2.35	0	0	V0.2	0	0	80	31	72	60	81	9	70	36	65	9	22	56	60	14	15	70	10	40	54	102	32	80	71	114	86	59	114	100	139	102	94	198	211	34	52	284	469	350	376	92	152	65	153	236	278	127	386	538	622	302	390	317	196	360	796	978	1000	805	641	739	717	265	111	284	417	148	138	61	144	79	127	43	53	109	116	11	19	127	94	18	39	81	20	63	80
64	170	2	2	119	0	1953125	12	0.0	0	0.96	0	0	V0.2	0	0	234	180	225	169	227	191	232	193	211	198	223	220	203	202	204	230	191	238	154	235	159	272	106	257	109	261	180	189	149	204	140	269	210	272	306	172	386	200	502	187	584	390	522	468	254	426	65	178	587	657	960	1000	471	653	603	943	335	253	356	712	427	194	185	227	294	61	189	115	269	20	249	45	202	81	209	117	158	115	163	161	124	132	121	153	120
64	170	2	2	119	0	1953125	12	0.0	0	0.95	0	0	V0.2	0	0	234	180	225	169	227	191	232	193	211	198	223	220	203	202	204	230	191	238	154	235	159	272	106	257	109	261	180	189	149	204	140	269	210	272	306	172	386	200	502	187	584	390	522	468	254	426	65	178	587	657	960	1000	471	653	603	943	335	253	356	712	427	194	185	227	294	61	189	115	269	20	249	45	202	81	209	117	158	115	163	161	124	132	121	153	120
64	170	2	2	119	0	1953125	12	0.0	0	0.56	0	0	V0.2	0	0	15	10	4	13	19	19	10	6	17	22	22	9	6	19	28	25	13	2	22	26	27	13	18	29	26	27	14	62	47	71	80	24	61	145	175	60	68	122	96	174	173	177	233	69	434	420	155	255	492	410	761	1000	619	452	751	617	316	680	331	347	107	314	249	56	28	130	203	171	176	80	36	92	117	96	61	53	71	91	73	47	46	74	79	65	38
