34928	35048	35167	35286	35405	35524	35644	35763	35882	36001	36120	36240	36359	36478	36597	36716	36836	36955	37074	37193	37313	37432	37551	37670	37789	37909	38028	38147	38266	38385	38505	38624	38743	38862	38981	39101	39220	39339	39458	39577	39697	39816	39935	40054	40174	40293	40412	40531	40650	40770	40889	41008	41127	41246	41366	41485	41604	41723	41842	41962	42081	42200	42319	42439	42558	42677	42796	42915	43035	43154	43273	43392	43511	43631	43750	43869	43988	44107	44227	44346	44465	44584	44703	44823	44942
64	170	2	2	119	0	1953125	12	0.0	0	0.74	0	0	V0.2	0	0	255	237	221	256	242	220	257	243	216	253	243	218	257	242	217	257	245	225	252	238	201	257	220	179	265	186	133	255	177	130	259	252	45	324	248	3	360	464	104	355	324	171	173	530	233	361	745	922	624	655	317	282	925	905	317	513	385	315	801	1000	597	548	347	55	291	324	159	181	321	197	94	271	201	32	194	163	49	168	139	72	164	146	98	178	158
64	170	2	2	119	0	1953125	12	0.0	0	0.98	0	0	V0.2	0	0	140	122	143	115	148	115	155	123	146	122	156	124	152	116	154	124	148	110	153	102	154	109	123	96	166	65	140	79	147	52	169	31	190	54	216	69	291	120	242	122	270	193	140	48	321	231	517	488	334	292	188	294	693	886	1000	962	454	234	199	266	170	210	26	195	50	152	6	172	50	104	13	155	72	71	45	123	53	92	45	92	70	96	38	89	61
64	170	2	2	119	0	1953125	12	0.0	0	0.98	0	0	V0.2	0	0	183	242	179	255	191	244	186	257	192	262	185	255	198	261	187	258	170	274	168	247	153	261	143	251	134	232	132	247	76	274	88	280	56	307	206	284	172	451	316	349	269	288	274	477	535	647	845	365	550	383	670	739	981	495	522	279	703	795	1000	755	507	269	255	133	267	104	290	187	139	89	204	142	163	121	160	132	154	143	115	122	142	137	114	111	126
64	170	2	2	119	0	1953125	12	0.0	0	0.99	0	0	V0.2	0	0	263	242	280	226	269	244	285	241	269	251	288	256	270	248	283	258	267	241	250	270	253	225	227	256	244	189	200	247	152	284	203	236	194	342	173	612	449	587	526	498	394	283	346	475	345	677	719	752	786	633	634	161	301	890	999	820	580	246	587	262	505	99	435	116	297	59	258	60	168	122	240	76	154	128	192	133	126	149	159	161	134	137	152	152	147
64	170	2	2	119	0	1953125	12	0.0	0	0.82	0	0	V0.2	0	0	40	27	18	37	14	25	28	7	34	21	15	29	11	25	21	28	29	12	39	28	33	45	5	44	50	14	59	8	55	88	30	130	126	61	127	114	8	128	132	113	216	178	232	95	115	314	465	573	568	385	385	428	583	775	1000	779	588	308	60	192	144	123	135	146	118	112	87	29	98	99	45	62	46	18	53	29	23	32	8	40	33	16	43	25	25
64	170	2	2	119	0	1953125	12	0.0	7605	2.32	0	0	V0.2	0	0	30	36	31	35	29	31	20	19	28	17	16	18	15	14	20	19	24	4	20	20	33	28	45	54	50	18	73	63	29	137	67	105	54	134	107	141	97	240	267	248	247	315	269	409	458	502	862	407	832	71	806	630	456	517	1000	279	670	35	338	405	405	376	250	180	164	80	98	98	68	106	73	46	51	9	14	4	26	19	9	16	6	8	6	10	6
64	170	2	2	119	0	1953125	12	0.0	0	0.89	0	0	V0.2	0	0	368	372	355	296	261	263	247	261	232	189	137	116	82	118	117	86	78	139	189	246	250	247	255	341	383	384	452	438	432	462	501	499	544	536	555	468	615	593	661	508	597	390	618	449	673	507	363	553	476	534	331	501	999	386	409	836	527	387	590	269	284	398	567	483	420	388	332	331	372	388	369	347	329	256	239	241	259	281	234	206	153	103	100	119	117
64	170	2	2	119	0	1953125	12	0.0	0	0.82	0	0	V0.2	0	0	193	153	185	177	158	198	157	180	186	158	209	170	180	200	148	199	166	169	195	135	191	147	157	212	99	177	179	56	224	97	154	236	56	266	199	152	278	41	320	376	23	310	374	517	474	130	236	451	334	458	540	635	695	30	704	947	1000	660	44	640	822	282	231	117	225	356	179	122	207	36	193	139	77	181	58	142	150	40	146	82	102	139	57	134	104
64	170	2	2	119	0	1953125	12	0.0	0	0.50	0	0	V0.2	0	0	11	7	6	12	17	18	16	9	7	14	21	22	19	13	7	17	20	26	19	13	14	19	25	30	12	17	15	45	56	67	51	40	41	39	118	129	92	165	138	84	232	353	184	263	200	112	430	381	183	682	595	430	10	168	567	1000	971	494	341	232	223	292	237	136	227	149	86	54	60	94	101	108	83	62	52	67	75	80	71	54	47	53	66	69	61
64	170	2	2	119	0	1953125	12	0.0	0	0.49	0	0	V0.2	0	0	13	5	7	15	20	22	17	8	8	18	27	28	23	15	6	20	26	31	26	13	13	24	38	41	33	10	18	42	77	88	72	96	76	72	87	141	124	178	147	147	186	319	302	444	15	352	573	431	109	514	509	823	749	154	230	574	855	1000	548	267	301	194	194	196	269	208	120	112	47	62	102	112	118	97	70	60	64	84	92	84	66	51	57	70	78
64	170	2	2	119	0	1953125	12	0.0	3277	1.58	0	0	V0.2	0	0	47	43	19	10	6	18	33	34	26	46	44	27	36	43	29	37	41	25	22	44	33	61	65	64	88	85	63	60	98	31	81	128	54	206	113	131	133	87	311	170	214	146	122	523	385	557	612	262	582	53	258	598	322	574	601	1000	537	835	873	832	338	286	361	193	21	186	142	139	171	133	83	136	84	74	64	74	82	96	71	65	78	51	43	65	34
64	170	2	2	119	0	1953125	12	0.0	0	0.46	0	0	V0.2	0	0	42	22	20	41	41	27	17	28	38	22	5	23	33	21	14	39	23	11	32	28	27	12	27	29	53	48	49	99	29	64	91	166	112	122	69	371	304	306	177	169	212	463	310	260	261	473	677	471	449	355	605	425	216	218	353	1000	290	646	613	139	436	131	131	173	107	107	117	47	46	69	87	44	32	44	61	40	10	29	49	18	6	20	14	23	18
64	170	2	2	119	0	1953125	12	0.0	0	0.44	0	0	V0.2	0	0	11	7	19	7	12	5	6	18	3	13	12	7	5	15	9	4	9	9	7	15	5	18	31	7	26	30	28	10	10	17	39	41	46	71	52	24	47	168	36	119	160	129	152	143	262	113	228	156	321	121	237	177	431	830	1000	576	435	149	91	273	185	52	53	20	33	36	25	6	33	4	20	6	2	30	9	17	6	0	17	9	32	11	12	5	20
64	170	2	2	119	0	1953125	12	0.0	0	0.79	0	0	V0.2	0	0	99	118	116	102	124	108	111	133	103	114	123	95	129	123	101	135	105	103	141	90	110	133	60	109	118	67	144	106	60	112	93	58	61	54	242	275	148	218	140	130	344	286	112	291	256	238	225	57	412	539	252	174	213	669	1000	910	138	196	223	192	176	64	158	294	161	79	102	12	97	102	24	122	108	16	89	63	44	97	52	63	90	34	71	80	36
64	170	2	2	119	0	1953125	12	0.0	0	0.77	0	0	V0.2	0	0	130	115	139	130	125	145	127	127	153	132	140	149	120	142	148	112	141	137	105	137	121	129	155	108	105	130	66	104	142	88	156	147	37	103	135	104	365	321	173	85	77	202	348	146	255	388	226	221	292	380	690	782	603	48	501	803	919	1000	641	228	51	68	145	207	125	58	103	33	76	100	59	95	84	50	103	101	44	95	83	45	90	68	58	93	62
64	170	2	2	119	0	1953125	12	0.0	0	0.79	0	0	V0.2	0	0	122	143	137	130	158	136	137	151	126	150	155	124	157	143	129	163	131	136	154	103	138	145	102	160	129	96	145	86	96	156	53	135	196	67	177	143	104	155	106	9	227	290	158	197	201	261	266	312	325	314	646	843	785	402	414	985	1000	638	165	385	510	392	266	280	131	156	183	40	115	126	35	136	110	43	129	70	68	112	37	89	111	48	109	105	42
64	170	2	2	119	0	1953125	12	0.0	7868	2.37	0	0	V0.2	0	0	27	32	28	19	20	23	24	19	18	21	18	15	9	12	14	14	2	8	32	23	23	40	29	16	45	22	29	66	16	70	64	87	64	112	82	63	69	268	113	269	209	388	69	290	310	245	315	321	30	311	469	546	588	554	1000	532	497	377	310	395	239	197	171	134	116	71	5	90	16	37	10	48	23	21	22	9	6	5	7	5	2	2	4	11	4
64	170	2	2	119	0	1953125	12	0.0	7641	2.33	0	0	V0.2	0	0	69	80	57	93	64	57	44	74	45	38	33	41	33	27	17	42	38	23	48	78	37	62	59	106	62	94	59	136	153	12	196	212	71	292	235	215	339	157	358	255	120	198	249	127	101	277	443	442	481	317	195	489	785	999	794	410	298	773	882	782	702	226	294	226	341	207	93	83	161	155	84	75	106	129	51	61	29	51	72	85	32	55	57	59	43
64	170	2	2	119	0	1953125	12	0.0	7843	2.37	0	0	V0.2	0	0	57	91	46	63	22	94	31	52	31	74	26	38	67	37	57	42	80	11	65	30	60	70	39	63	27	115	75	70	55	121	156	110	145	225	134	84	106	164	252	85	90	203	292	396	518	388	293	153	395	483	512	296	664	791	1000	764	354	210	480	611	350	258	248	411	228	248	135	209	46	125	97	99	79	56	46	44	143	46	67	81	128	56	74	71	54
64	170	1	2	119	0	1953125	12	0.0	7676	2.34	0	0	V0.2	0	0	40	68	24	67	32	71	9	77	21	66	28	54	15	46	22	55	27	68	39	74	28	49	69	86	103	155	82	160	79	203	74	187	33	193	72	104	51	217	103	202	119	259	226	64	33	282	340	281	262	163	114	273	472	734	1000	930	911	699	368	288	140	83	215	138	191	159	132	181	59	114	52	45	52	41	64	75	19	28	45	58	18	37	63	70	31
