34928	35048	35167	35286	35405	35524	35644	35763	35882	36001	36120	36240	36359	36478	36597	36716	36836	36955	37074	37193	37313	37432	37551	37670	37789	37909	38028	38147	38266	38385	38505	38624	38743	38862	38981	39101	39220	39339	39458	39577	39697	39816	39935	40054	40174	40293	40412	40531	40650	40770	40889	41008	41127	41246	41366	41485	41604	41723	41842	41962	42081	42200	42319	42439	42558	42677	42796	42915	43035	43154	43273	43392	43511	43631	43750	43869	43988	44107	44227	44346	44465	44584	44703	44823	44942
64	170	2	2	119	0	1953125	12	0.0	7706	2.34	0	0	V0.2	0	0	81	43	61	112	67	67	36	96	73	62	57	57	74	80	86	49	103	88	123	68	106	75	135	74	190	7	72	233	347	89	148	276	467	140	138	276	454	92	267	490	747	443	113	204	617	494	168	194	424	660	651	777	982	1000	867	971	935	693	868	828	752	628	361	319	385	144	202	191	296	111	190	159	121	97	154	78	55	40	156	93	8	44	93	53	58
64	170	2	2	119	0	1953125	12	0.0	7706	2.34	0	0	V0.2	0	0	81	43	61	112	67	67	36	96	73	62	57	57	74	80	86	49	103	88	123	68	106	75	135	74	190	7	72	233	347	89	148	276	467	140	138	276	454	92	267	490	747	443	113	204	617	494	168	194	424	660	651	777	982	1000	867	971	935	693	868	828	752	628	361	319	385	144	202	191	296	111	190	159	121	97	154	78	55	40	156	93	8	44	93	53	58
64	170	2	2	119	0	1953125	12	0.0	0	0.98	0	0	V0.2	0	0	472	447	417	398	397	385	362	307	239	261	248	185	135	152	169	165	169	219	280	298	289	372	433	428	480	500	502	574	623	592	653	519	763	627	636	652	656	542	700	554	761	571	597	641	875	630	497	388	663	1000	403	192	815	652	947	235	762	670	649	332	717	614	583	528	525	406	515	550	511	432	414	438	434	390	357	306	302	294	274	205	173	145	160	125	67
64	170	2	2	119	0	1953125	12	0.0	0	0.97	0	0	V0.2	0	0	34	36	23	36	24	42	13	39	12	28	18	40	19	24	27	36	22	31	44	43	23	39	55	67	30	67	41	62	46	101	60	133	91	138	64	125	142	204	156	93	150	90	111	129	177	96	150	203	346	181	126	463	764	901	897	1000	831	451	164	119	213	235	142	65	118	98	104	73	118	52	93	80	116	44	59	54	65	26	51	53	30	19	46	48	19
64	170	2	2	119	0	1953125	12	0.0	0	0.96	0	0	V0.2	0	0	30	40	18	38	14	40	8	41	13	43	17	46	25	40	26	50	27	45	24	60	19	65	36	65	23	92	84	106	89	90	145	81	125	47	74	40	110	118	86	39	125	223	293	408	319	287	51	213	346	384	185	246	628	964	1000	833	697	375	367	205	62	100	103	97	63	139	100	131	90	106	84	77	91	64	67	41	81	41	56	39	68	42	43	46	47
64	170	2	2	119	0	1953125	12	0.0	0	0.96	0	0	V0.2	0	0	31	33	40	27	27	34	33	27	8	34	33	21	12	26	24	26	16	31	30	22	27	46	45	18	21	46	79	51	24	81	98	182	164	277	56	57	154	148	117	329	114	262	310	663	303	266	409	536	1000	801	630	71	119	534	495	981	798	828	807	380	886	407	297	108	163	94	132	106	67	67	18	57	47	51	18	15	21	42	19	22	24	32	11	11	6
64	170	2	2	119	0	1953125	12	0.0	7797	2.36	0	0	V0.2	0	0	31	33	40	27	27	34	33	27	8	34	33	21	12	26	24	26	16	31	30	22	27	46	45	18	21	46	79	51	24	81	98	182	164	277	56	57	154	148	117	329	114	262	310	663	303	266	409	536	1000	801	630	71	119	534	495	981	798	828	807	380	886	407	297	108	163	94	132	106	67	67	18	57	47	51	18	15	21	42	19	22	24	32	11	11	6
64	170	2	2	119	0	1953125	12	0.0	0	0.98	0	0	V0.2	0	0	972	958	955	973	983	981	966	974	997	995	984	980	993	1000	989	970	973	979	970	943	925	929	931	899	870	869	873	863	830	802	837	807	822	790	775	841	833	745	845	777	849	825	816	870	891	861	812	840	828	909	750	664	937	856	672	782	873	735	851	749	787	675	734	692	708	722	676	673	690	685	674	678	677	682	688	683	677	687	684	686	676	676	674	661	665
64	170	1	2	119	0	1953125	12	0.0	7630	2.33	0	0	V0.2	0	0	16	17	17	24	15	12	20	12	9	13	8	12	3	7	11	15	12	16	20	5	12	18	25	15	20	22	22	24	41	14	50	89	53	123	77	96	64	107	175	222	173	154	250	347	288	232	263	494	1000	622	446	645	436	683	594	477	535	438	605	413	79	142	39	19	65	9	35	14	65	44	22	41	12	44	9	13	25	23	10	5	17	16	8	6	9
64	170	1	2	119	0	1953125	12	0.0	7636	2.33	0	0	V0.2	0	0	37	61	42	61	23	55	12	70	23	46	21	71	28	31	43	56	19	3	62	49	21	56	97	25	57	58	107	87	74	119	114	83	86	117	41	207	212	248	257	260	367	262	261	219	108	162	347	463	216	334	622	1000	990	829	724	669	633	223	155	435	552	334	245	215	348	165	131	66	158	45	39	51	72	63	59	47	21	84	63	51	35	92	71	48	52
64	170	2	2	119	0	1953125	12	0.0	7326	2.28	0	0	V0.2	0	0	103	59	51	19	85	72	34	3	71	63	26	14	67	39	22	31	88	47	31	40	138	83	41	16	114	115	73	44	216	203	23	56	145	122	103	146	292	388	237	404	398	581	470	201	198	543	757	662	758	746	1000	979	653	342	257	638	644	550	268	232	295	422	257	128	181	189	216	46	164	108	167	24	138	85	135	30	114	92	114	45	100	124	113	72	45
64	170	2	2	119	0	1953125	12	0.0	7631	2.33	0	0	V0.2	0	0	99	28	91	33	52	81	45	66	9	80	20	50	69	36	62	39	62	61	57	68	20	119	56	116	133	141	100	64	309	179	189	112	378	353	384	259	412	493	534	545	652	483	383	198	267	323	501	383	299	381	785	826	779	725	931	1000	698	327	293	508	661	427	298	123	281	142	222	115	139	80	73	90	26	130	47	84	75	87	64	68	113	61	100	93	85
64	170	1	2	119	0	1953125	12	0.0	0	0.87	0	0	V0.2	0	0	195	194	191	196	181	204	181	204	198	193	207	180	206	185	209	190	194	211	156	214	170	193	194	169	192	133	187	169	206	144	144	237	66	250	171	165	213	91	223	115	238	128	192	291	149	245	250	783	1000	623	722	513	523	628	433	193	189	500	269	234	136	162	250	167	146	198	97	221	80	155	172	110	174	94	165	115	137	149	117	170	98	145	128	122	144
64	170	2	2	119	0	1953125	12	0.0	7625	2.33	0	0	V0.2	0	0	22	20	26	16	21	24	21	16	6	19	17	10	5	12	15	19	12	30	15	10	23	30	27	10	26	39	27	17	26	58	58	19	76	27	121	43	131	184	206	83	188	100	258	151	386	221	142	345	667	471	555	118	495	499	273	218	332	1000	912	474	319	258	72	54	48	58	21	19	23	30	26	20	7	33	13	13	9	18	14	6	7	9	11	9	6
64	170	2	2	119	0	1953125	12	0.0	7326	2.28	0	0	V0.2	0	0	74	32	68	21	66	21	63	3	54	13	47	10	43	6	33	20	43	23	22	43	51	45	64	38	88	48	87	62	171	69	103	91	38	89	178	71	168	35	238	266	383	394	200	212	288	520	526	604	456	392	468	631	922	901	1000	838	537	390	211	295	297	345	196	172	56	91	40	143	69	97	55	121	103	70	71	54	77	47	73	52	84	48	74	62	81
64	170	2	2	119	0	1953125	12	0.0	7556	2.32	0	0	V0.2	0	0	60	46	45	49	32	56	29	34	23	34	24	12	30	12	36	44	44	58	26	62	31	118	58	134	60	116	55	65	183	159	141	86	114	14	181	172	366	249	255	71	306	317	418	197	254	201	335	436	329	261	42	339	305	392	562	993	1000	994	587	271	169	327	246	167	33	104	41	120	65	117	41	83	42	85	29	37	45	34	29	39	17	40	18	50	51
64	170	2	2	119	0	1953125	12	0.0	7812	2.36	0	0	V0.2	0	0	14	33	45	57	27	27	51	27	50	31	52	9	53	40	29	30	21	5	49	59	21	23	103	36	91	64	119	67	130	124	190	93	25	113	103	274	237	130	75	148	216	110	135	204	98	117	210	380	356	336	445	497	442	14	451	830	999	759	548	257	269	127	75	28	109	89	50	67	56	56	34	45	82	108	16	62	62	66	25	43	27	21	38	24	9
64	170	2	2	119	0	1953125	12	0.0	7551	2.32	0	0	V0.2	0	0	66	62	75	34	47	63	65	23	34	50	47	14	16	44	14	41	22	89	29	40	40	149	64	116	40	119	36	149	99	227	224	19	43	282	280	384	499	445	577	323	296	156	328	260	105	38	330	353	476	646	753	923	713	450	438	801	938	1000	944	548	381	275	69	145	236	92	93	83	146	51	108	41	98	58	34	24	110	66	55	26	76	67	43	43	57
64	170	2	2	119	0	1953125	12	0.0	0	0.97	0	0	V0.2	0	0	392	353	374	403	375	325	278	276	269	242	179	144	174	171	123	106	185	215	243	230	263	344	400	381	424	417	520	534	549	470	555	600	607	638	494	689	558	587	569	675	404	478	728	665	424	524	746	489	617	443	663	884	552	474	277	1000	440	275	801	362	565	619	368	526	559	453	436	438	441	431	426	354	357	358	331	309	269	228	230	232	161	155	100	71	85
64	170	2	2	119	0	1953125	12	0.0	7982	2.39	0	0	V0.2	0	0	41	32	47	39	29	34	40	24	18	30	31	21	14	34	13	33	5	37	25	29	37	49	45	45	26	67	54	83	55	129	107	129	88	59	287	54	205	140	74	135	406	514	44	172	145	114	388	749	1000	786	766	459	262	336	467	598	844	246	206	266	80	371	189	49	161	67	101	124	38	70	17	29	25	28	20	3	23	32	18	11	16	25	12	7	4
