34928	35048	35167	35286	35405	35524	35644	35763	35882	36001	36120	36240	36359	36478	36597	36716	36836	36955	37074	37193	37313	37432	37551	37670	37789	37909	38028	38147	38266	38385	38505	38624	38743	38862	38981	39101	39220	39339	39458	39577	39697	39816	39935	40054	40174	40293	40412	40531	40650	40770	40889	41008	41127	41246	41366	41485	41604	41723	41842	41962	42081	42200	42319	42439	42558	42677	42796	42915	43035	43154	43273	43392	43511	43631	43750	43869	43988	44107	44227	44346	44465	44584	44703	44823	44942
64	170	2	2	119	0	1953125	12	0.0	7761	2.35	0	0	V0.2	0	0	85	10	71	50	84	11	49	51	65	30	26	68	45	28	30	76	11	32	51	70	62	28	99	61	100	27	91	114	136	142	243	196	340	178	314	214	404	230	310	148	168	223	298	462	642	685	901	755	464	357	729	936	1000	941	855	758	724	748	670	623	524	249	204	238	238	70	215	159	168	66	140	55	75	65	104	22	20	92	65	46	60	85	33	48	62
64	170	2	2	119	0	1953125	12	0.0	7902	2.38	0	0	V0.2	0	0	83	34	41	56	49	63	19	52	33	58	10	31	33	46	9	34	63	19	17	63	77	20	28	84	72	58	16	135	74	146	196	147	248	96	285	184	346	220	371	287	211	160	258	298	572	718	1000	879	429	274	760	967	885	853	995	900	746	737	676	491	338	227	334	216	168	68	219	107	51	109	132	38	5	80	41	88	60	49	25	94	60	38	6	39	24
64	170	2	2	119	0	1953125	12	0.0	7486	2.30	0	0	V0.2	0	0	65	80	28	69	58	72	57	38	56	53	61	46	59	28	56	65	83	20	54	66	120	39	74	59	164	57	127	106	285	282	111	172	74	267	154	124	95	204	316	232	272	327	139	307	513	751	1000	897	567	370	536	860	954	958	965	817	762	901	819	458	257	311	433	300	174	108	191	223	104	98	149	190	104	86	97	115	65	20	40	102	95	48	39	74	90
64	170	2	2	119	0	1953125	12	0.0	7833	2.36	0	0	V0.2	0	0	46	28	57	36	56	15	44	30	57	8	15	43	35	8	31	42	20	10	54	32	50	7	60	60	75	6	53	120	167	137	215	85	262	178	246	141	353	277	280	29	107	81	137	363	359	607	770	828	617	248	508	885	930	740	876	1000	819	650	539	336	157	192	287	167	101	37	163	74	55	71	88	22	28	53	34	68	25	51	38	82	38	24	45	47	22
64	170	2	2	119	0	1953125	12	0.0	7756	2.35	0	0	V0.2	0	0	66	15	78	54	62	17	63	40	57	20	53	15	53	30	47	19	54	36	59	29	67	14	75	45	84	17	76	29	199	178	235	222	144	277	229	316	120	316	219	199	157	265	217	248	322	812	974	903	594	226	597	832	884	697	775	933	1000	765	434	291	364	352	259	272	273	101	108	128	187	115	118	103	136	68	102	61	74	39	104	62	45	27	91	52	21
64	170	2	2	119	0	1953125	12	0.0	7606	2.32	0	0	V0.2	0	0	50	74	29	37	34	60	32	36	18	49	35	18	25	26	45	33	54	26	62	40	81	30	92	43	105	42	140	105	220	107	251	152	205	118	209	190	128	139	53	66	193	181	310	207	356	620	801	895	549	206	421	802	820	655	833	1000	908	740	516	272	295	329	345	211	82	47	75	165	115	50	28	117	96	51	48	90	92	32	71	91	96	5	57	78	64
64	170	2	2	119	0	1953125	12	0.0	7566	2.32	0	0	V0.2	0	0	27	49	29	57	40	40	28	50	41	17	34	25	38	21	37	31	56	40	34	68	69	55	28	112	85	66	21	216	181	174	126	162	176	124	128	105	146	8	51	177	102	247	206	270	265	565	766	771	654	305	335	625	789	706	800	974	1000	727	404	197	367	345	295	175	47	52	21	78	91	18	53	34	50	59	82	44	55	48	80	55	52	32	53	47	48
64	170	2	2	119	0	1953125	12	0.0	7616	2.33	0	0	V0.2	0	0	33	63	38	46	28	44	46	29	14	38	48	13	9	52	30	31	14	73	12	61	43	113	2	90	65	120	74	174	211	273	90	206	176	270	79	194	86	159	130	148	236	229	256	261	296	568	814	989	677	307	352	733	696	564	833	1000	911	772	370	215	330	449	297	78	65	69	78	48	52	66	46	36	69	48	70	54	49	33	65	40	35	15	59	45	40
64	170	2	2	119	0	1953125	12	0.0	7611	2.33	0	0	V0.2	0	0	69	50	62	22	62	46	51	14	45	40	34	2	30	42	2	25	39	64	15	30	81	84	48	52	119	88	110	128	269	231	176	194	228	247	125	183	93	157	110	88	249	191	297	237	363	580	819	939	617	324	438	763	694	576	825	1000	932	816	447	210	295	423	312	85	65	70	111	81	40	52	69	60	51	52	83	81	29	37	73	61	30	44	47	34	32
64	170	2	2	119	0	1953125	12	0.0	7561	2.32	0	0	V0.2	0	0	65	52	53	40	43	43	57	28	14	55	48	11	6	59	25	33	25	79	15	63	49	98	37	81	85	109	109	176	231	286	104	211	147	273	73	174	64	178	175	123	242	208	240	307	371	624	739	939	725	447	473	867	897	780	890	1000	930	874	633	306	256	387	364	135	48	80	135	106	15	64	65	87	19	55	55	109	11	44	46	87	13	37	36	54	31
64	170	2	2	119	0	1953125	12	0.0	7661	2.33	0	0	V0.2	0	0	78	13	84	5	83	0	72	20	74	14	41	39	42	27	10	62	11	41	40	50	58	47	80	41	103	36	83	83	225	179	285	104	276	186	303	137	301	194	169	144	119	163	234	317	450	519	764	750	696	501	491	815	1000	862	763	908	988	795	545	391	304	226	194	212	134	47	42	151	90	65	31	83	39	92	49	70	19	72	33	22	22	71	37	27	10
64	170	2	2	119	0	1953125	12	0.0	7686	2.34	0	0	V0.2	0	0	63	32	36	68	74	25	16	71	59	16	1	59	34	16	25	42	36	28	56	40	86	38	81	44	142	51	75	128	237	179	272	134	308	174	307	207	391	260	174	103	72	147	327	351	516	483	728	741	597	542	606	815	946	1000	965	901	918	826	625	497	384	183	177	187	205	80	183	130	151	59	136	49	62	71	131	30	8	82	91	12	58	81	75	13	52
64	170	2	2	119	0	1953125	12	0.0	7736	2.35	0	0	V0.2	0	0	61	22	44	56	67	20	22	60	61	8	13	49	36	18	22	64	24	14	45	62	45	33	67	66	98	51	89	123	141	114	216	96	243	112	261	194	376	256	216	117	27	140	320	340	478	376	539	567	444	443	534	695	835	966	1000	890	828	717	629	563	467	123	172	202	232	49	187	139	159	34	136	45	51	73	141	39	8	78	91	5	37	50	40	34	64
64	170	1	2	119	0	1953125	12	0.0	7686	2.34	0	0	V0.2	0	0	67	49	23	55	49	53	12	44	22	54	14	21	33	53	22	25	45	38	26	17	83	45	42	33	115	50	45	89	123	87	217	96	194	47	254	197	290	222	136	182	98	177	350	281	336	314	371	543	447	432	488	645	760	904	1000	784	546	498	629	535	428	189	147	218	162	104	133	192	95	85	77	123	13	34	76	105	24	25	74	73	19	36	48	32	37
64	170	1	2	119	0	1953125	12	0.0	7802	2.36	0	0	V0.2	0	0	90	34	32	65	80	44	9	63	57	33	8	25	50	35	6	48	74	8	16	77	65	43	12	127	84	78	46	200	155	41	132	52	122	82	161	154	315	361	213	246	50	95	224	226	354	343	312	452	304	319	445	620	744	929	1000	720	443	431	709	644	542	130	262	252	243	46	241	170	110	16	166	75	40	46	121	53	62	75	93	26	35	18	27	59	50
64	170	1	2	119	0	1953125	12	0.0	7887	2.37	0	0	V0.2	0	0	50	52	53	61	68	34	47	52	59	21	40	44	38	24	37	30	26	32	19	73	37	57	59	59	64	56	101	51	187	229	120	197	58	186	126	318	255	204	291	152	274	249	123	185	224	85	288	312	332	463	434	476	753	1000	947	677	312	360	727	754	701	148	230	300	407	123	161	91	163	62	119	22	58	85	96	19	22	87	87	29	32	67	22	42	48
64	170	1	2	119	0	1953125	12	0.0	8023	2.40	0	0	V0.2	0	0	75	79	84	39	61	65	72	31	40	43	49	32	12	47	53	26	37	80	36	41	53	76	85	112	76	123	107	247	147	286	264	17	77	151	353	211	358	324	300	483	368	282	324	272	132	166	117	236	395	390	390	588	743	784	999	882	387	242	591	972	837	400	50	398	433	217	132	162	180	17	50	143	104	63	32	82	75	70	26	23	75	86	22	17	52
64	170	1	2	119	0	1953125	12	0.0	7666	2.34	0	0	V0.2	0	0	81	76	17	72	74	74	16	60	62	54	27	50	62	30	5	41	51	51	14	73	83	80	30	119	88	118	70	223	247	84	201	50	151	72	169	250	225	461	446	340	415	263	43	35	177	163	136	375	334	433	332	319	540	834	1000	666	499	215	585	721	667	535	163	182	247	352	281	41	62	139	191	79	53	59	136	80	58	46	100	67	36	40	57	48	23
64	170	1	2	119	0	1953125	12	0.0	7671	2.34	0	0	V0.2	0	0	58	75	65	17	39	69	65	16	29	58	46	12	18	41	43	27	52	71	53	21	69	70	99	54	109	82	154	126	227	188	37	86	61	75	117	262	240	401	358	219	277	142	196	96	216	262	342	92	236	314	303	337	623	827	999	715	133	348	758	836	549	276	93	295	140	127	64	185	47	83	58	126	62	94	57	88	73	82	38	33	61	88	45	19	52
64	170	1	2	119	0	1953125	12	0.0	7646	2.33	0	0	V0.2	0	0	57	82	62	45	37	74	67	38	31	55	54	30	29	32	55	37	51	67	71	23	67	72	108	44	90	83	181	137	219	224	16	111	46	78	98	285	253	411	393	199	261	78	105	137	304	277	331	77	267	342	293	440	750	891	1000	713	178	468	861	949	623	303	47	293	159	102	50	198	87	86	56	148	82	91	53	93	88	95	47	57	65	64	22	11	57
