34928	35048	35167	35286	35405	35524	35644	35763	35882	36001	36120	36240	36359	36478	36597	36716	36836	36955	37074	37193	37313	37432	37551	37670	37789	37909	38028	38147	38266	38385	38505	38624	38743	38862	38981	39101	39220	39339	39458	39577	39697	39816	39935	40054	40174	40293	40412	40531	40650	40770	40889	41008	41127	41246	41366	41485	41604	41723	41842	41962	42081	42200	42319	42439	42558	42677	42796	42915	43035	43154	43273	43392	43511	43631	43750	43869	43988	44107	44227	44346	44465	44584	44703	44823	44942
64	170	2	2	119	0	1953125	12	0.0	7676	2.34	0	0	V0.2	0	0	62	68	115	89	54	43	105	62	47	27	78	37	37	45	40	76	45	93	51	108	32	98	122	159	74	137	138	172	93	150	120	161	83	70	238	97	460	367	295	102	558	733	814	697	260	202	386	237	376	675	558	646	864	999	971	644	349	684	650	614	113	245	328	394	209	421	215	195	78	263	100	94	94	185	67	21	87	127	71	11	30	78	117	79	46
64	170	2	2	119	0	1953125	12	0.0	7741	2.35	0	0	V0.2	0	0	76	61	49	114	64	66	15	104	48	50	18	76	39	28	36	75	63	26	46	103	89	44	58	164	91	109	35	201	78	154	42	231	146	97	153	91	292	427	199	79	421	777	691	639	217	209	136	222	367	836	645	459	645	1000	801	547	113	700	649	536	211	296	279	342	151	268	178	78	23	216	114	48	51	133	90	89	63	68	110	112	85	50	100	109	47
64	170	2	2	119	0	1953125	12	0.0	7823	2.36	0	0	V0.2	0	0	87	82	66	43	76	69	72	19	56	41	82	27	41	55	68	42	26	81	45	37	66	87	52	22	119	78	117	54	133	26	243	151	246	149	258	267	102	173	356	211	183	450	631	410	379	172	179	255	509	629	610	499	662	956	1000	473	317	560	762	489	114	219	482	332	145	117	174	131	112	60	92	117	113	14	19	101	110	24	34	98	68	39	68	71	38
64	170	2	2	119	0	1953125	12	0.0	7771	2.35	0	0	V0.2	0	0	104	12	111	61	108	26	95	48	89	31	54	58	80	53	30	71	42	53	30	95	28	51	78	99	97	95	142	156	135	177	250	305	130	319	219	347	231	129	168	285	334	304	470	537	409	553	454	384	566	672	450	540	856	1000	722	434	266	807	689	536	146	476	521	496	290	150	213	135	103	179	154	45	66	160	77	59	56	169	93	31	43	96	26	55	59
64	170	2	2	119	0	1953125	12	0.0	7611	2.33	0	0	V0.2	0	0	75	64	73	32	52	53	74	29	33	41	70	22	30	34	61	23	37	57	83	41	73	56	97	26	98	56	129	15	133	28	230	138	160	135	157	257	130	116	232	248	178	263	361	274	325	400	387	521	376	256	466	922	1000	896	664	114	294	442	515	233	158	286	410	369	79	144	123	208	61	95	72	157	67	70	27	82	81	54	4	18	53	88	43	13	38
64	170	2	2	119	0	1953125	12	0.0	7983	2.39	0	0	V0.2	0	0	75	36	51	31	59	49	29	21	45	50	10	8	40	30	4	14	37	43	14	15	78	51	40	16	117	70	38	24	143	112	124	139	214	246	160	173	136	100	225	215	176	122	348	368	453	302	417	268	137	353	488	630	797	1000	688	223	240	588	426	135	184	417	321	141	86	110	153	21	48	64	105	19	50	45	65	49	9	39	21	70	14	9	30	33	9
64	170	2	2	119	0	1953125	12	0.0	7893	2.37	0	0	V0.2	0	0	102	80	82	20	98	78	71	35	72	75	51	7	39	56	69	54	58	63	68	58	75	94	84	33	119	147	46	63	142	266	129	349	257	476	325	211	118	343	300	215	202	171	204	476	754	726	776	466	150	315	576	858	877	1000	866	358	390	521	742	434	289	325	455	483	168	104	89	164	125	24	100	86	160	102	116	61	115	96	63	34	77	66	13	55	111
64	170	2	2	119	0	1953125	12	0.0	7561	2.32	0	0	V0.2	0	0	71	43	59	66	73	30	44	53	68	13	26	41	59	7	21	54	63	31	39	80	106	34	79	79	164	39	129	45	246	148	245	178	168	247	111	185	190	175	142	226	120	92	141	348	377	677	728	577	439	233	518	792	999	911	521	248	125	372	283	180	38	287	327	238	264	101	95	35	125	117	77	53	62	121	67	40	8	83	74	15	30	56	94	54	29
64	170	2	2	119	0	1953125	12	0.0	7968	2.39	0	0	V0.2	0	0	90	49	72	38	78	62	50	19	80	33	44	8	57	34	8	41	38	56	39	19	112	48	76	34	173	69	61	72	200	100	238	171	375	332	317	188	224	136	478	397	449	32	440	585	776	679	901	603	326	385	711	871	992	1000	590	247	318	568	352	144	324	514	287	212	95	118	46	72	122	91	70	117	59	122	66	76	22	88	20	58	28	37	36	34	56
64	170	2	2	119	0	1953125	12	0.0	7736	2.35	0	0	V0.2	0	0	49	91	80	48	32	82	70	49	7	82	65	23	14	74	58	4	28	71	57	35	71	114	61	85	103	184	32	168	146	332	167	333	289	375	346	40	92	296	380	188	284	132	325	355	765	827	898	699	155	290	635	1000	830	576	376	322	341	273	414	143	122	232	272	390	234	61	27	163	169	19	22	96	148	81	14	82	79	70	71	85	99	23	46	60	70
64	170	1	2	119	0	1953125	12	0.0	7675	2.34	0	0	V0.2	0	0	56	61	66	63	67	56	55	43	70	44	59	22	62	29	37	31	57	22	46	67	54	50	43	113	32	116	17	167	54	266	180	306	203	226	207	93	81	300	276	328	170	210	262	468	496	652	795	549	315	322	767	980	1000	665	163	225	494	435	225	105	163	370	263	220	185	63	148	55	116	73	146	49	112	24	106	39	43	44	63	17	21	33	49	21	43
64	170	1	2	119	0	1953125	12	0.0	7591	2.32	0	0	V0.2	0	0	60	62	81	33	50	57	65	26	34	44	34	32	20	43	21	37	39	36	68	51	89	65	97	65	134	85	134	107	233	207	197	245	141	221	36	135	138	114	249	254	33	96	323	419	388	571	567	638	333	185	527	1000	924	653	309	232	451	434	422	18	231	214	282	173	49	73	92	128	57	78	45	119	16	103	45	103	42	76	55	85	51	69	72	57	33
64	170	1	2	119	0	1953125	12	0.0	7822	2.36	0	0	V0.2	0	0	71	76	50	59	76	77	17	56	58	79	24	23	79	52	46	23	81	11	32	74	70	75	15	85	129	137	108	45	270	216	383	249	437	308	431	238	259	114	487	358	346	162	555	625	743	605	811	489	168	542	908	1000	998	887	495	221	138	558	335	198	116	422	235	170	34	207	31	73	90	118	63	30	82	36	115	22	90	42	101	41	68	17	33	13	16
64	170	1	2	119	0	1953125	12	0.0	7666	2.34	0	0	V0.2	0	0	69	39	79	77	53	37	64	65	43	32	57	41	45	31	74	22	76	36	100	14	120	47	138	12	183	85	177	42	298	255	313	223	161	237	206	234	165	196	279	287	72	165	319	494	469	698	608	429	274	525	708	951	1000	728	435	255	112	299	232	265	201	104	168	155	207	54	139	83	168	65	116	58	120	74	83	50	58	78	67	17	26	20	65	35	5
64	170	1	2	119	0	1953125	12	0.0	7661	2.33	0	0	V0.2	0	0	61	68	17	71	55	63	6	52	39	55	12	24	54	56	41	16	90	40	69	55	152	45	94	84	206	57	128	124	273	169	294	108	224	70	251	87	50	164	332	166	109	288	466	475	570	385	464	318	139	480	854	1000	939	860	520	144	38	428	477	293	221	99	301	140	101	86	251	108	77	59	181	51	78	52	138	39	52	56	101	9	48	22	24	42	59
64	170	2	2	119	0	1953125	12	0.0	7680	2.34	0	0	V0.2	0	0	26	24	28	29	30	15	20	24	26	17	11	15	17	7	4	10	26	2	14	41	16	50	22	86	6	31	50	13	106	78	126	78	58	25	139	35	145	247	385	330	553	347	446	583	317	410	138	535	629	295	406	158	226	305	1000	785	508	131	168	259	519	125	241	95	136	72	164	41	74	1	29	6	38	31	3	18	9	23	24	7	11	12	8	10	11
64	170	2	2	119	0	1953125	12	0.0	7741	2.35	0	0	V0.2	0	0	81	46	57	93	67	52	35	85	42	55	13	74	33	20	28	60	33	26	68	43	71	31	87	97	86	89	126	130	56	274	231	185	162	148	154	177	135	180	166	95	272	565	598	726	518	194	123	174	319	834	999	941	979	854	644	407	146	647	756	815	578	253	260	228	182	260	308	162	126	136	153	33	29	136	126	21	46	106	57	30	16	36	54	73	55
64	170	2	2	119	0	1953125	12	0.0	7872	2.37	0	0	V0.2	0	0	82	89	61	45	84	70	50	41	45	53	55	11	43	39	28	36	54	23	52	21	84	67	49	71	115	60	64	159	174	146	336	171	98	103	230	121	101	30	230	298	293	504	745	566	457	183	242	124	464	683	937	999	718	576	615	238	258	539	986	935	704	397	199	262	295	327	247	245	56	107	125	105	102	98	41	94	124	43	30	80	71	33	67	68	63
64	170	2	2	119	0	1953125	12	0.0	7621	2.33	0	0	V0.2	0	0	105	54	66	99	82	51	56	65	69	41	47	54	68	25	25	91	86	37	34	103	70	84	47	176	170	67	74	262	392	181	242	188	197	39	180	73	194	118	156	332	736	676	632	535	68	177	289	505	459	776	828	767	1000	941	765	666	347	657	861	934	995	437	119	149	447	288	258	153	178	172	87	119	102	155	25	95	21	66	51	86	49	73	25	44	52
64	170	2	2	119	0	1953125	12	0.0	7616	2.33	0	0	V0.2	0	0	78	61	79	50	54	68	83	38	34	77	57	43	21	79	28	94	63	95	41	90	95	101	112	146	116	96	194	234	244	263	42	42	162	81	177	149	66	98	325	299	603	594	599	491	78	230	448	483	224	355	409	703	946	910	1000	639	299	505	788	933	615	356	93	241	235	358	174	217	23	156	49	128	43	121	33	88	49	59	16	50	22	62	25	13	27
