34928	35048	35167	35286	35405	35524	35644	35763	35882	36001	36120	36240	36359	36478	36597	36716	36836	36955	37074	37193	37313	37432	37551	37670	37789	37909	38028	38147	38266	38385	38505	38624	38743	38862	38981	39101	39220	39339	39458	39577	39697	39816	39935	40054	40174	40293	40412	40531	40650	40770	40889	41008	41127	41246	41366	41485	41604	41723	41842	41962	42081	42200	42319	42439	42558	42677	42796	42915	43035	43154	43273	43392	43511	43631	43750	43869	43988	44107	44227	44346	44465	44584	44703	44823	44942
64	170	2	2	119	0	1953125	12	0.0	0	0.97	0	0	V0.2	0	0	74	87	72	83	86	70	86	51	78	51	93	49	76	67	81	73	79	93	83	112	127	113	127	140	193	125	221	128	282	84	285	170	376	181	333	314	435	633	530	745	605	929	775	943	792	885	865	903	922	920	638	632	882	614	709	550	908	1000	677	571	390	614	454	529	294	448	225	329	209	278	212	210	192	153	172	109	172	90	146	80	137	74	106	81	90
64	170	2	2	119	0	1953125	12	0.0	0	0.97	0	0	V0.2	0	0	28	113	18	111	28	112	21	92	18	97	38	84	41	97	40	90	57	115	44	138	75	168	42	202	73	232	81	266	138	238	164	316	268	233	330	267	525	471	689	550	781	752	943	786	909	827	864	920	848	1000	535	788	720	799	565	618	759	994	561	501	466	454	593	385	470	283	378	225	282	220	239	219	163	184	127	186	92	164	79	143	66	127	73	98	69
64	170	2	2	119	0	1953125	12	0.0	0	0.97	0	0	V0.2	0	0	75	87	72	82	81	68	84	51	81	52	91	48	78	69	81	72	82	101	88	114	125	113	130	148	199	127	227	131	287	85	293	175	387	189	342	313	431	635	532	760	603	933	785	961	818	913	889	927	949	931	653	662	926	678	772	589	925	999	674	549	377	611	457	542	307	459	235	339	219	285	218	214	199	156	180	112	179	91	153	80	141	79	112	89	93
64	170	2	2	119	0	1953125	12	0.0	0	0.97	0	0	V0.2	0	0	23	111	22	109	32	104	45	86	39	89	59	75	53	91	53	90	57	114	41	138	76	156	56	195	115	205	139	229	217	173	242	240	352	145	368	212	519	499	630	610	695	840	829	887	796	898	789	943	817	1000	536	740	839	741	750	603	943	951	664	426	449	487	540	432	386	391	257	332	174	304	142	267	113	211	102	178	119	134	121	113	110	80	110	75	87
64	170	2	2	119	0	1953125	12	0.0	0	0.97	0	0	V0.2	0	0	64	97	65	94	76	85	79	63	71	67	88	56	72	78	76	80	72	107	73	130	117	141	114	176	186	156	213	169	295	100	304	185	403	154	368	274	468	614	576	757	643	953	807	1000	833	961	875	969	932	995	647	718	967	743	864	624	955	987	711	501	396	586	480	539	332	473	235	363	202	314	200	244	188	185	169	142	177	104	158	90	140	77	121	91	101
64	170	2	2	119	0	1953125	12	0.0	0	0.97	0	0	V0.2	0	0	64	97	65	94	76	85	79	63	71	67	88	56	72	78	76	80	72	107	73	130	117	141	114	176	186	156	213	169	295	100	304	185	403	154	368	274	468	614	576	757	643	953	807	1000	833	961	875	969	932	995	647	718	967	743	864	624	955	987	711	501	396	586	480	539	332	473	235	363	202	314	200	244	188	185	169	142	177	104	158	90	140	77	121	91	101
64	170	2	2	119	0	1953125	12	0.0	0	0.97	0	0	V0.2	0	0	30	111	34	106	49	100	58	76	53	79	72	63	63	84	65	82	66	106	56	131	105	137	93	177	169	155	195	173	273	96	280	177	390	141	344	260	450	594	534	708	602	911	750	931	771	884	828	878	899	906	641	679	941	708	856	656	925	1000	658	513	328	578	418	522	294	448	237	314	231	256	235	184	211	128	188	87	179	84	153	79	125	87	100	87	82
64	170	2	2	119	0	1953125	12	0.0	0	0.97	0	0	V0.2	0	0	103	32	99	24	98	16	92	6	87	15	85	28	78	37	83	40	93	44	107	50	146	42	150	52	204	79	211	96	234	158	207	243	265	277	179	361	281	585	413	652	550	748	734	742	803	662	833	679	886	711	586	646	808	707	689	714	765	1000	519	543	247	495	380	436	318	332	296	207	276	155	255	117	203	93	171	94	142	102	116	100	89	101	71	91	67
64	170	2	2	119	0	1953125	12	0.0	0	0.97	0	0	V0.2	0	0	103	32	99	24	98	16	92	6	87	15	85	28	78	37	83	40	93	44	107	50	146	42	150	52	204	79	211	96	234	158	207	243	265	277	179	361	281	585	413	652	550	748	734	742	803	662	833	679	886	711	586	646	808	707	689	714	765	1000	519	543	247	495	380	436	318	332	296	207	276	155	255	117	203	93	171	94	142	102	116	100	89	101	71	91	67
64	170	2	2	119	0	1953125	12	0.0	0	0.97	0	0	V0.2	0	0	51	106	55	93	67	87	74	65	68	68	82	58	71	80	69	81	71	109	68	126	106	139	100	177	166	156	195	171	272	108	282	188	392	136	360	240	467	559	554	680	617	886	749	918	754	884	779	900	860	931	592	707	950	735	891	683	1000	989	710	452	389	524	450	477	316	442	219	341	179	302	171	241	160	184	147	140	158	104	145	88	134	65	111	78	91
64	170	2	2	119	0	1953125	12	0.0	0	0.97	0	0	V0.2	0	0	57	89	46	95	32	101	17	86	16	95	27	83	43	88	43	83	64	100	57	119	80	144	61	171	70	206	64	238	94	233	117	307	212	242	260	262	444	415	592	467	665	631	804	657	787	676	722	772	731	818	421	743	727	790	688	760	858	1000	552	445	370	352	491	306	402	256	318	221	238	216	189	214	126	180	95	175	74	154	77	136	75	114	85	92	76
64	170	2	2	119	0	1953125	12	0.0	0	0.97	0	0	V0.2	0	0	66	80	61	80	76	62	79	49	77	53	87	46	74	67	81	68	76	90	82	97	120	104	120	122	180	108	200	116	265	78	265	158	351	165	306	276	388	561	469	657	524	828	667	835	692	754	751	772	819	767	542	630	917	691	873	708	986	1000	682	477	318	512	385	464	268	411	207	301	197	257	195	194	180	145	161	101	166	82	143	76	127	75	104	84	86
64	170	2	2	119	0	1953125	12	0.0	0	0.97	0	0	V0.2	0	0	87	26	83	20	88	4	86	8	78	18	80	35	75	39	77	42	87	44	99	40	129	44	135	37	173	79	184	92	201	154	178	223	224	253	161	324	266	524	371	563	480	664	641	632	694	550	720	579	762	573	462	605	755	700	715	771	849	1000	514	506	220	430	338	370	286	287	268	181	247	143	231	110	182	90	154	92	126	102	107	97	81	99	68	87	66
64	170	1	2	119	0	1953125	12	0.0	0	0.96	0	0	V0.2	0	0	332	309	340	317	336	324	339	340	329	346	321	357	310	362	291	364	277	369	254	370	224	381	214	388	172	413	155	426	132	424	148	496	139	445	225	478	410	467	524	490	651	439	816	421	872	292	902	275	933	267	686	421	923	504	890	577	1000	712	756	324	403	496	380	463	269	479	179	461	114	458	112	430	147	407	176	386	191	374	209	347	224	327	234	308	248
64	170	1	2	119	0	1953125	12	0.0	0	0.96	0	0	V0.2	0	0	332	309	340	317	336	324	339	340	329	346	321	357	310	362	291	364	277	369	254	370	224	381	214	388	172	413	155	426	132	424	148	496	139	445	225	478	410	467	524	490	651	439	816	421	872	292	902	275	933	267	686	421	923	504	890	577	1000	712	756	324	403	496	380	463	269	479	179	461	114	458	112	430	147	407	176	386	191	374	209	347	224	327	234	308	248
64	170	1	2	119	0	1953125	12	0.0	0	0.96	0	0	V0.2	0	0	312	262	325	260	321	267	333	275	324	274	323	285	318	283	301	289	302	293	277	285	264	306	247	294	228	336	214	343	170	365	157	436	98	420	92	480	176	550	268	601	386	605	537	594	612	486	702	409	756	410	586	238	864	303	865	371	1000	540	695	95	440	262	475	243	393	295	313	325	246	350	207	342	190	342	178	339	163	337	164	327	156	316	159	309	161
64	170	1	2	119	0	1953125	12	0.0	0	0.96	0	0	V0.2	0	0	319	277	328	271	335	274	345	276	345	267	356	265	358	249	350	245	359	229	346	212	363	203	349	168	370	175	371	151	373	195	371	188	413	246	377	297	333	511	341	579	337	741	366	755	338	760	233	791	261	791	80	733	417	791	430	819	580	1000	224	556	226	400	353	380	352	309	358	224	385	194	378	179	364	180	354	169	351	167	343	167	331	167	319	166	307
64	170	1	2	119	0	1953125	12	0.0	0	0.96	0	0	V0.2	0	0	357	301	369	294	376	296	390	298	386	291	394	294	393	283	383	280	388	279	367	260	373	276	354	242	359	289	352	281	323	333	311	387	305	416	244	493	81	676	58	755	138	840	297	841	376	767	520	722	600	736	463	471	824	504	834	522	1000	747	640	302	491	47	591	10	532	87	470	184	423	236	387	256	349	281	322	299	293	313	276	320	246	320	229	325	207
64	170	1	2	119	0	1953125	12	0.0	0	0.96	0	0	V0.2	0	0	352	298	366	292	368	296	383	297	381	290	388	293	387	282	377	277	386	271	362	256	369	270	351	234	359	284	350	275	319	328	308	379	305	409	245	483	83	667	56	743	131	833	290	832	366	759	509	710	593	721	450	463	818	497	834	517	1000	754	634	304	484	53	586	7	522	85	465	185	416	233	382	253	346	278	314	297	288	312	271	315	242	317	226	323	203
64	170	1	2	119	0	1953125	12	0.0	0	0.96	0	0	V0.2	0	0	352	298	364	294	365	296	382	298	382	290	388	292	386	279	375	277	385	272	362	253	372	267	351	232	361	277	352	271	325	321	316	369	312	402	253	478	95	669	61	739	121	833	275	828	346	762	490	711	576	719	442	475	810	500	830	529	1000	771	619	305	480	54	585	18	519	77	464	179	419	224	383	247	350	274	317	293	291	308	273	316	247	315	230	319	209
64	170	1	2	119	0	1953125	12	0.0	0	0.96	0	0	V0.2	0	0	343	284	354	282	355	285	370	288	366	283	371	288	367	281	358	279	362	279	337	267	338	284	319	258	317	306	306	302	272	350	257	404	238	421	180	490	34	645	100	708	203	765	356	760	434	672	567	605	653	610	507	359	849	386	845	409	1000	640	653	191	481	92	567	82	490	159	427	237	367	279	330	289	299	305	270	315	244	326	229	331	206	324	196	322	183
64	170	1	2	119	0	1953125	12	0.0	0	0.96	0	0	V0.2	0	0	333	273	342	271	343	275	357	280	352	276	357	281	351	278	340	274	342	277	321	264	320	283	301	257	299	305	284	305	249	345	234	405	209	414	157	479	49	622	127	685	230	726	382	720	461	624	588	563	669	564	515	320	848	352	840	377	1000	605	662	161	479	120	548	111	471	182	403	252	344	292	304	299	274	311	247	316	224	327	208	324	192	320	179	320	170
64	170	1	2	119	0	1953125	12	0.0	0	0.96	0	0	V0.2	0	0	328	277	340	270	344	274	359	273	357	267	364	270	362	260	353	257	360	252	339	237	345	250	326	218	334	264	326	258	299	308	290	359	286	386	228	459	82	633	67	704	130	789	271	783	340	711	479	673	567	663	449	456	805	481	817	512	1000	752	606	290	464	73	564	15	490	78	440	171	396	214	357	240	324	260	294	278	268	293	250	296	226	298	211	301	186
64	170	1	2	119	0	1953125	12	0.0	0	0.96	0	0	V0.2	0	0	318	262	331	258	331	263	343	268	339	264	343	270	336	268	325	267	326	270	305	259	300	278	283	259	279	304	263	304	231	340	213	401	184	407	132	474	58	604	147	665	249	696	393	688	469	592	587	529	674	525	533	318	859	355	843	373	1000	601	661	139	462	143	529	131	450	194	382	254	321	292	281	298	254	306	228	313	206	318	198	313	177	311	167	308	159
64	170	1	2	119	0	1953125	12	0.0	0	0.96	0	0	V0.2	0	0	341	294	356	287	359	290	375	291	373	282	379	284	380	271	373	267	379	261	360	246	369	255	349	219	360	261	347	259	328	310	315	358	315	392	254	469	113	662	92	736	119	825	258	825	322	758	458	725	563	725	440	513	814	539	812	540	1000	797	611	321	480	89	589	39	519	55	470	161	424	209	386	238	349	262	320	285	292	298	273	301	245	307	231	312	205
64	170	1	2	119	0	1953125	12	0.0	0	0.96	0	0	V0.2	0	0	336	287	348	282	353	284	368	286	369	275	379	276	376	266	367	261	374	255	354	237	364	248	346	215	359	256	349	249	327	301	320	349	321	386	262	464	129	653	106	726	125	820	246	814	310	754	451	735	548	727	427	518	802	550	815	562	1000	821	604	339	481	109	584	61	512	38	464	146	424	194	387	222	350	252	318	273	297	288	277	295	246	298	228	302	209
64	170	1	2	119	0	1953125	12	0.0	0	0.96	0	0	V0.2	0	0	303	247	314	244	315	248	324	255	321	251	323	258	319	257	304	258	306	261	286	251	280	271	262	252	256	297	239	303	206	337	191	398	157	400	109	466	66	581	154	630	262	657	396	637	474	545	593	488	678	475	534	296	849	346	841	376	1000	597	661	134	456	170	509	142	424	207	354	261	295	290	253	292	230	303	204	306	185	311	176	304	157	297	156	294	147
64	170	1	2	119	0	1953125	12	0.0	0	0.96	0	0	V0.2	0	0	303	252	313	252	312	257	322	266	318	264	315	275	310	274	293	276	290	282	269	274	259	293	243	283	226	323	209	330	169	355	153	424	100	415	76	477	154	563	243	601	354	601	492	578	565	467	670	405	749	398	581	268	884	327	853	360	1000	565	700	109	454	258	488	228	392	281	314	317	246	338	206	334	186	332	171	331	156	330	158	318	146	309	151	300	152
64	170	1	2	119	0	1953125	12	0.0	0	0.96	0	0	V0.2	0	0	322	267	332	262	334	267	348	269	343	266	348	273	345	267	333	264	337	265	314	253	314	270	295	248	293	293	282	293	246	335	238	395	214	406	155	482	12	621	96	673	204	718	345	707	423	611	569	572	657	572	515	356	846	381	833	387	1000	645	663	184	483	120	550	87	464	161	399	236	346	271	303	284	273	298	249	306	221	313	211	313	185	311	177	308	162
64	170	1	2	119	0	1953125	12	0.0	0	0.96	0	0	V0.2	0	0	339	285	349	286	350	291	359	302	351	300	347	311	344	311	327	314	323	317	300	310	285	333	268	316	250	360	230	365	186	392	179	459	116	449	110	515	175	608	278	642	389	644	531	608	596	474	736	419	804	429	610	250	926	295	873	300	1000	544	732	90	481	289	524	254	424	304	341	347	267	371	227	367	209	366	197	363	183	356	182	346	175	339	177	327	182
64	170	1	2	119	0	1953125	12	0.0	0	0.96	0	0	V0.2	0	0	278	315	288	311	291	317	304	314	305	307	319	304	319	284	322	281	326	259	319	248	340	222	328	215	350	177	364	163	379	143	395	86	451	132	437	149	474	346	516	407	522	585	539	610	491	643	335	740	320	755	118	765	335	802	296	763	455	1000	190	568	188	484	291	440	288	358	321	261	359	223	363	196	352	191	348	175	344	170	339	168	330	167	315	169	300
64	170	1	2	119	0	1953125	12	0.0	0	0.96	0	0	V0.2	0	0	355	295	368	290	369	295	384	298	381	292	384	298	381	290	369	290	372	291	351	275	350	294	329	268	329	316	316	317	277	365	270	424	245	441	174	528	22	682	94	735	201	793	363	782	429	672	606	639	689	648	544	396	893	427	845	373	1000	644	705	177	535	116	606	88	511	159	443	247	382	288	340	304	303	319	277	331	252	339	234	342	211	334	204	333	189
64	170	1	2	119	0	1953125	12	0.0	0	0.96	0	0	V0.2	0	0	355	295	368	290	369	295	384	298	381	292	384	298	381	290	369	290	372	291	351	275	350	294	329	268	329	316	316	317	277	365	270	424	245	441	174	528	22	682	94	735	201	793	363	782	429	672	606	639	689	648	544	396	893	427	845	373	1000	644	705	177	535	116	606	88	511	159	443	247	382	288	340	304	303	319	277	331	252	339	234	342	211	334	204	333	189
64	170	1	2	119	0	1953125	12	0.0	0	0.96	0	0	V0.2	0	0	352	293	366	291	368	294	382	298	378	294	379	301	380	293	365	292	368	291	347	281	344	296	326	274	321	319	306	325	266	369	258	431	228	445	160	528	28	677	122	735	228	779	391	767	466	660	624	613	706	627	558	367	894	402	844	347	1000	614	706	147	540	139	608	110	509	182	437	263	372	302	329	318	294	326	268	339	243	346	225	350	201	340	196	337	183
64	170	1	2	119	0	1953125	12	0.0	0	0.96	0	0	V0.2	0	0	344	287	357	286	356	292	368	300	360	298	360	307	356	306	341	305	337	310	316	301	304	320	287	303	271	349	254	356	209	387	201	452	145	451	110	528	132	630	231	671	339	686	491	663	566	539	706	479	766	487	587	245	892	276	843	296	1000	533	716	79	513	248	557	214	454	274	373	325	298	354	257	356	235	355	217	358	196	358	191	351	180	340	178	334	178
64	170	1	2	119	0	1953125	12	0.0	0	0.96	0	0	V0.2	0	0	334	277	343	275	345	280	355	287	352	286	350	296	344	294	329	294	326	300	305	293	295	310	278	294	264	337	249	345	202	380	189	445	141	442	93	522	127	626	228	668	338	684	493	663	565	548	698	490	755	486	574	250	886	293	833	303	1000	554	727	102	511	246	552	216	446	269	365	319	294	346	251	345	226	346	206	348	189	345	185	339	171	330	171	323	169
64	170	1	2	119	0	1953125	12	0.0	0	0.96	0	0	V0.2	0	0	352	303	364	293	368	297	382	298	382	292	390	291	390	278	380	274	388	268	369	250	377	259	359	229	366	270	361	266	334	318	328	366	325	408	251	502	130	690	114	757	129	853	272	852	327	782	488	766	568	760	445	514	813	548	790	498	1000	788	649	308	544	122	630	61	540	47	486	158	437	211	398	240	358	268	327	290	301	301	282	318	250	316	232	320	210
64	170	1	2	119	0	1953125	12	0.0	0	0.96	0	0	V0.2	0	0	317	309	327	305	332	309	346	306	351	295	363	292	366	270	363	267	372	245	360	226	380	212	362	181	388	174	394	151	394	190	401	182	442	256	401	324	367	547	376	613	353	776	362	792	308	788	239	837	284	825	147	718	506	746	516	738	744	1000	359	529	377	365	485	322	446	218	441	128	447	109	428	126	397	161	377	178	361	191	353	204	324	213	307	228	281
64	170	1	2	119	0	1953125	12	0.0	0	0.96	0	0	V0.2	0	0	373	356	380	359	377	374	379	383	371	391	359	407	347	410	329	411	313	416	289	413	257	421	245	430	201	453	185	468	169	462	187	533	178	480	284	522	471	503	603	527	720	459	876	418	933	259	967	267	993	268	718	453	967	496	869	602	1000	793	788	418	427	590	412	533	286	538	187	513	121	509	135	472	179	448	213	420	231	402	250	383	263	354	274	333	289
64	170	1	2	119	0	1953125	12	0.0	0	0.96	0	0	V0.2	0	0	350	323	360	328	355	339	361	349	354	355	345	366	334	371	316	372	302	378	278	376	248	388	238	391	198	420	178	433	149	436	156	508	130	465	222	513	400	518	521	553	639	490	791	457	860	307	904	276	940	275	686	367	938	419	849	518	1000	709	775	344	450	511	436	468	315	481	211	472	137	472	127	446	155	424	184	404	193	389	214	363	226	341	239	323	249
64	170	1	2	119	0	1953125	12	0.0	0	0.96	0	0	V0.2	0	0	326	281	334	283	333	291	341	298	334	302	329	312	322	315	304	315	299	322	276	318	256	333	245	324	217	364	197	374	153	391	146	460	81	436	122	502	254	551	346	590	463	567	598	534	677	403	771	345	814	343	600	231	877	277	829	375	1000	572	729	179	466	358	480	322	373	356	282	380	205	396	172	383	167	374	167	363	161	358	169	346	173	326	182	315	189
64	170	1	2	119	0	1953125	12	0.0	0	0.96	0	0	V0.2	0	0	334	290	343	297	340	302	348	314	338	317	334	328	325	331	308	334	298	339	276	337	252	350	240	346	207	385	188	395	145	409	138	478	81	451	145	512	294	561	396	591	514	559	660	525	731	387	818	327	857	326	639	272	912	324	851	412	1000	601	761	230	464	399	477	364	362	389	268	408	188	415	160	401	164	388	166	377	166	367	179	354	187	330	194	317	204
64	170	1	2	119	0	1953125	12	0.0	0	0.96	0	0	V0.2	0	0	345	319	352	330	347	337	352	347	344	354	335	368	321	371	306	372	291	378	267	377	238	387	227	391	186	418	169	433	147	429	155	502	147	450	238	500	422	491	529	516	649	450	798	414	864	271	904	262	927	260	678	407	916	446	830	589	1000	755	772	375	426	529	407	481	287	487	183	473	115	471	116	443	154	418	187	396	199	378	225	352	235	331	246	313	257
64	170	1	2	119	0	1953125	12	0.0	0	0.96	0	0	V0.2	0	0	319	263	330	263	328	268	339	275	335	271	335	282	330	278	315	280	313	283	295	276	283	293	270	277	255	321	239	327	199	359	187	420	140	419	94	496	116	601	197	640	306	656	447	635	526	527	658	468	710	473	554	249	846	278	821	328	1000	558	709	104	494	215	532	192	427	245	354	300	283	324	245	330	219	329	202	333	180	331	175	327	161	319	160	312	158
64	170	1	2	119	0	1953125	12	0.0	0	0.96	0	0	V0.2	0	0	263	296	270	292	274	298	286	294	288	288	302	285	303	267	305	262	310	242	302	233	324	209	311	199	336	161	348	146	363	131	378	71	430	120	426	143	459	341	502	391	503	570	529	590	487	638	336	715	322	715	105	734	325	755	312	790	525	1000	224	574	190	479	288	429	284	344	310	245	349	209	350	181	339	174	335	158	331	159	324	156	310	151	303	153	288
64	170	1	2	119	0	1953125	12	0.0	0	0.96	0	0	V0.2	0	0	323	270	335	267	336	269	352	274	347	269	351	274	349	267	338	267	339	266	321	254	318	268	302	247	298	291	288	293	253	331	243	393	215	408	151	495	15	631	97	684	200	731	350	723	426	636	569	585	632	597	502	341	808	354	787	362	1000	619	685	171	514	128	576	92	481	157	409	232	347	275	308	288	274	302	248	312	223	317	211	316	187	313	177	314	165
64	170	1	2	119	0	1953125	12	0.0	0	0.96	0	0	V0.2	0	0	335	280	345	277	347	279	361	285	355	278	363	281	360	276	348	274	353	273	333	255	334	273	318	247	314	296	305	291	268	332	260	392	232	412	171	499	12	646	83	703	183	755	332	750	411	664	559	619	617	628	481	350	798	357	776	361	1000	623	677	176	530	114	589	74	498	145	425	230	364	272	327	289	288	303	265	316	239	322	221	328	201	319	188	322	176
64	170	1	2	119	0	1953125	12	0.0	0	0.96	0	0	V0.2	0	0	347	297	358	293	362	296	379	297	376	288	382	288	383	278	375	272	381	268	361	247	372	260	351	223	363	267	353	258	331	309	319	356	316	397	252	483	123	675	99	733	118	832	246	826	309	769	459	743	525	748	403	481	748	486	756	492	1000	762	633	304	539	121	613	67	532	46	472	154	432	209	388	237	353	266	321	286	297	297	280	302	247	307	233	314	210
64	170	1	2	119	0	1953125	12	0.0	0	0.96	0	0	V0.2	0	0	354	311	367	306	371	310	387	308	388	298	395	300	394	285	387	278	399	271	377	250	388	260	369	219	383	261	376	245	353	305	345	344	346	395	284	480	165	684	135	751	127	859	237	858	284	808	427	790	499	787	379	529	735	528	751	535	1000	814	620	340	547	150	626	101	547	24	490	140	452	194	413	225	375	260	343	284	316	299	297	306	271	313	250	319	226
64	170	1	2	119	0	1953125	12	0.0	0	0.96	0	0	V0.2	0	0	354	309	365	303	368	305	384	308	385	297	393	299	393	286	383	280	392	273	372	252	382	263	365	220	376	266	367	254	343	310	334	351	332	400	269	483	144	682	118	747	121	849	237	845	294	791	436	762	510	769	383	491	730	497	754	504	1000	783	628	321	547	134	622	83	540	35	483	151	443	205	404	235	364	268	333	288	309	303	286	315	258	311	241	319	219
64	170	1	2	119	0	1953125	12	0.0	0	0.96	0	0	V0.2	0	0	354	307	366	301	369	305	387	306	384	298	392	300	389	289	380	282	387	279	367	259	377	273	357	234	366	280	355	269	327	326	316	370	310	411	244	497	106	687	83	750	121	842	256	833	325	769	469	734	542	746	407	448	744	453	758	440	1000	723	654	279	560	112	626	51	539	61	474	175	428	225	389	252	351	281	322	299	293	312	277	315	246	320	234	322	212
64	170	1	2	119	0	1953125	12	0.0	0	0.96	0	0	V0.2	0	0	340	290	352	289	351	295	362	302	359	298	359	306	354	304	339	303	336	308	318	296	303	316	290	298	272	344	258	347	212	377	200	446	143	443	118	517	146	619	238	670	346	675	498	662	579	548	686	476	744	496	547	181	809	203	791	273	1000	515	728	113	535	256	561	222	452	280	361	333	290	360	248	360	224	361	210	362	191	360	188	349	180	340	180	332	182
64	170	1	2	119	0	1953125	12	0.0	0	0.96	0	0	V0.2	0	0	351	306	359	307	358	314	368	323	360	322	358	332	349	332	336	332	327	339	304	333	283	348	272	343	243	383	223	390	178	406	171	484	97	459	141	525	263	585	367	634	480	603	633	578	711	446	794	370	839	394	613	173	845	220	799	344	1000	546	751	216	515	375	523	336	407	374	309	401	223	421	190	407	184	398	186	388	179	381	193	367	192	347	199	335	208
64	170	1	2	119	0	1953125	12	0.0	0	0.96	0	0	V0.2	0	0	346	297	354	297	354	304	365	312	358	312	356	321	351	322	334	324	327	326	311	318	290	337	278	327	252	367	234	374	187	396	178	470	107	456	119	522	213	604	315	652	424	641	580	618	659	495	756	419	811	451	596	167	828	196	797	303	1000	520	740	173	531	327	544	287	429	332	335	370	249	395	212	387	199	380	195	375	182	371	184	361	183	343	188	335	195
64	170	1	2	119	0	1953125	12	0.0	0	0.96	0	0	V0.2	0	0	286	346	290	351	287	362	290	367	286	372	284	378	277	370	273	369	263	358	256	356	254	340	249	354	257	325	272	330	313	281	340	301	402	223	445	182	577	65	673	104	729	296	800	323	782	435	658	561	650	555	410	680	396	705	287	796	470	1000	300	641	23	618	104	555	126	472	207	378	291	336	316	297	325	272	333	240	341	227	339	213	333	197	332	191	318
64	170	1	2	119	0	1953125	12	0.0	0	0.96	0	0	V0.2	0	0	351	304	362	305	362	310	373	320	365	319	364	328	358	327	341	328	336	333	316	326	295	343	283	334	257	375	235	384	189	403	179	478	110	460	132	527	228	611	333	654	443	640	602	615	679	489	783	415	833	444	617	171	846	190	797	295	1000	523	744	187	528	347	545	301	427	350	330	384	247	407	208	398	198	395	191	383	184	380	190	366	188	349	196	340	199
64	170	1	2	119	0	1953125	12	0.0	0	0.96	0	0	V0.2	0	0	349	297	362	296	361	304	373	309	367	306	367	315	363	314	347	314	346	316	324	306	311	324	298	307	279	354	260	360	213	392	203	458	143	456	120	529	155	639	249	686	361	696	520	677	602	562	730	500	783	529	587	209	842	208	803	251	1000	509	729	114	546	267	575	222	460	287	371	338	297	368	253	368	232	370	216	369	197	368	197	358	185	347	186	341	184
64	170	1	2	119	0	1953125	12	0.0	0	0.96	0	0	V0.2	0	0	348	296	361	294	361	297	377	299	375	294	378	300	377	292	366	288	370	287	351	271	349	290	330	263	326	314	312	314	275	357	263	416	236	433	174	514	30	669	107	726	211	780	375	772	455	680	608	635	676	659	515	343	805	327	791	311	1000	583	689	142	560	140	609	92	506	178	430	259	367	301	326	314	291	329	267	336	241	344	228	345	205	337	198	334	184
64	170	1	2	119	0	1953125	12	0.0	0	0.96	0	0	V0.2	0	0	364	402	378	399	383	406	402	403	405	389	421	387	426	359	425	348	444	319	428	299	458	273	436	237	471	221	477	190	478	235	486	217	532	312	469	396	413	680	404	755	352	951	345	967	285	960	312	984	398	999	280	765	683	747	708	707	988	1000	585	475	585	250	679	199	608	69	558	134	527	194	486	242	440	288	403	319	369	341	345	351	309	357	285	365	254
64	170	1	2	119	0	1953125	12	0.0	0	0.96	0	0	V0.2	0	0	367	333	375	338	372	348	379	359	371	365	363	377	355	379	338	380	322	387	299	386	270	396	261	399	214	430	200	443	161	447	167	524	122	485	210	539	376	552	502	578	623	517	786	485	854	335	911	288	957	304	725	325	951	362	858	456	1000	656	772	318	468	499	457	453	341	478	241	471	158	480	145	456	168	436	189	415	200	402	223	380	231	355	244	339	253
64	170	1	2	119	0	1953125	12	0.0	0	0.96	0	0	V0.2	0	0	347	308	355	312	356	319	363	326	357	333	351	341	344	342	328	341	318	348	295	345	269	359	259	359	222	393	201	409	159	417	157	494	91	466	156	524	299	558	407	588	530	544	683	516	753	368	828	310	884	324	674	272	925	313	858	392	1000	585	751	221	473	415	467	375	362	420	263	427	182	443	153	420	166	407	178	392	175	387	195	362	199	344	213	327	222
64	170	1	2	119	0	1953125	12	0.0	0	0.96	0	0	V0.2	0	0	357	328	365	334	363	344	368	354	361	357	352	372	343	371	326	374	315	377	292	377	259	387	250	394	205	421	189	435	159	434	163	512	135	469	215	522	390	517	508	544	627	470	780	442	839	282	882	252	924	252	696	377	943	423	867	509	999	692	770	320	446	501	418	457	306	486	207	469	136	477	133	449	165	427	193	406	203	391	224	366	237	341	250	325	258
64	170	1	2	119	0	1953125	12	0.0	0	0.96	0	0	V0.2	0	0	331	288	339	290	338	295	345	303	341	305	337	315	329	317	315	316	307	321	287	317	264	334	253	328	224	366	206	376	160	393	152	464	82	445	117	509	236	564	336	601	449	568	596	548	666	405	750	342	804	343	620	237	894	282	848	359	1000	557	737	155	483	334	480	305	376	359	286	379	210	399	176	387	172	377	175	368	167	360	180	345	178	327	186	320	192
64	170	1	2	119	0	1953125	12	0.0	0	0.96	0	0	V0.2	0	0	329	290	337	293	336	301	344	310	337	313	331	323	326	324	310	325	300	329	281	327	255	341	244	340	211	376	189	387	147	400	141	472	80	445	144	506	282	537	388	570	503	524	646	500	713	352	775	288	824	288	631	280	900	324	846	415	1000	600	744	211	470	381	447	347	343	395	250	404	174	418	147	401	154	389	164	377	162	364	184	344	187	326	197	311	206
64	170	1	2	119	0	1953125	12	0.0	0	0.96	0	0	V0.2	0	0	322	264	330	264	331	269	340	277	337	273	336	281	333	280	318	276	320	280	298	272	290	288	274	276	261	319	245	327	205	358	192	426	144	426	100	502	89	603	181	645	292	662	437	650	515	536	622	475	693	474	552	264	858	295	824	330	1000	559	700	119	506	184	521	160	430	239	355	288	289	321	249	321	225	327	207	328	189	325	184	321	172	311	169	308	164
64	170	1	2	119	0	1953125	12	0.0	0	0.96	0	0	V0.2	0	0	342	316	352	322	347	332	352	343	342	348	335	360	323	362	309	364	293	370	273	366	243	379	233	385	189	409	174	424	147	426	153	500	138	458	220	512	391	502	505	525	626	453	774	427	836	274	857	247	907	246	677	385	923	426	831	542	1000	734	766	345	458	495	407	445	289	477	191	460	121	464	119	436	155	414	183	392	192	377	216	351	226	328	241	311	249
64	170	1	2	119	0	1953125	12	0.0	0	0.96	0	0	V0.2	0	0	330	347	330	354	327	367	328	377	319	384	311	392	297	394	284	395	265	392	251	398	222	395	220	409	193	406	199	420	229	390	256	446	313	373	381	387	563	280	674	290	773	235	894	232	922	238	850	381	876	384	606	641	761	682	638	804	802	1000	624	586	275	644	192	576	77	550	70	478	163	456	209	412	245	380	275	340	295	318	314	289	321	261	325	241	326
64	170	1	2	119	0	1953125	12	0.0	0	0.96	0	0	V0.2	0	0	336	349	341	356	335	369	337	380	326	388	318	397	309	399	292	400	273	401	258	403	227	400	222	416	189	420	191	437	216	410	239	473	292	399	370	423	559	332	672	337	780	274	907	254	943	217	887	351	905	353	633	635	813	675	697	810	875	999	673	573	309	651	230	578	110	560	61	494	141	475	190	431	231	397	264	360	285	340	306	307	313	281	321	255	325
64	170	1	2	119	0	1953125	12	0.0	0	0.96	0	0	V0.2	0	0	296	334	296	340	294	352	294	362	287	367	278	377	269	374	260	376	243	371	232	372	211	369	209	381	196	370	209	382	243	352	271	394	336	317	403	319	565	217	667	220	758	229	858	238	873	282	786	424	797	432	545	664	675	699	553	795	693	1000	535	603	205	628	134	562	15	522	90	443	185	412	224	371	256	335	280	299	294	279	304	258	307	227	313	212	309
64	170	1	2	119	0	1953125	12	0.0	0	0.96	0	0	V0.2	0	0	281	317	283	325	280	334	282	342	273	348	268	356	257	353	249	357	234	350	225	354	209	344	204	358	199	344	213	353	250	317	278	352	342	278	400	267	548	149	644	165	724	233	818	250	822	320	725	459	724	462	486	662	587	704	463	790	622	1000	466	601	145	607	94	543	40	491	127	410	217	375	252	331	272	299	291	265	306	241	314	225	312	199	312	184	309
64	170	1	2	119	0	1953125	12	0.0	0	0.96	0	0	V0.2	0	0	324	296	329	299	329	310	331	319	325	324	318	337	308	339	290	341	279	346	257	346	228	357	219	364	177	388	159	405	130	408	131	482	115	438	192	498	367	489	468	520	603	461	740	439	814	295	834	269	888	258	665	355	898	411	805	539	1000	727	748	338	450	480	410	429	290	455	190	439	114	442	107	419	134	397	163	376	174	360	197	341	205	315	221	298	233
64	170	1	2	119	0	1953125	12	0.0	0	0.96	0	0	V0.2	0	0	305	259	313	262	312	266	322	274	317	275	312	285	306	286	291	284	287	292	268	286	251	301	237	297	211	337	193	349	150	370	137	439	71	422	78	498	199	558	288	590	414	585	549	562	628	442	706	374	772	373	602	253	870	282	810	370	1000	580	728	173	487	309	480	278	375	328	291	348	216	364	178	354	163	348	155	340	147	337	153	325	151	310	160	297	165
64	170	1	2	119	0	1953125	12	0.0	0	0.96	0	0	V0.2	0	0	305	259	314	259	313	265	322	271	318	274	314	282	308	283	295	282	289	288	270	284	254	301	240	297	212	335	196	349	150	369	136	443	71	423	73	500	202	556	290	595	418	583	556	565	640	443	715	384	779	378	608	254	876	288	810	371	999	588	737	188	499	315	486	281	378	336	288	352	216	371	172	361	158	353	150	346	140	339	151	327	153	311	156	302	164
64	170	1	2	119	0	1953125	12	0.0	0	0.96	0	0	V0.2	0	0	298	248	306	248	308	253	318	259	313	259	311	266	307	266	295	264	290	270	273	264	260	280	247	274	226	315	212	323	169	350	158	420	101	411	66	488	144	567	226	609	352	616	481	597	565	482	656	428	728	421	574	259	851	284	807	360	1000	581	721	161	499	252	501	223	397	283	316	316	248	337	202	333	179	332	164	330	147	326	149	322	139	306	145	298	149
64	170	1	2	119	0	1953125	12	0.0	0	0.96	0	0	V0.2	0	0	328	299	337	305	332	316	338	324	331	329	320	341	311	343	296	344	282	351	264	351	232	362	222	369	179	395	162	413	128	417	125	490	111	444	197	508	373	512	478	541	609	486	753	460	820	313	852	282	899	286	688	380	926	420	833	535	1000	739	789	359	461	482	428	444	299	466	202	453	119	452	106	425	134	404	159	384	174	366	195	348	207	320	220	305	233
64	170	1	2	119	0	1953125	12	0.0	0	0.96	0	0	V0.2	0	0	311	259	325	257	323	261	338	265	335	257	337	263	336	258	325	255	328	257	309	243	306	260	292	242	283	287	273	293	235	332	230	396	197	401	132	496	28	613	116	676	234	711	371	706	458	613	574	569	651	572	519	336	817	350	785	352	1000	618	725	191	531	139	557	115	465	186	393	250	332	285	288	298	253	307	227	317	200	321	188	317	168	312	161	308	152
64	170	1	2	119	0	1953125	12	0.0	0	0.96	0	0	V0.2	0	0	306	268	314	270	313	275	319	288	312	290	308	297	301	300	285	302	278	308	258	306	235	319	225	318	190	353	172	368	130	379	117	456	61	421	115	490	273	518	355	561	491	525	626	507	701	370	757	319	818	317	624	263	852	314	798	460	1000	639	767	253	479	370	456	339	342	381	247	388	168	400	132	383	133	369	143	353	142	345	159	331	165	310	178	298	187
64	170	1	2	119	0	1953125	12	0.0	0	0.96	0	0	V0.2	0	0	326	302	331	308	329	317	332	329	324	333	316	346	305	346	291	349	276	355	258	353	226	364	217	369	177	393	159	409	135	408	136	483	128	431	212	492	390	487	484	508	617	455	747	419	811	281	852	253	882	260	663	384	886	425	820	583	1000	748	779	370	444	495	407	450	283	467	184	452	111	451	105	423	137	402	168	377	180	362	205	338	215	314	230	297	240
64	170	1	2	119	0	1953125	12	0.0	0	0.96	0	0	V0.2	0	0	308	258	320	255	321	258	334	263	331	259	332	264	331	263	317	258	321	262	299	251	296	268	281	251	270	295	260	302	222	335	216	400	177	403	110	496	55	614	141	658	260	699	394	683	475	590	600	537	659	543	536	315	814	325	787	334	1000	596	739	176	535	172	558	142	456	205	380	265	316	297	273	307	237	315	213	321	190	321	181	320	162	310	156	307	149
64	170	1	2	119	0	1953125	12	0.0	0	0.96	0	0	V0.2	0	0	313	273	320	275	322	281	329	291	322	294	315	303	309	306	294	306	286	312	267	311	244	322	232	325	196	359	179	375	135	386	126	462	63	431	116	504	271	544	365	579	499	551	634	525	714	399	781	345	827	345	640	263	866	297	789	433	1000	643	794	271	498	383	480	353	356	386	258	396	178	408	142	389	137	378	145	363	143	354	159	335	169	318	180	305	189
64	170	1	2	119	0	1953125	12	0.0	0	0.96	0	0	V0.2	0	0	299	247	306	248	306	251	315	260	308	259	308	267	303	265	294	266	288	271	269	264	259	279	244	274	224	308	212	325	169	346	160	419	104	403	64	490	143	565	218	609	346	613	476	598	561	493	656	438	710	433	561	240	806	252	776	358	1000	588	747	178	506	242	510	221	402	271	319	310	249	332	206	331	183	327	167	325	152	321	151	316	141	303	143	293	148
64	170	1	2	119	0	1953125	12	0.0	0	0.96	0	0	V0.2	0	0	296	255	305	256	303	262	313	270	304	272	302	281	294	283	281	285	273	290	255	285	237	298	223	298	195	332	180	347	136	362	126	435	60	407	90	482	225	529	302	559	434	541	558	520	638	398	714	340	760	335	587	244	821	275	795	430	1000	611	745	220	473	327	463	300	348	342	263	361	189	370	151	360	140	352	139	339	137	333	145	316	153	301	161	290	169
64	170	1	2	119	0	1953125	12	0.0	0	0.96	0	0	V0.2	0	0	292	243	300	243	299	248	308	256	304	256	300	264	295	264	280	266	276	271	259	265	245	280	231	277	209	311	197	325	152	349	141	416	83	401	59	481	167	552	245	584	370	582	496	563	576	451	668	398	719	389	565	251	818	275	798	383	1000	597	740	180	483	267	489	248	378	293	298	324	224	340	186	336	162	331	150	326	138	323	140	309	138	298	143	289	150
64	170	1	2	119	0	1953125	12	0.0	0	0.96	0	0	V0.2	0	0	281	225	291	225	292	227	301	234	297	231	300	237	296	236	283	235	285	237	266	230	262	246	248	233	238	273	228	281	190	312	187	378	149	379	84	466	64	564	135	608	255	636	378	628	460	534	568	496	629	481	508	305	779	307	778	379	1000	625	702	189	492	169	510	143	412	200	342	250	282	276	240	285	208	289	184	293	163	294	154	291	141	283	134	278	130
64	170	1	2	119	0	1953125	12	0.0	0	0.96	0	0	V0.2	0	0	306	274	319	269	323	270	341	269	340	258	351	257	352	240	347	237	357	222	340	205	357	206	338	170	356	197	360	181	348	231	359	268	369	316	325	411	252	600	255	665	215	789	254	804	259	763	326	768	407	766	328	633	667	622	725	671	1000	973	583	478	465	252	549	190	487	73	454	58	435	107	403	148	364	187	337	213	313	229	294	240	266	249	248	260	222
64	170	1	2	119	0	1953125	12	0.0	0	0.96	0	0	V0.2	0	0	275	299	286	293	292	296	309	292	310	280	326	276	333	254	330	249	343	226	331	209	353	194	337	166	362	155	370	134	370	176	381	184	409	260	368	344	319	550	318	610	270	757	273	774	245	747	291	755	372	757	311	629	645	599	721	650	1000	936	576	433	470	206	548	137	484	19	444	101	415	155	376	194	334	229	300	252	271	268	252	280	218	284	199	290	176
64	170	1	2	119	0	1953125	12	0.0	0	0.96	0	0	V0.2	0	0	281	286	293	279	297	279	317	276	318	262	333	259	337	238	332	233	346	217	330	197	347	197	330	163	348	178	351	167	341	217	345	245	357	306	302	395	225	582	214	635	168	754	212	756	236	703	370	692	445	693	378	518	691	486	733	498	1000	796	637	321	503	124	558	52	472	67	416	169	371	215	331	243	289	266	256	285	228	292	210	299	182	294	169	296	155
64	170	1	2	119	0	1953125	12	0.0	0	0.96	0	0	V0.2	0	0	251	304	257	301	260	308	273	305	272	297	289	297	291	277	294	274	301	251	293	240	316	216	303	202	333	163	345	140	365	127	382	71	429	141	422	186	434	391	463	444	438	624	428	654	373	676	246	725	238	734	91	698	394	674	458	719	742	1000	372	540	337	360	428	298	399	187	395	93	408	83	385	106	356	144	337	168	315	185	300	204	274	215	253	228	228
64	170	1	2	119	0	1953125	12	0.0	0	0.96	0	0	V0.2	0	0	285	249	297	242	300	241	315	243	316	234	321	235	321	228	312	223	317	223	300	213	299	227	282	211	276	251	269	261	231	303	225	365	193	383	120	474	26	587	121	625	237	658	376	634	463	529	595	475	644	457	533	268	798	269	771	365	1000	604	734	159	483	239	486	229	371	285	289	326	215	343	171	340	151	334	140	327	133	321	141	304	147	291	155	279	166
64	170	1	2	119	0	1953125	12	0.0	0	0.96	0	0	V0.2	0	0	230	287	235	285	237	292	249	289	250	284	262	282	265	265	267	261	277	238	271	229	292	205	282	195	309	157	324	135	346	110	371	47	418	102	420	142	433	336	468	401	450	575	451	612	397	640	268	694	255	703	97	698	394	699	445	761	698	1000	339	542	280	366	383	308	371	201	370	105	386	81	367	89	342	121	323	143	303	160	291	180	266	185	248	201	223
64	170	1	2	119	0	1953125	12	0.0	0	0.96	0	0	V0.2	0	0	292	249	305	244	306	243	319	248	319	240	321	246	319	241	308	240	308	244	292	231	285	251	268	239	253	277	245	292	199	324	193	392	144	393	86	473	90	557	168	590	300	595	437	567	523	441	633	375	689	369	570	251	813	257	797	415	1000	598	710	173	446	297	444	281	327	331	241	358	163	369	132	356	127	345	133	333	138	323	152	301	168	286	178	267	190
64	170	1	2	119	0	1953125	12	0.0	0	0.96	0	0	V0.2	0	0	303	323	317	318	320	322	339	318	342	305	358	300	365	276	359	272	371	250	359	229	380	221	358	186	385	183	392	165	385	211	396	223	419	296	374	380	311	590	298	649	227	798	230	802	209	764	309	759	397	775	366	624	687	600	734	599	1000	905	594	385	494	158	576	98	503	26	459	146	421	197	386	233	341	262	309	289	280	300	256	310	227	313	209	316	191
64	170	1	2	119	0	1953125	12	0.0	0	0.96	0	0	V0.2	0	0	257	307	262	305	265	312	279	309	282	300	296	298	299	278	299	275	309	251	302	239	322	216	313	199	339	165	353	139	368	130	391	79	437	150	429	197	434	400	460	459	426	642	419	663	352	684	221	724	224	738	135	710	430	696	495	742	763	1000	367	524	344	337	433	281	410	171	405	83	412	88	389	114	358	155	334	181	314	197	298	217	271	222	253	235	227
64	170	1	2	119	0	1953125	12	0.0	0	0.96	0	0	V0.2	0	0	287	258	300	251	304	252	317	253	318	243	324	242	327	232	317	228	324	225	309	209	312	222	294	199	294	239	288	245	253	289	249	349	225	375	159	461	30	590	80	629	178	676	314	652	396	553	539	493	594	488	517	291	783	293	779	361	1000	604	713	141	482	192	499	179	390	248	317	302	246	323	205	326	173	325	161	322	145	323	147	310	146	299	154	286	160
64	170	1	2	119	0	1953125	12	0.0	0	0.96	0	0	V0.2	0	0	267	272	276	267	279	272	294	269	296	259	309	257	310	238	308	234	317	216	307	198	326	188	312	161	332	145	343	121	349	142	369	123	404	184	391	246	376	431	406	490	370	640	377	657	319	663	209	699	218	705	130	680	416	695	474	742	713	1000	344	540	292	373	380	318	364	220	370	126	390	104	374	103	349	128	333	140	319	152	311	163	289	174	276	180	255
64	170	1	2	119	0	1953125	12	0.0	0	0.96	0	0	V0.2	0	0	283	318	292	313	294	320	312	316	315	304	330	299	336	276	336	272	348	248	334	231	359	214	343	184	369	165	380	138	385	166	403	151	444	225	414	302	384	516	392	578	342	744	327	755	265	742	216	758	282	768	258	666	577	664	672	713	931	1000	499	486	426	257	518	193	468	79	446	76	431	124	397	166	357	207	328	235	302	250	281	267	248	272	231	282	206
64	170	1	2	119	0	1953125	12	0.0	0	0.96	0	0	V0.2	0	0	296	249	304	248	304	252	314	259	310	258	308	265	304	264	292	262	292	265	274	257	262	272	247	263	230	300	220	310	174	339	167	405	116	399	69	481	115	563	186	599	301	606	421	579	491	459	599	397	649	396	531	240	794	254	790	372	1000	584	704	127	470	215	488	192	381	254	313	302	248	322	211	321	186	319	174	317	157	315	155	308	147	295	148	290	148
64	170	1	2	119	0	1953125	12	0.0	0	0.96	0	0	V0.2	0	0	305	263	317	257	319	261	333	262	331	256	337	258	335	247	325	247	330	242	313	228	318	239	300	216	303	252	297	254	263	298	266	348	252	373	191	462	71	606	74	654	129	724	240	709	302	621	444	580	507	586	444	385	739	394	774	430	1000	714	630	244	485	90	540	23	454	95	401	190	360	223	322	247	285	265	259	279	235	287	219	290	199	285	183	287	169
64	170	1	2	119	0	1953125	12	0.0	0	0.96	0	0	V0.2	0	0	312	265	322	268	321	272	329	282	323	282	318	294	312	293	299	293	296	297	277	290	260	303	247	298	223	331	207	344	160	366	152	433	85	422	89	496	186	563	269	596	381	591	504	555	569	419	668	344	699	351	555	214	815	246	791	375	1000	572	720	139	471	285	487	259	369	309	296	346	220	360	188	355	172	346	172	341	160	338	164	325	165	312	169	300	174
64	170	1	2	119	0	1953125	12	0.0	0	0.96	0	0	V0.2	0	0	302	258	313	258	313	262	322	269	318	267	317	275	312	274	298	276	297	277	279	270	266	283	251	275	234	310	218	320	176	346	166	412	111	407	78	486	134	569	210	605	323	612	443	584	511	457	618	391	656	390	521	207	796	233	780	348	1000	567	697	115	474	233	498	209	385	266	313	316	245	333	210	332	190	329	178	327	162	325	164	316	157	304	157	296	160
64	170	1	2	119	0	1953125	12	0.0	0	0.96	0	0	V0.2	0	0	312	270	319	271	317	277	328	285	320	284	317	296	310	295	297	297	292	301	270	296	254	308	240	303	215	338	197	348	151	370	141	438	76	421	104	492	219	551	304	584	418	571	538	534	600	395	692	324	713	319	552	218	815	251	781	400	1000	588	726	180	472	317	480	286	355	330	274	362	203	374	170	364	162	355	161	345	155	342	163	329	162	312	174	300	181
64	170	1	2	119	0	1953125	12	0.0	0	0.96	0	0	V0.2	0	0	304	252	313	250	316	253	326	259	322	256	324	264	319	261	308	259	308	261	289	250	285	266	269	248	259	287	249	296	206	331	199	389	160	400	99	480	56	595	133	637	239	672	366	649	430	538	552	483	595	475	481	249	768	253	773	340	1000	592	671	134	498	161	527	126	418	197	353	263	295	288	258	295	228	300	207	305	187	310	179	304	164	296	160	294	153
64	170	1	2	119	0	1953125	12	0.0	0	0.96	0	0	V0.2	0	0	310	260	322	259	322	263	336	266	332	263	332	270	331	264	318	264	319	265	303	252	298	269	279	250	273	289	261	293	221	333	215	388	181	401	117	486	40	610	118	653	226	698	345	673	416	562	548	514	597	509	479	270	768	269	779	327	1000	589	661	132	514	155	546	111	441	184	371	258	317	285	278	294	244	303	221	310	199	315	190	310	173	301	167	302	157
64	170	1	2	119	0	1953125	12	0.0	0	0.96	0	0	V0.2	0	0	317	265	327	263	329	265	343	270	339	264	342	270	339	262	328	260	332	260	314	249	311	263	293	242	292	280	282	284	243	326	235	379	208	402	142	488	5	629	90	666	188	733	312	704	380	604	526	557	567	557	457	302	754	301	769	340	1000	612	659	161	527	133	566	76	457	152	393	235	339	266	301	281	266	293	240	302	218	309	206	310	182	303	175	303	163
64	170	1	2	119	0	1953125	12	0.0	0	0.96	0	0	V0.2	0	0	647	663	679	676	668	678	695	707	692	683	685	699	699	676	662	664	667	663	636	622	616	621	627	598	571	585	609	598	584	562	621	612	631	557	634	602	599	664	661	640	672	668	675	651	577	745	692	676	502	625	1000	480	353	501	758	683	739	407	779	624	466	544	543	614	577	525	503	607	624	562	547	561	612	609	569	555	572	597	588	554	538	551	559	540	515
64	170	1	2	119	0	1953125	12	0.0	0	0.96	0	0	V0.2	0	0	285	254	287	260	285	270	284	284	270	293	266	305	249	307	240	313	220	313	203	321	182	314	177	326	166	320	173	324	214	293	251	311	312	241	384	200	513	99	603	118	656	270	715	312	681	414	544	527	493	540	236	681	300	722	271	807	517	1000	217	598	176	501	274	419	296	304	333	192	374	142	369	117	352	136	335	147	321	167	305	187	276	201	255	221	225
64	170	1	2	119	0	1953125	12	0.0	0	0.96	0	0	V0.2	0	0	302	248	306	247	307	264	306	272	293	289	282	307	257	313	248	326	221	321	205	328	198	314	195	320	220	288	252	264	311	208	358	150	423	96	450	101	474	341	492	454	433	665	388	702	271	716	233	709	336	680	335	462	671	409	757	414	1000	628	660	153	504	229	504	237	364	328	242	365	136	387	91	367	122	340	171	303	204	273	244	238	264	195	279	168	282
64	170	1	2	119	0	1953125	12	0.0	0	0.96	0	0	V0.2	0	0	268	269	281	262	286	259	307	256	307	242	316	241	323	223	315	219	325	211	307	195	316	209	297	182	302	224	294	231	258	283	248	345	221	369	149	459	20	583	99	626	231	663	363	625	464	502	587	427	657	400	524	226	790	266	800	406	1000	563	661	185	443	329	437	300	313	347	214	365	132	375	103	356	115	340	140	320	155	305	177	282	193	260	209	240	221
64	170	1	2	119	0	1953125	12	0.0	0	0.96	0	0	V0.2	0	0	291	246	306	243	309	243	318	250	317	247	311	259	306	263	286	268	277	277	252	283	222	301	205	306	166	336	141	355	116	354	133	408	164	350	261	364	434	307	535	275	644	224	729	187	741	247	667	382	639	423	364	670	457	732	387	846	571	1000	286	588	66	542	189	457	236	364	291	247	354	186	359	146	352	140	340	137	327	158	314	179	285	196	266	217	231
64	170	2	2	119	0	1953125	12	0.0	0	0.96	0	0	V0.2	0	0	302	265	309	268	307	276	316	284	306	287	302	299	293	300	280	302	268	306	251	305	227	317	216	317	182	349	165	364	122	378	114	449	63	420	131	485	283	527	372	551	496	527	611	486	680	342	750	289	789	281	607	305	848	357	816	483	1000	629	708	256	438	403	446	358	318	384	229	397	153	397	124	379	128	364	139	348	145	339	161	322	164	301	180	289	190
64	170	1	2	119	0	1953125	12	0.0	0	0.96	0	0	V0.2	0	0	299	287	307	282	313	285	331	281	330	272	343	269	345	249	340	245	352	225	339	207	358	200	340	164	366	166	370	142	370	185	381	185	416	256	379	328	355	537	367	591	338	745	338	747	273	738	229	769	277	770	213	707	524	703	590	747	817	1000	393	506	383	349	483	287	436	180	429	86	432	84	409	111	376	149	356	170	336	186	323	200	295	209	281	220	256
64	170	1	2	119	0	1953125	12	0.0	0	0.96	0	0	V0.2	0	0	321	272	331	269	336	271	349	274	345	266	354	269	351	259	341	258	346	253	330	237	332	253	314	226	315	266	311	264	278	311	274	363	261	392	197	481	73	639	80	686	136	757	249	739	310	646	478	620	538	628	460	423	760	409	787	430	1000	713	634	233	502	102	574	32	479	95	421	195	378	231	340	252	300	274	274	289	249	297	230	303	208	297	196	301	177
64	170	1	2	119	0	1953125	12	0.0	0	0.96	0	0	V0.2	0	0	251	309	255	308	256	315	264	317	264	312	276	310	277	295	275	292	284	271	276	262	296	238	288	231	315	193	328	177	354	145	376	87	431	105	438	119	483	310	531	366	521	550	529	570	455	615	286	683	256	691	35	715	325	726	368	757	601	1000	261	559	264	421	365	363	350	259	365	155	393	126	381	118	357	139	344	151	325	166	319	177	290	187	276	203	253
64	170	1	2	119	0	1953125	12	0.0	0	0.96	0	0	V0.2	0	0	304	288	319	281	322	284	338	283	336	272	351	271	355	253	348	245	360	230	346	207	365	204	346	166	367	176	372	156	366	203	378	220	407	283	369	369	331	571	350	637	308	778	320	778	264	762	245	781	295	775	234	660	563	676	631	714	879	1000	489	517	418	325	515	264	455	150	443	68	438	84	412	120	376	161	355	183	334	204	317	221	294	225	276	237	251
64	170	1	2	119	0	1953125	12	0.0	0	0.96	0	0	V0.2	0	0	318	293	333	286	333	288	353	287	354	276	366	274	365	258	359	251	372	237	357	215	371	219	354	179	372	202	375	190	358	243	366	277	386	332	341	424	273	624	281	692	237	818	269	818	239	776	304	781	373	772	318	619	660	626	737	685	1000	992	569	483	466	267	559	202	489	82	460	69	448	114	415	157	377	195	351	221	326	240	309	253	278	260	259	268	234
64	170	1	2	119	0	1953125	12	0.0	0	0.96	0	0	V0.2	0	0	290	246	303	241	304	243	318	244	314	238	319	244	318	234	310	234	313	232	295	218	299	231	283	207	281	247	278	247	245	287	243	346	226	369	173	454	57	589	77	636	145	699	255	685	314	591	449	559	511	557	437	365	723	361	778	441	1000	701	633	254	476	102	527	28	432	100	381	185	340	220	302	238	268	255	240	270	220	277	205	278	180	278	166	279	152
64	170	1	2	119	0	1953125	12	0.0	0	0.96	0	0	V0.2	0	0	330	287	341	281	345	282	361	283	360	272	369	275	370	259	360	257	370	247	351	227	362	238	341	203	354	238	351	228	330	284	327	324	336	376	273	468	194	659	186	707	155	816	223	799	231	728	371	716	442	725	381	535	713	534	765	552	1000	868	634	387	497	177	579	118	490	20	454	123	425	166	393	202	351	232	325	255	298	267	278	283	254	281	237	286	212
64	170	1	2	119	0	1953125	12	0.0	0	0.96	0	0	V0.2	0	0	302	254	314	250	316	254	329	257	328	248	333	251	331	244	322	242	325	240	309	225	310	241	293	215	294	256	287	256	255	301	250	356	233	385	166	472	60	621	88	661	148	729	269	708	321	618	461	580	522	583	439	370	733	366	759	402	1000	695	662	247	496	106	546	36	452	101	393	194	349	227	313	248	278	264	251	279	228	286	213	286	189	287	177	288	162
64	170	1	2	119	0	1953125	12	0.0	0	0.96	0	0	V0.2	0	0	344	317	356	309	357	315	377	312	379	299	389	299	392	278	385	277	396	260	378	238	398	238	374	196	396	219	394	200	385	257	386	277	407	347	353	441	298	658	301	713	255	852	272	847	221	802	289	812	345	829	284	651	627	632	693	643	975	1000	585	504	494	297	579	234	506	113	483	81	467	119	442	163	404	204	375	232	350	248	333	267	303	270	282	284	256
64	170	1	2	119	0	1953125	12	0.0	0	0.96	0	0	V0.2	0	0	337	306	350	300	353	302	370	300	371	287	383	287	382	270	377	266	386	253	370	233	383	237	362	200	379	228	377	217	359	274	359	305	374	367	308	462	238	667	241	724	204	852	248	841	233	795	340	785	381	801	310	571	632	549	698	547	999	919	636	448	521	249	589	183	505	65	474	94	451	141	422	182	379	218	353	244	326	261	310	272	278	281	258	287	236
64	170	1	2	119	0	1953125	12	0.0	0	0.96	0	0	V0.2	0	0	337	306	350	300	353	302	370	300	371	287	383	287	382	270	377	266	386	253	370	233	383	237	362	200	379	228	377	217	359	274	359	305	374	367	308	462	238	667	241	724	204	852	248	841	233	795	340	785	381	801	310	571	632	549	698	547	999	919	636	448	521	249	589	183	505	65	474	94	451	141	422	182	379	218	353	244	326	261	310	272	278	281	258	287	236
64	170	1	2	119	0	1953125	12	0.0	0	0.96	0	0	V0.2	0	0	338	307	354	301	355	305	377	302	375	291	385	290	387	272	381	268	392	253	372	233	388	235	368	197	385	225	382	211	371	268	367	298	383	362	323	457	252	673	254	725	223	867	268	859	243	820	330	806	369	816	304	605	633	578	687	566	999	936	618	463	524	271	595	203	509	80	482	85	458	131	434	174	392	210	360	241	336	259	317	274	290	277	270	289	243
64	170	1	2	119	0	1953125	12	0.0	0	0.96	0	0	V0.2	0	0	265	295	272	293	275	299	288	297	289	291	300	287	302	270	299	267	308	246	299	236	320	215	305	205	330	171	338	152	359	137	374	80	427	122	424	148	471	342	522	384	521	560	545	573	485	620	340	680	306	674	122	684	231	665	234	705	541	1000	238	613	194	514	267	439	260	344	301	246	340	212	346	182	335	180	330	163	324	160	323	157	310	155	302	155	283
64	170	1	2	119	0	1953125	12	0.0	0	0.96	0	0	V0.2	0	0	290	303	300	295	305	301	320	299	319	292	334	287	335	267	333	263	344	242	331	226	355	208	336	185	361	165	365	139	376	159	388	132	435	206	408	266	417	477	444	529	426	701	440	709	369	724	234	760	226	766	42	682	337	659	380	674	701	1000	348	589	328	445	396	375	369	262	386	165	406	137	397	130	375	148	360	157	346	166	338	177	317	183	302	194	280
64	170	1	2	119	0	1953125	12	0.0	0	0.96	0	0	V0.2	0	0	288	306	296	303	299	309	314	303	314	297	326	293	332	271	329	271	338	249	326	232	349	216	329	195	357	169	364	147	376	158	385	113	437	185	416	232	439	439	472	485	459	657	469	664	401	694	250	739	225	745	35	688	280	655	320	677	628	1000	305	603	292	473	355	404	337	295	362	196	389	163	386	149	368	159	356	157	347	166	340	175	316	177	307	185	285
64	170	1	2	119	0	1953125	12	0.0	0	0.96	0	0	V0.2	0	0	266	295	272	294	276	297	289	295	292	288	301	286	303	268	303	264	312	245	299	233	322	211	308	199	331	167	340	149	359	138	374	80	430	133	423	162	462	352	507	397	504	572	521	583	469	628	316	684	289	675	99	662	228	651	259	707	560	1000	251	613	200	497	266	426	269	330	305	238	344	201	347	176	337	173	330	160	326	158	321	162	305	156	296	161	280
64	170	1	2	119	0	1953125	12	0.0	0	0.96	0	0	V0.2	0	0	264	306	272	304	274	313	285	311	285	306	296	302	299	286	296	286	302	266	294	257	312	235	300	228	323	192	333	181	356	153	370	99	432	112	432	109	495	291	546	326	558	508	585	524	536	577	380	643	351	640	185	667	199	649	174	706	483	1000	214	621	139	535	200	461	215	373	267	280	319	246	327	216	324	204	326	183	325	175	324	166	315	160	305	161	290
64	170	1	2	119	0	1953125	12	0.0	0	0.96	0	0	V0.2	0	0	264	307	272	306	277	312	287	313	286	306	297	304	298	289	297	286	303	266	295	257	315	236	299	230	323	191	334	180	358	151	374	98	435	113	435	109	496	298	546	333	562	523	589	534	543	593	386	647	357	645	178	663	194	652	190	716	490	1000	214	625	148	536	203	462	221	371	268	280	321	245	332	212	329	203	325	182	328	174	325	172	313	162	308	161	290
64	170	1	2	119	0	1953125	12	0.0	0	0.96	0	0	V0.2	0	0	279	304	285	304	289	310	301	307	303	298	315	296	319	278	317	273	325	253	316	241	338	220	320	205	348	171	356	153	373	146	384	88	440	153	424	178	466	389	500	426	504	617	524	626	471	667	309	713	279	710	95	679	230	654	264	705	573	1000	235	610	228	498	289	428	290	330	322	234	360	199	364	176	351	177	343	164	339	166	333	170	315	166	308	173	288
64	170	1	2	119	0	1953125	12	0.0	0	0.96	0	0	V0.2	0	0	293	312	304	309	305	315	321	312	321	304	336	299	338	281	334	276	346	255	335	237	360	218	341	195	367	170	372	148	386	163	394	121	442	198	418	245	436	466	462	510	453	698	470	705	406	735	254	773	239	770	29	685	296	664	341	683	651	1000	296	589	305	460	374	395	359	293	373	193	402	161	397	149	377	162	364	161	353	171	348	179	327	184	313	193	290
64	170	1	2	119	0	1953125	12	0.0	0	0.96	0	0	V0.2	0	0	289	298	297	294	302	299	317	297	318	287	330	284	332	265	332	262	340	239	331	223	351	206	337	179	361	162	367	139	374	163	385	132	431	208	404	260	407	475	425	525	414	709	427	710	371	738	239	767	236	761	36	669	351	651	404	695	714	1000	316	569	312	423	391	361	371	255	383	164	405	132	393	130	372	149	357	156	344	166	337	174	316	182	300	195	276
64	170	1	2	119	0	1953125	12	0.0	0	0.96	0	0	V0.2	0	0	308	304	320	300	322	304	339	303	340	293	353	288	356	268	352	262	364	242	354	222	374	212	354	179	380	173	383	146	383	188	392	173	431	251	395	318	381	541	398	590	369	771	387	771	327	779	226	801	231	803	97	679	426	666	470	675	771	1000	379	549	366	388	450	331	416	226	418	135	425	119	412	127	387	155	371	169	354	183	343	197	316	206	300	220	274
64	170	1	2	119	0	1953125	12	0.0	0	0.96	0	0	V0.2	0	0	258	293	264	291	268	297	279	299	277	290	291	287	293	270	292	268	301	247	291	236	314	215	298	206	326	168	336	153	353	134	374	69	427	113	423	131	462	326	507	373	518	563	549	572	500	629	356	679	331	677	125	683	258	682	250	733	546	1000	210	587	169	492	253	428	260	341	297	249	336	212	340	186	330	177	327	160	324	156	321	150	309	149	300	154	282
64	170	1	2	119	0	1953125	12	0.0	0	0.96	0	0	V0.2	0	0	315	268	326	267	327	271	336	279	331	277	330	288	322	285	312	285	306	292	288	284	272	301	260	291	235	332	223	342	175	364	161	438	98	426	91	499	174	583	261	622	380	634	514	606	589	495	687	428	715	434	558	196	793	194	744	303	1000	560	708	143	488	273	515	227	401	288	318	329	248	352	209	348	192	345	178	340	164	339	164	331	155	317	164	307	167
64	170	1	2	119	0	1953125	12	0.0	0	0.96	0	0	V0.2	0	0	273	291	280	289	283	293	298	290	299	284	311	280	312	262	312	258	322	239	309	223	334	203	318	185	344	155	353	133	364	140	382	85	427	159	409	200	429	406	461	448	457	637	475	639	423	680	274	728	271	737	57	688	294	672	321	713	611	1000	239	567	234	449	324	393	314	297	341	202	370	167	368	151	350	157	341	151	332	154	325	162	307	162	299	169	278
64	170	1	2	119	0	1953125	12	0.0	0	0.96	0	0	V0.2	0	0	267	297	274	296	279	301	293	298	291	293	306	287	308	270	308	265	315	246	305	233	328	212	313	198	341	162	349	145	366	137	381	79	430	141	414	171	449	375	490	414	492	604	509	608	462	654	307	713	299	729	92	701	266	678	271	708	552	1000	224	578	206	470	291	414	290	324	321	227	357	194	359	170	344	170	338	155	331	156	327	159	313	157	302	163	285
64	170	1	2	119	0	1953125	12	0.0	0	0.96	0	0	V0.2	0	0	373	345	380	349	377	361	381	372	372	375	365	389	353	391	336	393	317	399	295	398	266	407	254	416	206	440	191	456	165	451	173	535	161	482	254	529	442	530	568	562	698	513	848	466	903	309	944	267	959	313	731	357	887	363	774	564	1000	798	803	410	452	555	464	489	321	507	212	497	141	499	131	470	169	447	199	422	210	405	238	380	248	357	262	333	271
64	170	1	2	119	0	1953125	12	0.0	0	0.96	0	0	V0.2	0	0	282	300	291	298	294	301	309	300	310	292	323	290	326	269	326	265	336	243	326	227	346	210	330	188	357	161	367	134	378	149	388	102	435	173	410	227	421	440	453	493	446	677	465	688	416	723	268	768	274	787	67	700	301	686	311	679	613	1000	271	564	275	450	363	393	348	292	367	195	391	159	387	144	366	155	355	153	347	159	335	166	318	169	305	180	283
64	170	1	2	119	0	1953125	12	0.0	0	0.96	0	0	V0.2	0	0	282	300	291	298	294	301	309	300	310	292	323	290	326	269	326	265	336	243	326	227	346	210	330	188	357	161	367	134	378	149	388	102	435	173	410	227	421	440	453	493	446	677	465	688	416	723	268	768	274	787	67	700	301	686	311	679	613	1000	271	564	275	450	363	393	348	292	367	195	391	159	387	144	366	155	355	153	347	159	335	166	318	169	305	180	283
64	170	1	2	119	0	1953125	12	0.0	0	0.96	0	0	V0.2	0	0	266	296	274	294	278	300	291	299	291	290	301	287	306	270	303	267	313	244	304	232	325	214	309	199	337	166	346	145	361	142	375	76	429	136	409	162	444	363	480	405	488	598	509	609	470	653	315	707	306	725	119	678	246	663	267	708	541	1000	212	564	197	470	281	417	281	326	316	233	354	196	356	171	342	170	337	157	329	156	327	154	313	156	299	161	284
64	170	1	2	119	0	1953125	12	0.0	0	0.96	0	0	V0.2	0	0	331	312	342	306	345	310	365	307	367	296	377	293	380	273	377	268	387	248	372	227	392	223	371	183	394	194	397	172	391	222	396	225	424	300	372	378	329	606	331	659	297	835	323	841	282	823	259	844	296	872	177	675	503	654	547	643	857	1000	455	509	423	333	520	288	469	176	460	100	454	104	435	135	404	172	382	194	361	215	342	231	314	236	299	251	273
64	170	1	2	119	0	1953125	12	0.0	0	0.96	0	0	V0.2	0	0	302	315	316	308	319	313	334	311	336	301	350	297	351	275	350	272	360	250	349	231	371	217	354	186	380	172	386	148	391	177	397	147	440	228	401	288	394	511	414	562	399	747	410	758	359	763	226	799	239	842	58	691	347	671	385	668	692	1000	336	556	336	414	420	363	399	257	407	161	422	134	414	132	390	157	373	163	360	178	349	187	330	195	310	208	285
64	170	1	2	119	0	1953125	12	0.0	0	0.96	0	0	V0.2	0	0	357	318	369	311	372	313	391	313	390	304	398	304	403	285	394	282	403	268	388	245	399	252	380	213	394	249	389	238	371	293	365	330	373	388	305	479	201	698	185	758	162	896	259	898	276	846	399	833	444	872	334	566	656	549	677	499	1000	879	632	404	529	203	615	150	538	42	500	110	462	166	434	205	394	238	364	264	337	284	316	296	286	299	265	309	240
64	170	1	2	119	0	1953125	12	0.0	0	0.96	0	0	V0.2	0	0	345	303	357	296	363	299	379	300	380	289	388	289	388	274	382	268	391	256	375	237	385	243	368	206	378	242	377	233	356	285	357	328	361	376	300	466	194	674	179	736	157	873	255	873	278	825	392	813	446	839	339	556	662	537	684	521	1000	881	617	402	507	196	596	146	519	37	484	105	450	160	419	196	381	229	351	254	323	275	305	283	279	287	257	300	231
64	170	1	2	119	0	1953125	12	0.0	0	0.96	0	0	V0.2	0	0	342	294	352	295	349	301	358	310	353	308	353	320	342	321	325	324	321	327	299	323	277	339	268	331	237	369	222	380	170	395	166	475	87	453	128	517	240	580	348	622	461	623	618	599	679	461	774	394	802	435	625	186	822	188	773	337	1000	577	761	172	494	338	527	298	407	349	315	380	236	404	197	393	186	384	185	376	171	370	182	358	177	340	189	327	194
64	170	1	2	119	0	1953125	12	0.0	0	0.96	0	0	V0.2	0	0	368	347	382	338	388	343	407	343	409	328	422	326	424	305	419	299	428	283	413	255	433	253	415	210	434	231	433	212	421	268	423	283	445	352	389	442	307	687	294	754	259	930	295	942	264	910	312	919	362	960	246	699	599	689	619	655	932	999	533	513	494	302	602	263	546	140	519	94	503	126	480	166	441	210	415	238	386	258	369	278	336	282	316	297	288
64	170	1	2	119	0	1953125	12	0.0	0	0.96	0	0	V0.2	0	0	313	314	322	312	326	316	342	311	343	304	357	299	361	279	358	273	369	251	357	234	377	219	362	186	387	176	391	150	397	179	406	150	450	224	415	288	395	510	410	572	394	757	408	776	353	788	236	831	257	854	66	714	370	705	389	705	676	1000	320	567	326	413	425	365	406	255	414	166	429	134	420	135	398	158	376	167	365	178	354	195	330	199	317	210	290
64	170	1	2	119	0	1953125	12	0.0	0	0.96	0	0	V0.2	0	0	369	337	384	328	389	332	406	331	407	319	420	315	420	300	413	291	424	279	407	256	419	262	400	216	416	252	414	237	397	293	399	326	409	387	351	479	243	699	212	773	180	931	255	931	270	888	394	889	451	920	331	643	691	639	700	608	1000	945	602	455	515	227	621	183	558	66	522	102	490	155	459	198	420	235	392	265	360	284	341	301	310	303	286	314	263
64	170	1	2	119	0	1953125	12	0.0	0	0.96	0	0	V0.2	0	0	339	327	352	320	355	324	374	321	375	308	391	306	391	284	388	278	398	260	385	236	402	234	385	191	407	202	410	180	405	228	414	231	442	297	393	380	331	607	325	676	290	852	311	867	276	853	274	873	317	909	195	708	537	712	562	689	839	1000	448	523	425	326	532	285	495	169	476	100	473	102	453	137	420	178	393	203	370	223	359	238	325	247	307	261	280
64	170	1	2	119	0	1953125	12	0.0	0	0.96	0	0	V0.2	0	0	359	325	375	319	378	321	396	319	398	308	409	306	411	285	404	280	416	266	399	242	417	240	398	200	413	227	415	214	402	265	410	293	428	352	372	444	278	670	263	749	226	913	281	920	280	897	354	900	416	934	287	685	649	693	664	658	967	1000	569	503	485	277	594	227	542	107	510	81	489	121	460	164	423	207	392	234	371	256	348	273	315	278	296	289	269
64	170	1	2	119	0	1953125	12	0.0	0	0.96	0	0	V0.2	0	0	357	321	370	313	377	315	395	315	395	302	407	301	410	283	399	280	407	266	392	244	406	251	385	205	402	244	399	230	384	283	387	320	399	375	339	461	231	680	199	754	179	910	256	911	280	869	399	857	456	899	350	636	689	633	714	613	1000	945	609	450	503	224	611	177	546	60	506	96	480	148	447	188	408	228	375	254	349	275	326	288	298	295	276	305	250
64	170	1	2	119	0	1953125	12	0.0	0	0.96	0	0	V0.2	0	0	276	301	283	301	286	305	299	302	300	295	314	292	314	273	313	269	321	248	312	236	335	214	321	199	347	166	356	147	372	141	384	81	435	142	417	169	440	379	470	424	476	625	499	636	458	679	303	730	301	764	113	724	275	713	274	739	537	1000	229	584	201	466	301	422	303	329	331	232	366	194	366	169	355	167	347	157	338	158	335	158	321	159	308	164	290
64	170	1	2	119	0	1953125	12	0.0	0	0.96	0	0	V0.2	0	0	349	323	361	318	368	317	387	318	386	304	402	303	403	283	395	276	409	260	392	236	411	233	389	193	412	211	415	193	406	246	410	262	434	329	381	417	303	651	296	727	259	899	310	904	284	882	316	888	366	928	247	706	585	704	606	643	914	1000	552	524	470	308	578	262	525	143	497	84	478	108	457	146	423	189	392	219	370	236	353	257	319	264	303	274	273
64	170	1	2	119	0	1953125	12	0.0	0	0.96	0	0	V0.2	0	0	330	299	339	303	336	312	344	321	334	328	326	339	316	342	299	344	286	350	268	347	235	362	228	364	189	393	168	407	136	410	131	488	105	447	184	489	356	499	480	538	593	498	749	472	818	346	862	298	890	327	671	301	843	342	760	520	999	728	799	329	461	462	457	423	327	441	220	441	144	446	118	423	136	405	159	382	172	370	191	351	203	327	216	311	228
64	170	1	2	119	0	1953125	12	0.0	0	0.96	0	0	V0.2	0	0	303	293	313	288	316	291	334	290	333	277	348	275	350	254	347	249	357	232	344	211	362	202	346	169	369	169	374	148	374	188	385	183	415	251	376	319	328	535	333	600	304	771	330	782	298	778	245	797	284	824	157	674	462	656	527	682	807	1000	425	544	354	348	469	299	435	191	425	105	429	90	412	111	382	145	361	166	344	185	328	204	304	210	285	221	264
64	170	1	2	119	0	1953125	12	0.0	0	0.96	0	0	V0.2	0	0	352	307	366	300	369	302	388	303	387	290	396	292	395	278	386	272	397	259	380	242	391	252	366	214	383	252	379	240	359	292	359	329	365	381	302	463	186	673	161	745	143	877	241	875	277	822	407	802	470	850	360	582	675	557	718	528	1000	887	635	417	495	182	607	141	537	39	490	106	458	164	425	200	387	233	355	259	329	277	309	290	280	295	259	304	236
64	170	1	2	119	0	1953125	12	0.0	0	0.96	0	0	V0.2	0	0	345	304	344	313	336	335	334	350	309	367	301	385	279	379	273	386	265	365	261	359	289	325	294	310	338	253	370	210	405	169	433	100	480	199	432	301	367	577	309	677	212	853	242	848	298	766	515	677	625	676	549	296	829	239	804	298	1000	604	776	250	440	467	424	457	258	483	112	459	105	438	177	386	243	338	292	280	326	236	347	202	348	178	343	179	325
64	170	1	2	119	0	1953125	12	0.0	0	0.97	0	0	V0.2	0	0	58	73	51	78	39	83	23	72	24	77	21	66	38	74	36	67	61	76	58	92	76	109	64	140	71	174	67	204	71	210	93	284	171	241	216	265	385	389	526	433	600	571	724	577	721	586	658	652	659	738	414	652	592	638	534	649	834	999	583	491	371	382	483	325	385	238	304	195	235	190	191	189	132	162	102	157	75	141	73	123	65	107	74	86	67
64	170	1	2	119	0	1953125	12	0.0	0	0.96	0	0	V0.2	0	0	332	314	343	310	348	314	362	311	365	298	379	294	382	274	378	271	389	250	374	229	396	221	376	186	398	193	399	171	397	221	406	221	438	288	384	364	320	595	316	670	287	845	318	851	290	838	271	852	329	904	203	707	509	677	568	675	847	1000	460	537	410	328	527	290	487	178	467	95	463	94	444	127	410	169	383	195	363	216	347	229	321	237	304	250	275
64	170	1	2	119	0	1953125	12	0.0	0	0.96	0	0	V0.2	0	0	332	314	343	310	348	314	362	311	365	298	379	294	382	274	378	271	389	250	374	229	396	221	376	186	398	193	399	171	397	221	406	221	438	288	384	364	320	595	316	670	287	845	318	851	290	838	271	852	329	904	203	707	509	677	568	675	847	1000	460	537	410	328	527	290	487	178	467	95	463	94	444	127	410	169	383	195	363	216	347	229	321	237	304	250	275
64	170	1	2	119	0	1953125	12	0.0	0	0.96	0	0	V0.2	0	0	350	324	364	316	368	320	388	318	387	305	402	301	403	282	397	278	409	261	392	241	410	236	390	195	412	213	413	191	408	243	409	250	440	322	377	397	308	639	298	711	270	890	303	887	280	868	300	873	365	937	243	722	552	690	611	667	883	1000	494	522	440	308	563	269	514	157	490	89	478	108	458	141	421	186	394	213	371	232	356	250	324	258	304	267	279
64	170	1	2	119	0	1953125	12	0.0	0	0.96	0	0	V0.2	0	0	287	297	296	293	301	297	316	296	318	285	330	284	334	262	333	257	342	236	332	220	355	202	339	176	366	153	372	130	383	147	394	112	440	185	407	239	399	460	427	521	407	712	439	722	401	745	265	788	283	822	81	712	335	706	393	734	636	1000	304	584	268	420	387	372	373	276	386	181	400	143	395	133	370	147	358	149	347	156	335	170	316	174	306	185	282
64	170	1	2	119	0	1953125	12	0.0	0	0.96	0	0	V0.2	0	0	287	297	296	293	301	297	316	296	318	285	330	284	334	262	333	257	342	236	332	220	355	202	339	176	366	153	372	130	383	147	394	112	440	185	407	239	399	460	427	521	407	712	439	722	401	745	265	788	283	822	81	712	335	706	393	734	636	1000	304	584	268	420	387	372	373	276	386	181	400	143	395	133	370	147	358	149	347	156	335	170	316	174	306	185	282
64	170	1	2	119	0	1953125	12	0.0	0	0.96	0	0	V0.2	0	0	250	301	255	299	259	306	268	305	269	301	279	298	280	283	283	280	287	263	279	252	299	230	288	230	311	194	323	180	351	151	367	110	424	98	421	69	486	244	542	295	567	500	621	514	598	574	455	649	444	672	241	705	292	715	275	788	489	1000	258	605	64	525	175	469	197	396	241	311	294	271	307	239	306	217	311	190	313	178	315	169	304	155	299	151	290
64	170	1	2	119	0	1953125	12	0.0	0	0.96	0	0	V0.2	0	0	358	320	369	312	375	315	394	314	392	303	404	299	408	282	399	278	410	263	393	239	408	246	388	202	407	234	407	218	392	275	397	303	410	362	348	450	246	681	228	756	198	915	272	918	296	880	381	874	458	915	338	673	675	661	755	668	1000	973	587	491	488	239	614	191	556	82	513	79	486	130	456	172	415	215	383	242	355	262	335	279	303	289	283	297	254
64	170	1	2	119	0	1953125	12	0.0	0	0.96	0	0	V0.2	0	0	351	319	367	311	371	314	390	313	392	303	401	302	407	278	398	273	412	256	395	237	412	237	390	196	412	219	412	202	403	260	405	281	424	346	364	431	277	669	264	743	237	913	290	911	293	882	344	886	429	929	295	702	633	698	707	693	952	999	549	524	462	273	594	230	545	117	506	71	487	112	459	152	420	197	389	226	369	246	346	266	315	273	295	282	269
64	170	1	2	119	0	1953125	12	0.0	0	0.96	0	0	V0.2	0	0	280	355	286	360	283	369	289	372	285	373	288	377	284	367	280	367	274	352	268	352	269	332	267	347	272	319	284	328	325	285	345	312	407	232	442	200	589	78	680	120	758	293	847	299	861	379	757	484	757	513	504	684	585	727	524	841	681	1000	525	587	170	628	141	575	29	529	74	463	161	435	197	394	230	366	257	331	270	313	285	287	290	266	297	245	299
64	170	1	2	119	0	1953125	12	0.0	0	0.96	0	0	V0.2	0	0	326	306	340	298	344	304	359	300	360	287	375	285	377	265	374	260	383	242	368	221	390	216	373	178	390	191	394	171	390	221	397	229	420	298	369	379	306	604	306	673	272	844	306	841	280	828	290	836	350	873	237	695	566	704	648	716	863	1000	480	525	407	296	533	257	494	153	469	77	461	90	438	126	402	167	379	193	355	213	337	232	308	241	290	251	266
64	170	1	2	119	0	1953125	12	0.0	0	0.96	0	0	V0.2	0	0	305	292	319	285	322	287	339	285	338	275	352	271	355	252	350	247	363	229	351	207	369	200	352	166	373	169	379	148	378	189	388	194	413	260	378	335	324	552	336	623	311	787	331	790	296	793	259	802	308	840	192	685	502	701	593	731	789	999	427	541	351	325	479	289	451	183	435	96	436	83	416	109	386	148	362	169	347	186	331	200	303	211	287	222	261
64	170	1	2	119	0	1953125	12	0.0	0	0.96	0	0	V0.2	0	0	349	319	362	315	366	317	387	315	383	303	399	301	402	281	394	277	403	261	388	237	403	243	384	198	404	223	405	206	392	261	394	278	415	343	359	427	273	656	255	721	222	883	259	863	245	844	329	836	390	888	288	665	618	666	725	721	938	1000	530	501	442	254	577	221	526	115	496	80	474	118	451	158	412	199	385	230	359	244	342	264	312	273	292	282	264
64	170	1	2	119	0	1953125	12	0.0	0	0.96	0	0	V0.2	0	0	248	300	255	299	255	308	266	306	265	302	276	301	277	286	275	284	281	266	273	257	291	236	282	236	303	201	316	192	342	160	360	127	416	101	425	60	497	219	561	258	582	453	628	460	597	532	461	606	435	632	242	682	290	718	294	814	486	1000	287	581	40	514	147	474	169	402	221	318	279	286	291	249	293	230	300	199	304	191	302	173	299	163	296	155	283
64	170	1	2	119	0	1953125	12	0.0	0	0.96	0	0	V0.2	0	0	267	338	269	342	267	352	272	356	269	355	273	359	269	350	268	348	262	337	252	334	259	317	252	328	261	304	274	310	308	272	334	290	394	222	436	183	573	89	669	132	729	274	820	284	819	351	716	456	697	484	476	659	535	697	499	849	678	1000	548	564	175	590	136	545	31	499	72	437	153	413	190	371	218	345	243	314	258	299	269	273	276	249	281	233	282
64	170	1	2	119	0	1953125	12	0.0	0	0.96	0	0	V0.2	0	0	251	280	259	275	264	281	277	279	277	270	288	268	292	250	291	246	301	227	292	213	313	194	302	179	323	146	337	126	347	121	370	63	413	120	403	163	417	362	464	418	456	589	484	601	439	645	301	690	284	723	91	685	304	714	366	795	568	1000	260	563	176	433	297	391	296	303	321	212	348	174	348	152	333	148	324	137	320	139	313	139	299	143	288	148	272
64	170	1	2	119	0	1953125	12	0.0	0	0.96	0	0	V0.2	0	0	248	310	251	311	250	321	257	321	256	322	262	322	263	311	260	311	260	295	253	290	265	272	255	280	271	250	286	249	317	211	343	208	402	153	424	100	525	104	603	156	646	340	717	355	703	436	590	535	571	549	365	672	405	712	376	841	577	999	414	561	81	550	72	505	64	449	141	376	212	348	237	310	250	284	267	255	276	237	286	217	287	194	283	185	281
64	170	1	2	119	0	1953125	12	0.0	0	0.96	0	0	V0.2	0	0	279	285	288	279	291	284	309	279	310	270	323	267	324	248	322	243	334	225	322	207	341	195	326	164	353	150	358	124	365	152	378	126	415	194	389	250	366	456	388	522	373	677	380	690	330	704	218	739	246	774	100	686	399	697	479	770	666	1000	301	533	263	365	388	332	373	237	379	147	393	117	383	116	359	134	344	145	335	155	321	169	301	173	286	186	266
64	170	1	2	119	0	1953125	12	0.0	0	0.96	0	0	V0.2	0	0	256	297	263	294	266	302	276	300	276	295	288	292	290	276	288	273	297	252	291	243	308	222	297	216	321	178	331	163	354	143	371	84	427	102	422	101	469	292	520	335	528	520	561	533	517	591	362	665	347	698	173	714	286	745	300	811	485	1000	231	566	114	481	230	445	239	366	279	274	321	237	331	205	323	193	323	171	321	164	321	155	308	149	300	148	287
64	170	1	2	119	0	1953125	12	0.0	0	0.96	0	0	V0.2	0	0	282	287	292	280	294	287	309	283	312	275	323	271	328	250	325	245	337	225	325	207	345	193	332	164	355	150	365	124	369	157	381	135	418	203	388	269	367	475	385	538	361	698	374	707	328	720	222	755	255	778	109	682	428	705	495	774	701	1000	331	540	286	359	413	322	390	227	396	136	402	107	392	111	366	134	350	147	335	162	322	173	306	181	288	193	265
64	170	1	2	119	0	1953125	12	0.0	0	0.96	0	0	V0.2	0	0	242	298	240	301	239	313	241	316	237	318	236	323	232	316	228	315	222	304	218	302	222	286	218	298	230	271	244	275	281	234	307	240	373	173	403	132	514	81	589	133	638	313	697	339	684	424	560	527	539	554	320	685	381	725	350	839	542	1000	347	571	11	524	119	479	145	408	206	322	271	283	288	243	294	220	300	186	304	176	307	163	298	152	293	147	282
64	170	1	2	119	0	1953125	12	0.0	0	0.96	0	0	V0.2	0	0	254	287	260	284	265	289	277	286	276	281	290	276	293	259	291	257	299	236	291	226	311	205	298	194	325	160	334	141	354	129	367	65	421	112	409	131	442	329	484	377	490	551	511	560	471	604	314	670	299	703	112	713	301	727	340	814	538	1000	227	565	154	452	265	416	269	333	298	239	337	200	341	175	328	165	325	150	320	148	315	146	304	144	293	149	278
64	170	1	2	119	0	1953125	12	0.0	0	0.96	0	0	V0.2	0	0	292	298	303	292	306	294	323	294	320	285	335	280	339	260	336	255	348	234	336	218	355	204	340	175	365	158	374	133	378	160	390	139	431	209	400	274	380	489	406	548	385	714	395	720	342	727	221	762	249	808	113	718	412	720	470	762	682	1000	324	548	307	376	420	346	400	246	403	148	413	117	403	119	378	139	362	152	350	164	336	181	310	187	296	198	276
64	170	1	2	119	0	1953125	12	0.0	0	0.96	0	0	V0.2	0	0	257	284	266	280	269	287	283	281	285	276	294	272	299	255	299	251	306	233	298	219	320	200	307	182	329	151	341	129	358	123	376	64	423	124	410	161	430	360	479	413	476	590	502	601	460	639	305	695	298	726	100	702	299	714	337	775	554	1000	242	568	182	451	297	410	291	321	318	227	348	185	352	161	336	157	330	146	321	145	318	147	301	147	289	152	275
64	170	1	2	119	0	1953125	12	0.0	0	0.96	0	0	V0.2	0	0	319	344	322	352	318	363	318	373	311	382	300	391	289	390	276	391	256	389	245	388	223	384	216	398	197	396	199	408	233	378	254	436	310	355	373	355	561	248	669	267	772	249	886	231	919	244	843	374	854	417	603	630	693	660	597	827	775	1000	614	571	225	641	188	592	70	544	62	483	159	453	205	408	245	372	274	334	292	312	307	284	316	256	323	238	320
64	170	1	2	119	0	1953125	12	0.0	0	0.96	0	0	V0.2	0	0	268	319	269	326	267	336	270	341	263	347	260	352	254	346	248	347	238	337	230	339	225	322	224	332	229	314	243	317	282	277	308	295	373	221	412	183	551	78	638	112	696	286	772	307	768	397	648	517	632	552	408	695	453	700	351	806	513	1000	380	592	30	579	91	535	107	464	178	378	261	336	287	292	298	264	313	228	319	211	326	193	315	176	317	167	305
64	170	1	2	119	0	1953125	12	0.0	0	0.96	0	0	V0.2	0	0	272	291	282	286	285	293	298	289	301	281	314	276	315	258	317	251	325	232	318	217	336	201	322	178	348	151	359	126	373	134	384	86	430	158	407	202	418	413	449	463	446	650	460	656	419	692	278	744	283	783	89	721	320	721	355	743	578	1000	261	561	239	428	346	394	338	297	354	201	381	162	374	142	356	147	345	142	334	151	326	158	310	160	298	168	279
64	170	1	2	119	0	1953125	12	0.0	0	0.96	0	0	V0.2	0	0	298	304	306	300	312	303	327	300	328	292	342	284	347	264	345	259	354	238	343	225	362	206	348	178	373	163	380	135	387	165	395	140	437	213	403	272	384	494	405	546	388	731	398	735	349	756	241	796	269	839	118	738	385	727	426	720	660	1000	310	545	312	386	427	356	405	255	406	158	423	123	410	121	384	143	370	152	354	167	341	182	321	188	304	201	280
64	170	1	2	119	0	1953125	12	0.0	0	0.96	0	0	V0.2	0	0	313	317	323	311	327	318	344	313	345	305	359	298	361	280	359	273	370	252	360	235	377	218	362	188	387	175	395	150	400	182	407	155	451	229	414	288	388	520	404	573	390	761	400	763	347	786	237	822	268	875	117	754	384	737	410	710	661	999	327	553	332	392	449	363	422	256	427	158	439	126	429	128	401	154	382	167	366	182	353	198	332	201	317	215	291
64	170	1	2	119	0	1953125	12	0.0	0	0.96	0	0	V0.2	0	0	286	303	295	297	302	301	315	298	317	290	331	286	333	267	333	261	341	241	334	223	353	205	339	182	364	157	373	132	387	149	395	110	441	177	415	231	409	451	437	503	430	692	447	696	397	735	265	783	273	822	85	732	328	721	356	725	597	1000	284	567	267	423	382	390	364	286	379	188	401	150	397	136	373	149	359	151	346	158	338	169	319	175	307	186	284
64	170	1	2	119	0	1953125	12	0.0	0	0.96	0	0	V0.2	0	0	291	299	300	294	304	300	319	295	321	287	332	281	338	262	336	258	346	236	336	219	357	205	341	175	366	158	373	135	382	157	393	135	435	200	410	257	387	477	411	536	399	716	416	723	363	752	249	790	271	822	99	721	378	723	411	726	652	1000	323	560	297	399	413	364	392	260	401	162	415	127	405	119	381	139	363	148	348	159	339	178	319	184	305	192	280
64	170	1	2	119	0	1953125	12	0.0	0	0.96	0	0	V0.2	0	0	260	297	267	295	270	301	281	299	281	294	295	290	296	277	295	270	305	251	297	241	315	217	307	208	328	172	340	153	360	137	377	72	432	109	425	120	459	321	505	368	519	564	556	578	519	639	366	697	354	727	156	712	264	715	244	760	491	1000	227	588	144	490	255	448	261	363	296	267	340	223	343	193	336	181	331	160	328	157	326	155	312	150	305	153	287
64	170	1	2	119	0	1953125	12	0.0	0	0.96	0	0	V0.2	0	0	256	298	265	296	266	303	276	302	276	297	288	295	290	279	291	277	295	257	289	247	306	225	294	220	318	180	331	171	354	145	370	90	428	103	424	88	474	277	524	315	544	516	588	529	557	597	412	663	393	679	200	690	255	697	226	769	471	1000	229	597	100	510	205	467	218	385	263	292	311	253	323	220	318	204	319	180	319	171	315	161	310	150	301	151	287
64	170	1	2	119	0	1953125	12	0.0	0	0.96	0	0	V0.2	0	0	261	295	267	291	271	297	285	297	285	290	296	289	299	272	298	268	304	246	299	236	318	215	305	204	331	167	343	149	360	135	377	70	432	114	422	131	455	335	501	385	510	578	548	596	508	651	367	711	347	726	141	708	275	723	254	746	500	1000	239	599	167	493	274	445	272	359	306	259	344	215	351	183	341	172	336	156	330	151	325	147	314	148	303	151	288
64	170	1	2	119	0	1953125	12	0.0	0	0.96	0	0	V0.2	0	0	258	298	266	295	268	300	281	299	283	295	292	293	295	276	295	272	301	252	294	241	315	220	301	210	327	170	340	157	359	137	376	75	428	112	421	115	460	315	506	364	526	560	560	577	526	644	388	703	371	711	168	699	265	712	233	750	491	1000	229	602	146	505	256	460	253	372	292	274	335	230	344	197	335	182	330	162	330	157	325	150	313	149	305	150	290
64	170	1	2	119	0	1953125	12	0.0	0	0.96	0	0	V0.2	0	0	321	349	324	356	320	368	324	378	312	383	305	394	293	394	280	398	261	392	246	396	223	392	217	406	194	402	199	415	226	385	257	439	313	363	373	371	562	254	671	287	789	261	911	256	952	275	888	382	897	407	632	593	713	635	574	775	745	1000	624	594	267	662	223	604	99	563	47	493	145	468	196	422	236	387	266	345	289	323	306	293	314	265	321	243	321
64	170	1	2	119	0	1953125	12	0.0	0	0.96	0	0	V0.2	0	0	330	280	339	281	338	288	348	295	341	296	338	305	331	306	316	308	311	313	292	307	271	325	258	319	231	359	214	368	170	383	157	461	89	436	107	508	220	578	320	624	438	625	585	598	675	492	766	418	813	443	614	215	840	231	781	339	1000	585	768	175	507	333	533	292	422	341	329	368	244	391	199	382	181	375	172	370	158	364	164	351	166	335	169	323	179
64	170	1	2	119	0	1953125	12	0.0	0	0.96	0	0	V0.2	0	0	328	285	336	286	336	294	342	304	335	305	330	316	325	318	308	322	298	327	276	324	253	338	241	340	208	372	191	384	147	395	132	472	77	438	126	503	285	540	384	592	509	558	663	544	752	423	812	365	869	380	635	222	844	265	769	414	1000	649	785	248	498	398	509	358	388	392	283	406	197	424	156	405	150	393	153	377	153	368	166	352	174	331	186	318	197
64	170	1	2	119	0	1953125	12	0.0	0	0.96	0	0	V0.2	0	0	332	348	336	356	331	369	332	380	321	388	314	398	301	399	286	402	269	399	255	400	223	398	223	411	188	415	193	428	216	396	241	461	289	378	358	401	553	304	666	324	776	278	905	263	958	239	911	345	919	365	639	559	744	611	611	778	826	999	669	561	299	660	258	594	138	567	57	503	122	484	176	438	220	403	258	362	276	339	302	308	308	284	315	260	320
64	170	1	2	119	0	1953125	12	0.0	0	0.96	0	0	V0.2	0	0	287	319	286	328	285	340	285	348	275	355	271	360	259	359	250	360	235	355	224	358	206	348	207	363	195	352	204	362	236	326	270	367	323	289	382	283	540	174	649	189	728	228	833	253	858	308	784	429	777	443	522	612	584	655	451	775	637	1000	516	598	169	628	142	572	14	517	86	441	183	407	225	360	255	323	280	287	294	262	307	238	309	212	312	195	309
64	170	1	2	119	0	1953125	12	0.0	0	0.96	0	0	V0.2	0	0	342	351	345	358	342	369	343	381	334	388	325	400	313	400	296	405	277	404	261	404	229	404	223	418	189	425	187	438	204	411	231	481	274	404	346	428	543	339	663	366	781	300	917	288	976	238	939	331	958	356	673	528	774	580	634	768	873	1000	716	564	340	660	301	597	168	575	68	517	104	500	158	453	207	418	249	380	269	359	292	322	307	292	317	273	318
64	170	1	2	119	0	1953125	12	0.0	0	0.96	0	0	V0.2	0	0	351	309	363	301	366	304	387	304	383	295	394	294	395	277	387	271	396	263	378	241	391	249	371	210	386	246	383	234	361	291	359	331	369	375	305	460	198	684	180	746	157	876	251	884	301	851	416	833	489	858	333	580	690	562	716	558	1000	899	637	411	523	203	630	154	545	33	501	100	469	158	430	198	389	235	357	262	327	280	308	291	278	296	260	303	232
64	170	1	2	119	0	1953125	12	0.0	0	0.96	0	0	V0.2	0	0	296	326	298	333	294	346	296	353	286	359	281	369	270	367	262	366	243	364	232	365	215	357	212	370	198	361	210	370	239	332	273	378	327	300	377	293	541	169	648	193	733	215	836	238	871	303	791	412	790	426	527	584	568	618	421	767	646	1000	509	585	181	636	140	569	23	523	87	443	184	413	227	365	255	332	283	293	297	272	312	245	315	220	316	204	314
