64,170,2,2,119,0,1953125,12,0,0,0.95,0,0,NaN,0,0,48,24,49,26,65,7,52,20,60,25,58,45,55,36,63,50,65,49,84,58,81,78,97,93,72,105,48,109,98,190,113,178,160,274,251,141,195,128,177,76,242,332,597,543,388,248,130,240,381,686,834,1000,774,378,529,766,808,439,15,132,214,155,93,131,208,217,50,70,71,127,57,116,86,77,72,88,98,53,79,61,80,52,75,66,52
64,170,2,2,119,0,1953125,12,0,7689,2.34,0,0,NaN,0,0,20,44,38,26,15,33,48,29,16,23,42,30,9,16,37,27,13,10,42,34,22,20,45,69,13,49,105,81,34,125,88,100,200,278,261,195,289,110,376,352,243,243,885,485,677,277,142,136,568,539,1000,502,693,785,699,260,888,220,245,414,224,50,181,214,255,88,79,138,31,21,34,84,23,25,35,26,36,16,28,19,25,19,8,31,13
64,170,1,2,119,0,1953125,12,0,0,0.95,0,0,NaN,0,0,46,39,55,26,61,16,66,11,61,26,62,33,60,45,59,42,77,51,79,45,98,60,104,89,120,121,76,124,77,156,31,140,127,319,247,260,249,264,318,183,155,360,708,659,605,449,311,362,396,589,666,864,720,467,379,643,1000,896,550,232,188,180,253,183,262,293,204,168,72,198,113,145,91,155,117,92,107,87,91,51,95,71,75,66,79
64,170,1,2,119,0,1953125,12,0,0,0.95,0,0,NaN,0,0,46,39,55,26,61,16,66,11,61,26,62,33,60,45,59,42,77,51,79,45,98,60,104,89,120,121,76,124,77,156,31,140,127,319,247,260,249,264,318,183,155,360,708,659,605,449,311,362,396,589,666,864,720,467,379,643,1000,896,550,232,188,180,253,183,262,293,204,168,72,198,113,145,91,155,117,92,107,87,91,51,95,71,75,66,79
64,170,1,2,119,0,1953125,12,0,0,0.96,0,0,NaN,0,0,288,284,293,295,285,296,282,305,275,304,262,311,250,322,236,315,228,336,222,331,210,350,212,371,201,372,253,365,299,307,367,326,323,383,505,222,513,124,600,236,455,187,940,426,759,512,426,448,513,549,623,931,431,718,381,981,518,1000,104,520,219,443,172,523,246,435,433,279,369,320,434,276,423,234,447,250,421,245,391,271,403,265,369,278,371
64,170,1,2,119,0,1953125,12,0,0,0.96,0,0,NaN,0,0,281,333,286,346,293,337,285,340,295,332,285,322,283,336,280,315,272,333,279,322,271,329,289,346,263,370,306,354,370,287,462,264,404,323,565,188,545,90,677,340,385,252,988,399,804,515,496,549,496,470,621,972,296,588,453,1000,491,955,87,625,355,361,222,613,175,531,367,371,362,395,385,371,391,355,432,312,407,327,399,334,395,311,390,326,386
64,170,1,2,119,0,1953125,12,0,4223,1.74,0,0,NaN,0,0,41,57,30,22,17,30,22,13,11,31,18,12,26,30,27,14,42,36,57,21,61,71,55,22,63,54,96,79,99,175,66,121,231,121,215,50,228,259,338,597,262,183,679,424,437,473,79,592,382,228,566,851,326,511,360,1000,613,916,606,243,467,369,362,79,278,229,37,129,100,133,35,83,18,121,49,55,83,51,43,39,52,50,42,12,43
64,170,2,2,119,0,1953125,12,0,4217,1.74,0,0,NaN,0,0,64,16,50,22,55,15,39,30,46,19,23,38,23,34,17,44,7,35,35,41,51,48,70,49,78,42,122,70,128,78,70,9,126,21,160,150,279,130,48,181,395,447,558,400,483,466,637,485,236,114,433,387,470,628,953,1000,761,410,188,308,381,242,98,166,277,195,156,148,171,117,169,156,132,68,111,92,96,50,95,66,75,59,83,56,62
64,170,2,2,119,0,1953125,12,0,0,0.96,0,0,NaN,0,0,676,685,692,688,685,691,690,690,684,675,677,674,672,659,658,656,660,654,655,657,662,669,671,675,687,692,705,696,743,727,738,761,729,768,729,839,722,780,851,701,756,832,662,844,708,813,556,922,740,861,613,752,669,855,676,952,492,861,1000,607,789,786,860,717,794,778,832,811,803,780,825,816,820,799,795,804,821,802,783,783,784,794,784,769,767
64,170,2,2,119,0,1953125,12,0,0,0.96,0,0,NaN,0,0,244,270,250,269,241,273,241,284,230,271,229,279,222,281,206,278,216,287,207,278,215,282,248,255,224,298,253,290,283,246,409,186,381,179,496,92,562,93,686,465,358,295,537,426,491,703,268,811,199,598,130,833,519,613,344,622,266,1000,284,623,562,315,505,256,311,258,446,160,453,181,402,219,376,248,374,241,355,285,323,301,293,303,289,319,267
64,170,2,2,119,0,1953125,12,0,0,0.96,0,0,NaN,0,0,260,295,269,292,257,295,264,303,254,292,251,298,245,298,231,294,240,300,236,289,248,290,281,266,250,310,284,299,320,239,436,198,423,159,526,99,610,145,686,557,303,373,513,440,468,782,166,816,135,624,145,822,540,511,405,635,262,1000,346,550,670,230,569,274,322,259,472,181,470,225,404,267,386,289,381,285,359,327,325,338,302,336,301,350,285
64,170,2,2,119,0,1953125,12,0,0,0.96,0,0,NaN,0,0,251,264,263,271,266,260,259,265,271,254,261,246,265,258,250,241,253,258,253,246,249,250,282,244,246,281,258,288,303,208,413,173,402,142,464,148,513,126,588,529,233,377,478,245,486,579,172,646,50,466,119,704,288,386,170,788,221,1000,372,644,649,323,522,273,290,297,436,196,437,211,380,252,372,256,377,240,371,271,339,278,329,281,323,285,312
64,170,1,2,119,0,1953125,12,0,0,0.96,0,0,NaN,0,0,67,58,42,51,37,55,33,57,11,43,17,40,8,26,36,42,24,35,47,56,44,84,21,56,73,131,44,166,96,231,162,129,132,188,215,110,262,264,421,371,88,161,501,487,647,568,293,343,239,412,620,730,724,588,567,951,945,930,1000,632,737,572,183,123,213,280,186,268,138,167,61,134,82,115,105,114,130,58,97,39,78,40,79,47,51
64,170,2,2,119,0,1953125,12,0,0,0.94,0,0,NaN,0,0,260,266,276,266,293,251,285,244,300,241,299,227,287,243,288,242,267,257,259,277,247,281,235,315,205,346,221,309,255,289,292,356,252,331,320,340,404,180,347,385,433,220,806,351,767,626,362,423,409,574,415,1000,353,872,279,866,546,735,424,519,651,101,462,286,360,216,425,231,374,330,317,323,312,326,312,356,267,363,256,365,275,338,268,334,288
64,170,2,2,119,0,1953125,12,0,0,0.95,0,0,NaN,0,0,50,48,46,50,68,25,65,22,64,15,71,39,64,43,79,45,74,55,104,39,110,66,128,65,153,142,104,117,94,163,25,161,192,364,171,282,346,408,344,165,400,558,917,923,1000,838,657,412,249,594,747,981,815,578,606,665,583,679,397,363,378,290,95,84,213,228,141,200,82,170,80,195,110,143,110,113,116,65,96,51,88,54,91,61,69
64,170,2,2,119,0,1953125,12,0,7370,2.28,0,0,NaN,0,0,22,32,21,23,10,23,18,11,6,19,17,7,3,9,17,11,17,18,26,17,28,13,49,22,30,50,48,63,36,61,25,88,108,251,136,78,323,241,84,344,371,186,497,535,655,398,327,216,314,196,748,519,1000,761,118,687,572,439,916,657,116,49,152,82,242,65,99,85,47,100,15,107,45,34,16,14,56,38,17,24,27,17,11,20,25
64,170,2,2,119,0,1953125,12,0,0,0.96,0,0,NaN,0,0,387,378,365,307,315,308,291,251,235,184,181,164,133,122,113,125,153,174,201,242,275,317,331,346,396,438,448,455,482,497,465,554,561,572,479,500,638,485,544,464,462,519,711,492,472,411,694,499,802,378,159,1000,383,612,478,178,862,789,80,247,536,539,482,421,412,468,441,405,400,384,338,362,386,327,296,247,258,253,234,175,135,124,143,132,69
64,170,2,2,119,0,1953125,12,0,0,0.96,0,0,NaN,0,0,264,259,266,260,261,266,261,273,247,274,243,282,229,285,212,293,210,298,194,304,192,331,183,320,206,334,244,298,225,343,295,328,315,334,497,182,416,215,587,151,500,91,860,551,709,522,296,419,376,388,692,1000,514,756,72,723,142,569,115,397,269,390,286,382,186,388,339,302,383,239,387,238,385,247,359,244,368,251,355,243,345,257,345,266,314
64,170,2,2,119,0,1953125,12,0,0,0.96,0,0,NaN,0,0,218,210,229,210,227,205,232,205,237,194,236,186,245,177,245,167,248,168,255,158,259,149,280,174,263,190,252,235,255,223,239,241,304,364,193,335,222,441,67,452,55,604,309,815,521,477,405,259,257,611,746,767,1000,391,676,309,718,256,545,137,422,322,213,262,326,255,277,286,249,332,208,335,189,326,199,317,195,305,201,306,201,296,200,289,218
64,170,2,2,119,0,1953125,12,0,0,0.96,0,0,NaN,0,0,194,223,196,224,190,227,191,232,182,230,177,237,170,237,161,234,168,239,166,233,169,248,189,228,209,220,252,195,234,203,292,190,333,118,428,123,380,20,458,233,446,231,642,683,468,604,114,417,234,599,495,999,523,738,283,688,381,565,310,309,442,210,353,176,304,156,359,140,360,127,344,161,328,198,289,211,280,230,262,232,247,247,235,259,213
64,170,2,2,119,0,1953125,12,0,0,0.95,0,0,NaN,0,0,200,227,192,233,193,240,184,240,178,243,178,241,171,240,174,236,180,230,186,225,198,226,216,209,238,195,276,173,262,172,319,160,351,45,421,178,362,54,404,278,422,269,599,714,434,669,83,467,169,689,468,1000,562,655,392,572,404,472,294,250,494,141,382,149,329,119,363,143,354,163,327,189,310,228,281,231,265,248,257,258,236,261,225,279,208
64,170,2,2,119,0,1953125,12,0,0,0.94,0,0,NaN,0,0,214,234,234,230,240,215,248,208,261,196,256,190,260,197,251,192,244,209,237,223,217,249,198,268,188,278,199,278,176,309,199,329,200,305,318,261,293,271,400,145,450,106,734,441,606,488,241,382,406,575,618,1000,474,726,229,657,208,571,88,298,338,257,410,189,308,170,339,194,349,207,320,231,300,291,255,293,235,306,234,304,220,293,228,303,227
64,170,2,2,119,0,1953125,12,0,0,0.94,0,0,NaN,0,0,5,74,24,62,39,50,44,44,58,31,53,41,63,35,54,48,64,43,75,45,93,47,115,54,108,87,77,80,78,127,31,140,112,271,112,97,177,340,244,122,329,427,714,710,687,571,363,292,298,676,788,1000,816,533,528,501,479,515,369,228,432,292,202,181,109,211,80,168,91,156,100,122,117,76,106,52,104,42,81,49,65,43,54,63,43
64,170,1,2,119,0,1953125,12,0,0,0.95,0,0,NaN,0,0,274,209,271,215,279,224,267,225,260,242,249,246,226,265,213,276,192,284,177,299,167,319,155,321,175,325,231,284,251,269,310,278,337,207,395,231,416,142,445,175,531,143,728,550,576,608,226,401,332,689,442,1000,356,715,288,792,370,830,154,578,408,344,435,231,429,130,433,140,421,172,394,195,371,255,330,281,298,301,279,319,251,321,234,339,221
64,170,1,2,119,0,1953125,12,0,0,0.95,0,0,NaN,0,0,67,56,71,48,86,18,79,20,83,17,80,47,81,47,89,54,90,56,119,44,126,79,162,102,175,192,152,186,127,249,86,200,180,395,230,102,184,287,233,21,348,474,843,798,855,754,384,263,326,672,751,966,700,769,846,922,930,1000,750,714,700,448,379,330,357,379,217,278,151,249,104,226,151,193,141,147,154,101,135,85,126,71,119,88,92
64,170,1,2,119,0,1953125,12,0,0,0.96,0,0,NaN,0,0,94,49,71,41,77,61,54,58,45,51,41,50,33,36,59,60,58,44,85,67,76,79,99,96,131,208,114,210,117,284,137,185,196,403,335,172,223,213,372,133,255,398,844,835,973,914,536,424,214,554,652,756,568,745,838,919,933,1000,827,787,638,432,414,341,376,384,218,250,113,222,88,222,129,204,113,144,119,102,99,75,98,61,85,51,74
64,170,1,2,119,0,1953125,12,0,7817,2.36,0,0,NaN,0,0,43,56,36,50,35,40,35,35,17,25,19,20,21,19,30,14,41,14,62,22,50,34,84,34,103,59,138,108,79,129,21,102,200,129,242,266,165,217,376,503,218,113,642,511,602,680,165,812,504,326,734,745,854,776,717,743,941,1000,482,830,411,368,185,124,197,210,58,145,45,119,18,84,16,128,35,52,44,39,36,20,31,27,24,13,18
64,170,1,2,119,0,1953125,12,0,7772,2.35,0,0,NaN,0,0,43,39,52,59,24,48,32,38,26,11,39,11,31,21,50,0,31,42,72,8,52,16,67,72,29,99,24,161,79,163,57,245,230,271,239,1,18,163,155,94,160,56,43,178,222,246,429,557,629,870,954,1000,944,676,560,488,358,293,219,202,265,182,230,104,154,7,115,77,150,24,102,27,72,41,71,31,53,29,63,20,22,37,49,25,23
64,170,1,2,119,0,1953125,12,0,0,0.96,0,0,NaN,0,0,570,574,541,473,419,463,473,395,319,282,294,271,205,151,165,259,241,219,258,370,465,447,423,504,585,712,661,613,661,800,826,839,756,665,949,938,696,768,739,819,765,756,873,745,798,509,628,858,590,714,953,825,1000,802,929,811,647,497,679,675,657,798,623,612,577,664,632,491,557,567,606,471,422,442,446,408,355,309,299,229,272,212,143,93,114
64,170,1,2,119,0,1953125,12,0,0,0.95,0,0,NaN,0,0,84,36,87,28,90,16,84,24,80,36,71,43,68,52,78,53,84,55,105,80,103,110,84,104,97,150,92,203,109,299,141,240,223,479,438,375,540,670,862,700,455,232,352,399,660,896,794,1000,528,658,807,830,913,722,948,772,859,763,671,586,830,767,462,281,28,218,130,287,215,273,222,136,154,75,143,61,166,82,131,82,113,83,81,100,80
