64,170,2,2,119,0,1953125,12,0,0,0.88,0,0,NaN,0,0,51,9,61,58,27,64,23,33,15,49,55,4,48,37,31,10,60,42,21,43,45,67,16,105,90,30,64,53,112,60,174,200,90,224,184,278,183,171,368,237,271,260,301,449,315,247,472,414,554,767,936,1000,614,663,576,121,36,245,515,724,367,341,332,445,235,158,307,219,115,126,157,161,53,98,129,57,48,65,90,58,32,88,60,13,50
64,170,2,2,119,0,1953125,12,0,7729,2.35,0,0,NaN,0,0,33,28,20,22,25,31,18,20,24,18,14,2,19,12,6,2,25,14,9,16,47,31,28,24,37,39,32,54,73,76,112,98,60,85,150,111,145,131,289,68,433,503,610,884,541,659,489,459,453,558,421,461,576,964,455,866,1000,634,266,443,619,217,483,238,125,154,34,161,73,92,100,56,38,38,81,43,39,21,34,24,27,7,37,27,16
64,170,2,2,119,0,1953125,12,0,0,0.85,0,0,NaN,0,0,14,47,29,28,26,27,65,34,36,60,35,14,32,64,42,18,53,51,32,23,87,69,34,89,62,67,55,116,120,37,145,117,71,89,195,297,290,194,406,266,100,311,206,286,262,255,638,753,448,611,859,897,685,505,999,712,422,668,714,375,205,142,406,388,166,116,161,147,61,85,154,99,26,104,76,29,40,70,85,14,75,95,30,43,65
64,170,2,2,119,0,1953125,12,0,0,0.85,0,0,NaN,0,0,14,47,29,28,26,27,65,34,36,60,35,14,32,64,42,18,53,51,32,23,87,69,34,89,62,67,55,116,120,37,145,117,71,89,195,297,290,194,406,266,100,311,206,286,262,255,638,753,448,611,859,897,685,505,999,712,422,668,714,375,205,142,406,388,166,116,161,147,61,85,154,99,26,104,76,29,40,70,85,14,75,95,30,43,65
64,170,2,2,119,0,1953125,12,0,7813,2.36,0,0,NaN,0,0,27,27,21,18,23,18,9,19,11,8,12,5,19,4,8,9,22,14,14,24,25,25,27,30,32,57,23,108,41,109,99,143,104,122,96,171,229,20,179,216,301,27,302,335,303,397,187,134,225,406,247,384,430,999,389,282,421,195,308,411,241,233,185,215,115,149,87,73,44,16,40,23,54,13,57,17,48,21,34,19,24,22,23,14,6
64,170,2,2,119,0,1953125,12,0,0,0.95,0,0,NaN,0,0,91,15,76,6,90,26,82,51,66,41,74,72,61,64,87,83,82,88,99,104,91,135,76,138,85,217,88,219,134,175,136,295,396,333,390,387,643,448,532,532,642,415,209,663,930,1000,758,769,842,819,531,330,684,358,323,199,444,183,268,152,321,487,338,389,264,243,143,223,240,141,138,92,169,40,104,76,110,44,93,97,65,65,65,81,35
64,170,2,2,119,0,1953125,12,0,0,0.95,0,0,NaN,0,0,91,15,76,6,90,26,82,51,66,41,74,72,61,64,87,83,82,88,99,104,91,135,76,138,85,217,88,219,134,175,136,295,396,333,390,387,643,448,532,532,642,415,209,663,930,1000,758,769,842,819,531,330,684,358,323,199,444,183,268,152,321,487,338,389,264,243,143,223,240,141,138,92,169,40,104,76,110,44,93,97,65,65,65,81,35
64,170,2,2,119,0,1953125,12,0,0,0.36,0,0,NaN,0,0,9,13,16,19,21,24,26,28,27,25,24,22,17,17,17,19,20,24,25,30,28,33,37,41,44,41,45,25,31,63,41,59,68,68,119,53,257,163,342,294,427,541,424,548,289,486,423,265,347,400,551,650,713,942,896,1000,886,719,678,441,155,104,157,126,92,150,65,87,42,83,51,68,71,61,62,52,54,44,48,43,44,41,44,38,39
64,170,2,2,119,0,1953125,12,0,7531,2.31,0,0,NaN,0,0,25,32,20,12,28,18,18,7,15,17,9,6,16,9,8,8,24,16,3,20,11,51,11,33,19,61,39,62,61,31,107,100,83,9,32,208,148,266,322,330,142,401,394,337,274,497,349,795,547,900,623,471,485,1000,686,250,523,359,188,325,223,147,47,121,19,124,95,35,94,56,100,30,40,26,33,39,24,38,18,19,15,24,18,7,11
64,170,2,2,119,0,1953125,12,0,0,0.35,0,0,NaN,0,0,5,7,19,19,6,22,4,6,13,20,5,24,7,6,10,13,6,9,18,5,11,26,27,16,16,37,24,16,22,69,5,32,56,88,98,206,235,173,166,158,137,322,352,291,367,429,190,310,126,895,734,404,265,1000,700,569,665,213,236,527,333,74,84,79,77,32,130,83,3,34,42,47,26,29,37,25,34,12,37,19,24,19,24,10,21
64,170,2,2,119,0,1953125,12,0,7843,2.37,0,0,NaN,0,0,36,32,27,36,42,24,17,32,17,16,3,23,16,3,22,22,30,15,38,18,41,9,29,35,21,43,12,111,30,175,105,193,116,80,152,348,181,179,332,419,696,537,767,477,616,126,162,370,377,792,233,549,587,1000,78,769,746,604,224,307,277,196,118,292,229,185,115,149,88,141,60,35,59,28,77,45,62,24,67,41,52,13,62,27,25
64,170,2,2,119,0,1953125,12,0,0,0.95,0,0,NaN,0,0,790,794,804,811,814,802,805,806,809,804,791,783,785,784,778,769,762,771,772,768,773,770,786,803,803,803,821,839,850,851,861,878,900,891,905,904,931,919,912,891,967,947,873,889,968,908,891,801,916,900,815,977,850,820,992,934,682,959,1000,867,800,938,963,926,897,912,953,963,948,943,937,962,968,964,943,939,945,959,944,920,914,932,929,919,911
64,170,2,2,119,0,1953125,12,0,0,0.95,0,0,NaN,0,0,251,208,253,226,263,210,252,213,265,218,250,203,252,224,241,214,231,223,237,239,214,253,208,280,191,290,180,335,141,360,178,343,190,306,213,463,169,416,380,400,469,194,480,245,496,110,204,360,829,380,781,290,1000,805,742,321,798,663,305,530,199,492,140,327,186,438,178,373,131,414,260,331,257,295,281,302,297,262,274,275,304,254,292,232,307
64,170,2,2,119,0,1953125,12,0,0,0.43,0,0,NaN,0,0,11,9,8,5,3,7,9,9,12,8,7,6,7,9,12,14,12,11,9,4,9,26,32,36,38,36,19,19,16,28,76,18,132,80,62,125,32,8,126,93,161,295,162,267,194,108,140,12,216,247,164,570,736,560,999,681,911,729,504,349,329,255,333,245,229,233,127,134,68,60,21,46,58,85,90,84,92,65,54,35,30,39,53,63,73
64,170,2,2,119,0,1953125,12,0,7701,2.34,0,0,NaN,0,0,43,39,33,25,27,31,26,21,15,24,15,12,7,21,10,15,6,31,27,40,28,46,53,21,62,49,79,59,110,137,196,153,154,175,107,212,90,303,412,435,407,611,315,433,235,335,133,132,308,479,718,1000,334,593,481,226,335,428,239,338,114,105,23,114,209,65,140,93,178,84,146,64,55,75,38,70,13,51,23,25,18,29,14,19,29
64,170,2,2,119,0,1953125,12,0,0,0.95,0,0,NaN,0,0,814,813,821,825,833,826,819,826,823,825,811,807,797,802,798,790,785,789,787,792,789,788,804,821,821,820,844,858,865,881,881,896,920,914,919,931,940,954,939,933,949,975,922,910,937,977,898,920,916,873,951,944,813,902,847,961,872,900,858,955,984,857,913,963,972,948,941,961,995,993,977,963,973,1000,990,974,954,962,982,967,951,931,944,955,948
64,170,2,2,119,0,1953125,12,0,0,0.86,0,0,NaN,0,0,245,225,244,237,200,226,186,248,232,231,256,179,225,181,219,242,207,269,170,219,189,198,282,182,294,226,194,255,149,315,228,322,326,111,307,141,342,350,196,454,267,413,382,348,634,274,347,205,381,479,194,820,762,405,728,681,1000,631,129,574,250,383,189,445,515,99,324,182,246,332,239,395,253,229,261,171,332,250,307,287,203,267,168,291,254
64,170,2,2,119,0,1953125,12,0,0,0.85,0,0,NaN,0,0,180,209,198,219,232,204,222,183,193,200,201,232,202,220,187,173,199,168,239,205,212,217,154,208,169,237,244,191,270,172,224,223,188,308,180,361,243,178,305,102,237,355,147,488,142,331,217,551,637,236,640,885,689,846,248,882,1000,321,110,285,277,425,267,329,168,206,322,227,317,278,252,241,192,267,226,272,284,236,263,212,241,224,239,267,232
64,170,2,2,119,0,1953125,12,0,0,0.99,0,0,NaN,0,0,135,171,147,165,134,166,156,164,137,161,145,172,134,149,145,165,141,146,139,163,150,152,135,170,155,160,153,132,213,163,185,217,151,258,118,177,203,164,226,205,280,308,228,405,49,237,322,256,258,236,320,482,545,783,624,1000,544,447,302,274,65,284,201,258,71,313,106,255,104,233,131,240,155,193,143,229,160,189,150,201,169,189,151,185,170
64,170,2,2,119,0,1953125,12,0,0,0.95,0,0,NaN,0,0,46,31,33,36,35,51,14,33,18,46,5,44,26,42,11,50,30,51,23,82,36,71,30,77,64,64,69,80,127,55,191,132,146,105,70,86,147,146,183,217,207,279,260,341,327,404,290,496,645,680,549,274,49,211,230,130,470,904,1000,888,621,439,335,232,238,199,252,106,164,145,172,104,69,95,59,71,56,104,39,47,46,67,37,41,54
64,170,2,2,119,0,1953125,12,0,0,0.95,0,0,NaN,0,0,292,289,297,288,287,290,300,288,291,276,298,275,303,259,290,263,297,253,306,238,316,246,321,240,330,253,352,272,328,396,245,417,239,419,251,430,260,621,37,632,250,455,413,265,224,440,220,540,347,667,751,198,818,336,907,250,880,572,1000,864,397,651,131,463,268,551,106,483,218,529,233,408,302,405,352,348,336,326,383,327,355,291,364,303,385
64,170,2,2,119,0,1953125,12,0,0,1.01,0,0,NaN,0,0,52,36,43,30,41,41,29,34,19,48,26,36,13,50,19,34,24,58,12,33,24,48,39,13,59,34,126,99,216,156,220,138,191,148,329,371,364,320,279,350,241,290,114,187,92,88,253,277,144,61,202,604,811,1000,996,982,752,568,383,574,455,452,327,289,271,278,293,215,228,93,120,21,23,53,17,54,25,71,42,53,42,49,41,46,46
64,170,2,2,119,0,1953125,12,0,7715,2.34,0,0,NaN,0,0,34,34,31,41,26,44,31,37,20,30,24,21,19,18,32,20,26,28,47,16,42,25,58,30,58,41,76,82,84,207,136,133,118,178,160,254,120,165,195,321,86,241,69,71,68,111,49,287,83,177,535,768,711,672,957,290,1000,788,218,541,256,194,145,111,123,106,116,74,111,85,74,42,35,39,29,29,29,19,24,4,18,13,28,16,6
64,170,2,2,119,0,1953125,12,0,0,1,0,0,NaN,0,0,520,467,481,522,462,415,345,388,380,299,221,228,244,188,145,185,253,256,244,330,432,468,442,466,601,630,586,632,639,768,771,688,760,740,810,744,674,634,790,816,701,734,724,690,555,851,317,897,719,670,552,572,441,684,785,760,1000,582,829,458,823,545,662,547,697,563,577,574,528,566,486,469,460,451,389,367,333,318,263,232,184,193,154,87,66
64,170,2,2,119,0,1953125,12,0,7481,2.3,0,0,NaN,0,0,35,34,30,26,24,29,28,18,24,26,24,22,10,18,12,14,4,21,19,30,34,36,26,30,29,63,27,29,78,80,114,103,55,80,49,183,170,182,193,150,193,19,315,237,186,311,166,174,140,134,468,907,544,1000,465,280,221,358,411,517,378,340,166,297,91,198,157,64,130,59,99,24,35,27,37,38,19,46,11,14,9,16,5,10,8
64,170,2,2,119,0,1953125,12,0,0,0.34,0,0,NaN,0,0,12,11,23,7,23,27,6,12,21,12,27,19,6,9,10,12,15,35,8,27,23,26,31,5,3,20,9,18,44,17,48,53,106,39,80,116,130,148,153,51,74,79,264,172,341,351,49,212,301,736,1000,736,624,352,264,338,127,781,419,623,264,360,56,67,62,24,48,77,80,77,51,54,25,34,29,42,26,29,34,27,26,10,35,14,22
64,170,2,2,119,0,1953125,12,0,7843,2.37,0,0,NaN,0,0,28,30,23,26,23,31,26,17,20,28,23,16,10,16,17,9,13,31,22,16,25,31,33,25,32,41,42,43,96,37,122,82,138,74,52,54,120,87,74,116,305,124,398,168,71,80,256,262,362,153,428,1000,283,474,457,653,386,306,470,395,576,78,256,89,146,89,105,71,78,23,49,61,31,11,41,23,13,17,12,18,6,9,21,10,15
64,170,2,2,119,0,1953125,12,0,4313,1.76,0,0,NaN,0,0,590,570,533,517,494,486,419,392,385,368,267,232,256,218,192,205,259,284,304,379,441,474,512,574,614,634,656,714,731,767,784,769,868,791,846,733,848,815,591,977,670,654,646,939,573,616,515,936,636,746,893,298,619,699,488,502,1000,706,750,842,748,801,564,625,811,679,504,569,677,626,487,462,503,545,399,314,368,372,313,211,182,208,179,92,19
64,170,2,2,119,0,1953125,12,0,0,0.48,0,0,NaN,0,0,35,44,38,44,47,44,43,40,50,49,42,51,53,55,58,58,62,58,67,73,69,67,83,62,60,65,92,97,142,161,97,82,106,29,86,131,195,218,255,132,48,209,120,97,439,55,325,513,646,263,812,762,708,1000,700,333,435,188,423,213,507,298,327,419,272,218,184,135,115,163,119,130,124,119,105,104,111,96,90,69,91,81,78,77,84
64,170,2,2,119,0,1953125,12,0,0,0.35,0,0,NaN,0,0,9,9,10,13,12,15,17,19,21,23,25,25,24,25,26,26,23,27,26,32,31,36,31,26,30,34,55,38,81,66,56,24,79,24,176,80,218,139,174,169,132,226,282,301,249,503,464,398,298,249,272,381,530,942,859,1000,548,552,189,345,115,279,153,132,156,66,42,98,38,91,46,68,53,67,69,65,75,61,62,56,56,47,48,44,44
