34928	35048	35167	35286	35405	35524	35644	35763	35882	36001	36120	36240	36359	36478	36597	36716	36836	36955	37074	37193	37313	37432	37551	37670	37789	37909	38028	38147	38266	38385	38505	38624	38743	38862	38981	39101	39220	39339	39458	39577	39697	39816	39935	40054	40174	40293	40412	40531	40650	40770	40889	41008	41127	41246	41366	41485	41604	41723	41842	41962	42081	42200	42319	42439	42558	42677	42796	42915	43035	43154	43273	43392	43511	43631	43750	43869	43988	44107	44227	44346	44465	44584	44703	44823	44942
64	170	2	2	119	0	1953125	12	0.0	7621	2.33	0	0	V0.2	0	0	107	89	65	71	92	81	58	63	66	76	30	33	54	15	56	33	108	39	93	20	116	41	161	31	187	30	211	68	171	75	157	28	236	131	472	370	462	362	303	422	361	425	73	275	603	950	873	1000	876	833	871	607	598	796	755	618	708	544	516	536	389	549	401	254	229	114	56	106	111	94	115	58	132	44	77	31	97	36	41	34	75	18	64	32	48
64	170	2	2	119	0	1953125	12	0.0	7670	2.34	0	0	V0.2	0	0	50	118	79	68	37	106	22	101	34	109	3	89	52	65	54	55	81	2	129	52	78	100	156	58	95	167	220	93	131	151	146	139	67	351	212	446	405	504	329	403	441	422	182	430	740	981	1000	792	890	826	888	798	713	840	751	548	579	477	494	456	299	467	336	318	222	152	84	186	129	149	74	151	85	107	15	68	73	69	40	53	86	100	17	24	51
64	170	2	2	119	0	1953125	12	0.0	8018	2.40	0	0	V0.2	0	0	34	106	16	87	30	89	47	65	61	19	86	28	30	68	53	70	59	104	17	53	102	58	84	5	71	111	119	131	97	144	64	122	88	215	94	246	119	251	240	259	371	348	303	369	688	933	1000	894	798	420	236	622	793	891	627	568	268	58	316	527	403	379	88	47	199	168	88	26	179	32	63	88	90	70	37	81	30	110	57	76	73	46	68	88	91
64	170	2	2	119	0	1953125	12	0.0	7620	2.33	0	0	V0.2	0	0	82	98	71	94	49	110	21	100	13	81	15	70	15	72	16	90	49	123	26	105	16	166	57	180	102	219	211	140	213	80	199	133	345	204	488	338	552	561	508	625	275	334	113	462	515	750	888	854	1000	942	765	838	878	790	875	747	550	644	421	414	373	278	224	348	203	65	73	150	197	36	72	67	130	35	96	15	107	76	50	23	105	86	40	53	46
64	170	2	2	119	0	1953125	12	0.0	7601	2.32	0	0	V0.2	0	0	50	91	49	96	56	77	31	71	51	58	18	40	70	26	55	28	104	50	89	67	104	70	100	132	164	152	188	113	180	93	96	282	323	293	356	277	423	289	492	341	442	289	228	420	654	418	507	456	555	839	809	951	1000	589	428	340	587	390	359	269	38	53	324	195	213	110	188	111	165	86	160	68	127	30	164	66	106	9	123	43	82	68	131	67	45
64	170	2	2	119	0	1953125	12	0.0	7676	2.34	0	0	V0.2	0	0	79	23	110	7	80	28	84	27	61	43	41	59	45	54	6	45	26	28	85	69	53	4	134	44	73	74	182	34	145	59	120	157	229	280	295	238	325	303	373	373	456	178	24	332	476	323	291	157	370	568	723	1000	847	567	310	475	468	360	325	207	181	147	222	253	147	149	142	180	80	138	64	92	54	171	53	81	74	126	22	72	103	84	37	81	85
64	170	2	2	119	0	1953125	12	0.0	7640	2.33	0	0	V0.2	0	0	23	83	24	93	35	53	43	61	50	55	68	51	51	46	71	3	73	64	101	26	77	74	91	88	94	130	112	172	166	101	73	284	265	272	262	310	342	233	309	338	414	114	71	297	482	297	280	154	310	607	724	1000	982	726	512	142	287	330	472	266	235	56	219	130	183	60	234	128	159	35	168	63	96	58	138	39	58	62	104	27	43	61	69	2	33
64	170	2	2	119	0	1953125	12	0.0	7747	2.35	0	0	V0.2	0	0	75	86	42	96	24	111	37	77	21	95	13	33	73	60	37	37	97	22	40	91	106	44	22	104	60	113	22	128	79	206	30	85	266	291	161	234	382	391	243	338	340	287	210	387	520	454	55	137	126	431	797	923	1000	714	432	349	542	591	734	575	203	14	340	236	139	118	312	183	45	51	168	75	87	82	95	77	104	71	40	75	54	40	49	84	36
64	170	2	2	119	0	1953125	12	0.0	7656	2.33	0	0	V0.2	0	0	89	67	128	36	69	56	92	55	28	70	66	42	32	84	38	47	39	107	16	74	57	102	95	148	82	137	143	228	68	128	211	319	204	287	140	392	203	284	10	294	102	65	220	493	448	406	403	101	192	390	718	1000	839	823	381	237	453	854	845	682	558	141	63	232	205	169	248	229	257	50	160	118	163	81	130	94	99	90	147	85	60	72	110	59	13
64	170	2	2	119	0	1953125	12	0.0	7797	2.36	0	0	V0.2	0	0	111	51	67	72	64	92	27	95	5	106	40	56	57	73	40	19	109	29	39	91	115	48	50	119	78	107	17	113	80	215	22	12	314	350	209	217	440	477	238	209	365	342	176	350	681	633	293	148	142	197	479	664	873	674	484	258	635	781	1000	749	350	126	325	167	191	179	367	154	64	100	189	59	66	120	83	103	78	80	7	115	53	57	71	103	48
64	170	2	2	119	0	1953125	12	0.0	7651	2.33	0	0	V0.2	0	0	45	104	52	95	44	86	39	88	34	72	18	75	21	68	23	80	57	95	65	119	58	99	116	179	93	164	95	207	30	118	192	317	232	373	105	341	192	327	190	119	93	142	80	321	338	269	369	114	183	323	504	782	688	654	528	359	576	951	1000	653	496	252	106	90	191	101	305	169	203	61	177	106	150	73	115	72	104	45	90	74	53	16	64	57	29
64	170	1	2	119	0	1953125	12	0.0	7943	2.38	0	0	V0.2	0	0	50	75	20	98	30	65	32	75	40	40	51	10	68	32	42	57	67	24	35	78	32	32	58	62	103	5	92	86	74	97	43	208	213	52	163	50	275	287	384	331	307	271	158	233	585	546	484	340	440	297	71	257	584	615	640	330	345	823	1000	642	298	262	348	220	148	356	319	89	24	216	107	52	56	117	47	66	11	39	102	47	7	41	34	42	56
64	170	1	2	119	0	1953125	12	0.0	7778	2.35	0	0	V0.2	0	0	37	103	26	92	43	92	12	76	29	65	9	49	35	73	48	66	56	76	44	42	100	93	69	76	96	56	148	99	210	215	28	61	230	174	295	329	353	467	319	467	223	178	165	441	497	637	473	170	188	172	347	449	603	882	1000	769	555	752	780	491	376	318	215	123	178	93	268	128	96	36	193	100	69	21	146	76	78	29	94	51	55	48	79	48	55
64	170	2	2	119	0	1953125	12	0.0	7660	2.33	0	0	V0.2	0	0	42	36	36	29	40	24	27	30	38	23	26	16	30	19	8	35	33	33	31	35	35	30	22	69	35	70	29	44	160	26	90	91	42	137	181	140	50	82	247	258	306	194	285	356	464	336	216	207	616	626	169	732	726	539	647	663	751	999	525	357	397	104	12	50	117	52	96	47	33	17	54	17	17	15	55	23	21	25	13	20	6	17	11	25	10
64	170	2	2	119	0	1953125	12	0.0	7700	2.34	0	0	V0.2	0	0	138	78	101	29	153	57	101	14	114	36	97	63	88	58	77	93	49	114	62	135	59	183	75	162	123	194	144	218	198	292	106	142	397	412	285	419	465	568	168	292	113	299	505	581	783	876	468	240	293	92	408	429	790	858	1000	949	628	609	730	926	546	405	183	242	35	106	313	432	132	84	200	195	50	67	143	126	94	84	133	67	93	82	76	15	90
64	170	2	2	119	0	1953125	12	0.0	7620	2.33	0	0	V0.2	0	0	123	83	132	35	97	71	119	26	53	70	112	11	16	91	78	34	46	164	54	87	59	205	25	129	85	248	30	240	50	231	135	285	196	413	67	390	267	413	326	98	256	190	531	636	520	606	595	363	237	131	395	428	530	825	791	1000	726	773	742	933	837	428	280	150	190	143	158	406	370	43	28	212	165	106	108	184	119	141	173	188	132	79	133	133	85
64	170	2	2	119	0	1953125	12	0.0	7725	2.35	0	0	V0.2	0	0	126	95	62	123	91	103	43	93	50	88	24	71	67	91	57	32	96	32	72	57	134	62	71	112	112	160	22	255	71	272	92	177	161	465	183	432	301	578	294	212	101	338	427	508	730	975	661	349	229	236	691	631	791	646	803	834	871	843	902	1000	625	497	113	153	95	93	396	392	131	121	172	112	79	39	146	67	120	60	102	59	84	30	11	66	41
64	170	2	2	119	0	1953125	12	0.0	7726	2.35	0	0	V0.2	0	0	77	89	76	104	57	82	49	90	40	51	36	81	9	26	64	54	32	18	106	30	73	62	114	93	79	166	146	209	254	148	165	214	191	336	341	470	560	359	413	218	433	172	125	470	688	621	653	373	138	284	181	581	730	965	1000	686	576	226	518	376	479	291	92	171	43	243	285	120	155	152	149	83	80	136	131	56	32	122	80	59	57	138	75	94	116
64	170	2	2	119	0	1953125	12	0.0	7773	2.35	0	0	V0.2	0	0	136	53	130	88	89	82	86	91	79	66	37	101	40	76	29	109	44	71	91	76	92	54	149	85	104	112	213	95	280	109	268	183	221	399	503	415	597	426	630	431	682	305	119	481	1000	908	849	312	296	314	664	865	864	959	967	527	382	69	335	246	418	193	169	326	210	364	368	154	190	151	148	108	94	149	90	95	17	167	56	95	92	180	69	115	142
64	170	2	2	119	0	1953125	12	0.0	7918	2.38	0	0	V0.2	0	0	47	99	82	63	45	76	55	58	41	29	65	54	26	24	51	20	16	70	33	61	23	100	49	129	31	124	83	148	49	60	225	188	53	201	190	183	335	351	548	358	574	362	304	291	848	949	1000	481	256	349	590	592	592	688	754	363	160	430	509	297	314	74	0	303	331	313	311	84	127	107	128	69	54	117	50	82	7	94	15	63	30	77	39	4	3
64	170	2	2	119	0	1953125	12	0.0	7948	2.38	0	0	V0.2	0	0	56	90	25	75	71	71	33	63	53	48	37	17	69	41	34	13	59	22	21	65	82	49	15	115	96	80	35	134	175	51	65	145	139	56	227	147	399	332	402	432	370	377	104	420	748	999	755	622	336	460	647	605	817	947	756	562	686	761	614	545	191	269	99	258	189	359	177	102	15	185	71	67	45	124	14	92	18	59	66	74	58	52	40	50	31
64	170	2	2	119	0	1953125	12	0.0	2156	1.39	0	0	V0.2	0	0	517	483	451	430	450	421	369	319	313	333	223	185	220	197	150	199	233	266	259	335	394	414	417	495	535	541	596	605	605	699	665	666	704	715	697	683	651	666	775	597	659	520	563	427	797	524	668	674	705	789	198	485	921	589	274	944	1000	269	792	520	680	541	477	591	577	561	468	500	548	525	431	433	462	440	380	308	341	315	246	196	204	169	134	88	30
64	170	2	2	119	0	1953125	12	0.0	7571	2.32	0	0	V0.2	0	0	39	33	27	31	35	24	17	24	41	17	14	18	33	12	20	16	25	21	22	27	21	12	27	42	32	15	67	25	7	99	134	119	134	38	181	156	191	109	189	176	130	151	133	161	396	618	426	315	548	628	593	694	546	537	184	957	671	390	999	269	454	319	118	158	220	95	80	36	46	69	40	11	45	27	35	8	4	37	17	10	22	21	12	22	21
64	170	2	2	119	0	1953125	12	0.0	7601	2.32	0	0	V0.2	0	0	45	73	59	33	38	80	29	44	18	60	21	28	34	28	46	36	71	14	75	16	47	69	113	37	67	126	187	73	114	90	133	62	50	265	250	207	229	246	282	105	139	190	220	280	470	471	527	263	351	540	815	1000	992	933	637	119	152	401	451	302	274	180	196	267	258	21	51	134	156	36	13	117	89	50	18	79	21	83	41	45	12	82	52	42	27
64	170	2	2	119	0	1953125	12	0.0	7651	2.33	0	0	V0.2	0	0	58	93	36	58	51	78	27	43	41	66	23	31	44	34	40	28	70	25	85	43	83	95	69	96	49	177	140	158	104	161	125	67	89	337	218	366	253	425	290	257	173	396	304	456	551	703	702	500	567	584	795	872	932	999	726	394	329	528	670	480	384	282	191	277	257	59	87	102	138	14	34	113	92	31	24	102	49	43	6	41	36	80	59	57	14
64	170	2	2	119	0	1953125	12	0.0	7626	2.33	0	0	V0.2	0	0	921	922	913	909	945	951	957	943	963	973	981	976	961	965	975	970	949	922	922	916	905	886	856	842	850	840	808	786	803	795	792	764	770	798	785	816	774	812	827	880	822	859	808	917	850	940	732	944	885	938	677	763	1000	740	873	537	779	920	662	821	696	723	785	645	689	711	713	688	690	703	710	714	721	707	713	728	739	725	707	715	724	715	690	671	671
64	170	2	2	119	0	1953125	12	0.0	0	0.96	0	0	V0.2	0	0	186	156	181	146	189	157	192	158	183	162	197	166	187	158	188	170	193	146	176	158	197	128	180	144	190	134	182	182	118	155	196	277	149	331	30	206	150	332	181	444	249	289	105	287	172	347	131	625	766	468	512	392	247	709	1000	654	782	207	463	179	287	126	271	198	262	233	162	148	164	186	141	183	89	181	118	172	92	162	105	166	112	145	104	151	104
64	170	2	2	119	0	1953125	12	0.0	0	0.96	0	0	V0.2	0	0	25	48	26	59	3	47	7	47	10	38	13	39	14	37	17	37	22	63	19	47	26	99	41	84	51	128	107	102	100	60	166	214	312	179	153	71	233	203	374	326	310	281	66	203	202	278	256	626	813	645	479	254	297	711	999	831	740	440	446	385	233	80	152	354	228	182	16	179	155	89	78	111	133	48	76	42	77	33	63	47	38	33	37	41	28
64	170	2	2	119	0	1953125	12	0.0	0	0.96	0	0	V0.2	0	0	225	192	220	181	225	196	231	198	220	200	235	209	222	201	220	209	233	186	206	196	232	175	202	193	213	194	194	255	111	207	200	372	145	419	63	282	90	397	163	515	348	396	269	258	299	374	163	693	1000	576	713	303	88	482	924	513	804	392	772	450	332	289	294	272	257	322	172	215	143	245	144	237	79	224	122	220	113	195	119	200	137	182	124	178	129
64	170	2	2	119	0	1953125	12	0.0	0	0.96	0	0	V0.2	0	0	235	234	221	236	240	243	246	227	246	245	260	232	248	228	267	237	243	210	258	227	245	187	260	167	278	139	323	73	281	170	349	93	451	299	290	198	271	203	474	452	372	562	79	515	38	245	342	951	809	1000	746	69	228	733	667	584	620	688	795	474	598	285	209	171	439	232	222	31	319	205	221	122	230	216	188	191	162	204	178	207	152	187	163	198	153
64	170	2	2	119	0	1953125	12	0.0	0	0.96	0	0	V0.2	0	0	51	47	49	47	30	46	29	54	9	40	18	43	8	42	24	28	41	63	32	37	61	99	35	88	60	166	97	187	100	73	97	293	332	227	259	84	185	105	338	283	512	370	309	420	234	83	366	802	1000	980	740	221	112	639	754	607	458	552	904	750	560	331	129	313	274	282	20	216	152	159	26	143	112	91	73	69	91	37	72	45	59	24	51	34	30
64	170	2	2	119	0	1953125	12	0.0	7510	2.31	0	0	V0.2	0	0	28	27	21	18	33	29	28	15	27	20	14	14	22	16	13	13	9	30	5	9	11	49	14	6	15	97	62	56	56	115	95	59	204	98	229	66	110	38	172	144	218	186	152	467	540	128	413	456	705	664	433	54	484	965	585	807	767	240	1000	136	196	89	123	134	18	222	59	101	52	135	45	24	41	61	27	16	13	36	19	14	17	24	19	10	19
64	170	2	2	119	0	1953125	12	0.0	7715	2.34	0	0	V0.2	0	0	69	80	41	68	87	89	31	26	99	50	22	54	77	25	36	92	21	68	74	94	78	90	68	38	138	96	71	156	239	61	118	210	162	202	185	293	100	524	506	575	324	467	233	311	573	1000	800	399	65	339	409	432	741	846	632	515	796	610	563	428	231	144	240	240	91	86	259	114	57	105	222	46	49	80	94	78	68	85	29	95	66	8	41	71	21
64	170	2	2	119	0	1953125	12	0.0	7626	2.33	0	0	V0.2	0	0	34	87	29	92	35	62	39	67	40	67	57	61	42	51	73	29	70	49	105	29	71	27	113	34	90	65	151	34	152	20	107	108	215	58	168	137	334	196	338	216	328	197	83	194	514	639	498	451	205	134	269	345	403	231	377	656	1000	811	658	332	150	189	159	116	155	148	134	125	128	138	95	119	68	89	59	64	66	46	84	89	73	53	75	92	72
64	170	2	2	119	0	1953125	12	0.0	7670	2.34	0	0	V0.2	0	0	78	21	90	38	68	12	78	13	64	15	45	35	47	36	12	69	21	52	33	93	11	33	104	113	51	39	137	103	95	58	134	19	211	117	176	17	283	225	307	145	233	189	221	193	449	589	505	487	271	13	128	271	352	263	437	737	1000	810	692	306	248	133	163	34	184	50	187	82	177	26	152	57	93	54	100	29	55	55	90	21	23	62	63	28	32
64	170	2	2	119	0	1953125	12	0.0	7710	2.34	0	0	V0.2	0	0	77	52	48	53	61	48	33	45	10	76	25	48	14	61	13	24	47	42	37	4	84	65	28	68	90	62	89	65	99	89	104	67	29	193	174	55	48	321	332	193	144	204	198	312	357	401	496	292	199	210	177	106	309	649	1000	943	979	829	458	342	79	52	132	164	162	202	80	151	36	121	58	132	34	29	66	67	48	50	75	60	28	30	34	18	31
64	170	2	2	119	0	1953125	12	0.0	7621	2.33	0	0	V0.2	0	0	70	44	44	55	54	58	22	40	60	29	21	16	43	30	5	28	55	27	28	46	80	32	69	55	86	106	40	106	71	100	49	30	153	203	52	75	208	345	292	380	231	45	121	406	407	550	591	397	358	226	110	84	252	639	939	913	1000	793	477	362	97	124	198	127	207	181	31	96	31	89	31	72	34	41	65	48	18	44	15	48	48	25	42	17	17
64	170	2	2	119	0	1953125	12	0.0	3232	1.57	0	0	V0.2	0	0	22	85	24	88	6	78	17	78	9	42	42	42	51	39	71	23	55	42	91	31	84	63	90	76	71	131	89	181	167	146	85	208	208	404	323	201	115	310	444	699	580	542	595	825	800	416	187	733	999	962	832	582	592	399	426	581	751	850	921	756	677	294	246	184	300	95	86	100	157	62	168	112	135	80	163	113	120	55	107	55	60	74	79	34	48
64	170	2	2	119	0	1953125	12	0.0	3232	1.57	0	0	V0.2	0	0	91	27	66	15	88	9	65	18	65	23	34	48	33	58	43	53	11	75	43	71	50	85	34	27	130	86	127	87	197	139	50	67	317	267	333	209	18	183	539	542	654	466	643	722	663	461	288	572	932	818	667	555	399	284	388	594	839	1000	940	924	543	305	72	288	185	152	75	133	55	68	146	148	78	86	141	129	71	69	83	60	61	59	57	25	59
64	170	2	2	119	0	1953125	12	0.0	7848	2.37	0	0	V0.2	0	0	25	25	33	25	24	25	23	32	23	14	28	19	31	8	16	25	12	9	28	17	18	23	24	74	19	48	41	69	77	39	131	75	37	202	136	55	198	107	271	301	371	283	193	439	431	539	318	68	778	301	575	305	491	601	471	612	764	1000	474	462	282	315	86	69	233	27	35	27	20	85	30	36	32	44	40	12	35	33	31	12	21	15	3	22	15
