34928	35048	35167	35286	35405	35524	35644	35763	35882	36001	36120	36240	36359	36478	36597	36716	36836	36955	37074	37193	37313	37432	37551	37670	37789	37909	38028	38147	38266	38385	38505	38624	38743	38862	38981	39101	39220	39339	39458	39577	39697	39816	39935	40054	40174	40293	40412	40531	40650	40770	40889	41008	41127	41246	41366	41485	41604	41723	41842	41962	42081	42200	42319	42439	42558	42677	42796	42915	43035	43154	43273	43392	43511	43631	43750	43869	43988	44107	44227	44346	44465	44584	44703	44823	44942
64	170	2	2	119	0	1953125	12	0.0	7717	2.34	0	0	V0.2	0	0	64	61	47	36	41	64	47	23	24	54	47	13	21	32	38	12	50	52	30	18	74	52	58	14	113	119	48	113	76	196	42	186	97	168	179	164	177	337	200	247	307	314	425	167	199	297	555	601	558	801	979	763	298	325	910	999	817	560	557	641	446	307	146	261	189	204	75	140	58	18	94	25	126	42	76	41	100	30	47	66	92	31	30	46	41
64	170	2	2	119	0	1953125	12	0.0	0	0.78	0	0	V0.2	0	0	361	363	354	341	320	299	310	294	234	203	157	138	98	39	20	76	117	144	188	216	244	277	343	353	381	414	464	533	509	548	607	607	665	735	703	759	715	544	660	715	815	831	608	725	919	731	995	831	704	734	720	373	744	1000	966	936	547	653	330	800	562	507	492	444	588	370	465	472	439	442	423	391	353	349	324	316	267	268	249	221	222	222	208	202	187
64	170	2	2	119	0	1953125	12	0.0	0	1.01	0	0	V0.2	0	0	133	101	128	95	137	107	141	98	137	120	140	106	132	121	137	114	109	131	130	105	85	145	101	110	72	136	73	132	18	225	74	91	100	205	59	160	318	274	465	517	260	330	115	287	77	256	490	726	348	226	566	947	1000	727	169	372	526	639	353	351	142	304	117	191	45	105	92	107	123	60	168	146	73	64	148	83	102	56	138	66	111	45	127	68	94
64	170	2	2	119	0	1953125	12	0.0	0	0.89	0	0	V0.2	0	0	36	5	51	48	10	43	24	36	13	45	46	8	37	47	42	16	57	44	30	26	78	74	33	89	59	78	48	93	112	23	100	76	130	122	170	299	233	306	375	367	402	219	312	226	174	204	209	133	215	454	568	328	185	787	1000	640	53	681	923	843	477	50	182	174	94	49	117	149	80	152	136	57	71	91	112	49	57	93	52	32	50	70	44	31	64
64	170	2	2	119	0	1953125	12	0.0	7868	2.37	0	0	V0.2	0	0	35	22	21	23	26	24	14	5	24	23	9	14	11	14	10	23	23	8	4	17	41	23	27	41	30	12	35	83	62	61	43	86	22	225	146	152	172	166	59	84	149	271	456	558	695	560	620	716	342	268	577	658	406	661	496	405	771	679	1000	477	558	304	197	185	113	143	83	32	66	11	40	36	11	19	14	40	47	17	27	30	8	5	14	13	2
64	170	2	2	119	0	1953125	12	0.0	0	0.73	0	0	V0.2	0	0	852	860	887	900	907	915	928	933	939	943	946	936	940	932	915	908	902	883	863	841	831	811	784	778	758	744	728	712	708	692	695	699	744	760	738	821	773	731	867	868	839	606	729	745	923	956	1000	812	661	797	865	765	983	805	663	803	577	822	822	564	578	668	601	585	659	667	703	695	717	728	696	712	718	717	698	709	686	679	671	650	653	641	625	617	611
64	170	2	2	119	0	1953125	12	0.0	0	0.69	0	0	V0.2	0	0	49	17	29	54	40	3	41	52	22	25	57	49	5	43	61	33	25	70	72	18	52	87	55	30	92	82	16	60	124	112	45	101	131	115	217	299	368	278	11	269	493	617	432	233	236	126	520	601	387	324	484	662	894	1000	925	178	160	613	765	558	457	421	253	142	125	187	156	76	110	160	139	64	84	108	66	45	96	91	32	56	89	60	14	70	77
64	170	2	2	119	0	1953125	12	0.0	0	0.67	0	0	V0.2	0	0	29	31	11	19	36	28	7	31	39	20	12	36	31	3	34	44	29	10	42	27	4	50	68	36	36	84	92	64	86	124	80	83	114	114	154	159	190	151	183	239	522	514	365	591	305	175	395	480	909	648	63	135	708	1000	829	322	462	98	335	498	414	392	62	119	184	154	76	113	143	69	11	72	59	4	52	72	36	24	58	45	9	43	57	29	25
64	170	1	2	119	0	1953125	12	0.0	0	0.64	0	0	V0.2	0	0	28	33	16	13	33	33	15	19	38	32	12	23	39	30	5	30	45	37	18	39	51	34	14	45	58	47	49	49	19	31	25	110	103	95	26	54	78	119	93	178	313	288	218	202	418	316	267	511	1000	725	341	390	707	699	640	494	792	704	614	771	763	655	367	163	232	302	193	112	139	171	146	70	65	124	108	48	40	95	79	22	50	81	64	8	49
64	170	2	2	119	0	1953125	12	0.0	6828	2.19	0	0	V0.2	0	0	34	41	30	25	34	34	21	11	29	35	18	14	26	26	19	17	32	39	11	29	41	62	23	35	45	76	35	56	140	57	9	28	142	70	28	47	120	221	439	158	197	202	149	313	201	113	498	730	347	533	840	967	1000	187	166	634	345	450	476	287	513	26	64	90	23	95	104	54	18	35	16	37	15	19	17	28	27	9	4	20	18	16	12	4	16
64	170	2	2	119	0	1953125	12	0.0	7822	2.36	0	0	V0.2	0	0	76	49	37	58	40	75	40	5	51	44	28	37	50	42	39	38	15	78	31	16	94	6	53	55	72	56	107	63	154	68	70	36	170	112	116	119	237	83	65	414	376	235	294	404	198	205	432	427	492	266	387	588	341	693	1000	680	463	724	603	263	259	182	248	117	103	16	84	121	19	41	97	36	46	61	18	50	66	36	58	62	66	39	19	18	41
64	170	2	2	119	0	1953125	12	0.0	0	0.69	0	0	V0.2	0	0	27	40	23	19	38	30	5	35	45	21	16	47	41	11	26	40	18	24	53	62	41	41	54	40	36	54	77	56	75	141	148	82	21	142	229	271	316	333	218	6	132	359	461	266	427	443	787	1000	866	893	660	576	732	643	709	243	82	457	678	739	560	418	314	80	129	243	172	67	37	53	68	82	71	46	27	43	55	51	38	36	46	38	23	32	36
64	170	2	2	119	0	1953125	12	0.0	7536	2.31	0	0	V0.2	0	0	28	44	32	8	24	38	33	12	12	42	27	16	19	34	30	14	30	40	22	7	32	46	47	6	36	60	58	27	44	82	22	45	37	107	117	125	114	47	204	346	138	84	339	144	116	115	446	130	192	233	399	172	423	1000	509	134	213	224	457	159	307	163	85	257	153	126	143	47	30	13	57	77	41	36	28	35	39	34	24	20	29	29	25	28	19
64	170	2	2	119	0	1953125	12	0.0	0	0.51	0	0	V0.2	0	0	4	19	28	32	24	12	5	20	30	31	20	5	14	29	38	30	15	6	26	39	48	39	23	35	61	76	71	59	49	71	101	143	163	141	163	197	185	58	139	252	316	493	593	564	605	536	365	294	391	665	960	902	790	669	442	712	887	1000	639	407	328	350	363	327	283	302	199	85	11	58	82	83	87	55	25	47	69	71	57	25	9	31	49	51	37
64	170	2	2	119	0	1953125	12	0.0	7531	2.31	0	0	V0.2	0	0	49	38	22	22	44	46	20	28	34	27	1	3	15	18	10	22	33	17	21	21	27	27	35	43	48	51	67	34	85	95	103	66	188	196	83	215	130	304	364	638	466	611	198	367	455	42	252	442	548	680	487	525	522	643	987	438	1000	494	398	716	356	263	302	131	309	136	58	39	105	101	80	81	63	45	57	39	34	36	29	24	21	33	20	8	15
64	170	2	2	119	0	1953125	12	0.0	0	0.71	0	0	V0.2	0	0	231	229	213	202	192	173	146	150	128	109	93	60	37	25	18	39	77	75	105	149	172	216	238	245	278	327	327	351	416	357	365	480	457	482	505	555	538	421	419	478	584	794	748	999	867	656	453	798	298	89	479	751	522	705	209	418	560	331	518	386	448	520	344	389	356	271	253	273	262	235	235	236	231	234	218	218	224	214	200	199	204	228	208	169	151
64	170	2	2	119	0	1953125	12	0.0	7743	2.35	0	0	V0.2	0	0	48	52	43	7	35	54	35	13	12	57	44	14	24	45	51	21	41	55	42	17	51	80	61	38	63	103	84	20	27	167	125	56	240	119	217	54	203	162	306	246	58	430	486	751	593	578	493	1000	193	732	376	672	485	819	255	308	383	800	561	337	386	123	166	162	178	76	165	50	48	24	20	86	80	46	28	30	51	46	21	25	49	39	33	20	46
64	170	2	2	119	0	1953125	12	0.0	0	0.44	0	0	V0.2	0	0	8	13	25	14	19	9	11	17	16	23	23	8	6	9	24	14	11	17	20	21	27	21	25	15	24	65	32	45	23	16	80	79	95	92	89	152	218	64	128	197	227	256	271	44	195	243	139	415	513	103	521	1000	574	144	192	409	164	290	227	130	144	109	168	70	70	121	31	19	40	44	65	32	52	29	26	37	27	31	34	20	31	15	16	30	9
64	170	2	2	119	0	1953125	12	0.0	7651	2.33	0	0	V0.2	0	0	36	22	19	20	33	35	12	20	32	22	14	13	27	11	5	13	24	25	14	39	30	32	10	49	46	62	28	55	42	145	91	113	89	67	27	120	66	49	377	281	473	263	67	263	574	568	150	474	685	366	999	985	754	253	327	753	525	771	584	342	171	248	78	159	56	101	77	59	20	32	89	24	32	21	56	40	6	12	22	25	18	9	21	22	5
64	170	2	2	119	0	1953125	12	0.0	7767	2.35	0	0	V0.2	0	0	61	59	25	57	37	62	22	31	28	78	23	22	39	53	8	24	59	0	40	50	65	52	70	102	92	65	54	81	25	182	103	96	50	223	77	184	266	506	445	234	98	173	228	167	366	757	994	1000	989	782	525	483	465	419	446	272	85	46	190	94	110	149	260	195	52	85	189	134	48	55	94	43	93	42	62	47	73	22	20	74	69	17	5	32	23
64	170	2	2	119	0	1953125	12	0.0	0	0.39	0	0	V0.2	0	0	25	51	66	33	24	68	25	32	24	23	39	26	35	41	22	66	32	68	48	56	76	62	57	103	53	110	42	81	175	169	128	177	332	116	218	159	278	352	155	199	179	547	377	118	392	340	393	214	618	949	709	566	667	568	457	1000	780	167	569	694	592	689	403	488	332	260	172	99	165	86	80	68	116	126	60	61	43	54	64	49	42	78	55	83	50
64	170	2	2	119	0	1953125	12	0.0	0	0.67	0	0	V0.2	0	0	38	36	9	33	49	33	7	42	45	15	30	54	41	3	44	54	24	28	63	51	11	44	60	6	43	74	84	45	57	108	118	93	171	157	68	83	31	128	157	350	479	550	319	413	688	559	324	310	595	516	749	829	879	1000	826	710	950	660	229	503	449	380	393	439	290	133	72	186	148	80	117	147	90	34	85	86	32	38	74	54	11	53	62	22	34
64	170	2	2	119	0	1953125	12	0.0	0	0.67	0	0	V0.2	0	0	17	15	32	29	7	31	40	26	18	40	42	18	31	49	37	15	38	40	17	40	65	55	25	46	69	42	44	87	98	84	143	175	167	156	131	106	46	44	206	210	292	307	386	390	200	169	596	554	483	760	867	723	613	703	1000	963	902	969	940	584	408	299	325	259	75	132	126	58	93	158	128	50	44	97	68	13	75	84	32	43	87	68	12	56	71
64	170	2	2	119	0	1953125	12	0.0	0	0.57	0	0	V0.2	0	0	11	3	12	20	18	10	4	16	22	17	7	10	23	21	13	4	17	27	29	13	8	25	32	22	7	28	27	25	19	13	28	45	76	73	76	46	111	160	90	219	151	66	296	238	52	158	299	347	420	530	363	234	422	338	499	674	901	1000	775	339	77	11	140	194	151	100	21	63	84	92	58	10	36	68	64	30	7	36	47	39	18	16	35	41	31
64	170	2	2	119	0	1953125	12	0.0	0	0.42	0	0	V0.2	0	0	9	11	11	12	10	10	7	7	11	15	15	18	19	18	12	4	6	6	16	30	25	22	36	26	29	17	18	33	44	89	117	78	39	77	126	172	90	76	49	180	327	161	182	282	323	222	113	467	481	599	344	305	864	1000	621	93	650	661	462	284	123	135	181	194	129	85	74	134	112	67	58	66	38	11	6	23	35	43	46	41	35	27	18	8	15
64	170	1	2	119	0	1953125	12	0.0	0	0.74	0	0	V0.2	0	0	30	36	19	20	31	20	9	22	15	5	20	19	10	10	10	18	14	12	36	42	13	24	37	24	31	49	29	39	62	46	104	121	58	31	143	128	59	100	192	235	358	500	448	326	379	380	315	484	555	244	383	543	112	397	595	867	1000	839	968	545	164	309	301	262	143	89	97	76	69	45	31	65	62	25	39	54	31	14	33	18	20	45	33	9	39
64	170	1	2	119	0	1953125	12	0.0	7858	2.37	0	0	V0.2	0	0	61	41	22	33	52	40	16	25	37	31	10	21	41	22	4	37	43	20	17	51	39	54	32	53	64	90	45	95	47	96	16	22	44	71	95	131	230	84	153	230	320	216	316	593	387	589	589	486	768	999	410	591	816	964	408	193	283	505	473	548	266	179	105	86	146	104	131	71	48	40	50	18	81	26	62	53	36	22	32	41	26	23	5	39	31
64	170	1	2	119	0	1953125	12	0.0	7619	2.33	0	0	V0.2	0	0	30	14	13	21	29	13	7	20	20	6	6	11	15	0	8	25	13	7	16	35	18	18	15	44	30	17	36	25	85	36	97	95	65	42	96	42	26	169	157	170	223	167	157	294	332	284	352	397	390	477	381	642	999	988	414	311	399	525	239	467	491	233	86	153	55	115	27	51	56	60	20	36	41	13	33	17	14	25	35	18	10	20	21	9	15
64	170	2	2	119	0	1953125	12	0.0	7645	2.33	0	0	V0.2	0	0	76	28	76	70	64	50	35	63	63	36	13	69	69	7	14	78	53	11	44	125	66	16	60	141	100	8	96	61	174	92	147	44	344	335	280	182	317	461	290	184	250	432	261	72	417	810	785	721	369	543	826	962	1000	590	414	438	663	617	335	249	187	302	106	58	167	259	142	60	133	193	108	6	46	65	124	63	31	35	109	64	19	36	97	79	27
64	170	2	2	119	0	1953125	12	0.0	7540	2.31	0	0	V0.2	0	0	74	106	86	61	99	85	76	72	79	91	36	40	74	59	56	32	82	48	61	25	93	84	73	101	131	115	234	59	244	21	252	23	285	185	499	315	156	127	559	679	388	346	600	717	621	583	200	362	553	804	1000	825	669	618	215	539	673	867	840	631	799	563	568	349	81	123	233	274	133	56	207	193	54	58	99	137	57	52	36	81	60	19	11	26	72
64	170	1	2	119	0	1953125	12	0.0	0	0.52	0	0	V0.2	0	0	10	15	20	21	18	13	14	21	25	25	19	14	20	28	33	30	23	22	28	34	39	33	28	40	53	64	72	57	46	60	79	97	125	127	134	152	178	109	163	106	186	297	346	348	437	419	351	471	480	416	606	634	825	912	1000	936	804	517	229	200	273	332	332	266	155	77	51	53	75	100	100	84	59	52	66	74	67	47	28	26	43	53	49	32	18
64	170	2	2	119	0	1953125	12	0.0	0	0.68	0	0	V0.2	0	0	7	22	22	12	18	20	10	17	28	21	12	24	31	23	20	31	31	29	33	26	11	20	42	42	22	30	61	84	79	71	65	106	129	142	59	60	152	245	358	284	232	142	381	483	573	560	501	717	590	877	828	540	345	537	1000	895	784	310	74	231	449	440	372	230	28	143	165	138	57	42	51	54	94	105	69	11	50	61	39	26	49	45	18	28	46
64	170	2	2	119	0	1953125	12	0.0	0	0.39	0	0	V0.2	0	0	10	10	6	6	3	6	9	11	13	16	14	14	11	9	6	5	6	7	15	19	29	30	15	18	26	31	33	22	32	19	51	77	61	32	109	189	174	143	45	62	83	240	199	150	346	279	458	402	119	357	487	701	799	1000	636	637	704	385	515	312	199	347	358	209	76	148	86	25	34	14	11	34	35	48	38	30	36	34	27	20	16	14	17	21	21
64	170	2	2	119	0	1953125	12	0.0	0	0.50	0	0	V0.2	0	0	6	9	14	20	19	14	4	5	17	23	21	14	5	12	24	32	35	32	19	9	17	24	24	11	19	23	42	62	67	47	28	65	74	85	186	171	188	222	83	71	56	71	118	500	640	586	705	729	914	582	368	723	851	901	1000	996	404	98	34	165	286	375	233	139	188	111	25	11	67	89	80	51	15	17	52	73	75	57	27	8	28	51	56	46	25
64	170	1	2	119	0	1953125	12	0.0	0	0.35	0	0	V0.2	0	0	7	9	11	16	17	22	25	27	29	29	30	31	28	25	24	19	8	9	11	12	13	28	37	36	38	39	33	47	84	113	70	62	72	103	115	146	210	297	266	367	490	473	498	634	885	668	651	770	887	916	985	699	636	475	1000	876	607	908	993	460	186	332	249	87	47	104	35	100	96	64	36	32	60	56	67	69	50	43	49	40	35	37	41	34	35
64	170	2	2	119	0	1953125	12	0.0	0	0.36	0	0	V0.2	0	0	4	3	2	0	2	2	3	4	5	5	5	5	4	4	1	1	2	6	8	10	14	26	35	42	49	41	35	67	49	51	96	91	115	108	130	135	186	184	144	70	108	93	187	236	280	322	121	195	221	452	479	439	203	596	933	848	977	1000	726	366	5	247	311	150	130	141	97	104	90	83	70	58	47	20	12	22	18	11	11	14	18	22	24	24	28
64	170	2	2	119	0	1953125	12	0.0	0	0.53	0	0	V0.2	0	0	6	16	19	15	4	12	22	31	28	17	1	13	24	27	21	4	23	42	53	42	9	24	49	82	100	95	65	51	114	161	223	272	222	199	242	218	191	234	396	618	697	543	659	723	674	755	723	577	488	252	352	746	735	961	1000	409	762	554	426	504	576	463	255	113	16	134	222	224	220	162	87	25	42	71	73	61	46	41	50	47	35	22	31	45	42
64	170	2	2	119	0	1953125	12	0.0	0	0.42	0	0	V0.2	0	0	5	6	9	11	13	13	13	13	8	5	3	11	16	20	21	22	21	16	9	4	9	11	10	20	17	38	54	58	64	73	66	71	80	156	235	245	201	55	84	135	208	554	737	679	512	269	129	76	141	322	548	632	841	823	893	1000	769	443	274	271	409	263	277	214	170	104	67	64	69	81	74	65	49	50	35	13	14	32	40	43	41	32	23	18	17
64	170	2	2	119	0	1953125	12	0.0	7515	2.31	0	0	V0.2	0	0	17	27	22	12	15	19	18	12	2	18	14	12	4	16	12	4	19	12	7	10	8	32	30	9	32	45	16	34	30	88	67	122	84	128	107	54	73	151	193	257	151	99	43	122	347	195	298	379	106	418	509	1000	374	278	265	491	356	115	362	173	248	125	133	105	122	102	92	8	12	38	33	32	22	29	27	3	21	25	18	3	20	17	10	8	20
64	170	2	2	119	0	1953125	12	0.0	7576	2.32	0	0	V0.2	0	0	43	73	74	105	43	32	62	102	44	5	52	80	43	37	88	63	21	31	115	112	30	49	81	160	111	69	92	238	228	158	162	203	179	141	152	467	691	481	324	178	585	514	367	109	679	724	738	536	749	924	726	457	454	575	353	110	633	1000	888	713	347	218	187	197	109	253	169	107	225	252	85	20	146	181	86	86	146	151	68	94	109	79	65	106	94
