34928	35048	35167	35286	35405	35524	35644	35763	35882	36001	36120	36240	36359	36478	36597	36716	36836	36955	37074	37193	37313	37432	37551	37670	37789	37909	38028	38147	38266	38385	38505	38624	38743	38862	38981	39101	39220	39339	39458	39577	39697	39816	39935	40054	40174	40293	40412	40531	40650	40770	40889	41008	41127	41246	41366	41485	41604	41723	41842	41962	42081	42200	42319	42439	42558	42677	42796	42915	43035	43154	43273	43392	43511	43631	43750	43869	43988	44107	44227	44346	44465	44584	44703	44823	44942
64	170	2	2	119	0	1953125	12	0.0	7973	2.39	0	0	V0.2	0	0	60	32	23	73	38	35	25	60	23	37	46	10	64	41	28	54	56	54	20	90	15	58	87	95	53	37	111	65	111	131	204	189	309	165	135	183	165	129	205	139	219	158	118	267	591	731	602	498	218	407	765	1000	950	370	210	680	866	686	535	430	385	257	284	178	113	142	113	184	81	129	25	100	80	73	61	43	59	23	86	21	20	47	26	43	59
64	170	2	2	119	0	1953125	12	0.0	7691	2.34	0	0	V0.2	0	0	54	52	28	50	35	60	25	25	37	52	17	16	37	45	18	31	27	31	19	26	50	68	26	19	112	94	42	38	166	267	197	311	197	186	168	73	86	288	377	270	230	110	203	348	533	822	786	748	777	771	1000	952	799	523	191	312	509	580	271	204	216	382	349	175	157	14	103	84	86	106	143	37	58	64	122	33	50	22	69	32	34	20	35	2	42
64	170	2	2	119	0	1953125	12	0.0	7752	2.35	0	0	V0.2	0	0	49	47	39	11	60	40	35	15	50	36	24	12	37	26	23	35	41	22	30	39	29	67	53	57	81	45	50	35	153	107	187	206	197	231	21	40	179	227	236	341	208	212	49	276	420	670	828	742	703	634	879	1000	905	653	194	178	392	378	69	124	235	279	143	165	47	80	107	60	120	94	34	29	68	31	52	11	53	7	54	28	63	30	55	47	52
64	170	2	2	119	0	1953125	12	0.0	7763	2.35	0	0	V0.2	0	0	49	40	21	51	39	32	18	28	42	24	10	22	46	22	22	9	38	16	19	32	56	33	24	86	51	57	29	122	115	161	230	198	264	89	63	92	191	106	261	233	270	203	23	140	303	645	733	749	701	618	900	976	1000	733	226	50	374	363	100	39	219	243	141	162	68	134	127	55	110	79	28	39	39	36	33	44	12	27	38	14	22	15	27	6	22
64	170	2	2	119	0	1953125	12	0.0	7625	2.33	0	0	V0.2	0	0	62	59	38	64	31	56	6	46	38	27	15	39	49	2	8	42	44	16	19	57	69	26	14	99	61	60	29	138	109	151	201	153	218	97	30	105	160	38	197	194	255	287	102	80	247	607	679	670	623	578	890	967	1000	769	250	158	374	425	180	33	117	232	124	186	133	203	180	36	48	68	57	31	28	30	43	46	25	12	42	40	18	12	41	38	13
64	170	2	2	119	0	1953125	12	0.0	7649	2.33	0	0	V0.2	0	0	37	50	49	49	53	31	43	35	26	7	33	41	7	17	60	44	17	30	94	42	49	15	85	70	37	45	72	124	110	166	146	108	169	57	50	183	213	157	170	166	322	265	227	128	212	469	574	619	336	520	793	1000	897	484	249	503	628	320	91	184	252	76	115	215	298	139	99	6	86	43	60	20	65	82	55	12	48	63	29	42	62	69	1	49	64
64	170	2	2	119	0	1953125	12	0.0	0	0.99	0	0	V0.2	0	0	11	52	32	48	30	34	16	53	41	16	6	56	36	10	28	59	17	37	45	77	17	59	38	66	43	101	35	47	27	123	56	24	75	176	68	131	123	196	232	108	102	224	225	197	275	86	216	588	697	596	354	248	562	609	208	309	1000	802	436	263	365	474	273	93	138	258	173	24	63	110	60	77	100	73	42	60	77	18	12	63	63	1	43	54	39
64	170	2	2	119	0	1953125	12	0.0	0	1.00	0	0	V0.2	0	0	59	63	11	18	53	63	20	26	49	50	31	45	53	31	41	44	43	28	84	49	43	45	114	45	21	69	118	38	76	81	144	79	149	119	125	100	254	279	284	143	184	273	335	383	409	248	289	632	811	808	540	346	474	712	233	411	1000	872	506	295	420	518	368	69	191	227	219	53	102	77	63	78	133	46	17	69	93	18	44	73	72	10	59	57	34
64	170	2	2	119	0	1953125	12	0.0	109	1.04	0	0	V0.2	0	0	57	42	44	10	55	32	52	14	49	22	46	25	28	36	38	35	7	79	41	62	23	103	35	76	48	129	33	84	79	120	68	106	147	163	109	135	203	355	426	507	281	120	391	685	534	292	208	792	865	1000	736	752	649	651	389	308	677	443	369	115	182	185	209	257	127	175	96	217	142	80	15	131	79	41	19	91	42	38	39	77	17	50	49	47	10
64	170	2	2	119	0	1953125	12	0.0	109	1.04	0	0	V0.2	0	0	57	42	44	10	55	32	52	14	49	22	46	25	28	36	38	35	7	79	41	62	23	103	35	76	48	129	33	84	79	120	68	106	147	163	109	135	203	355	426	507	281	120	391	685	534	292	208	792	865	1000	736	752	649	651	389	308	677	443	369	115	182	185	209	257	127	175	96	217	142	80	15	131	79	41	19	91	42	38	39	77	17	50	49	47	10
64	170	2	2	119	0	1953125	12	0.0	109	1.04	0	0	V0.2	0	0	66	38	44	19	64	29	48	26	52	26	46	36	31	41	36	45	14	83	47	72	35	105	50	84	64	131	57	91	88	121	91	96	178	164	144	136	244	382	528	566	337	131	422	732	587	233	311	884	986	1000	713	848	803	809	584	532	821	737	595	237	200	134	149	208	94	184	91	228	124	108	21	148	75	60	12	95	33	40	40	81	20	53	47	51	18
64	170	2	2	119	0	1953125	12	0.0	11	1.02	0	0	V0.2	0	0	24	85	23	55	15	80	26	42	13	69	12	35	35	60	17	35	66	65	27	18	84	56	48	18	98	63	72	21	129	32	136	107	222	115	169	83	220	325	467	469	192	73	464	696	491	203	496	1000	935	917	674	943	922	901	511	350	681	681	649	360	418	166	188	133	62	97	68	129	144	63	79	82	140	52	70	44	108	32	36	30	60	12	31	45	43
64	170	2	2	119	0	1953125	12	0.0	0	1.01	0	0	V0.2	0	0	75	108	97	95	98	102	119	89	116	87	134	78	120	67	144	58	113	62	128	52	101	73	117	69	85	102	105	108	56	172	95	186	84	252	120	100	26	404	322	330	237	217	285	669	293	324	404	1000	779	859	566	882	710	983	531	467	445	513	259	440	274	343	155	162	37	121	151	115	128	146	140	124	135	125	156	102	143	92	163	93	123	79	155	61	117
64	170	2	2	119	0	1953125	12	0.0	0	0.96	0	0	V0.2	0	0	33	44	21	59	51	34	41	31	41	31	54	20	21	36	53	10	19	52	54	31	63	44	60	45	114	32	42	39	163	71	77	66	97	91	172	246	141	121	396	487	275	188	125	391	397	117	405	858	1000	678	382	762	831	701	368	488	671	280	216	456	488	419	222	286	332	243	223	141	209	84	105	84	119	69	86	102	56	69	64	94	24	54	43	47	19
64	170	2	2	119	0	1953125	12	0.0	7716	2.34	0	0	V0.2	0	0	20	33	24	21	13	34	24	29	9	22	20	17	6	21	17	10	4	27	27	10	8	32	43	17	27	31	77	18	26	89	73	47	68	95	77	63	153	217	158	287	264	64	93	250	112	232	129	591	242	377	346	618	631	378	693	179	1000	812	253	153	213	197	186	33	22	124	80	114	15	8	42	33	22	33	17	7	16	6	23	16	7	20	20	12	11
64	170	2	2	119	0	1953125	12	0.0	7640	2.33	0	0	V0.2	0	0	92	31	128	26	82	27	129	28	84	40	113	24	61	69	86	16	31	119	44	74	57	162	34	184	92	188	29	248	141	200	121	320	286	406	296	32	126	60	344	364	240	139	365	630	557	750	650	797	543	100	490	1000	996	672	324	230	549	831	902	825	739	381	251	504	473	222	155	195	268	82	123	100	145	60	82	116	102	64	78	83	33	82	84	64	42
64	170	2	2	119	0	1953125	12	0.0	7691	2.34	0	0	V0.2	0	0	83	7	81	7	93	5	56	51	94	37	54	68	60	67	53	64	10	74	67	75	70	87	122	97	164	128	125	93	265	207	82	72	361	312	234	187	79	112	159	268	351	92	272	490	641	584	672	554	493	105	412	666	863	507	227	222	684	826	1000	778	473	296	364	374	395	139	207	129	181	41	153	36	64	94	139	63	69	86	84	76	87	114	92	93	90
64	170	2	2	119	0	1953125	12	0.0	7646	2.33	0	0	V0.2	0	0	14	96	10	92	18	79	22	86	25	89	30	52	43	67	27	5	89	57	77	15	110	46	124	57	167	20	94	96	219	77	33	150	322	195	211	257	110	264	221	293	276	137	273	529	654	599	614	321	155	178	563	669	803	541	397	421	744	841	1000	830	494	374	387	339	351	195	110	108	134	82	108	83	54	5	119	63	62	13	89	32	70	58	84	39	55
64	170	2	2	119	0	1953125	12	0.0	7635	2.33	0	0	V0.2	0	0	38	64	36	47	47	53	45	63	42	48	59	50	58	26	51	37	89	64	99	47	88	98	133	107	149	53	79	132	173	68	82	163	218	195	313	227	171	225	148	292	179	152	138	459	481	666	515	361	85	390	657	953	1000	776	827	695	769	926	872	695	518	251	214	356	278	81	55	140	102	88	76	90	55	91	47	96	14	93	41	75	48	104	65	71	64
64	170	2	2	119	0	1953125	12	0.0	7721	2.34	0	0	V0.2	0	0	76	12	68	15	72	14	41	36	36	53	41	46	22	66	35	46	25	44	49	37	50	5	89	48	150	50	94	54	189	84	111	76	235	205	311	204	122	182	72	224	192	200	45	333	430	650	573	388	180	422	691	919	1000	795	789	724	820	946	862	578	333	100	200	298	269	101	83	105	94	90	80	55	51	59	11	63	13	41	25	47	35	43	27	38	47
64	170	2	2	119	0	1953125	12	0.0	4686	1.82	0	0	V0.2	0	0	379	350	335	315	340	315	279	233	261	228	151	139	156	148	114	140	170	197	178	270	292	298	316	343	428	402	385	442	522	445	497	454	541	454	565	502	409	693	462	391	428	531	528	634	509	220	661	284	369	239	740	288	808	485	352	574	1000	163	590	575	466	358	500	447	374	447	408	374	408	359	342	317	340	311	250	258	250	236	187	141	122	136	100	48	34
64	170	2	2	119	0	1953125	12	0.0	7549	2.32	0	0	V0.2	0	0	25	19	19	21	16	18	17	11	18	19	4	7	7	24	24	26	11	24	11	23	36	7	23	42	29	31	55	18	35	34	47	21	15	149	136	105	187	64	180	262	91	235	168	29	200	413	350	122	317	156	286	572	782	276	668	1000	559	337	317	227	372	282	100	45	83	81	9	25	42	47	56	28	27	48	42	35	7	13	22	30	18	12	8	10	3
64	170	2	2	119	0	1953125	12	0.0	6290	2.10	0	0	V0.2	0	0	87	121	32	93	103	13	94	87	21	92	60	26	62	13	50	22	55	83	22	95	101	13	117	76	92	182	84	169	276	161	221	330	210	180	300	172	41	161	136	266	303	315	580	620	523	748	811	685	769	748	616	773	912	759	916	1000	954	863	975	810	669	760	602	410	465	337	167	280	197	153	274	164	164	237	128	135	177	91	129	148	90	131	122	94	103
64	170	2	2	119	0	1953125	12	0.0	6289	2.10	0	0	V0.2	0	0	16	84	16	84	18	71	24	70	26	61	35	43	29	27	44	8	46	15	46	42	70	54	75	54	46	107	82	187	158	77	49	217	194	143	124	145	200	59	180	303	152	138	300	714	765	795	560	103	431	869	1000	905	623	136	531	785	893	592	478	323	507	422	436	223	229	148	273	141	149	73	206	101	136	69	163	73	100	62	123	55	85	76	99	50	64
64	170	2	2	119	0	1953125	12	0.0	6270	2.10	0	0	V0.2	0	0	77	50	72	38	70	29	73	29	60	10	57	2	33	43	51	39	28	78	29	80	37	115	25	77	51	138	90	211	78	136	85	241	135	217	10	184	85	75	303	278	210	139	435	708	792	845	497	181	405	820	907	1000	572	220	497	952	883	723	448	447	468	504	411	258	178	224	237	198	121	144	148	160	95	139	121	122	62	113	86	80	52	104	79	62	53
64	170	2	2	119	0	1953125	12	0.0	6225	2.09	0	0	V0.2	0	0	86	24	93	4	89	18	89	12	61	40	61	48	58	83	57	70	49	108	37	108	55	124	19	105	108	187	117	215	50	125	129	251	95	165	62	166	75	65	375	315	239	226	583	830	875	877	501	231	453	864	910	999	550	256	509	976	892	796	516	454	411	505	435	303	169	236	266	243	147	149	159	184	105	155	135	146	85	139	111	102	68	116	89	76	75
64	170	2	2	119	0	1953125	12	0.0	6275	2.10	0	0	V0.2	0	0	102	12	68	33	84	16	50	47	67	19	22	46	12	51	33	51	31	47	68	33	106	77	88	38	133	58	186	77	206	30	166	148	290	100	194	119	260	132	144	224	189	235	413	720	778	650	601	189	305	687	983	1000	869	339	408	572	745	610	659	438	452	365	481	297	197	117	317	166	133	85	226	78	121	102	168	52	102	89	98	64	98	91	68	73	84
64	170	2	2	119	0	1953125	12	0.0	7747	2.35	0	0	V0.2	0	0	29	27	34	25	29	28	8	37	13	11	13	31	12	1	14	24	5	18	10	50	4	6	60	25	17	66	17	47	108	80	55	135	84	121	210	204	217	69	158	281	105	209	260	33	346	488	488	450	359	467	294	728	999	621	441	696	594	415	261	262	195	175	178	124	53	118	23	46	84	24	61	28	10	61	29	8	33	14	42	11	20	39	21	29	7
64	170	1	2	119	0	1953125	12	0.0	7691	2.34	0	0	V0.2	0	0	69	59	21	64	50	53	27	34	23	81	35	41	27	86	55	53	34	45	42	30	75	61	45	4	136	83	54	19	184	109	154	93	178	110	228	291	324	411	214	161	132	160	248	177	298	462	776	846	735	581	442	615	918	1000	939	998	750	520	482	518	430	449	390	252	156	142	36	156	76	84	32	122	81	46	49	71	49	5	32	31	47	47	43	29	27
64	170	2	2	119	0	1953125	12	0.0	7763	2.35	0	0	V0.2	0	0	54	57	16	27	64	47	24	13	48	33	28	23	44	23	41	59	50	30	27	69	21	68	17	56	63	104	25	62	97	81	100	85	124	73	220	293	341	366	116	49	37	130	176	40	53	287	610	622	518	303	330	508	772	814	866	1000	690	476	409	451	415	414	305	183	144	76	93	125	50	73	65	69	34	38	34	66	51	25	7	77	71	19	14	59	45
64	170	2	2	119	0	1953125	12	0.0	0	0.99	0	0	V0.2	0	0	282	270	277	283	267	232	196	217	205	179	116	118	140	110	88	118	145	146	160	181	216	258	274	259	305	346	356	363	331	397	452	394	439	356	452	456	306	552	353	331	560	361	411	435	95	260	643	273	45	622	463	398	442	482	342	1000	249	160	588	496	290	230	372	365	291	325	262	310	307	296	267	232	252	240	241	195	180	170	174	151	130	76	74	79	67
64	170	1	2	119	0	1953125	12	0.0	0	0.99	0	0	V0.2	0	0	33	77	42	90	14	54	42	101	19	38	56	93	12	48	82	79	25	69	105	81	61	90	95	62	122	146	80	51	146	175	65	87	235	268	57	223	263	409	274	305	219	384	351	770	822	660	453	646	714	598	413	895	1000	543	202	330	801	587	543	548	714	494	293	276	250	245	40	169	120	116	54	166	79	76	30	108	27	55	60	89	18	70	67	51	20
64	170	2	2	119	0	1953125	12	0.0	0	1.00	0	0	V0.2	0	0	90	18	53	61	95	16	41	57	79	25	54	65	55	49	71	83	27	85	73	92	11	134	71	84	17	177	56	91	43	200	78	127	143	285	88	226	216	443	495	406	390	390	500	825	1000	762	660	611	773	673	376	688	952	651	97	284	788	744	659	640	737	635	350	295	179	250	79	153	90	108	23	156	88	65	23	107	25	63	54	101	31	58	64	67	23
64	170	2	2	119	0	1953125	12	0.0	7595	2.32	0	0	V0.2	0	0	39	36	40	41	37	39	29	43	23	24	16	34	16	17	12	21	17	25	18	40	27	43	41	46	40	72	84	69	72	77	167	23	7	104	92	134	252	248	493	477	343	257	331	908	648	543	400	491	515	1000	589	777	724	460	449	490	803	622	550	386	673	190	223	102	53	86	112	67	29	16	36	16	15	14	56	42	22	21	29	26	10	8	35	27	20
64	170	2	2	119	0	1953125	12	0.0	7265	2.27	0	0	V0.2	0	0	41	76	7	57	24	59	33	24	31	44	19	16	25	27	5	14	32	57	10	28	45	59	10	43	40	68	49	58	67	170	78	41	45	149	71	94	69	100	83	163	211	364	411	226	292	424	716	768	533	284	397	573	636	743	594	868	983	999	842	401	36	223	388	287	106	16	187	175	36	4	132	134	45	74	85	132	32	69	67	110	50	38	59	91	59
64	170	2	2	119	0	1953125	12	0.0	7113	2.24	0	0	V0.2	0	0	24	61	57	31	36	44	51	20	18	44	32	29	24	41	12	32	29	63	19	60	24	68	11	67	21	73	50	131	31	45	56	123	18	99	100	214	68	54	156	344	208	179	115	274	250	308	404	491	529	331	460	687	725	487	197	531	958	1000	832	493	59	137	233	211	116	170	106	107	90	164	76	73	45	96	30	41	49	80	16	37	52	66	19	38	48
64	170	2	2	119	0	1953125	12	0.0	7113	2.24	0	0	V0.2	0	0	39	73	6	34	40	59	18	33	36	27	45	45	45	6	54	44	33	48	76	53	28	84	84	45	33	133	94	86	8	112	51	60	60	160	57	150	83	116	64	272	242	232	17	255	319	345	254	388	380	206	432	685	690	496	21	630	915	1000	753	379	214	146	153	161	198	111	62	128	157	77	42	86	83	19	38	97	55	40	54	78	25	50	62	55	3
64	170	2	2	119	0	1953125	12	0.0	7138	2.24	0	0	V0.2	0	0	51	10	51	20	63	15	36	22	55	8	6	55	54	7	18	56	24	19	63	79	9	34	86	91	40	43	123	78	64	49	76	33	114	57	112	53	169	72	93	194	324	209	42	186	409	328	350	352	407	270	314	473	606	404	112	578	962	1000	718	434	125	174	123	174	146	154	24	101	132	121	21	61	56	31	78	72	43	6	82	60	26	39	82	49	9
64	170	2	2	119	0	1953125	12	0.0	0	0.99	0	0	V0.2	0	0	340	322	284	275	295	286	245	191	200	203	162	111	121	134	127	78	140	181	200	182	208	292	332	300	279	381	456	386	346	452	482	481	413	423	521	469	455	491	464	322	584	498	265	463	714	410	357	403	667	442	524	335	538	831	355	418	810	1000	179	423	529	295	439	436	310	405	432	368	281	335	331	324	285	239	241	254	206	178	145	160	126	106	63	53	61
64	170	2	2	119	0	1953125	12	0.0	7152	2.25	0	0	V0.2	0	0	55	36	38	42	49	35	26	40	34	27	16	35	32	21	11	31	40	41	18	58	61	60	26	63	74	89	36	107	77	70	130	59	44	122	54	164	189	212	408	382	317	371	344	905	529	328	464	622	208	992	833	999	340	814	378	212	611	324	669	437	659	177	83	65	90	56	115	76	98	38	40	42	60	25	47	64	21	30	30	36	39	22	29	29	39
