34928	35048	35167	35286	35405	35524	35644	35763	35882	36001	36120	36240	36359	36478	36597	36716	36836	36955	37074	37193	37313	37432	37551	37670	37789	37909	38028	38147	38266	38385	38505	38624	38743	38862	38981	39101	39220	39339	39458	39577	39697	39816	39935	40054	40174	40293	40412	40531	40650	40770	40889	41008	41127	41246	41366	41485	41604	41723	41842	41962	42081	42200	42319	42439	42558	42677	42796	42915	43035	43154	43273	43392	43511	43631	43750	43869	43988	44107	44227	44346	44465	44584	44703	44823	44942
64	170	1	2	119	0	1953125	12	0.0	0	0.77	0	0	V0.2	0	0	94	107	110	99	117	114	111	131	116	115	133	107	117	128	98	111	122	89	118	114	84	129	102	80	119	85	80	132	55	134	162	18	199	197	94	87	118	102	113	129	74	114	216	76	308	165	379	337	326	532	734	587	477	632	974	999	892	450	430	362	330	152	126	106	86	93	53	101	97	55	122	126	31	131	128	24	120	106	48	115	87	62	114	74	66
64	170	1	2	119	0	1953125	12	0.0	0	0.77	0	0	V0.2	0	0	86	100	90	98	109	96	114	111	96	115	104	92	115	95	93	112	88	96	115	80	99	109	64	102	82	55	99	82	57	160	51	120	211	102	53	115	109	76	81	105	106	108	70	213	201	271	358	138	225	608	599	528	569	561	762	1000	741	316	456	251	183	189	142	62	114	69	80	92	64	102	104	45	99	125	28	108	122	50	101	100	50	98	80	49	92
64	170	1	2	119	0	1953125	12	0.0	0	0.77	0	0	V0.2	0	0	90	108	104	97	119	108	113	131	110	119	130	101	121	122	93	118	114	88	124	105	89	135	89	92	118	69	94	133	24	160	143	48	218	179	45	100	106	89	126	94	109	124	175	138	297	172	399	291	354	608	798	617	627	681	922	999	884	377	428	285	291	131	141	89	111	91	58	108	83	76	130	104	48	144	101	50	131	89	68	123	68	79	112	61	81
64	170	1	2	119	0	1953125	12	0.0	0	0.77	0	0	V0.2	0	0	89	110	101	99	117	106	115	128	106	123	125	99	123	116	94	118	107	93	127	96	97	131	79	100	111	60	103	123	9	172	121	78	224	155	19	105	107	93	120	80	137	114	140	172	288	219	429	269	330	648	804	656	697	673	879	999	852	325	435	267	262	130	139	83	124	81	68	112	73	93	132	83	71	149	79	75	134	72	84	121	59	92	105	52	89
64	170	1	2	119	0	1953125	12	0.0	0	0.77	0	0	V0.2	0	0	99	108	115	101	117	118	111	133	122	117	137	114	117	133	105	112	128	92	119	120	86	131	110	75	126	89	82	141	82	127	186	39	185	210	114	88	91	113	130	77	118	124	239	76	318	189	397	369	398	543	853	762	609	665	1000	977	876	457	421	332	325	153	82	106	81	98	52	106	98	46	125	133	37	125	144	27	111	112	46	112	93	56	113	86	63
64	170	1	2	119	0	1953125	12	0.0	0	0.77	0	0	V0.2	0	0	92	108	109	97	117	112	111	133	115	118	133	105	118	127	98	113	119	90	121	113	86	130	101	84	119	81	84	125	46	136	158	24	204	201	95	89	139	120	94	130	94	90	245	110	299	169	380	324	247	530	745	665	566	659	930	1000	886	483	530	424	301	180	153	114	97	113	37	109	100	51	125	120	34	135	122	26	128	102	52	118	83	65	115	73	70
64	170	1	2	119	0	1953125	12	0.0	0	0.98	0	0	V0.2	0	0	49	20	41	17	43	24	31	15	38	23	34	27	34	18	35	23	46	17	54	23	57	17	74	32	65	19	84	30	116	110	133	118	48	48	134	76	109	121	224	275	212	288	289	313	302	393	280	74	281	665	765	596	378	451	965	1000	944	468	394	81	198	286	227	203	89	142	81	116	41	55	17	63	22	49	12	65	43	52	29	37	33	39	30	35	40
64	170	1	2	119	0	1953125	12	0.0	0	0.98	0	0	V0.2	0	0	83	125	89	130	83	136	92	142	85	144	90	143	94	139	86	143	88	139	75	137	81	131	76	120	71	133	62	139	54	191	148	55	83	194	101	131	87	323	233	404	332	297	412	232	358	251	354	25	422	733	1000	708	546	337	996	988	940	383	281	122	279	290	347	236	130	102	152	145	84	80	112	82	109	86	107	71	120	101	87	77	103	81	94	76	88
64	170	2	2	119	0	1953125	12	0.0	0	0.96	0	0	V0.2	0	0	115	118	107	122	104	131	108	137	98	144	101	148	90	146	85	153	79	148	69	141	71	147	54	132	61	133	55	149	50	169	133	84	56	238	98	211	139	384	429	352	453	224	403	127	389	268	412	213	508	571	925	878	517	205	988	975	1000	574	327	218	168	418	272	361	105	144	7	194	52	138	48	141	30	151	69	121	59	131	82	99	78	102	79	94	69
64	170	2	2	119	0	1953125	12	0.0	0	0.97	0	0	V0.2	0	0	76	120	74	127	79	124	87	130	86	129	91	128	97	122	92	121	99	116	96	104	95	110	94	90	100	86	90	107	89	132	179	33	57	193	136	158	120	295	405	293	412	187	397	188	425	310	408	254	432	485	822	849	482	310	959	982	1000	643	382	273	131	367	219	287	83	88	33	156	34	105	49	128	24	133	49	102	42	123	48	98	44	109	41	107	31
64	170	2	2	119	0	1953125	12	0.0	0	0.97	0	0	V0.2	0	0	72	111	69	122	70	121	75	125	74	131	73	128	78	126	74	124	74	121	73	113	69	117	65	106	77	91	59	121	52	153	140	27	82	210	105	191	80	314	337	326	381	219	394	252	464	310	418	189	412	451	790	742	477	404	939	994	1000	589	431	279	133	286	188	253	45	64	80	140	32	83	79	104	57	117	51	88	65	107	51	91	57	98	49	96	35
64	170	2	2	119	0	1953125	12	0.0	0	0.97	0	0	V0.2	0	0	74	107	78	108	86	104	90	111	92	107	99	103	102	99	100	95	108	88	102	81	100	83	106	57	101	68	88	87	120	70	167	84	9	187	213	115	173	195	395	236	375	191	406	283	418	344	300	257	410	431	633	767	391	318	910	1000	920	702	415	307	121	269	155	173	101	88	10	131	69	80	31	118	41	100	64	88	40	105	56	88	46	92	51	88	48
64	170	2	2	119	0	1953125	12	0.0	0	0.97	0	0	V0.2	0	0	44	6	48	4	44	12	37	14	40	22	32	21	29	18	34	22	36	16	41	15	46	23	57	33	37	15	62	53	92	118	46	41	133	175	171	191	104	266	297	344	307	260	357	340	446	354	316	226	356	423	631	734	474	355	833	1000	900	683	484	254	175	182	220	134	87	43	94	56	75	15	62	26	70	41	38	23	43	37	32	27	26	34	21	31	30
64	170	2	2	119	0	1953125	12	0.0	0	0.96	0	0	V0.2	0	0	110	83	105	88	103	95	110	98	104	109	101	110	95	109	93	116	81	113	77	112	70	122	48	110	64	101	50	137	21	168	84	42	141	257	126	246	73	322	282	355	327	239	350	301	480	316	376	142	386	421	769	704	553	423	799	942	1000	598	515	324	138	250	205	276	46	73	82	157	12	112	58	108	46	134	33	101	54	113	43	97	48	97	49	91	38
64	170	1	2	119	0	1953125	12	0.0	0	0.96	0	0	V0.2	0	0	14	48	28	36	31	28	29	30	41	18	34	22	33	23	36	31	34	25	37	27	42	34	65	7	47	20	79	33	113	87	27	53	171	166	175	177	197	316	303	365	258	242	292	280	366	314	260	153	408	572	847	872	567	325	865	1000	896	635	465	269	193	316	337	241	186	38	91	73	119	54	55	34	71	61	53	56	28	54	32	47	10	34	16	29	23
64	170	1	2	119	0	1953125	12	0.0	0	0.96	0	0	V0.2	0	0	6	55	11	50	19	39	16	46	33	30	29	34	27	33	34	41	26	38	30	39	29	55	56	28	42	40	69	45	118	61	59	82	162	132	184	133	248	295	323	374	216	249	241	289	295	283	188	159	444	690	945	879	624	329	894	1000	959	612	425	268	198	385	338	274	181	32	95	95	133	38	69	21	85	46	74	40	49	45	46	45	24	38	18	30	27
64	170	1	2	119	0	1953125	12	0.0	0	0.96	0	0	V0.2	0	0	8	51	24	41	32	31	32	34	42	20	35	25	34	26	40	35	33	28	39	26	39	39	65	14	57	15	75	21	107	81	32	45	161	131	126	139	241	347	326	385	244	220	232	221	260	227	183	130	517	773	1000	943	631	226	858	966	895	551	359	170	178	400	375	264	204	40	119	87	139	59	69	39	79	61	58	54	41	65	40	51	13	40	18	34	27
64	170	1	2	119	0	1953125	12	0.0	0	0.96	0	0	V0.2	0	0	2	52	12	46	22	35	22	37	33	25	29	28	28	29	34	36	26	32	33	29	29	43	53	24	52	26	69	19	97	62	33	60	154	99	106	87	250	309	300	356	196	184	170	187	171	165	106	150	536	811	1000	880	575	237	853	928	835	455	284	96	169	400	337	264	189	45	108	88	137	44	80	30	81	45	64	41	54	58	47	49	19	38	16	32	27
64	170	1	2	119	0	1953125	12	0.0	0	0.97	0	0	V0.2	0	0	36	23	42	14	49	3	40	9	47	15	35	18	35	20	40	28	44	22	52	20	48	12	60	17	60	25	73	42	91	105	42	43	120	116	82	85	189	295	280	357	227	206	247	204	204	173	140	129	558	815	1000	808	444	272	859	899	734	378	249	98	195	384	307	209	151	50	106	71	113	15	67	22	72	17	54	19	67	41	42	23	31	30	34	34	34
64	170	2	2	119	0	1953125	12	0.0	0	0.98	0	0	V0.2	0	0	28	34	19	26	23	37	8	25	15	30	15	29	21	24	19	25	31	23	38	36	37	33	51	57	36	49	46	60	63	122	81	97	70	74	73	69	79	157	178	220	153	159	224	184	235	229	172	21	287	524	611	414	138	517	942	1000	872	459	369	67	186	249	160	130	78	99	72	56	52	48	49	36	37	34	40	44	56	23	35	18	40	24	34	21	33
64	170	1	2	119	0	1953125	12	0.0	0	0.98	0	0	V0.2	0	0	61	87	68	88	65	94	71	91	73	92	71	100	70	93	70	97	64	94	56	96	58	94	41	102	50	97	40	97	19	155	103	94	107	99	41	93	83	167	103	235	160	164	218	165	244	192	194	62	216	499	562	336	149	570	860	1000	953	446	381	115	174	136	209	69	139	37	120	65	77	26	106	43	73	40	103	22	96	40	80	39	90	31	77	36	77
64	170	1	2	119	0	1953125	12	0.0	0	0.77	0	0	V0.2	0	0	100	91	113	103	99	115	104	112	121	101	116	116	99	119	113	95	120	101	92	114	88	95	112	65	103	97	64	104	117	50	168	95	96	194	192	41	78	149	103	43	128	93	279	113	218	142	200	267	375	430	642	637	344	578	981	1000	746	475	357	291	377	227	60	133	23	77	99	51	92	76	60	131	98	53	142	93	46	114	73	60	106	58	73	100	55
64	170	1	2	119	0	1953125	12	0.0	0	0.77	0	0	V0.2	0	0	16	31	19	13	30	16	10	23	11	10	19	7	10	11	10	15	7	16	20	4	24	21	12	37	16	12	43	40	47	96	59	86	167	123	103	84	102	44	34	75	47	20	211	133	249	141	214	200	313	476	598	584	409	532	882	1000	682	394	383	241	271	228	48	57	73	9	67	50	5	63	58	34	57	63	44	58	58	17	36	45	18	28	39	18	17
64	170	1	2	119	0	1953125	12	0.0	0	0.77	0	0	V0.2	0	0	97	84	103	101	91	108	99	98	112	96	101	111	91	105	108	89	108	102	78	105	89	74	105	67	85	97	57	84	132	7	158	139	63	158	197	51	55	122	86	77	72	98	236	170	176	236	148	256	340	442	567	667	416	452	895	1000	646	447	327	169	301	220	8	107	47	69	91	44	77	81	37	110	111	29	123	116	34	96	90	41	92	70	50	90	60
64	170	1	2	119	0	1953125	12	0.0	0	0.77	0	0	V0.2	0	0	27	13	18	25	14	17	25	11	12	22	11	13	18	15	16	9	21	25	11	23	31	15	33	42	12	37	44	19	76	102	66	120	174	99	77	72	72	14	51	29	81	40	139	111	225	173	271	200	258	439	611	605	479	543	895	1000	678	372	316	177	262	201	55	48	62	2	37	32	11	44	45	24	51	63	41	56	63	28	35	49	26	25	41	27	18
64	170	1	2	119	0	1953125	12	0.0	0	0.77	0	0	V0.2	0	0	28	12	20	27	12	17	26	6	16	22	9	16	18	15	18	11	24	25	11	27	31	17	39	41	15	44	45	22	90	102	71	131	173	96	87	75	67	12	46	37	84	47	131	139	234	159	277	199	266	470	626	620	512	584	897	1000	691	381	308	176	278	210	61	50	56	7	39	31	7	49	46	29	58	64	41	63	62	26	41	53	22	30	43	24	21
64	170	1	2	119	0	1953125	12	0.0	0	0.77	0	0	V0.2	0	0	27	10	22	27	10	22	28	7	19	23	10	18	21	17	19	12	26	27	11	31	32	17	44	44	19	49	46	27	97	110	84	150	185	100	94	80	58	25	68	29	92	59	150	170	267	157	270	190	283	500	644	649	529	569	854	1000	686	369	287	130	250	197	56	57	60	17	50	31	12	51	45	29	62	66	42	66	62	23	43	51	19	32	45	24	24
64	170	1	2	119	0	1953125	12	0.0	0	0.97	0	0	V0.2	0	0	66	97	67	106	69	103	77	107	74	109	75	110	83	104	75	106	84	100	79	95	76	103	85	81	90	86	86	101	120	127	193	17	64	131	145	77	69	131	172	98	189	105	342	158	336	179	246	119	420	503	755	685	353	392	822	999	957	641	455	279	122	203	106	164	90	184	91	193	34	109	25	126	4	113	42	96	23	111	32	93	32	94	29	94	30
64	170	1	2	119	0	1953125	12	0.0	0	0.97	0	0	V0.2	0	0	67	87	68	89	66	95	72	93	69	101	66	106	60	103	62	108	52	103	48	106	43	108	27	105	41	97	27	103	12	153	97	52	112	140	45	103	90	181	80	229	134	218	275	143	222	240	263	82	237	435	557	329	95	621	872	1000	920	512	545	200	48	33	185	99	159	77	141	113	80	64	89	76	78	79	60	56	86	76	59	65	67	68	60	67	52
64	170	1	2	119	0	1953125	12	0.0	0	0.98	0	0	V0.2	0	0	76	93	84	96	81	96	91	103	84	102	90	105	95	94	86	100	100	90	89	87	97	85	99	64	98	75	92	79	103	109	181	36	55	153	156	55	25	191	173	169	238	159	385	112	301	222	274	70	338	459	633	393	152	554	1000	996	880	491	340	139	146	170	228	232	114	159	61	151	18	100	46	113	37	89	60	91	54	111	37	85	52	94	39	87	35
64	170	1	2	119	0	1953125	12	0.0	0	0.97	0	0	V0.2	0	0	26	31	32	28	39	18	36	21	43	14	36	19	34	20	37	31	38	28	47	26	47	20	58	4	52	15	77	24	98	83	69	84	126	94	124	43	172	200	238	276	190	262	294	204	186	228	177	79	373	659	761	498	232	524	1000	977	816	395	277	40	136	284	248	255	161	127	96	106	102	56	80	44	70	23	54	21	67	39	59	19	41	26	37	29	38
64	170	1	2	119	0	1953125	12	0.0	0	0.95	0	0	V0.2	0	0	39	44	24	41	18	46	7	46	10	39	15	44	24	37	25	41	16	42	19	49	17	63	36	54	37	64	61	44	75	23	14	129	221	145	140	55	273	317	292	313	181	198	232	142	107	170	144	158	528	778	953	798	436	290	953	1000	799	472	328	166	76	308	300	285	237	81	124	109	165	78	109	71	78	71	74	78	34	69	52	73	33	53	38	36	33
64	170	1	2	119	0	1953125	12	0.0	0	0.95	0	0	V0.2	0	0	33	46	17	44	10	45	5	45	15	36	17	40	25	36	26	39	16	41	22	49	23	59	42	46	41	58	65	36	80	32	24	119	226	160	148	87	243	295	257	280	168	170	203	152	156	203	182	159	512	714	892	797	438	227	906	1000	821	514	351	250	161	300	303	251	220	72	123	106	161	87	92	75	70	77	68	85	32	69	50	70	35	50	41	34	32
64	170	1	2	119	0	1953125	12	0.0	0	0.96	0	0	V0.2	0	0	3	50	12	43	18	35	19	40	36	26	28	31	30	27	31	35	26	32	31	33	29	42	54	15	35	38	66	27	95	53	39	102	183	149	174	81	176	215	244	277	178	241	227	208	233	331	266	192	395	560	758	698	400	313	863	1000	914	640	440	311	168	271	242	207	143	52	93	86	121	41	70	29	85	51	69	43	44	43	43	46	23	32	20	32	25
64	170	1	2	119	0	1953125	12	0.0	0	0.96	0	0	V0.2	0	0	1	46	16	39	20	30	19	36	36	20	26	26	28	23	30	30	25	29	32	31	32	36	53	12	34	38	71	24	96	57	32	90	187	165	184	101	151	210	235	283	201	266	277	226	273	336	304	202	334	456	671	646	377	368	864	1000	908	671	482	323	173	226	218	185	141	35	84	65	109	33	63	25	78	53	58	43	35	39	36	44	18	32	17	31	22
64	170	1	2	119	0	1953125	12	0.0	0	0.96	0	0	V0.2	0	0	4	43	18	36	20	29	20	33	35	17	26	25	28	21	29	29	24	26	32	29	33	29	49	11	35	36	71	20	91	55	22	82	187	169	185	110	130	200	231	282	214	271	282	208	259	321	313	208	316	398	592	583	324	358	855	1000	898	697	510	337	189	182	186	163	134	30	80	59	101	36	63	28	73	53	51	41	28	38	29	40	12	31	13	30	21
64	170	1	2	119	0	1953125	12	0.0	0	0.96	0	0	V0.2	0	0	13	39	25	31	27	25	28	27	39	14	29	20	30	18	30	27	28	23	36	24	38	21	50	3	42	24	72	25	83	64	8	61	184	178	164	119	109	198	215	267	223	247	284	171	247	304	315	196	327	401	573	564	272	351	867	1000	864	687	509	327	210	152	177	136	123	23	91	63	101	48	61	39	64	61	39	46	21	41	24	41	11	31	13	28	21
64	170	1	2	119	0	1953125	12	0.0	0	0.96	0	0	V0.2	0	0	42	10	38	15	33	17	31	26	27	29	20	26	22	25	26	25	24	21	32	30	28	35	26	35	29	42	33	75	29	79	66	70	121	205	156	93	71	174	246	192	243	203	287	170	208	312	272	243	281	432	533	574	318	380	807	1000	839	622	517	289	212	134	182	150	101	66	74	93	68	81	25	66	36	73	31	44	13	41	30	34	25	22	24	22	26
64	170	1	2	119	0	1953125	12	0.0	0	0.96	0	0	V0.2	0	0	17	38	29	28	30	22	31	23	41	13	31	18	32	18	33	26	31	18	36	20	42	19	56	7	38	12	70	34	87	87	25	63	177	178	147	132	108	199	189	235	191	224	277	158	228	303	307	197	331	487	710	704	408	363	870	1000	879	663	472	325	203	199	227	167	149	46	102	76	110	62	54	44	66	71	44	55	20	51	26	45	15	33	16	29	26
64	170	1	2	119	0	1953125	12	0.0	0	0.95	0	0	V0.2	0	0	127	71	120	77	129	82	131	83	127	97	127	98	119	103	115	117	97	110	93	114	87	122	58	108	75	115	47	137	15	137	123	106	132	267	91	177	86	297	261	226	284	165	326	31	240	206	337	118	504	613	924	825	410	320	1000	976	994	640	435	392	174	361	228	339	131	174	44	185	86	142	88	116	69	127	114	81	99	87	121	53	111	49	103	53	99
64	170	1	2	119	0	1953125	12	0.0	0	0.95	0	0	V0.2	0	0	50	17	44	5	51	18	45	22	39	31	35	35	25	32	45	38	45	51	66	67	51	81	46	87	32	107	32	127	52	103	83	144	188	147	264	228	304	98	84	127	369	341	277	138	343	501	572	542	538	685	901	948	999	747	609	490	620	336	392	471	344	367	228	228	110	166	174	171	114	83	109	103	105	16	67	40	82	44	60	52	52	56	41	49	31
64	170	2	2	119	0	1953125	12	0.0	0	0.95	0	0	V0.2	0	0	21	40	20	40	23	38	30	28	34	24	41	15	32	27	38	30	41	44	62	47	79	37	86	27	92	30	98	86	92	78	89	140	124	197	188	326	242	167	41	159	230	274	289	40	304	383	468	252	396	488	760	1000	990	998	812	773	712	354	381	476	228	306	271	188	32	63	194	122	80	77	98	160	64	69	12	85	50	66	47	59	57	48	61	42	45
64	170	2	2	119	0	1953125	12	0.0	0	0.96	0	0	V0.2	0	0	149	178	147	173	153	180	160	180	152	188	159	184	165	180	160	177	170	164	170	149	183	129	201	85	203	95	193	83	186	94	221	161	209	204	177	211	217	269	86	262	83	438	224	131	180	516	231	439	402	214	513	408	570	437	1000	680	811	478	31	220	285	329	128	315	175	144	113	248	78	152	53	227	105	137	105	163	131	126	136	120	152	100	147	90	144
64	170	2	2	119	0	1953125	12	0.0	7636	2.33	0	0	V0.2	0	0	16	22	19	21	13	24	17	24	19	17	23	16	7	9	15	12	17	5	31	8	26	16	41	39	19	28	34	105	52	69	22	133	131	91	130	139	209	137	68	31	155	207	185	275	425	495	207	22	284	122	552	684	353	606	1000	383	654	118	435	687	325	310	260	275	175	13	110	91	13	10	19	88	3	4	13	20	26	18	15	20	3	13	12	5	12
64	170	2	2	119	0	1953125	12	0.0	7691	2.34	0	0	V0.2	0	0	32	75	31	62	40	70	24	42	43	40	34	9	44	13	59	57	84	27	40	64	61	47	23	93	40	79	23	134	21	152	84	207	1	197	195	398	240	131	97	223	104	67	116	348	396	624	781	813	1000	873	644	356	212	460	628	640	346	310	123	125	87	271	214	305	184	18	56	77	106	62	53	64	76	28	49	10	71	35	20	17	36	18	39	31	29
64	170	2	2	119	0	1953125	12	0.0	7646	2.33	0	0	V0.2	0	0	63	47	51	37	42	42	39	37	15	43	25	27	16	49	11	42	5	38	32	30	33	41	65	34	59	32	109	48	82	11	170	125	52	16	227	296	188	224	184	178	140	216	219	276	417	758	851	893	1000	781	650	317	174	352	577	533	317	288	122	187	62	231	226	336	178	53	81	89	75	64	67	93	64	45	66	58	55	72	52	58	43	79	37	28	18
64	170	2	2	119	0	1953125	12	0.0	7768	2.35	0	0	V0.2	0	0	61	35	74	29	61	34	53	37	43	36	27	36	3	35	37	59	68	56	65	38	84	23	91	4	100	37	106	64	116	100	145	164	176	143	228	287	368	145	75	237	261	116	131	322	493	631	885	1000	952	957	689	436	65	404	462	564	381	281	250	116	101	136	178	158	253	169	55	50	112	118	52	30	113	73	43	9	48	37	60	10	35	77	96	43	18
64	170	2	2	119	0	1953125	12	0.0	7701	2.34	0	0	V0.2	0	0	86	14	73	40	68	18	50	43	50	22	24	51	36	38	24	89	53	59	4	81	17	46	47	97	32	58	81	143	47	77	134	213	8	142	151	350	278	135	168	238	223	158	212	237	379	605	925	992	1000	981	713	534	192	271	309	451	351	249	239	139	160	96	211	130	181	158	25	65	19	107	92	2	38	100	72	13	22	48	58	36	32	57	13	35	45
64	170	2	2	119	0	1953125	12	0.0	7671	2.34	0	0	V0.2	0	0	67	75	64	58	63	66	52	36	46	54	24	25	31	29	29	27	65	67	25	28	78	84	39	50	86	95	107	33	130	94	182	61	172	100	323	316	483	373	38	67	326	307	36	121	510	792	805	1000	922	904	876	617	552	298	516	402	504	447	344	288	174	247	462	525	295	264	25	181	75	101	100	109	21	61	65	73	36	25	41	37	53	47	64	68	19
64	170	2	2	119	0	1953125	12	0.0	7736	2.35	0	0	V0.2	0	0	147	107	93	68	122	69	86	25	114	18	86	35	78	49	72	118	88	84	44	98	75	97	56	130	102	205	61	195	95	238	25	192	146	309	157	444	482	234	353	168	248	179	401	258	327	606	1000	922	808	706	539	852	667	689	762	336	359	243	662	533	332	429	602	559	668	398	254	215	248	191	110	64	220	106	135	54	135	41	130	44	84	37	123	81	82
64	170	2	2	119	0	1953125	12	0.0	0	0.96	0	0	V0.2	0	0	140	140	139	145	140	150	141	147	148	153	142	155	141	156	137	160	131	157	123	166	107	171	94	166	97	160	91	171	99	155	125	132	144	156	160	178	253	101	84	201	215	47	215	101	308	109	320	80	328	243	396	481	493	672	842	999	614	506	371	175	117	371	232	116	90	189	104	104	125	142	131	108	161	84	128	82	144	82	144	71	140	71	136	80	124
64	170	2	2	119	0	1953125	12	0.0	0	0.95	0	0	V0.2	0	0	31	34	29	31	35	23	35	16	37	14	41	9	29	16	36	19	43	35	61	28	69	29	82	32	87	45	85	97	68	101	68	153	75	161	139	260	185	19	148	235	247	243	245	73	183	265	354	269	520	676	766	845	661	836	969	999	825	438	322	308	428	413	414	269	33	39	161	138	63	98	93	164	69	68	21	84	61	58	54	52	59	41	60	39	42
64	170	2	2	119	0	1953125	12	0.0	0	0.95	0	0	V0.2	0	0	30	39	38	28	45	19	49	6	49	14	48	16	37	26	50	27	57	42	67	44	63	62	61	73	50	97	20	113	12	114	71	153	153	142	225	200	232	43	129	180	387	312	206	72	307	357	418	527	620	822	1000	792	639	593	953	979	931	676	360	159	317	440	394	272	149	123	128	136	136	37	119	92	113	60	62	63	67	71	41	68	40	65	47	58	45
64	170	2	2	119	0	1953125	12	0.0	0	0.94	0	0	V0.2	0	0	51	19	47	33	32	34	27	42	14	40	12	37	21	42	28	45	27	57	22	55	18	65	40	53	49	64	68	31	91	47	155	92	136	102	156	214	92	52	165	249	258	268	159	107	339	462	498	485	728	760	994	804	504	489	759	999	855	663	487	242	173	264	355	223	97	91	150	133	95	75	43	106	50	83	35	64	45	43	49	25	41	23	51	27	36
64	170	2	2	119	0	1953125	12	0.0	0	0.95	0	0	V0.2	0	0	26	40	14	43	8	39	12	38	16	34	21	26	18	30	25	44	32	53	40	53	43	57	64	43	74	38	83	30	97	47	166	127	166	134	183	242	132	98	114	259	314	319	153	138	421	537	542	563	754	746	1000	768	460	346	692	927	770	575	476	256	244	312	289	92	65	149	214	120	102	28	109	106	63	67	40	81	30	65	30	66	35	55	44	37	31
64	170	2	2	119	0	1953125	12	0.0	0	0.95	0	0	V0.2	0	0	27	41	15	43	8	42	12	37	14	35	19	27	16	31	25	46	34	54	37	54	42	59	60	44	70	41	81	30	97	48	167	121	159	123	173	215	103	64	143	263	317	307	129	215	483	578	570	601	775	749	1000	759	419	222	696	952	787	541	491	274	278	337	313	80	61	143	208	110	93	24	109	98	64	64	43	79	33	66	32	66	33	54	44	38	29
64	170	2	2	119	0	1953125	12	0.0	0	0.95	0	0	V0.2	0	0	27	44	16	45	13	38	16	37	16	34	19	29	23	33	26	45	34	52	40	52	43	57	64	45	78	42	88	38	113	51	169	123	148	120	158	193	72	61	192	325	379	364	230	298	508	464	510	539	751	765	984	762	392	201	725	1000	787	508	416	223	354	378	354	91	64	143	208	124	73	15	101	97	59	66	41	83	36	68	31	65	36	54	44	34	28
64	170	2	2	119	0	1953125	12	0.0	0	0.95	0	0	V0.2	0	0	31	31	32	24	37	18	33	9	37	5	37	8	32	21	42	24	47	29	57	19	56	29	69	46	67	48	64	95	75	131	84	172	79	152	129	215	120	101	196	333	513	322	312	248	579	438	519	578	574	722	867	708	446	268	747	1000	888	564	458	362	418	352	290	157	149	169	142	166	56	46	40	116	60	51	44	60	68	33	59	31	58	30	44	27	23
64	170	2	2	119	0	1953125	12	0.0	0	0.95	0	0	V0.2	0	0	34	36	41	19	40	18	38	6	44	9	37	10	37	23	42	25	50	30	59	25	58	34	74	58	63	60	65	115	72	156	88	167	74	176	173	240	149	121	259	388	620	397	338	289	656	546	588	621	550	712	853	710	431	267	773	1000	907	640	553	432	385	340	245	136	181	195	119	150	64	63	44	119	73	41	49	55	75	24	61	31	52	26	41	30	20
64	170	2	2	119	0	1953125	12	0.0	4695	1.83	0	0	V0.2	0	0	54	39	63	30	64	26	65	18	61	10	62	15	44	41	59	42	28	71	41	71	10	96	30	97	22	87	33	41	144	131	138	127	116	140	208	173	101	130	283	271	83	142	336	466	793	844	787	503	282	522	740	762	682	623	395	344	637	1000	911	728	281	455	559	594	295	26	121	206	36	127	105	136	49	109	70	79	86	101	67	63	72	60	51	62	77
64	170	2	2	119	0	1953125	12	0.0	0	0.95	0	0	V0.2	0	0	21	50	17	49	23	40	25	37	32	31	34	28	35	39	42	48	51	54	57	51	68	52	91	43	104	25	103	62	150	119	171	166	120	162	180	286	90	91	187	426	498	385	267	303	653	561	722	661	797	741	812	677	193	274	760	1000	682	317	366	289	436	420	313	67	151	168	244	167	62	46	113	144	56	85	36	111	53	85	52	74	57	52	56	35	37
64	170	2	2	119	0	1953125	12	0.0	0	0.95	0	0	V0.2	0	0	22	53	20	48	32	39	33	31	40	26	40	22	38	38	47	46	59	55	70	49	81	47	101	44	113	24	106	76	147	145	167	200	123	204	187	317	100	79	168	412	510	363	274	304	715	568	735	719	908	906	1000	786	292	285	801	983	660	259	420	371	511	462	363	107	164	172	262	197	67	71	106	162	54	94	32	116	60	88	61	76	66	53	63	38	40
64	170	2	2	119	0	1953125	12	0.0	0	0.95	0	0	V0.2	0	0	28	51	14	53	5	51	12	45	20	42	23	36	26	44	36	57	45	69	52	72	60	72	79	66	102	49	106	61	149	93	204	143	177	159	240	291	107	46	205	368	438	391	168	283	625	640	731	712	887	796	1000	808	440	294	577	688	492	175	398	282	354	430	316	91	102	177	257	139	113	33	131	113	75	73	64	103	51	89	43	84	42	70	49	46	33
64	170	2	2	119	0	1953125	12	0.0	0	0.95	0	0	V0.2	0	0	41	26	45	12	51	10	46	11	43	15	39	21	33	25	49	33	54	44	67	47	57	60	64	84	52	91	31	122	50	163	108	173	141	170	232	228	189	82	178	262	483	272	158	167	619	564	585	694	706	836	999	769	523	158	565	526	539	223	381	265	374	363	213	131	137	209	169	169	73	77	80	100	76	34	69	48	82	38	65	43	57	47	41	40	25
64	170	2	2	119	0	1953125	12	0.0	0	0.95	0	0	V0.2	0	0	22	39	19	38	32	28	33	19	34	15	35	9	29	23	39	30	50	43	63	29	63	26	77	35	84	41	76	72	89	115	115	184	110	200	179	292	157	25	131	301	396	241	142	180	557	486	570	568	719	864	1000	897	587	328	445	490	575	243	446	333	288	266	228	95	146	128	193	148	39	77	57	114	28	58	23	74	49	49	46	42	53	35	48	27	27
64	170	2	2	119	0	1953125	12	0.0	0	0.95	0	0	V0.2	0	0	21	44	16	43	29	34	34	27	37	24	39	16	32	28	40	36	51	53	67	44	71	37	89	36	99	36	98	74	98	95	119	157	131	226	222	329	167	13	137	285	331	220	118	166	470	404	461	492	796	897	1000	883	555	546	769	737	673	224	516	522	410	379	267	86	156	149	231	134	73	98	104	139	30	66	37	98	50	71	47	67	56	50	58	39	40
64	170	2	2	119	0	1953125	12	0.0	0	0.96	0	0	V0.2	0	0	161	180	163	192	164	192	164	197	168	203	172	191	176	198	171	192	163	197	174	172	189	150	194	124	211	111	206	75	216	64	244	43	284	47	397	243	252	223	267	93	359	338	113	144	429	367	293	592	563	1000	859	822	632	619	904	705	811	305	432	685	494	316	339	118	230	83	327	98	193	74	223	162	142	129	171	152	135	165	125	175	104	175	92	166	96
64	170	2	2	119	0	1953125	12	0.0	7808	2.36	0	0	V0.2	0	0	12	14	11	15	7	13	9	13	8	6	12	8	3	3	4	4	10	11	18	6	17	18	20	25	23	12	11	65	43	79	38	115	63	86	114	188	115	37	103	24	93	94	100	54	406	263	132	127	359	117	444	415	399	507	1000	367	584	230	495	567	59	244	172	98	136	28	98	68	11	27	40	60	15	6	29	20	11	24	14	18	4	10	2	5	8
64	170	2	2	119	0	1953125	12	0.0	0	0.96	0	0	V0.2	0	0	920	918	927	945	960	960	953	973	989	1000	990	972	979	987	990	974	960	944	941	943	907	885	871	863	856	823	805	789	811	815	777	764	769	799	808	793	779	789	868	865	816	809	899	857	932	768	856	926	826	890	775	951	778	705	791	763	959	756	754	742	780	750	688	784	713	674	694	736	728	692	694	727	732	732	718	721	731	753	732	714	711	712	712	698	669
64	170	2	2	119	0	1953125	12	0.0	0	0.96	0	0	V0.2	0	0	30	17	30	9	29	8	25	12	18	1	23	5	15	2	15	8	20	11	26	14	37	20	59	31	69	24	56	46	73	78	84	125	69	101	113	215	135	93	49	121	167	151	121	12	162	188	195	203	419	312	376	221	268	608	976	1000	784	461	297	318	213	278	253	95	84	113	161	76	38	31	94	95	36	36	27	51	19	39	15	42	19	28	19	19	16
64	170	2	2	119	0	1953125	12	0.0	7625	2.33	0	0	V0.2	0	0	14	9	13	6	14	5	10	4	4	4	4	4	9	3	1	10	4	17	5	16	2	31	7	19	30	25	17	42	24	48	41	104	90	48	95	131	153	81	122	64	89	123	107	125	171	239	16	51	340	47	549	324	227	370	1000	696	376	126	273	468	240	242	259	113	88	55	78	45	32	29	61	42	21	32	31	13	5	18	21	23	12	20	13	11	3
64	170	2	2	119	0	1953125	12	0.0	7716	2.34	0	0	V0.2	0	0	42	42	44	50	49	26	40	38	38	18	20	31	37	10	24	24	43	10	44	31	61	1	65	58	67	20	59	86	99	22	50	124	120	45	32	221	306	186	202	42	153	64	119	186	399	512	797	870	974	1000	750	587	246	215	395	392	466	251	328	227	244	129	186	239	337	215	60	73	146	134	57	34	101	62	60	24	43	35	69	18	39	54	97	60	20
64	170	2	2	119	0	1953125	12	0.0	0	0.96	0	0	V0.2	0	0	918	916	935	956	960	952	960	972	993	999	977	984	993	1000	996	959	955	958	957	927	907	874	886	877	842	816	821	819	807	786	776	785	814	813	796	813	819	863	837	821	853	893	889	909	815	973	877	834	939	723	975	771	882	868	809	776	634	919	616	803	697	651	722	741	681	703	710	692	707	719	701	705	726	728	721	725	724	723	736	734	692	702	704	692	676
64	170	2	2	119	0	1953125	12	0.0	7575	2.32	0	0	V0.2	0	0	15	18	13	20	12	18	9	16	14	12	14	11	6	10	9	7	14	2	22	3	24	14	23	38	27	22	10	86	33	81	9	131	43	95	121	188	205	125	98	29	73	58	110	55	232	197	132	160	314	160	388	374	416	553	1000	630	540	135	141	418	264	179	244	148	84	10	98	61	17	3	44	71	13	19	17	16	6	18	10	19	5	13	5	11	2
64	170	2	2	119	0	1953125	12	0.0	7711	2.34	0	0	V0.2	0	0	70	65	75	70	65	51	60	68	38	35	35	46	39	22	22	78	32	76	27	96	15	102	82	50	93	39	140	95	97	55	169	44	180	38	295	194	393	314	233	133	317	395	464	418	127	256	521	736	793	999	782	745	537	732	834	819	839	576	501	495	372	524	537	364	359	116	136	91	216	153	45	42	63	102	84	12	36	73	80	18	23	48	38	14	22
64	170	2	2	119	0	1953125	12	0.0	7853	2.37	0	0	V0.2	0	0	55	60	49	51	67	37	52	28	62	24	27	33	22	36	13	42	35	54	63	66	71	76	41	53	119	10	116	26	167	12	158	87	268	107	262	165	359	316	182	154	223	457	463	541	193	196	445	853	895	999	939	749	722	549	569	621	592	750	540	318	103	425	486	619	357	267	135	271	140	90	39	147	34	109	38	102	25	64	47	70	25	46	10	27	22
64	170	2	2	119	0	1953125	12	0.0	7828	2.36	0	0	V0.2	0	0	72	47	30	64	38	62	14	45	33	43	11	18	36	22	18	25	76	21	56	22	101	30	34	67	94	42	68	83	122	75	157	141	268	96	181	136	290	360	195	221	149	473	476	483	242	277	502	831	1000	888	886	653	447	469	320	287	441	599	743	410	193	221	526	458	429	175	231	172	170	66	114	51	115	18	113	38	71	9	76	24	77	42	53	12	25
64	170	2	2	119	0	1953125	12	0.0	7943	2.38	0	0	V0.2	0	0	72	27	71	55	51	33	47	40	44	19	29	35	35	29	18	75	37	37	23	58	45	23	90	89	50	30	88	91	82	42	36	184	263	181	239	133	379	295	333	160	207	331	475	510	174	268	569	962	985	1000	810	505	462	463	325	358	523	907	884	709	233	342	464	579	329	229	160	212	90	83	27	109	14	88	9	49	36	33	40	5	44	23	70	50	53
64	170	2	2	119	0	1953125	12	0.0	0	0.95	0	0	V0.2	0	0	18	41	12	41	17	33	21	32	28	23	28	23	27	25	33	42	44	47	57	46	59	41	79	35	84	17	83	42	110	85	151	156	134	158	161	264	119	81	44	195	278	247	197	149	387	405	525	617	839	872	1000	800	489	250	539	763	659	386	392	287	196	261	244	74	83	125	214	133	79	49	85	112	43	68	30	80	36	63	38	56	44	48	50	30	32
64	170	2	2	119	0	1953125	12	0.0	0	0.95	0	0	V0.2	0	0	18	39	21	35	29	27	29	22	35	16	31	14	29	21	37	34	50	40	62	37	63	29	79	37	80	23	78	64	103	112	127	177	110	173	146	263	117	42	41	208	324	244	238	169	468	435	565	636	802	874	1000	859	541	207	472	718	662	389	383	299	226	244	256	114	103	112	204	161	64	56	59	120	39	64	22	76	45	54	47	47	49	39	52	29	28
