34928	35048	35167	35286	35405	35524	35644	35763	35882	36001	36120	36240	36359	36478	36597	36716	36836	36955	37074	37193	37313	37432	37551	37670	37789	37909	38028	38147	38266	38385	38505	38624	38743	38862	38981	39101	39220	39339	39458	39577	39697	39816	39935	40054	40174	40293	40412	40531	40650	40770	40889	41008	41127	41246	41366	41485	41604	41723	41842	41962	42081	42200	42319	42439	42558	42677	42796	42915	43035	43154	43273	43392	43511	43631	43750	43869	43988	44107	44227	44346	44465	44584	44703	44823	44942
64	170	2	2	119	0	1953125	12	0.0	7496	2.31	0	0	V0.2	0	0	105	62	82	59	82	59	61	56	45	53	29	46	10	57	10	62	10	77	18	84	17	125	20	124	15	207	69	206	118	245	245	18	124	289	161	192	101	502	603	607	596	234	444	307	385	153	584	738	969	1000	657	557	573	564	869	821	814	932	511	445	202	362	256	84	44	182	93	118	69	268	177	84	43	150	117	71	48	130	117	72	68	65	60	48	79
64	170	2	2	119	0	1953125	12	0.0	7496	2.31	0	0	V0.2	0	0	108	12	114	30	111	16	90	41	87	34	50	63	67	36	12	102	41	58	47	102	33	63	110	114	89	67	212	151	170	178	271	299	82	80	245	87	226	287	599	464	503	335	392	274	269	210	551	748	916	1000	623	451	542	550	662	635	814	895	430	200	256	521	318	210	109	189	50	2	187	197	44	85	75	93	72	59	68	25	118	97	74	24	71	49	45
64	170	2	2	119	0	1953125	12	0.0	7691	2.34	0	0	V0.2	0	0	80	107	106	65	63	89	105	39	39	62	95	33	22	47	84	42	65	49	116	25	87	84	161	31	53	167	256	23	141	103	434	335	275	238	253	254	198	432	471	387	540	352	653	371	505	203	291	459	928	836	601	411	673	793	813	571	1000	783	434	167	608	385	238	308	370	82	66	283	296	31	48	148	94	122	36	52	105	123	32	46	157	93	61	84	92
64	170	2	2	119	0	1953125	12	0.0	7565	2.32	0	0	V0.2	0	0	109	82	75	42	97	67	71	22	77	46	60	13	71	14	47	33	67	36	54	38	97	90	40	81	141	113	61	142	90	305	169	310	212	122	118	131	266	303	309	604	409	432	462	496	680	416	340	204	223	234	289	710	868	1000	999	579	476	264	229	174	272	245	72	59	262	197	180	139	206	247	111	128	117	167	71	104	69	91	36	48	105	123	52	58	84
64	170	2	2	119	0	1953125	12	0.0	0	0.96	0	0	V0.2	0	0	484	476	410	399	390	405	387	346	247	257	249	199	170	123	155	193	179	191	242	330	340	364	398	448	508	567	518	540	593	646	684	618	708	700	703	620	600	914	606	576	610	756	870	582	559	632	731	859	324	386	691	992	734	470	908	1000	655	341	820	310	730	675	564	550	593	490	506	532	537	462	421	444	452	414	359	294	300	308	261	234	161	135	151	127	101
64	170	2	2	119	0	1953125	12	0.0	0	0.95	0	0	V0.2	0	0	76	21	56	18	67	46	44	39	43	44	37	54	29	37	59	65	46	57	76	84	53	112	71	113	41	181	94	166	71	198	193	242	303	203	260	48	296	236	436	337	369	529	213	68	385	802	739	895	791	720	813	962	943	358	320	594	999	841	524	307	165	162	26	243	183	338	195	228	213	149	153	103	186	97	130	78	125	78	87	97	82	82	59	81	50
64	170	2	2	119	0	1953125	12	0.0	0	0.95	0	0	V0.2	0	0	63	16	49	14	57	37	38	32	38	37	34	46	26	28	45	52	39	45	63	68	44	85	55	91	43	149	73	135	53	166	146	214	255	214	264	10	179	154	327	220	317	437	231	166	207	526	486	685	619	659	819	1000	971	445	118	436	827	684	440	231	217	217	98	160	137	287	166	203	174	138	131	82	150	81	114	67	106	64	75	77	71	70	54	71	44
64	170	2	2	119	0	1953125	12	0.0	0	0.95	0	0	V0.2	0	0	55	8	44	9	58	25	38	20	40	28	34	37	28	23	44	41	38	33	62	55	48	70	61	77	54	129	71	130	28	141	104	223	224	230	254	32	110	112	264	170	324	373	225	162	211	423	380	544	557	702	835	999	938	420	82	350	705	567	423	214	283	221	97	115	138	265	135	184	134	142	108	88	126	76	104	57	101	50	71	59	73	61	52	62	38
64	170	2	2	119	0	1953125	12	0.0	0	0.95	0	0	V0.2	0	0	53	9	42	10	55	21	38	18	40	25	34	35	30	23	41	36	37	32	61	50	50	66	59	67	58	126	73	126	25	123	87	209	208	245	270	78	127	70	198	109	286	285	214	191	155	299	245	431	553	685	827	1000	968	548	176	178	546	494	478	276	360	272	138	136	134	242	129	195	135	147	105	95	124	75	98	61	101	51	71	59	77	60	56	62	42
64	170	2	2	119	0	1953125	12	0.0	0	0.95	0	0	V0.2	0	0	56	14	43	14	53	30	36	29	35	32	32	41	26	26	40	43	34	36	60	63	40	73	49	76	41	131	74	134	45	106	90	197	232	242	281	82	149	39	171	54	230	263	196	216	207	377	202	401	453	606	787	999	980	632	248	171	603	619	522	300	340	295	153	162	123	249	147	187	147	140	127	80	134	69	102	65	103	62	66	66	65	64	52	68	47
64	170	2	2	119	0	1953125	12	0.0	0	0.95	0	0	V0.2	0	0	56	10	45	8	56	19	45	25	40	25	37	37	31	29	46	39	39	35	67	54	53	70	52	66	52	116	67	141	45	119	74	198	208	258	276	127	211	91	217	86	177	116	153	210	356	456	228	353	437	618	827	1000	924	604	453	379	609	518	381	269	369	267	113	145	148	248	130	202	136	156	112	103	134	69	103	68	111	53	74	60	73	62	62	70	48
64	170	2	2	119	0	1953125	12	0.0	0	0.95	0	0	V0.2	0	0	62	20	45	17	57	35	41	37	36	35	30	44	26	33	43	49	32	40	60	69	42	86	39	74	37	134	68	144	62	124	116	161	217	238	309	141	246	146	233	143	145	162	67	155	356	531	259	344	353	575	841	1000	979	658	470	416	679	587	395	267	332	280	136	214	176	259	144	209	179	154	137	91	151	69	109	75	107	68	73	76	69	74	61	77	50
64	170	1	2	119	0	1953125	12	0.0	0	0.96	0	0	V0.2	0	0	50	68	23	53	13	57	17	59	14	38	1	49	19	22	22	53	7	32	19	53	18	90	27	67	35	103	31	116	52	129	152	130	197	197	271	155	331	232	287	194	223	280	85	27	389	647	417	458	160	520	769	1000	895	513	331	591	933	852	530	254	372	352	175	236	201	319	175	247	170	176	113	98	137	70	100	52	108	41	70	50	78	47	51	55	37
64	170	1	2	119	0	1953125	12	0.0	0	0.96	0	0	V0.2	0	0	249	214	256	235	265	225	261	227	281	234	271	223	274	233	290	210	271	213	286	207	270	192	248	241	243	182	241	211	239	280	159	304	186	427	58	379	108	534	208	355	287	236	283	330	274	659	635	268	291	397	789	622	1000	466	371	269	879	569	628	244	593	488	217	344	207	417	86	376	23	352	92	283	103	259	147	259	177	212	179	216	210	177	205	159	216
64	170	1	2	119	0	1953125	12	0.0	0	0.96	0	0	V0.2	0	0	60	64	28	54	23	59	22	57	6	45	4	50	16	20	23	50	5	34	30	51	30	96	34	87	23	103	17	108	17	137	108	189	233	223	229	173	379	317	419	279	260	243	34	68	400	637	479	574	146	401	673	1000	948	526	253	436	676	536	482	381	564	473	285	292	251	297	169	279	194	213	113	105	117	71	88	65	109	39	78	51	76	37	56	54	42
64	170	1	2	119	0	1953125	12	0.0	0	0.96	0	0	V0.2	0	0	40	76	23	67	8	60	23	59	25	39	13	51	36	20	2	42	17	26	7	42	32	83	16	84	31	92	37	88	44	105	85	188	220	189	194	160	342	281	429	305	341	321	57	30	371	584	440	619	205	355	662	1000	927	596	476	482	689	577	400	265	479	419	307	328	303	313	173	284	195	235	109	116	110	78	72	62	94	36	68	42	78	26	54	44	39
64	170	1	2	119	0	1953125	12	0.0	7546	2.31	0	0	V0.2	0	0	34	37	27	46	33	31	25	29	34	23	20	19	34	20	24	14	17	17	45	23	34	52	53	42	17	56	51	79	89	31	53	175	192	103	118	117	316	100	277	96	204	279	17	277	307	496	279	896	619	363	571	781	747	656	878	487	559	1000	918	564	226	419	179	258	233	116	146	181	26	124	28	47	35	25	25	8	41	9	17	13	24	8	4	24	26
64	170	2	2	119	0	1953125	12	0.0	7546	2.31	0	0	V0.2	0	0	144	23	120	4	147	48	110	19	131	50	86	43	111	47	58	70	91	56	48	107	76	86	51	194	115	104	43	218	114	185	150	249	209	133	127	279	194	266	380	601	480	83	235	600	544	200	198	590	819	536	252	269	652	875	1000	731	672	290	339	449	669	623	468	379	91	123	127	169	167	197	54	91	87	92	105	113	72	78	84	91	87	90	101	105	93
64	170	2	2	119	0	1953125	12	0.0	7541	2.31	0	0	V0.2	0	0	107	18	83	31	91	15	61	39	66	24	34	35	14	50	24	38	39	75	54	60	54	62	60	34	103	58	84	31	156	47	152	100	167	116	189	172	229	202	339	427	487	200	192	389	473	189	437	708	1000	854	644	432	251	129	442	580	789	584	307	225	379	456	407	379	179	154	51	105	107	110	87	97	26	20	78	36	44	7	60	31	95	76	81	45	76
64	170	2	2	119	0	1953125	12	0.0	7585	2.32	0	0	V0.2	0	0	68	68	34	41	57	61	28	21	49	35	31	5	33	26	25	20	20	68	33	61	23	77	8	43	63	95	43	42	122	101	109	134	173	164	134	171	235	247	248	280	362	299	343	431	510	270	489	743	1000	915	572	400	201	138	239	381	690	692	483	344	76	228	200	280	127	74	50	96	18	56	24	94	67	36	62	26	70	14	45	38	70	18	30	48	58
64	170	2	2	119	0	1953125	12	0.0	0	0.96	0	0	V0.2	0	0	400	413	407	330	335	319	333	274	213	199	186	217	128	93	121	178	161	154	213	265	323	321	339	366	454	474	463	451	523	563	559	557	632	538	540	650	620	555	420	639	719	579	341	674	693	449	485	448	886	384	371	677	251	347	633	692	1000	290	452	416	582	413	553	468	467	433	426	451	411	396	366	372	345	348	305	285	239	246	218	195	143	122	112	111	69
64	170	2	2	119	0	1953125	12	0.0	7606	2.32	0	0	V0.2	0	0	29	31	23	33	24	16	19	22	28	22	21	13	23	17	14	8	10	13	32	23	31	41	39	41	12	66	14	102	51	40	69	141	93	133	148	59	187	177	280	283	349	180	159	195	359	337	372	345	574	285	656	696	562	266	347	417	375	999	702	215	235	74	107	16	44	145	90	128	24	63	24	31	26	28	27	10	25	9	19	5	18	8	2	14	17
64	170	2	2	119	0	1953125	12	0.0	7616	2.33	0	0	V0.2	0	0	58	43	23	92	53	44	9	77	39	42	18	43	51	54	55	27	72	56	70	40	114	52	74	79	155	47	62	124	203	46	24	173	232	53	52	256	344	200	178	303	141	390	607	733	713	218	218	579	793	537	483	579	858	1000	928	861	865	542	304	293	272	151	160	211	121	191	180	106	137	95	159	8	48	102	144	21	31	84	108	28	31	24	24	32	52
64	170	2	2	119	0	1953125	12	0.0	7691	2.34	0	0	V0.2	0	0	33	72	68	48	19	67	61	37	11	46	29	45	12	38	51	22	17	58	57	29	16	97	106	48	15	141	115	70	28	106	164	191	111	161	126	294	240	306	255	118	223	380	759	1000	827	541	126	653	767	742	435	227	206	189	417	678	661	389	117	409	406	433	322	60	86	133	45	136	31	110	31	73	52	120	45	60	64	84	42	52	31	62	11	18	26
64	170	2	2	119	0	1953125	12	0.0	7671	2.34	0	0	V0.2	0	0	127	58	96	18	111	44	97	20	94	32	105	49	73	39	58	49	37	88	30	65	63	135	12	76	132	250	49	124	101	259	56	142	99	95	217	261	285	533	491	379	520	306	573	649	725	708	391	684	741	854	746	423	393	348	641	686	548	379	738	1000	904	784	352	180	262	379	127	168	133	242	58	163	83	179	24	124	20	101	52	132	53	97	75	100	33
64	170	2	2	119	0	1953125	12	0.0	7476	2.30	0	0	V0.2	0	0	93	87	74	58	69	106	35	61	27	82	39	30	22	79	31	43	17	96	42	47	44	135	62	70	47	209	124	123	129	128	148	112	48	237	264	78	131	484	665	420	413	271	749	712	604	389	305	453	534	619	245	84	313	598	696	1000	951	720	390	243	388	629	595	248	259	121	280	74	133	30	193	87	76	41	85	20	111	46	54	44	74	37	53	10	49
64	170	2	2	119	0	1953125	12	0.0	7736	2.35	0	0	V0.2	0	0	76	23	49	30	63	42	44	57	42	52	32	50	20	63	31	10	67	35	22	53	72	41	49	98	62	114	80	163	29	159	92	101	163	170	49	83	261	262	224	244	79	231	246	310	329	163	135	200	331	584	611	513	640	1000	967	910	691	227	211	501	448	428	201	87	65	96	79	147	53	50	116	85	78	44	85	38	70	57	74	28	75	54	36	40	38
64	170	2	2	119	0	1953125	12	0.0	7646	2.33	0	0	V0.2	0	0	44	61	32	53	47	47	40	24	38	40	29	11	45	25	18	8	37	34	18	19	67	70	9	57	82	92	6	107	33	145	127	98	150	86	110	34	183	320	281	337	247	123	267	244	250	79	337	500	633	475	171	313	734	961	1000	852	432	69	376	644	501	466	189	157	131	182	91	109	88	117	88	74	39	90	62	43	28	38	23	37	36	7	20	43	26
64	170	2	2	119	0	1953125	12	0.0	7646	2.33	0	0	V0.2	0	0	68	96	57	104	59	76	43	76	41	59	22	42	46	12	42	24	76	13	61	73	112	35	92	125	136	64	164	146	45	138	57	257	115	233	102	294	334	175	396	383	247	415	250	426	232	372	278	604	553	567	416	107	280	895	1000	985	862	186	364	759	898	631	532	112	212	30	181	63	232	29	100	87	153	41	108	39	74	68	75	79	93	41	53	25	35
64	170	2	2	119	0	1953125	12	0.0	0	0.96	0	0	V0.2	0	0	435	450	418	358	349	355	345	302	234	222	211	193	138	99	138	173	174	152	233	313	330	340	344	408	497	500	483	482	564	605	626	581	499	615	640	619	572	531	777	533	616	570	483	492	608	555	616	561	835	644	639	230	448	1000	291	284	673	791	320	860	314	339	560	578	426	433	479	489	459	414	388	389	399	388	317	279	267	279	236	222	133	127	125	117	98
64	170	2	2	119	0	1953125	12	0.0	0	0.95	0	0	V0.2	0	0	59	17	60	13	67	16	51	16	56	28	43	36	41	27	55	48	61	37	76	53	75	74	100	103	64	130	104	197	81	168	95	243	258	268	250	100	264	395	561	383	392	280	39	231	709	1000	852	824	594	786	922	882	749	182	184	538	713	690	467	247	70	36	165	238	234	311	146	184	101	183	130	117	117	95	125	69	121	62	96	56	90	71	60	58	51
64	170	2	2	119	0	1953125	12	0.0	7897	2.37	0	0	V0.2	0	0	40	34	26	41	34	23	21	23	44	24	14	18	34	12	12	8	22	33	23	31	55	44	54	39	22	94	13	109	58	21	67	148	221	156	192	68	230	274	403	193	505	348	202	136	203	766	53	912	767	318	852	530	776	51	429	520	689	1000	383	223	52	53	126	83	89	199	74	137	44	106	58	46	20	33	30	16	20	9	25	17	20	6	12	12	24
64	170	2	2	119	0	1953125	12	0.0	0	0.96	0	0	V0.2	0	0	41	53	28	47	20	53	16	44	6	38	3	39	13	25	5	29	9	31	18	43	22	58	19	75	12	89	19	117	47	68	37	214	257	269	312	70	104	105	330	204	349	286	154	143	192	364	231	471	433	625	769	659	403	317	707	875	1000	689	283	198	380	402	222	197	75	228	120	171	71	128	85	105	107	70	91	31	82	34	69	33	68	41	39	30	35
64	170	2	2	119	0	1953125	12	0.0	7758	2.35	0	0	V0.2	0	0	37	40	29	38	35	25	22	26	43	24	19	16	37	17	16	11	24	32	30	36	46	47	50	42	11	92	30	95	72	60	11	180	187	186	224	64	171	92	294	28	319	115	120	197	365	431	452	409	775	282	883	423	392	62	285	522	417	1000	723	239	202	297	129	177	70	213	19	141	52	86	34	40	43	22	27	8	27	8	16	2	19	12	8	8	13
64	170	2	2	119	0	1953125	12	0.0	7747	2.35	0	0	V0.2	0	0	32	26	74	40	36	28	59	38	41	31	23	62	34	29	42	63	20	16	95	32	47	61	110	28	67	91	74	115	116	88	89	114	49	23	104	84	148	204	203	219	130	158	208	449	542	300	174	673	1000	864	630	412	534	176	315	685	903	443	115	530	669	391	228	112	203	121	90	106	90	155	70	54	94	170	49	38	120	99	30	51	58	34	118	96	34
64	170	2	2	119	0	1953125	12	0.0	7566	2.32	0	0	V0.2	0	0	60	75	63	48	44	67	56	61	36	63	44	41	38	47	37	23	40	54	66	14	46	86	111	21	76	85	157	37	126	34	235	149	77	70	244	241	168	267	307	119	147	216	560	604	417	247	292	621	816	1000	832	665	499	464	618	807	839	448	229	155	374	294	324	134	225	213	106	114	145	135	68	115	97	54	18	32	81	70	38	42	62	29	53	63	69
64	170	2	2	119	0	1953125	12	0.0	7471	2.30	0	0	V0.2	0	0	64	95	46	69	25	111	59	43	20	94	38	27	37	77	10	9	82	81	15	17	129	60	102	41	145	64	140	74	200	104	173	150	87	82	252	209	126	140	344	276	179	71	535	662	573	386	241	609	715	815	630	669	689	664	931	1000	820	416	131	536	492	439	183	267	319	227	155	169	184	127	81	128	150	13	25	155	127	6	25	113	76	52	81	101	49
64	170	2	2	119	0	1953125	12	0.0	7666	2.34	0	0	V0.2	0	0	31	92	18	58	64	87	33	35	69	41	45	23	62	10	22	46	18	53	10	41	60	103	28	50	108	94	68	67	82	75	17	103	78	90	40	199	177	164	114	175	194	311	190	169	331	552	342	102	244	596	605	600	653	807	994	1000	642	173	282	565	409	291	158	353	212	175	42	125	61	96	53	74	75	30	69	44	58	4	16	57	50	37	38	64	40
64	170	2	2	119	0	1953125	12	0.0	7566	2.32	0	0	V0.2	0	0	17	20	21	28	19	16	16	16	26	14	12	10	23	8	12	11	7	14	21	8	26	28	40	66	15	30	41	76	46	52	16	94	101	103	68	130	339	190	318	108	370	218	149	173	366	265	289	410	198	85	401	377	97	357	197	362	396	1000	877	346	278	159	34	248	106	69	52	72	46	78	35	28	47	46	20	5	44	26	13	11	18	10	9	14	17
64	170	2	2	119	0	1953125	12	0.0	7521	2.31	0	0	V0.2	0	0	102	64	34	90	84	76	40	79	53	79	44	65	16	89	48	49	69	96	58	43	129	92	80	16	186	94	125	48	271	136	208	165	342	248	120	119	176	182	427	514	602	418	387	663	909	769	113	322	804	1000	746	549	213	73	251	363	178	59	407	692	569	489	186	291	289	333	193	148	101	149	81	153	57	35	98	171	56	32	61	112	27	57	94	84	20
