34928	35048	35167	35286	35405	35524	35644	35763	35882	36001	36120	36240	36359	36478	36597	36716	36836	36955	37074	37193	37313	37432	37551	37670	37789	37909	38028	38147	38266	38385	38505	38624	38743	38862	38981	39101	39220	39339	39458	39577	39697	39816	39935	40054	40174	40293	40412	40531	40650	40770	40889	41008	41127	41246	41366	41485	41604	41723	41842	41962	42081	42200	42319	42439	42558	42677	42796	42915	43035	43154	43273	43392	43511	43631	43750	43869	43988	44107	44227	44346	44465	44584	44703	44823	44942
64	170	2	2	119	0	1953125	12	0.0	7686	2.34	0	0	V0.2	0	0	79	84	66	33	78	22	91	29	42	34	77	9	24	63	49	33	15	72	41	33	89	84	65	65	68	35	119	93	50	130	221	54	52	212	230	158	274	270	245	157	364	392	418	285	283	395	126	469	750	991	1000	737	552	436	610	864	908	431	376	671	648	475	327	33	140	134	123	237	104	76	51	142	15	144	54	63	71	121	42	35	70	61	40	77	100
64	170	2	2	119	0	1953125	12	0.0	7591	2.32	0	0	V0.2	0	0	46	93	33	52	54	91	24	48	30	75	24	17	47	73	14	4	91	85	54	32	100	86	46	22	163	129	55	53	241	171	47	22	240	155	132	142	239	283	29	51	97	237	298	256	346	217	445	650	852	1000	827	824	618	391	502	692	720	580	605	616	563	636	448	148	118	19	120	144	66	81	79	123	51	67	5	113	75	19	14	91	60	12	18	54	36
64	170	2	2	119	0	1953125	12	0.0	7605	2.32	0	0	V0.2	0	0	83	24	54	32	89	37	31	32	78	29	18	33	38	40	33	57	27	71	64	104	15	97	27	70	83	156	20	39	174	204	50	51	202	203	68	67	208	297	88	67	84	201	292	281	363	182	559	780	1000	945	754	891	756	655	494	630	876	918	759	535	516	541	290	210	119	139	183	79	26	66	124	82	35	11	124	116	9	16	87	88	13	20	52	58	27
64	170	2	2	119	0	1953125	12	0.0	0	0.95	0	0	V0.2	0	0	307	282	269	275	274	266	225	180	183	182	157	117	94	94	108	114	112	129	178	230	211	218	251	313	333	333	335	359	377	444	430	407	379	442	463	483	484	397	449	428	459	415	492	352	460	455	347	454	651	401	484	364	649	551	277	390	1000	315	264	597	331	229	426	365	319	393	304	347	318	302	285	290	267	262	246	222	196	165	179	175	121	103	85	69	71
64	170	2	2	119	0	1953125	12	0.0	0	0.95	0	0	V0.2	0	0	47	33	51	30	63	12	52	3	55	7	48	24	41	12	56	31	57	28	78	33	78	49	90	61	97	117	80	127	64	153	86	276	235	298	250	56	106	183	239	78	219	145	103	180	446	427	376	507	974	994	1000	819	451	321	491	741	916	661	442	280	446	417	295	175	113	226	127	182	96	161	83	117	113	101	107	61	109	45	82	46	88	55	62	60	57
64	170	2	2	119	0	1953125	12	0.0	0	0.95	0	0	V0.2	0	0	45	36	52	29	64	13	52	7	56	10	50	24	41	17	59	34	60	30	80	34	80	51	96	66	103	120	86	134	74	168	100	282	236	283	232	100	155	250	293	120	224	147	159	195	500	500	455	590	1000	984	953	738	325	232	500	792	931	693	420	229	401	359	264	154	116	227	130	187	93	158	76	116	103	100	103	61	106	43	81	48	87	53	61	55	53
64	170	2	2	119	0	1953125	12	0.0	0	0.95	0	0	V0.2	0	0	35	46	35	47	50	30	43	21	50	11	54	17	39	24	59	32	56	34	78	17	86	46	101	46	114	107	90	121	87	168	96	259	200	230	173	165	220	297	320	136	194	101	212	277	578	612	511	623	862	831	756	534	185	394	617	892	1000	736	377	176	281	267	181	122	120	242	121	167	91	135	89	100	124	84	111	40	107	47	76	53	77	61	44	57	45
64	170	2	2	119	0	1953125	12	0.0	7777	2.35	0	0	V0.2	0	0	59	35	71	27	50	30	39	44	20	33	14	53	21	37	46	51	47	30	84	45	37	39	110	23	83	77	123	92	146	135	180	125	176	74	92	116	121	99	62	97	20	248	295	487	428	420	281	244	373	816	1000	900	665	538	667	835	804	595	677	771	501	151	47	280	199	294	248	246	113	158	135	153	64	85	26	53	66	115	18	59	84	93	55	80	67
64	170	2	2	119	0	1953125	12	0.0	0	0.96	0	0	V0.2	0	0	872	887	906	912	909	905	920	939	950	933	934	939	958	950	927	925	914	920	913	886	863	860	861	847	808	788	799	788	777	763	774	752	771	768	759	753	788	793	811	767	805	778	874	853	708	877	878	817	712	966	659	999	769	591	882	992	542	709	969	556	745	739	717	688	712	653	705	706	682	672	691	695	717	700	693	696	716	718	700	689	701	705	689	673	654
64	170	2	2	119	0	1953125	12	0.0	0	0.96	0	0	V0.2	0	0	181	189	181	197	177	196	186	204	181	207	182	210	184	210	175	216	166	216	162	207	151	217	149	194	137	216	147	198	165	173	202	176	313	14	240	205	229	130	356	135	163	224	256	191	560	362	557	443	617	590	304	461	145	518	558	1000	644	564	221	308	272	211	286	203	174	201	262	110	205	91	211	85	230	85	186	98	203	118	180	112	171	140	160	134	143
64	170	2	2	119	0	1953125	12	0.0	0	0.96	0	0	V0.2	0	0	214	212	216	219	215	226	219	228	218	236	219	236	215	240	210	246	196	247	187	242	179	251	158	237	142	260	133	255	130	249	163	293	294	160	330	204	131	249	387	23	329	183	163	354	593	388	691	356	841	555	563	619	160	344	624	999	621	775	139	481	257	369	312	227	92	312	238	199	191	170	218	160	244	99	221	120	236	120	216	109	223	135	203	128	187
64	170	2	2	119	0	1953125	12	0.0	0	0.96	0	0	V0.2	0	0	265	247	267	258	272	264	272	263	275	279	274	272	271	280	268	283	252	283	243	286	228	289	202	287	182	308	152	316	125	328	112	411	243	334	389	221	55	373	426	149	492	95	146	516	627	547	766	283	1000	506	869	703	367	243	662	896	693	882	211	591	247	536	284	247	8	415	191	291	150	262	216	241	242	175	244	183	262	165	240	155	265	155	246	143	232
64	170	2	2	119	0	1953125	12	0.0	0	0.96	0	0	V0.2	0	0	277	277	281	285	280	293	285	299	281	306	286	309	280	313	270	320	256	322	241	319	228	324	214	305	192	332	186	323	172	311	204	391	406	219	450	243	215	287	497	34	510	223	225	354	746	413	747	360	1000	738	854	968	317	455	380	926	493	873	237	675	390	459	378	287	197	340	310	243	267	183	290	182	320	130	278	149	300	169	276	146	275	185	258	176	230
64	170	2	2	119	0	1953125	12	0.0	7255	2.26	0	0	V0.2	0	0	35	38	31	22	33	39	27	15	15	27	18	9	15	18	17	10	6	27	24	25	11	39	29	23	68	70	50	29	68	84	121	154	219	254	124	47	175	142	170	137	491	445	34	194	329	749	201	356	999	566	862	650	574	350	241	725	286	677	387	343	251	196	232	85	81	161	146	69	74	32	80	21	25	25	30	50	14	23	20	27	16	18	6	26	10
64	170	2	2	119	0	1953125	12	0.0	7750	2.35	0	0	V0.2	0	0	41	21	45	30	51	34	22	62	23	42	14	30	24	18	20	26	16	34	14	54	24	13	82	24	70	25	71	64	86	42	22	113	53	15	115	34	140	76	180	147	278	200	256	226	185	187	367	693	938	1000	865	940	785	544	64	569	818	775	523	378	274	132	213	173	210	164	4	43	125	75	70	56	97	18	56	2	13	43	35	16	21	26	21	22	13
64	170	2	2	119	0	1953125	12	0.0	0	0.96	0	0	V0.2	0	0	907	915	930	942	943	939	946	967	975	966	960	974	982	981	967	949	947	956	937	913	895	888	882	871	834	815	817	824	792	787	792	781	775	817	769	794	829	815	839	793	863	796	944	827	824	920	884	952	689	1000	864	888	851	721	843	850	763	721	844	801	724	738	716	707	734	702	699	706	719	710	702	720	727	723	721	716	729	726	724	720	704	718	703	690	679
64	170	2	2	119	0	1953125	12	0.0	0	0.96	0	0	V0.2	0	0	227	253	238	264	233	258	242	272	250	261	243	267	259	264	249	252	255	255	265	222	257	210	270	205	252	171	296	146	266	161	290	49	459	246	318	239	307	240	214	267	202	475	162	333	241	616	118	439	461	1000	852	804	539	276	444	418	635	204	451	321	674	217	351	187	323	101	320	160	260	213	196	202	194	253	146	227	149	244	158	232	135	233	148	225	145
64	170	2	2	119	0	1953125	12	0.0	0	0.96	0	0	V0.2	0	0	230	251	234	255	232	262	236	271	233	269	236	279	235	276	224	279	220	282	207	271	210	266	221	231	192	269	229	203	230	198	224	250	399	122	444	48	406	89	408	151	373	231	415	168	553	445	160	251	695	854	732	1000	219	422	167	694	445	457	163	552	498	331	471	127	230	193	348	93	291	64	260	124	274	134	222	148	236	175	212	161	206	193	190	191	162
64	170	2	2	119	0	1953125	12	0.0	7777	2.35	0	0	V0.2	0	0	33	41	35	22	23	38	19	10	3	24	15	10	15	12	13	10	7	30	29	29	21	22	36	40	51	57	58	49	36	103	39	113	164	177	185	200	203	98	363	57	416	295	257	46	798	509	258	263	732	366	1000	801	39	96	170	619	313	818	617	333	398	149	204	93	123	124	157	45	30	60	41	64	35	54	8	46	32	39	7	19	33	26	18	25	17
64	170	2	2	119	0	1953125	12	0.0	7741	2.35	0	0	V0.2	0	0	62	29	47	25	41	30	39	9	32	21	33	10	24	22	28	29	17	42	33	17	31	74	24	46	44	91	29	94	48	37	52	96	3	64	91	93	75	134	66	15	49	36	149	106	141	175	476	701	887	999	818	658	345	25	123	257	172	73	191	394	338	316	223	80	46	110	93	143	98	74	67	102	83	50	51	40	35	35	27	28	16	31	20	32	22
64	170	2	2	119	0	1953125	12	0.0	7590	2.32	0	0	V0.2	0	0	49	35	61	34	61	23	40	39	36	22	20	33	22	11	24	28	21	25	35	72	45	21	90	70	39	19	139	107	88	114	50	73	90	127	39	96	123	143	189	251	70	157	154	312	230	450	522	770	917	940	1000	859	678	554	371	176	127	293	407	427	476	293	254	166	24	48	144	76	95	63	81	60	63	51	57	65	16	29	43	42	6	27	35	7	19
64	170	2	2	119	0	1953125	12	0.0	0	0.96	0	0	V0.2	0	0	281	317	300	329	291	323	294	346	310	329	301	336	321	336	310	311	319	323	330	278	331	246	364	233	329	207	349	180	375	173	336	104	563	233	476	224	655	524	495	683	264	647	169	389	482	1000	432	506	43	840	848	970	788	331	522	381	708	442	637	79	532	106	332	259	354	121	392	207	324	309	204	269	223	323	176	290	187	294	210	285	180	282	194	281	188
64	170	2	2	119	0	1953125	12	0.0	0	0.96	0	0	V0.2	0	0	296	277	298	283	311	286	312	288	313	306	312	299	309	308	306	316	285	310	277	328	244	346	208	326	218	330	182	351	151	334	167	417	101	513	263	471	427	557	719	311	719	72	374	308	862	366	719	308	591	359	1000	729	582	593	304	514	151	762	202	424	119	525	236	264	104	376	122	372	229	268	268	238	264	181	273	200	282	193	252	190	281	186	263	167	256
64	170	2	2	119	0	1953125	12	0.0	0	0.95	0	0	V0.2	0	0	39	78	29	73	19	76	22	71	39	52	34	51	42	52	45	65	50	77	61	99	89	110	132	53	133	63	165	46	183	44	198	131	342	283	245	332	591	703	632	733	606	477	294	274	670	690	683	288	397	538	1000	850	714	642	610	749	757	873	224	202	369	442	393	158	178	107	220	113	277	199	148	141	109	160	40	130	57	101	25	103	63	59	57	71	67
64	170	2	2	119	0	1953125	12	0.0	0	0.96	0	0	V0.2	0	0	327	321	324	323	336	329	340	335	336	351	337	348	331	357	318	372	301	364	285	374	257	398	227	358	247	374	218	367	212	347	220	425	287	404	354	430	581	516	908	326	851	335	370	196	1000	495	687	520	585	576	907	953	475	806	276	815	430	906	176	331	128	548	440	189	212	332	286	308	342	191	362	186	335	164	307	198	326	212	285	192	302	225	284	203	263
64	170	2	2	119	0	1953125	12	0.0	7741	2.35	0	0	V0.2	0	0	45	48	45	31	32	47	24	24	10	29	20	21	15	16	21	21	20	46	28	54	31	36	45	47	70	67	78	37	100	92	92	104	184	182	283	248	335	129	452	237	519	324	187	118	1000	775	358	511	381	107	938	804	140	293	280	514	450	999	660	312	283	161	207	85	122	170	199	89	37	102	26	89	32	69	10	53	55	59	29	42	33	23	23	26	17
64	170	2	2	119	0	1953125	12	0.0	7496	2.31	0	0	V0.2	0	0	61	25	47	45	52	32	27	31	48	25	17	23	38	20	30	28	25	9	28	31	82	35	83	58	77	37	114	113	30	39	106	100	79	118	49	101	98	189	48	84	135	347	324	429	309	490	684	823	1000	870	769	570	250	105	109	267	180	190	231	197	288	312	196	237	138	78	99	55	20	63	49	63	7	62	21	62	23	44	13	58	50	52	39	27	36
64	170	2	2	119	0	1953125	12	0.0	7560	2.32	0	0	V0.2	0	0	53	32	45	43	36	21	40	19	39	12	21	21	20	10	12	29	6	38	15	56	12	32	48	43	33	61	58	14	105	67	18	74	109	11	63	58	87	53	83	73	34	239	322	366	332	384	688	850	999	804	736	638	594	369	27	230	445	377	231	200	200	101	192	154	190	179	44	27	60	78	60	17	25	78	63	24	13	61	50	29	36	60	50	4	12
64	170	2	2	119	0	1953125	12	0.0	0	0.96	0	0	V0.2	0	0	234	211	239	216	253	217	246	217	260	224	259	216	258	222	269	217	253	213	249	229	230	215	224	223	211	247	171	262	171	294	105	397	84	474	197	216	84	367	188	405	409	270	255	390	519	465	491	278	838	500	1000	569	513	338	277	198	672	524	470	279	225	398	53	285	118	391	31	286	68	256	142	223	131	205	162	213	163	192	161	191	188	168	184	153	182
64	170	2	2	119	0	1953125	12	0.0	0	0.96	0	0	V0.2	0	0	261	237	264	243	265	254	267	251	273	259	274	261	268	263	264	274	244	276	233	274	230	285	192	287	160	326	130	324	85	366	144	394	277	250	298	337	163	462	465	222	501	102	251	449	834	584	888	451	914	530	494	441	234	257	717	1000	679	973	300	374	103	375	248	271	76	381	254	225	205	201	211	221	242	154	229	176	252	163	233	151	245	171	222	157	215
64	170	2	2	119	0	1953125	12	0.0	0	0.96	0	0	V0.2	0	0	229	222	230	227	230	231	238	235	235	240	235	246	233	249	219	261	209	262	195	258	181	276	158	258	141	285	140	285	146	273	230	255	315	111	224	303	319	279	471	44	333	207	347	359	898	626	774	587	610	498	242	313	295	515	443	1000	553	821	466	139	159	251	229	235	187	238	280	159	217	141	224	141	256	114	212	136	235	146	215	134	206	168	196	151	184
64	170	2	2	119	0	1953125	12	0.0	0	0.96	0	0	V0.2	0	0	267	240	272	254	279	253	281	248	295	260	290	254	291	256	300	255	280	246	287	248	274	256	245	268	221	282	187	314	147	356	74	407	59	342	199	358	97	516	325	303	389	170	94	798	861	832	922	297	844	214	665	113	659	293	817	866	824	1000	229	272	206	300	136	308	103	387	90	299	91	293	145	286	177	220	205	225	211	209	204	201	232	189	211	178	216
64	170	2	2	119	0	1953125	12	0.0	0	0.96	0	0	V0.2	0	0	269	243	270	251	277	251	283	250	285	266	283	262	283	263	282	275	265	268	260	278	240	296	201	289	181	321	134	344	92	360	122	388	167	315	230	343	159	408	433	170	411	178	253	667	1000	705	947	386	744	244	663	355	705	567	635	882	539	815	336	63	214	329	190	290	20	351	162	288	115	274	194	240	227	181	211	203	240	183	225	166	243	180	222	159	224
64	170	2	2	119	0	1953125	12	0.0	0	0.96	0	0	V0.2	0	0	50	42	48	37	53	32	44	21	46	15	44	5	27	24	46	25	40	45	58	46	75	57	102	25	137	60	169	85	216	141	200	226	251	282	50	177	253	370	282	366	272	74	270	698	924	1000	894	587	668	441	604	520	602	611	621	835	752	637	403	198	143	229	97	124	245	132	160	51	184	80	98	60	100	81	41	67	48	62	25	73	23	24	18	51	28
64	170	2	2	119	0	1953125	12	0.0	0	0.96	0	0	V0.2	0	0	33	62	24	55	14	50	20	52	17	37	11	41	10	35	22	51	14	61	24	72	16	103	42	88	56	143	109	148	176	140	225	169	326	182	168	45	321	247	320	345	181	174	316	605	792	1000	719	592	639	503	553	363	487	479	715	713	749	559	198	75	160	168	48	181	170	216	93	135	103	106	75	91	106	24	68	36	88	11	72	34	40	9	43	33	29
64	170	2	2	119	0	1953125	12	0.0	0	0.96	0	0	V0.2	0	0	262	240	264	250	259	255	268	264	259	271	260	279	257	279	242	296	227	305	203	300	195	318	163	306	141	339	116	348	122	350	186	416	384	233	342	271	322	256	519	92	513	179	285	364	879	483	846	485	1000	692	524	365	537	668	762	917	543	692	131	417	48	334	185	332	121	327	213	256	201	208	201	224	251	164	222	167	260	156	252	125	251	154	241	138	225
64	170	2	2	119	0	1953125	12	0.0	0	0.95	0	0	V0.2	0	0	56	61	33	61	25	66	13	69	19	61	19	61	35	61	47	82	47	86	50	100	46	119	75	118	99	147	146	133	194	142	288	252	398	269	178	104	315	288	289	384	331	355	81	403	562	732	566	665	1000	750	706	200	468	707	899	898	804	591	408	419	322	293	110	182	234	245	210	127	191	73	149	89	158	78	109	103	101	92	92	116	62	85	61	78	52
64	170	2	2	119	0	1953125	12	0.0	0	0.95	0	0	V0.2	0	0	38	67	18	69	0	67	8	65	27	58	33	59	39	61	51	77	53	88	59	92	62	106	94	103	127	117	159	106	208	126	293	285	402	339	172	143	276	324	309	432	416	374	85	334	504	688	616	640	1000	772	809	480	430	506	692	859	759	629	506	474	403	311	162	131	261	228	242	119	201	94	150	104	147	108	91	125	83	104	75	124	70	88	68	81	59
64	170	2	2	119	0	1953125	12	0.0	0	0.95	0	0	V0.2	0	0	22	71	6	76	16	64	24	63	39	53	46	53	46	58	57	73	64	90	78	85	84	88	110	83	149	95	175	96	206	106	273	309	402	400	185	216	242	336	330	454	425	345	207	280	474	511	495	558	1000	901	978	820	484	249	362	671	476	520	481	480	385	258	139	125	291	200	242	144	203	138	124	122	115	121	64	134	65	106	60	118	74	82	75	77	66
64	170	1	2	119	0	1953125	12	0.0	0	0.95	0	0	V0.2	0	0	40	67	21	70	4	70	10	69	25	61	33	61	41	60	47	78	58	94	63	97	67	100	89	103	131	119	166	106	199	101	274	269	436	382	238	194	266	322	325	456	376	382	204	305	472	507	380	516	935	898	1000	784	475	247	395	595	387	464	481	498	362	277	107	174	278	218	236	142	209	114	134	101	134	102	80	117	71	101	64	116	61	85	66	79	58
