34928	35048	35167	35286	35405	35524	35644	35763	35882	36001	36120	36240	36359	36478	36597	36716	36836	36955	37074	37193	37313	37432	37551	37670	37789	37909	38028	38147	38266	38385	38505	38624	38743	38862	38981	39101	39220	39339	39458	39577	39697	39816	39935	40054	40174	40293	40412	40531	40650	40770	40889	41008	41127	41246	41366	41485	41604	41723	41842	41962	42081	42200	42319	42439	42558	42677	42796	42915	43035	43154	43273	43392	43511	43631	43750	43869	43988	44107	44227	44346	44465	44584	44703	44823	44942
64	170	1	2	119	0	1953125	12	0.0	7863	2.37	0	0	V0.2	0	0	59	26	20	67	46	40	12	58	32	38	28	50	21	46	44	26	45	27	49	32	44	57	69	118	140	68	103	56	107	57	61	56	252	321	288	293	40	238	238	331	292	542	550	573	411	273	441	717	856	938	1000	810	588	332	470	643	516	415	405	411	440	285	356	418	315	197	108	134	125	49	124	105	63	31	67	17	53	56	82	10	46	45	41	13	38
64	170	1	2	119	0	1953125	12	0.0	79	1.03	0	0	V0.2	0	0	506	471	430	435	451	437	350	333	328	283	231	187	213	197	153	174	252	252	226	323	384	389	425	469	509	578	527	607	655	651	619	673	666	654	792	636	669	654	605	869	683	650	663	845	383	424	725	701	251	844	851	105	773	605	380	1000	392	742	926	336	768	503	518	636	491	519	558	482	479	523	464	408	379	426	366	307	290	273	260	216	136	171	144	77	34
64	170	1	2	119	0	1953125	12	0.0	79	1.03	0	0	V0.2	0	0	51	37	62	12	38	43	60	19	25	46	40	25	22	63	25	42	46	74	9	46	75	81	39	68	75	50	111	89	139	104	143	110	73	89	88	20	153	143	144	251	358	466	526	385	449	632	777	629	482	713	890	904	580	719	1000	996	609	150	515	735	491	317	101	155	130	186	96	150	19	106	106	141	8	74	66	83	58	92	41	37	66	80	41	28	58
64	170	2	2	119	0	1953125	12	0.0	79	1.03	0	0	V0.2	0	0	46	22	67	27	50	7	69	6	51	16	50	23	48	49	38	56	50	71	14	79	42	95	11	113	26	83	81	151	85	166	94	167	10	101	50	71	124	212	112	146	393	503	502	471	465	783	780	704	417	803	919	1000	693	807	933	989	594	262	527	828	570	276	94	184	135	172	141	121	27	146	124	135	42	94	61	88	45	107	59	43	48	94	46	35	61
64	170	2	2	119	0	1953125	12	0.0	84	1.03	0	0	V0.2	0	0	53	34	65	12	42	40	65	17	35	42	43	32	30	66	25	52	46	75	13	61	67	83	45	85	70	56	115	102	146	132	143	123	58	73	91	48	140	130	146	140	337	444	549	424	538	740	793	630	410	752	946	1000	706	725	851	910	414	196	513	747	450	262	77	152	105	176	92	143	32	143	114	142	7	91	57	84	63	103	42	40	64	82	36	40	63
64	170	2	2	119	0	1953125	12	0.0	79	1.03	0	0	V0.2	0	0	52	23	68	28	51	12	67	9	50	18	46	27	47	51	35	55	42	70	10	80	36	91	21	118	28	82	86	150	104	185	84	150	19	95	26	79	117	161	86	90	365	497	531	511	539	823	744	642	315	773	914	1000	709	759	868	959	484	166	441	744	480	225	59	154	93	149	120	126	22	151	122	133	39	97	56	85	44	114	55	41	48	90	39	41	61
64	170	2	2	119	0	1953125	12	0.0	84	1.03	0	0	V0.2	0	0	47	33	61	13	40	30	58	15	35	31	38	30	29	56	23	45	36	66	7	59	46	75	41	94	52	60	99	105	128	140	98	107	55	78	49	109	123	79	118	103	340	457	558	467	565	744	695	558	332	718	856	901	556	619	873	1000	553	130	373	612	384	248	49	103	30	130	81	139	14	121	92	129	9	80	33	68	51	102	36	35	50	77	29	35	54
64	170	2	2	119	0	1953125	12	0.0	79	1.03	0	0	V0.2	0	0	40	26	59	22	41	17	54	12	38	18	36	27	33	44	24	45	31	59	3	65	28	71	29	100	31	63	82	118	93	145	64	105	60	96	41	119	128	60	68	89	368	477	559	515	610	791	666	539	368	803	825	928	533	553	876	1000	686	194	274	486	314	173	52	100	28	103	84	131	29	109	82	114	25	77	33	60	40	101	47	30	38	75	30	28	46
64	170	2	2	119	0	1953125	12	0.0	0	0.99	0	0	V0.2	0	0	12	69	25	62	16	59	23	51	21	45	13	56	32	48	24	57	21	57	17	74	13	75	20	103	23	86	43	64	13	164	91	109	88	142	164	245	278	206	246	311	556	555	647	519	603	768	642	552	109	728	705	1000	635	546	826	952	893	487	365	223	47	59	192	124	202	83	105	91	115	78	59	87	21	24	73	106	39	48	25	67	17	39	39	50	22
64	170	2	2	119	0	1953125	12	0.0	0	0.98	0	0	V0.2	0	0	63	23	63	27	50	23	57	32	46	34	55	40	37	32	45	19	54	33	58	11	83	38	64	28	109	49	77	32	162	112	108	101	76	119	199	299	235	254	196	461	429	563	531	430	570	646	676	452	234	599	697	890	664	486	932	999	940	661	363	131	135	128	62	208	128	149	71	154	108	87	94	88	101	24	57	47	79	43	75	25	63	35	55	30	52
64	170	2	2	119	0	1953125	12	0.0	0	0.97	0	0	V0.2	0	0	110	126	112	128	121	134	124	133	131	131	145	118	141	117	143	115	140	102	140	104	143	83	131	81	153	70	113	113	188	82	177	60	151	80	262	154	332	95	331	253	525	410	515	361	488	595	522	542	184	435	563	898	447	410	822	1000	793	656	309	192	176	183	20	225	63	188	34	209	79	155	68	165	110	120	92	125	79	132	100	111	89	108	97	98	85
64	170	2	2	119	0	1953125	12	0.0	0	0.97	0	0	V0.2	0	0	117	122	120	122	127	127	132	125	140	121	155	114	148	110	147	111	150	92	143	98	154	71	136	70	163	59	126	97	206	61	192	39	162	49	280	133	332	53	334	255	529	472	502	379	457	622	503	572	185	455	556	987	434	359	746	1000	739	620	297	180	188	180	32	223	80	188	59	204	112	141	86	154	129	110	104	118	94	121	113	99	101	99	108	89	97
64	170	2	2	119	0	1953125	12	0.0	0	0.97	0	0	V0.2	0	0	51	39	55	29	55	22	62	19	55	21	57	19	40	30	47	23	51	40	56	37	83	41	69	30	118	30	103	71	196	109	128	76	119	122	210	267	203	188	215	445	402	535	448	338	470	594	612	444	274	552	747	997	611	367	791	1000	915	637	374	214	185	167	55	166	103	136	102	138	137	82	109	68	128	51	85	12	78	40	74	34	61	44	43	36	46
64	170	2	2	119	0	1953125	12	0.0	0	0.96	0	0	V0.2	0	0	95	120	96	134	95	134	91	147	92	149	86	145	91	152	81	143	76	149	70	150	53	147	61	147	64	146	39	188	122	161	105	149	105	162	185	219	234	145	249	287	495	330	498	230	489	416	505	409	383	432	768	1000	512	138	564	684	601	465	254	276	177	253	39	184	21	164	15	199	69	164	67	148	79	140	109	103	85	113	105	95	102	81	105	76	101
64	170	2	2	119	0	1953125	12	0.0	0	0.97	0	0	V0.2	0	0	60	3	63	15	53	18	57	32	47	36	41	31	36	32	41	24	50	33	52	25	79	48	62	46	91	70	95	108	138	163	66	133	40	161	133	276	163	173	162	377	425	454	497	306	491	505	544	484	351	485	672	1000	572	279	618	867	680	487	331	175	271	146	121	82	142	76	140	80	146	56	105	60	100	73	54	46	56	65	46	52	36	59	30	39	37
64	170	2	2	119	0	1953125	12	0.0	73	1.03	0	0	V0.2	0	0	47	45	39	20	48	27	47	10	46	13	38	14	22	39	43	39	8	61	25	49	30	75	18	66	66	79	72	74	146	144	64	67	89	73	91	142	28	31	123	140	302	495	670	531	750	841	941	748	435	575	801	1000	752	573	908	957	749	320	148	274	221	128	118	119	37	27	120	50	90	50	119	31	100	44	67	21	97	47	58	28	70	27	35	43	46
64	170	2	2	119	0	1953125	12	0.0	79	1.03	0	0	V0.2	0	0	13	26	31	25	12	25	24	20	9	15	16	25	9	15	15	24	8	12	28	23	9	21	21	51	4	28	67	50	37	92	46	42	65	50	54	142	144	75	70	183	233	265	260	360	498	566	472	560	396	365	296	667	1000	717	600	543	381	322	304	544	240	130	64	42	45	38	56	75	54	42	22	42	38	12	13	17	24	29	22	12	8	20	18	11	5
64	170	2	2	119	0	1953125	12	0.0	7550	2.32	0	0	V0.2	0	0	13	26	31	25	12	25	24	20	9	15	16	25	9	15	15	24	8	12	28	23	9	21	21	51	4	28	67	50	37	92	46	42	65	50	54	142	144	75	70	183	233	265	260	360	498	566	472	560	396	365	296	667	1000	717	600	543	381	322	304	544	240	130	64	42	45	38	56	75	54	42	22	42	38	12	13	17	24	29	22	12	8	20	18	11	5
64	170	2	2	119	0	1953125	12	0.0	7738	2.35	0	0	V0.2	0	0	20	37	29	49	40	30	48	34	44	21	36	19	37	21	8	58	29	29	35	65	51	84	54	93	46	37	29	149	172	81	58	215	251	253	236	164	83	326	427	466	318	248	497	641	714	593	502	473	326	391	619	833	1000	826	486	183	295	401	244	169	107	115	210	250	264	98	55	71	75	78	104	44	10	109	94	19	12	62	25	46	46	42	27	46	25
64	170	2	2	119	0	1953125	12	0.0	7783	2.36	0	0	V0.2	0	0	42	17	59	62	40	5	54	28	57	22	52	25	25	0	19	61	32	31	35	99	58	116	46	132	75	52	91	32	188	117	169	104	382	411	383	219	279	454	493	441	372	640	701	808	720	613	678	694	607	768	864	912	1000	786	394	109	237	339	131	137	288	180	157	195	275	230	8	73	166	127	60	86	129	81	56	56	37	26	100	75	31	36	64	29	13
64	170	2	2	119	0	1953125	12	0.0	7501	2.31	0	0	V0.2	0	0	37	39	43	62	42	35	37	56	31	34	30	53	20	6	25	36	29	7	40	65	8	80	39	159	117	112	97	205	227	64	38	255	310	214	222	190	326	161	131	127	347	322	494	550	747	813	776	880	862	871	1000	946	903	731	420	386	641	752	501	424	381	213	59	101	225	185	35	34	91	119	28	45	49	103	93	52	66	71	37	33	12	37	68	56	29
64	170	2	2	119	0	1953125	12	0.0	7641	2.33	0	0	V0.2	0	0	53	22	58	54	48	28	31	55	33	30	14	73	25	24	39	62	8	11	65	55	22	44	13	118	113	104	109	189	223	56	37	284	307	195	172	225	316	138	139	272	294	185	201	164	414	609	717	907	889	887	1000	956	909	743	310	303	682	857	558	419	463	391	182	104	235	204	57	14	143	93	64	40	73	55	131	76	66	43	99	30	25	69	80	25	31
64	170	2	2	119	0	1953125	12	0.0	7738	2.35	0	0	V0.2	0	0	26	43	53	46	22	28	51	45	10	19	38	23	16	31	39	21	29	65	41	49	40	94	88	21	36	16	139	151	91	82	142	185	176	187	190	294	143	133	203	187	191	198	106	130	186	291	546	705	687	856	1000	994	952	676	171	142	501	613	358	296	404	347	185	141	218	177	72	70	143	84	10	44	102	18	70	42	64	35	74	49	45	30	33	6	18
64	170	2	2	119	0	1953125	12	0.0	7711	2.34	0	0	V0.2	0	0	51	23	55	16	45	21	47	15	41	14	38	6	17	16	21	14	9	24	30	36	30	72	24	51	43	68	131	44	102	15	132	70	185	114	210	184	84	130	204	163	260	210	171	143	110	190	437	612	635	815	989	1000	919	689	220	76	347	494	310	191	260	278	156	85	142	160	62	19	93	112	19	15	77	84	21	47	47	53	28	54	37	32	29	41	40
64	170	2	2	119	0	1953125	12	0.0	8123	2.41	0	0	V0.2	0	0	46	43	29	35	14	58	9	23	34	21	42	29	42	21	39	25	13	55	21	40	96	86	39	12	53	69	120	119	113	79	108	133	132	72	166	111	174	146	45	94	236	187	299	165	58	205	490	590	656	749	805	957	999	708	320	171	543	484	202	196	385	243	87	168	231	69	18	168	110	41	48	106	23	52	52	29	72	47	26	23	50	11	37	49	29
64	170	1	2	119	0	1953125	12	0.0	7778	2.35	0	0	V0.2	0	0	40	48	60	19	28	49	40	31	5	53	17	30	18	34	26	18	30	33	41	12	9	84	100	34	67	35	130	91	119	90	126	141	228	193	199	262	176	181	119	66	119	90	101	119	211	363	640	681	706	923	991	1000	897	494	143	254	586	479	230	302	407	288	201	63	235	137	114	79	108	18	24	91	72	52	49	60	47	40	23	26	42	30	18	28	43
64	170	1	2	119	0	1953125	12	0.0	7822	2.36	0	0	V0.2	0	0	54	19	55	12	57	13	44	16	37	25	37	36	39	26	19	35	15	29	6	34	48	30	80	73	76	113	72	143	55	61	11	163	177	222	295	212	312	175	188	76	200	162	228	280	246	426	592	609	742	902	940	999	843	414	119	319	569	410	129	291	425	300	246	106	267	164	106	37	137	42	65	45	117	29	54	17	43	25	34	13	2	59	58	51	28
64	170	1	2	119	0	1953125	12	0.0	7903	2.38	0	0	V0.2	0	0	40	53	20	50	28	56	13	39	21	40	15	2	47	26	30	19	59	3	43	23	63	73	46	132	65	153	146	157	136	55	94	120	243	179	252	276	283	361	206	292	281	474	385	423	381	367	593	771	779	883	1000	949	838	536	72	379	525	519	164	252	423	436	249	297	231	256	64	79	77	121	19	83	51	87	21	34	20	22	20	30	58	41	50	21	11
64	170	1	2	119	0	1953125	12	0.0	7506	2.31	0	0	V0.2	0	0	38	54	67	10	50	29	59	8	35	17	54	28	39	12	39	27	47	31	37	33	73	111	39	81	47	112	163	78	127	17	175	161	279	267	183	259	162	270	141	254	308	428	524	469	499	478	473	648	915	990	1000	911	583	257	52	264	389	328	275	352	283	234	220	83	201	142	125	99	72	66	50	67	75	73	56	75	13	63	34	57	16	62	59	46	19
64	170	1	2	119	0	1953125	12	0.0	7551	2.32	0	0	V0.2	0	0	14	45	29	64	12	43	15	49	23	17	21	29	9	14	29	42	7	18	38	46	31	73	28	114	74	84	87	78	135	28	87	126	301	240	264	115	181	230	288	248	259	477	580	710	555	409	521	705	828	1000	975	818	674	326	156	177	331	370	299	335	311	150	243	206	249	193	40	41	133	107	20	23	85	80	21	49	41	62	43	41	39	40	27	29	22
64	170	1	2	119	0	1953125	12	0.0	7833	2.36	0	0	V0.2	0	0	58	42	11	88	45	39	13	62	28	38	36	17	58	41	37	24	55	17	17	55	55	73	99	161	16	118	87	188	86	45	46	188	114	251	264	248	130	262	371	453	304	445	760	871	830	596	642	885	915	904	1000	883	774	425	83	278	500	620	536	419	265	242	457	412	347	132	115	93	85	91	134	21	23	112	114	43	46	79	29	52	17	6	77	80	31
64	170	1	2	119	0	1953125	12	0.0	7695	2.34	0	0	V0.2	0	0	42	41	46	30	31	26	57	22	33	14	44	25	18	11	43	19	36	13	45	11	46	41	125	70	97	78	61	122	47	117	68	152	165	299	291	79	55	243	354	257	331	302	542	548	429	382	512	682	922	1000	822	716	508	400	450	440	527	541	431	439	311	234	252	149	185	181	91	101	106	71	23	38	69	86	34	69	29	48	35	18	10	58	61	35	17
64	170	1	2	119	0	1953125	12	0.0	7525	2.31	0	0	V0.2	0	0	62	45	86	28	65	54	46	41	34	46	25	36	17	36	15	24	20	28	40	47	24	32	125	98	111	148	82	239	141	204	100	189	267	322	432	201	22	159	398	359	359	372	339	533	454	350	518	776	900	1000	972	699	714	758	832	992	794	671	557	295	239	253	184	335	287	142	171	170	98	23	48	87	145	66	106	69	38	63	15	28	56	52	22	20	14
64	170	2	2	119	0	1953125	12	0.0	7847	2.37	0	0	V0.2	0	0	52	53	13	56	62	44	15	33	41	51	20	38	29	39	13	32	51	11	21	51	49	98	95	164	59	151	131	175	137	63	29	67	166	82	341	329	347	115	375	516	527	281	600	598	509	280	397	503	561	723	888	655	388	234	704	967	1000	903	403	70	55	203	352	342	302	175	74	24	32	74	107	52	81	99	104	66	25	33	44	83	36	41	71	22	50
64	170	2	2	119	0	1953125	12	0.0	7581	2.32	0	0	V0.2	0	0	83	53	45	81	100	27	54	40	91	51	36	39	62	36	42	35	54	29	27	86	105	53	73	181	107	80	55	253	318	121	157	167	482	383	438	289	93	125	343	415	454	633	476	556	453	232	412	626	678	897	803	562	500	600	985	1000	945	892	516	343	416	264	202	318	189	262	249	128	85	161	166	99	59	111	95	74	22	46	52	125	73	59	29	65	60
64	170	2	2	119	0	1953125	12	0.0	0	0.97	0	0	V0.2	0	0	109	154	110	169	116	169	114	178	121	183	122	169	131	172	133	158	113	170	124	153	104	157	114	151	96	149	74	193	85	218	141	163	100	187	174	353	322	193	194	386	523	459	688	304	672	562	841	664	272	388	798	977	999	214	590	580	757	538	338	304	202	249	62	183	124	182	87	215	54	197	50	168	40	183	68	135	75	166	59	148	57	150	66	135	47
64	170	2	2	119	0	1953125	12	0.0	0	0.96	0	0	V0.2	0	0	96	148	93	153	98	159	95	163	104	163	108	156	108	159	105	156	100	150	102	147	107	131	98	134	126	114	92	169	178	131	178	102	127	128	277	211	364	64	273	224	509	397	508	327	494	601	569	690	102	276	592	1000	717	314	457	654	557	550	304	275	247	239	119	172	76	164	99	170	145	127	149	100	143	90	166	67	121	78	144	68	134	48	130	64	122
64	170	2	2	119	0	1953125	12	0.0	0	0.97	0	0	V0.2	0	0	56	19	56	4	56	2	57	17	47	20	46	23	34	20	36	12	47	26	50	10	70	25	58	16	103	47	87	51	164	137	108	111	67	115	188	314	204	176	110	379	371	518	485	322	506	591	687	622	264	323	627	1000	879	225	377	567	592	475	340	234	270	191	133	101	106	82	122	86	151	60	104	26	103	58	71	34	56	47	51	39	43	54	28	33	36
64	170	2	2	119	0	1953125	12	0.0	7486	2.30	0	0	V0.2	0	0	13	18	21	2	17	18	15	7	6	12	15	8	6	8	21	9	11	6	19	14	13	22	25	28	23	39	48	17	44	78	20	57	74	22	64	168	159	132	123	178	102	256	325	246	481	451	386	590	472	452	159	906	1000	591	531	290	404	115	264	319	402	178	90	36	52	88	44	17	44	26	51	40	29	12	12	30	33	4	24	14	13	3	9	5	13
64	170	2	2	119	0	1953125	12	0.0	79	1.03	0	0	V0.2	0	0	518	508	452	417	464	435	358	331	315	307	240	180	206	208	159	185	245	290	242	352	379	453	414	462	568	590	572	557	708	653	668	631	766	659	746	638	561	731	646	740	755	595	682	706	424	632	849	480	593	342	713	579	831	654	210	1000	789	562	368	785	633	468	415	733	587	501	546	542	555	512	456	462	470	438	339	371	338	302	262	221	169	188	113	81	62
64	170	1	2	119	0	1953125	12	0.0	0	0.97	0	0	V0.2	0	0	65	24	64	28	54	12	60	21	49	23	42	17	43	19	30	2	41	9	43	13	58	28	54	20	85	33	114	30	168	88	241	173	247	213	297	340	227	233	304	438	421	467	464	373	385	469	492	426	741	384	478	298	885	869	999	654	553	430	783	647	413	270	128	309	257	245	180	79	73	119	142	53	70	39	74	11	46	28	62	9	45	12	50	18	36
64	170	2	2	119	0	1953125	12	0.0	0	0.96	0	0	V0.2	0	0	38	65	40	61	45	55	53	39	48	35	44	31	41	30	26	47	31	59	38	66	44	81	51	89	86	106	117	107	186	129	275	169	343	230	380	283	298	220	411	426	449	522	510	481	438	541	522	673	1000	618	777	228	714	690	852	412	540	578	961	597	395	189	192	361	271	294	189	173	87	140	149	121	100	60	106	41	73	22	82	24	58	22	55	30	58
64	170	1	2	119	0	1953125	12	0.0	0	0.96	0	0	V0.2	0	0	20	66	16	66	23	58	34	48	32	42	31	37	30	40	24	53	31	70	35	72	35	88	56	95	82	111	120	107	173	111	245	170	334	239	346	266	254	205	339	369	360	474	471	435	399	434	482	671	1000	628	717	95	549	549	701	375	578	617	891	571	331	166	172	344	259	278	209	180	135	127	170	108	122	54	126	59	86	31	85	50	60	42	51	44	51
64	170	1	2	119	0	1953125	12	0.0	0	0.96	0	0	V0.2	0	0	212	171	222	182	217	186	222	196	220	201	218	208	213	217	204	215	197	237	169	237	156	251	129	251	109	281	60	314	57	292	56	382	188	422	328	368	254	339	322	304	459	300	672	244	583	179	583	413	1000	646	490	283	554	502	658	430	640	641	933	712	308	397	107	387	129	376	83	303	74	309	136	232	143	211	149	184	186	158	172	144	182	127	178	121	178
64	170	2	2	119	0	1953125	12	0.0	0	0.96	0	0	V0.2	0	0	226	176	233	185	233	189	236	196	239	201	233	209	231	218	222	220	215	236	191	242	171	263	145	261	125	289	84	339	37	306	44	393	148	475	335	451	303	371	283	326	470	359	696	305	653	171	536	352	950	527	493	260	752	696	844	449	457	565	999	708	370	434	171	430	173	399	56	297	30	360	138	256	140	228	139	210	178	182	172	166	185	140	183	133	184
64	170	2	2	119	0	1953125	12	0.0	0	0.96	0	0	V0.2	0	0	207	161	217	165	216	166	222	171	227	172	225	177	227	175	228	176	221	181	213	188	192	199	183	219	140	215	155	243	104	312	18	321	8	394	111	463	186	441	169	404	380	329	432	296	485	539	777	534	999	388	503	128	726	510	827	369	327	354	762	374	276	124	264	336	294	385	45	234	78	299	22	255	82	229	53	227	109	203	107	188	128	168	137	153	134
64	170	2	2	119	0	1953125	12	0.0	0	0.95	0	0	V0.2	0	0	50	39	42	46	32	48	26	54	25	55	23	52	32	54	42	64	50	76	52	85	44	109	62	110	53	124	74	121	127	132	162	124	207	163	257	198	343	236	274	287	269	309	331	452	284	410	515	719	842	597	450	185	664	796	1000	500	73	391	614	422	217	82	112	296	237	263	164	108	87	156	177	98	99	51	121	65	90	51	85	63	68	68	48	50	52
64	170	2	2	119	0	1953125	12	0.0	0	0.95	0	0	V0.2	0	0	51	39	43	45	34	48	27	52	27	55	28	53	32	54	45	66	51	77	52	84	48	110	61	111	53	127	72	125	123	128	156	144	218	166	235	163	333	260	313	287	214	263	347	483	299	362	461	695	858	700	503	66	559	817	1000	566	224	316	551	430	254	122	130	299	227	257	167	126	90	142	165	106	111	53	116	64	95	56	86	59	69	64	49	51	52
64	170	2	2	119	0	1953125	12	0.0	0	0.95	0	0	V0.2	0	0	48	41	40	45	30	48	23	53	23	53	25	52	32	53	41	64	49	74	50	83	49	108	64	106	55	121	82	126	132	121	155	129	217	164	236	177	339	283	309	296	162	190	310	469	323	322	383	654	832	651	520	59	538	821	999	617	270	250	535	394	247	148	139	280	226	251	165	136	112	138	166	109	120	53	115	68	96	62	83	63	67	70	52	52	51
64	170	2	2	119	0	1953125	12	0.0	0	0.95	0	0	V0.2	0	0	40	38	31	44	25	47	18	48	17	50	22	49	29	49	36	58	45	72	50	85	47	101	59	98	58	123	102	126	138	88	150	121	222	204	290	217	304	250	213	227	155	226	381	572	422	266	209	512	700	593	480	242	573	820	1000	681	287	129	534	380	259	209	157	267	209	217	146	126	124	136	171	110	123	47	103	67	91	64	76	65	62	70	52	56	47
64	170	2	2	119	0	1953125	12	0.0	0	0.96	0	0	V0.2	0	0	15	56	15	57	23	49	30	39	30	36	33	33	31	34	24	41	28	61	38	63	37	75	55	87	84	91	111	98	163	74	187	158	309	252	306	189	173	200	327	333	245	269	315	458	340	154	337	705	999	866	788	256	441	758	890	428	146	493	848	607	428	187	49	269	231	268	153	142	115	121	139	86	100	46	102	52	75	28	77	43	52	37	42	35	43
64	170	2	2	119	0	1953125	12	0.0	0	0.97	0	0	V0.2	0	0	118	140	122	140	124	151	119	151	122	158	122	155	121	158	124	151	120	151	111	151	111	139	105	155	79	150	68	182	30	196	58	218	85	237	185	146	42	257	203	165	274	112	172	231	239	189	304	390	633	298	330	561	927	756	1000	371	327	284	682	340	273	116	234	243	211	234	63	140	87	157	58	157	78	118	79	133	84	122	74	125	87	114	78	116	76
64	170	2	2	119	0	1953125	12	0.0	0	0.96	0	0	V0.2	0	0	16	40	16	39	26	30	30	20	25	20	26	15	20	20	20	27	24	38	29	35	27	48	50	49	73	50	93	55	122	53	114	82	154	138	105	88	119	172	167	184	125	54	116	264	103	160	313	428	460	213	326	496	969	881	1000	558	351	384	553	406	270	152	103	238	207	161	132	71	95	79	121	61	74	19	74	36	52	29	56	44	34	33	31	36	29
64	170	2	2	119	0	1953125	12	0.0	0	0.96	0	0	V0.2	0	0	133	107	142	114	133	119	137	123	137	128	135	129	134	134	130	131	125	144	110	138	109	152	85	159	62	169	38	182	61	153	72	183	103	175	168	108	50	251	208	59	182	162	220	141	214	207	365	318	534	248	192	364	1000	793	990	551	276	298	550	443	207	194	79	259	112	236	57	168	38	176	67	155	91	115	84	115	102	107	100	94	112	82	110	75	112
64	170	2	2	119	0	1953125	12	0.0	0	0.70	0	0	V0.2	0	0	47	44	63	58	39	53	65	46	42	63	56	36	50	63	42	40	60	49	27	50	62	21	44	60	50	8	59	81	39	71	38	67	61	112	137	50	136	170	143	178	220	131	199	337	317	147	316	435	644	434	330	289	973	876	999	655	223	698	557	347	314	267	176	103	244	206	92	39	112	138	61	74	118	93	17	61	97	66	11	69	82	44	37	79	71
64	170	2	2	119	0	1953125	12	0.0	0	0.69	0	0	V0.2	0	0	44	50	66	56	43	59	63	45	52	63	52	41	62	60	39	49	58	44	32	60	54	19	52	56	37	29	68	57	33	90	36	43	77	119	126	69	166	184	150	191	227	154	232	336	301	192	411	474	684	397	325	299	1000	909	942	530	237	784	527	278	286	297	178	79	248	200	69	47	114	135	43	91	131	83	14	81	106	61	27	83	86	36	52	88	70
64	170	2	2	119	0	1953125	12	0.0	0	0.94	0	0	V0.2	0	0	44	10	39	16	40	31	33	35	27	41	25	40	31	42	36	49	40	56	35	67	42	81	46	71	46	78	68	49	60	27	59	52	134	77	23	7	184	197	108	63	113	194	223	216	36	324	527	569	596	228	78	484	1000	995	989	497	167	431	482	425	282	118	67	155	205	128	154	70	127	78	129	104	72	66	53	80	47	71	35	65	42	64	46	47	44
64	170	2	2	119	0	1953125	12	0.0	0	0.95	0	0	V0.2	0	0	136	123	142	123	142	125	155	117	159	116	166	114	166	109	170	107	168	113	155	116	154	140	123	149	103	165	70	182	66	133	87	184	45	181	148	131	29	279	176	77	109	242	251	138	169	290	457	390	588	109	179	359	1000	875	943	550	285	332	518	448	201	247	17	264	106	242	89	179	77	182	124	143	135	92	118	97	143	75	137	65	144	54	140	50	135
64	170	2	2	119	0	1953125	12	0.0	0	0.96	0	0	V0.2	0	0	145	113	153	123	146	128	148	133	149	135	147	139	144	144	141	142	135	148	124	146	121	157	98	166	78	172	46	200	65	156	79	193	90	192	188	110	47	251	222	42	161	207	246	134	223	238	354	323	513	86	155	401	999	830	988	564	331	300	540	407	188	225	104	283	121	242	41	190	22	200	73	169	96	122	78	135	104	118	101	109	117	93	116	83	116
64	170	1	2	119	0	1953125	12	0.0	0	0.96	0	0	V0.2	0	0	18	42	20	40	30	30	33	21	29	19	29	18	26	22	24	27	27	37	34	35	31	48	56	46	71	51	104	65	132	64	112	77	162	161	130	121	120	170	169	178	122	73	153	289	181	67	247	342	386	127	213	476	918	893	1000	588	376	358	485	378	200	201	141	256	219	159	143	88	117	91	141	68	74	13	77	43	60	34	59	49	40	36	33	40	30
64	170	1	2	119	0	1953125	12	0.0	0	0.96	0	0	V0.2	0	0	38	38	36	36	43	28	48	18	45	20	42	17	38	23	34	28	38	37	45	36	46	44	58	51	85	45	110	80	178	98	183	122	235	228	238	199	170	244	313	359	245	144	167	322	250	134	196	392	512	357	375	423	807	845	999	609	664	608	679	429	233	209	209	348	263	231	161	131	112	122	151	91	92	29	90	42	69	26	75	42	50	30	45	39	41
64	170	1	2	119	0	1953125	12	0.0	0	0.96	0	0	V0.2	0	0	64	31	61	24	63	13	67	7	59	14	54	18	50	24	48	23	52	35	70	30	72	31	85	40	120	29	147	92	217	142	208	196	309	367	307	308	145	311	407	516	425	311	348	374	443	140	217	433	796	658	661	328	701	751	1000	714	855	923	975	657	323	202	178	392	334	274	240	139	169	113	197	98	127	45	115	65	77	44	83	68	55	50	47	55	47
64	170	1	2	119	0	1953125	12	0.0	0	0.96	0	0	V0.2	0	0	27	62	31	59	43	51	49	40	49	37	49	33	46	42	42	48	47	66	62	67	64	72	81	82	117	81	151	115	224	116	224	173	340	324	348	291	197	288	421	490	368	351	352	470	501	240	163	480	833	683	727	223	488	649	893	613	804	883	1000	671	347	166	150	374	304	293	216	181	176	144	193	118	144	70	128	75	91	53	89	75	65	60	53	59	53
64	170	2	2	119	0	1953125	12	0.0	0	0.95	0	0	V0.2	0	0	31	68	23	77	10	77	23	72	32	70	43	66	50	70	54	79	66	107	77	108	76	119	105	125	132	135	184	141	235	113	231	200	375	364	404	348	224	312	382	440	385	443	502	664	643	268	165	588	1000	924	933	506	314	611	615	454	576	794	974	792	465	339	216	296	240	235	242	183	225	163	229	144	167	109	148	140	119	120	89	114	79	103	73	80	67
64	170	2	2	119	0	1953125	12	0.0	0	0.95	0	0	V0.2	0	0	32	76	20	78	9	79	25	71	33	73	45	69	54	75	58	80	68	108	81	112	82	126	115	121	137	141	197	153	250	109	217	181	371	377	419	358	261	360	378	422	306	378	524	771	762	342	156	561	991	833	757	381	628	910	1000	689	365	665	906	773	436	398	277	361	306	257	245	165	227	174	250	165	177	117	152	149	125	126	95	123	85	108	78	86	73
64	170	2	2	119	0	1953125	12	0.0	0	0.95	0	0	V0.2	0	0	41	61	31	72	17	69	17	67	25	66	34	63	44	70	52	77	59	99	66	103	63	125	95	122	108	132	148	148	227	129	207	139	314	298	354	281	324	376	424	484	267	192	357	627	643	412	311	614	999	821	784	205	403	642	990	622	501	633	788	596	376	275	155	340	311	296	254	151	180	142	227	138	164	91	151	124	115	104	95	107	78	98	64	76	61
64	170	2	2	119	0	1953125	12	0.0	0	0.95	0	0	V0.2	0	0	41	60	31	68	16	68	13	66	19	63	28	61	41	65	47	72	55	97	60	98	53	122	85	118	97	129	134	132	205	107	193	137	305	270	326	250	332	349	418	458	259	252	375	591	549	384	346	648	1000	833	734	276	292	500	790	553	581	657	689	514	296	211	139	316	265	274	248	155	165	129	215	130	157	81	149	114	110	95	91	99	73	95	63	71	57
64	170	2	2	119	0	1953125	12	0.0	0	0.96	0	0	V0.2	0	0	182	152	189	157	187	164	188	171	188	178	184	181	183	187	175	191	166	204	142	212	129	213	110	228	80	223	77	248	38	235	84	276	114	349	240	254	181	367	374	265	378	150	489	300	617	85	400	402	999	724	627	463	325	278	668	399	361	421	610	464	247	287	93	298	98	315	79	240	75	229	93	202	129	175	124	159	161	134	150	121	160	108	156	100	152
64	170	2	2	119	0	1953125	12	0.0	0	0.95	0	0	V0.2	0	0	42	52	35	62	22	61	18	61	25	61	31	62	41	65	49	71	55	89	63	98	56	118	85	126	90	132	124	160	216	137	188	119	278	278	375	310	334	314	365	405	278	302	398	589	557	400	315	568	781	638	601	195	390	689	1000	679	455	426	580	423	390	362	228	299	239	266	221	178	168	145	206	140	160	81	138	103	114	89	91	88	76	87	64	69	58
64	170	2	2	119	0	1953125	12	0.0	0	0.95	0	0	V0.2	0	0	57	50	51	61	41	69	28	70	32	72	36	74	47	72	54	81	65	104	78	118	59	133	89	156	97	178	140	198	231	152	200	171	347	367	498	370	318	239	399	413	472	459	520	745	593	329	181	590	844	821	760	512	415	590	639	407	473	635	999	718	592	490	333	342	211	299	225	259	214	195	218	160	173	89	160	114	146	98	112	97	94	96	78	78	66
64	170	2	2	119	0	1953125	12	0.0	0	0.96	0	0	V0.2	0	0	185	130	195	130	199	132	200	139	203	144	199	147	200	150	198	147	195	154	184	171	162	160	179	196	134	195	147	241	107	289	41	311	116	445	229	343	42	371	254	511	489	348	352	324	528	247	303	466	904	576	765	240	220	298	771	353	789	707	1000	546	416	238	243	274	258	324	176	307	51	245	49	265	15	226	34	220	79	188	85	179	102	161	115	141	108
64	170	2	2	119	0	1953125	12	0.0	0	0.96	0	0	V0.2	0	0	146	111	155	118	149	127	147	133	149	139	143	142	143	148	136	150	127	157	117	160	107	163	96	189	55	180	50	219	36	220	84	217	111	244	206	161	80	301	277	244	399	22	185	113	348	102	271	134	473	252	174	103	637	500	1000	647	718	618	624	507	258	287	137	327	131	283	88	236	55	197	57	213	102	153	102	140	122	118	119	107	130	89	130	78	127
64	170	2	2	119	0	1953125	12	0.0	0	0.95	0	0	V0.2	0	0	26	39	34	31	40	18	40	16	39	14	42	18	35	25	44	29	46	38	59	32	66	48	99	54	95	58	108	109	105	131	55	134	102	188	123	120	83	238	240	210	254	41	67	128	231	95	192	200	278	187	89	276	672	776	1000	767	637	606	576	437	336	171	203	195	233	163	187	147	105	121	108	156	84	108	62	94	68	70	59	61	66	52	59	47	56
64	170	2	2	119	0	1953125	12	0.0	0	0.95	0	0	V0.2	0	0	91	126	91	126	93	127	93	135	95	133	98	132	106	126	113	117	122	106	134	86	136	66	164	43	149	35	165	61	135	107	99	99	131	170	38	143	123	201	93	238	157	79	117	241	118	184	41	278	229	216	187	269	509	593	1000	607	638	257	388	200	293	156	164	172	165	173	112	185	41	154	45	194	24	151	46	137	67	121	80	107	88	94	104	73	105
64	170	1	2	119	0	1953125	12	0.0	0	0.96	0	0	V0.2	0	0	153	210	155	223	156	218	159	225	168	225	163	224	173	223	169	214	167	226	166	206	164	208	173	179	212	164	225	129	291	34	245	51	357	84	314	114	317	37	354	199	206	234	223	311	173	134	333	255	334	370	216	761	728	940	960	1000	616	856	591	579	419	281	306	257	386	124	356	57	300	28	305	61	244	93	225	106	200	125	189	132	171	152	147	158	131
64	170	1	2	119	0	1953125	12	0.0	0	0.96	0	0	V0.2	0	0	68	24	61	33	55	42	45	48	32	45	31	46	25	40	42	45	37	36	55	55	54	62	81	104	78	113	79	192	115	199	107	203	196	261	263	171	214	169	281	146	282	180	218	237	241	110	78	138	147	226	221	589	723	639	999	933	893	834	765	470	383	234	322	297	292	199	206	212	124	176	125	187	80	99	70	96	65	64	67	61	67	51	62	38	55
64	170	1	2	119	0	1953125	12	0.0	0	0.96	0	0	V0.2	0	0	69	17	65	25	59	30	53	44	38	39	36	40	30	38	44	37	47	35	61	45	62	52	86	90	95	98	97	191	134	227	112	239	199	310	281	230	201	212	333	224	366	183	283	285	425	278	188	313	185	139	32	356	482	461	975	1000	926	825	749	422	383	265	351	287	310	191	235	207	139	165	134	204	88	115	58	110	63	72	56	70	66	55	61	44	55
64	170	1	2	119	0	1953125	12	0.0	0	0.96	0	0	V0.2	0	0	61	57	52	65	41	65	29	73	15	64	19	62	18	52	33	58	40	69	54	90	37	98	50	140	62	145	42	208	155	237	207	266	347	354	449	232	298	238	536	434	520	391	409	547	563	432	271	756	880	831	892	499	126	272	870	710	927	804	1000	537	472	258	293	359	298	349	279	309	149	191	154	221	154	117	127	100	120	59	99	61	92	59	73	50	65
64	170	2	2	119	0	1953125	12	0.0	0	0.96	0	0	V0.2	0	0	53	35	53	23	56	15	59	5	51	13	46	15	45	25	42	23	55	33	71	39	84	21	87	45	121	53	120	109	152	151	121	235	250	403	301	312	158	332	375	364	402	308	489	547	678	208	120	521	950	974	1000	692	155	355	591	561	500	520	642	458	408	247	228	110	195	185	280	221	130	128	119	180	83	126	54	118	65	78	48	76	63	52	51	42	45
64	170	2	2	119	0	1953125	12	0.0	0	0.96	0	0	V0.2	0	0	161	178	160	187	173	180	176	177	189	176	193	168	201	160	208	150	209	135	226	111	219	103	220	85	231	71	236	78	251	128	211	146	333	351	260	350	216	336	239	414	113	436	241	667	481	213	149	566	693	750	1000	514	352	233	445	354	458	387	693	350	508	203	330	171	192	115	297	235	152	184	148	211	91	197	94	211	58	197	80	186	73	179	89	161	90
