64,170,2,2,119,0,1953125,12,0,7785,2.36,0,0,NaN,0,0,31,93,9,87,33,81,2,57,34,54,10,18,50,14,25,54,66,32,38,82,74,55,60,56,104,72,47,52,124,113,109,133,262,294,83,119,231,333,150,206,110,355,411,378,428,136,313,311,475,549,958,1000,781,407,469,820,882,724,346,347,277,307,32,100,66,67,137,105,60,2,154,74,66,35,135,54,45,23,54,48,88,67,47,55,81
64,170,2,2,119,0,1953125,12,0,0,0.7,0,0,NaN,0,0,910,896,881,876,862,852,832,822,819,806,795,809,783,768,758,771,758,733,744,751,742,733,700,727,729,717,695,696,646,659,658,636,655,604,615,625,519,497,502,612,650,652,511,617,467,498,400,330,613,190,578,464,353,355,571,927,644,783,1000,778,444,356,451,433,372,329,291,277,295,275,262,250,237,234,226,219,210,199,207,186,224,204,191,192,188
64,170,2,2,119,0,1953125,12,0,7766,2.35,0,0,NaN,0,0,42,46,36,32,36,37,35,27,20,28,33,10,5,28,24,4,22,33,20,25,30,50,27,54,51,40,23,108,110,94,115,163,112,74,274,397,93,280,367,533,525,474,658,336,411,914,350,1000,261,256,723,741,816,458,610,457,841,786,841,445,498,558,475,230,225,80,175,88,33,49,47,63,21,34,34,36,17,24,31,8,14,20,4,11,7
64,170,2,2,119,0,1953125,12,0,0,0.71,0,0,NaN,0,0,897,891,903,922,928,940,951,973,986,997,993,984,1000,984,962,954,922,903,892,859,822,780,752,725,696,662,631,588,567,530,584,589,593,611,578,632,615,556,630,616,635,667,656,608,536,683,704,490,766,959,828,757,479,919,648,871,457,497,414,441,73,303,323,203,238,285,307,335,350,388,375,401,405,393,391,375,379,401,358,347,298,303,280,247,223
64,170,2,2,119,0,1953125,12,0,7706,2.34,0,0,NaN,0,0,19,20,16,12,18,15,12,15,12,14,13,3,6,10,10,4,7,6,6,10,6,24,29,16,19,29,15,29,36,80,25,44,77,76,14,34,31,178,12,315,167,113,93,70,258,159,280,493,334,550,395,285,538,742,805,1000,385,344,415,214,516,139,344,61,130,29,97,82,73,17,57,60,24,26,29,28,12,12,9,16,10,2,12,15,4
64,170,2,2,119,0,1953125,12,0,7873,2.37,0,0,NaN,0,0,57,33,62,59,73,23,37,59,45,33,2,48,33,34,48,33,59,47,94,30,67,2,64,111,57,58,44,139,11,163,77,204,62,277,190,299,66,186,48,87,165,462,533,630,738,481,299,242,563,523,398,566,816,999,801,717,688,657,512,443,245,104,167,167,161,154,170,151,160,77,56,48,6,112,89,35,49,101,27,50,27,48,29,45,34
64,170,2,2,119,0,1953125,12,0,7671,2.34,0,0,NaN,0,0,75,50,35,75,90,33,31,48,73,36,8,48,60,18,6,56,42,33,16,93,63,60,16,140,95,84,53,145,167,85,69,193,236,30,76,136,231,92,336,284,380,482,391,345,430,186,185,286,324,396,564,662,871,999,874,789,900,949,722,420,276,265,246,126,123,206,214,79,91,101,164,67,73,68,79,54,22,32,74,65,46,51,75,39,14
64,170,2,2,119,0,1953125,12,0,8451,2.47,0,0,NaN,0,0,61,33,44,65,32,35,49,30,48,13,19,42,16,22,61,14,38,36,24,95,24,44,73,39,89,69,36,164,68,106,72,136,38,141,60,93,116,298,161,236,225,349,515,416,284,114,96,330,737,1000,681,414,645,659,681,657,597,140,423,387,240,286,231,217,138,221,34,54,107,106,49,17,40,72,74,12,26,83,28,34,52,33,44,24,14
64,170,2,2,119,0,1953125,12,0,7536,2.31,0,0,NaN,0,0,157,41,176,97,97,150,22,123,58,95,101,29,94,28,106,69,67,96,35,81,55,100,111,84,94,149,126,109,167,92,187,169,117,124,203,306,146,498,625,491,767,820,528,628,471,235,425,368,651,724,497,518,331,201,544,597,1000,955,723,713,521,44,221,163,440,425,160,213,199,198,124,140,213,111,77,13,122,124,28,75,52,149,148,89,78
64,170,2,2,119,0,1953125,12,0,7817,2.36,0,0,NaN,0,0,76,101,75,85,82,97,44,81,58,63,22,55,42,29,25,53,31,45,55,50,107,43,93,97,146,97,39,261,261,45,109,345,105,211,228,674,515,728,447,582,432,277,356,186,576,568,500,447,353,430,626,477,455,605,987,807,1000,812,570,708,697,532,463,151,364,112,125,212,174,96,91,128,48,123,26,111,64,66,71,67,39,10,76,36,40
