64,170,1,2,119,0,1953125,12,0,0,0.78,0,0,NaN,0,0,37,9,31,34,3,30,32,7,28,26,15,31,22,19,29,15,29,32,27,45,34,39,60,29,52,80,37,59,116,81,95,157,109,129,156,115,99,212,221,375,352,273,288,297,282,250,286,324,288,304,279,331,411,574,1000,815,677,453,360,167,242,117,128,93,131,44,12,60,70,29,61,68,29,48,55,27,35,58,32,24,47,29,21,34,19
64,170,1,2,119,0,1953125,12,0,7843,2.37,0,0,NaN,0,0,17,20,18,19,23,15,11,10,18,5,16,8,17,8,8,13,10,2,14,6,17,26,23,20,37,26,46,72,12,43,44,54,19,176,75,105,181,57,132,116,130,93,371,250,267,248,87,145,125,276,47,66,168,421,1000,375,702,325,248,520,53,258,246,73,139,117,46,47,29,55,24,25,15,31,16,19,9,12,11,13,2,7,10,7,2
64,170,1,2,119,0,1953125,12,0,0,0.97,0,0,NaN,0,0,521,532,557,536,463,416,413,419,378,275,235,244,243,191,148,213,270,288,255,357,427,479,476,494,569,653,683,679,648,734,825,824,739,813,752,930,693,812,884,805,510,877,973,618,544,823,1000,602,490,707,986,648,604,634,592,787,459,936,488,694,804,626,657,629,615,631,647,597,565,539,541,538,520,418,405,392,405,355,278,266,182,209,194,113,51
64,170,1,2,119,0,1953125,12,0,0,0.95,0,0,NaN,0,0,35,28,38,19,42,10,44,5,43,13,34,13,29,15,30,11,33,18,47,14,43,14,55,29,66,56,51,57,50,62,94,200,134,203,113,116,127,167,222,375,388,406,370,193,204,300,364,378,127,343,460,600,434,705,776,861,1000,644,520,379,197,205,261,110,172,112,76,107,49,109,52,126,72,117,89,61,67,33,50,21,49,27,41,30,42
64,170,1,2,119,0,1953125,12,0,0,0.95,0,0,NaN,0,0,127,157,118,161,113,179,112,176,115,175,121,181,117,173,130,166,131,156,139,141,154,112,184,62,156,84,183,39,226,43,211,88,163,56,386,345,541,551,373,365,108,288,107,326,511,988,840,811,376,299,578,804,848,587,769,753,1000,711,532,342,229,211,352,235,101,86,123,121,103,146,89,155,52,166,28,131,24,125,46,110,63,87,70,74,83
64,170,1,2,119,0,1953125,12,0,0,0.96,0,0,NaN,0,0,37,21,38,28,27,29,25,27,23,30,16,29,16,25,22,26,27,33,36,42,20,40,45,77,27,83,21,87,23,76,67,207,164,176,146,124,255,189,259,175,340,361,300,172,248,420,348,403,470,694,709,531,445,424,866,999,994,668,425,153,234,183,126,73,204,246,156,137,4,94,52,110,78,102,70,35,45,43,54,37,61,31,42,26,32
64,170,1,2,119,0,1953125,12,0,0,0.98,0,0,NaN,0,0,117,133,118,142,119,139,120,151,119,157,113,154,119,160,107,158,105,163,88,162,77,156,68,163,48,145,49,173,30,137,34,124,135,67,142,207,84,187,214,279,32,336,348,546,411,189,86,496,261,379,337,526,512,176,287,832,1000,974,569,329,426,550,555,284,321,250,313,126,149,94,210,73,144,41,137,4,121,32,125,11,108,11,87,9,96
64,170,1,2,119,0,1953125,12,0,0,0.82,0,0,NaN,0,0,37,11,40,24,21,38,11,29,29,6,27,15,21,21,18,31,15,36,33,20,47,14,57,59,10,60,53,50,47,23,66,108,64,77,54,109,172,80,121,137,215,218,191,88,438,493,409,487,272,171,215,423,744,999,971,742,682,478,345,297,35,196,312,362,363,281,153,156,118,46,87,84,31,45,23,30,41,17,51,37,10,42,22,20,36
64,170,1,2,119,0,1953125,12,0,7576,2.32,0,0,NaN,0,0,31,27,20,26,32,28,14,22,22,18,13,16,23,11,10,10,19,16,15,14,36,24,21,41,35,25,25,41,48,86,60,151,47,176,77,118,87,233,152,273,239,171,124,88,120,175,431,61,413,294,114,576,663,329,426,1000,300,475,541,320,626,244,66,77,158,10,39,52,66,98,31,17,14,16,45,13,22,11,16,19,15,2,10,16,17
64,170,1,2,119,0,1953125,12,0,7636,2.33,0,0,NaN,0,0,84,29,78,19,81,18,82,4,56,31,55,20,26,45,33,42,36,29,23,41,63,22,66,28,126,42,109,112,106,83,197,64,69,91,174,51,209,93,204,198,57,81,146,495,494,370,115,409,618,593,342,339,856,1000,966,466,172,460,581,312,234,117,270,99,127,23,114,61,83,39,61,77,82,47,29,97,72,53,36,65,27,52,43,55,19
