64,170,2,2,119,0,1953125,12,0,0,0.96,0,0,NaN,0,0,860,886,919,916,906,931,940,973,959,958,961,971,1000,964,925,919,936,899,869,825,795,784,750,705,668,629,638,614,565,535,564,557,554,541,595,593,574,607,607,690,611,676,696,697,715,601,638,741,691,595,661,703,457,634,762,506,751,301,287,461,314,432,300,281,322,344,325,263,303,344,347,336,304,322,356,358,336,285,300,308,302,260,218,207,207
64,170,2,2,119,0,1953125,12,0,0,0.96,0,0,NaN,0,0,129,91,128,91,139,92,143,87,144,104,140,102,137,100,145,115,122,110,120,115,113,117,94,132,75,121,76,113,117,163,115,206,162,286,102,197,95,313,212,448,299,389,259,252,171,391,339,444,459,344,501,511,945,1000,867,561,499,169,516,523,537,277,353,239,210,138,162,127,174,136,160,162,92,102,78,113,53,101,65,118,26,99,34,91,20
64,170,2,2,119,0,1953125,12,0,0,0.95,0,0,NaN,0,0,13,49,10,42,9,45,21,36,26,35,29,28,33,27,24,30,30,30,22,43,39,42,49,46,65,36,94,44,118,33,109,42,136,117,150,167,164,247,138,169,87,192,124,271,366,462,482,359,339,217,226,82,199,605,626,728,795,1000,632,376,306,264,208,10,42,149,176,108,166,119,106,46,84,79,61,77,66,85,30,57,43,44,26,47,45
64,170,2,2,119,0,1953125,12,0,0,0.97,0,0,NaN,0,0,59,37,64,25,55,18,59,14,51,3,44,3,45,16,45,17,54,11,52,11,64,15,79,19,67,28,135,27,141,58,135,100,191,217,226,256,147,219,141,278,191,419,290,405,425,511,557,282,339,167,407,450,680,822,633,466,695,1000,799,456,351,594,431,274,103,267,262,135,168,134,183,55,159,97,108,33,117,94,63,63,76,73,38,75,62
64,170,2,2,119,0,1953125,12,0,7535,2.31,0,0,NaN,0,0,28,32,23,18,31,34,19,12,29,21,14,8,20,19,16,7,32,24,15,13,42,20,30,37,26,68,22,40,22,79,41,70,13,110,149,98,105,26,227,214,69,79,140,350,373,42,196,162,250,472,442,207,358,545,492,830,973,1000,806,266,348,196,83,106,42,173,92,66,56,2,36,89,44,22,16,21,34,14,13,18,24,9,11,9,15
64,170,2,2,119,0,1953125,12,0,7560,2.32,0,0,NaN,0,0,30,44,55,49,21,26,65,45,30,7,56,28,25,22,56,5,25,58,66,19,25,72,64,48,26,81,105,48,32,59,90,58,76,40,167,96,146,178,266,235,75,166,306,218,178,291,429,422,381,441,242,181,612,1000,957,760,527,735,838,740,330,185,357,401,119,134,156,202,19,124,62,64,77,113,28,13,83,71,16,42,89,51,33,53,53
64,170,2,2,119,0,1953125,12,0,7776,2.35,0,0,NaN,0,0,63,100,53,63,43,97,39,35,64,47,66,36,58,25,71,46,45,73,35,80,39,76,63,27,107,72,100,65,63,134,164,56,76,176,129,146,77,267,37,290,320,532,331,444,286,339,233,467,308,69,207,356,193,91,119,479,827,929,999,529,64,246,455,206,159,104,194,62,250,116,129,91,169,9,9,133,71,66,50,103,5,74,41,31,45
64,170,2,2,119,0,1953125,12,0,7656,2.33,0,0,NaN,0,0,78,98,86,79,63,102,53,77,33,70,45,57,30,36,59,30,62,35,111,40,142,26,156,55,134,89,165,30,151,84,246,34,225,17,322,199,146,98,390,311,478,408,319,384,112,163,429,426,656,728,700,802,749,1000,912,888,537,27,271,661,637,273,175,257,395,165,183,122,211,62,157,52,123,37,94,33,94,56,35,58,70,32,49,29,33
64,170,2,2,119,0,1953125,12,0,8043,2.4,0,0,NaN,0,0,88,82,78,68,102,60,72,67,63,74,20,61,26,45,32,14,78,31,19,118,52,122,36,128,88,139,86,164,109,133,141,20,304,160,128,57,240,125,124,265,269,723,685,665,418,532,554,302,145,899,928,820,480,954,1000,668,77,715,666,516,585,715,614,534,108,37,178,67,158,21,177,25,101,103,123,55,7,120,39,64,51,64,39,41,48
64,170,2,2,119,0,1953125,12,0,7868,2.37,0,0,NaN,0,0,62,62,13,53,60,55,4,48,31,50,5,25,31,49,21,25,46,51,34,20,91,92,62,63,90,133,42,93,87,84,78,87,192,299,136,150,55,298,259,303,278,90,135,75,67,65,165,305,301,348,131,408,640,923,1000,655,352,24,392,378,322,185,95,127,80,101,144,94,71,39,119,125,42,48,65,93,12,23,39,61,17,22,48,52,7
