64,170,2,2,119,0,1953125,12,0,0,0.72,0,0,NaN,0,0,13,37,34,10,31,38,16,15,34,21,14,28,25,18,11,17,36,31,14,45,49,11,52,73,43,29,95,83,53,107,103,94,159,186,132,102,152,292,326,310,282,79,219,447,664,672,573,363,44,378,468,635,562,471,383,340,687,1000,674,368,107,188,187,143,256,291,216,126,97,104,86,98,104,101,72,42,32,46,44,30,45,54,30,17,50
64,170,2,2,119,0,1953125,12,0,0,0.74,0,0,NaN,0,0,127,111,130,130,114,131,131,113,134,138,114,136,144,121,137,143,113,126,131,104,124,125,101,127,130,55,130,130,16,114,118,77,187,146,48,279,316,234,136,436,355,301,186,300,212,322,444,360,321,399,161,583,1000,659,400,177,713,984,542,455,673,641,428,56,251,284,135,49,89,72,62,89,40,45,72,31,48,83,45,57,90,56,42,78,61
64,170,2,2,119,0,1953125,12,0,0,0.96,0,0,NaN,0,0,100,108,99,128,93,133,79,139,87,149,71,149,65,165,65,153,52,161,66,153,71,139,75,152,102,143,116,135,135,137,208,202,282,170,255,134,292,171,339,249,389,321,486,347,349,307,389,445,621,690,495,624,530,856,429,43,604,994,1000,989,755,527,267,55,118,288,293,215,199,125,167,80,143,77,144,45,133,51,121,35,117,52,98,57,86
64,170,2,2,119,0,1953125,12,0,0,0.95,0,0,NaN,0,0,149,96,149,93,140,95,161,114,141,113,140,137,135,140,113,151,108,174,71,149,69,192,23,192,44,172,38,210,117,163,126,262,300,254,280,29,103,196,429,385,470,225,290,301,542,459,484,487,472,627,625,685,304,302,706,1000,930,958,591,434,150,178,220,293,222,142,202,150,201,102,201,63,133,59,183,88,117,69,103,71,91,97,58,85,53
64,170,2,2,119,0,1953125,12,0,0,0.71,0,0,NaN,0,0,31,20,46,42,13,31,42,17,19,43,30,2,31,30,11,26,30,24,28,36,43,51,40,45,73,93,60,91,90,64,115,211,224,120,197,230,155,199,346,283,160,288,131,294,211,449,363,168,372,638,883,779,852,672,1000,542,848,939,644,360,389,359,189,126,89,193,203,126,91,118,112,67,65,100,87,47,59,75,54,27,57,62,22,33,59
64,170,2,2,119,0,1953125,12,0,0,0.77,0,0,NaN,0,0,26,27,6,28,30,6,17,20,2,21,19,7,19,16,17,19,13,19,15,14,25,17,15,35,19,44,68,23,70,104,80,76,136,122,112,157,142,40,58,114,40,197,255,86,181,88,129,301,426,181,279,602,754,740,1000,898,586,548,512,223,330,342,163,150,136,47,36,64,31,48,61,16,52,66,21,28,42,26,22,30,20,25,27,10,15
64,170,2,2,119,0,1953125,12,0,0,0.76,0,0,NaN,0,0,105,79,97,102,79,104,107,89,115,104,90,119,99,88,118,89,85,113,79,88,107,75,89,88,57,116,102,33,128,111,63,169,187,106,227,198,66,103,158,123,149,269,23,146,112,202,87,81,335,503,329,602,669,478,838,1000,785,601,484,208,312,388,281,158,149,63,37,76,31,74,92,25,79,91,14,68,72,8,62,62,8,61,52,15,52
64,170,2,2,119,0,1953125,12,0,0,0.96,0,0,NaN,0,0,80,154,105,169,90,155,92,181,114,161,99,168,131,164,131,135,140,138,165,99,147,101,181,70,178,58,183,53,199,75,231,55,256,131,264,148,325,225,301,369,458,597,250,175,316,492,553,891,484,227,35,545,829,1000,618,542,666,492,448,522,416,310,217,189,341,138,166,108,251,120,186,112,162,79,138,111,109,86,114,122,62,99,66,115,30
64,170,2,2,119,0,1953125,12,0,0,0.96,0,0,NaN,0,0,107,148,128,152,120,143,130,161,140,144,138,148,164,134,154,116,171,114,173,79,165,84,200,30,186,27,185,12,227,98,236,65,250,176,353,251,236,217,287,330,388,583,271,308,369,661,495,602,231,125,103,558,654,704,537,597,928,1000,625,256,193,101,164,190,339,211,233,37,210,109,150,27,176,91,124,58,130,85,96,80,89,84,72,94,45
64,170,2,2,119,0,1953125,12,0,0,0.96,0,0,NaN,0,0,101,151,101,141,85,158,109,155,90,154,103,172,107,146,97,164,122,144,111,132,132,131,142,94,126,116,164,88,172,123,244,43,213,191,363,142,286,165,305,224,377,350,375,299,464,557,313,295,528,827,522,778,483,420,241,780,798,999,567,157,80,386,235,123,185,253,235,95,162,129,146,52,155,74,117,32,142,36,92,18,128,40,87,41,79
