64,170,2,2,119,0,1953125,12,0,7676,2.34,0,0,NaN,0,0,29,34,31,32,33,28,26,32,27,15,25,20,19,22,19,9,30,20,25,35,33,35,32,42,30,57,52,53,34,25,130,47,131,19,45,146,168,138,362,117,85,294,594,236,279,225,438,716,1000,910,241,450,286,406,487,876,707,450,236,474,386,101,272,142,144,107,24,51,10,57,10,31,56,39,36,46,29,37,32,31,16,32,20,10,2
64,170,2,2,119,0,1953125,12,0,7541,2.31,0,0,NaN,0,0,35,63,54,44,31,53,28,60,6,66,15,52,23,49,7,40,13,50,21,43,18,55,57,44,46,47,134,51,120,42,179,153,171,193,141,234,80,85,217,234,235,312,226,334,196,92,103,106,150,400,649,959,1000,979,933,740,715,483,378,171,40,39,152,56,181,85,138,84,159,143,41,65,43,73,34,21,47,34,49,14,27,50,57,51,52
64,170,2,2,119,0,1953125,12,0,0,0.98,0,0,NaN,0,0,515,476,429,428,428,439,365,294,315,294,257,193,151,172,190,169,179,239,301,338,333,358,467,494,489,540,561,616,646,656,632,699,677,741,617,685,651,899,582,586,792,683,754,507,712,459,802,289,906,478,599,498,1000,967,608,759,876,561,802,687,614,420,522,638,594,539,526,506,568,515,456,432,401,448,410,341,284,306,312,243,169,146,147,154,93
64,170,2,2,119,0,1953125,12,0,0,0.67,0,0,NaN,0,0,23,24,16,18,25,24,18,17,22,22,18,23,29,23,12,23,34,21,26,46,48,25,30,58,43,2,33,77,21,43,114,103,104,183,286,286,233,273,344,461,467,409,412,406,347,330,310,611,689,871,629,187,195,819,1000,898,466,942,790,134,201,442,467,224,191,246,177,92,78,170,148,58,52,99,64,11,75,90,43,32,81,74,18,45,78
64,170,2,2,119,0,1953125,12,0,0,0.61,0,0,NaN,0,0,5,16,27,21,6,19,32,27,6,22,37,33,13,23,45,43,19,26,55,56,37,42,72,76,55,61,91,101,73,58,94,137,97,80,132,191,72,102,141,161,110,228,171,166,158,372,328,235,398,721,616,550,683,955,959,678,831,1000,752,288,250,364,274,135,44,93,184,198,92,23,121,152,92,5,98,135,103,26,59,106,94,35,43,90,88
64,170,2,2,119,0,1953125,12,0,0,0.61,0,0,NaN,0,0,24,14,7,24,29,16,9,31,37,20,10,36,42,26,15,47,57,39,22,60,70,56,30,70,100,78,37,70,116,124,100,107,192,245,220,180,297,440,316,238,423,509,259,73,352,529,237,258,518,803,703,708,537,657,701,633,696,508,787,1000,665,275,155,321,344,193,9,183,250,212,44,110,197,167,65,74,153,156,83,46,118,131,84,41,97
64,170,2,2,119,0,1953125,12,0,0,0.62,0,0,NaN,0,0,22,32,23,1,24,33,25,2,26,36,25,5,25,40,30,8,26,37,25,12,31,36,32,16,38,30,15,70,88,64,16,76,77,26,51,121,115,171,75,124,22,87,172,325,128,364,201,277,519,1000,760,336,426,757,975,973,614,744,936,648,348,524,559,409,105,44,210,250,182,51,95,181,160,60,71,147,139,67,50,116,124,71,41,91,103
64,170,2,2,119,0,1953125,12,0,0,0.62,0,0,NaN,0,0,29,38,23,9,32,41,25,11,38,46,24,13,46,55,25,20,55,62,30,35,77,84,47,58,107,122,88,89,140,182,121,24,74,170,172,230,354,528,388,410,424,420,316,298,418,569,458,791,791,872,665,666,541,810,967,1000,539,104,358,661,778,239,182,442,474,381,105,146,256,229,72,94,197,187,87,59,143,156,90,55,124,139,88,47,104
64,170,2,2,119,0,1953125,12,0,0,0.98,0,0,NaN,0,0,60,28,46,25,48,32,42,37,34,25,37,35,33,22,33,17,31,18,61,20,45,8,66,9,69,11,88,48,150,118,15,25,213,207,156,210,216,304,89,144,306,567,491,297,136,633,912,999,737,208,248,600,882,567,177,430,465,386,274,197,265,271,233,249,133,157,40,118,42,39,33,123,82,16,18,82,58,18,19,45,31,20,33,31,21
64,170,2,2,119,0,1953125,12,0,0,0.98,0,0,NaN,0,0,84,11,78,9,77,8,75,18,61,13,64,24,58,31,62,22,53,30,78,36,83,30,94,37,105,23,112,37,171,79,158,62,194,205,377,307,206,134,210,301,419,585,429,244,304,730,874,1000,759,845,672,300,193,771,980,686,387,314,677,671,426,112,440,487,452,338,85,141,81,156,73,129,25,122,44,88,21,101,51,57,22,55,26,48,50
