64,170,1,2,119,0,1953125,12,0,0,0.94,0,0,NaN,0,0,23,42,14,48,5,42,14,37,25,25,25,21,22,22,28,29,27,37,42,27,44,36,73,21,67,20,84,56,59,59,83,145,88,123,66,66,56,147,88,308,342,343,492,405,387,353,197,128,77,247,372,541,767,920,1000,879,938,472,314,221,207,231,83,94,56,129,73,138,72,52,44,67,61,39,77,41,71,29,61,43,35,40,31,32,21
64,170,1,2,119,0,1953125,12,0,0,0.94,0,0,NaN,0,0,48,22,39,30,25,34,18,39,5,30,11,35,16,33,25,39,21,47,25,45,25,61,57,30,47,33,80,18,72,18,98,94,74,90,104,79,151,191,148,361,332,377,481,401,387,286,172,63,168,271,378,524,759,995,1000,947,905,430,344,218,228,193,119,137,38,66,70,166,73,59,33,64,52,44,65,32,68,28,68,34,51,43,34,35,26
64,170,1,2,119,0,1953125,12,0,0,0.94,0,0,NaN,0,0,13,39,8,39,14,32,22,27,28,18,25,13,22,17,24,24,25,29,37,24,40,28,64,19,57,17,70,45,57,63,73,128,77,113,83,28,88,149,110,297,290,302,439,381,400,331,127,18,181,314,277,396,618,898,1000,943,852,366,243,117,188,208,116,120,47,93,76,145,52,49,21,74,41,54,59,38,58,29,61,23,42,27,33,21,26
64,170,1,2,119,0,1953125,12,0,0,0.83,0,0,NaN,0,0,16,34,6,33,31,16,48,28,18,35,17,21,16,30,30,12,33,28,31,17,40,54,8,60,64,20,77,70,87,107,51,197,166,93,213,181,199,205,91,258,243,176,395,393,350,352,311,292,305,180,302,510,627,704,1000,961,636,85,52,323,208,91,94,143,259,195,95,187,139,27,62,50,49,54,31,68,50,23,67,48,14,41,36,30,21
64,170,1,2,119,0,1953125,12,0,0,0.83,0,0,NaN,0,0,16,34,6,33,31,16,48,28,18,35,17,21,16,30,30,12,33,28,31,17,40,54,8,60,64,20,77,70,87,107,51,197,166,93,213,181,199,205,91,258,243,176,395,393,350,352,311,292,305,180,302,510,627,704,1000,961,636,85,52,323,208,91,94,143,259,195,95,187,139,27,62,50,49,54,31,68,50,23,67,48,14,41,36,30,21
64,170,1,2,119,0,1953125,12,0,0,0.83,0,0,NaN,0,0,136,152,155,127,168,136,158,171,138,180,142,151,168,126,178,146,155,183,117,172,136,118,160,86,173,153,93,196,86,134,151,122,287,95,225,278,96,277,124,207,322,146,409,470,277,433,304,267,360,76,480,587,619,865,969,1000,682,157,105,229,100,108,89,271,277,105,230,152,97,132,23,145,106,72,143,46,95,80,60,124,54,110,104,47,100
64,170,1,2,119,0,1953125,12,0,0,0.82,0,0,NaN,0,0,121,156,123,141,151,124,166,137,146,164,119,163,137,134,171,118,168,152,115,168,96,144,136,92,179,107,125,162,44,153,109,158,268,42,253,229,113,281,88,221,262,82,400,427,275,443,292,289,301,57,526,518,571,855,1000,972,611,248,136,169,74,68,118,282,255,108,229,134,91,123,17,141,96,71,146,45,93,87,47,117,54,95,104,41,101
64,170,1,2,119,0,1953125,12,0,0,0.82,0,0,NaN,0,0,121,159,133,133,159,120,161,147,140,173,123,159,150,125,173,123,161,167,112,170,110,132,150,78,167,124,111,165,64,143,137,113,262,55,225,233,68,275,104,169,252,79,370,448,224,441,305,248,282,57,528,551,569,893,1000,917,583,215,145,179,63,82,108,294,289,93,221,158,59,123,9,129,111,52,144,70,77,98,28,108,65,84,109,45,96
64,170,1,2,119,0,1953125,12,0,0,0.83,0,0,NaN,0,0,150,156,173,138,170,151,151,179,146,187,168,153,186,133,172,163,142,195,137,172,165,117,170,98,144,166,98,177,129,117,188,48,269,126,170,266,67,262,155,107,273,178,342,511,212,433,371,258,321,24,580,649,648,898,1000,873,595,193,225,265,97,129,111,304,349,108,226,204,40,131,27,134,135,46,161,98,71,107,21,116,74,94,128,56,104
64,170,1,2,119,0,1953125,12,0,0,0.84,0,0,NaN,0,0,186,168,193,157,174,173,160,200,176,199,195,167,194,155,179,182,171,212,161,185,171,126,162,114,182,185,126,200,115,130,102,157,289,44,235,211,73,255,3,244,301,68,484,393,272,468,258,471,235,169,681,456,708,882,888,999,471,204,126,111,242,118,201,403,264,170,224,59,161,99,120,169,59,116,89,61,103,69,136,109,95,120,51,95,66
