34928	35048	35167	35286	35405	35524	35644	35763	35882	36001	36120	36240	36359	36478	36597	36716	36836	36955	37074	37193	37313	37432	37551	37670	37789	37909	38028	38147	38266	38385	38505	38624	38743	38862	38981	39101	39220	39339	39458	39577	39697	39816	39935	40054	40174	40293	40412	40531	40650	40770	40889	41008	41127	41246	41366	41485	41604	41723	41842	41962	42081	42200	42319	42439	42558	42677	42796	42915	43035	43154	43273	43392	43511	43631	43750	43869	43988	44107	44227	44346	44465	44584	44703	44823	44942
64	170	2	2	119	0	1953125	12	0.0	7481	2.30	0	0	V0.2	0	0	44	40	26	57	41	54	5	55	45	33	13	48	27	27	26	57	43	22	36	73	46	41	44	121	81	22	34	100	101	73	61	168	75	86	60	210	157	248	392	476	630	490	353	423	581	633	791	741	529	304	154	605	830	999	811	447	132	554	805	686	523	374	282	310	361	188	110	162	172	178	36	64	66	94	32	75	38	54	43	85	64	68	26	71	69
64	170	2	2	119	0	1953125	12	0.0	7510	2.31	0	0	V0.2	0	0	46	68	50	55	49	69	15	56	29	51	17	26	33	35	14	24	47	29	65	39	86	34	43	77	35	146	134	75	94	189	128	211	134	110	47	235	314	654	636	550	349	151	323	524	612	742	1000	915	912	879	773	772	686	450	284	279	359	360	293	153	448	565	771	596	446	280	44	85	53	104	45	69	89	19	60	80	63	43	47	53	44	23	5	68	57
64	170	2	2	119	0	1953125	12	0.0	0	0.98	0	0	V0.2	0	0	359	337	294	301	271	304	258	216	192	191	190	132	108	100	143	104	140	163	194	241	221	252	314	351	356	347	377	456	462	429	467	440	510	493	481	349	585	419	426	605	315	341	534	558	170	615	376	260	636	356	730	514	109	272	1000	341	202	536	781	191	355	426	463	339	399	256	337	373	377	341	279	297	316	309	262	189	203	218	215	162	97	106	110	107	60
64	170	2	2	119	0	1953125	12	0.0	0	0.98	0	0	V0.2	0	0	214	207	202	207	215	225	206	206	214	224	217	206	202	220	216	209	195	197	225	209	199	179	232	211	213	200	202	215	261	234	206	311	200	308	164	314	216	443	127	206	317	535	71	410	81	434	60	436	133	646	324	577	495	975	1000	690	485	33	480	596	314	538	310	271	232	248	363	218	302	138	293	261	296	165	246	256	312	177	245	216	301	210	238	191	277
64	170	2	2	119	0	1953125	12	0.0	7766	2.35	0	0	V0.2	0	0	44	43	18	15	37	37	18	11	23	36	18	10	32	22	15	20	25	27	23	21	57	31	47	62	77	13	20	57	96	87	137	91	165	115	313	143	243	191	212	317	381	320	299	356	272	141	61	253	180	699	689	1000	352	136	332	371	470	593	370	267	406	252	469	159	140	71	28	44	58	47	50	90	63	25	0	46	64	24	22	37	31	19	14	31	35
64	170	2	2	119	0	1953125	12	0.0	0	0.96	0	0	V0.2	0	0	773	768	772	784	795	797	799	791	798	806	801	792	788	788	789	775	766	762	758	771	763	753	753	762	772	778	762	783	812	796	811	825	795	859	857	877	820	885	920	865	879	843	879	910	899	819	878	883	954	698	779	926	944	635	804	1000	787	837	890	765	930	834	880	841	859	898	892	872	877	900	917	899	890	898	910	911	904	885	890	897	894	876	867	866	872
64	170	2	2	119	0	1953125	12	0.0	0	0.61	0	0	V0.2	0	0	11	9	11	15	13	12	15	20	15	6	16	26	23	8	13	30	29	16	7	26	32	22	16	12	24	9	27	51	60	22	75	67	71	76	91	139	269	249	133	123	285	214	69	105	332	378	379	389	314	694	715	142	571	332	566	341	1000	468	269	578	564	148	154	60	212	149	77	75	155	144	95	21	74	103	84	32	62	88	80	45	44	71	72	50	40
64	170	2	2	119	0	1953125	12	0.0	7616	2.33	0	0	V0.2	0	0	23	22	15	25	30	15	15	18	28	24	10	16	24	15	6	9	19	19	11	12	44	29	11	58	44	8	48	26	74	29	43	77	55	138	50	224	66	68	94	286	166	146	357	100	185	56	407	462	583	329	357	608	202	872	952	557	1000	355	566	110	97	208	82	112	112	51	109	61	31	37	70	13	36	28	10	9	22	4	7	6	17	12	9	11	18
64	170	2	2	119	0	1953125	12	0.0	7746	2.35	0	0	V0.2	0	0	50	83	23	71	72	71	22	33	69	60	14	43	65	37	34	80	47	44	40	78	78	73	88	72	130	141	18	75	270	203	66	224	310	76	179	213	344	320	616	552	578	166	176	273	348	124	95	319	495	825	999	698	582	588	756	398	334	804	963	691	403	156	275	207	206	181	246	67	130	66	115	111	67	70	77	112	27	32	54	101	43	29	60	18	55
64	170	2	2	119	0	1953125	12	0.0	0	0.91	0	0	V0.2	0	0	823	829	832	841	854	868	862	858	853	856	862	862	851	838	835	833	839	836	825	813	814	811	822	825	822	833	822	843	851	867	883	883	879	900	917	946	917	910	939	903	1000	957	944	940	976	888	935	999	909	890	890	927	977	979	930	797	991	870	993	900	879	929	930	966	922	925	926	970	963	967	959	957	966	970	980	972	964	962	959	947	955	942	946	935	928
64	170	2	2	119	0	1953125	12	0.0	7561	2.32	0	0	V0.2	0	0	17	17	21	17	21	16	15	15	13	10	12	9	7	5	10	8	9	9	13	17	7	21	23	29	45	34	51	25	20	78	87	95	56	118	10	142	53	95	96	136	246	232	454	284	258	212	359	268	450	90	112	449	498	433	245	411	1000	714	499	530	304	312	206	194	86	43	76	60	30	76	23	45	52	18	25	7	20	6	17	8	4	7	1	5	7
64	170	2	2	119	0	1953125	12	0.0	0	0.90	0	0	V0.2	0	0	771	774	777	784	788	801	806	805	796	796	795	799	794	793	778	771	768	772	769	764	758	758	759	765	773	779	770	776	794	798	815	817	829	854	830	823	893	876	865	899	772	886	957	912	866	873	913	847	842	833	949	794	842	1000	791	919	816	911	676	860	957	800	840	889	871	878	881	870	882	894	903	896	907	894	896	900	897	897	894	885	873	874	875	875	862
64	170	2	2	119	0	1953125	12	0.0	7625	2.33	0	0	V0.2	0	0	29	30	34	26	30	29	27	22	26	20	21	24	21	17	18	14	27	11	17	15	34	16	34	21	60	50	64	1	34	24	44	73	30	254	90	418	57	142	235	74	422	307	559	841	446	763	1000	888	780	561	126	248	765	398	395	464	603	950	161	773	389	324	264	63	210	198	49	67	46	51	30	18	30	46	19	16	43	28	31	22	4	16	8	7	16
64	170	2	2	119	0	1953125	12	0.0	0	0.91	0	0	V0.2	0	0	233	267	236	269	219	275	230	294	226	271	227	272	255	256	251	225	260	235	282	212	258	202	299	205	303	185	265	281	268	240	264	219	325	265	275	352	164	401	182	381	370	113	353	457	354	443	826	471	1000	348	818	586	984	674	671	691	332	445	462	551	430	534	164	506	223	299	272	278	392	226	319	217	331	255	378	222	301	240	337	285	296	253	272	295	288
64	170	2	2	119	0	1953125	12	0.0	0	0.93	0	0	V0.2	0	0	233	267	236	269	219	275	230	294	226	271	227	272	255	256	251	225	260	235	282	212	258	202	299	205	303	185	265	281	268	240	264	219	325	265	275	352	164	401	182	381	370	113	353	457	354	443	826	471	1000	348	818	586	984	674	671	691	332	445	462	551	430	534	164	506	223	299	272	278	392	226	319	217	331	255	378	222	301	240	337	285	296	253	272	295	288
64	170	2	2	119	0	1953125	12	0.0	0	0.97	0	0	V0.2	0	0	255	249	256	258	276	258	262	256	275	265	270	247	270	253	283	235	262	244	265	260	248	236	295	211	313	204	279	230	315	246	254	254	337	233	285	239	337	253	451	57	535	415	317	411	182	307	343	233	546	345	928	478	760	900	695	914	221	619	566	999	379	656	71	575	235	413	221	438	289	348	245	349	335	306	296	295	325	291	330	259	313	280	328	255	311
64	170	2	2	119	0	1953125	12	0.0	0	0.97	0	0	V0.2	0	0	217	277	225	285	227	280	229	291	232	287	221	292	223	291	213	281	218	285	213	282	188	320	178	317	187	304	210	322	226	293	259	329	319	287	347	254	383	215	345	356	613	144	588	166	366	123	508	88	378	470	520	372	910	508	1000	225	556	162	906	831	912	575	394	428	220	362	290	379	230	335	267	410	200	348	225	387	213	361	197	349	238	342	213	324	229
64	170	2	2	119	0	1953125	12	0.0	0	0.98	0	0	V0.2	0	0	21	56	28	72	7	57	20	56	14	62	33	51	32	64	40	40	45	56	30	31	70	60	74	86	86	84	82	150	129	187	77	177	77	122	33	212	104	221	270	489	446	516	506	419	436	631	850	750	707	473	630	764	618	437	216	395	803	999	998	653	529	436	388	396	192	206	142	220	115	152	116	107	45	90	87	74	50	67	65	28	43	55	47	29	50
64	170	2	2	119	0	1953125	12	0.0	7600	2.32	0	0	V0.2	0	0	19	30	18	19	21	22	25	3	16	9	18	9	6	12	10	11	12	13	9	19	25	10	11	17	20	51	33	45	39	119	39	33	83	201	40	242	109	280	138	146	389	346	431	171	51	351	513	498	725	366	591	278	403	308	202	1000	913	483	349	721	763	443	185	213	279	192	190	159	64	30	95	61	58	28	13	42	48	18	29	5	11	6	11	12	7
64	170	2	2	119	0	1953125	12	0.0	7837	2.36	0	0	V0.2	0	0	26	17	22	19	14	23	19	1	17	11	22	1	11	3	16	2	13	13	11	19	14	33	30	23	24	9	57	40	51	97	49	19	124	87	169	237	107	255	212	274	348	249	654	558	189	484	791	421	485	557	952	232	494	873	760	589	1000	198	148	426	485	587	218	436	186	221	77	124	110	108	79	69	92	10	28	37	48	16	24	8	24	8	11	31	14
64	170	2	2	119	0	1953125	12	0.0	7837	2.36	0	0	V0.2	0	0	26	17	22	19	14	23	19	1	17	11	22	1	11	3	16	2	13	13	11	19	14	33	30	23	24	9	57	40	51	97	49	19	124	87	169	237	107	255	212	274	348	249	654	558	189	484	791	421	485	557	952	232	494	873	760	589	1000	198	148	426	485	587	218	436	186	221	77	124	110	108	79	69	92	10	28	37	48	16	24	8	24	8	11	31	14
64	170	2	2	119	0	1953125	12	0.0	0	0.96	0	0	V0.2	0	0	778	782	785	806	813	804	805	809	814	817	805	799	799	804	797	781	777	780	780	777	766	764	775	777	773	777	788	793	824	799	823	823	855	863	859	848	862	887	883	872	863	919	895	913	894	839	952	813	913	916	942	840	886	770	1000	706	892	885	852	875	848	860	899	829	898	877	891	905	895	903	916	914	916	913	910	917	914	909	900	902	891	895	885	877	881
64	170	2	2	119	0	1953125	12	0.0	6335	2.11	0	0	V0.2	0	0	16	19	13	17	15	17	21	7	17	12	18	13	12	9	14	6	6	8	16	10	24	13	22	37	44	6	53	50	34	61	34	60	33	69	28	176	53	207	134	78	216	167	428	151	240	140	123	241	155	155	149	512	359	558	677	1000	634	190	229	140	47	373	115	157	100	104	37	78	6	76	3	47	31	15	9	14	15	16	11	3	10	12	10	5	9
64	170	2	2	119	0	1953125	12	0.0	0	0.89	0	0	V0.2	0	0	757	757	762	764	773	784	790	787	779	779	772	781	780	774	764	751	750	755	752	753	741	739	739	740	758	762	763	753	756	779	789	798	808	839	838	817	872	878	882	849	860	811	871	908	851	858	858	848	846	843	995	758	1000	916	728	776	775	701	860	844	793	846	783	893	883	844	846	864	876	890	898	882	874	873	885	894	894	879	862	871	860	865	862	858	840
64	170	2	2	119	0	1953125	12	0.0	0	0.97	0	0	V0.2	0	0	165	208	167	211	170	208	175	213	172	216	164	219	163	216	160	214	160	215	155	209	151	229	132	238	141	221	170	206	182	197	176	252	122	296	172	306	273	260	357	280	520	154	521	102	267	193	350	125	378	283	362	587	955	676	1000	522	473	198	361	263	279	19	490	306	380	285	278	333	163	249	224	296	154	270	167	275	177	260	157	270	169	262	158	249	165
64	170	2	2	119	0	1953125	12	0.0	0	0.90	0	0	V0.2	0	0	34	42	63	8	43	15	47	31	37	55	17	35	32	57	19	45	43	46	12	66	69	15	45	26	93	25	84	87	57	129	101	186	97	104	92	113	86	225	271	262	224	309	158	350	634	1000	938	523	451	436	561	550	28	279	606	747	905	797	726	387	350	445	475	369	111	220	200	127	58	94	107	15	114	104	70	44	52	81	28	49	61	39	27	48	69
64	170	2	2	119	0	1953125	12	0.0	0	0.93	0	0	V0.2	0	0	27	31	49	1	31	11	42	11	37	30	26	19	38	39	26	34	45	42	26	52	32	44	10	76	55	59	67	55	75	60	43	81	45	37	41	95	33	50	66	72	84	223	130	113	161	240	279	211	430	418	272	265	515	827	1000	835	550	518	378	381	335	267	231	143	245	228	192	129	71	137	70	65	29	60	25	51	59	40	37	43	62	24	41	51	53
64	170	2	2	119	0	1953125	12	0.0	7930	2.38	0	0	V0.2	0	0	28	20	29	31	33	17	21	25	32	12	15	21	26	5	1	21	20	4	8	29	21	5	18	50	68	37	33	108	79	101	111	220	176	308	160	384	198	383	156	162	642	609	317	320	206	81	319	384	458	216	220	348	773	778	119	709	1000	804	147	397	881	483	497	273	178	213	91	123	72	166	33	79	19	56	58	4	14	56	40	12	19	23	4	10	29
64	170	2	2	119	0	1953125	12	0.0	6680	2.17	0	0	V0.2	0	0	18	108	84	38	116	58	58	97	22	90	81	46	85	38	68	58	65	114	56	118	117	34	129	72	86	137	13	173	175	108	262	227	132	246	157	47	73	186	430	481	560	774	775	717	835	786	571	586	521	455	697	741	859	994	999	917	996	834	614	613	429	226	322	202	238	341	215	219	242	80	123	105	70	175	115	106	145	66	93	105	65	115	99	76	79
64	170	2	2	119	0	1953125	12	0.0	0	0.88	0	0	V0.2	0	0	315	297	294	252	235	213	219	210	213	173	118	89	75	85	101	89	87	103	134	205	227	248	256	276	298	323	333	412	398	376	456	415	408	441	496	631	496	450	415	645	500	562	369	532	566	572	573	520	225	536	624	988	331	740	885	811	671	606	264	1000	132	524	302	135	410	457	329	338	299	323	295	252	267	256	247	256	220	186	175	154	160	135	124	98	90
64	170	2	2	119	0	1953125	12	0.0	5659	1.99	0	0	V0.2	0	0	19	19	17	16	19	26	11	15	13	17	22	18	10	19	16	10	2	18	11	5	5	32	17	10	27	25	69	59	18	60	38	91	68	37	195	136	112	202	86	111	43	190	199	203	246	371	277	490	680	475	120	234	151	517	547	1000	436	201	234	114	329	267	242	117	88	169	40	154	18	83	33	43	35	21	4	5	15	19	10	9	12	19	6	1	9
64	170	2	2	119	0	1953125	12	0.0	0	0.88	0	0	V0.2	0	0	720	723	727	735	746	749	755	753	749	744	743	747	749	745	734	723	721	716	719	721	725	707	705	712	711	736	730	736	765	724	742	751	808	843	786	796	727	846	865	900	788	825	840	872	838	718	880	869	772	801	999	706	927	798	879	976	458	772	893	723	800	847	728	715	829	845	826	819	820	815	833	848	845	851	841	826	833	838	842	838	826	815	807	807	807
64	170	2	2	119	0	1953125	12	0.0	0	0.90	0	0	V0.2	0	0	15	44	21	46	43	33	63	15	32	22	56	29	32	47	43	24	49	68	27	52	38	80	36	67	73	40	54	80	139	60	148	153	80	145	138	279	203	338	476	381	254	179	60	310	83	198	490	690	535	263	345	509	582	834	843	792	703	844	1000	825	400	371	425	263	187	195	272	321	145	136	147	85	39	97	149	53	54	67	60	25	57	86	31	38	54
64	170	2	2	119	0	1953125	12	0.0	7988	2.39	0	0	V0.2	0	0	16	38	40	23	24	37	31	16	8	27	38	11	11	26	27	3	16	25	17	12	23	46	50	12	66	30	50	71	70	130	44	87	116	142	70	229	225	306	210	85	334	589	397	1000	702	963	164	516	851	420	347	421	546	395	591	713	959	280	716	322	419	260	365	140	277	54	74	247	179	73	73	72	62	30	18	46	85	43	31	37	39	24	19	25	28
64	170	2	2	119	0	1953125	12	0.0	0	0.96	0	0	V0.2	0	0	803	801	804	823	833	834	830	830	837	843	837	825	821	829	821	816	801	795	802	804	796	789	792	803	807	799	808	814	836	849	838	856	859	890	886	898	894	878	944	969	855	894	998	916	916	969	910	834	913	1000	756	866	948	870	831	827	916	923	867	922	854	962	883	902	901	930	941	921	920	946	951	945	943	938	952	954	947	932	937	941	926	930	909	906	917
64	170	2	2	119	0	1953125	12	0.0	0	0.83	0	0	V0.2	0	0	6	32	12	27	40	9	27	24	11	24	11	21	15	20	27	17	23	16	31	17	32	61	28	27	44	36	73	32	78	52	51	174	164	100	109	93	69	164	111	290	315	63	211	408	301	361	408	542	735	406	274	592	955	1000	731	223	398	418	211	397	296	240	161	226	157	126	88	88	58	98	66	51	103	69	24	68	46	43	45	33	57	31	24	49	32
64	170	2	2	119	0	1953125	12	0.0	0	0.81	0	0	V0.2	0	0	10	30	12	30	39	4	36	36	2	35	34	15	18	28	35	16	24	41	19	24	25	26	30	11	54	55	7	78	64	43	114	145	91	62	76	145	18	137	19	218	182	106	235	263	192	279	153	453	720	492	678	967	999	997	657	231	296	136	242	110	258	293	176	232	97	55	118	122	72	47	90	79	3	87	91	32	48	44	33	37	16	39	43	9	29
64	170	2	2	119	0	1953125	12	0.0	0	0.96	0	0	V0.2	0	0	798	802	805	823	831	831	824	826	837	838	832	825	812	828	827	811	795	799	806	798	789	782	792	801	809	794	798	816	837	843	840	839	866	886	895	883	884	967	897	876	891	945	931	956	910	873	929	984	806	900	817	902	843	884	1000	845	975	863	806	978	928	817	885	916	917	892	914	926	933	928	932	939	941	941	938	941	943	930	927	933	916	916	907	903	900
64	170	2	2	119	0	1953125	12	0.0	0	0.96	0	0	V0.2	0	0	798	802	805	823	831	831	824	826	837	838	832	825	812	828	827	811	795	799	806	798	789	782	792	801	809	794	798	816	837	843	840	839	866	886	895	883	884	967	897	876	891	945	931	956	910	873	929	984	806	900	817	902	843	884	1000	845	975	863	806	978	928	817	885	916	917	892	914	926	933	928	932	939	941	941	938	941	943	930	927	933	916	916	907	903	900
64	170	2	2	119	0	1953125	12	0.0	0	0.96	0	0	V0.2	0	0	133	139	142	133	138	141	143	142	136	141	138	147	136	138	131	147	130	144	119	146	122	153	115	149	121	157	109	161	121	158	94	205	116	180	94	228	83	275	135	316	261	170	214	237	195	283	189	319	335	311	751	685	1000	642	116	65	506	300	160	109	348	220	149	75	222	185	142	165	146	184	146	200	116	191	128	189	138	178	131	177	139	184	123	172	136
64	170	2	2	119	0	1953125	12	0.0	0	0.61	0	0	V0.2	0	0	29	26	9	16	31	31	12	18	37	34	10	21	46	47	19	21	47	55	26	21	55	58	30	32	73	107	65	35	100	140	153	101	197	182	166	231	220	237	346	272	151	193	505	628	336	204	366	487	260	195	182	607	608	632	748	864	1000	722	377	220	55	165	47	322	283	119	154	10	135	136	112	25	92	132	115	39	58	101	90	44	50	88	85	47	38
64	170	2	2	119	0	1953125	12	0.0	0	0.84	0	0	V0.2	0	0	46	30	25	49	16	25	25	20	38	11	28	26	13	28	22	24	10	46	42	18	40	14	30	18	31	72	84	85	70	77	128	133	96	63	239	346	230	30	126	295	370	357	357	754	801	444	279	415	441	501	823	807	541	93	633	1000	967	396	736	626	425	197	161	366	354	281	146	181	198	89	34	96	56	42	48	61	54	19	73	61	4	47	41	18	22
64	170	2	2	119	0	1953125	12	0.0	0	0.82	0	0	V0.2	0	0	190	182	175	204	182	206	198	178	206	171	195	196	174	216	180	189	201	158	202	162	170	213	174	210	176	163	231	127	212	162	219	307	148	207	266	154	230	162	270	305	169	211	176	336	561	223	315	584	312	463	508	483	1000	809	697	672	439	308	491	316	368	49	257	207	302	300	170	229	252	137	249	209	206	285	191	245	224	183	244	174	231	239	188	245	193
64	170	1	2	119	0	1953125	12	0.0	0	0.61	0	0	V0.2	0	0	30	18	8	29	38	21	7	35	45	30	4	37	55	41	4	34	60	52	20	43	61	63	31	55	81	90	63	48	115	114	70	82	208	206	151	155	132	92	278	286	408	293	370	638	317	269	357	356	126	235	719	974	897	759	773	1000	988	482	471	580	457	32	95	362	415	285	220	86	164	193	164	57	102	172	165	71	37	107	121	71	20	91	112	75	6
64	170	1	2	119	0	1953125	12	0.0	0	0.60	0	0	V0.2	0	0	24	14	9	22	27	18	11	23	30	24	6	22	34	30	11	21	34	35	15	21	39	30	11	25	49	71	39	22	89	103	69	34	97	157	173	143	57	120	334	308	63	101	302	314	229	323	455	346	376	620	609	447	289	440	233	464	765	1000	683	261	307	314	291	234	127	56	180	140	94	20	102	106	91	53	66	85	75	41	49	78	78	52	38	60	67
64	170	1	2	119	0	1953125	12	0.0	0	0.96	0	0	V0.2	0	0	27	30	17	45	37	29	39	35	45	27	52	34	41	33	51	31	35	46	61	41	56	36	59	43	104	57	98	31	103	43	73	52	90	48	138	219	283	337	223	247	205	327	324	506	431	278	178	118	293	561	789	877	1000	607	374	529	481	580	352	336	133	76	92	121	74	171	176	144	109	69	119	62	74	44	97	54	72	58	55	35	53	62	42	47	54
64	170	2	2	119	0	1953125	12	0.0	0	0.97	0	0	V0.2	0	0	214	243	207	245	227	257	209	253	215	266	213	257	195	271	206	262	189	248	202	278	165	268	166	300	169	286	152	292	200	329	122	361	296	284	247	275	295	368	441	212	398	428	537	360	570	205	221	454	695	559	1000	516	866	588	433	368	565	115	628	284	264	220	617	202	556	346	325	379	206	340	227	287	242	309	226	325	198	301	239	304	200	306	213	300	213
64	170	2	2	119	0	1953125	12	0.0	0	0.98	0	0	V0.2	0	0	211	226	222	231	216	233	222	241	222	231	220	241	220	232	210	236	213	239	193	239	203	244	189	256	179	267	232	215	213	275	243	262	306	237	307	259	411	177	464	225	191	405	512	289	492	243	581	474	1000	385	624	238	444	296	312	171	639	206	456	327	430	135	542	226	368	262	327	223	308	295	256	279	249	286	248	284	242	258	261	280	233	252	255	261	246
64	170	2	2	119	0	1953125	12	0.0	0	0.97	0	0	V0.2	0	0	45	10	45	14	38	17	34	19	26	9	34	18	28	18	29	7	25	12	38	7	29	8	43	6	52	17	64	39	109	42	99	79	114	121	124	186	183	252	175	216	182	216	186	168	205	212	407	567	519	268	110	449	726	946	1000	788	531	363	65	66	324	409	366	325	172	176	112	139	61	76	62	95	62	52	55	47	48	54	68	38	47	29	40	20	32
64	170	2	2	119	0	1953125	12	0.0	0	0.96	0	0	V0.2	0	0	43	44	63	14	47	26	63	7	55	27	54	15	57	34	44	44	76	45	58	39	80	27	77	16	64	41	114	41	109	42	187	151	232	245	289	361	250	329	247	349	285	396	258	273	253	450	508	571	616	286	175	453	469	883	1000	836	463	238	302	342	496	599	414	307	199	326	260	249	203	161	154	123	176	114	111	44	108	67	82	70	86	58	48	63	60
64	170	2	2	119	0	1953125	12	0.0	0	0.96	0	0	V0.2	0	0	43	38	63	18	52	21	59	8	58	22	38	19	56	28	39	46	69	29	58	48	76	18	80	28	67	46	132	47	106	57	78	81	65	98	135	240	112	229	195	324	257	182	58	349	370	515	416	202	212	284	419	358	646	367	446	313	625	1000	939	770	646	653	457	440	340	305	237	160	168	73	98	103	153	47	99	87	140	64	108	82	87	47	74	72	58
64	170	2	2	119	0	1953125	12	0.0	0	0.88	0	0	V0.2	0	0	19	34	38	5	21	7	30	14	27	36	9	18	25	33	9	28	31	19	10	37	54	11	52	52	35	38	18	83	17	93	97	66	101	84	179	208	82	128	45	123	176	204	182	47	57	133	199	81	43	238	235	253	746	1000	872	768	761	646	292	72	193	119	69	56	95	149	92	78	76	123	113	61	124	94	50	55	52	69	26	49	62	28	38	46	51
64	170	2	2	119	0	1953125	12	0.0	0	0.89	0	0	V0.2	0	0	202	200	176	219	187	234	199	209	193	192	218	199	235	179	209	173	208	213	198	216	161	216	147	250	204	195	242	135	227	167	316	164	248	261	140	398	124	340	112	384	311	281	533	121	324	81	322	121	473	727	379	836	874	889	1000	219	430	207	352	192	520	217	219	179	232	360	252	214	238	147	337	199	295	221	220	207	226	278	211	275	186	225	212	232	252
64	170	2	2	119	0	1953125	12	0.0	0	0.96	0	0	V0.2	0	0	218	203	222	219	229	209	222	222	233	223	215	219	222	232	210	215	208	232	207	221	187	243	190	245	182	245	180	314	121	273	241	206	229	301	112	326	309	159	207	490	165	527	348	412	312	486	527	248	474	224	420	568	1000	726	995	501	135	383	424	215	538	223	424	399	183	212	296	217	310	252	245	258	251	282	237	253	238	290	221	277	207	274	227	273	196
64	170	1	2	119	0	1953125	12	0.0	0	0.95	0	0	V0.2	0	0	170	205	169	191	181	199	194	189	184	185	204	184	202	160	205	166	220	152	201	142	221	166	200	141	218	141	254	151	197	158	256	205	207	247	116	304	220	164	156	336	165	266	330	231	94	468	316	429	343	491	485	436	850	604	1000	415	284	169	557	163	607	343	396	397	125	292	141	246	165	303	150	249	153	272	199	242	171	234	199	239	206	200	205	212	223
64	170	1	2	119	0	1953125	12	0.0	0	0.88	0	0	V0.2	0	0	158	175	160	191	154	177	154	172	182	163	200	144	183	148	168	185	153	201	129	176	140	173	193	133	224	104	197	145	166	198	159	264	50	261	203	204	344	90	241	213	162	174	170	405	63	329	352	315	362	254	537	243	399	458	753	1000	580	503	377	232	411	289	151	92	243	104	310	277	101	244	130	216	226	175	273	135	213	164	193	222	172	235	145	202	158
64	170	1	2	119	0	1953125	12	0.0	0	0.97	0	0	V0.2	0	0	206	206	201	207	211	220	205	208	210	218	212	210	199	220	203	217	190	205	204	216	186	212	193	220	196	233	180	238	189	250	175	291	131	382	75	329	109	406	139	469	429	205	288	368	420	175	359	475	242	576	428	456	452	903	726	734	999	463	705	250	444	338	159	187	445	100	331	168	316	166	318	189	283	221	277	231	237	226	266	227	240	219	247	238	230
64	170	1	2	119	0	1953125	12	0.0	0	0.97	0	0	V0.2	0	0	206	206	201	207	211	220	205	208	210	218	212	210	199	220	203	217	190	205	204	216	186	212	193	220	196	233	180	238	189	250	175	291	131	382	75	329	109	406	139	469	429	205	288	368	420	175	359	475	242	576	428	456	452	903	726	734	999	463	705	250	444	338	159	187	445	100	331	168	316	166	318	189	283	221	277	231	237	226	266	227	240	219	247	238	230
64	170	1	2	119	0	1953125	12	0.0	0	0.88	0	0	V0.2	0	0	53	60	15	36	9	53	40	36	64	21	27	30	53	27	44	67	47	38	57	102	46	61	77	61	81	61	135	101	113	230	145	171	119	251	259	123	257	259	336	418	419	613	398	603	514	447	440	357	524	806	702	654	1000	769	333	58	707	397	130	219	534	561	422	63	118	133	81	0	141	188	49	116	116	39	42	60	104	55	38	92	47	24	39	58	41
64	170	2	2	119	0	1953125	12	0.0	0	0.89	0	0	V0.2	0	0	227	217	231	200	248	217	254	233	222	228	207	253	221	254	209	216	216	211	256	203	243	194	220	200	244	234	238	214	199	223	251	270	185	289	175	295	355	125	361	294	231	244	206	387	207	328	483	213	530	301	631	196	439	556	1000	959	266	509	313	521	291	395	436	56	419	226	348	414	148	268	190	320	261	288	299	198	279	209	316	252	277	251	219	262	229
64	170	2	2	119	0	1953125	12	0.0	0	0.89	0	0	V0.2	0	0	31	23	39	13	53	28	27	34	15	28	8	42	24	16	22	39	23	32	43	27	39	10	52	24	65	68	34	95	43	129	96	48	40	49	138	47	129	160	124	261	248	346	277	344	412	362	449	347	390	208	120	544	563	275	232	409	818	1000	448	429	407	202	112	316	311	203	112	143	152	169	50	98	114	38	61	64	80	41	47	80	37	25	46	54	30
64	170	2	2	119	0	1953125	12	0.0	0	0.98	0	0	V0.2	0	0	216	197	230	203	234	194	232	213	231	202	229	205	238	198	223	200	232	194	222	193	213	224	201	210	217	209	239	202	247	208	257	227	161	308	221	326	360	283	430	159	501	101	380	250	308	120	456	257	139	382	650	435	1000	514	690	305	475	531	822	242	629	88	442	149	388	230	281	220	303	192	286	212	293	206	286	207	277	226	269	210	264	226	259	213	256
64	170	2	2	119	0	1953125	12	0.0	0	0.98	0	0	V0.2	0	0	216	197	230	203	234	194	232	213	231	202	229	205	238	198	223	200	232	194	222	193	213	224	201	210	217	209	239	202	247	208	257	227	161	308	221	326	360	283	430	159	501	101	380	250	308	120	456	257	139	382	650	435	1000	514	690	305	475	531	822	242	629	88	442	149	388	230	281	220	303	192	286	212	293	206	286	207	277	226	269	210	264	226	259	213	256
64	170	2	2	119	0	1953125	12	0.0	7536	2.31	0	0	V0.2	0	0	15	17	20	21	18	14	15	14	15	11	14	10	8	2	13	7	5	12	8	8	8	18	21	28	9	1	24	65	36	67	45	111	6	76	101	149	62	115	166	142	314	250	79	292	184	181	200	177	77	216	369	133	496	485	1000	798	617	811	383	221	235	30	23	85	76	119	33	44	67	44	28	18	25	23	32	27	22	12	12	1	15	5	7	6	3
64	170	2	2	119	0	1953125	12	0.0	0	0.89	0	0	V0.2	0	0	158	196	157	182	160	172	186	176	198	152	187	148	193	179	176	182	143	182	148	199	154	191	151	159	180	160	229	124	223	91	234	224	123	253	113	284	86	340	325	220	472	20	287	165	229	146	268	222	87	360	90	356	438	204	363	348	1000	686	860	412	604	504	87	156	147	237	228	212	277	75	256	136	282	199	206	203	161	223	181	245	171	204	165	194	207
64	170	2	2	119	0	1953125	12	0.0	0	0.89	0	0	V0.2	0	0	158	196	157	182	160	172	186	176	198	152	187	148	193	179	176	182	143	182	148	199	154	191	151	159	180	160	229	124	223	91	234	224	123	253	113	284	86	340	325	220	472	20	287	165	229	146	268	222	87	360	90	356	438	204	363	348	1000	686	860	412	604	504	87	156	147	237	228	212	277	75	256	136	282	199	206	203	161	223	181	245	171	204	165	194	207
64	170	2	2	119	0	1953125	12	0.0	0	0.98	0	0	V0.2	0	0	176	194	182	187	183	195	189	197	181	193	192	194	182	190	179	198	179	185	177	190	182	188	172	189	191	182	174	206	180	215	198	214	213	191	254	227	129	318	316	251	452	219	437	131	361	129	553	84	322	68	432	180	427	67	292	304	601	562	1000	446	390	166	413	158	395	266	243	255	194	228	234	214	219	217	223	233	200	217	218	224	196	214	204	219	201
64	170	2	2	119	0	1953125	12	0.0	7827	2.36	0	0	V0.2	0	0	39	47	28	22	41	32	34	4	31	42	30	11	33	33	22	19	36	42	17	17	33	68	30	22	73	56	67	76	23	106	82	62	154	217	126	211	120	176	420	373	487	496	220	299	248	224	375	139	252	270	618	532	687	524	1000	399	190	618	717	565	549	188	266	253	216	218	131	107	147	73	43	38	35	34	29	26	41	18	12	27	29	39	14	18	22
64	170	2	2	119	0	1953125	12	0.0	0	0.79	0	0	V0.2	0	0	714	722	724	729	742	749	753	758	759	757	753	747	735	732	728	721	723	726	724	720	719	718	718	709	708	711	716	723	758	768	764	774	784	776	772	806	819	747	836	861	863	820	738	818	936	875	809	844	807	795	852	716	639	1000	773	860	668	749	812	832	767	855	857	796	848	817	825	817	828	833	839	845	859	855	855	846	850	840	837	825	831	823	815	817	819
64	170	2	2	119	0	1953125	12	0.0	7002	2.22	0	0	V0.2	0	0	8	16	20	22	20	2	18	16	20	9	10	11	15	7	8	5	9	18	9	10	13	9	26	22	20	18	33	49	44	18	47	149	143	160	50	180	84	147	35	233	273	377	348	309	426	372	437	275	481	845	581	474	278	1000	973	566	873	329	508	587	773	99	101	179	142	155	181	62	157	28	58	39	32	33	44	0	57	20	10	5	18	15	6	3	9
64	170	2	2	119	0	1953125	12	0.0	0	0.80	0	0	V0.2	0	0	167	170	167	163	147	138	128	110	100	75	68	51	52	44	31	31	30	58	69	84	113	139	151	148	185	179	198	221	255	260	245	250	260	313	352	276	351	362	209	181	395	354	277	380	709	406	106	380	300	359	70	191	193	1000	566	575	366	201	421	387	356	146	356	198	244	221	228	182	181	175	131	145	135	109	113	111	119	107	116	113	114	96	83	81	79
64	170	2	2	119	0	1953125	12	0.0	0	0.87	0	0	V0.2	0	0	24	7	12	20	37	22	36	35	7	10	21	38	16	22	30	19	1	37	42	8	42	39	33	24	30	65	35	60	44	63	74	91	147	105	99	171	154	157	89	145	99	201	137	110	290	248	246	106	82	403	638	769	618	750	1000	915	420	205	451	512	469	250	110	256	135	55	114	96	57	39	106	88	10	84	87	76	40	55	82	30	38	61	37	18	39
64	170	1	2	119	0	1953125	12	0.0	0	0.87	0	0	V0.2	0	0	184	193	221	198	223	182	192	200	194	236	201	219	180	192	190	193	237	181	227	162	181	201	191	237	181	216	175	182	193	221	297	154	247	183	155	302	252	226	267	244	399	205	269	296	532	146	425	456	258	813	497	613	899	686	1000	275	706	279	356	262	519	490	300	137	242	81	377	182	333	228	216	244	149	308	214	275	243	191	246	161	280	218	246	244	173
64	170	1	2	119	0	1953125	12	0.0	0	0.87	0	0	V0.2	0	0	184	193	221	198	223	182	192	200	194	236	201	219	180	192	190	193	237	181	227	162	181	201	191	237	181	216	175	182	193	221	297	154	247	183	155	302	252	226	267	244	399	205	269	296	532	146	425	456	258	813	497	613	899	686	1000	275	706	279	356	262	519	490	300	137	242	81	377	182	333	228	216	244	149	308	214	275	243	191	246	161	280	218	246	244	173
64	170	1	2	119	0	1953125	12	0.0	0	0.97	0	0	V0.2	0	0	260	267	243	269	266	282	252	277	251	295	256	275	241	290	246	297	210	297	223	304	211	294	202	328	206	307	193	372	133	421	125	437	87	523	266	439	243	482	431	329	384	481	85	803	487	611	745	584	720	55	18	512	999	520	779	257	810	664	974	170	539	196	418	79	565	215	407	248	372	290	331	260	352	301	332	306	286	328	299	328	259	307	293	321	259
64	170	1	2	119	0	1953125	12	0.0	0	0.96	0	0	V0.2	0	0	18	65	45	43	43	55	55	37	62	37	44	51	77	46	49	65	70	34	57	82	86	42	97	70	101	72	186	116	169	93	122	97	152	126	119	163	197	300	222	276	200	324	157	341	497	598	576	339	169	178	477	594	1000	904	537	550	906	880	833	724	648	545	238	140	205	276	177	153	197	125	116	94	153	64	117	107	143	81	101	100	75	55	74	86	56
64	170	1	2	119	0	1953125	12	0.0	0	0.99	0	0	V0.2	0	0	248	211	252	213	263	214	257	221	259	220	258	214	258	222	246	220	241	217	251	215	231	227	251	215	229	243	234	249	261	243	292	246	259	281	262	271	372	264	386	297	662	181	480	441	776	373	855	399	878	300	321	196	1000	756	468	687	748	312	526	340	145	273	385	92	460	186	345	265	276	253	297	235	307	228	319	239	277	252	305	239	278	236	300	242	273
64	170	1	2	119	0	1953125	12	0.0	0	0.99	0	0	V0.2	0	0	248	211	252	213	263	214	257	221	259	220	258	214	258	222	246	220	241	217	251	215	231	227	251	215	229	243	234	249	261	243	292	246	259	281	262	271	372	264	386	297	662	181	480	441	776	373	855	399	878	300	321	196	1000	756	468	687	748	312	526	340	145	273	385	92	460	186	345	265	276	253	297	235	307	228	319	239	277	252	305	239	278	236	300	242	273
64	170	1	2	119	0	1953125	12	0.0	0	0.98	0	0	V0.2	0	0	188	233	194	229	196	230	200	240	193	233	199	237	199	223	191	234	193	224	181	232	178	245	162	246	180	241	175	254	187	253	190	311	117	323	197	345	130	397	266	345	396	336	544	208	289	314	604	164	364	379	410	574	1000	424	280	807	921	733	945	328	612	82	583	127	531	191	355	172	319	190	327	173	311	206	315	201	280	218	287	225	257	213	271	229	248
64	170	1	2	119	0	1953125	12	0.0	0	0.96	0	0	V0.2	0	0	251	252	232	248	254	268	242	253	243	271	252	260	222	274	234	282	206	261	222	291	201	268	200	289	211	314	139	356	171	348	220	296	206	375	240	328	248	376	178	478	321	349	288	616	708	350	640	164	251	325	425	206	929	404	677	97	637	376	1000	574	773	576	143	263	311	318	250	308	251	322	268	368	184	345	235	375	192	334	218	346	237	312	212	326	242
64	170	1	2	119	0	1953125	12	0.0	0	0.97	0	0	V0.2	0	0	54	4	57	18	53	9	44	5	54	23	30	14	46	11	39	31	50	7	51	26	56	12	68	7	76	65	161	84	127	96	116	112	141	132	126	184	145	127	136	272	397	518	396	456	366	389	264	216	267	467	787	898	1000	747	593	428	835	598	754	604	646	523	240	185	151	222	68	157	135	153	60	112	86	61	47	91	94	26	43	47	50	19	56	42	21
64	170	2	2	119	0	1953125	12	0.0	0	0.96	0	0	V0.2	0	0	25	53	48	32	44	34	49	26	59	28	41	38	70	33	36	48	64	23	52	62	82	20	91	62	117	46	137	79	36	14	132	117	140	192	137	218	56	98	99	276	296	410	376	388	382	284	224	379	612	655	687	524	611	433	198	547	1000	977	840	759	775	614	520	164	96	210	166	128	173	84	103	87	157	58	96	98	135	85	54	71	50	37	58	77	37
64	170	2	2	119	0	1953125	12	0.0	0	0.96	0	0	V0.2	0	0	175	193	163	195	180	203	168	198	172	210	174	194	166	207	168	208	145	204	164	205	155	193	154	212	157	208	134	255	122	241	153	247	138	245	178	242	100	376	161	443	338	244	260	319	404	386	604	123	339	217	218	327	558	114	130	475	495	530	1000	376	662	253	214	122	390	154	307	212	257	220	225	206	227	244	204	230	183	246	197	227	181	225	194	235	170
64	170	1	2	119	0	1953125	12	0.0	0	0.97	0	0	V0.2	0	0	175	193	163	195	180	203	168	198	172	210	174	194	166	207	168	208	145	204	164	205	155	193	154	212	157	208	134	255	122	241	153	247	138	245	178	242	100	376	161	443	338	244	260	319	404	386	604	123	339	217	218	327	558	114	130	475	495	530	1000	376	662	253	214	122	390	154	307	212	257	220	225	206	227	244	204	230	183	246	197	227	181	225	194	235	170
64	170	1	2	119	0	1953125	12	0.0	7796	2.36	0	0	V0.2	0	0	19	20	35	30	23	17	23	23	29	18	21	20	16	9	28	14	15	22	18	21	26	22	33	56	41	30	118	42	36	48	66	101	38	62	101	179	91	47	178	230	354	335	52	387	640	358	750	573	339	547	622	222	304	348	598	197	1000	555	611	247	426	147	189	53	54	41	29	43	6	65	54	56	30	42	21	10	38	14	20	12	5	20	16	17	5
64	170	1	2	119	0	1953125	12	0.0	0	1.01	0	0	V0.2	0	0	71	21	79	25	63	3	80	17	54	22	72	29	58	52	58	39	38	83	45	75	34	99	26	129	60	105	41	161	138	232	125	276	178	314	295	384	233	329	338	582	504	711	697	888	744	329	109	639	832	899	939	702	580	895	990	1000	694	309	556	671	499	516	462	267	202	103	175	95	131	122	172	91	104	115	158	91	102	69	92	49	70	76	72	46	65
64	170	1	2	119	0	1953125	12	0.0	0	0.88	0	0	V0.2	0	0	224	201	219	210	232	234	221	232	205	225	214	237	228	227	218	194	226	200	246	215	216	198	205	225	195	293	162	252	234	179	319	180	309	178	234	240	187	417	106	428	334	309	452	326	777	269	507	499	147	471	453	207	506	138	189	628	1000	312	323	324	487	539	266	254	170	220	302	259	366	212	238	193	269	291	255	311	201	247	218	258	284	254	264	203	236
64	170	1	2	119	0	1953125	12	0.0	7947	2.38	0	0	V0.2	0	0	26	16	31	25	21	20	19	16	19	19	19	10	16	8	9	12	16	30	22	9	19	25	17	49	31	54	80	79	92	123	25	121	135	176	126	193	115	229	162	629	162	680	253	713	797	566	239	362	583	454	863	457	694	670	823	325	302	591	787	560	1000	399	177	169	13	168	47	126	32	156	39	38	57	45	60	20	67	22	16	17	22	17	21	15	23
64	170	2	2	119	0	1953125	12	0.0	0	0.98	0	0	V0.2	0	0	414	392	330	319	344	349	303	248	213	236	206	154	104	137	166	142	133	194	247	254	258	289	356	416	391	396	455	509	506	517	526	510	583	654	530	301	729	652	535	485	467	492	481	537	593	459	404	547	473	380	999	385	168	1000	362	787	502	520	639	612	370	313	539	423	388	402	379	382	470	394	296	321	360	335	308	247	242	253	231	177	107	128	132	115	72
64	170	2	2	119	0	1953125	12	0.0	7375	2.29	0	0	V0.2	0	0	24	19	40	39	22	18	27	33	23	17	21	36	12	15	18	26	11	39	31	38	11	10	60	48	9	52	14	143	42	50	4	135	154	87	256	253	254	308	374	693	572	564	194	562	300	279	318	462	105	686	945	455	354	514	999	263	817	686	948	477	421	49	120	88	132	165	130	59	64	150	64	52	22	40	53	20	28	33	29	26	6	18	34	17	24
64	170	2	2	119	0	1953125	12	0.0	7431	2.29	0	0	V0.2	0	0	5	98	1	83	13	65	22	57	29	40	32	28	27	3	29	17	15	43	2	76	35	114	48	150	35	86	72	98	158	222	266	301	33	71	356	328	206	225	552	620	498	415	362	394	260	538	1000	998	717	262	590	957	863	703	218	105	241	188	290	360	298	236	75	99	226	157	103	36	132	74	176	74	109	40	129	42	80	53	112	50	63	53	69	37	53
64	170	2	2	119	0	1953125	12	0.0	0	0.97	0	0	V0.2	0	0	756	755	759	771	780	785	781	783	783	789	787	775	771	776	775	764	751	750	752	749	750	739	743	759	747	759	760	762	798	775	826	781	794	802	848	837	819	880	913	813	878	850	950	787	878	843	878	862	794	866	857	758	841	795	801	921	1000	746	817	890	849	888	828	820	881	885	869	864	871	900	889	893	882	892	892	893	889	877	886	883	876	866	857	860	859
64	170	2	2	119	0	1953125	12	0.0	7581	2.32	0	0	V0.2	0	0	18	30	25	31	24	27	23	23	23	23	20	28	16	16	24	14	18	13	28	11	21	25	35	53	11	43	67	83	24	67	75	98	164	93	87	183	50	146	155	257	180	214	130	271	217	225	245	213	336	498	422	719	625	937	957	531	1000	35	784	422	492	193	39	89	110	162	70	87	19	40	26	41	34	18	18	26	12	16	14	22	4	6	21	9	18
64	170	2	2	119	0	1953125	12	0.0	0	0.98	0	0	V0.2	0	0	419	391	357	378	388	342	297	269	260	252	216	148	146	165	137	137	163	214	252	246	271	361	380	424	367	440	544	491	525	520	578	555	673	562	611	684	673	377	694	480	524	581	497	604	817	540	57	627	691	528	341	999	476	322	948	319	552	664	768	679	414	566	447	578	439	386	534	431	450	433	339	422	406	319	298	271	296	254	209	157	170	179	126	74	40
64	170	2	2	119	0	1953125	12	0.0	0	0.76	0	0	V0.2	0	0	137	130	144	137	133	145	137	136	147	132	130	144	130	136	147	127	138	145	128	138	141	122	136	133	120	143	142	114	146	112	150	187	117	200	162	134	137	122	128	192	278	130	143	201	152	199	274	172	199	292	262	52	234	132	475	1000	777	254	299	160	424	227	225	99	201	151	137	204	115	131	196	150	150	183	148	150	185	149	156	177	137	149	163	131	152
64	170	2	2	119	0	1953125	12	0.0	0	0.80	0	0	V0.2	0	0	35	12	23	30	5	20	22	5	17	7	19	22	4	16	18	13	12	15	24	8	21	43	12	41	51	21	31	26	44	102	63	30	106	108	44	106	102	106	97	157	64	173	211	228	246	271	316	75	130	365	461	292	43	125	708	999	914	355	353	523	437	121	126	119	55	76	39	78	88	19	45	54	33	44	42	31	50	33	26	41	25	27	41	18	21
64	170	2	2	119	0	1953125	12	0.0	7574	2.32	0	0	V0.2	0	0	17	19	27	27	17	16	21	19	17	14	16	24	5	14	20	14	2	26	22	9	23	15	40	40	7	48	56	52	40	100	52	100	47	141	137	300	232	143	164	211	120	212	225	338	318	234	223	103	28	101	393	97	353	708	913	1000	229	381	479	267	617	470	106	82	33	145	101	49	27	45	33	11	17	69	40	8	36	19	29	21	14	20	30	11	2
64	170	2	2	119	0	1953125	12	0.0	0	0.96	0	0	V0.2	0	0	824	824	834	841	854	854	850	854	866	859	857	847	842	847	846	828	818	825	827	815	808	812	819	815	828	814	831	839	865	848	867	863	916	889	884	908	916	923	937	946	966	923	928	952	947	987	869	1000	950	993	932	937	993	856	934	968	886	923	903	931	916	859	947	920	913	957	928	952	941	947	973	967	957	962	960	973	966	955	945	950	951	941	924	923	928
64	170	2	2	119	0	1953125	12	0.0	0	0.96	0	0	V0.2	0	0	156	148	158	161	167	155	155	166	160	173	150	160	154	176	149	165	136	177	144	175	119	185	126	189	127	167	128	211	112	195	129	212	96	298	102	324	214	231	198	269	289	237	252	293	341	268	466	163	548	233	366	60	494	542	1000	893	379	507	501	211	508	185	261	135	261	220	161	209	179	246	118	218	149	229	161	194	147	227	150	213	141	202	160	205	153
64	170	2	2	119	0	1953125	12	0.0	0	0.97	0	0	V0.2	0	0	38	38	41	53	35	37	24	37	33	41	15	23	28	30	20	17	42	25	42	24	65	34	69	57	68	24	136	134	133	155	35	107	109	212	280	463	363	404	243	360	311	322	170	215	525	682	663	545	251	52	554	965	1000	908	482	301	432	585	24	530	884	953	689	423	119	220	246	178	165	90	126	48	127	57	74	35	121	79	69	47	79	56	36	51	42
