34928	35048	35167	35286	35405	35524	35644	35763	35882	36001	36120	36240	36359	36478	36597	36716	36836	36955	37074	37193	37313	37432	37551	37670	37789	37909	38028	38147	38266	38385	38505	38624	38743	38862	38981	39101	39220	39339	39458	39577	39697	39816	39935	40054	40174	40293	40412	40531	40650	40770	40889	41008	41127	41246	41366	41485	41604	41723	41842	41962	42081	42200	42319	42439	42558	42677	42796	42915	43035	43154	43273	43392	43511	43631	43750	43869	43988	44107	44227	44346	44465	44584	44703	44823	44942
64	170	1	2	119	0	1953125	12	0.0	0	0.95	0	0	V0.2	0	0	52	19	49	17	53	12	45	12	43	21	43	34	38	29	40	31	50	39	76	66	73	80	82	113	46	123	65	148	46	114	60	145	143	202	265	139	234	150	204	183	269	199	459	554	455	310	85	314	503	685	746	805	744	499	330	397	911	999	701	480	74	223	147	136	87	248	177	152	85	115	128	72	108	56	101	21	76	41	46	26	56	49	37	49	42
64	170	1	2	119	0	1953125	12	0.0	0	0.95	0	0	V0.2	0	0	32	46	21	42	24	53	10	43	2	48	11	45	26	40	16	49	28	58	35	88	53	78	74	90	85	67	127	63	126	27	134	47	176	148	251	186	149	209	110	236	149	282	363	533	434	201	22	300	452	548	732	649	683	485	241	362	756	1000	625	424	128	177	186	61	89	164	205	83	105	50	119	58	87	73	56	59	33	60	12	47	24	49	27	45	37
64	170	1	2	119	0	1953125	12	0.0	0	0.95	0	0	V0.2	0	0	33	43	33	35	35	29	41	19	41	17	44	20	47	23	41	31	56	36	73	41	88	35	103	58	90	68	117	115	82	100	68	154	91	242	198	230	180	226	186	170	239	232	489	502	531	279	61	181	441	566	663	718	601	508	235	391	836	1000	720	395	93	164	204	104	106	181	145	162	44	137	71	111	61	94	74	53	73	36	54	28	67	29	54	41	52
64	170	1	2	119	0	1953125	12	0.0	0	0.95	0	0	V0.2	0	0	33	43	23	40	22	52	9	43	2	46	10	46	25	38	17	50	29	57	35	80	48	68	65	80	74	70	124	71	133	47	154	61	194	165	266	218	169	243	154	264	148	281	348	539	476	253	78	205	385	531	720	630	639	467	202	302	665	1000	567	384	114	104	159	25	42	149	185	79	111	54	113	62	81	72	48	57	32	60	14	48	28	51	30	45	40
64	170	1	2	119	0	1953125	12	0.0	0	0.95	0	0	V0.2	0	0	29	57	18	49	12	58	25	45	27	46	32	41	41	39	31	53	49	59	60	74	82	55	102	62	114	47	171	86	168	79	180	151	198	268	267	339	188	315	223	305	201	265	394	517	570	252	104	192	484	637	874	835	747	636	280	308	656	1000	621	314	98	42	152	37	115	138	207	122	110	110	91	109	56	104	28	72	28	65	28	52	45	49	52	41	51
64	170	1	2	119	0	1953125	12	0.0	0	0.96	0	0	V0.2	0	0	234	222	242	226	242	214	250	217	252	205	246	201	256	198	250	182	260	185	267	183	253	203	268	218	253	237	262	313	202	332	161	402	93	462	54	474	217	374	311	262	292	430	254	574	587	355	303	457	594	508	1000	480	907	523	236	142	548	656	295	364	350	278	284	321	299	425	111	384	203	367	209	328	231	322	255	300	249	294	261	292	261	270	277	259	280
64	170	1	2	119	0	1953125	12	0.0	0	0.95	0	0	V0.2	0	0	16	61	17	56	20	59	41	40	39	43	43	40	51	46	48	61	68	66	77	77	99	57	119	72	143	73	193	132	170	130	175	205	164	262	197	280	132	158	155	129	35	321	524	607	646	435	399	479	798	849	1000	926	798	639	226	195	439	719	448	109	139	280	311	158	247	219	243	162	125	144	111	130	69	119	46	95	53	93	49	72	69	65	66	52	57
64	170	1	2	119	0	1953125	12	0.0	0	0.95	0	0	V0.2	0	0	24	67	9	69	12	72	31	56	39	59	49	56	60	63	60	73	76	79	82	84	100	66	124	82	150	80	189	127	158	115	154	189	139	229	158	222	78	126	78	105	90	376	612	714	735	542	506	511	800	911	999	965	817	656	287	245	494	767	503	182	162	273	327	171	224	224	255	201	123	169	114	154	81	142	78	112	86	104	88	74	91	73	88	68	81
64	170	1	2	119	0	1953125	12	0.0	0	0.95	0	0	V0.2	0	0	256	213	271	204	270	203	272	213	265	207	259	219	253	231	230	245	214	269	187	286	168	299	152	328	141	337	152	342	233	292	266	270	353	232	399	168	338	237	343	189	379	204	827	494	835	559	539	483	672	886	714	1000	428	692	317	391	171	844	364	385	151	465	353	285	321	264	463	119	386	159	399	195	367	213	336	245	327	277	281	278	273	308	245	313	222
64	170	1	2	119	0	1953125	12	0.0	0	0.95	0	0	V0.2	0	0	38	68	20	64	13	77	14	61	24	62	29	63	52	67	47	83	65	83	65	107	88	91	117	117	151	92	206	112	192	88	208	174	200	206	192	221	48	150	97	219	177	514	700	968	961	714	594	470	705	853	1000	918	749	593	186	203	609	892	556	358	171	338	375	203	237	226	281	187	133	139	143	150	89	149	83	125	75	120	78	78	80	77	82	56	75
64	170	2	2	119	0	1953125	12	0.0	0	0.95	0	0	V0.2	0	0	18	72	18	68	27	70	51	48	45	54	55	50	66	62	64	72	84	76	85	88	119	71	144	98	177	80	215	140	192	132	193	213	171	238	170	244	37	190	138	292	230	515	744	961	1000	709	589	472	705	856	969	900	689	527	104	294	691	973	548	393	267	394	444	219	249	244	294	182	151	162	159	159	107	165	87	131	81	133	74	94	87	87	80	69	81
64	170	2	2	119	0	1953125	12	0.0	0	0.95	0	0	V0.2	0	0	22	74	13	69	22	73	44	50	41	57	50	52	64	63	61	76	82	80	80	92	115	71	140	104	180	81	219	138	200	133	200	215	177	233	178	253	28	150	87	262	203	503	716	971	1000	730	587	435	688	824	969	894	723	569	202	241	663	913	522	309	207	399	426	222	246	238	295	178	148	141	153	142	97	148	79	129	72	123	61	90	77	83	72	65	71
64	170	2	2	119	0	1953125	12	0.0	0	0.95	0	0	V0.2	0	0	15	70	14	70	22	72	47	51	43	56	53	52	64	64	61	77	84	79	85	93	115	72	137	105	179	91	222	155	218	144	205	225	196	246	199	279	96	165	90	256	180	434	666	949	1000	786	658	504	661	728	829	831	748	642	294	168	568	804	465	216	177	378	389	216	231	232	297	183	150	143	153	138	92	142	78	122	71	120	62	84	70	77	69	61	68
64	170	2	2	119	0	1953125	12	0.0	0	0.95	0	0	V0.2	0	0	54	50	64	32	69	27	80	14	67	29	70	38	75	58	79	62	106	70	111	76	129	79	140	125	151	162	167	256	152	232	146	283	214	279	267	273	274	121	263	229	259	255	731	878	1000	871	565	605	641	888	838	931	880	638	480	138	505	673	489	54	253	310	411	265	220	306	247	269	99	217	135	161	102	135	119	90	119	80	104	54	104	65	76	61	72
64	170	1	2	119	0	1953125	12	0.0	0	0.96	0	0	V0.2	0	0	271	239	281	246	280	236	279	248	276	245	265	245	268	252	255	247	249	271	238	291	201	304	214	338	171	360	141	440	128	415	157	437	267	430	330	356	428	240	481	157	419	318	661	456	1000	329	656	131	782	489	925	861	684	884	109	197	522	716	176	348	409	535	86	516	137	538	208	393	296	378	331	307	335	303	353	285	348	263	350	274	351	251	344	259	338
64	170	2	2	119	0	1953125	12	0.0	0	0.96	0	0	V0.2	0	0	267	234	276	241	279	229	275	243	274	241	261	239	261	253	248	242	245	265	235	286	202	297	213	328	181	343	150	421	123	415	128	454	227	466	346	383	467	237	565	127	500	226	574	278	789	74	446	74	744	401	1000	842	797	897	126	289	455	721	195	283	459	544	111	490	126	527	206	384	261	387	313	318	322	297	340	287	337	260	338	265	345	242	339	246	331
64	170	2	2	119	0	1953125	12	0.0	0	0.95	0	0	V0.2	0	0	18	61	25	54	32	57	54	36	50	44	58	38	59	49	55	57	78	66	86	75	112	53	122	78	144	71	179	143	179	149	186	240	201	311	258	369	248	299	327	337	285	221	416	446	548	276	207	307	638	760	973	1000	907	754	395	343	518	685	358	163	236	335	302	166	226	211	245	167	128	161	135	155	87	139	69	106	69	104	68	81	84	77	79	62	70
64	170	2	2	119	0	1953125	12	0.0	0	0.95	0	0	V0.2	0	0	172	223	168	219	177	220	191	205	194	195	211	181	216	164	224	153	241	129	252	115	259	127	265	127	262	157	276	202	249	224	243	313	170	401	91	469	68	430	195	398	256	373	230	466	467	313	190	427	495	614	1000	607	989	459	529	179	666	493	365	227	344	151	267	289	245	364	87	360	137	349	128	321	167	300	214	264	217	247	240	235	245	206	263	188	280
64	170	2	2	119	0	1953125	12	0.0	0	0.95	0	0	V0.2	0	0	170	227	162	227	166	232	175	219	178	212	197	196	204	180	213	170	233	144	251	118	266	114	278	106	276	131	294	160	282	172	297	269	251	390	201	495	51	503	153	483	224	414	213	499	440	310	115	509	446	736	964	676	1000	366	659	279	836	547	453	289	288	133	261	256	281	328	154	347	145	362	104	345	136	327	185	288	194	273	222	258	228	233	250	211	274
64	170	2	2	119	0	1953125	12	0.0	0	0.95	0	0	V0.2	0	0	15	67	12	69	16	73	40	60	51	67	61	55	64	60	61	71	79	84	93	95	115	76	133	87	145	74	171	117	162	117	192	211	209	329	312	414	310	424	413	409	363	281	487	489	545	176	119	300	627	801	1000	957	783	648	543	761	907	966	533	184	90	102	209	79	162	191	220	154	123	179	131	171	105	158	102	114	94	99	89	78	101	79	94	78	93
64	170	2	2	119	0	1953125	12	0.0	0	0.95	0	0	V0.2	0	0	3	66	17	62	26	65	48	53	58	56	65	50	68	55	61	64	81	75	95	84	118	73	136	88	140	86	161	126	138	126	166	213	185	319	294	390	311	401	408	367	364	283	512	508	528	185	104	300	603	767	899	894	732	635	564	811	981	1000	583	209	138	121	221	93	169	216	194	161	108	181	119	166	107	148	108	106	104	86	91	68	100	74	93	78	85
64	170	2	2	119	0	1953125	12	0.0	0	0.95	0	0	V0.2	0	0	30	50	44	39	53	36	65	26	66	41	69	40	64	49	64	50	82	61	95	71	107	79	114	109	104	122	107	158	80	151	109	212	168	275	303	315	335	318	407	340	343	249	483	551	478	247	57	284	501	749	808	833	720	564	555	720	1000	978	592	269	112	156	184	145	111	245	158	163	96	166	143	132	135	108	133	74	118	72	89	63	91	79	79	86	74
64	170	2	2	119	0	1953125	12	0.0	0	0.95	0	0	V0.2	0	0	199	216	206	205	213	199	230	184	236	163	249	156	251	147	246	141	258	139	258	153	247	185	239	223	208	253	193	297	166	290	146	372	54	447	88	487	213	465	385	290	434	282	562	280	658	94	216	268	610	414	964	537	819	479	606	582	825	1000	294	442	194	352	66	336	131	413	159	306	201	320	252	271	272	226	305	199	305	180	295	183	301	171	299	169	292
64	170	2	2	119	0	1953125	12	0.0	0	0.95	0	0	V0.2	0	0	58	14	63	10	65	22	65	38	60	52	58	57	53	56	57	61	72	73	84	95	80	110	81	134	68	139	93	151	91	138	136	168	218	208	331	251	336	309	351	370	299	320	426	575	452	231	54	304	466	722	855	813	800	580	602	691	965	999	553	321	29	176	157	141	89	223	185	109	123	115	166	93	141	96	116	83	93	91	59	78	67	86	60	82	71
64	170	2	2	119	0	1953125	12	0.0	0	0.95	0	0	V0.2	0	0	12	62	26	54	33	56	52	42	59	47	65	41	65	48	61	54	77	65	95	74	114	65	130	83	123	85	141	124	111	118	134	201	153	285	245	323	261	357	347	296	344	279	521	510	509	227	58	246	562	726	846	864	706	631	549	766	990	1000	634	271	116	118	214	99	155	210	161	161	79	159	105	152	96	125	104	89	99	66	82	55	88	61	81	67	71
64	170	2	2	119	0	1953125	12	0.0	0	0.95	0	0	V0.2	0	0	202	203	209	194	217	187	227	176	234	161	240	157	239	154	234	152	240	153	237	174	223	204	205	236	180	257	160	288	148	289	120	358	69	404	143	401	242	385	363	183	419	253	618	255	620	170	209	239	633	336	863	454	605	391	551	642	714	1000	244	432	154	381	78	342	111	388	235	254	240	265	283	222	292	183	310	175	304	173	282	178	290	179	277	184	265
64	170	1	2	119	0	1953125	12	0.0	0	0.95	0	0	V0.2	0	0	213	203	221	194	228	188	236	179	241	166	245	166	241	166	236	166	238	173	230	197	211	226	189	260	164	273	144	301	141	298	117	353	113	386	196	353	272	343	371	129	434	228	676	273	631	222	221	171	621	304	799	456	491	372	496	658	650	1000	236	384	176	400	124	331	138	374	288	228	266	241	313	205	313	170	319	179	312	185	283	189	291	199	277	204	259
64	170	1	2	119	0	1953125	12	0.0	0	0.95	0	0	V0.2	0	0	202	253	196	253	193	259	199	254	198	244	214	231	229	210	232	200	253	181	273	144	294	137	311	142	291	175	303	216	280	210	281	296	243	403	154	444	66	534	96	445	200	542	510	546	646	85	222	428	497	476	886	341	726	147	725	465	1000	892	353	450	256	377	151	365	148	454	134	351	195	352	235	315	260	272	305	238	314	215	301	219	313	200	310	194	308
64	170	1	2	119	0	1953125	12	0.0	0	0.95	0	0	V0.2	0	0	213	194	222	187	229	178	236	171	243	162	242	164	236	169	229	171	227	181	218	211	192	240	165	273	145	279	123	298	136	303	109	346	135	377	246	326	295	324	411	95	485	174	719	334	602	287	226	120	651	361	770	540	493	452	447	731	605	1000	278	330	154	394	161	321	169	337	327	197	281	209	324	180	328	149	318	172	308	191	277	186	286	205	266	215	242
64	170	1	2	119	0	1953125	12	0.0	0	0.95	0	0	V0.2	0	0	224	191	232	186	240	178	244	172	250	170	244	176	233	184	227	188	217	203	206	239	174	260	143	292	137	292	118	303	139	315	130	342	182	358	311	295	344	271	452	36	527	110	728	397	567	322	269	42	653	432	732	602	499	577	397	793	570	1000	303	299	100	432	232	310	242	294	373	167	317	172	348	158	349	148	320	181	309	208	277	203	276	230	257	240	227
64	170	1	2	119	0	1953125	12	0.0	0	0.95	0	0	V0.2	0	0	198	245	197	237	198	241	210	234	209	219	227	209	236	190	233	184	255	164	265	137	282	144	290	159	264	188	278	221	263	194	278	285	240	383	153	407	113	485	54	433	162	512	440	527	597	85	166	531	439	536	747	402	749	241	705	384	1000	737	411	376	342	302	244	331	230	419	100	346	175	359	173	345	184	318	235	293	252	259	251	263	268	240	273	218	287
64	170	1	2	119	0	1953125	12	0.0	0	0.95	0	0	V0.2	0	0	222	252	233	245	235	240	247	233	255	209	267	200	274	189	269	177	286	168	290	164	288	193	285	236	244	259	241	294	235	277	220	375	143	464	37	451	128	504	225	334	352	442	672	374	725	183	134	461	631	348	871	295	834	303	803	571	940	1000	251	431	301	455	101	415	123	463	198	337	222	358	251	336	279	283	317	261	329	237	310	235	331	224	326	207	322
64	170	1	2	119	0	1953125	12	0.0	0	0.95	0	0	V0.2	0	0	14	60	14	54	19	54	25	47	34	47	43	46	47	40	40	56	50	64	67	81	87	77	128	72	123	50	150	60	125	48	167	140	203	264	249	257	173	345	186	281	284	408	616	631	620	232	74	323	576	510	673	512	576	598	701	925	970	1000	497	128	149	264	266	129	239	174	198	75	118	107	113	112	108	130	51	104	46	76	31	84	58	60	56	62	54
64	170	1	2	119	0	1953125	12	0.0	0	0.95	0	0	V0.2	0	0	39	34	44	31	54	11	44	16	54	13	54	32	51	22	52	38	57	39	85	52	90	59	121	88	86	99	96	116	64	117	79	184	126	275	225	232	210	278	241	181	334	306	592	593	517	301	155	267	498	505	545	539	484	597	634	872	1000	901	516	141	206	220	253	159	198	224	127	120	47	144	66	122	85	112	79	70	78	44	57	49	77	42	59	48	54
64	170	1	2	119	0	1953125	12	0.0	0	0.95	0	0	V0.2	0	0	13	55	16	47	20	45	26	39	33	40	39	37	44	35	38	47	46	54	61	68	81	62	112	60	112	43	137	61	112	42	141	126	175	240	227	248	157	306	165	264	261	343	550	555	555	239	94	263	495	430	604	492	515	500	601	857	959	999	545	184	119	222	250	115	216	162	181	81	105	104	97	103	96	121	51	98	47	72	29	76	54	54	53	56	51
64	170	1	2	119	0	1953125	12	0.0	0	0.95	0	0	V0.2	0	0	11	56	16	50	19	49	27	43	33	42	42	39	45	36	40	48	50	60	65	73	84	66	117	66	116	46	139	62	122	47	144	128	189	248	243	262	183	338	201	299	281	348	543	557	561	237	90	241	489	459	648	550	556	472	523	811	927	999	548	222	116	205	233	94	197	152	175	78	107	103	98	100	94	118	50	100	47	70	27	74	56	55	53	54	52
64	170	1	2	119	0	1953125	12	0.0	0	0.96	0	0	V0.2	0	0	221	191	221	200	222	197	217	197	221	196	215	195	209	206	202	201	198	201	198	224	176	238	161	271	148	274	132	291	152	287	133	338	114	400	229	355	298	332	405	133	487	160	649	268	646	361	56	252	588	203	747	365	582	337	479	591	649	1000	258	411	189	362	155	282	147	347	244	245	216	281	247	260	259	225	277	219	277	215	257	215	274	209	266	203	260
64	170	1	2	119	0	1953125	12	0.0	0	0.96	0	0	V0.2	0	0	21	50	37	39	33	29	30	32	31	23	28	32	38	21	30	33	28	45	51	59	64	62	109	52	107	45	146	55	139	61	169	138	244	300	300	349	260	422	322	452	401	344	501	556	608	326	251	309	550	538	800	700	638	462	279	607	841	1000	637	299	69	76	144	36	131	116	145	55	99	90	92	86	74	98	18	57	9	47	1	57	35	40	22	32	29
64	170	1	2	119	0	1953125	12	0.0	0	0.96	0	0	V0.2	0	0	48	37	60	28	49	20	45	22	47	8	42	19	54	15	41	30	52	33	74	53	99	43	133	59	126	58	172	115	159	130	192	226	254	397	341	441	319	471	424	492	483	332	525	514	580	317	311	412	747	729	1000	872	736	573	233	519	815	996	650	299	128	151	122	124	196	156	183	56	131	115	112	102	85	105	15	63	13	53	16	73	39	49	25	41	27
64	170	1	2	119	0	1953125	12	0.0	0	0.96	0	0	V0.2	0	0	37	46	52	31	42	26	44	25	45	16	39	28	52	20	36	38	47	42	64	65	90	57	122	65	129	59	179	100	178	116	219	198	275	352	345	416	309	455	386	471	393	301	378	400	423	101	233	448	751	754	1000	831	729	522	252	446	688	820	388	101	169	258	152	200	214	199	197	51	151	114	140	78	103	76	40	49	46	55	37	72	41	56	23	44	18
