34928	35048	35167	35286	35405	35524	35644	35763	35882	36001	36120	36240	36359	36478	36597	36716	36836	36955	37074	37193	37313	37432	37551	37670	37789	37909	38028	38147	38266	38385	38505	38624	38743	38862	38981	39101	39220	39339	39458	39577	39697	39816	39935	40054	40174	40293	40412	40531	40650	40770	40889	41008	41127	41246	41366	41485	41604	41723	41842	41962	42081	42200	42319	42439	42558	42677	42796	42915	43035	43154	43273	43392	43511	43631	43750	43869	43988	44107	44227	44346	44465	44584	44703	44823	44942
64	170	1	2	119	0	1953125	12	0.0	0	0.95	0	0	V0.2	0	0	208	186	216	174	223	169	233	161	234	149	237	157	229	159	223	164	225	178	208	206	188	232	162	263	140	285	105	316	101	324	64	377	138	412	287	378	368	310	476	146	523	133	714	357	565	341	210	31	585	300	597	525	527	531	589	823	651	1000	266	402	62	442	161	351	193	340	320	195	290	208	345	147	340	113	335	150	311	170	276	180	279	202	252	214	233
64	170	1	2	119	0	1953125	12	0.0	0	0.95	0	0	V0.2	0	0	182	225	173	235	173	241	165	239	162	245	170	231	173	223	185	219	196	204	217	183	249	158	270	132	290	113	329	84	330	95	377	142	383	249	412	394	270	483	185	598	75	522	238	712	414	211	228	448	232	687	451	586	606	464	654	647	1000	578	677	148	381	31	440	172	377	247	291	320	248	314	190	348	157	360	130	327	152	316	180	294	173	286	200	271	217
64	170	1	2	119	0	1953125	12	0.0	0	0.95	0	0	V0.2	0	0	179	240	177	248	176	242	187	236	204	217	220	192	239	171	250	147	265	127	284	129	273	154	271	208	244	243	213	323	154	354	86	426	55	489	253	454	388	332	538	151	545	85	668	339	515	358	305	62	702	531	653	797	472	737	420	953	642	999	426	291	191	403	373	234	379	138	454	106	383	116	387	233	303	283	231	319	198	321	169	311	171	324	172	296	190
64	170	1	2	119	0	1953125	12	0.0	0	0.95	0	0	V0.2	0	0	237	235	247	210	269	201	284	182	277	184	278	217	242	228	220	268	189	295	132	317	141	325	168	299	216	291	324	196	366	135	463	53	487	215	492	444	276	557	90	614	140	509	231	587	513	186	35	615	736	654	998	579	992	503	865	667	990	1000	362	443	185	553	53	510	181	440	380	232	409	177	463	96	412	183	365	270	290	295	246	326	213	348	170	343	192
64	170	1	2	119	0	1953125	12	0.0	0	0.95	0	0	V0.2	0	0	67	12	65	29	66	50	50	58	48	66	45	72	53	70	59	86	72	99	79	124	74	125	90	143	105	153	179	158	189	139	265	188	280	243	342	325	222	288	227	333	134	228	337	422	338	170	375	626	875	913	996	1000	910	743	684	818	940	932	569	302	280	408	384	281	279	254	317	221	195	221	206	220	125	179	125	136	93	123	107	88	105	102	109	78	91
64	170	2	2	119	0	1953125	12	0.0	0	0.94	0	0	V0.2	0	0	184	246	196	244	210	224	221	215	241	193	246	176	252	174	258	171	241	194	222	232	193	243	170	276	160	297	152	282	210	274	265	206	331	155	401	149	274	255	216	357	256	135	451	486	81	304	431	787	511	1000	715	818	843	367	605	476	971	465	703	143	381	137	383	343	246	369	112	426	158	373	184	324	284	254	317	197	319	198	320	199	298	199	297	234	263
64	170	2	2	119	0	1953125	12	0.0	0	0.93	0	0	V0.2	0	0	68	14	61	11	56	12	63	47	39	43	48	53	31	59	53	52	36	73	36	48	26	91	39	65	54	84	89	29	86	24	105	28	111	103	80	94	58	38	91	36	46	322	459	435	415	238	508	685	933	874	925	999	748	610	465	657	792	796	549	220	106	197	244	147	111	122	185	208	76	161	117	149	92	125	133	69	97	73	103	45	79	72	63	58	70
64	170	2	2	119	0	1953125	12	0.0	0	0.93	0	0	V0.2	0	0	33	54	39	50	58	31	68	27	61	22	72	40	53	46	71	42	57	51	65	38	67	80	44	70	50	125	32	78	27	111	86	82	134	83	171	40	122	37	78	127	151	360	541	621	470	344	454	798	993	911	999	960	784	548	522	629	786	782	496	285	17	206	158	156	97	105	215	146	124	95	152	145	67	135	96	108	55	113	97	50	71	73	79	43	84
64	170	2	2	119	0	1953125	12	0.0	0	0.94	0	0	V0.2	0	0	71	38	55	55	35	52	35	74	22	62	43	65	34	65	58	66	38	79	55	58	42	85	86	49	92	63	121	20	125	59	138	104	145	209	152	219	68	193	64	183	225	404	673	655	660	386	541	763	1000	977	854	971	664	489	339	552	715	671	527	185	115	141	209	148	96	133	133	207	81	140	106	126	104	88	127	63	100	62	99	56	70	72	65	65	60
64	170	2	2	119	0	1953125	12	0.0	0	0.94	0	0	V0.2	0	0	47	69	22	78	11	63	19	74	45	55	57	56	53	53	71	56	54	62	81	36	70	54	114	27	110	69	117	78	109	140	99	174	103	265	174	233	119	171	161	142	341	432	794	809	741	557	481	828	947	1000	843	891	731	391	234	458	815	661	570	229	103	188	189	212	59	176	135	196	138	100	157	80	125	62	134	85	88	92	76	83	49	92	63	70	65
64	170	2	2	119	0	1953125	12	0.0	0	0.94	0	0	V0.2	0	0	265	206	268	215	263	225	255	229	246	245	227	260	205	267	190	278	181	277	182	269	197	277	203	263	233	257	287	205	292	221	364	150	384	120	424	185	344	213	324	370	356	561	498	999	440	756	273	839	668	864	777	506	790	176	357	307	870	392	732	170	330	104	402	250	323	313	225	428	177	385	180	371	245	339	253	311	287	285	311	251	313	239	330	225	323
64	170	2	2	119	0	1953125	12	0.0	0	0.95	0	0	V0.2	0	0	20	64	10	63	18	69	33	53	42	55	48	57	60	56	56	72	75	76	81	81	92	63	110	70	122	68	162	107	132	93	171	167	152	201	150	208	82	156	97	161	110	319	527	557	608	437	515	687	1000	980	871	881	713	636	351	369	568	698	489	227	168	282	316	201	224	196	232	190	147	170	132	158	79	127	76	109	77	98	80	77	88	73	82	62	73
64	170	2	2	119	0	1953125	12	0.0	0	0.95	0	0	V0.2	0	0	188	235	181	242	188	239	188	232	191	231	202	213	208	202	225	181	240	159	249	159	247	158	258	164	260	175	251	237	220	243	210	318	132	341	130	322	216	252	276	200	172	423	388	425	575	262	444	453	1000	632	988	660	717	586	390	287	619	628	319	363	268	382	129	392	116	403	199	315	265	273	318	207	330	175	328	185	316	190	297	202	291	217	273	232	246
64	170	2	2	119	0	1953125	12	0.0	0	0.95	0	0	V0.2	0	0	33	43	38	36	44	36	55	21	49	27	52	28	54	38	51	46	72	56	86	64	102	54	115	76	124	82	154	149	132	150	157	229	173	259	194	259	172	174	213	153	120	225	467	428	495	260	365	567	896	1000	882	901	728	674	479	528	684	693	526	227	232	312	359	247	281	245	241	213	150	197	143	169	91	135	83	103	84	92	81	75	89	68	76	59	64
64	170	2	2	119	0	1953125	12	0.0	0	0.95	0	0	V0.2	0	0	239	215	244	202	260	193	268	188	266	180	269	180	264	181	260	185	260	203	240	234	215	259	200	290	174	317	133	377	105	377	79	435	195	418	324	326	419	151	461	48	371	208	555	123	608	103	418	240	1000	711	946	884	650	761	319	605	534	852	197	385	188	540	35	475	134	445	323	292	326	265	390	185	378	158	368	181	352	185	330	195	332	218	301	234	274
64	170	2	2	119	0	1953125	12	0.0	0	0.95	0	0	V0.2	0	0	197	229	191	241	184	253	174	250	171	256	170	251	170	244	176	244	183	234	204	216	236	196	257	174	285	160	333	93	351	96	400	86	425	197	422	358	264	437	118	511	84	350	223	559	98	312	243	591	388	1000	579	845	779	522	552	522	755	510	638	121	321	191	478	38	436	117	412	248	323	274	284	330	221	342	175	329	182	328	181	315	174	317	186	302	200
64	170	2	2	119	0	1953125	12	0.0	0	0.95	0	0	V0.2	0	0	225	229	229	219	243	210	259	194	259	180	273	172	273	163	270	161	284	160	276	188	260	218	249	250	225	284	204	358	142	367	109	461	43	513	205	495	360	347	485	167	463	240	503	177	597	204	263	339	852	577	1000	718	863	649	589	603	702	912	299	444	198	435	70	460	85	467	184	361	239	360	309	273	334	214	360	197	343	185	333	194	338	187	323	197	309
64	170	1	2	119	0	1953125	12	0.0	0	0.95	0	0	V0.2	0	0	232	225	237	216	253	203	265	191	269	180	277	171	274	171	273	170	276	177	269	214	243	241	226	276	202	307	164	368	126	380	73	455	96	515	272	465	403	332	544	148	528	148	561	140	554	277	289	317	870	590	1000	795	791	654	551	665	618	950	203	448	146	471	47	444	115	446	253	305	278	325	346	231	354	185	369	192	348	183	331	200	336	203	313	215	302
64	170	1	2	119	0	1953125	12	0.0	0	0.95	0	0	V0.2	0	0	235	215	244	207	260	194	266	184	271	176	275	173	267	181	262	184	260	199	247	240	214	263	190	299	171	327	120	375	107	391	61	444	181	477	346	403	437	289	576	144	563	58	639	263	537	331	305	222	882	642	1000	900	704	712	420	693	526	982	217	435	89	509	151	421	170	431	339	240	328	265	396	174	379	149	376	188	349	191	323	210	326	224	297	239	278
64	170	1	2	119	0	1953125	12	0.0	0	0.95	0	0	V0.2	0	0	218	234	222	227	239	217	250	202	257	189	272	172	269	166	271	162	281	151	285	179	268	207	252	242	236	274	216	332	180	358	133	454	12	524	152	522	274	467	443	313	536	252	661	262	653	346	67	424	769	556	1000	615	846	521	625	539	750	934	303	497	200	509	52	454	72	500	196	340	234	358	303	281	324	224	358	199	342	188	329	202	335	184	324	192	318
64	170	1	2	119	0	1953125	12	0.0	0	0.95	0	0	V0.2	0	0	11	58	12	61	23	54	31	46	37	48	51	49	54	50	51	55	58	79	83	88	98	82	124	81	134	83	189	108	187	122	250	229	287	341	343	399	268	434	353	507	396	370	560	597	595	284	212	332	636	773	846	821	707	544	518	743	907	1000	598	354	273	355	362	212	278	245	274	155	171	148	181	168	120	156	82	116	60	104	49	85	68	80	69	69	70
64	170	1	2	119	0	1953125	12	0.0	0	0.95	0	0	V0.2	0	0	22	51	27	51	35	40	39	35	42	31	50	38	53	35	51	44	56	60	83	64	96	58	126	59	123	68	168	106	151	120	198	226	238	346	292	364	237	383	323	417	370	318	565	564	594	333	223	253	540	651	707	691	549	439	474	758	937	1000	652	334	276	288	335	173	269	228	235	167	133	156	140	166	94	151	78	102	65	88	58	64	70	66	68	57	70
64	170	2	2	119	0	1953125	12	0.0	0	0.95	0	0	V0.2	0	0	38	37	42	34	48	18	46	16	50	13	52	27	54	25	49	33	59	41	87	50	93	43	117	68	101	84	134	129	106	148	150	244	191	345	289	333	252	311	334	348	349	258	558	558	522	334	223	233	540	699	708	766	571	422	433	715	999	985	697	308	242	226	305	180	242	247	195	193	91	173	121	165	90	134	104	80	79	64	73	44	77	56	70	50	64
64	170	2	2	119	0	1953125	12	0.0	0	0.95	0	0	V0.2	0	0	20	45	23	46	32	37	33	32	37	31	44	35	47	34	46	39	49	57	77	62	87	56	114	54	114	61	152	86	139	104	189	210	225	318	281	346	216	336	271	356	293	293	543	544	540	265	165	265	535	655	759	763	594	459	478	759	982	1000	623	277	203	213	277	157	260	205	215	148	129	148	135	156	89	144	75	101	57	80	51	63	66	64	63	54	65
64	170	1	2	119	0	1953125	12	0.0	0	0.95	0	0	V0.2	0	0	190	230	180	238	182	242	180	237	176	240	186	226	194	213	204	206	217	187	240	162	259	145	282	123	285	118	322	125	313	119	359	207	353	331	323	421	174	459	64	523	17	553	313	700	477	189	256	411	175	710	554	583	686	295	582	423	1000	520	542	208	400	157	384	235	365	334	204	337	205	346	158	356	136	353	168	318	189	290	209	284	215	266	225	252	249
64	170	1	2	119	0	1953125	12	0.0	0	0.95	0	0	V0.2	0	0	19	48	21	45	29	41	35	32	37	36	48	37	52	41	50	50	61	60	78	68	93	61	123	68	126	77	166	107	146	114	195	221	231	344	297	335	222	328	249	310	251	366	624	603	579	197	119	183	428	564	692	710	628	545	543	832	1000	996	593	229	258	280	296	172	272	228	227	146	131	158	123	152	105	149	77	107	69	82	52	68	71	57	61	59	66
64	170	1	2	119	0	1953125	12	0.0	0	0.95	0	0	V0.2	0	0	190	201	196	197	207	188	211	183	220	167	230	152	233	147	235	142	237	138	240	158	227	176	220	211	200	235	184	280	165	288	122	379	31	455	119	398	212	374	310	225	303	323	603	330	662	121	232	202	471	272	726	385	644	334	569	548	804	1000	338	481	92	457	28	382	49	423	215	275	220	283	260	237	279	186	309	171	300	157	278	176	283	170	270	171	268
64	170	2	2	119	0	1953125	12	0.0	0	0.95	0	0	V0.2	0	0	195	225	195	223	205	219	210	212	213	204	230	184	237	168	244	159	252	142	264	140	265	150	270	171	256	196	261	251	231	252	227	354	151	457	58	457	91	439	211	377	235	418	478	492	676	13	264	314	378	397	669	291	722	177	623	373	1000	928	535	531	191	415	134	397	148	449	86	358	176	347	194	314	225	277	281	234	287	204	284	213	288	193	284	184	293
64	170	2	2	119	0	1953125	12	0.0	0	0.95	0	0	V0.2	0	0	189	200	193	195	205	189	209	181	214	171	229	153	230	146	232	144	236	136	238	155	228	173	221	202	204	230	192	276	161	283	129	359	49	425	82	409	195	371	301	252	328	278	525	302	640	134	207	253	449	278	661	345	627	318	622	490	847	1000	429	549	73	422	14	376	81	400	186	289	218	285	244	238	268	201	300	173	293	161	278	176	278	169	269	171	268
64	170	1	2	119	0	1953125	12	0.0	0	0.95	0	0	V0.2	0	0	204	165	209	164	216	163	211	163	213	165	205	175	190	186	183	195	166	210	147	235	128	241	109	261	116	273	106	282	145	281	180	276	264	254	391	152	407	43	410	196	382	108	486	370	355	339	224	22	529	480	511	707	353	619	310	796	625	999	529	340	230	316	311	204	300	176	375	83	315	110	342	127	305	170	273	212	240	231	210	230	208	246	185	251	166
64	170	1	2	119	0	1953125	12	0.0	0	0.95	0	0	V0.2	0	0	13	47	14	46	24	43	33	32	34	38	44	35	47	42	45	47	55	63	71	69	87	61	103	68	118	71	159	107	162	116	193	191	214	275	275	343	236	330	261	336	242	200	338	382	389	93	66	260	537	651	744	759	684	562	599	826	941	1000	582	297	224	255	280	176	227	208	230	148	162	153	156	157	112	141	82	111	71	93	55	79	70	71	69	66	67
64	170	1	2	119	0	1953125	12	0.0	0	0.95	0	0	V0.2	0	0	39	32	35	37	34	47	22	44	26	49	27	52	37	49	37	58	50	70	61	92	54	94	64	119	64	129	114	154	129	151	191	178	246	216	331	254	280	260	245	314	163	168	250	379	252	89	163	435	579	799	790	798	770	514	616	770	1000	944	552	276	243	305	234	250	178	275	198	174	156	173	179	134	149	95	124	72	100	69	78	66	74	74	64	70	55
64	170	1	2	119	0	1953125	12	0.0	0	0.94	0	0	V0.2	0	0	69	21	59	39	45	46	35	56	26	56	27	54	31	58	41	63	43	73	42	62	33	74	63	60	79	64	124	38	118	56	145	127	128	185	117	192	119	106	152	135	111	184	230	212	241	182	370	537	786	921	970	1000	863	672	519	808	984	994	569	140	163	189	241	104	154	178	186	176	103	172	106	151	104	129	116	76	110	66	87	45	79	54	56	63	64
64	170	1	2	119	0	1953125	12	0.0	0	0.93	0	0	V0.2	0	0	27	41	30	37	42	26	53	13	45	13	49	25	41	35	48	29	39	34	32	23	48	59	17	56	23	84	39	48	44	53	85	5	103	73	57	125	101	122	167	142	187	209	230	243	196	258	351	584	772	855	1000	909	834	620	444	667	839	873	428	89	59	185	170	40	92	94	172	115	88	125	78	118	68	125	89	72	91	66	81	36	76	48	44	46	56
64	170	1	2	119	0	1953125	12	0.0	0	0.93	0	0	V0.2	0	0	222	183	219	172	221	178	229	184	208	188	199	208	185	217	157	219	163	226	168	210	154	223	189	213	193	186	227	198	239	169	251	185	243	238	198	220	286	132	328	144	283	388	107	494	313	397	175	593	674	655	999	603	899	398	541	302	905	600	453	260	305	235	181	291	205	334	127	311	216	279	266	211	295	169	318	175	298	180	271	216	251	239	221	239	207
64	170	1	2	119	0	1953125	12	0.0	0	0.93	0	0	V0.2	0	0	191	251	197	245	213	241	217	223	235	207	251	189	250	176	259	180	250	182	233	201	239	218	206	235	210	275	179	273	178	312	167	314	239	285	307	250	257	260	290	190	415	64	755	540	535	532	296	577	484	913	486	1000	623	583	493	451	548	761	625	227	266	291	379	153	301	158	376	275	258	279	240	346	200	341	179	324	213	320	244	266	257	254	290	236	288
64	170	1	2	119	0	1953125	12	0.0	0	0.94	0	0	V0.2	0	0	205	248	201	262	215	251	206	246	219	249	224	219	230	216	252	199	247	177	263	193	261	176	263	193	270	212	264	226	251	258	264	285	183	376	171	372	171	393	183	362	116	609	574	590	808	285	670	37	576	381	1000	726	456	479	360	719	434	471	512	641	63	378	183	412	147	377	230	320	305	261	324	224	342	196	349	210	337	204	317	241	299	248	273	261	264
64	170	1	2	119	0	1953125	12	0.0	0	0.95	0	0	V0.2	0	0	28	47	22	53	35	44	42	27	33	29	40	26	39	42	46	40	49	55	61	53	85	45	97	50	121	42	133	72	135	78	136	116	163	179	141	172	83	184	68	217	249	580	728	791	842	646	664	425	516	741	1000	956	576	386	297	696	801	660	638	687	382	262	279	258	304	210	253	200	183	150	152	170	100	146	89	133	79	118	81	79	73	78	77	51	68
64	170	1	2	119	0	1953125	12	0.0	0	0.95	0	0	V0.2	0	0	15	51	15	56	33	47	43	35	43	33	49	35	51	45	56	47	59	56	75	54	89	45	103	47	115	53	130	94	122	95	110	123	143	181	120	156	32	155	44	145	151	465	635	718	770	572	627	439	517	735	999	987	673	395	153	578	794	740	689	602	397	242	248	212	275	207	253	205	150	145	135	157	79	137	87	120	69	111	79	68	71	80	77	53	74
64	170	1	2	119	0	1953125	12	0.0	0	0.95	0	0	V0.2	0	0	22	53	23	59	38	48	52	36	51	32	58	35	55	46	63	48	65	58	85	57	102	52	116	54	132	69	146	125	137	124	113	151	128	186	129	181	76	65	93	111	75	339	519	623	675	493	585	487	580	719	958	999	756	546	362	645	777	821	777	660	467	268	263	206	265	206	278	237	164	165	149	178	83	147	92	128	75	120	92	73	79	89	85	58	81
