34928	35048	35167	35286	35405	35524	35644	35763	35882	36001	36120	36240	36359	36478	36597	36716	36836	36955	37074	37193	37313	37432	37551	37670	37789	37909	38028	38147	38266	38385	38505	38624	38743	38862	38981	39101	39220	39339	39458	39577	39697	39816	39935	40054	40174	40293	40412	40531	40650	40770	40889	41008	41127	41246	41366	41485	41604	41723	41842	41962	42081	42200	42319	42439	42558	42677	42796	42915	43035	43154	43273	43392	43511	43631	43750	43869	43988	44107	44227	44346	44465	44584	44703	44823	44942
64	170	2	2	119	0	1953125	12	0.0	0	0.96	0	0	V0.2	0	0	194	138	203	157	206	143	196	152	210	155	192	140	202	163	192	161	175	173	185	198	145	197	161	230	143	250	101	310	79	344	43	356	138	308	140	318	167	371	343	277	376	250	537	330	649	330	641	288	352	98	336	165	625	395	635	437	1000	768	560	305	295	364	179	380	159	429	28	363	72	330	130	320	153	270	177	274	226	209	210	214	236	195	225	174	244
64	170	2	2	119	0	1953125	12	0.0	7757	2.35	0	0	V0.2	0	0	31	21	13	19	19	28	12	13	12	20	12	2	14	15	5	10	11	12	2	6	29	26	15	11	52	38	36	61	41	69	42	109	68	37	24	90	98	227	91	153	75	265	434	118	413	280	290	144	111	72	323	91	510	814	1000	564	619	799	428	469	320	493	172	74	134	35	95	44	32	35	107	51	7	20	41	43	26	15	30	28	13	7	9	21	18
64	170	2	2	119	0	1953125	12	0.0	0	0.86	0	0	V0.2	0	0	782	784	791	796	803	809	801	795	789	786	785	785	780	774	765	757	750	749	756	760	763	768	769	770	787	804	804	826	841	846	856	858	880	861	908	908	916	899	889	932	857	948	914	881	938	876	824	834	901	969	908	759	709	919	1000	949	708	883	936	948	893	883	853	916	944	944	924	928	926	947	956	959	947	939	933	940	941	944	934	920	914	906	916	913	909
64	170	2	2	119	0	1953125	12	0.0	0	0.97	0	0	V0.2	0	0	33	69	33	81	4	61	15	69	10	53	25	71	23	36	26	55	5	50	18	58	32	77	4	57	53	106	26	145	60	203	80	176	105	151	96	243	178	245	377	362	434	160	255	506	726	466	281	104	279	579	953	984	1000	848	93	293	523	910	918	983	782	505	326	166	359	247	253	119	153	87	144	127	109	92	81	114	58	69	43	86	18	46	38	54	10
64	170	2	2	119	0	1953125	12	0.0	7601	2.32	0	0	V0.2	0	0	29	22	30	28	26	22	14	19	26	13	12	18	14	7	10	15	18	16	9	29	33	23	23	40	30	16	29	29	74	18	47	54	134	83	114	118	135	149	140	203	276	296	321	399	304	388	223	222	320	215	439	443	64	836	280	235	832	871	1000	379	349	209	103	154	126	30	42	52	31	43	46	2	38	3	39	17	13	21	19	21	5	8	10	17	5
64	170	2	2	119	0	1953125	12	0.0	0	0.88	0	0	V0.2	0	0	389	394	354	327	316	266	269	292	248	207	180	123	81	89	113	116	101	134	184	217	271	339	342	368	380	420	451	489	557	517	582	545	530	571	722	619	564	641	634	690	521	684	651	771	719	298	614	652	885	599	723	185	437	627	1000	758	438	401	414	557	704	689	505	300	374	410	512	498	498	401	350	322	307	318	334	354	296	279	210	197	164	165	163	166	146
64	170	2	2	119	0	1953125	12	0.0	0	0.87	0	0	V0.2	0	0	199	178	196	179	182	182	185	199	180	201	167	180	184	168	200	171	190	165	177	177	163	215	157	208	177	179	200	158	260	169	231	207	206	256	109	326	180	290	327	95	447	220	288	401	312	148	184	362	314	269	638	459	1000	816	348	657	312	533	520	29	272	209	313	129	290	236	139	304	167	263	250	170	269	153	269	224	213	244	174	242	186	234	220	200	237
64	170	2	2	119	0	1953125	12	0.0	0	0.42	0	0	V0.2	0	0	22	25	27	28	27	25	16	13	13	22	30	34	33	31	25	12	6	21	30	46	49	53	49	41	7	16	30	58	102	112	149	179	133	180	155	145	172	140	248	211	140	568	364	332	312	619	398	716	653	559	1000	828	136	957	512	375	86	268	290	331	392	478	192	362	253	108	155	104	18	19	33	64	82	88	77	62	49	30	28	37	48	58	67	65	59
64	170	2	2	119	0	1953125	12	0.0	0	0.87	0	0	V0.2	0	0	191	163	181	156	187	176	190	193	165	188	145	184	174	181	195	152	181	133	187	170	171	213	139	194	141	195	178	198	229	132	239	174	178	234	171	259	226	233	246	57	370	192	353	322	114	108	260	634	227	658	829	797	1000	581	514	719	360	362	300	234	301	160	235	52	310	236	224	322	148	217	150	251	257	203	285	164	215	184	211	249	204	247	173	200	198
64	170	2	2	119	0	1953125	12	0.0	0	0.85	0	0	V0.2	0	0	150	147	140	163	132	154	140	138	159	136	160	136	141	145	121	160	125	155	149	118	157	108	166	144	146	182	97	198	117	172	206	121	196	148	131	232	85	300	184	192	344	68	323	118	219	61	262	256	261	218	548	723	1000	526	702	828	473	284	498	85	321	93	198	135	203	256	100	252	157	164	196	143	205	149	199	197	151	197	139	177	176	163	198	150	187
64	170	2	2	119	0	1953125	12	0.0	0	0.96	0	0	V0.2	0	0	244	192	231	191	245	201	243	181	239	197	245	186	229	183	239	202	222	186	223	208	227	216	212	242	201	299	144	299	153	321	160	343	93	427	92	418	190	434	272	495	458	205	435	397	745	163	572	115	301	362	862	565	1000	529	647	449	603	71	830	535	593	604	82	440	68	323	226	409	129	326	148	411	213	311	198	307	270	290	241	245	254	281	274	223	255
64	170	2	2	119	0	1953125	12	0.0	0	0.96	0	0	V0.2	0	0	213	182	212	178	213	181	219	181	207	186	203	190	200	188	188	200	184	203	172	215	161	240	144	254	122	280	114	291	128	288	108	359	168	307	259	277	289	279	300	313	391	197	370	252	745	280	396	138	433	249	895	734	980	1000	450	560	165	134	602	373	311	378	129	466	59	360	95	382	214	288	190	304	270	243	256	217	271	226	274	188	265	199	285	178	264
64	170	2	2	119	0	1953125	12	0.0	0	0.96	0	0	V0.2	0	0	52	15	40	13	35	15	41	26	28	20	31	25	22	22	42	24	37	28	50	22	60	47	56	49	75	94	53	101	57	127	67	167	129	225	181	189	196	172	214	99	67	125	313	425	544	464	360	324	79	210	445	672	845	1000	616	327	127	297	422	294	245	145	165	160	175	117	149	159	83	95	68	125	53	87	49	85	38	58	48	47	32	42	49	28	28
64	170	2	2	119	0	1953125	12	0.0	0	0.96	0	0	V0.2	0	0	213	163	203	162	212	172	213	155	205	170	212	167	196	159	205	182	188	171	182	191	185	204	158	216	165	275	97	289	101	295	119	328	27	400	126	407	249	320	270	245	387	138	218	416	797	376	736	369	589	180	481	460	1000	603	637	403	290	169	416	239	231	370	158	396	69	355	82	419	143	279	141	336	205	258	184	253	239	243	223	201	232	225	248	184	231
64	170	1	2	119	0	1953125	12	0.0	7963	2.39	0	0	V0.2	0	0	74	78	117	72	50	72	72	96	32	48	80	48	25	34	79	36	22	107	119	19	26	98	109	100	41	101	167	243	92	198	114	255	40	163	121	234	250	253	320	197	586	644	784	368	268	627	911	522	247	104	506	518	599	820	802	1000	906	458	168	446	522	550	560	326	311	100	225	160	184	110	142	28	62	163	105	11	84	135	42	33	23	73	75	39	19
64	170	2	2	119	0	1953125	12	0.0	0	0.96	0	0	V0.2	0	0	800	811	819	824	821	815	822	826	819	810	801	798	804	793	780	777	780	787	782	779	780	787	803	800	810	811	839	849	856	870	875	897	899	914	918	936	914	942	939	962	923	909	961	946	918	884	921	901	894	957	811	851	1000	874	798	948	874	903	887	890	935	943	928	917	948	950	976	975	952	963	981	992	982	962	961	973	976	961	945	949	946	955	937	923	929
64	170	2	2	119	0	1953125	12	0.0	7670	2.34	0	0	V0.2	0	0	16	14	12	15	12	8	13	9	16	11	4	9	11	2	4	3	8	2	6	11	9	17	13	16	16	15	10	33	39	33	55	48	24	27	81	68	133	89	79	123	150	48	75	176	314	195	100	184	25	146	265	164	273	396	760	1000	661	284	179	99	150	98	44	76	80	63	47	42	21	59	43	38	3	34	29	4	6	20	16	5	6	9	15	1	9
64	170	2	2	119	0	1953125	12	0.0	7686	2.34	0	0	V0.2	0	0	48	57	64	55	45	50	47	44	40	21	46	38	26	14	53	44	16	20	74	45	48	56	55	71	76	7	137	97	89	47	225	266	75	107	123	291	143	215	85	369	397	362	379	181	31	208	274	411	623	531	432	332	502	657	837	1000	753	553	406	106	178	92	89	132	78	55	47	42	118	130	44	116	57	71	40	46	50	54	45	28	27	35	48	18	3
64	170	2	2	119	0	1953125	12	0.0	7606	2.32	0	0	V0.2	0	0	71	32	68	20	50	41	63	11	55	16	56	18	33	52	63	44	21	86	70	71	33	76	36	60	23	108	12	104	52	194	66	79	71	193	158	337	224	260	90	320	323	406	325	408	533	450	375	312	383	497	599	565	688	950	999	879	802	492	298	158	199	174	220	136	79	36	123	62	78	69	27	95	96	5	43	45	93	12	33	38	73	18	25	37	49
64	170	2	2	119	0	1953125	12	0.0	7803	2.36	0	0	V0.2	0	0	111	89	40	97	77	84	44	50	71	52	53	30	55	48	58	58	44	97	39	92	96	87	57	23	208	101	134	59	337	134	403	262	405	130	307	243	370	179	339	374	577	710	445	140	341	829	788	470	310	797	1000	867	892	808	714	605	490	650	689	825	564	363	338	70	202	277	128	259	150	66	110	61	86	46	86	41	77	55	45	53	21	28	18	16	4
64	170	2	2	119	0	1953125	12	0.0	7641	2.33	0	0	V0.2	0	0	47	83	34	27	34	71	37	19	28	63	24	28	48	62	8	30	72	69	16	26	83	86	42	31	94	99	69	56	74	107	177	144	178	101	182	288	305	287	21	270	325	416	195	137	215	265	199	182	218	232	357	642	846	1000	942	578	227	218	436	376	276	251	88	147	190	132	183	130	48	33	86	33	91	49	68	22	82	69	51	30	45	55	22	7	32
64	170	2	2	119	0	1953125	12	0.0	7918	2.38	0	0	V0.2	0	0	26	28	50	42	41	13	35	46	31	6	25	45	15	10	47	32	19	18	52	61	31	52	14	114	53	52	61	179	66	45	78	181	106	46	108	60	202	159	178	61	169	180	180	206	100	265	368	405	33	485	809	1000	764	368	248	198	201	597	712	706	353	253	173	180	31	132	60	69	73	109	34	37	71	37	88	46	47	49	60	13	3	46	37	33	44
64	170	2	2	119	0	1953125	12	0.0	7446	2.30	0	0	V0.2	0	0	107	102	39	92	116	75	49	44	93	79	61	74	113	32	20	66	109	42	25	115	193	55	89	37	259	186	106	88	234	353	158	248	48	414	328	314	218	374	683	662	788	577	190	227	500	488	264	530	682	1000	913	477	311	680	867	742	632	155	525	783	866	951	542	305	150	250	288	42	119	101	244	90	76	5	167	143	16	42	56	88	44	22	65	71	20
64	170	2	2	119	0	1953125	12	0.0	7646	2.33	0	0	V0.2	0	0	89	41	82	84	98	42	23	106	65	40	37	87	34	47	87	48	60	43	87	58	96	35	59	151	58	100	35	189	56	123	142	217	140	263	68	120	355	516	351	385	559	542	420	591	659	405	291	666	942	804	704	890	883	964	1000	675	482	168	296	304	446	349	126	211	130	297	78	108	75	173	87	158	133	134	106	151	101	54	122	102	48	29	103	44	32
64	170	2	2	119	0	1953125	12	0.0	0	0.43	0	0	V0.2	0	0	48	30	29	46	58	25	12	16	18	10	34	25	39	20	47	65	53	33	70	53	32	64	12	44	79	45	65	63	112	157	158	164	120	7	60	259	222	319	320	397	336	142	151	282	73	569	376	1000	955	239	790	812	846	590	185	479	702	399	838	302	119	117	209	324	131	213	136	78	67	104	99	59	24	42	15	66	40	36	33	13	74	41	22	14	18
64	170	2	2	119	0	1953125	12	0.0	7963	2.39	0	0	V0.2	0	0	30	28	21	26	21	18	26	18	15	11	7	3	14	3	7	11	16	8	24	14	28	14	18	26	42	27	38	59	30	56	47	118	40	182	213	114	97	167	52	179	213	329	320	366	767	180	292	252	447	702	342	627	1000	691	270	753	501	433	701	186	341	83	260	50	178	113	145	129	77	67	58	60	43	47	43	19	18	38	29	22	18	19	19	4	20
64	170	2	2	119	0	1953125	12	0.0	7496	2.31	0	0	V0.2	0	0	38	68	62	115	28	75	43	72	50	32	40	35	31	18	20	69	38	40	49	101	55	113	116	47	80	83	165	8	173	67	137	99	140	127	113	236	131	30	255	374	305	491	423	201	109	322	679	802	1000	882	517	359	628	866	890	869	618	596	748	751	882	614	384	280	157	293	103	112	24	172	135	28	83	90	90	49	56	120	60	42	47	91	108	39	40
64	170	2	2	119	0	1953125	12	0.0	7857	2.37	0	0	V0.2	0	0	43	28	14	44	37	32	5	26	28	36	5	12	47	17	10	31	25	24	16	38	48	41	40	21	65	20	41	28	79	76	44	84	40	114	75	139	184	256	95	97	261	303	243	272	290	234	44	168	311	361	395	579	757	955	1000	780	541	291	196	232	148	114	132	177	130	110	115	98	24	15	115	102	34	39	43	52	47	29	17	53	32	6	35	46	13
64	170	2	2	119	0	1953125	12	0.0	7686	2.34	0	0	V0.2	0	0	110	86	102	26	115	88	74	22	86	56	70	31	80	36	56	28	83	49	83	57	140	57	119	35	157	107	162	45	194	109	216	71	294	59	349	264	268	202	200	275	141	177	302	401	373	458	440	872	904	1000	791	368	445	501	661	650	513	643	727	445	408	342	504	595	289	258	69	237	107	124	53	171	146	33	74	97	104	21	47	64	42	40	28	53	46
64	170	2	2	119	0	1953125	12	0.0	7838	2.36	0	0	V0.2	0	0	88	103	134	46	45	132	78	84	24	119	6	94	90	87	60	80	115	23	116	76	107	110	163	50	9	280	168	162	59	302	53	216	211	366	235	572	534	611	208	396	218	309	452	723	395	108	609	1000	908	856	637	391	452	325	120	292	648	635	776	465	109	57	282	134	197	133	80	173	223	72	123	78	114	63	69	104	105	42	20	52	25	67	22	6	43
64	170	2	2	119	0	1953125	12	0.0	7731	2.35	0	0	V0.2	0	0	83	102	119	80	53	100	91	67	28	76	54	64	19	56	49	38	45	45	116	68	123	105	112	40	178	78	235	228	75	144	192	102	215	137	381	401	295	502	569	982	798	652	570	173	287	403	635	986	896	859	719	499	646	364	422	410	1000	944	763	617	270	594	484	568	193	312	258	296	233	159	145	187	219	98	65	38	96	141	85	21	52	122	103	46	26
64	170	2	2	119	0	1953125	12	0.0	7636	2.33	0	0	V0.2	0	0	27	91	36	82	14	92	27	67	7	69	16	53	10	53	9	35	22	60	20	45	40	47	114	54	86	129	74	47	84	170	48	129	66	138	49	226	194	286	332	271	446	350	445	213	99	209	380	324	282	526	753	636	291	313	817	999	881	715	558	533	659	694	375	253	49	176	57	154	55	155	86	64	45	80	35	57	48	30	26	55	7	38	3	28	13
64	170	2	2	119	0	1953125	12	0.0	7560	2.32	0	0	V0.2	0	0	64	44	51	35	59	42	61	29	58	24	39	19	26	36	22	20	37	52	6	26	72	72	36	36	101	117	9	15	167	174	92	90	135	220	151	237	114	49	136	65	67	117	349	360	418	363	386	519	558	600	271	235	451	807	918	1000	856	698	521	393	377	226	201	145	214	133	148	110	188	110	144	30	104	15	63	30	81	8	26	21	42	7	7	19	14
64	170	2	2	119	0	1953125	12	0.0	8208	2.43	0	0	V0.2	0	0	36	46	50	24	13	38	43	38	19	20	50	10	6	33	28	28	27	29	69	17	19	66	28	49	26	49	102	63	24	105	89	73	76	184	79	261	198	144	106	286	223	162	131	235	151	228	313	227	188	354	481	369	566	719	888	1000	822	543	237	291	142	77	132	172	85	38	56	66	69	42	45	69	72	46	6	14	67	44	15	13	29	40	11	28	52
64	170	2	2	119	0	1953125	12	0.0	7793	2.36	0	0	V0.2	0	0	53	27	52	68	44	48	31	79	43	34	32	73	46	22	49	88	48	2	49	115	78	25	43	126	103	32	36	131	183	72	90	82	262	246	279	273	23	103	60	167	130	53	14	76	23	238	316	266	259	129	330	511	778	988	1000	943	948	777	456	295	50	198	205	150	142	82	125	68	100	88	87	47	34	74	110	78	50	45	57	78	50	50	34	42	39
64	170	2	2	119	0	1953125	12	0.0	7625	2.33	0	0	V0.2	0	0	42	16	40	21	28	22	27	21	20	24	17	32	27	40	27	42	28	50	21	45	8	61	18	82	34	72	23	74	32	124	65	83	35	175	188	192	191	69	65	162	265	256	283	374	303	172	68	139	182	12	201	533	897	998	1000	831	512	342	185	240	159	73	69	78	28	19	32	63	41	16	51	30	29	30	22	36	8	25	13	18	13	22	5	15	7
64	170	2	2	119	0	1953125	12	0.0	7711	2.34	0	0	V0.2	0	0	45	39	11	26	39	40	21	21	41	29	14	13	27	30	19	24	30	40	22	40	43	36	9	12	70	79	4	18	93	78	53	63	56	57	126	177	214	247	161	118	169	221	258	279	312	193	230	308	264	208	77	4	183	414	783	1000	965	803	471	116	86	209	228	120	48	81	127	70	10	23	73	41	55	50	84	60	35	25	37	42	48	29	19	30	35
64	170	2	2	119	0	1953125	12	0.0	7751	2.35	0	0	V0.2	0	0	61	105	110	9	64	72	97	38	25	70	91	36	25	85	87	34	66	117	54	25	81	164	77	61	100	236	177	58	177	166	92	142	99	169	112	277	48	46	378	698	658	652	643	543	414	431	153	452	562	656	702	680	1000	947	780	422	562	711	823	772	563	461	549	487	196	57	163	254	182	48	61	101	143	88	18	72	141	112	52	64	80	82	70	54	42
64	170	2	2	119	0	1953125	12	0.0	7903	2.38	0	0	V0.2	0	0	46	109	59	49	12	102	51	32	25	61	46	46	50	30	74	57	65	43	63	12	53	122	24	73	117	235	75	133	51	125	138	195	72	129	417	502	241	146	458	541	389	264	189	287	197	213	122	571	814	1000	968	675	760	710	743	453	679	595	414	247	452	461	421	98	168	101	113	125	150	44	44	125	134	28	11	71	50	99	52	55	39	78	21	7	52
64	170	2	2	119	0	1953125	12	0.0	8143	2.42	0	0	V0.2	0	0	53	90	74	44	67	43	94	28	43	46	78	15	19	69	26	49	55	101	42	16	90	49	111	26	137	51	188	19	145	50	201	166	19	77	244	424	266	238	377	551	499	347	299	622	771	835	747	851	553	531	720	668	615	349	338	524	989	1000	727	330	321	397	260	235	317	156	159	129	292	90	56	106	130	60	39	89	59	98	37	37	53	77	7	37	69
