34928	35048	35167	35286	35405	35524	35644	35763	35882	36001	36120	36240	36359	36478	36597	36716	36836	36955	37074	37193	37313	37432	37551	37670	37789	37909	38028	38147	38266	38385	38505	38624	38743	38862	38981	39101	39220	39339	39458	39577	39697	39816	39935	40054	40174	40293	40412	40531	40650	40770	40889	41008	41127	41246	41366	41485	41604	41723	41842	41962	42081	42200	42319	42439	42558	42677	42796	42915	43035	43154	43273	43392	43511	43631	43750	43869	43988	44107	44227	44346	44465	44584	44703	44823	44942
64	170	2	2	119	0	1953125	12	0.0	0	0.96	0	0	V0.2	0	0	229	186	231	185	236	186	237	189	236	180	235	183	236	169	234	174	231	173	231	179	225	191	223	204	217	220	195	253	215	232	177	305	234	270	223	439	111	248	236	452	263	384	469	256	293	290	368	384	655	798	964	425	555	484	917	209	449	270	1000	509	591	466	310	162	443	452	178	350	199	412	154	314	193	336	195	315	190	309	204	303	204	288	212	282	229
64	170	2	2	119	0	1953125	12	0.0	0	0.96	0	0	V0.2	0	0	200	196	210	195	215	191	222	189	222	178	227	175	228	160	232	157	228	153	237	142	243	144	250	162	239	176	232	227	218	201	212	288	223	212	297	432	38	270	239	427	221	494	472	241	292	405	404	344	553	818	995	458	514	415	1000	374	407	192	875	476	570	503	249	145	406	478	131	356	155	416	142	312	175	326	198	296	193	290	214	278	218	258	227	248	245
64	170	2	2	119	0	1953125	12	0.0	0	0.95	0	0	V0.2	0	0	62	8	61	9	67	23	52	21	58	42	41	39	53	49	49	48	58	47	74	75	72	92	76	112	45	125	48	122	8	138	88	122	37	218	253	246	304	26	109	134	416	499	390	201	265	496	273	245	619	999	958	740	360	561	849	583	212	225	640	557	542	384	38	165	323	368	166	187	142	215	164	95	104	81	109	50	93	52	83	53	75	61	59	63	52
64	170	2	2	119	0	1953125	12	0.0	0	0.95	0	0	V0.2	0	0	58	16	55	13	63	6	54	14	60	29	46	36	51	39	57	45	59	42	81	61	80	80	88	95	59	113	56	115	22	134	69	135	18	216	227	276	291	38	120	184	448	470	391	170	314	466	290	269	641	1000	942	737	301	551	776	521	143	236	561	512	523	340	46	132	315	326	143	169	126	213	132	101	82	93	95	54	85	52	77	44	73	49	55	53	51
64	170	2	2	119	0	1953125	12	0.0	0	0.96	0	0	V0.2	0	0	198	155	200	161	200	157	201	164	204	154	198	161	199	156	190	157	193	158	190	165	178	187	173	205	159	218	143	237	160	233	113	285	167	298	92	436	168	251	100	408	396	306	516	137	376	236	411	238	727	683	1000	348	468	294	835	437	224	121	637	483	356	451	253	181	281	446	84	321	88	362	161	267	166	272	193	255	187	242	198	240	206	224	207	212	219
64	170	2	2	119	0	1953125	12	0.0	0	0.97	0	0	V0.2	0	0	197	250	204	251	210	251	213	246	221	240	220	232	223	229	213	226	222	221	207	228	208	242	207	234	227	247	247	217	268	242	294	201	281	327	260	246	450	239	250	211	716	352	554	207	595	355	466	79	975	954	1000	680	603	630	634	747	250	260	510	865	423	341	285	528	127	506	222	370	226	298	311	281	246	289	271	292	258	282	261	292	263	266	259	273	259
64	170	2	2	119	0	1953125	12	0.0	7456	2.30	0	0	V0.2	0	0	34	37	12	28	31	33	10	24	36	30	13	13	36	26	7	8	48	25	25	28	34	37	7	28	49	50	31	50	69	53	70	66	72	127	161	43	105	217	224	129	268	395	376	143	310	428	337	93	761	941	777	1000	783	256	541	373	445	447	648	55	444	338	158	196	254	212	27	59	116	99	41	39	44	26	35	26	22	19	20	20	23	21	14	26	19
64	170	2	2	119	0	1953125	12	0.0	7671	2.34	0	0	V0.2	0	0	63	35	56	52	39	52	25	61	29	39	14	38	22	30	39	20	40	9	52	44	60	71	79	60	34	100	45	118	34	148	107	15	180	217	168	227	18	131	58	239	536	543	666	502	110	212	486	518	356	303	432	457	698	642	808	900	981	999	756	632	255	150	114	145	113	106	105	121	208	175	110	116	42	51	89	41	81	8	82	37	56	12	31	13	30
64	170	2	2	119	0	1953125	12	0.0	7705	2.34	0	0	V0.2	0	0	64	89	58	62	51	83	63	35	19	88	56	14	48	58	13	17	86	55	41	50	151	65	56	39	104	70	85	47	105	111	56	163	123	220	257	33	36	221	128	277	466	650	766	591	418	380	34	419	597	705	501	173	517	878	1000	624	510	863	885	601	403	179	9	162	162	130	137	105	124	144	125	87	102	60	40	132	117	16	18	100	51	60	43	67	14
64	170	2	2	119	0	1953125	12	0.0	7655	2.33	0	0	V0.2	0	0	34	10	43	21	30	4	32	31	23	18	28	17	11	14	16	22	8	23	29	27	10	36	40	5	53	21	61	50	31	18	60	4	125	122	153	145	16	53	29	95	248	284	307	302	151	121	147	16	247	369	412	283	165	566	836	1000	921	624	412	253	182	191	191	81	77	77	32	46	95	62	47	60	26	66	12	25	27	62	26	8	17	24	10	29	35
64	170	2	2	119	0	1953125	12	0.0	7569	2.32	0	0	V0.2	0	0	6	52	3	41	9	48	4	26	18	43	6	5	31	30	10	7	43	24	11	15	55	28	6	44	49	27	30	55	73	7	26	106	117	189	238	121	93	53	128	100	147	287	323	226	122	218	260	168	47	260	485	417	347	346	723	921	1000	824	499	234	56	167	176	199	87	64	68	141	115	132	47	81	33	37	19	32	12	5	33	25	31	38	35	27	19
64	170	2	2	119	0	1953125	12	0.0	0	0.66	0	0	V0.2	0	0	249	239	244	242	245	246	241	253	249	252	246	250	249	256	253	251	254	254	254	259	257	260	263	254	250	261	285	259	248	264	252	237	276	281	325	283	217	310	339	356	285	303	154	254	239	428	316	172	204	190	511	282	173	999	933	222	537	224	170	256	315	476	232	200	258	293	309	276	267	255	277	270	280	290	288	287	288	282	280	289	277	282	297	291	294
64	170	2	2	119	0	1953125	12	0.0	0	0.99	0	0	V0.2	0	0	37	27	41	20	32	26	38	18	29	25	34	20	24	31	22	31	21	50	27	58	25	55	17	69	25	57	15	84	32	94	46	122	77	138	134	156	201	272	347	263	248	274	368	208	77	187	367	241	227	485	985	1000	772	484	180	514	445	564	296	158	138	156	144	180	65	91	79	112	102	37	26	58	48	38	32	42	41	32	34	28	32	28	37	29	33
64	170	2	2	119	0	1953125	12	0.0	0	0.97	0	0	V0.2	0	0	45	5	51	4	47	11	45	15	48	27	45	26	40	27	43	29	52	28	54	25	63	29	79	44	66	26	75	48	75	40	107	95	108	143	106	228	192	272	271	297	281	234	163	114	194	271	179	155	296	587	697	475	202	334	735	952	1000	827	518	329	148	204	249	318	240	174	109	114	122	72	82	79	104	51	81	43	81	43	74	49	57	39	48	40	39
64	170	2	2	119	0	1953125	12	0.0	0	0.97	0	0	V0.2	0	0	172	175	179	172	191	170	185	169	193	162	199	149	197	150	197	141	204	133	203	135	202	131	220	125	218	134	231	119	256	95	317	75	281	118	307	115	351	256	275	396	279	416	146	199	383	568	323	507	283	689	779	1000	325	267	332	696	620	840	327	447	252	133	125	321	215	314	202	292	268	190	248	208	256	174	263	170	256	172	244	172	244	168	235	168	234
64	170	2	2	119	0	1953125	12	0.0	0	0.98	0	0	V0.2	0	0	200	147	208	142	211	148	212	146	213	139	217	138	212	138	208	135	212	131	203	135	211	121	228	129	224	141	224	143	221	141	256	152	224	144	292	141	324	232	300	406	266	421	230	255	485	722	496	727	503	958	888	990	343	238	599	1000	631	621	248	206	339	161	93	321	163	331	142	299	197	248	157	288	185	247	195	246	188	248	189	243	187	238	186	238	187
64	170	2	2	119	0	1953125	12	0.0	0	1.00	0	0	V0.2	0	0	29	49	29	54	26	44	31	46	28	43	27	30	43	37	40	21	54	24	57	21	72	11	73	44	107	30	122	53	135	10	116	24	109	77	228	217	338	322	566	399	337	206	432	467	516	324	32	214	590	846	863	496	194	742	994	1000	650	288	50	248	318	319	236	107	92	92	87	35	10	122	89	50	24	89	64	41	22	60	33	47	40	42	20	37	40
64	170	2	2	119	0	1953125	12	0.0	0	0.97	0	0	V0.2	0	0	13	73	10	79	11	72	24	70	28	65	39	55	35	62	42	65	45	74	34	85	49	104	36	108	51	117	48	124	74	102	47	114	90	189	248	267	305	299	509	413	402	290	569	677	717	563	339	378	578	958	966	745	343	622	657	1000	476	401	77	126	152	24	198	83	195	111	195	116	126	51	119	75	90	69	67	76	73	88	51	77	51	68	45	70	57
64	170	2	2	119	0	1953125	12	0.0	0	0.98	0	0	V0.2	0	0	52	51	53	46	57	44	58	40	61	41	60	42	56	48	51	61	55	66	48	87	67	84	55	88	82	81	86	79	77	79	77	107	176	167	305	302	425	292	357	219	287	397	614	548	430	226	298	478	643	742	770	734	540	1000	882	520	278	477	484	482	467	195	281	229	306	171	179	64	116	43	124	37	100	49	98	51	76	56	62	50	60	52	49	53	49
64	170	2	2	119	0	1953125	12	0.0	0	0.97	0	0	V0.2	0	0	26	69	15	70	11	71	15	70	25	64	28	61	33	57	35	62	34	61	39	84	38	84	30	101	25	105	18	118	9	112	48	185	121	211	223	304	375	296	379	204	215	308	539	491	453	286	290	351	608	773	761	517	512	978	996	1000	361	105	326	425	349	163	269	244	306	212	215	126	156	75	120	70	92	63	76	68	78	81	54	70	53	64	40	62	49
64	170	2	2	119	0	1953125	12	0.0	0	0.97	0	0	V0.2	0	0	8	87	3	92	21	83	28	79	37	70	44	64	42	70	49	79	45	89	42	106	45	120	45	131	45	145	62	155	81	204	144	194	179	275	409	461	589	525	628	524	407	443	696	645	376	304	218	430	506	870	917	741	888	1000	668	966	725	643	653	436	226	191	511	386	563	373	353	305	251	204	127	148	96	134	77	122	70	125	67	116	65	92	57	80	64
64	170	2	2	119	0	1953125	12	0.0	0	0.98	0	0	V0.2	0	0	37	67	40	63	41	64	50	50	45	52	49	47	43	53	40	59	37	69	29	87	34	96	33	124	53	125	56	161	98	149	73	153	145	256	294	323	426	502	753	593	471	217	534	519	481	159	191	353	545	775	782	880	984	999	704	639	321	418	729	563	311	327	330	415	414	296	337	172	238	84	155	44	131	46	133	58	115	61	95	64	78	53	69	56	61
64	170	2	2	119	0	1953125	12	0.0	0	0.98	0	0	V0.2	0	0	24	56	12	47	16	54	3	50	9	48	9	44	20	36	16	39	23	30	39	53	38	47	52	67	52	72	57	88	38	107	50	138	137	217	88	234	220	448	448	414	287	214	297	434	594	486	393	279	579	610	390	192	544	682	904	1000	572	251	279	393	288	222	188	292	272	272	172	146	119	85	86	36	50	44	56	49	60	30	58	33	46	21	47	27	35
64	170	2	2	119	0	1953125	12	0.0	0	0.96	0	0	V0.2	0	0	78	38	69	52	51	51	51	58	40	60	27	47	38	58	56	63	57	67	64	89	70	104	66	135	50	143	23	159	42	187	132	227	253	148	193	123	137	232	375	229	160	185	678	731	972	842	550	513	511	973	996	1000	844	924	862	560	480	311	545	534	534	513	195	88	237	155	182	194	148	207	48	134	66	139	72	103	84	75	68	50	74	41	62	43	52
64	170	2	2	119	0	1953125	12	0.0	0	0.99	0	0	V0.2	0	0	224	221	230	224	236	218	241	222	241	214	240	214	237	210	235	201	240	197	243	180	254	187	264	159	300	175	288	171	313	177	337	115	457	218	393	301	330	198	470	406	340	388	579	601	478	580	459	570	649	999	739	909	257	501	130	520	165	437	178	240	291	395	63	448	176	374	149	359	241	316	205	314	270	294	234	311	247	300	243	293	242	295	237	292	224
64	170	2	2	119	0	1953125	12	0.0	0	0.90	0	0	V0.2	0	0	202	174	192	177	180	197	183	205	167	198	161	198	181	185	194	150	196	146	216	160	184	181	157	191	176	238	144	197	202	174	201	262	180	161	207	251	193	171	388	287	347	491	122	401	135	417	389	373	793	531	643	349	554	811	681	1000	354	648	96	462	171	247	322	144	277	244	220	244	169	301	176	259	197	248	209	225	243	205	248	182	253	182	243	208	215
64	170	2	2	119	0	1953125	12	0.0	0	0.96	0	0	V0.2	0	0	192	174	199	178	208	167	212	167	213	169	203	166	207	161	203	158	201	155	205	158	194	162	211	153	215	143	242	142	256	139	275	167	249	205	238	238	245	199	203	336	129	430	96	434	85	458	102	527	182	435	271	499	204	1000	705	969	971	649	831	241	334	304	271	126	320	204	241	132	337	170	282	201	260	236	219	248	216	235	219	231	214	236	206	231	201
64	170	2	2	119	0	1953125	12	0.0	0	0.71	0	0	V0.2	0	0	33	13	17	34	22	7	31	30	8	26	32	17	20	32	22	22	30	26	24	35	28	29	45	30	22	52	58	45	62	70	59	86	129	86	60	104	96	86	87	124	222	136	98	21	161	319	499	530	148	220	463	794	685	790	999	734	604	601	528	456	248	257	118	89	16	68	95	87	75	69	65	43	42	37	43	48	44	44	49	42	26	39	43	23	29
64	170	2	2	119	0	1953125	12	0.0	0	0.73	0	0	V0.2	0	0	221	212	198	225	216	198	222	216	195	226	220	194	221	227	189	218	227	189	216	225	185	212	235	180	200	253	173	210	240	226	204	242	204	224	331	236	255	494	108	208	372	696	199	492	458	404	472	671	541	201	604	1000	534	988	685	245	608	539	78	416	579	302	410	470	181	203	391	327	125	330	371	210	282	360	236	252	317	245	234	283	233	209	270	224	207
64	170	2	2	119	0	1953125	12	0.0	6783	2.18	0	0	V0.2	0	0	21	20	24	20	14	23	26	11	14	14	23	9	9	11	16	5	6	12	22	2	11	21	21	25	18	30	42	81	11	44	88	79	139	93	52	142	82	55	159	189	405	332	400	333	286	84	296	430	269	398	828	683	438	604	109	1000	214	505	276	180	454	73	242	46	156	14	134	32	63	75	15	20	72	34	8	24	46	9	15	4	17	6	6	11	14
64	170	2	2	119	0	1953125	12	0.0	0	0.87	0	0	V0.2	0	0	214	201	184	189	181	183	172	168	130	116	86	76	75	70	68	51	54	90	114	148	158	175	182	206	221	251	291	295	326	311	301	317	340	286	340	462	292	329	378	323	338	357	461	335	527	172	551	606	249	375	206	46	466	899	321	1000	366	852	917	252	474	105	299	186	315	275	288	242	213	211	173	165	169	183	204	201	161	122	84	75	112	97	115	93	86
64	170	2	2	119	0	1953125	12	0.0	7506	2.31	0	0	V0.2	0	0	31	31	34	26	34	31	33	17	23	26	7	14	12	21	21	19	22	28	4	21	26	44	29	40	38	28	53	48	87	100	47	87	87	142	145	139	175	249	473	363	365	386	286	409	217	406	457	251	757	769	724	782	265	308	519	921	529	1000	405	656	111	392	155	115	91	159	85	52	137	56	23	29	37	30	7	46	11	11	17	13	18	29	15	12	12
64	170	2	2	119	0	1953125	12	0.0	99	1.04	0	0	V0.2	0	0	425	380	363	351	365	342	281	256	274	252	190	155	173	165	123	149	203	197	203	262	321	297	362	346	443	461	448	461	513	561	557	527	600	607	564	590	485	620	547	354	673	432	293	813	464	317	275	745	379	464	380	1000	291	516	768	298	134	982	335	568	487	492	437	454	445	410	350	449	464	386	392	336	355	343	269	257	271	252	213	157	165	143	117	67	43
64	170	2	2	119	0	1953125	12	0.0	0	0.66	0	0	V0.2	0	0	16	11	4	16	18	10	7	19	22	6	14	24	24	5	16	30	23	1	20	34	24	16	32	28	27	31	53	62	44	63	98	69	26	86	236	255	157	61	313	350	283	288	486	390	245	499	440	645	289	474	812	344	227	617	999	863	319	110	350	614	508	159	186	293	251	124	92	151	134	84	37	117	100	48	22	82	76	26	33	67	54	15	43	62	41
64	170	2	2	119	0	1953125	12	0.0	7704	2.34	0	0	V0.2	0	0	36	34	24	26	26	24	29	20	19	18	5	11	20	12	16	16	32	21	32	33	33	28	18	39	43	17	57	73	84	100	109	65	244	238	189	174	260	72	298	603	276	227	231	591	218	680	63	661	398	616	394	680	181	699	366	1000	667	353	566	639	194	261	30	62	154	54	30	49	111	117	69	29	54	46	59	52	30	35	37	35	37	32	29	23	18
64	170	2	2	119	0	1953125	12	0.0	7571	2.32	0	0	V0.2	0	0	7	12	20	14	2	6	21	19	15	13	15	17	19	13	11	20	29	20	10	20	26	26	25	25	9	10	32	64	22	93	60	85	50	89	55	78	79	124	238	259	165	308	418	186	148	238	171	816	241	436	666	347	42	45	835	118	668	954	1000	188	529	62	163	66	230	77	132	61	111	59	65	87	66	27	17	50	57	28	4	33	46	27	9	32	40
64	170	2	2	119	0	1953125	12	0.0	4483	1.79	0	0	V0.2	0	0	390	380	323	316	325	323	268	239	231	237	186	147	153	147	129	130	175	197	199	219	290	314	315	357	375	438	448	412	459	545	538	445	476	582	609	515	443	472	537	553	260	674	418	209	549	384	484	381	606	345	489	360	263	1000	549	492	787	466	196	640	389	443	343	526	431	411	366	410	409	368	292	338	348	314	270	222	254	243	191	122	158	145	102	41	37
64	170	2	2	119	0	1953125	12	0.0	0	0.92	0	0	V0.2	0	0	174	156	176	190	177	152	121	107	110	123	104	78	39	56	73	71	68	50	105	133	147	159	147	142	183	258	234	226	238	241	292	269	282	292	338	181	309	276	267	538	255	94	526	342	577	186	272	333	427	656	772	547	357	581	807	619	685	658	857	1000	400	207	500	151	246	232	245	171	184	157	196	161	184	150	136	113	114	118	107	111	64	48	54	60	43
64	170	2	2	119	0	1953125	12	0.0	0	0.91	0	0	V0.2	0	0	126	153	141	158	142	143	150	136	164	136	159	125	149	138	148	148	129	145	119	157	126	166	116	153	138	146	168	138	180	92	205	150	157	162	198	180	145	202	143	366	94	387	232	132	185	42	350	228	334	446	49	297	588	1000	657	826	480	365	382	63	218	54	278	198	164	221	144	213	100	248	172	183	160	183	198	153	213	137	196	146	193	170	171	172	150
64	170	2	2	119	0	1953125	12	0.0	0	0.95	0	0	V0.2	0	0	128	125	121	130	128	131	126	134	116	139	119	138	105	140	106	142	105	133	104	136	111	135	116	122	130	127	133	124	150	123	151	123	194	79	240	145	146	160	184	118	170	127	273	94	308	225	278	321	297	433	234	230	537	1000	994	945	686	251	211	203	349	66	269	158	192	62	249	125	177	151	187	129	170	181	149	155	153	169	140	172	131	174	124	174	125
