34928	35048	35167	35286	35405	35524	35644	35763	35882	36001	36120	36240	36359	36478	36597	36716	36836	36955	37074	37193	37313	37432	37551	37670	37789	37909	38028	38147	38266	38385	38505	38624	38743	38862	38981	39101	39220	39339	39458	39577	39697	39816	39935	40054	40174	40293	40412	40531	40650	40770	40889	41008	41127	41246	41366	41485	41604	41723	41842	41962	42081	42200	42319	42439	42558	42677	42796	42915	43035	43154	43273	43392	43511	43631	43750	43869	43988	44107	44227	44346	44465	44584	44703	44823	44942
64	170	2	2	119	0	1953125	12	0.0	0	0.96	0	0	V0.2	0	0	59	23	56	27	68	6	49	11	64	14	47	28	48	16	56	33	40	25	82	32	64	37	124	67	79	47	115	98	153	212	72	102	211	394	307	391	230	295	321	300	354	325	313	177	325	185	28	102	658	823	729	829	900	1000	744	204	253	798	933	628	502	241	247	156	301	150	160	123	157	162	102	148	78	143	86	139	74	84	59	91	81	63	66	47	46
64	170	2	2	119	0	1953125	12	0.0	0	0.75	0	0	V0.2	0	0	30	15	34	32	8	28	29	5	18	21	7	15	13	17	25	11	22	30	10	28	40	24	39	45	12	26	38	36	27	45	71	64	75	76	126	13	48	48	76	67	204	196	173	161	248	309	397	290	266	39	128	277	357	726	1000	725	599	609	780	477	383	205	94	169	155	129	136	145	86	51	77	60	23	62	72	37	43	55	32	29	43	28	31	41	25
64	170	2	2	119	0	1953125	12	0.0	0	0.78	0	0	V0.2	0	0	170	195	170	178	193	170	191	185	158	188	171	159	184	149	169	192	147	185	183	151	199	174	152	209	158	183	226	147	218	251	140	214	263	192	199	214	198	381	196	138	278	182	239	556	419	568	709	364	154	216	48	568	1000	809	871	558	51	362	222	468	519	242	229	425	320	83	317	202	181	286	170	204	240	166	240	236	155	251	222	176	236	188	191	234	178
64	170	2	2	119	0	1953125	12	0.0	0	0.96	0	0	V0.2	0	0	267	235	265	234	263	238	263	227	261	229	255	226	252	211	261	216	258	217	248	235	253	231	260	235	278	246	291	311	203	460	132	353	239	408	177	620	75	539	396	458	442	238	116	540	866	537	1000	475	639	271	347	19	642	398	793	298	390	438	426	506	255	566	81	494	238	293	304	361	184	438	196	372	291	316	271	326	296	292	303	282	301	276	307	264	309
64	170	2	2	119	0	1953125	12	0.0	0	0.97	0	0	V0.2	0	0	51	19	45	14	47	14	41	4	37	5	38	16	20	2	23	4	23	18	42	6	43	13	51	12	59	27	67	68	181	158	168	152	93	55	94	126	233	243	276	372	282	361	359	679	861	819	1000	864	777	594	413	341	280	322	44	172	361	541	635	521	274	313	204	219	174	26	48	102	150	86	131	42	63	16	85	50	52	40	34	31	21	28	22	32	20
64	170	2	2	119	0	1953125	12	0.0	0	0.95	0	0	V0.2	0	0	73	33	60	46	53	60	39	67	27	58	35	74	48	72	60	81	55	85	55	90	54	117	84	101	75	100	110	147	208	134	216	131	247	188	200	161	93	134	106	191	118	200	258	641	804	800	778	637	631	540	649	675	866	1000	734	600	331	304	271	309	254	339	312	354	341	209	209	96	106	58	143	116	98	103	89	127	77	115	75	94	71	83	79	63	67
64	170	2	2	119	0	1953125	12	0.0	0	0.96	0	0	V0.2	0	0	49	45	52	38	60	25	56	23	65	15	56	19	49	24	53	35	61	46	82	31	86	41	121	52	112	39	103	79	213	216	182	214	134	210	105	259	174	321	312	403	334	198	203	411	577	726	874	865	1000	754	526	681	590	737	586	560	244	438	421	471	211	303	302	299	378	263	290	191	180	135	120	122	58	104	86	129	58	104	65	88	59	70	62	46	52
64	170	2	2	119	0	1953125	12	0.0	0	0.95	0	0	V0.2	0	0	222	226	239	212	248	194	252	195	251	187	247	175	259	173	252	163	261	186	242	209	228	217	235	279	169	291	191	300	192	278	202	445	37	535	347	303	356	286	35	602	534	519	696	349	910	440	924	574	1000	767	843	932	464	729	150	253	586	668	688	735	132	513	228	345	156	419	257	325	374	204	384	210	295	242	350	183	353	189	323	216	319	215	296	243	279
64	170	2	2	119	0	1953125	12	0.0	0	0.78	0	0	V0.2	0	0	30	18	39	27	16	36	20	16	33	17	23	32	19	27	26	22	37	27	37	49	24	53	59	16	69	89	47	93	128	93	134	122	44	139	130	126	152	179	118	206	259	185	146	258	360	345	637	498	352	362	364	255	721	1000	779	586	159	238	427	340	151	204	155	70	18	72	73	59	100	81	83	92	69	33	73	66	13	61	55	14	53	52	21	41	40
64	170	2	2	119	0	1953125	12	0.0	0	0.95	0	0	V0.2	0	0	215	184	214	183	221	182	216	172	223	167	225	154	225	155	220	160	220	156	219	169	228	161	235	199	220	215	229	275	161	342	129	311	120	366	123	407	97	648	441	573	562	139	362	265	703	263	267	424	607	288	616	122	421	333	999	518	961	757	657	614	282	505	101	278	231	311	123	375	134	331	176	300	228	266	229	239	263	213	259	202	260	190	275	182	265
64	170	2	2	119	0	1953125	12	0.0	0	0.96	0	0	V0.2	0	0	11	58	3	61	18	60	26	44	15	53	34	33	31	58	30	44	40	62	21	74	58	74	52	91	77	79	125	164	220	92	189	105	233	162	258	197	163	137	289	358	185	295	374	610	470	457	305	86	309	613	549	622	597	474	477	179	499	986	1000	569	212	129	217	294	137	253	259	195	164	148	199	96	109	89	144	75	67	76	70	55	68	84	38	46	51
64	170	2	2	119	0	1953125	12	0.0	0	0.78	0	0	V0.2	0	0	30	36	6	30	31	1	31	29	6	31	26	17	32	24	27	29	26	43	30	28	55	34	38	59	26	56	106	84	62	121	67	59	95	111	35	144	122	124	163	34	76	100	192	265	379	291	502	479	261	453	357	417	691	999	589	441	297	443	615	590	301	97	83	104	68	107	146	94	84	112	96	65	80	58	57	85	57	32	64	48	27	58	44	20	47
64	170	2	2	119	0	1953125	12	0.0	0	0.95	0	0	V0.2	0	0	156	171	159	169	168	159	173	151	175	141	180	129	186	127	182	118	195	114	193	122	193	139	190	143	195	160	200	235	113	252	136	266	97	335	17	413	151	255	187	295	210	218	307	172	379	154	286	473	999	693	942	740	689	562	367	116	459	499	369	504	235	339	258	132	246	270	79	297	152	252	214	191	208	196	243	148	238	147	234	149	234	136	232	154	219
64	170	2	2	119	0	1953125	12	0.0	0	0.96	0	0	V0.2	0	0	27	48	38	49	50	24	36	39	63	1	33	29	41	21	53	40	30	45	74	46	58	45	94	6	63	63	163	122	230	205	109	57	184	245	235	315	218	294	148	280	231	191	144	411	720	473	276	243	602	537	461	511	620	624	127	606	862	1000	894	737	702	507	368	200	211	246	248	176	263	147	87	79	142	111	84	130	87	82	40	96	58	53	52	67	43
64	170	2	2	119	0	1953125	12	0.0	0	0.71	0	0	V0.2	0	0	57	45	16	41	50	23	23	46	35	3	31	35	23	13	18	24	22	7	33	54	23	36	69	52	21	110	110	57	163	215	147	144	361	423	183	69	213	347	191	378	511	310	342	411	742	645	560	367	818	860	835	793	632	259	897	856	1000	599	262	237	353	552	381	157	236	356	221	78	164	168	105	21	124	133	36	69	100	60	27	82	83	23	52	76	50
64	170	2	2	119	0	1953125	12	0.0	0	0.95	0	0	V0.2	0	0	32	23	27	22	27	29	21	32	17	32	15	33	22	35	21	33	24	36	29	50	29	60	36	76	25	65	40	119	91	70	60	71	119	211	283	185	95	74	264	310	330	304	259	292	192	203	258	351	152	268	566	789	1000	770	254	378	301	400	467	193	174	79	106	178	153	121	44	106	98	86	74	50	59	42	81	52	56	22	52	41	38	35	34	34	19
64	170	2	2	119	0	1953125	12	0.0	0	0.71	0	0	V0.2	0	0	35	51	36	19	45	43	8	30	45	32	13	31	33	19	16	20	29	32	7	31	37	21	30	59	42	40	87	74	13	79	129	122	143	224	92	30	234	320	285	158	313	464	598	692	686	819	582	435	653	543	331	288	206	722	1000	835	633	572	657	376	153	80	116	210	83	195	243	135	58	139	162	91	20	79	67	43	63	83	43	34	82	72	24	46	65
64	170	2	2	119	0	1953125	12	0.0	0	0.96	0	0	V0.2	0	0	206	176	191	174	210	186	195	163	193	182	206	157	183	161	209	169	179	150	200	179	210	138	201	171	243	165	207	137	313	167	255	81	370	166	359	253	338	265	378	567	207	535	111	424	244	209	269	567	310	863	602	1000	961	486	539	246	353	329	387	514	476	93	215	196	286	175	394	73	345	203	302	194	235	205	281	236	219	205	240	251	215	224	194	242	227
64	170	2	2	119	0	1953125	12	0.0	0	0.95	0	0	V0.2	0	0	22	64	14	70	9	67	22	58	28	54	31	54	45	64	52	72	61	83	56	81	66	90	76	87	93	85	131	137	218	130	242	182	291	242	273	264	175	148	142	276	340	595	653	918	1000	867	857	720	745	743	816	721	413	473	347	237	497	740	911	697	512	547	312	303	240	222	241	205	256	161	206	138	160	119	132	134	103	112	73	101	65	85	61	71	56
64	170	2	2	119	0	1953125	12	0.0	0	0.86	0	0	V0.2	0	0	206	195	216	186	217	199	206	214	185	216	171	211	194	184	219	163	218	174	194	214	170	237	166	235	196	202	290	112	288	262	208	281	181	296	162	289	243	246	250	147	328	378	267	775	540	585	724	210	518	138	555	322	113	244	355	480	745	676	1000	287	537	192	234	429	156	301	341	147	356	192	285	253	231	292	176	316	216	247	270	199	284	201	263	240	222
64	170	2	2	119	0	1953125	12	0.0	0	0.95	0	0	V0.2	0	0	54	17	51	24	55	45	40	44	38	54	32	56	46	53	40	62	56	63	59	98	70	109	73	136	66	131	105	152	122	94	160	145	216	144	219	130	268	238	286	213	229	350	407	578	417	293	123	397	506	724	831	821	1000	847	573	114	444	494	538	325	252	331	198	145	28	151	134	178	199	156	149	67	136	91	118	87	112	86	64	81	71	75	52	79	61
64	170	2	2	119	0	1953125	12	0.0	0	0.58	0	0	V0.2	0	0	28	18	3	17	28	27	12	8	25	30	20	0	22	33	27	9	13	39	40	26	9	46	49	40	12	40	71	55	49	56	105	109	170	169	120	102	246	296	164	110	288	493	487	172	153	365	322	485	673	699	999	621	816	314	141	994	802	399	530	251	248	219	360	153	63	30	224	238	112	9	42	96	98	63	14	45	71	69	35	27	64	64	46	21	35
64	170	2	2	119	0	1953125	12	0.0	0	0.98	0	0	V0.2	0	0	75	33	68	7	74	15	75	24	47	5	58	17	34	29	66	13	39	29	67	19	58	33	78	32	115	27	47	80	162	11	81	136	322	266	454	468	652	645	631	726	610	682	634	558	546	341	230	421	311	529	411	780	877	1000	978	188	132	522	666	627	546	653	474	430	199	312	289	369	216	233	132	134	73	83	63	94	73	80	89	38	52	46	55	23	39
64	170	2	2	119	0	1953125	12	0.0	0	0.97	0	0	V0.2	0	0	228	200	241	197	230	189	239	201	230	182	224	197	226	185	211	186	228	196	204	192	216	205	242	165	253	199	287	125	333	166	336	243	254	201	335	155	403	221	436	400	421	629	548	910	572	999	536	726	332	164	408	553	416	839	706	89	294	671	226	504	227	514	428	193	240	321	427	124	374	123	397	193	281	191	296	230	293	180	282	216	295	199	263	212	279
64	170	2	2	119	0	1953125	12	0.0	0	0.97	0	0	V0.2	0	0	35	67	46	46	39	59	60	24	36	40	51	21	43	44	35	33	43	34	21	66	53	55	44	96	89	62	86	165	188	122	250	105	157	141	425	343	463	378	228	188	329	629	843	1000	660	403	185	695	810	971	985	619	411	681	907	415	194	27	399	452	602	550	481	387	240	385	265	230	66	211	156	86	50	116	106	21	67	72	78	23	74	40	24	31	61
64	170	2	2	119	0	1953125	12	0.0	0	0.95	0	0	V0.2	0	0	123	161	128	163	127	157	127	155	135	149	126	148	133	142	136	136	137	136	145	131	155	121	161	138	165	116	212	83	226	88	236	138	205	125	239	188	144	231	163	266	73	295	89	271	152	309	424	318	374	501	75	321	188	479	431	526	573	1000	951	465	395	149	460	142	303	140	263	79	272	160	219	187	181	198	160	214	138	200	135	208	124	206	126	203	121
64	170	2	2	119	0	1953125	12	0.0	0	0.90	0	0	V0.2	0	0	30	55	9	58	19	43	35	31	49	12	45	16	35	14	41	31	46	36	41	47	39	82	21	60	11	104	80	104	132	51	147	64	132	87	69	185	171	253	183	43	114	192	421	518	281	203	370	682	687	471	323	535	666	621	381	359	920	987	918	1000	885	607	490	361	327	326	188	159	62	126	89	70	88	46	81	26	59	33	45	57	36	55	27	53	40
64	170	2	2	119	0	1953125	12	0.0	0	0.86	0	0	V0.2	0	0	43	13	36	27	24	43	6	37	22	27	36	12	29	23	44	33	42	44	39	60	25	60	40	49	79	22	62	39	65	88	42	155	160	128	128	127	236	152	54	43	24	60	93	170	240	483	801	1000	944	804	972	795	789	115	511	597	602	474	414	225	484	522	466	328	86	146	117	154	144	68	96	64	62	80	29	72	65	64	83	56	72	56	36	56	39
64	170	2	2	119	0	1953125	12	0.0	0	0.97	0	0	V0.2	0	0	16	65	17	68	19	62	19	60	27	53	29	45	24	47	24	37	9	58	10	59	4	84	14	102	26	108	42	159	119	118	149	226	297	225	295	240	405	307	340	250	244	266	277	363	151	310	647	1000	902	578	453	299	414	627	885	695	786	841	805	483	454	245	275	296	334	352	255	245	149	251	155	180	97	123	74	75	67	77	74	51	63	39	61	52	66
64	170	1	2	119	0	1953125	12	0.0	0	0.96	0	0	V0.2	0	0	172	204	174	206	168	217	153	218	150	219	144	219	134	216	139	222	127	228	129	240	151	221	176	220	197	215	201	212	239	212	302	177	444	26	445	100	418	221	232	118	502	386	304	460	93	135	579	735	824	1000	579	907	649	908	312	422	488	994	361	482	157	570	388	333	419	222	467	42	353	92	324	140	319	126	295	165	286	182	257	186	245	226	219	217	205
64	170	1	2	119	0	1953125	12	0.0	0	0.96	0	0	V0.2	0	0	130	136	124	139	121	148	115	142	112	144	112	147	96	147	97	156	89	152	89	162	99	161	87	178	108	173	145	132	142	170	171	161	246	119	321	17	224	73	318	71	411	294	398	466	147	222	134	285	262	299	53	214	106	304	257	552	573	1000	601	606	381	242	295	122	206	139	253	97	224	85	221	111	229	78	218	109	205	131	175	123	180	145	168	137	161
64	170	2	2	119	0	1953125	12	0.0	0	0.88	0	0	V0.2	0	0	192	177	182	188	161	194	159	197	174	170	180	155	187	150	189	161	169	173	156	186	152	209	150	203	140	217	230	124	273	151	227	195	197	229	168	270	128	267	264	122	395	162	535	591	263	386	115	537	149	473	439	374	507	77	367	592	811	1000	415	312	154	234	206	229	276	122	223	207	252	223	170	276	175	219	218	214	213	195	229	177	227	191	211	205	199
64	170	2	2	119	0	1953125	12	0.0	0	0.94	0	0	V0.2	0	0	47	38	36	52	14	45	12	54	13	42	28	42	26	48	46	44	30	50	48	33	45	47	72	6	74	29	68	22	77	56	57	68	76	151	121	222	150	24	55	150	112	47	102	65	170	279	581	569	564	447	391	558	686	989	1000	870	664	504	599	284	91	115	293	291	181	141	72	174	117	78	85	50	59	44	108	56	71	46	68	48	42	65	42	39	29
64	170	2	2	119	0	1953125	12	0.0	0	0.86	0	0	V0.2	0	0	56	9	45	26	32	43	11	54	28	36	45	31	40	32	54	38	45	41	54	61	36	78	42	54	82	32	70	17	102	90	62	195	151	116	110	220	307	296	141	156	96	114	180	112	255	445	638	674	540	709	850	1000	691	564	632	645	732	620	383	456	324	213	235	178	220	246	161	214	183	116	159	114	133	120	61	103	68	78	91	57	82	60	70	73	51
64	170	2	2	119	0	1953125	12	0.0	0	0.92	0	0	V0.2	0	0	71	26	64	9	63	23	58	41	29	39	32	51	28	55	41	55	20	60	19	59	19	73	66	43	88	43	17	119	162	61	153	86	142	199	132	215	66	118	118	242	300	236	398	315	108	261	551	777	827	882	744	1000	958	990	863	733	752	725	808	721	579	530	320	396	349	232	266	112	130	42	106	78	65	55	66	89	35	99	45	79	54	58	65	32	50
64	170	2	2	119	0	1953125	12	0.0	0	0.95	0	0	V0.2	0	0	57	14	55	3	56	6	58	23	51	30	58	45	47	40	57	41	58	48	73	55	80	69	83	105	125	184	113	171	70	111	48	172	138	260	361	397	457	356	404	335	454	596	653	688	405	263	439	517	428	496	330	661	652	902	935	1000	904	635	552	389	289	402	259	281	121	82	42	158	113	154	130	120	138	89	133	54	99	49	93	55	80	61	63	62	63
64	170	2	2	119	0	1953125	12	0.0	0	0.86	0	0	V0.2	0	0	41	12	43	12	38	35	20	48	14	34	28	28	36	28	46	29	46	33	54	53	38	71	23	53	35	36	61	40	126	75	70	149	105	188	239	221	287	259	237	193	153	194	173	271	328	364	603	672	610	643	644	855	999	847	706	415	142	144	172	114	232	89	142	73	160	170	111	160	131	116	122	70	107	84	50	86	50	67	62	41	64	38	49	55	38
64	170	2	2	119	0	1953125	12	0.0	0	0.86	0	0	V0.2	0	0	55	29	60	42	45	59	14	53	25	38	46	22	61	30	47	36	63	56	43	84	28	96	56	131	167	131	270	207	215	287	190	316	260	261	380	265	334	360	383	563	571	815	1000	887	750	600	370	375	210	513	698	678	629	661	665	989	643	963	780	667	349	218	303	318	230	269	254	214	261	160	172	156	79	122	84	93	91	18	79	53	43	66	35	59	40
64	170	2	2	119	0	1953125	12	0.0	0	0.97	0	0	V0.2	0	0	281	305	279	302	284	305	279	296	277	295	287	277	279	277	287	264	280	265	292	270	292	272	300	274	327	305	243	418	289	369	357	351	386	266	382	283	453	176	387	373	392	482	895	343	856	320	559	159	758	277	583	251	936	928	798	558	1000	646	639	537	614	605	319	534	253	571	226	647	50	597	171	494	274	403	296	406	269	418	277	388	292	382	287	372	302
64	170	2	2	119	0	1953125	12	0.0	0	0.95	0	0	V0.2	0	0	53	16	48	22	38	22	37	29	31	32	38	43	28	40	39	42	40	51	46	60	48	77	50	110	60	125	57	112	95	51	35	141	171	178	209	104	216	102	103	168	470	600	663	623	337	44	279	435	265	174	144	436	634	666	906	967	999	644	370	277	259	256	155	25	90	207	145	126	106	92	127	89	134	79	111	66	81	64	61	61	45	58	38	55	44
