34928	35048	35167	35286	35405	35524	35644	35763	35882	36001	36120	36240	36359	36478	36597	36716	36836	36955	37074	37193	37313	37432	37551	37670	37789	37909	38028	38147	38266	38385	38505	38624	38743	38862	38981	39101	39220	39339	39458	39577	39697	39816	39935	40054	40174	40293	40412	40531	40650	40770	40889	41008	41127	41246	41366	41485	41604	41723	41842	41962	42081	42200	42319	42439	42558	42677	42796	42915	43035	43154	43273	43392	43511	43631	43750	43869	43988	44107	44227	44346	44465	44584	44703	44823	44942
64	170	2	2	119	0	1953125	12	0.0	0	0.81	0	0	V0.2	0	0	582	587	592	593	584	578	579	577	581	572	572	561	553	550	539	537	535	543	536	547	552	554	570	572	594	592	608	639	637	631	660	675	719	711	674	701	725	725	664	689	636	799	868	712	556	778	835	572	560	640	848	999	787	447	568	913	920	448	569	717	755	695	672	703	755	717	724	715	795	760	740	757	741	722	741	744	738	740	730	726	719	702	703	694	704
64	170	2	2	119	0	1953125	12	0.0	0	0.83	0	0	V0.2	0	0	168	159	200	155	184	172	144	188	136	180	177	140	204	134	158	169	111	190	132	174	200	120	202	135	159	182	151	254	146	223	268	60	341	382	95	354	262	242	434	48	404	265	368	328	70	463	482	220	647	653	791	543	569	707	703	404	932	901	999	706	202	604	306	225	450	65	307	288	221	303	144	258	220	171	268	189	268	243	191	258	145	221	212	188	267
64	170	2	2	119	0	1953125	12	0.0	0	0.84	0	0	V0.2	0	0	104	126	86	126	103	102	129	80	127	105	96	127	74	124	96	91	122	68	134	87	111	139	41	168	125	82	172	76	138	111	139	184	28	232	187	159	320	197	160	252	55	89	97	279	401	106	331	432	501	593	179	370	649	414	207	439	1000	913	717	780	542	594	431	117	306	186	158	246	20	246	162	122	224	83	174	130	120	180	88	175	132	117	169	81	155
64	170	2	2	119	0	1953125	12	0.0	0	0.95	0	0	V0.2	0	0	45	19	42	10	42	13	38	9	31	6	36	13	33	24	36	16	31	16	39	11	59	29	70	52	47	59	44	98	45	101	12	123	21	163	184	308	234	49	56	213	282	137	111	168	407	371	170	159	338	555	778	796	840	905	1000	881	669	412	592	507	513	427	200	174	169	112	152	162	52	100	49	115	54	68	57	62	64	49	68	24	48	45	59	38	37
64	170	2	2	119	0	1953125	12	0.0	0	0.98	0	0	V0.2	0	0	30	47	43	42	46	25	27	45	57	15	28	46	46	22	36	56	37	28	19	42	9	80	52	65	29	101	74	85	102	220	144	85	146	231	248	62	142	59	145	171	488	403	354	221	597	672	653	620	666	850	351	262	720	1000	785	416	413	503	518	446	465	350	344	154	267	231	255	113	66	40	101	33	114	76	52	32	70	52	36	46	55	41	35	48	32
64	170	2	2	119	0	1953125	12	0.0	0	0.79	0	0	V0.2	0	0	46	9	38	42	8	41	36	18	49	36	23	45	32	32	42	40	44	31	47	52	32	61	60	30	67	40	54	121	75	104	130	99	187	345	346	355	409	362	227	218	115	153	284	272	251	122	419	524	330	484	682	787	827	653	771	887	989	1000	703	585	542	176	46	32	47	55	98	62	59	54	45	92	89	44	76	84	40	58	69	40	47	49	32	39	39
64	170	2	2	119	0	1953125	12	0.0	0	0.78	0	0	V0.2	0	0	5	29	28	3	28	25	8	29	21	6	24	18	7	13	17	27	16	23	31	6	35	36	8	48	54	54	101	87	85	171	169	118	191	177	162	267	290	223	136	122	72	234	282	111	118	233	372	332	269	218	197	624	877	999	774	561	413	144	183	392	563	384	177	125	121	143	168	136	40	32	38	34	63	42	19	54	40	18	41	28	8	32	20	15	28
64	170	2	2	119	0	1953125	12	0.0	0	0.86	0	0	V0.2	0	0	15	32	8	26	23	11	27	8	21	16	16	27	15	24	21	25	20	27	32	6	27	15	32	32	9	48	40	29	6	60	78	63	127	156	91	120	82	50	79	36	146	116	104	268	249	271	150	246	126	330	264	133	570	981	999	708	404	438	491	494	260	132	153	131	179	123	147	178	100	93	98	73	95	56	70	81	39	64	49	37	47	31	47	33	35
64	170	2	2	119	0	1953125	12	0.0	0	1.01	0	0	V0.2	0	0	29	39	33	38	31	32	22	39	25	26	5	37	13	24	24	45	22	31	45	57	22	27	49	38	55	54	77	98	19	110	99	126	231	139	127	88	146	182	334	372	427	358	317	354	337	365	260	326	399	448	152	346	673	1000	951	550	292	351	353	384	360	261	122	50	43	133	94	30	17	73	27	70	42	77	32	55	32	40	11	57	35	35	26	50	33
64	170	2	2	119	0	1953125	12	0.0	0	0.85	0	0	V0.2	0	0	42	12	36	34	14	41	16	26	29	14	37	15	26	26	18	15	23	32	4	37	33	32	49	0	61	32	40	86	43	124	126	139	218	141	40	70	95	215	151	158	372	295	355	359	225	332	195	297	106	53	341	409	370	858	920	1000	688	305	329	310	274	279	212	136	222	176	170	196	98	127	134	69	105	76	67	72	22	69	62	23	56	41	37	32	33
64	170	2	2	119	0	1953125	12	0.0	0	0.76	0	0	V0.2	0	0	18	32	39	17	27	38	17	19	30	12	13	22	14	21	17	21	34	18	32	36	18	33	41	5	38	48	44	28	51	78	19	83	53	72	134	133	211	389	216	260	359	359	422	456	309	180	221	445	595	1000	847	700	492	838	501	576	251	273	355	217	301	92	121	170	154	71	140	105	24	74	65	51	76	45	25	54	39	19	49	32	8	39	33	2	29
64	170	2	2	119	0	1953125	12	0.0	0	0.86	0	0	V0.2	0	0	132	113	115	131	97	138	105	125	126	99	136	87	127	105	109	140	67	150	87	121	135	83	155	78	162	124	126	199	32	212	139	171	229	73	298	141	228	400	145	396	301	151	221	227	435	297	596	899	849	1000	870	450	606	402	49	131	608	481	323	282	113	302	245	73	205	78	233	165	119	246	108	181	149	145	197	94	200	129	152	181	105	180	123	151	148
64	170	2	2	119	0	1953125	12	0.0	0	0.98	0	0	V0.2	0	0	65	11	32	26	70	19	39	18	57	9	51	33	37	19	65	49	43	33	77	28	31	52	86	26	60	100	155	19	79	8	35	79	77	94	211	321	463	410	155	99	390	458	280	156	317	325	603	984	999	826	428	550	823	656	380	799	964	700	642	626	773	645	541	287	134	156	110	78	87	85	60	97	81	84	47	93	66	54	30	74	35	26	42	61	25
64	170	2	2	119	0	1953125	12	0.0	7505	2.31	0	0	V0.2	0	0	23	29	16	9	22	31	29	17	20	35	37	20	11	33	34	35	29	34	37	40	19	39	57	23	25	40	45	38	12	42	126	65	120	100	286	105	167	308	95	430	161	465	121	185	423	251	196	404	977	1000	524	445	568	642	579	709	883	890	314	22	209	284	143	210	160	81	132	221	66	82	150	97	46	62	101	74	3	46	64	43	2	26	51	35	4
64	170	2	2	119	0	1953125	12	0.0	0	0.89	0	0	V0.2	0	0	374	372	337	297	278	260	285	263	246	191	130	111	101	122	116	89	99	136	201	234	263	289	281	321	353	448	475	510	420	450	530	555	584	520	560	672	713	431	411	755	646	714	494	366	452	763	765	238	604	467	734	672	298	1000	975	228	767	482	593	436	689	402	542	349	404	491	314	388	414	405	383	345	287	294	286	301	259	231	228	177	181	141	124	111	107
64	170	2	2	119	0	1953125	12	0.0	0	0.75	0	0	V0.2	0	0	34	25	15	30	27	11	28	28	7	16	24	11	12	20	19	15	7	24	34	12	21	33	12	27	43	12	35	47	17	55	46	13	38	44	126	106	212	302	181	188	345	338	412	508	378	383	109	284	299	214	511	692	877	1000	777	310	71	24	113	286	398	177	177	198	134	39	69	92	29	25	29	33	11	30	40	8	27	33	21	21	29	20	26	27	10
64	170	2	2	119	0	1953125	12	0.0	0	0.84	0	0	V0.2	0	0	113	95	95	115	81	119	100	96	117	76	109	87	95	112	75	116	76	99	98	72	132	72	110	113	85	133	65	155	122	113	246	82	205	222	40	269	123	194	179	61	251	277	226	380	60	204	238	99	281	175	330	425	774	1000	787	716	368	204	248	125	182	224	106	208	23	246	200	77	207	91	138	168	82	195	114	130	154	80	156	104	138	140	102	147	93
64	170	2	2	119	0	1953125	12	0.0	7659	2.33	0	0	V0.2	0	0	22	14	7	14	15	18	16	9	16	8	13	8	10	13	8	9	19	11	4	18	26	4	16	7	61	10	26	45	20	64	62	60	76	36	130	60	91	278	59	65	163	385	235	305	381	291	232	151	230	424	180	348	670	1000	296	696	315	561	442	186	409	178	152	36	155	33	63	110	32	63	75	16	20	24	44	35	10	8	22	16	6	3	19	18	11
64	170	2	2	119	0	1953125	12	0.0	0	0.84	0	0	V0.2	0	0	309	291	285	247	234	210	198	174	189	169	135	129	84	53	58	69	120	130	149	156	177	191	235	306	310	341	377	394	406	379	370	435	492	455	443	708	562	434	270	497	724	692	425	385	361	565	366	560	711	185	234	1000	97	430	657	710	757	222	342	641	349	638	348	354	378	241	326	273	202	252	321	308	293	262	249	198	168	133	159	187	175	142	160	143	119
64	170	2	2	119	0	1953125	12	0.0	0	0.85	0	0	V0.2	0	0	27	25	41	5	41	35	11	43	18	22	29	13	33	16	30	28	24	33	20	47	36	26	53	11	74	68	64	133	87	117	194	120	117	153	15	128	145	257	117	35	156	342	353	387	486	462	501	397	129	193	171	546	770	976	1000	850	173	119	238	372	176	105	168	198	151	161	154	102	104	84	48	102	68	31	55	21	39	44	18	48	37	25	46	25	30
64	170	2	2	119	0	1953125	12	0.0	7798	2.36	0	0	V0.2	0	0	25	31	25	25	33	31	14	13	14	32	18	5	17	28	4	11	30	21	9	9	47	47	22	19	68	22	63	32	38	53	71	43	27	76	139	238	49	303	78	300	244	203	365	408	522	589	439	555	848	648	152	310	1000	854	174	534	768	466	689	416	580	65	196	147	100	18	23	63	38	20	46	22	13	25	17	32	39	12	16	23	14	16	8	14	6
64	170	2	2	119	0	1953125	12	0.0	0	0.60	0	0	V0.2	0	0	8	12	16	11	13	26	19	7	24	13	15	19	8	17	32	18	19	22	28	15	23	59	40	34	43	34	32	47	63	73	59	39	88	125	136	133	139	92	81	326	175	224	450	284	405	308	215	539	430	635	1000	603	383	205	702	991	661	792	432	158	239	67	59	106	103	66	82	31	35	41	31	19	19	15	27	14	26	25	11	18	10	50	11	32	12
64	170	2	2	119	0	1953125	12	0.0	0	0.60	0	0	V0.2	0	0	5	11	12	8	6	14	15	11	9	15	19	19	10	17	26	22	13	18	32	37	29	29	43	53	44	21	29	61	58	40	58	105	125	128	64	65	149	200	172	171	156	169	242	324	256	206	170	331	343	638	897	397	75	596	785	1000	714	101	92	177	403	455	214	64	130	224	175	64	5	78	138	115	34	39	79	85	49	9	61	78	58	12	41	69	63
64	170	2	2	119	0	1953125	12	0.0	7737	2.35	0	0	V0.2	0	0	27	26	11	32	36	29	14	13	27	33	17	9	23	37	12	5	21	30	16	7	38	46	14	43	91	57	61	77	84	101	151	81	107	111	248	62	283	275	171	419	254	398	374	106	225	556	729	1000	395	773	428	452	937	404	237	834	480	271	774	475	480	182	423	166	293	143	30	110	67	112	65	33	42	35	60	22	6	31	27	42	18	35	28	9	28
64	170	2	2	119	0	1953125	12	0.0	0	0.99	0	0	V0.2	0	0	749	774	775	743	753	764	773	748	729	738	749	731	700	694	710	712	686	677	697	716	719	704	715	765	773	770	771	822	844	838	836	887	917	916	876	886	933	976	927	897	882	987	912	846	879	1000	837	738	911	907	710	881	842	903	881	821	879	795	989	847	963	894	941	934	946	984	939	962	978	980	988	984	972	976	975	966	957	950	953	934	933	928	932	929	915
64	170	2	2	119	0	1953125	12	0.0	0	0.86	0	0	V0.2	0	0	36	49	9	62	37	31	54	16	45	26	41	44	25	52	43	47	37	68	62	40	82	58	91	71	39	91	23	156	141	126	188	166	287	297	220	271	168	61	151	207	233	230	257	314	313	565	583	570	743	617	702	579	408	569	908	1000	829	494	618	536	148	260	230	282	313	157	253	293	166	140	124	114	115	41	101	102	36	95	79	71	72	67	89	55	50
64	170	2	2	119	0	1953125	12	0.0	0	0.80	0	0	V0.2	0	0	28	19	13	28	12	16	24	5	19	18	9	24	16	12	21	20	23	13	27	32	14	31	25	13	39	16	31	52	23	85	67	53	117	124	74	125	139	117	165	99	40	31	79	82	202	25	40	156	113	181	266	332	450	943	1000	713	544	451	519	329	152	45	45	48	44	63	33	31	44	14	36	60	29	35	46	20	28	33	16	32	29	19	35	27	20
64	170	2	2	119	0	1953125	12	0.0	0	0.85	0	0	V0.2	0	0	37	42	5	42	18	30	42	3	37	25	27	34	22	39	25	34	27	30	30	17	49	22	47	48	22	69	34	92	98	50	112	116	86	133	56	30	143	135	118	99	148	97	19	251	398	561	490	420	516	773	852	380	410	1000	971	436	250	486	630	436	197	178	358	280	227	158	159	205	147	77	137	111	69	83	60	77	67	36	69	42	47	62	42	45	39
64	170	2	2	119	0	1953125	12	0.0	0	0.88	0	0	V0.2	0	0	48	13	53	16	49	44	17	51	14	43	27	36	38	24	37	34	50	27	60	40	62	64	62	99	23	85	52	102	139	125	235	199	222	243	146	265	216	266	296	172	337	214	217	227	77	324	256	95	242	303	458	716	1000	688	630	662	632	714	558	429	455	438	365	376	226	144	151	53	117	108	79	90	35	90	49	53	62	23	58	26	47	44	27	44	26
64	170	2	2	119	0	1953125	12	0.0	0	0.97	0	0	V0.2	0	0	163	174	174	168	183	158	190	151	187	145	185	142	187	132	192	118	196	122	184	125	187	149	177	148	254	84	280	111	238	101	319	111	206	198	340	89	470	190	471	397	595	605	491	632	38	249	290	286	608	1000	887	913	394	949	585	447	210	465	238	844	432	536	397	253	233	240	216	229	237	251	260	191	300	171	284	157	267	168	248	175	252	164	240	170	246
64	170	2	2	119	0	1953125	12	0.0	0	0.99	0	0	V0.2	0	0	40	44	47	51	41	47	43	56	28	42	27	27	37	29	43	20	71	37	67	18	91	32	81	4	98	18	129	27	119	21	184	122	218	87	136	103	241	286	242	342	174	185	337	346	678	889	887	827	602	539	225	288	480	1000	800	793	632	631	748	805	564	197	98	38	189	192	325	233	149	43	98	55	38	23	98	32	65	42	74	19	60	45	36	19	65
64	170	2	2	119	0	1953125	12	0.0	0	0.84	0	0	V0.2	0	0	11	35	10	32	37	5	33	22	23	33	17	31	22	24	28	26	34	23	44	36	45	60	18	58	54	48	81	49	94	120	58	83	76	28	79	25	112	133	104	115	62	101	327	429	653	542	265	148	140	206	180	133	754	1000	814	641	224	241	378	277	48	110	194	239	190	124	159	114	72	70	51	87	81	34	52	38	33	51	27	38	42	29	41	28	31
64	170	2	2	119	0	1953125	12	0.0	0	0.74	0	0	V0.2	0	0	12	22	13	4	15	10	8	18	13	10	18	14	3	14	9	8	19	15	11	15	10	21	25	13	40	59	50	33	89	106	44	75	94	72	48	41	30	71	185	205	118	103	226	321	627	543	305	268	456	314	61	302	386	768	1000	948	461	302	206	216	191	51	170	225	170	163	116	40	18	13	9	20	27	9	25	37	22	14	37	32	2	29	31	9	24
64	170	2	2	119	0	1953125	12	0.0	7646	2.33	0	0	V0.2	0	0	23	19	23	24	23	24	17	15	19	7	11	10	9	12	8	4	20	4	14	13	34	15	37	31	34	25	61	59	56	72	120	72	131	14	57	62	55	184	108	421	228	113	264	221	321	38	378	470	534	486	1000	697	334	718	553	464	58	181	233	261	218	145	229	196	210	127	88	30	45	44	17	33	27	8	29	12	12	20	17	9	4	6	8	18	7
64	170	2	2	119	0	1953125	12	0.0	0	0.84	0	0	V0.2	0	0	218	215	227	236	229	209	193	161	128	122	93	82	74	67	63	56	56	89	116	140	175	199	205	239	249	246	307	316	336	329	390	373	394	392	422	381	480	307	448	461	410	454	632	468	511	382	331	189	539	462	1000	741	690	277	395	247	382	375	927	371	446	160	218	307	260	317	347	278	299	294	239	210	181	174	160	184	188	191	174	161	121	117	102	83	46
64	170	2	2	119	0	1953125	12	0.0	0	0.85	0	0	V0.2	0	0	142	127	117	140	93	143	112	127	149	92	147	101	118	132	83	157	95	131	124	86	163	59	176	135	101	192	51	204	122	169	306	31	296	204	133	352	78	203	166	175	405	238	458	366	314	462	145	525	554	394	607	513	981	1000	493	638	584	632	713	63	261	195	227	247	108	322	198	170	224	45	239	141	202	242	93	204	118	169	188	121	223	127	168	160	110
64	170	2	2	119	0	1953125	12	0.0	6225	2.09	0	0	V0.2	0	0	30	30	32	26	30	41	29	27	35	29	33	10	28	29	15	22	33	24	12	26	29	23	49	9	79	87	53	143	61	252	151	208	188	139	114	156	188	605	480	351	347	251	756	307	471	509	412	643	493	921	590	754	752	999	807	712	454	800	470	107	140	355	368	327	408	243	163	138	42	65	43	33	60	19	34	44	29	14	20	6	15	9	25	12	14
64	170	2	2	119	0	1953125	12	0.0	7481	2.30	0	0	V0.2	0	0	58	28	41	45	25	40	52	0	28	50	5	39	27	28	37	37	20	9	58	19	21	34	51	10	52	90	47	113	89	34	146	46	156	310	91	123	315	204	191	178	271	412	278	263	154	174	220	419	363	434	659	510	134	309	710	999	663	313	503	426	582	545	360	29	56	147	161	104	54	86	25	85	51	46	36	36	25	35	31	28	56	16	34	36	26
64	170	2	2	119	0	1953125	12	0.0	0	0.95	0	0	V0.2	0	0	144	151	144	145	159	138	159	133	157	129	169	109	173	100	173	101	171	98	171	107	176	113	170	152	162	130	184	164	162	200	149	224	142	312	101	207	142	417	144	494	417	500	641	227	479	92	416	189	617	520	793	611	18	214	606	501	977	951	1000	984	406	552	188	297	189	256	121	283	173	242	205	200	222	177	237	163	235	137	237	144	241	126	229	139	227
64	170	2	2	119	0	1953125	12	0.0	0	0.95	0	0	V0.2	0	0	15	32	14	31	18	30	24	25	27	23	30	21	29	29	33	21	25	37	43	40	57	40	63	20	63	28	84	61	98	91	44	65	43	47	144	207	185	276	251	279	236	151	188	165	194	84	90	299	682	849	1000	893	609	439	392	257	58	272	392	398	265	154	43	31	45	72	160	133	150	118	100	102	22	61	48	77	26	55	31	40	31	53	49	33	34
