34928	35048	35167	35286	35405	35524	35644	35763	35882	36001	36120	36240	36359	36478	36597	36716	36836	36955	37074	37193	37313	37432	37551	37670	37789	37909	38028	38147	38266	38385	38505	38624	38743	38862	38981	39101	39220	39339	39458	39577	39697	39816	39935	40054	40174	40293	40412	40531	40650	40770	40889	41008	41127	41246	41366	41485	41604	41723	41842	41962	42081	42200	42319	42439	42558	42677	42796	42915	43035	43154	43273	43392	43511	43631	43750	43869	43988	44107	44227	44346	44465	44584	44703	44823	44942
64	170	1	2	119	0	1953125	12	0.0	0	0.87	0	0	V0.2	0	0	293	308	275	307	270	297	287	285	299	265	297	265	284	272	272	289	262	293	246	299	270	288	298	272	329	266	318	287	354	318	294	388	231	424	361	162	659	387	403	340	403	437	521	828	410	619	478	110	869	530	421	760	232	1000	887	834	763	281	545	260	679	110	543	511	164	621	300	328	408	227	443	287	378	324	306	404	270	381	299	340	334	293	363	293	357
64	170	1	2	119	0	1953125	12	0.0	6978	2.22	0	0	V0.2	0	0	28	32	36	27	26	42	30	27	18	35	31	23	19	19	26	21	23	30	34	31	23	41	55	28	51	26	82	27	29	112	23	84	30	58	58	288	190	311	239	166	106	293	425	215	174	621	338	634	301	252	209	590	449	308	1000	791	696	505	247	331	432	360	319	99	184	118	103	60	21	43	48	25	19	26	41	1	19	14	15	11	10	20	22	25	20
64	170	1	2	119	0	1953125	12	0.0	7535	2.31	0	0	V0.2	0	0	44	35	36	9	51	27	31	37	2	55	7	10	40	8	26	37	6	56	46	52	57	40	40	65	81	95	112	149	69	201	115	75	160	175	258	145	25	250	414	426	332	331	376	381	274	128	78	130	121	168	139	273	346	297	261	638	909	1000	776	578	366	207	85	222	225	235	185	83	141	104	84	76	114	69	16	78	6	31	48	17	55	31	43	65	58
64	170	1	2	119	0	1953125	12	0.0	7491	2.31	0	0	V0.2	0	0	32	76	21	62	37	58	38	62	37	36	41	35	46	31	80	54	63	61	112	60	54	61	80	82	92	157	167	119	140	139	155	84	147	322	308	79	60	342	417	385	378	285	366	245	226	220	233	318	367	263	290	369	335	392	499	736	974	1000	980	748	612	318	149	153	358	269	230	90	188	126	109	32	140	80	94	41	84	20	55	56	85	30	26	28	35
64	170	1	2	119	0	1953125	12	0.0	3577	1.63	0	0	V0.2	0	0	373	351	315	322	323	304	249	231	240	221	162	135	154	148	99	147	159	189	178	258	285	285	302	345	413	374	397	420	489	472	428	543	500	450	552	553	422	500	674	406	433	497	369	697	208	306	499	368	526	552	214	355	398	242	790	239	1000	234	728	501	533	534	489	254	491	390	306	353	358	384	320	286	322	307	263	216	215	211	202	139	115	128	99	56	17
64	170	1	2	119	0	1953125	12	0.0	7516	2.31	0	0	V0.2	0	0	37	34	30	30	33	33	35	31	31	24	12	26	24	27	33	32	36	43	40	54	37	32	29	65	76	74	82	109	68	69	84	58	111	149	153	42	126	199	152	315	197	241	415	131	317	295	127	437	237	122	355	366	40	368	714	882	1000	284	462	824	75	271	57	93	152	108	129	59	50	78	54	22	61	28	60	42	36	28	23	26	19	16	19	15	28
64	170	1	2	119	0	1953125	12	0.0	7574	2.32	0	0	V0.2	0	0	247	232	94	133	231	183	59	131	171	88	45	107	67	43	106	71	81	167	150	87	204	255	160	145	294	285	119	199	333	258	58	273	326	158	179	338	316	115	331	465	377	271	507	631	527	522	646	827	665	661	847	983	840	795	946	1000	846	833	844	954	812	671	829	821	645	514	620	619	441	319	413	393	223	134	200	159	21	91	99	58	151	197	187	201	242
64	170	2	2	119	0	1953125	12	0.0	0	0.86	0	0	V0.2	0	0	242	226	240	254	256	242	221	176	139	115	101	116	115	82	48	34	71	118	175	203	184	181	200	226	309	349	394	366	374	324	365	427	401	422	604	540	354	494	405	314	449	567	623	619	311	397	195	387	391	1000	527	67	445	253	765	253	742	474	469	778	393	303	467	269	365	349	267	322	261	275	248	218	247	204	227	213	184	165	153	137	130	108	120	107	102
64	170	2	2	119	0	1953125	12	0.0	0	0.86	0	0	V0.2	0	0	221	198	204	228	185	234	185	208	210	184	233	168	226	187	189	221	155	248	166	221	214	172	255	145	263	196	235	261	129	347	158	291	300	125	376	305	210	371	121	421	15	564	485	496	749	249	474	445	594	750	284	378	589	597	1000	225	218	74	484	238	334	317	51	408	313	189	375	177	289	270	204	299	180	317	213	238	287	184	287	196	262	245	208	271	191
64	170	2	2	119	0	1953125	12	0.0	0	0.86	0	0	V0.2	0	0	217	277	228	254	266	219	283	211	261	236	227	275	191	280	205	245	260	183	305	181	285	244	223	315	167	332	203	313	355	125	437	177	352	405	127	433	334	171	398	218	578	271	969	681	488	738	87	830	684	379	782	161	1000	898	723	698	366	742	201	648	333	279	571	138	479	445	107	404	214	334	333	243	361	167	371	277	266	345	208	343	228	293	304	235	333
64	170	2	2	119	0	1953125	12	0.0	0	0.86	0	0	V0.2	0	0	218	276	214	265	246	229	276	202	271	213	247	254	201	281	182	269	223	211	295	166	308	197	266	282	185	335	159	356	293	195	419	111	406	330	243	426	218	221	331	356	516	268	1000	496	567	556	236	830	401	338	564	174	982	655	772	492	789	898	438	877	262	452	620	89	602	388	194	416	173	374	269	301	319	197	392	209	329	299	241	342	198	329	257	275	312
64	170	2	2	119	0	1953125	12	0.0	0	0.86	0	0	V0.2	0	0	48	52	14	58	24	43	47	19	53	24	46	45	41	48	42	58	51	69	56	69	80	61	107	62	89	100	79	169	105	130	177	96	189	183	140	168	64	101	82	228	353	467	756	566	473	317	183	489	438	185	298	259	519	712	400	517	918	999	807	688	526	496	408	469	431	254	252	135	128	135	55	97	55	117	118	64	103	68	73	82	56	77	53	48	61
64	170	2	2	119	0	1953125	12	0.0	0	0.88	0	0	V0.2	0	0	204	199	219	186	224	192	208	210	183	220	181	212	189	192	205	177	215	169	218	188	197	216	176	248	171	241	204	213	303	119	307	230	208	357	113	269	287	269	236	138	441	315	648	640	197	386	158	460	321	336	289	284	391	401	137	519	705	999	639	668	670	244	593	440	223	427	164	282	245	198	260	203	293	197	253	236	204	269	185	265	217	230	237	200	253
64	170	2	2	119	0	1953125	12	0.0	0	0.88	0	0	V0.2	0	0	459	446	458	442	470	447	475	427	464	416	460	416	468	407	461	396	460	396	474	413	474	411	482	421	499	443	506	483	490	480	512	508	502	566	527	531	379	639	626	488	378	646	618	552	456	490	493	768	241	647	662	1000	730	457	40	976	737	502	521	587	489	503	485	550	552	502	472	541	465	530	460	581	466	552	464	544	455	545	463	548	462	529	460	521	470
64	170	2	2	119	0	1953125	12	0.0	0	0.88	0	0	V0.2	0	0	201	225	193	231	203	220	220	191	227	186	220	196	208	211	188	217	172	231	184	217	209	198	226	177	251	175	287	215	191	339	112	326	233	217	341	201	195	303	264	285	226	670	346	615	463	334	525	177	372	374	292	31	45	93	323	720	720	997	1000	473	819	342	466	551	31	374	222	282	295	205	293	180	314	232	251	262	214	284	196	278	225	247	246	218	263
64	170	2	2	119	0	1953125	12	0.0	0	0.88	0	0	V0.2	0	0	19	44	10	47	29	30	42	8	43	15	32	24	22	31	18	26	18	42	7	48	23	41	34	36	58	15	98	56	115	156	88	169	131	147	184	144	53	174	77	192	190	520	587	519	480	236	414	468	231	125	49	178	371	180	161	398	961	969	1000	788	640	549	489	365	336	168	119	133	73	67	49	77	92	40	66	44	48	60	25	58	27	41	40	25	42
64	170	2	2	119	0	1953125	12	0.0	0	0.88	0	0	V0.2	0	0	53	29	42	56	9	56	22	40	42	17	43	10	43	25	33	24	49	51	38	69	28	83	41	79	97	26	127	73	149	189	123	201	116	203	183	174	155	200	11	269	298	619	754	643	689	310	349	615	481	395	288	229	668	709	504	171	821	851	887	1000	691	682	628	536	532	373	210	199	138	107	112	43	114	80	109	104	61	105	63	80	86	41	69	40	48
64	170	2	2	119	0	1953125	12	0.0	0	0.87	0	0	V0.2	0	0	15	51	15	50	42	21	49	9	44	25	30	34	18	39	24	36	19	59	37	50	58	37	75	21	86	74	52	102	56	170	138	135	180	128	203	318	210	244	206	205	202	392	707	527	610	439	170	523	489	466	364	188	756	1000	953	561	80	478	509	671	597	413	476	471	394	344	236	105	146	94	107	70	61	125	75	96	88	61	87	46	75	68	33	56	37
64	170	2	2	119	0	1953125	12	0.0	0	0.87	0	0	V0.2	0	0	16	37	26	29	39	14	40	15	28	26	14	24	5	30	17	26	11	39	36	29	54	7	55	27	53	70	22	73	31	117	117	67	138	88	157	312	228	257	237	93	124	234	547	432	489	478	132	391	469	472	426	357	602	878	999	727	467	47	193	301	365	180	244	280	244	220	169	68	94	89	79	79	23	90	68	56	80	34	60	42	43	58	25	40	35
64	170	2	2	119	0	1953125	12	0.0	6953	2.21	0	0	V0.2	0	0	33	33	38	41	27	39	30	32	25	30	32	21	13	13	29	30	20	33	41	35	27	38	60	36	31	40	83	50	9	95	65	89	67	58	45	383	179	343	251	168	186	402	669	268	295	634	357	741	440	366	21	571	740	602	1000	522	800	246	286	341	525	401	302	114	167	109	102	46	5	68	44	32	37	34	61	12	29	21	25	19	9	24	33	28	13
64	170	2	2	119	0	1953125	12	0.0	7003	2.22	0	0	V0.2	0	0	55	41	15	67	30	61	26	65	5	64	30	33	36	53	29	7	76	49	38	40	53	34	44	104	79	78	87	177	80	189	218	296	203	21	33	175	228	484	444	384	108	312	393	461	336	265	178	75	257	517	390	312	194	183	39	453	760	1000	822	542	297	275	269	146	89	97	46	143	113	110	22	132	95	95	16	110	58	63	49	87	39	69	92	88	39
64	170	2	2	119	0	1953125	12	0.0	7148	2.25	0	0	V0.2	0	0	53	73	37	31	78	52	56	25	67	24	35	13	25	41	37	49	6	54	32	48	91	115	58	49	95	96	44	76	64	92	57	247	252	247	260	71	145	393	384	439	289	346	383	555	501	314	166	108	137	430	510	607	341	163	550	954	985	1000	853	944	746	482	205	116	42	159	158	246	55	99	137	173	18	80	92	67	76	77	70	21	83	50	46	47	68
64	170	2	2	119	0	1953125	12	0.0	3547	1.63	0	0	V0.2	0	0	385	377	333	315	345	336	257	242	231	242	172	133	133	172	99	129	163	207	185	229	286	337	334	321	393	473	432	400	473	527	511	366	580	646	429	577	561	545	540	492	303	630	421	752	280	314	489	395	557	356	839	513	419	398	431	733	420	984	148	1000	219	335	543	397	444	382	390	433	420	378	339	387	367	309	259	273	271	242	173	150	164	150	85	70	60
64	170	2	2	119	0	1953125	12	0.0	4094	1.72	0	0	V0.2	0	0	47	11	39	25	28	44	20	32	13	32	22	12	26	16	28	29	7	43	23	15	52	8	35	45	34	75	22	96	39	83	118	95	70	13	135	23	57	232	191	236	192	256	207	351	345	381	301	303	302	298	475	442	326	567	859	1000	816	365	327	592	447	323	72	91	103	93	117	44	104	44	56	51	28	62	32	58	40	51	43	26	48	27	35	26	24
64	170	2	2	119	0	1953125	12	0.0	7536	2.31	0	0	V0.2	0	0	22	14	4	6	13	13	8	18	19	32	27	11	24	26	11	23	31	26	24	46	18	10	6	35	7	48	56	85	92	114	117	30	41	170	159	64	23	115	114	393	244	196	384	190	298	230	125	340	167	286	280	296	168	247	461	646	1000	154	311	700	69	272	193	31	177	125	46	32	77	55	44	58	56	21	57	32	33	13	40	34	23	31	23	18	44
64	170	2	2	119	0	1953125	12	0.0	0	0.87	0	0	V0.2	0	0	299	262	263	275	280	271	242	218	166	132	111	111	119	119	65	50	72	122	154	222	219	218	236	270	319	365	433	412	419	439	345	505	483	424	601	608	544	491	512	330	489	695	578	872	318	366	163	466	684	1000	530	180	555	438	928	280	999	392	576	531	449	345	673	355	390	341	257	382	338	342	290	288	240	237	240	225	229	202	160	148	135	130	117	118	93
64	170	2	2	119	0	1953125	12	0.0	0	0.86	0	0	V0.2	0	0	30	19	41	7	39	29	21	40	12	33	22	27	33	24	33	28	45	32	58	46	41	64	26	73	53	53	79	38	132	104	126	122	56	150	187	180	276	205	102	120	202	326	527	597	612	434	322	322	552	549	376	202	559	728	1000	567	219	139	258	390	327	281	305	227	295	227	107	130	62	99	122	45	79	65	80	86	40	72	53	42	59	38	50	38	34
64	170	2	2	119	0	1953125	12	0.0	0	0.87	0	0	V0.2	0	0	29	54	11	64	35	39	54	12	51	18	44	32	30	44	29	45	34	73	42	72	65	64	93	31	114	73	86	119	87	199	143	153	189	124	290	321	236	248	181	238	249	444	856	667	735	476	329	543	590	422	433	253	788	980	1000	397	160	710	519	681	630	454	525	451	381	341	188	102	132	77	111	55	77	122	62	102	70	64	79	37	79	50	37	53	29
64	170	2	2	119	0	1953125	12	0.0	0	0.87	0	0	V0.2	0	0	259	266	245	277	238	277	250	256	267	229	272	230	266	241	242	257	227	277	212	285	230	265	268	221	320	223	319	228	289	366	167	376	224	328	403	108	442	409	187	319	393	630	415	824	605	324	404	165	721	384	356	347	228	974	620	327	221	1000	743	469	840	453	484	694	161	468	355	265	363	236	332	256	350	297	274	346	241	339	257	310	303	271	313	257	313
64	170	2	2	119	0	1953125	12	0.0	2135	1.39	0	0	V0.2	0	0	42	25	21	28	41	32	10	22	33	39	12	19	17	45	28	27	14	39	37	37	41	35	47	53	48	17	91	18	79	73	69	127	108	107	45	327	155	349	393	289	55	550	718	245	604	387	159	469	461	303	373	344	709	690	284	438	1000	984	573	877	407	384	387	126	291	135	71	104	89	59	14	41	59	26	27	43	61	48	36	25	58	43	27	34	32
64	170	2	2	119	0	1953125	12	0.0	0	0.98	0	0	V0.2	0	0	283	346	384	344	290	318	363	355	309	296	324	345	334	300	285	318	360	338	269	281	381	399	294	235	394	475	359	213	351	534	486	207	326	546	572	255	205	561	722	353	129	591	737	380	101	528	568	572	321	439	633	787	477	293	536	1000	382	307	692	733	258	150	526	615	400	176	403	576	475	256	309	512	503	321	283	433	479	373	289	374	440	392	329	346	392
64	170	2	2	119	0	1953125	12	0.0	0	0.97	0	0	V0.2	0	0	147	161	130	163	143	168	131	154	133	174	128	153	121	163	134	158	109	162	130	170	114	155	135	172	144	148	140	214	92	240	93	206	163	194	97	344	53	372	273	236	98	503	506	308	462	152	372	143	173	210	147	57	444	136	367	232	633	594	1000	482	596	409	223	357	158	123	240	160	219	183	168	178	205	189	158	167	191	188	174	155	180	181	178	164	167
64	170	2	2	119	0	1953125	12	0.0	0	0.89	0	0	V0.2	0	0	33	28	40	11	38	14	35	25	23	35	13	33	10	36	21	24	12	26	28	21	43	9	33	24	34	41	67	35	66	142	80	133	140	118	225	242	154	215	144	107	104	433	585	472	446	196	399	492	256	86	36	89	498	204	274	341	985	951	1000	749	624	562	506	359	306	167	106	126	62	50	31	66	79	19	49	28	44	46	20	47	7	41	27	29	35
64	170	2	2	119	0	1953125	12	0.0	0	0.89	0	0	V0.2	0	0	29	30	42	12	39	13	32	23	22	36	9	32	13	34	18	26	16	24	25	20	43	8	39	26	28	47	62	26	65	140	73	130	131	123	231	251	160	233	148	96	82	418	554	462	446	210	432	500	276	107	67	27	521	273	327	308	935	934	1000	777	643	573	511	368	325	180	115	130	65	42	25	65	74	14	54	29	42	42	20	44	1	43	29	26	34
64	170	1	2	119	0	1953125	12	0.0	0	0.88	0	0	V0.2	0	0	43	36	52	13	61	22	49	45	21	51	22	42	24	37	37	32	23	39	48	18	61	11	58	44	63	92	26	123	83	179	190	76	190	160	184	405	257	289	274	148	219	429	880	662	716	469	391	800	687	427	543	282	837	929	598	203	657	952	985	1000	891	802	765	687	532	440	277	164	211	84	90	42	96	117	54	111	59	75	80	41	76	31	43	45	30
64	170	2	2	119	0	1953125	12	0.0	0	0.87	0	0	V0.2	0	0	11	60	25	49	56	17	59	20	47	38	28	45	16	42	26	42	22	62	52	51	75	35	88	41	85	101	31	120	66	167	156	78	173	119	204	367	246	273	255	167	237	377	805	587	654	419	260	593	632	525	438	345	822	982	1000	513	67	684	688	793	736	591	647	594	514	424	310	140	180	135	106	97	51	142	94	97	111	57	100	60	79	82	33	63	50
64	170	2	2	119	0	1953125	12	0.0	0	0.87	0	0	V0.2	0	0	31	29	36	31	26	37	29	29	16	29	25	19	12	15	26	23	19	34	32	31	17	39	48	33	44	26	68	34	15	77	28	74	41	94	98	284	170	295	266	148	188	159	575	64	366	440	353	663	461	494	279	307	258	246	923	488	1000	534	151	381	420	289	411	105	177	85	71	69	24	56	51	36	33	43	51	11	25	17	25	17	4	23	31	18	12
64	170	2	2	119	0	1953125	12	0.0	7003	2.22	0	0	V0.2	0	0	31	29	36	31	26	37	29	29	16	29	25	19	12	15	26	23	19	34	32	31	17	39	48	33	44	26	68	34	15	77	28	74	41	94	98	284	170	295	266	148	188	159	575	64	366	440	353	663	461	494	279	307	258	246	923	488	1000	534	151	381	420	289	411	105	177	85	71	69	24	56	51	36	33	43	51	11	25	17	25	17	4	23	31	18	12
64	170	2	2	119	0	1953125	12	0.0	7536	2.31	0	0	V0.2	0	0	63	15	67	8	59	11	63	24	67	25	64	35	48	23	26	28	4	35	24	65	22	54	45	34	70	25	131	106	196	180	175	168	68	122	314	274	141	270	477	421	388	237	292	422	406	460	436	387	494	506	540	324	224	623	1000	953	895	616	574	571	490	317	158	223	337	299	178	116	136	142	106	70	70	50	68	30	57	12	43	41	71	35	60	56	59
64	170	2	2	119	0	1953125	12	0.0	7510	2.31	0	0	V0.2	0	0	13	76	21	76	24	68	39	76	42	61	39	47	33	17	46	28	55	43	81	62	79	47	63	90	84	125	118	169	175	203	201	42	23	270	311	249	193	222	302	430	367	217	244	226	340	255	298	384	324	393	311	168	142	544	813	993	999	858	783	613	522	209	152	231	349	219	203	76	157	102	147	62	98	50	83	51	62	49	53	67	68	71	58	65	67
