34928	35048	35167	35286	35405	35524	35644	35763	35882	36001	36120	36240	36359	36478	36597	36716	36836	36955	37074	37193	37313	37432	37551	37670	37789	37909	38028	38147	38266	38385	38505	38624	38743	38862	38981	39101	39220	39339	39458	39577	39697	39816	39935	40054	40174	40293	40412	40531	40650	40770	40889	41008	41127	41246	41366	41485	41604	41723	41842	41962	42081	42200	42319	42439	42558	42677	42796	42915	43035	43154	43273	43392	43511	43631	43750	43869	43988	44107	44227	44346	44465	44584	44703	44823	44942
64	170	2	2	119	0	1953125	12	0.0	0	0.95	0	0	V0.2	0	0	64	19	64	6	66	10	65	25	59	35	53	40	52	45	58	46	69	54	81	67	94	89	85	107	81	153	101	193	104	164	125	151	102	124	133	162	189	183	300	189	146	56	202	226	367	475	396	609	461	723	804	990	874	871	865	999	878	550	155	361	288	330	349	304	346	360	244	261	200	266	186	151	149	137	157	81	121	74	109	77	109	81	81	82	81
64	170	2	2	119	0	1953125	12	0.0	0	0.95	0	0	V0.2	0	0	146	167	141	156	160	159	161	138	155	144	174	127	167	109	188	108	193	95	175	111	204	112	184	117	200	142	209	176	168	251	135	302	25	276	128	250	68	338	61	406	135	398	340	541	656	580	945	747	1000	712	570	551	184	131	637	529	876	562	479	408	110	105	319	370	120	390	48	296	126	274	162	220	161	238	230	162	226	145	243	129	238	111	222	137	229
64	170	2	2	119	0	1953125	12	0.0	0	0.96	0	0	V0.2	0	0	20	33	17	37	10	35	2	34	3	27	6	21	8	29	10	26	17	37	2	35	11	48	4	51	10	54	21	95	68	88	119	161	195	89	81	44	197	183	231	240	154	110	127	201	270	300	312	337	277	177	234	244	348	116	350	703	1000	920	702	482	340	154	117	95	121	153	73	95	87	107	85	43	68	62	90	45	74	31	44	20	46	29	29	27	28
64	170	2	2	119	0	1953125	12	0.0	0	0.96	0	0	V0.2	0	0	52	45	47	53	18	30	43	62	11	43	40	54	10	50	35	25	43	69	25	29	65	96	19	87	77	138	25	131	81	108	15	214	197	183	178	248	352	303	439	441	372	193	286	443	387	359	623	905	948	1000	975	863	774	291	469	518	336	253	539	588	514	334	356	308	249	192	228	308	189	141	86	122	62	78	99	83	66	81	121	53	54	53	73	27	43
64	170	2	2	119	0	1953125	12	0.0	0	0.84	0	0	V0.2	0	0	157	189	161	180	178	159	186	154	178	169	154	189	145	172	165	147	186	140	177	172	144	206	132	190	186	173	219	110	243	233	127	217	208	155	278	143	270	94	304	345	76	198	257	410	121	162	318	319	392	729	563	956	994	617	651	434	609	1000	429	370	258	282	164	226	236	177	181	237	184	222	242	174	246	156	224	231	161	242	184	207	214	169	216	180	207
64	170	2	2	119	0	1953125	12	0.0	0	0.95	0	0	V0.2	0	0	40	9	40	10	43	19	37	32	26	29	25	34	22	30	37	41	44	48	42	49	43	74	48	82	30	85	46	102	72	82	73	109	136	100	142	64	123	58	236	201	202	72	129	216	301	433	714	854	1000	732	838	684	927	595	275	54	383	353	486	226	155	92	83	158	125	170	75	137	131	105	119	66	76	41	93	63	76	45	61	55	52	56	42	47	33
64	170	2	2	119	0	1953125	12	0.0	7281	2.27	0	0	V0.2	0	0	32	29	26	16	15	22	18	9	12	11	8	2	17	14	19	9	27	17	22	30	47	29	25	29	47	20	30	45	76	102	83	95	60	125	80	136	64	32	143	357	445	251	470	425	512	201	656	618	75	353	234	375	910	1000	343	799	816	328	778	650	180	188	228	140	55	155	47	95	95	146	71	82	81	39	84	27	45	42	29	24	40	30	26	21	29
64	170	2	2	119	0	1953125	12	0.0	0	0.95	0	0	V0.2	0	0	441	397	367	353	339	344	327	270	236	214	207	168	135	110	127	139	158	168	208	283	306	326	347	409	428	458	460	534	511	567	578	550	637	555	668	508	611	603	591	551	592	838	537	409	559	804	595	79	932	547	471	907	640	619	1000	708	542	480	525	858	363	353	583	521	410	454	506	525	397	331	401	409	401	346	266	257	292	278	254	190	142	114	153	148	104
64	170	2	2	119	0	1953125	12	0.0	0	0.87	0	0	V0.2	0	0	252	222	258	215	246	232	229	255	215	252	209	228	222	224	244	205	242	195	238	218	229	262	202	266	223	245	211	313	284	215	367	186	260	297	257	387	195	227	390	130	513	176	276	213	577	594	339	297	288	762	318	630	302	345	905	882	725	929	785	1000	517	562	472	134	473	234	295	336	201	350	206	345	252	305	312	214	345	210	313	261	275	292	229	302	234
64	170	2	2	119	0	1953125	12	0.0	0	0.95	0	0	V0.2	0	0	26	41	8	39	13	44	10	43	29	30	22	41	38	29	32	47	40	43	50	58	58	54	89	45	74	42	106	65	72	66	77	74	133	187	139	172	120	160	129	112	127	128	149	258	405	305	345	262	317	284	328	564	688	1000	708	487	356	213	85	115	202	132	103	68	183	177	147	137	91	114	61	102	81	82	64	82	93	54	62	48	67	39	57	54	49
64	170	2	2	119	0	1953125	12	0.0	0	0.84	0	0	V0.2	0	0	28	34	46	4	34	19	28	40	3	40	34	16	32	32	42	15	40	45	26	39	19	62	42	45	85	22	69	70	51	82	37	119	134	19	180	254	178	117	155	350	334	152	199	159	139	167	285	613	941	752	921	1000	772	729	284	616	586	674	484	244	141	277	295	212	129	81	134	135	71	23	65	35	45	35	85	109	42	63	80	25	35	42	38	34	21
64	170	2	2	119	0	1953125	12	0.0	0	0.86	0	0	V0.2	0	0	231	233	250	212	264	213	250	243	209	262	186	255	220	214	260	179	265	190	235	245	195	300	177	269	210	261	343	110	396	246	316	411	123	497	127	478	559	213	590	416	397	737	544	1000	678	679	933	213	426	188	703	487	221	375	502	582	861	252	692	141	542	348	285	507	296	218	279	264	415	245	322	285	257	300	247	360	235	300	295	249	311	231	312	261	272
64	170	2	2	119	0	1953125	12	0.0	0	0.84	0	0	V0.2	0	0	30	19	44	18	30	37	5	35	21	23	34	8	32	25	27	21	27	38	16	46	32	47	65	35	86	85	21	45	34	43	68	28	131	124	116	149	59	53	59	117	130	47	74	110	118	127	382	357	416	353	283	376	390	332	203	201	552	854	999	871	575	437	376	270	230	216	152	195	165	105	144	99	62	70	31	60	52	35	64	38	40	54	31	41	38
64	170	2	2	119	0	1953125	12	0.0	0	0.86	0	0	V0.2	0	0	35	19	54	32	35	46	6	29	8	40	28	22	44	27	21	25	56	34	38	58	39	61	14	81	51	72	123	87	153	123	132	170	3	102	117	91	217	175	250	349	213	401	331	309	428	305	460	259	180	586	388	489	436	584	926	619	576	1000	987	535	460	407	562	480	350	361	299	273	190	123	194	113	62	86	67	83	47	99	93	30	82	68	49	45	47
64	170	2	2	119	0	1953125	12	0.0	0	0.86	0	0	V0.2	0	0	47	45	16	45	12	35	27	24	46	4	38	32	27	27	37	51	26	48	33	46	37	40	71	18	75	48	47	62	40	96	72	99	211	156	113	109	107	79	44	240	238	33	162	319	276	324	129	450	828	652	421	701	1000	997	549	731	789	287	404	100	390	408	237	228	309	323	235	114	197	150	59	93	83	105	65	60	103	60	66	80	55	62	44	60	57
64	170	2	2	119	0	1953125	12	0.0	0	0.95	0	0	V0.2	0	0	46	26	38	29	37	42	26	47	24	49	15	46	23	40	34	60	42	61	41	82	40	93	60	106	61	88	84	75	70	75	152	152	284	186	276	211	353	362	325	371	141	251	108	111	88	357	528	783	1000	798	845	615	729	814	793	659	386	383	101	177	30	146	54	103	95	159	157	86	126	81	133	71	128	97	83	75	85	102	52	81	65	82	48	61	57
64	170	2	2	119	0	1953125	12	0.0	0	0.87	0	0	V0.2	0	0	35	78	22	69	54	29	66	10	58	32	39	54	28	43	44	62	39	72	53	67	71	36	99	19	105	118	101	160	41	111	134	97	249	111	247	159	150	265	184	460	425	497	635	478	669	626	681	934	1000	748	925	474	877	501	581	917	910	719	662	610	514	545	427	368	314	370	274	192	219	103	133	78	86	141	38	103	79	67	92	41	79	50	44	61	32
64	170	2	2	119	0	1953125	12	0.0	0	0.95	0	0	V0.2	0	0	184	169	189	175	193	170	186	166	199	156	196	144	194	151	195	142	191	143	203	136	219	115	238	159	208	194	189	209	186	223	207	230	194	319	160	367	119	521	233	595	356	270	276	295	404	84	291	254	323	380	591	479	1000	720	919	651	628	270	213	170	358	194	280	328	142	300	157	287	121	310	101	338	126	284	177	253	214	218	206	212	219	202	225	182	234
64	170	2	2	119	0	1953125	12	0.0	7793	2.36	0	0	V0.2	0	0	27	23	28	26	28	23	17	23	20	10	13	16	9	11	10	19	14	20	11	30	29	45	32	19	47	54	54	13	11	141	74	63	107	61	162	62	153	215	173	280	142	222	188	515	79	300	368	687	122	596	302	440	599	999	71	606	138	346	442	180	305	88	195	28	70	31	44	21	38	11	48	31	37	19	22	17	13	15	9	12	7	2	11	13	7
64	170	2	2	119	0	1953125	12	0.0	0	0.96	0	0	V0.2	0	0	344	379	366	373	324	310	280	275	246	226	163	151	153	148	107	114	162	189	205	241	269	314	372	369	405	427	439	504	529	493	549	516	576	573	583	615	499	699	520	625	469	554	461	581	585	239	539	380	427	867	315	745	271	192	512	999	453	185	608	863	458	260	487	462	573	445	395	334	393	456	397	334	296	290	320	298	277	197	161	169	213	162	109	51	52
64	170	2	2	119	0	1953125	12	0.0	0	0.70	0	0	V0.2	0	0	165	139	157	171	146	149	175	155	143	174	165	139	169	178	142	160	187	148	152	193	169	139	201	184	122	208	239	132	155	294	196	105	230	308	28	306	272	236	48	352	437	206	149	325	421	250	563	372	237	436	580	274	485	122	290	391	1000	662	200	585	721	348	268	408	356	138	183	296	183	131	222	217	123	200	209	137	180	222	168	157	214	192	161	206	210
64	170	2	2	119	0	1953125	12	0.0	0	0.95	0	0	V0.2	0	0	57	29	44	36	43	46	32	62	25	48	33	65	34	47	45	61	35	73	61	92	54	109	85	77	56	96	128	90	129	41	79	71	230	192	237	220	267	323	269	339	173	195	311	640	749	529	313	191	542	565	722	791	1000	972	825	803	795	623	396	409	302	243	131	154	131	58	140	87	148	62	125	116	91	95	77	121	53	69	49	73	47	66	77	62	54
64	170	2	2	119	0	1953125	12	0.0	0	0.80	0	0	V0.2	0	0	21	32	7	25	30	2	26	24	9	32	22	19	28	22	26	23	26	33	16	27	26	12	37	26	24	51	33	35	73	38	91	82	59	90	27	89	103	88	57	127	64	210	225	169	100	44	106	234	509	606	700	681	574	356	476	758	1000	837	486	231	196	61	104	170	136	147	121	57	88	73	49	81	88	43	67	74	33	48	48	28	39	31	26	44	33
64	170	2	2	119	0	1953125	12	0.0	0	0.83	0	0	V0.2	0	0	49	43	11	50	21	33	43	7	45	29	25	43	26	36	29	42	40	33	56	34	57	51	33	76	26	82	88	68	144	106	147	174	77	167	224	220	308	312	273	385	256	273	234	43	169	300	472	546	771	641	453	540	956	961	1000	653	685	502	701	558	375	392	329	238	210	101	106	136	58	120	104	74	105	71	85	95	57	86	73	45	78	59	53	68	51
64	170	2	2	119	0	1953125	12	0.0	0	0.84	0	0	V0.2	0	0	18	37	33	23	49	19	38	46	3	36	22	22	25	18	31	14	27	20	38	39	35	77	35	59	77	22	38	48	68	48	64	145	146	172	349	316	399	441	281	332	360	269	463	397	583	751	910	946	1000	788	634	780	604	595	524	327	706	670	795	612	116	189	37	55	94	44	58	92	28	126	115	96	131	82	75	89	30	66	62	21	55	38	39	48	32
64	170	2	2	119	0	1953125	12	0.0	0	0.98	0	0	V0.2	0	0	54	18	61	32	39	10	58	33	39	29	47	24	42	37	42	8	58	37	57	12	71	37	31	24	104	50	34	42	96	82	222	173	111	35	168	157	142	154	188	235	355	672	677	807	572	362	475	687	604	162	183	587	861	999	909	668	308	418	607	480	308	113	174	235	249	254	226	268	144	187	125	116	52	68	50	66	27	56	43	34	37	54	40	17	36
64	170	2	2	119	0	1953125	12	0.0	0	0.95	0	0	V0.2	0	0	172	221	174	224	169	222	165	226	164	220	162	214	167	210	162	213	166	209	179	204	182	211	221	180	254	166	276	129	323	106	327	111	306	101	410	106	388	270	286	323	328	425	147	487	141	246	453	1000	689	896	299	529	480	736	453	482	256	370	286	629	424	160	305	258	431	137	498	100	357	190	313	149	334	238	254	254	226	255	223	263	191	267	192	276	179
64	170	2	2	119	0	1953125	12	0.0	0	0.84	0	0	V0.2	0	0	18	34	13	20	24	6	27	17	18	28	7	19	16	16	20	15	30	13	22	21	8	26	6	34	31	23	72	47	38	62	23	107	77	91	103	16	59	82	74	193	267	316	456	451	372	265	203	116	61	41	232	591	820	1000	894	575	376	42	280	204	34	71	79	49	155	150	89	92	75	42	60	23	39	52	10	38	36	14	35	23	27	31	9	29	26
64	170	2	2	119	0	1953125	12	0.0	0	0.95	0	0	V0.2	0	0	50	13	47	11	47	19	47	39	36	38	37	47	27	40	47	50	48	65	58	65	51	94	60	107	48	99	27	143	124	156	144	108	167	187	285	266	357	191	228	270	385	383	291	305	218	103	335	820	1000	903	665	438	666	745	721	826	886	816	596	688	633	392	302	272	144	154	109	160	135	103	105	102	143	67	86	52	77	48	70	70	59	60	49	59	41
64	170	1	2	119	0	1953125	12	0.0	0	0.78	0	0	V0.2	0	0	19	50	27	26	56	25	26	49	20	31	43	22	35	36	40	44	30	53	51	32	64	52	52	99	54	57	83	25	101	129	94	129	319	272	270	231	75	168	309	383	326	424	343	512	459	174	134	417	658	959	1000	441	225	298	809	908	638	641	741	528	275	209	293	282	239	241	170	98	107	84	78	130	99	61	121	103	47	81	75	37	66	63	34	51	43
64	170	1	2	119	0	1953125	12	0.0	0	0.84	0	0	V0.2	0	0	177	217	181	201	203	180	226	177	207	202	162	218	159	195	203	165	224	164	192	193	162	234	152	227	220	180	268	129	253	281	120	300	280	144	397	161	242	225	300	452	38	423	63	454	333	148	607	735	529	1000	856	977	796	233	303	358	152	705	469	915	441	316	324	184	308	234	159	297	192	288	320	148	311	200	234	268	177	288	223	235	255	183	251	195	238
64	170	2	2	119	0	1953125	12	0.0	0	0.83	0	0	V0.2	0	0	26	23	43	6	40	35	15	46	21	32	41	24	33	23	39	31	32	42	28	47	27	48	67	19	71	69	66	117	74	85	106	58	122	56	50	85	53	62	158	130	234	135	314	669	578	517	510	348	459	528	552	774	854	1000	850	545	671	401	190	320	277	248	136	69	150	178	92	98	90	40	84	75	33	78	52	49	74	34	51	50	30	48	36	35	43
64	170	2	2	119	0	1953125	12	0.0	0	0.85	0	0	V0.2	0	0	164	165	149	178	146	172	156	149	173	138	173	144	154	166	131	171	127	165	159	138	177	129	184	152	163	198	112	248	160	172	256	100	281	116	216	227	149	243	171	138	412	14	488	337	440	558	147	211	209	266	271	135	368	519	601	999	615	890	394	568	269	254	360	179	273	386	37	312	207	181	241	122	254	168	200	216	146	226	148	201	198	159	218	146	204
64	170	2	2	119	0	1953125	12	0.0	0	0.84	0	0	V0.2	0	0	153	174	137	181	152	157	177	129	178	140	150	175	123	180	137	146	172	114	182	137	153	186	119	197	132	170	211	88	238	186	164	232	127	211	166	161	343	150	271	334	162	418	130	446	344	296	507	260	265	683	365	706	691	738	1000	588	580	187	214	324	78	303	230	211	339	18	300	240	124	286	173	176	247	106	251	187	169	234	138	218	168	175	205	145	216
64	170	2	2	119	0	1953125	12	0.0	0	0.97	0	0	V0.2	0	0	12	40	14	49	32	25	19	32	29	22	27	28	24	18	20	22	1	39	24	21	7	66	28	59	44	48	22	108	119	122	128	92	204	127	159	88	227	206	277	245	186	196	333	506	451	495	417	598	562	316	60	411	781	1000	661	438	235	303	571	523	500	384	167	116	156	187	121	178	124	142	70	73	48	54	49	66	65	19	40	34	40	19	46	25	18
64	170	2	2	119	0	1953125	12	0.0	0	0.97	0	0	V0.2	0	0	26	58	35	62	55	33	42	35	50	23	41	36	45	18	29	32	22	43	35	37	19	74	47	75	78	66	69	119	201	139	175	13	198	150	264	173	298	238	433	477	519	438	375	699	712	778	657	294	319	335	451	407	697	1000	964	495	411	293	906	828	895	767	433	255	223	328	226	275	194	187	148	82	91	71	97	78	113	37	73	39	75	29	56	37	38
64	170	2	2	119	0	1953125	12	0.0	0	0.79	0	0	V0.2	0	0	167	192	184	167	184	201	178	158	180	182	153	155	183	179	153	172	199	172	151	170	177	150	158	198	189	154	212	259	198	130	237	201	191	135	229	306	147	231	348	249	148	163	283	355	156	251	473	341	160	211	383	368	422	1000	946	394	303	272	528	390	165	401	370	138	152	278	319	190	129	274	263	132	176	259	233	169	207	245	204	170	211	219	174	180	218
64	170	2	2	119	0	1953125	12	0.0	0	0.79	0	0	V0.2	0	0	53	16	43	49	7	39	39	4	37	29	15	37	22	24	29	21	32	21	39	40	14	61	44	33	96	75	76	140	77	121	179	80	101	88	52	126	218	289	401	497	386	371	381	125	332	513	455	543	395	266	369	465	671	1000	984	880	569	362	226	448	441	440	390	202	108	93	155	112	138	205	145	110	148	99	55	77	53	47	65	30	47	60	17	48	54
64	170	2	2	119	0	1953125	12	0.0	0	0.93	0	0	V0.2	0	0	6	39	18	34	35	16	28	17	35	10	36	25	33	20	40	27	36	27	53	40	35	43	22	26	47	77	44	77	31	97	83	94	127	122	194	176	230	222	116	155	70	63	56	273	370	337	319	150	296	302	344	163	443	904	999	920	672	299	16	83	160	123	89	64	57	32	56	60	74	93	12	50	21	58	33	46	44	32	54	29	43	22	40	29	25
64	170	2	2	119	0	1953125	12	0.0	0	0.96	0	0	V0.2	0	0	7	52	4	57	22	47	23	43	30	32	28	36	27	35	34	49	38	57	47	48	35	54	49	58	65	53	76	94	158	138	207	152	256	230	196	166	80	161	132	230	108	31	161	340	376	402	394	376	433	222	191	242	411	653	959	915	1000	641	326	284	267	358	189	214	125	140	127	156	156	128	147	104	121	60	78	59	75	57	60	61	48	51	44	60	45
