34928	35048	35167	35286	35405	35524	35644	35763	35882	36001	36120	36240	36359	36478	36597	36716	36836	36955	37074	37193	37313	37432	37551	37670	37789	37909	38028	38147	38266	38385	38505	38624	38743	38862	38981	39101	39220	39339	39458	39577	39697	39816	39935	40054	40174	40293	40412	40531	40650	40770	40889	41008	41127	41246	41366	41485	41604	41723	41842	41962	42081	42200	42319	42439	42558	42677	42796	42915	43035	43154	43273	43392	43511	43631	43750	43869	43988	44107	44227	44346	44465	44584	44703	44823	44942
64	170	1	2	119	0	1953125	12	0.0	0	0.88	0	0	V0.2	0	0	158	131	153	138	146	154	135	157	119	153	130	144	148	125	149	112	154	123	155	133	137	157	104	184	127	172	142	153	208	79	230	140	219	138	147	228	125	285	130	226	258	122	460	269	406	377	104	227	302	512	361	447	244	151	461	492	1000	797	675	594	177	346	202	105	172	155	241	110	236	124	191	199	137	236	131	187	146	179	171	160	193	135	183	138	182
64	170	1	2	119	0	1953125	12	0.0	0	0.90	0	0	V0.2	0	0	155	136	149	148	143	158	130	151	132	149	136	143	142	128	143	121	151	130	143	130	141	129	150	156	131	170	122	197	92	219	204	114	196	130	219	141	194	140	183	213	120	374	169	247	453	141	297	149	273	279	648	172	296	117	166	826	789	1000	798	339	538	104	263	206	208	214	126	219	114	257	163	188	206	134	202	167	204	152	185	155	176	177	171	185	147
64	170	1	2	119	0	1953125	12	0.0	7576	2.32	0	0	V0.2	0	0	16	21	7	13	13	19	19	12	26	24	6	9	11	21	8	8	13	16	12	7	32	9	19	17	36	38	19	61	78	17	73	63	93	26	117	47	143	43	26	100	114	285	399	597	479	448	40	317	243	478	683	383	127	767	546	686	999	972	805	323	582	227	198	79	165	101	58	32	37	94	25	15	53	8	28	36	19	28	25	9	14	17	20	2	16
64	170	1	2	119	0	1953125	12	0.0	7685	2.34	0	0	V0.2	0	0	45	55	54	47	44	35	48	45	7	33	33	44	26	22	61	45	28	21	85	28	40	42	52	73	46	104	101	90	56	147	149	88	28	171	190	86	247	192	366	243	265	278	364	236	247	558	843	729	250	213	692	934	934	919	778	806	960	987	1000	774	391	209	136	155	70	103	112	129	81	21	74	64	43	52	54	91	82	42	53	87	67	63	59	61	50
64	170	1	2	119	0	1953125	12	0.0	2586	1.46	0	0	V0.2	0	0	430	426	368	383	381	368	285	280	281	261	198	164	166	151	127	142	194	201	235	253	321	347	380	392	452	447	532	492	538	559	611	602	608	567	589	459	718	596	579	492	633	553	372	663	462	337	284	752	480	410	792	682	387	702	714	331	545	1000	187	749	368	518	456	423	516	486	460	424	459	476	389	356	395	373	309	248	281	268	235	151	192	157	147	53	38
64	170	1	2	119	0	1953125	12	0.0	2586	1.46	0	0	V0.2	0	0	22	83	46	54	12	82	35	55	25	74	13	48	41	51	26	47	64	33	67	53	94	26	92	23	83	36	149	31	111	77	218	103	235	91	150	70	153	133	152	148	365	495	578	310	307	220	305	421	829	892	814	627	816	833	867	713	821	989	1000	732	345	5	176	206	19	108	112	96	100	159	118	107	90	128	65	69	93	104	34	42	81	65	39	60	73
64	170	1	2	119	0	1953125	12	0.0	0	0.89	0	0	V0.2	0	0	435	433	439	448	446	442	431	424	429	428	433	429	411	402	409	416	418	421	413	413	401	420	444	453	453	428	436	448	491	522	515	474	411	565	491	524	475	520	445	522	577	416	644	450	433	553	624	459	532	198	928	436	690	215	843	406	999	126	685	606	503	619	435	427	512	601	550	558	486	496	504	546	569	544	509	483	496	521	539	532	505	471	479	507	529
64	170	1	2	119	0	1953125	12	0.0	0	0.88	0	0	V0.2	0	0	27	20	41	8	42	25	25	34	14	37	10	37	29	19	22	22	27	15	42	24	56	38	59	74	14	73	32	85	87	72	108	40	197	160	116	188	119	223	216	111	149	163	76	174	30	157	192	277	373	695	567	598	356	380	414	667	1000	834	722	406	374	187	107	96	50	154	103	47	74	46	85	65	82	104	56	52	43	33	43	19	43	29	21	34	21
64	170	2	2	119	0	1953125	12	0.0	0	0.87	0	0	V0.2	0	0	27	44	4	39	25	25	37	13	42	22	27	35	22	27	21	34	18	38	34	53	52	34	68	34	53	51	52	90	40	89	59	77	170	120	124	121	97	201	140	91	142	125	108	203	53	85	114	195	313	652	444	455	272	306	531	731	1000	878	683	438	441	219	175	135	103	177	101	82	72	45	85	50	96	97	68	79	52	52	52	31	47	37	31	38	25
64	170	1	2	119	0	1953125	12	0.0	0	0.86	0	0	V0.2	0	0	147	138	130	148	119	147	131	135	143	120	147	114	138	127	120	152	103	153	120	119	151	111	155	126	150	150	112	167	144	157	145	145	245	64	188	179	120	235	215	85	224	116	153	358	88	202	179	100	282	646	230	468	178	328	560	540	1000	653	467	490	198	364	199	131	253	25	234	200	127	206	109	203	119	186	200	107	212	121	176	170	128	197	113	183	152
64	170	1	2	119	0	1953125	12	0.0	0	0.88	0	0	V0.2	0	0	151	125	159	123	159	139	142	156	113	160	115	155	140	126	151	109	153	111	161	133	132	169	92	184	112	183	166	117	225	88	202	117	243	216	113	268	84	249	295	40	272	194	157	282	111	238	94	240	155	673	326	393	314	244	695	603	1000	862	459	575	327	383	300	82	329	105	225	218	151	220	114	235	116	202	215	127	220	121	197	150	169	184	138	192	136
64	170	1	2	119	0	1953125	12	0.0	0	0.88	0	0	V0.2	0	0	145	124	157	121	158	134	141	150	111	157	113	154	134	127	145	107	152	108	161	126	132	163	94	184	104	185	156	120	221	85	198	112	244	197	123	262	67	259	280	51	280	167	206	259	72	263	80	205	133	614	271	377	279	268	681	593	1000	829	448	562	299	389	282	109	333	90	235	212	143	210	117	230	104	204	201	130	212	115	197	141	168	176	138	186	133
64	170	1	2	119	0	1953125	12	0.0	0	0.88	0	0	V0.2	0	0	158	126	148	138	141	153	128	160	116	149	131	135	154	114	156	110	144	123	142	150	115	175	91	178	123	166	187	89	237	101	190	143	213	234	88	269	117	243	315	17	314	212	222	281	27	320	61	210	87	560	237	295	251	210	669	612	1000	867	450	576	334	397	316	96	354	121	227	219	147	212	122	232	105	206	199	142	213	121	197	137	176	170	150	185	136
64	170	1	2	119	0	1953125	12	0.0	0	0.88	0	0	V0.2	0	0	34	24	21	34	2	32	14	28	30	15	31	20	31	22	29	23	26	24	30	46	26	61	43	55	63	45	99	68	100	110	41	98	89	150	104	102	175	177	183	213	161	281	210	111	207	176	141	20	237	392	277	299	95	329	507	721	1000	808	610	499	450	386	264	186	237	202	140	112	32	83	41	72	94	64	84	41	64	59	25	54	32	36	27	29	33
64	170	1	2	119	0	1953125	12	0.0	0	0.82	0	0	V0.2	0	0	139	158	152	148	162	142	157	147	136	158	134	152	152	131	157	134	136	156	124	151	150	140	162	142	160	165	125	181	176	145	175	158	246	95	187	207	107	316	224	173	341	84	349	371	148	390	35	215	235	384	111	285	128	375	362	597	1000	548	496	456	219	383	125	177	228	64	238	261	79	234	186	134	222	163	186	184	149	195	152	176	184	151	191	162	170
64	170	1	2	119	0	1953125	12	0.0	0	0.82	0	0	V0.2	0	0	37	24	19	34	11	25	27	5	31	18	15	30	14	19	21	22	24	11	27	17	13	28	1	29	37	11	55	55	10	49	22	74	111	91	99	72	114	222	184	193	239	253	302	338	255	314	168	152	120	368	181	219	121	308	559	745	1000	806	532	396	398	196	135	107	63	143	116	102	139	98	65	101	63	29	44	21	44	41	18	46	33	22	36	26	21
64	170	1	2	119	0	1953125	12	0.0	0	0.82	0	0	V0.2	0	0	152	159	169	152	170	155	158	167	141	161	153	148	168	138	156	160	130	165	143	144	167	146	166	161	154	184	143	167	201	153	182	151	261	170	164	260	93	283	349	4	345	261	242	471	129	379	194	77	176	506	67	336	77	300	548	498	1000	712	334	515	213	294	236	114	237	179	138	293	185	165	247	138	194	206	183	213	163	196	188	158	205	165	187	195	168
64	170	1	2	119	0	1953125	12	0.0	0	0.89	0	0	V0.2	0	0	40	6	38	16	35	37	9	32	5	27	11	26	24	18	25	30	33	6	28	9	19	10	61	36	35	56	21	68	29	112	61	81	155	135	201	160	228	344	262	319	305	281	288	265	194	189	194	195	323	642	410	538	322	265	436	523	1000	785	629	452	291	136	104	18	137	116	97	79	56	114	57	77	84	47	59	7	55	32	29	43	31	40	15	43	38
64	170	1	2	119	0	1953125	12	0.0	7626	2.33	0	0	V0.2	0	0	17	12	11	15	19	11	9	6	28	18	3	3	19	16	17	8	7	9	11	30	40	6	28	19	18	17	10	60	38	62	71	87	195	84	86	127	196	190	180	235	247	284	248	623	190	537	233	506	150	903	413	458	326	832	726	402	1000	932	400	156	251	423	207	155	192	124	75	35	18	59	66	9	32	21	28	30	17	23	27	25	8	22	17	4	5
64	170	1	2	119	0	1953125	12	0.0	8067	2.40	0	0	V0.2	0	0	37	70	56	64	13	59	42	72	12	22	65	48	24	35	76	16	22	71	66	41	17	30	130	108	22	73	190	67	45	155	171	128	164	335	266	181	271	186	362	329	308	571	820	863	341	200	595	577	370	580	755	699	458	752	793	616	376	801	1000	876	284	72	309	286	32	64	33	123	144	23	38	89	56	74	30	17	71	85	13	31	80	30	45	54	39
64	170	2	2	119	0	1953125	12	0.0	0	0.81	0	0	V0.2	0	0	33	12	29	26	14	31	22	15	25	9	18	18	8	16	7	20	16	14	31	13	39	41	10	53	47	9	63	13	70	59	16	87	88	29	63	61	59	142	106	8	146	99	229	411	323	288	318	257	39	298	396	230	376	328	181	646	857	1000	737	378	270	181	135	133	146	69	69	112	86	67	74	40	59	70	25	33	41	2	38	31	11	33	20	20	26
64	170	2	2	119	0	1953125	12	0.0	0	0.87	0	0	V0.2	0	0	7	66	28	48	55	15	61	23	48	43	24	47	27	46	32	55	45	65	62	68	98	44	87	56	69	69	70	188	140	212	257	157	303	269	314	352	203	329	329	259	342	326	648	764	691	676	617	649	303	272	312	224	588	894	926	544	678	1000	719	542	418	373	271	294	198	139	163	129	164	103	138	127	51	104	70	63	68	33	59	31	48	54	24	51	43
64	170	2	2	119	0	1953125	12	0.0	0	0.87	0	0	V0.2	0	0	212	258	235	229	264	204	272	212	242	238	211	262	180	267	195	236	253	177	289	160	277	237	218	283	196	320	149	349	362	116	492	187	422	432	186	556	162	447	406	236	513	106	858	788	755	866	425	928	283	319	220	63	843	790	1000	285	780	760	408	758	465	189	577	204	385	273	288	422	134	400	220	305	316	229	349	219	311	274	257	303	228	310	242	292	275
64	170	2	2	119	0	1953125	12	0.0	0	0.87	0	0	V0.2	0	0	222	249	247	226	269	211	267	225	231	252	208	268	185	261	217	217	273	166	289	189	254	267	197	302	173	337	198	293	431	36	476	322	324	521	69	541	312	369	513	119	595	260	858	1000	675	984	490	870	476	164	322	255	770	933	838	395	652	773	248	624	557	114	586	360	287	365	199	455	176	362	309	238	350	222	343	258	281	312	238	318	235	302	272	270	304
64	170	2	2	119	0	1953125	12	0.0	0	0.87	0	0	V0.2	0	0	195	215	173	222	180	211	206	177	222	161	217	172	195	214	152	235	143	213	203	156	263	133	243	178	226	225	146	360	160	288	391	60	441	185	392	456	78	441	180	412	374	271	830	563	852	649	485	822	95	285	257	138	784	555	1000	164	673	430	430	676	283	305	470	57	411	185	298	327	141	350	149	296	256	212	297	177	282	218	232	259	196	276	196	256	231
64	170	2	2	119	0	1953125	12	0.0	0	0.87	0	0	V0.2	0	0	63	27	51	56	20	72	26	47	51	23	45	21	56	37	47	49	70	64	58	112	65	94	70	65	91	45	167	164	194	301	220	292	286	315	467	337	357	366	348	475	337	517	828	892	960	756	775	862	254	183	89	174	665	846	980	482	795	1000	633	585	481	367	334	337	184	178	124	197	183	87	179	95	87	92	49	101	41	62	65	24	64	34	51	49	36
64	170	2	2	119	0	1953125	12	0.0	0	0.87	0	0	V0.2	0	0	13	63	31	43	56	12	56	19	47	40	23	50	27	43	31	60	48	60	65	68	96	39	87	62	69	84	69	181	138	183	237	128	270	256	285	333	197	366	336	312	418	385	607	742	659	648	576	572	292	322	395	144	381	543	641	601	793	1000	805	468	375	280	184	201	133	114	147	111	135	95	133	125	50	97	69	55	59	30	60	30	46	56	27	49	38
64	170	2	2	119	0	1953125	12	0.0	0	0.87	0	0	V0.2	0	0	45	15	57	20	43	44	17	44	11	40	23	30	39	27	38	34	58	29	66	58	62	73	21	80	19	83	89	77	155	100	139	148	143	269	187	226	210	238	326	244	315	362	349	468	496	405	490	336	314	450	546	293	287	271	516	668	973	999	801	489	284	177	194	68	78	67	135	105	78	132	89	119	94	71	103	41	66	47	43	61	26	56	38	42	45
64	170	2	2	119	0	1953125	12	0.0	0	0.88	0	0	V0.2	0	0	140	176	140	170	158	150	171	130	176	141	160	153	139	165	126	170	129	166	151	130	192	109	184	148	172	167	137	237	101	221	197	166	254	62	301	128	259	292	95	365	110	326	385	105	534	198	391	342	298	453	451	412	114	217	462	573	1000	697	712	481	76	228	181	145	174	200	248	122	242	125	219	223	142	250	144	202	169	182	196	160	214	150	196	166	177
64	170	2	2	119	0	1953125	12	0.0	0	0.89	0	0	V0.2	0	0	161	142	169	143	162	146	153	150	148	163	132	163	130	152	141	144	152	133	157	121	174	124	169	158	147	170	131	231	86	238	208	132	209	124	238	147	213	152	183	211	109	338	136	141	405	87	357	166	276	240	625	225	381	377	366	1000	992	960	920	260	468	131	210	194	186	277	120	232	104	259	215	163	263	118	210	166	205	185	179	198	148	203	153	206	167
64	170	2	2	119	0	1953125	12	0.0	0	0.90	0	0	V0.2	0	0	15	38	19	28	27	13	31	3	31	17	17	18	18	20	10	24	9	22	4	26	21	27	10	28	33	28	33	49	98	70	121	103	77	129	89	111	97	80	118	23	152	169	161	323	293	346	295	190	109	229	340	206	291	343	520	862	1000	938	761	435	433	233	185	149	106	136	44	66	67	103	105	50	85	56	25	27	28	47	14	34	30	19	23	19	29
64	170	2	2	119	0	1953125	12	0.0	7571	2.32	0	0	V0.2	0	0	17	10	15	17	17	8	8	4	25	15	6	2	17	17	15	4	5	4	8	22	33	2	25	19	24	22	9	97	55	78	77	91	149	19	56	107	59	98	11	70	73	210	271	658	511	478	251	306	147	477	622	360	341	723	427	582	949	1000	696	323	613	445	172	142	167	144	57	9	57	97	31	34	62	21	37	36	27	33	28	21	5	27	23	2	10
64	170	2	2	119	0	1953125	12	0.0	7521	2.31	0	0	V0.2	0	0	54	85	28	53	33	70	41	30	43	43	43	39	41	8	67	44	51	48	99	71	92	50	111	15	38	141	147	21	15	250	230	37	43	356	319	226	171	333	402	220	220	216	278	215	482	853	978	585	164	436	853	865	903	748	738	812	770	915	1000	756	540	252	241	240	54	26	211	155	61	9	146	71	108	67	115	48	83	67	108	60	71	51	52	31	62
64	170	1	2	119	0	1953125	12	0.0	0	0.90	0	0	V0.2	0	0	724	739	743	741	735	725	719	721	720	720	703	698	684	687	694	690	689	680	682	693	700	717	723	723	726	752	778	789	775	773	839	848	797	800	839	810	868	846	843	790	853	899	810	802	713	856	960	778	777	706	707	699	949	663	742	802	782	999	662	887	764	834	840	845	885	864	848	863	881	894	893	877	864	862	870	877	868	862	847	837	833	848	846	837	829
64	170	2	2	119	0	1953125	12	0.0	0	0.88	0	0	V0.2	0	0	214	167	214	173	202	201	182	210	158	211	162	200	188	171	196	153	198	164	209	155	207	193	156	232	166	248	127	282	211	206	342	74	442	184	276	394	63	458	182	256	252	281	357	33	597	441	665	660	446	999	382	752	575	152	285	358	961	423	450	260	349	315	218	402	59	349	338	150	311	143	274	218	235	275	189	255	174	265	196	249	237	199	246	176	259
64	170	2	2	119	0	1953125	12	0.0	0	0.87	0	0	V0.2	0	0	43	20	56	10	47	34	31	51	14	48	26	37	37	32	38	34	49	38	73	54	75	71	40	83	32	109	100	102	164	94	177	161	204	278	136	187	182	163	200	73	84	189	132	82	183	424	476	396	583	755	584	656	347	375	364	501	1000	704	604	289	212	152	32	119	123	170	172	77	105	107	75	118	84	102	101	50	79	38	56	55	35	54	33	45	37
64	170	2	2	119	0	1953125	12	0.0	0	0.87	0	0	V0.2	0	0	29	55	6	46	32	30	45	17	49	28	34	41	28	33	28	44	28	52	46	69	68	43	80	34	74	67	88	126	74	145	125	129	237	183	188	185	129	253	165	86	127	108	94	102	120	286	289	333	414	735	572	555	397	342	482	585	1000	835	679	384	349	140	107	88	106	194	116	93	89	64	114	74	104	112	73	85	57	51	60	33	55	44	36	45	28
64	170	2	2	119	0	1953125	12	0.0	0	0.82	0	0	V0.2	0	0	132	128	141	126	136	133	129	138	122	133	132	119	136	116	128	132	110	143	119	118	144	118	134	133	135	149	112	160	153	126	167	117	229	95	157	219	66	275	238	68	311	94	217	383	41	233	109	112	189	448	130	370	79	327	508	480	1000	540	467	385	71	224	188	119	161	110	160	224	100	179	174	128	183	148	167	153	135	175	132	161	165	133	171	141	147
64	170	2	2	119	0	1953125	12	0.0	0	0.82	0	0	V0.2	0	0	32	11	23	23	3	26	14	16	29	7	21	23	12	17	16	24	16	17	27	7	17	15	18	30	11	40	55	15	37	47	22	85	80	127	100	64	132	188	151	189	198	182	227	256	202	170	73	119	139	355	238	303	176	352	577	648	1000	729	554	334	250	96	67	50	20	83	58	89	118	63	64	73	29	39	27	17	46	25	28	43	21	30	30	18	29
64	170	2	2	119	0	1953125	12	0.0	0	0.81	0	0	V0.2	0	0	148	152	128	156	137	132	155	124	144	146	123	155	127	131	145	115	141	131	125	152	118	152	149	121	160	143	131	159	150	168	171	114	248	151	165	242	70	245	302	30	302	214	172	381	94	326	171	80	144	410	104	370	225	384	738	580	1000	743	366	449	174	266	180	121	186	191	87	251	229	92	240	160	135	213	143	186	179	140	199	144	167	185	128	184	160
