64,170,1,2,119,0,1953125,12,0,154,1.05,0,0,NaN,0,0,62,23,61,19,58,19,48,14,38,16,33,23,26,37,29,48,25,59,16,55,5,58,26,65,52,88,61,125,61,154,56,177,118,165,188,151,244,205,435,447,529,474,566,597,519,450,307,425,216,230,177,115,162,427,454,595,872,1000,787,797,586,678,517,521,337,349,224,228,126,153,69,124,46,116,51,99,42,100,45,77,44,70,36,50,48
64,170,1,2,119,0,1953125,12,0,154,1.05,0,0,NaN,0,0,61,29,59,28,51,23,45,16,38,15,38,22,33,32,33,46,27,56,18,56,4,61,23,70,41,95,49,129,50,155,65,169,132,155,202,136,247,205,429,459,524,486,555,610,518,461,307,432,225,223,190,143,160,448,435,593,859,1000,776,794,586,677,520,518,349,348,239,226,143,151,86,125,55,112,56,95,43,102,50,78,48,76,41,52,46
64,170,1,2,119,0,1953125,12,0,154,1.05,0,0,NaN,0,0,64,21,64,17,59,17,51,12,38,18,32,25,26,40,27,51,24,64,15,56,9,60,31,64,59,85,69,121,69,156,53,184,113,182,189,164,244,209,450,451,550,477,587,603,544,455,323,441,221,245,183,133,165,424,455,574,870,1000,795,787,587,684,515,523,329,358,217,233,118,157,65,129,42,119,45,98,40,102,43,76,43,71,37,50,47
64,170,1,2,119,0,1953125,12,0,154,1.05,0,0,NaN,0,0,68,21,67,12,61,16,54,13,37,25,29,29,21,45,24,54,25,68,16,56,15,61,39,54,73,79,85,114,89,156,54,192,104,203,176,188,240,219,467,454,571,477,623,604,573,455,347,451,239,268,181,136,168,399,477,569,895,1000,827,798,608,694,532,541,333,374,216,248,110,166,56,134,40,120,43,103,43,104,43,77,47,70,38,51,50
64,170,1,2,119,0,1953125,12,0,154,1.05,0,0,NaN,0,0,62,20,61,17,56,18,49,14,36,19,31,26,25,40,26,50,24,62,15,56,8,58,31,62,60,82,70,117,67,150,51,180,109,178,184,161,240,203,445,445,542,470,579,595,538,449,317,432,219,239,165,119,175,420,455,570,869,1000,799,784,581,675,509,519,325,355,213,234,115,156,61,129,42,119,44,96,39,98,43,78,45,71,38,52,50
64,170,1,2,119,0,1953125,12,0,6851,2.2,0,0,NaN,0,0,17,11,16,12,11,12,9,18,1,12,4,13,4,3,2,8,1,13,4,7,13,12,13,17,37,3,19,18,19,26,78,103,113,97,156,109,81,79,208,292,274,176,268,340,277,102,113,346,82,273,298,251,203,305,169,455,1000,902,471,453,170,361,209,210,61,123,43,54,34,51,39,38,23,28,26,8,21,20,8,6,5,6,9,4,5
64,170,1,2,119,0,1953125,12,0,6832,2.19,0,0,NaN,0,0,42,49,46,30,25,49,39,24,14,70,36,13,27,56,10,12,50,40,25,22,63,30,73,53,94,47,103,80,118,34,129,81,112,93,204,115,137,184,369,291,272,113,140,182,259,164,240,213,321,220,145,174,578,843,1000,915,609,370,295,435,594,538,430,275,147,169,159,119,98,96,88,55,104,78,43,28,106,66,50,47,92,49,40,54,69
64,170,1,2,119,0,1953125,12,0,0,0.96,0,0,NaN,0,0,871,875,862,875,890,895,902,899,899,914,918,914,911,910,914,909,896,881,873,873,857,841,824,810,815,792,777,766,765,753,752,772,748,740,732,779,765,750,714,786,882,717,789,880,771,838,704,907,819,842,683,777,867,819,601,1000,671,826,790,536,796,764,661,694,695,695,687,687,677,685,677,679,696,694,684,689,707,703,697,675,691,695,685,669,651
64,170,1,2,119,0,1953125,12,0,0,0.96,0,0,NaN,0,0,83,49,79,44,67,43,64,57,50,45,50,52,43,50,59,46,70,60,81,67,101,107,90,139,108,184,73,221,103,264,147,313,280,357,368,364,372,253,524,500,629,416,665,633,610,393,428,722,511,645,501,600,352,412,444,216,968,1000,881,595,581,466,484,289,300,250,160,220,98,212,84,173,83,147,77,98,92,77,97,63,94,46,81,43,73
64,170,1,2,119,0,1953125,12,0,0,0.96,0,0,NaN,0,0,367,347,364,351,374,362,378,356,381,372,391,365,386,362,396,361,382,342,389,328,400,293,400,271,427,235,422,200,460,187,455,203,534,241,561,281,506,406,437,693,483,647,453,840,375,651,111,920,180,831,185,795,261,477,519,220,1000,882,824,606,627,414,558,286,485,149,422,131,408,162,385,192,370,213,337,234,322,262,310,260,301,270,288,272,266
64,170,1,2,119,0,1953125,12,0,0,0.96,0,0,NaN,0,0,398,359,397,362,398,369,413,371,411,375,417,380,416,369,421,373,418,357,405,353,403,354,379,348,365,374,324,390,270,464,180,544,103,616,34,647,67,587,340,743,444,643,570,724,634,444,700,425,823,194,844,198,675,431,560,477,745,1000,817,628,529,631,414,487,240,483,173,443,161,411,193,387,225,369,249,345,284,324,289,312,305,300,306,282,307
64,170,1,2,119,0,1953125,12,0,6862,2.2,0,0,NaN,0,0,23,28,18,19,20,17,19,4,18,11,15,10,10,13,13,8,16,7,24,20,26,23,15,34,38,23,10,30,7,42,75,115,94,129,142,129,55,35,215,281,252,153,279,315,291,108,129,336,117,250,274,232,155,281,226,408,1000,860,513,409,173,314,241,168,95,108,71,38,57,13,6,12,45,45,12,25,29,13,21,12,16,14,14,7,10
64,170,2,2,119,0,1953125,12,0,0,0.96,0,0,NaN,0,0,933,930,917,935,958,953,952,957,964,985,981,967,965,978,981,966,948,936,944,938,914,889,881,883,865,843,835,816,840,830,801,760,805,837,822,772,830,866,884,811,855,925,861,791,928,876,938,790,872,844,975,821,761,999,955,555,926,669,721,957,663,709,772,727,711,690,714,727,726,702,719,733,737,730,730,728,742,748,732,726,722,732,724,715,699
64,170,2,2,119,0,1953125,12,0,6787,2.18,0,0,NaN,0,0,24,25,18,17,22,16,17,1,20,6,14,8,10,10,11,6,15,7,24,20,22,21,12,34,28,26,5,30,12,40,77,112,95,117,146,123,62,42,213,277,256,151,289,312,297,128,121,311,113,215,265,249,143,248,209,430,999,834,500,408,178,314,229,169,92,115,66,44,56,8,11,14,46,46,9,26,26,14,18,9,19,16,16,7,11
64,170,2,2,119,0,1953125,12,0,6843,2.19,0,0,NaN,0,0,54,33,12,75,46,32,2,57,13,48,31,47,22,36,39,28,47,31,45,32,58,9,5,98,99,11,35,161,104,43,63,197,82,106,119,227,62,240,304,401,295,57,112,203,90,217,205,301,237,312,152,155,517,935,987,1000,712,340,250,491,552,626,453,245,137,203,154,101,84,130,53,102,85,100,22,90,70,74,19,83,47,38,46,67,35
64,170,2,2,119,0,1953125,12,0,7764,2.35,0,0,NaN,0,0,55,18,23,66,16,43,33,10,67,7,9,54,14,33,32,37,44,29,43,53,62,36,27,117,82,49,100,144,44,36,57,136,44,116,131,135,115,97,93,411,539,354,187,331,315,347,317,471,442,475,246,324,617,938,935,999,789,312,173,675,746,668,334,83,10,69,116,26,36,59,42,41,38,38,86,31,52,55,13,53,11,33,45,20,45
64,170,2,2,119,0,1953125,12,0,0,0.97,0,0,NaN,0,0,841,848,848,835,851,863,877,868,864,876,886,892,878,867,873,883,874,851,839,841,843,816,789,782,786,774,762,732,739,739,731,734,713,724,730,739,739,711,762,799,701,753,792,746,822,759,790,681,845,786,714,815,651,1000,788,540,846,745,721,541,746,765,609,671,660,662,660,651,650,658,657,668,657,658,675,674,675,664,666,660,669,661,649,641,635
64,170,2,2,119,0,1953125,12,0,0,0.97,0,0,NaN,0,0,399,357,397,356,397,373,409,372,402,382,416,384,405,372,413,383,403,360,398,349,418,319,407,290,435,267,431,223,461,236,453,266,528,303,561,340,493,456,407,756,453,686,407,892,334,697,85,938,178,841,261,860,322,460,510,246,1000,787,842,562,668,373,597,282,512,148,436,154,417,184,387,214,375,230,346,247,337,273,326,269,322,276,311,273,290
64,170,2,2,119,0,1953125,12,0,6887,2.2,0,0,NaN,0,0,24,24,18,17,19,16,15,1,16,3,15,6,10,8,10,5,14,4,25,15,21,15,10,33,26,25,5,35,24,37,92,115,128,127,176,121,96,66,230,304,311,143,296,332,328,156,132,334,103,230,296,262,102,261,281,460,1000,854,497,385,192,332,267,177,97,127,68,56,61,10,18,23,55,45,12,30,27,15,22,16,19,13,13,4,11
64,170,2,2,119,0,1953125,12,0,6843,2.19,0,0,NaN,0,0,54,36,47,29,60,42,24,11,68,35,29,11,56,17,12,39,44,19,10,69,40,45,46,128,54,49,56,152,30,91,68,173,39,156,92,178,95,298,305,371,252,47,49,184,92,208,227,403,343,308,137,297,561,905,1000,972,776,344,103,441,593,571,530,277,220,130,217,102,136,55,129,49,113,45,81,29,90,58,74,42,82,54,49,38,62
64,170,2,2,119,0,1953125,12,0,6798,2.19,0,0,NaN,0,0,67,38,45,29,62,29,34,11,74,29,20,33,65,9,18,65,59,23,21,84,32,72,66,138,58,80,86,173,39,113,100,200,31,154,113,186,81,303,306,330,250,67,95,157,51,260,267,393,290,249,76,321,602,947,1000,950,749,337,104,393,539,580,554,290,221,149,240,104,142,82,146,40,119,78,102,18,90,68,73,37,83,57,43,48,73
64,170,2,2,119,0,1953125,12,0,6798,2.19,0,0,NaN,0,0,31,65,24,45,23,65,12,38,26,68,11,20,53,52,14,29,77,32,30,44,86,17,86,78,101,58,113,125,119,77,137,145,115,107,165,136,101,232,343,265,249,135,114,117,60,252,290,309,285,212,137,247,576,873,1000,901,718,361,85,326,526,520,497,247,190,153,209,77,139,90,118,19,130,78,73,31,99,48,38,55,89,38,30,54,58
64,170,1,2,119,0,1953125,12,0,6798,2.19,0,0,NaN,0,0,31,63,24,38,26,64,12,35,24,61,11,16,50,48,9,29,75,29,28,43,77,22,88,80,101,58,112,117,115,82,141,139,109,110,169,128,97,233,351,269,251,135,102,97,64,276,310,315,296,225,154,244,582,870,1000,889,702,359,67,294,498,505,494,251,184,152,212,84,136,94,122,22,134,81,76,27,102,51,46,53,91,39,32,58,63
64,170,1,2,119,0,1953125,12,0,6798,2.19,0,0,NaN,0,0,32,62,17,48,27,62,11,39,25,62,8,11,50,47,13,26,75,30,26,42,78,21,77,80,103,58,95,124,117,82,120,152,109,112,150,140,87,242,342,282,277,160,113,122,36,286,322,353,286,191,114,274,576,883,1000,912,734,359,76,332,521,532,514,255,204,156,222,81,148,94,127,25,135,84,86,33,104,55,46,57,86,43,35,63,62
64,170,1,2,119,0,1953125,12,0,6832,2.19,0,0,NaN,0,0,68,22,29,43,55,30,23,38,18,51,32,32,18,47,23,13,53,44,27,15,70,13,49,62,120,36,60,118,142,33,89,147,134,81,137,156,102,223,338,315,286,95,112,155,62,250,302,351,289,248,171,222,525,886,1000,931,718,301,9,357,527,543,499,236,203,167,209,70,141,95,107,62,119,68,44,75,86,48,25,86,72,27,34,69,42
64,170,1,2,119,0,1953125,12,0,6862,2.2,0,0,NaN,0,0,58,32,52,16,47,24,48,10,23,29,50,9,0,46,36,2,29,57,12,16,40,49,61,54,91,69,86,68,108,45,128,87,121,21,185,103,133,156,377,313,253,84,136,81,103,185,343,297,329,224,223,181,575,816,1000,936,666,362,50,268,510,529,456,301,145,175,168,117,104,103,84,43,106,72,34,31,103,46,43,42,69,14,42,53,46
64,170,1,2,119,0,1953125,12,0,6793,2.19,0,0,NaN,0,0,49,25,51,35,53,18,29,49,56,25,18,46,36,20,15,62,22,29,43,72,16,41,95,117,10,30,120,127,42,53,139,139,78,103,151,139,143,240,292,328,160,44,119,106,97,204,290,347,243,231,108,267,541,869,919,1000,746,401,139,321,413,549,469,322,206,159,195,138,123,102,127,83,90,86,92,33,50,86,77,42,56,68,51,36,56
64,170,1,2,119,0,1953125,12,0,6793,2.19,0,0,NaN,0,0,30,19,61,46,32,3,60,18,47,21,47,13,46,40,30,40,46,54,9,67,27,57,49,127,38,40,97,165,38,45,139,189,50,86,171,191,98,214,311,364,185,57,169,147,71,200,311,304,204,218,150,191,555,866,948,1000,680,419,137,270,445,600,451,339,125,234,161,157,72,167,71,87,82,145,42,51,69,94,15,74,79,64,29,70,65
64,170,1,2,119,0,1953125,12,0,6787,2.18,0,0,NaN,0,0,25,30,49,57,33,28,49,30,49,38,38,12,55,32,27,42,62,39,16,72,42,56,37,136,71,37,70,177,58,59,99,201,33,114,129,198,62,253,285,350,211,51,129,157,51,230,271,312,184,245,126,236,546,914,959,1000,720,399,158,286,417,587,473,310,151,212,188,132,87,145,96,76,74,126,59,56,60,86,9,81,74,64,22,74,62
64,170,1,2,119,0,1953125,12,0,154,1.05,0,0,NaN,0,0,307,287,269,287,274,246,221,212,196,178,146,132,123,100,108,134,126,151,181,201,216,240,267,314,316,336,356,404,380,362,413,449,422,425,444,452,414,369,380,499,317,379,362,521,198,328,324,550,290,322,252,434,435,562,73,1000,187,476,275,441,374,608,153,403,357,387,282,300,307,340,276,243,263,280,231,182,185,202,171,131,90,117,103,44,20
64,170,1,2,119,0,1953125,12,0,6837,2.19,0,0,NaN,0,0,21,13,17,15,12,14,7,19,8,13,4,12,11,3,5,13,9,15,2,13,16,17,24,8,44,11,31,7,19,39,52,120,92,116,138,117,88,71,217,260,300,141,264,286,321,136,107,313,140,131,150,194,183,368,262,475,999,838,469,357,192,345,217,209,51,134,30,69,17,48,34,44,27,20,30,10,19,22,11,11,6,12,7,5,5
64,170,1,2,119,0,1953125,12,0,6848,2.19,0,0,NaN,0,0,34,42,49,51,31,28,47,40,26,11,49,19,22,21,32,20,21,37,21,47,10,23,66,113,41,47,90,131,45,46,121,148,63,68,163,171,114,183,319,370,200,86,129,159,81,134,264,294,208,185,187,269,528,797,895,1000,728,463,179,330,483,611,438,317,120,219,149,139,50,139,54,78,54,111,17,54,68,87,17,62,60,49,36,66,57
64,170,1,2,119,0,1953125,12,0,6843,2.19,0,0,NaN,0,0,36,55,21,57,22,57,21,30,21,62,20,19,33,48,10,9,60,31,17,26,69,30,43,85,110,37,49,112,105,67,86,146,103,107,132,161,101,233,326,303,282,40,81,134,86,196,249,294,236,156,143,301,553,842,1000,962,821,442,100,314,533,537,531,289,201,142,218,101,123,68,119,25,111,57,68,27,91,46,47,47,80,38,33,54,62
64,170,1,2,119,0,1953125,12,0,6798,2.19,0,0,NaN,0,0,55,31,49,28,61,22,38,9,68,28,21,28,58,15,17,58,54,22,12,78,27,56,58,136,53,55,73,156,27,96,95,186,15,138,121,193,59,254,259,309,210,51,104,167,13,206,223,313,167,172,105,314,519,863,940,1000,845,474,208,314,441,529,503,277,207,140,217,101,132,81,134,37,101,79,102,14,71,67,72,29,64,54,39,36,56
64,170,1,2,119,0,1953125,12,0,6862,2.2,0,0,NaN,0,0,66,11,38,48,67,15,23,48,40,31,28,59,17,31,39,43,26,36,51,33,52,17,20,65,117,29,17,115,119,12,26,168,120,65,78,192,75,202,277,369,287,14,83,201,79,169,215,318,198,236,134,269,523,897,962,1000,774,423,131,316,477,611,490,266,163,226,189,104,93,135,67,96,84,102,13,93,66,66,29,87,45,38,60,75,41
64,170,1,2,119,0,1953125,12,0,6798,2.19,0,0,NaN,0,0,20,67,14,40,22,60,13,43,35,58,10,32,46,33,30,35,59,13,49,32,58,40,102,64,82,62,120,81,97,77,149,96,108,93,182,94,137,187,340,233,212,105,126,67,80,164,276,240,257,104,152,254,598,797,1000,988,803,534,130,212,477,513,453,339,156,203,178,187,82,128,79,91,73,113,56,49,61,82,44,38,65,66,30,33,60
64,170,1,2,119,0,1953125,12,0,6798,2.19,0,0,NaN,0,0,24,34,40,58,34,23,45,30,45,33,34,12,53,30,29,37,57,32,15,69,40,54,33,128,62,42,64,166,50,65,99,199,35,111,129,205,54,225,256,328,198,49,137,178,7,179,238,302,170,180,64,262,585,918,944,1000,741,451,182,232,381,557,445,288,149,227,198,134,88,146,96,77,77,131,64,56,59,89,17,77,72,64,20,69,59
64,170,1,2,119,0,1953125,12,0,6792,2.19,0,0,NaN,0,0,20,46,39,67,31,38,46,39,48,50,38,12,54,36,32,33,65,34,21,65,51,52,34,130,83,40,54,169,67,72,89,209,57,113,110,202,51,244,265,334,227,63,126,187,27,177,233,320,187,194,49,264,561,912,939,1000,768,449,189,266,409,569,467,279,170,227,219,121,102,135,112,63,81,122,77,49,55,79,17,72,65,57,18,69,60
64,170,1,2,119,0,1953125,12,0,6888,2.2,0,0,NaN,0,0,10,74,38,41,15,75,18,49,23,48,18,47,35,23,36,32,29,26,50,7,22,39,48,55,37,88,68,87,69,86,98,131,103,67,152,170,126,116,342,391,276,123,149,184,102,81,293,274,258,169,163,179,592,825,1000,974,744,490,72,219,533,572,454,263,183,227,162,80,134,112,55,33,124,60,31,57,88,9,55,56,40,39,68,46,18
64,170,1,2,119,0,1953125,12,0,6857,2.2,0,0,NaN,0,0,51,30,57,11,37,36,55,8,14,46,41,19,13,50,21,18,31,54,5,24,39,53,60,37,88,57,72,36,96,35,115,60,121,22,162,74,141,148,353,292,266,93,127,117,136,58,253,270,308,137,107,242,608,789,974,1000,789,523,81,222,484,551,434,338,160,228,160,168,69,127,71,92,77,106,40,47,76,79,39,42,66,53,38,50,62
64,170,1,2,119,0,1953125,12,0,6843,2.19,0,0,NaN,0,0,54,21,68,1,42,21,53,14,27,42,47,10,18,43,18,29,31,51,18,33,29,31,84,74,70,51,106,72,88,18,149,95,117,32,191,108,164,166,358,314,203,67,156,137,89,91,301,296,283,139,97,259,645,835,967,1000,752,524,117,187,442,562,439,349,144,244,167,169,55,146,67,86,67,122,28,42,78,95,35,60,74,66,22,54,66
64,170,1,2,119,0,1953125,12,0,6843,2.19,0,0,NaN,0,0,20,35,45,58,27,36,38,29,43,30,45,10,43,28,30,28,50,36,27,49,32,25,35,120,54,35,60,144,31,61,89,177,43,109,109,175,85,234,281,356,179,41,120,215,52,122,229,337,214,171,58,270,558,864,912,999,763,465,154,241,383,533,426,284,173,216,191,119,80,126,93,74,62,103,54,50,50,83,22,71,63,57,10,58,52
64,170,1,2,119,0,1953125,12,0,6798,2.19,0,0,NaN,0,0,56,7,62,22,58,6,43,32,65,20,26,38,46,20,9,67,37,31,33,78,5,47,88,134,12,38,119,150,26,69,147,175,62,116,147,158,133,256,294,333,139,19,138,174,18,149,274,344,225,172,81,298,630,914,925,999,751,491,199,206,373,572,475,320,179,237,233,152,102,145,133,77,74,130,98,45,61,108,65,53,64,76,31,50,68
64,170,1,2,119,0,1953125,12,0,6798,2.19,0,0,NaN,0,0,28,58,17,62,33,57,21,38,42,58,24,9,59,42,26,29,74,22,16,63,68,43,61,117,102,54,70,162,97,96,105,199,95,128,126,185,59,271,312,311,241,110,127,165,64,239,276,350,212,128,39,335,598,933,988,1000,846,497,243,257,430,553,510,258,225,227,264,98,144,127,144,45,117,106,93,48,85,64,30,79,85,53,28,76,68
64,170,1,2,119,0,1953125,12,0,6818,2.19,0,0,NaN,0,0,44,38,5,69,36,38,6,41,27,53,24,23,42,41,25,16,66,29,29,45,67,27,45,107,108,32,51,158,105,76,88,194,98,117,121,190,61,246,292,315,224,79,118,172,51,225,265,347,215,167,29,308,586,928,977,1000,830,497,242,237,402,535,464,236,195,225,230,89,120,123,110,63,101,103,62,66,72,68,19,85,68,36,25,74,51
64,170,1,2,119,0,1953125,12,0,6818,2.19,0,0,NaN,0,0,23,26,45,51,29,21,38,22,49,26,37,13,46,26,20,42,50,36,12,63,24,42,49,132,51,37,78,159,32,70,112,194,42,111,127,178,85,235,282,337,150,34,143,199,7,153,271,345,225,188,50,260,593,884,925,1000,756,504,201,205,375,545,416,278,147,251,195,135,78,154,89,79,71,129,50,59,64,93,15,75,69,59,20,68,60
64,170,1,2,119,0,1953125,12,0,6837,2.19,0,0,NaN,0,0,3,42,31,66,6,36,28,38,32,32,46,23,32,28,38,15,42,35,33,41,30,29,25,115,59,35,57,140,32,63,96,184,47,106,121,183,83,222,276,338,150,32,153,212,44,161,282,369,255,204,38,254,598,883,930,1000,745,489,167,236,406,553,397,269,144,253,170,129,73,152,62,82,73,119,25,64,60,72,30,85,69,47,37,70,51
64,170,1,2,119,0,1953125,12,0,154,1.05,0,0,NaN,0,0,351,335,311,299,306,286,273,219,218,205,165,137,135,137,112,114,151,167,200,206,246,292,318,297,339,392,430,368,430,475,482,405,444,493,534,495,477,446,552,586,240,476,427,543,372,285,496,360,498,370,258,379,789,228,403,1000,329,675,334,150,623,563,231,457,429,444,311,377,377,403,275,292,314,313,251,197,221,243,202,100,115,143,112,40,26
64,170,1,2,119,0,1953125,12,0,154,1.05,0,0,NaN,0,0,73,25,69,22,63,21,53,16,44,21,37,31,29,45,29,58,26,71,18,69,10,66,35,69,64,86,78,129,70,171,44,197,106,199,199,190,261,200,478,469,609,517,653,667,659,544,393,544,381,366,162,173,118,401,424,586,875,999,817,791,611,729,557,567,355,404,245,276,138,179,79,145,47,128,44,103,40,107,48,86,48,79,39,56,46
64,170,1,2,119,0,1953125,12,0,154,1.05,0,0,NaN,0,0,43,64,33,64,36,53,31,37,41,23,37,2,48,14,47,33,64,31,55,47,52,46,30,81,31,103,47,135,103,123,144,105,216,93,258,156,263,289,371,569,509,613,554,721,599,567,398,482,418,282,234,74,144,433,399,550,907,1000,832,743,683,655,640,474,454,309,330,185,227,91,156,67,123,59,106,55,93,63,87,61,74,57,62,45,48
64,170,1,2,119,0,1953125,12,0,154,1.05,0,0,NaN,0,0,49,58,40,52,42,48,33,30,45,17,36,5,48,15,45,37,56,37,46,49,44,49,21,83,13,105,33,139,81,134,128,120,203,96,256,144,268,268,382,539,505,583,526,684,562,542,359,455,361,252,198,48,93,437,396,549,861,1000,811,756,646,652,606,475,425,303,310,186,210,96,139,77,109,71,93,64,82,71,80,62,61,59,53,44,43
64,170,1,2,119,0,1953125,12,0,6823,2.19,0,0,NaN,0,0,19,15,19,15,14,14,8,22,7,14,2,13,8,6,2,12,4,14,3,15,16,17,22,11,47,6,24,17,13,44,61,125,103,117,169,138,135,75,234,295,336,181,280,333,349,164,131,394,193,180,155,259,234,344,212,456,1000,900,555,441,204,374,261,247,59,150,39,89,23,49,33,38,21,29,30,7,17,20,9,11,8,11,10,3,6
64,170,1,2,119,0,1953125,12,0,6823,2.19,0,0,NaN,0,0,31,58,13,50,25,59,5,30,30,59,5,7,48,40,13,25,69,17,25,44,64,41,74,99,100,57,81,130,88,105,124,169,97,131,138,164,102,276,332,285,226,57,98,129,56,211,250,336,295,150,48,374,665,940,999,928,810,476,225,302,476,521,486,211,215,202,242,67,136,97,125,39,131,79,71,50,98,45,29,73,87,38,43,79,70
64,170,1,2,119,0,1953125,12,0,6823,2.19,0,0,NaN,0,0,26,49,23,58,29,48,20,27,49,52,22,3,54,32,19,33,65,18,20,62,53,48,52,127,85,55,60,161,61,103,98,199,59,137,115,191,67,274,280,314,194,56,94,176,36,192,223,357,260,186,58,369,667,982,996,1000,827,494,257,314,451,559,461,231,199,232,226,87,123,138,124,71,110,101,69,65,76,68,21,82,71,47,28,76,60
64,170,1,2,119,0,1953125,12,0,6823,2.19,0,0,NaN,0,0,29,60,29,44,18,57,15,32,23,64,13,16,40,43,14,23,64,21,36,33,65,29,87,76,98,50,100,101,94,94,145,142,112,115,162,136,124,245,337,252,209,61,131,127,98,172,238,308,318,170,32,330,648,893,1000,909,792,473,170,274,489,495,464,211,225,206,237,85,144,103,124,36,145,84,73,36,109,55,56,56,84,31,46,71,68
64,170,1,2,119,0,1953125,12,0,6792,2.19,0,0,NaN,0,0,51,42,47,40,54,30,39,2,74,41,24,21,60,16,16,63,62,27,15,82,30,71,64,134,53,72,84,163,16,124,120,199,15,156,131,188,94,299,288,317,182,55,93,140,42,229,251,355,239,195,57,371,678,986,989,1000,810,493,294,349,454,566,442,235,195,252,233,97,120,143,123,72,111,119,80,63,86,85,38,71,74,57,26,74,66
64,170,1,2,119,0,1953125,12,0,0,0.96,0,0,NaN,0,0,346,347,334,290,283,295,282,244,190,187,187,161,112,100,116,131,141,156,192,223,267,260,283,352,366,384,408,420,440,451,492,492,464,514,600,555,433,436,527,668,296,441,487,719,232,359,468,688,455,403,242,402,924,685,180,1000,178,836,497,304,625,650,313,441,288,435,414,399,305,325,329,325,299,271,250,234,230,216,193,179,140,118,111,95,69
64,170,1,2,119,0,1953125,12,0,154,1.05,0,0,NaN,0,0,41,70,35,62,27,64,20,41,27,35,32,16,46,9,53,32,59,34,56,46,35,64,16,79,26,121,27,140,46,184,71,188,123,223,229,215,255,241,516,486,604,475,666,593,662,429,424,403,343,159,108,90,205,433,547,492,995,1000,960,739,767,651,683,460,474,306,323,169,229,81,139,83,123,74,88,82,72,80,65,78,43,75,42,55,43
64,170,1,2,119,0,1953125,12,0,6792,2.19,0,0,NaN,0,0,15,18,17,16,12,18,13,18,9,15,8,12,7,6,1,6,4,3,13,14,11,8,11,24,24,25,2,32,40,31,95,100,141,85,201,118,151,98,211,323,297,189,227,345,324,201,114,316,181,49,173,173,222,419,242,445,1000,914,565,433,228,351,283,240,86,117,65,58,51,47,22,24,11,43,16,17,23,15,11,9,7,9,7,1,5
64,170,2,2,119,0,1953125,12,0,6823,2.19,0,0,NaN,0,0,16,39,38,66,22,37,37,35,43,41,38,8,53,36,29,34,63,34,15,67,44,47,38,128,64,48,74,167,39,90,119,206,29,121,139,193,93,274,289,325,140,55,127,157,53,191,240,325,290,270,33,341,737,1000,961,944,689,468,232,287,456,575,375,225,154,282,162,108,93,169,53,112,99,123,13,87,73,70,49,104,67,41,61,82,47
64,170,2,2,119,0,1953125,12,0,6823,2.19,0,0,NaN,0,0,28,47,32,57,33,43,28,21,53,44,28,3,53,24,15,44,62,20,10,68,40,55,53,128,63,63,72,160,35,111,109,196,31,135,120,184,95,296,287,314,157,70,113,176,22,183,239,378,311,274,25,365,698,1000,992,979,764,448,226,329,449,550,408,217,184,251,203,100,115,149,96,98,107,106,40,88,77,73,26,103,80,53,42,89,66
64,170,2,2,119,0,1953125,12,0,6823,2.19,0,0,NaN,0,0,30,38,40,47,38,32,34,15,56,35,26,15,56,22,15,52,59,29,7,74,33,54,52,130,48,58,77,157,16,102,116,190,15,125,129,176,111,278,280,313,136,48,115,157,47,182,245,356,297,267,58,347,690,974,976,999,764,473,238,333,459,558,381,228,173,266,183,116,103,158,78,104,96,116,30,88,68,78,35,107,77,53,38,79,58
64,170,2,2,119,0,1953125,12,0,6823,2.19,0,0,NaN,0,0,28,41,43,56,32,37,32,22,54,36,27,13,56,23,17,44,54,23,0,70,29,51,52,130,50,52,79,156,13,101,119,192,10,121,130,171,107,274,276,306,125,53,119,151,55,184,244,349,301,270,54,358,723,1000,991,992,748,470,240,314,446,557,380,224,164,267,183,115,98,160,76,103,96,122,33,85,73,84,16,87,56,43,48,85,59
64,170,2,2,119,0,1953125,12,0,6823,2.19,0,0,NaN,0,0,24,49,15,50,29,45,14,21,46,46,15,1,53,26,17,34,58,11,17,57,39,58,58,113,64,70,67,143,41,118,103,178,38,137,107,166,84,290,276,277,150,87,109,167,28,204,241,380,306,258,58,386,686,976,999,971,792,447,215,343,459,513,395,186,205,235,206,92,136,132,100,93,122,96,46,83,83,61,31,107,87,61,48,85,64
64,170,2,2,119,0,1953125,12,0,6803,2.19,0,0,NaN,0,0,56,31,53,23,64,27,47,10,75,32,31,33,68,22,24,63,57,31,26,85,24,73,70,130,29,82,93,153,3,128,125,181,12,138,126,158,124,292,261,265,113,88,126,144,67,210,247,350,284,252,78,387,723,999,987,980,748,438,213,325,434,523,365,202,182,257,190,108,122,161,101,101,115,125,58,83,86,89,30,85,70,56,41,86,68
64,170,2,2,119,0,1953125,12,0,6798,2.19,0,0,NaN,0,0,34,54,33,47,43,49,36,21,61,52,27,12,67,33,26,51,74,22,19,75,51,62,65,119,61,77,83,152,33,131,120,180,26,143,124,167,94,295,270,249,136,120,118,134,59,227,224,327,275,251,55,409,742,1000,951,888,678,404,203,305,424,509,356,172,177,251,180,98,124,149,80,104,112,105,28,100,85,71,33,109,75,43,48,88,57
64,170,2,2,119,0,1953125,12,0,6798,2.19,0,0,NaN,0,0,40,37,48,39,51,34,48,7,68,40,37,19,65,32,24,59,65,37,13,82,35,75,65,135,38,75,95,165,9,118,135,197,10,128,141,171,133,298,282,283,112,102,161,153,72,216,292,367,306,269,115,390,742,1000,984,991,738,472,225,317,451,544,342,217,173,276,154,134,121,177,63,121,105,129,15,101,79,79,47,117,81,57,57,93,63
64,170,1,2,119,0,1953125,12,0,61,1.03,0,0,NaN,0,0,347,305,284,285,309,261,225,218,227,192,137,120,154,117,83,135,169,153,163,229,263,262,259,330,382,356,329,431,430,420,385,494,492,442,430,437,450,460,334,434,488,402,391,450,325,521,250,635,191,460,310,522,453,779,147,1000,414,462,347,589,255,604,294,395,301,444,323,324,305,362,326,281,261,297,261,233,177,213,197,138,104,103,93,72,19
64,170,1,2,119,0,1953125,12,0,61,1.03,0,0,NaN,0,0,49,53,44,54,40,52,37,46,29,45,21,39,6,36,8,29,26,28,45,32,61,38,68,51,65,54,57,56,74,98,170,161,253,224,368,266,378,278,499,452,515,381,453,430,378,236,69,181,50,38,179,142,378,593,672,646,957,1000,842,705,559,615,471,459,274,346,182,245,106,178,68,149,58,137,49,109,51,107,42,80,47,72,36,50,40
64,170,1,2,119,0,1953125,12,0,86,1.03,0,0,NaN,0,0,40,52,38,47,45,47,37,37,43,37,36,18,43,13,30,8,40,16,23,48,37,53,38,78,58,68,57,58,102,53,139,135,214,240,270,300,259,370,363,543,386,467,369,484,334,304,92,141,74,109,67,194,268,635,557,656,895,999,766,706,549,589,485,422,320,288,230,188,157,132,111,114,89,104,78,87,66,84,50,68,42,59,34,43,32
64,170,1,2,119,0,1953125,12,0,86,1.03,0,0,NaN,0,0,46,52,41,43,52,41,43,31,49,33,39,13,47,11,32,12,39,19,23,47,38,59,37,79,59,75,59,56,102,57,135,141,207,252,258,317,248,382,364,554,396,471,384,480,353,286,106,118,99,117,53,208,283,630,584,668,964,1000,809,692,604,558,526,391,361,251,263,153,194,94,143,83,123,71,109,61,94,62,77,47,63,46,49,34,33
64,170,1,2,119,0,1953125,12,0,154,1.05,0,0,NaN,0,0,63,36,53,37,52,37,32,38,20,45,5,39,14,45,24,35,44,37,45,14,60,12,64,28,102,27,112,39,155,46,147,104,181,185,177,238,156,322,331,515,386,461,425,500,417,317,198,180,168,88,26,195,303,630,617,673,975,1000,844,718,634,576,545,401,354,243,241,143,166,110,114,105,99,94,77,80,63,78,53,69,46,61,40,54,43
64,170,1,2,119,0,1953125,12,0,6798,2.19,0,0,NaN,0,0,28,24,20,21,24,22,18,14,24,14,17,9,21,13,8,16,18,22,12,15,25,24,35,18,53,39,45,30,55,43,57,120,103,126,130,144,88,59,202,261,194,116,199,234,233,113,157,310,142,104,106,131,200,383,325,409,999,745,544,344,208,259,242,168,57,85,42,42,43,20,25,22,41,7,19,14,4,15,9,14,9,10,7,6,9
64,170,1,2,119,0,1953125,12,0,154,1.05,0,0,NaN,0,0,355,342,302,296,299,299,240,214,222,212,184,138,128,123,115,113,142,185,185,193,270,299,301,317,337,382,430,369,431,461,489,393,443,507,521,485,475,431,601,568,313,453,483,451,395,273,548,230,607,284,378,254,1000,210,745,786,571,540,487,139,766,303,385,394,470,363,369,363,410,377,278,285,317,306,246,194,244,235,156,127,124,166,76,42,21
64,170,1,2,119,0,1953125,12,0,154,1.05,0,0,NaN,0,0,22,14,17,16,13,17,5,18,10,12,4,10,11,4,4,12,9,14,4,14,20,15,27,10,49,8,27,11,15,43,61,122,86,108,147,140,81,64,212,243,211,102,181,252,211,93,190,334,98,120,144,178,194,404,305,468,1000,796,549,389,179,301,203,205,26,104,13,56,11,53,35,39,26,25,28,9,22,23,11,12,9,13,10,6,9
64,170,2,2,119,0,1953125,12,0,6798,2.19,0,0,NaN,0,0,22,14,17,16,13,17,5,18,10,12,4,10,11,4,4,12,9,14,4,14,20,15,27,10,49,8,27,11,15,43,61,122,86,108,147,140,81,64,212,243,211,102,181,252,211,93,190,334,98,120,144,178,194,404,305,468,1000,796,549,389,179,301,203,205,26,104,13,56,11,53,35,39,26,25,28,9,22,23,11,12,9,13,10,6,9
64,170,2,2,119,0,1953125,12,0,6792,2.19,0,0,NaN,0,0,18,62,11,47,30,55,21,37,42,53,19,15,54,29,31,39,68,17,36,61,58,69,84,93,57,91,96,141,59,141,129,165,49,152,126,176,127,319,303,231,125,158,164,185,51,238,257,360,290,257,109,380,673,947,1000,934,768,402,173,340,444,486,391,214,234,224,206,123,171,133,112,106,140,103,69,91,97,71,53,96,81,51,57,89,67
64,170,2,2,119,0,1953125,12,0,154,1.05,0,0,NaN,0,0,347,336,298,284,295,297,256,204,219,208,174,127,135,131,122,107,158,170,182,203,268,284,313,311,346,388,427,376,431,442,481,401,427,505,541,469,468,419,589,578,292,444,498,459,357,257,549,205,600,258,399,257,1000,256,782,718,630,500,481,240,754,230,421,380,496,322,358,359,418,360,281,286,334,304,227,197,240,231,149,132,118,148,101,32,41
64,170,2,2,119,0,1953125,12,0,154,1.05,0,0,NaN,0,0,65,24,61,19,54,27,44,25,30,35,23,35,12,46,17,47,22,57,21,46,38,49,57,37,89,54,99,79,102,132,63,176,80,203,137,204,168,195,400,377,455,327,470,412,433,249,182,263,149,56,56,50,348,519,640,670,1000,959,867,716,618,625,499,459,292,323,181,217,112,156,80,134,82,115,67,95,66,86,57,71,62,58,50,50,52
64,170,2,2,119,0,1953125,12,0,154,1.05,0,0,NaN,0,0,69,20,64,14,57,19,49,15,37,25,34,31,25,42,25,49,17,60,11,55,22,60,41,59,70,80,76,110,73,151,45,179,89,184,170,167,198,170,414,379,459,347,453,451,417,299,166,307,131,91,31,80,315,536,609,713,971,1000,842,757,596,654,485,487,285,334,179,226,100,163,62,145,61,129,51,104,48,98,48,81,50,71,42,54,51
64,170,2,2,119,0,1953125,12,0,154,1.05,0,0,NaN,0,0,54,39,50,35,47,29,41,16,43,4,41,13,41,24,36,39,37,47,28,54,14,60,6,81,19,101,26,129,48,138,90,132,148,99,208,98,208,193,359,418,389,399,373,490,356,334,146,282,125,92,14,141,271,578,542,732,918,1000,789,750,585,614,490,440,317,279,216,180,148,135,99,125,85,109,75,90,61,87,56,72,49,67,41,50,45
64,170,2,2,119,0,1953125,12,0,154,1.05,0,0,NaN,0,0,53,39,48,34,48,28,43,14,42,4,40,13,39,24,35,36,33,47,26,52,11,59,6,82,20,101,28,128,46,135,86,131,141,102,205,95,201,185,353,410,383,385,365,476,345,319,134,274,114,85,9,150,281,580,544,742,923,1000,789,745,578,608,482,440,314,281,214,183,145,138,96,125,84,111,75,93,59,89,57,72,46,68,43,54,47
64,170,2,2,119,0,1953125,12,0,154,1.05,0,0,NaN,0,0,53,39,47,34,44,28,40,15,42,3,40,11,40,22,35,38,36,46,27,51,14,59,5,80,19,101,28,128,51,134,89,126,146,95,204,92,197,189,343,406,371,382,353,469,334,308,128,257,100,67,19,148,286,590,555,740,920,1000,788,735,569,593,473,427,307,266,208,174,141,132,99,123,85,110,75,90,60,88,59,72,48,68,44,52,46
64,170,2,2,119,0,1953125,12,0,154,1.05,0,0,NaN,0,0,51,44,47,38,47,31,42,17,44,5,40,9,41,21,40,35,38,42,30,52,18,60,0,84,13,102,23,131,59,136,101,126,157,93,208,89,194,191,333,406,353,378,334,459,312,290,123,246,91,49,27,149,278,591,553,747,929,1000,787,734,569,585,471,413,305,253,209,166,146,130,104,123,92,107,82,88,64,84,62,68,47,67,46,51,45
64,170,2,2,119,0,1953125,12,0,154,1.05,0,0,NaN,0,0,53,33,51,28,48,25,44,11,41,6,39,15,36,27,35,40,27,48,20,55,2,62,14,80,29,98,32,123,44,142,75,143,128,116,194,96,190,158,343,364,361,333,334,422,307,263,87,234,58,42,44,149,308,587,565,748,924,1000,785,728,539,588,441,424,274,272,183,186,120,148,84,136,74,122,65,98,53,93,50,75,47,70,40,55,47
64,170,1,2,119,0,1953125,12,0,154,1.05,0,0,NaN,0,0,53,35,48,30,48,25,43,13,42,4,39,15,35,24,34,38,29,45,20,51,5,59,9,80,23,96,28,125,45,134,81,132,136,105,195,92,190,168,334,372,351,337,321,421,294,257,81,215,49,39,47,171,320,598,573,756,927,999,784,725,538,574,438,412,276,260,186,179,128,144,92,133,80,118,71,95,56,91,55,74,44,68,42,54,48
64,170,1,2,119,0,1953125,12,0,154,1.05,0,0,NaN,0,0,63,19,58,12,54,17,43,15,37,24,34,29,24,41,23,46,15,56,11,50,26,55,44,62,69,78,72,107,69,140,41,160,82,160,163,145,185,154,381,341,404,298,391,390,353,231,94,220,77,25,84,140,379,579,645,754,972,1000,833,734,557,598,434,437,249,297,155,206,97,164,74,147,70,127,58,104,49,95,48,77,52,66,44,55,51
64,170,1,2,119,0,1953125,12,0,134,1.04,0,0,NaN,0,0,56,25,51,25,42,31,37,31,30,37,28,38,21,43,19,44,17,48,14,47,34,51,53,62,71,77,67,98,45,119,36,134,101,141,197,145,221,180,392,363,408,319,376,400,332,242,71,217,28,35,78,129,348,571,616,732,939,1000,808,725,530,590,426,429,254,288,164,197,103,153,69,141,65,128,61,105,51,99,49,79,45,72,40,54,46
64,170,1,2,119,0,1953125,12,0,86,1.03,0,0,NaN,0,0,57,24,50,25,56,17,50,19,52,16,40,23,35,24,20,32,14,34,2,52,8,65,17,83,4,84,12,78,71,27,134,64,206,140,265,205,247,292,339,464,343,385,293,418,272,232,112,148,69,43,64,150,281,588,552,730,952,999,796,695,563,535,474,367,329,230,243,142,180,83,132,79,118,64,109,59,96,57,87,53,71,44,59,36,40
64,170,1,2,119,0,1953125,12,0,36,1.03,0,0,NaN,0,0,42,53,39,52,38,49,32,45,24,42,16,40,11,39,16,36,28,37,45,44,55,50,60,55,52,48,58,33,94,44,181,111,249,175,335,216,310,253,401,419,380,321,296,383,257,192,37,171,23,32,80,128,319,572,577,742,936,1000,780,692,486,561,390,409,240,302,176,217,114,155,86,135,63,126,71,108,60,106,59,84,52,77,49,57,50
64,170,1,2,119,0,1953125,12,0,36,1.03,0,0,NaN,0,0,62,11,65,9,62,9,55,12,47,14,38,25,30,32,17,42,13,50,20,61,24,70,25,73,20,65,46,41,96,34,178,115,241,190,321,238,287,278,368,437,347,326,280,382,230,182,47,152,44,49,95,138,343,591,598,742,945,1000,796,676,490,550,387,394,229,305,159,215,98,164,64,134,58,131,55,110,60,106,48,84,57,74,45,60,51
64,170,1,2,119,0,1953125,12,0,36,1.03,0,0,NaN,0,0,64,16,65,11,63,12,57,15,47,19,37,27,28,35,15,43,14,50,22,60,26,69,29,73,24,62,53,36,99,32,184,112,245,181,324,230,289,268,376,427,351,315,278,372,226,170,47,150,58,58,99,135,352,584,602,748,959,1000,797,666,490,543,381,388,226,303,153,212,97,162,60,133,59,131,54,109,62,103,50,83,59,73,45,59,49
64,170,1,2,119,0,1953125,12,0,36,1.03,0,0,NaN,0,0,64,18,62,15,64,11,55,4,51,3,40,16,38,24,23,40,18,48,13,64,12,70,7,76,11,67,38,52,93,65,162,144,224,217,290,263,250,304,327,451,307,338,245,365,196,171,69,103,46,88,85,182,330,609,570,770,934,1000,747,667,456,530,361,375,220,281,156,196,105,151,74,133,58,124,60,108,61,105,50,82,51,72,43,58,47
64,170,1,2,119,0,1953125,12,0,36,1.03,0,0,NaN,0,0,62,15,59,12,62,11,55,3,52,3,40,15,37,24,25,42,20,48,13,66,16,71,8,76,8,67,35,51,92,67,162,141,220,215,284,262,250,302,322,443,304,332,243,356,192,168,71,104,54,98,102,175,337,616,577,760,923,1000,745,662,457,527,364,370,223,278,157,192,102,147,71,125,57,123,59,106,61,101,47,81,52,71,41,56,47
64,170,1,2,119,0,1953125,12,0,36,1.03,0,0,NaN,0,0,61,20,60,14,62,12,54,2,50,3,40,16,38,24,24,42,21,49,15,66,14,71,10,78,6,68,36,54,88,67,158,139,214,214,281,263,249,301,320,442,305,333,244,359,192,169,61,104,42,91,86,179,335,607,578,779,928,999,741,657,454,523,359,368,220,278,156,194,104,149,75,128,59,122,62,106,60,102,52,81,53,73,44,57,46
64,170,1,2,119,0,1953125,12,0,36,1.03,0,0,NaN,0,0,62,12,62,7,62,4,56,4,49,9,39,21,33,29,23,43,16,50,15,63,15,68,13,74,13,66,42,45,94,52,171,127,228,200,296,245,263,283,332,428,310,320,243,351,188,158,65,111,62,87,106,173,354,612,600,775,936,1000,750,652,456,526,360,369,210,281,146,196,93,153,63,128,54,124,53,106,58,104,49,83,53,71,41,58,48
64,170,1,2,119,0,1953125,12,0,36,1.03,0,0,NaN,0,0,59,23,60,17,62,15,53,4,51,1,40,15,38,23,26,41,21,46,13,66,15,70,6,77,13,68,36,53,88,71,155,145,212,218,275,260,235,299,311,441,288,327,232,350,180,156,81,100,52,100,86,181,331,615,583,782,925,1000,730,648,442,522,361,363,217,268,155,184,99,141,74,121,55,119,60,105,59,100,50,80,53,71,43,56,47
64,170,1,2,119,0,1953125,12,0,36,1.03,0,0,NaN,0,0,64,14,65,13,62,12,57,15,46,22,39,28,28,38,19,44,18,54,24,60,28,69,31,71,28,63,54,39,96,32,181,110,238,176,318,220,281,256,365,410,334,295,264,345,207,149,38,120,84,78,112,180,396,610,638,801,981,1000,771,630,465,517,366,366,210,285,143,202,92,158,63,133,63,130,56,110,64,105,52,83,61,73,46,59,53
64,170,1,2,119,0,1953125,12,0,36,1.03,0,0,NaN,0,0,62,13,65,9,65,4,55,2,53,8,42,20,37,31,24,44,19,51,17,67,17,73,14,78,10,69,41,53,90,60,166,133,222,202,291,247,252,287,331,434,304,321,246,355,190,167,38,103,66,100,87,212,380,634,617,810,942,1000,736,648,442,513,348,362,205,275,144,195,93,153,66,132,58,131,59,108,60,106,51,83,54,75,44,59,47
64,170,1,2,119,0,1953125,12,0,36,1.03,0,0,NaN,0,0,57,36,57,31,61,32,49,18,53,19,42,6,47,15,32,36,36,45,25,66,35,69,23,80,31,73,25,71,68,109,126,183,180,258,240,295,202,324,301,454,281,334,250,346,195,169,47,62,37,146,49,222,372,650,602,810,954,999,726,647,464,494,371,334,243,238,181,162,133,124,103,116,87,109,90,96,78,91,67,76,61,67,50,54,49
64,170,1,2,119,0,1953125,12,0,61,1.03,0,0,NaN,0,0,47,36,51,32,55,28,51,20,49,15,42,7,41,14,28,28,26,39,14,57,20,70,13,80,17,73,26,56,76,37,143,109,200,186,272,237,241,293,337,450,316,347,273,382,205,180,55,127,47,80,95,172,357,620,605,780,932,999,743,655,457,535,364,373,209,276,137,189,82,144,52,127,52,121,49,103,54,96,44,80,49,64,37,51,39
64,170,1,2,119,0,1953125,12,0,86,1.03,0,0,NaN,0,0,58,29,51,22,52,26,49,22,40,29,37,28,19,37,13,31,10,43,18,39,49,54,52,54,67,62,49,59,25,84,96,115,147,161,256,182,247,200,415,359,398,260,367,318,295,133,62,153,77,81,93,103,421,550,675,706,1000,917,809,583,539,481,431,330,263,241,177,153,138,104,102,83,114,81,94,65,97,59,80,50,70,35,55,36,40
64,170,1,2,119,0,1953125,12,0,86,1.03,0,0,NaN,0,0,51,31,51,23,56,17,53,11,53,9,44,11,43,15,31,27,27,35,12,55,13,68,13,86,18,82,20,74,67,14,127,65,181,149,249,207,221,284,333,454,316,356,276,397,228,205,49,130,21,87,47,225,362,634,606,818,945,1000,737,679,482,526,391,373,249,246,172,169,119,128,85,121,72,111,73,93,63,90,58,71,46,64,39,43,36
64,170,1,2,119,0,1953125,12,0,61,1.03,0,0,NaN,0,0,23,62,12,59,12,63,0,50,12,51,9,33,27,29,28,12,44,7,48,12,74,9,77,13,87,16,67,36,28,111,60,174,109,236,217,261,215,254,386,369,371,249,355,274,285,82,69,110,58,142,75,122,429,555,665,679,1000,897,802,555,537,440,437,295,278,211,192,136,147,85,111,71,112,70,99,63,96,59,81,51,72,44,54,40,45
64,170,1,2,119,0,1953125,12,0,86,1.03,0,0,NaN,0,0,57,31,47,28,47,35,44,31,35,37,32,33,12,40,9,29,18,38,25,31,55,44,61,43,79,49,59,52,28,96,72,134,117,184,232,204,230,210,408,355,385,243,372,301,296,103,74,141,65,115,76,108,427,543,663,681,1000,898,807,565,547,461,443,305,280,217,192,130,149,80,113,63,118,61,100,51,99,48,83,40,71,33,55,33,40
64,170,1,2,119,0,1953125,12,0,86,1.03,0,0,NaN,0,0,56,24,54,16,58,9,55,6,52,10,44,18,35,23,24,32,14,41,2,52,14,68,20,83,16,85,10,79,53,35,129,52,187,119,272,172,250,244,364,417,339,327,289,387,224,188,34,144,57,59,77,202,391,627,620,795,945,999,749,675,464,544,376,387,219,270,142,184,82,142,57,129,50,121,54,101,48,98,43,74,46,67,33,46,34
64,170,1,2,119,0,1953125,12,0,61,1.03,0,0,NaN,0,0,53,37,54,36,51,36,48,32,40,34,31,34,19,38,8,37,15,43,28,50,43,60,46,69,44,66,44,55,66,36,154,82,214,141,306,184,281,229,392,398,349,290,291,357,215,153,31,129,92,73,98,209,421,624,637,815,966,1000,767,666,456,532,363,386,207,275,135,194,82,147,56,132,48,128,54,106,51,105,47,82,47,75,38,47,39
64,170,1,2,119,0,1953125,12,0,61,1.03,0,0,NaN,0,0,63,24,58,12,66,14,53,1,54,4,41,13,40,16,27,33,25,42,17,60,23,71,27,79,38,75,35,54,76,74,110,141,158,230,208,278,179,312,291,432,278,310,271,313,211,125,61,10,47,177,44,215,420,614,625,737,1000,934,786,586,529,422,431,270,292,171,206,101,163,56,127,59,122,52,111,56,102,51,87,47,70,42,61,37,43
64,170,1,2,119,0,1953125,12,0,86,1.03,0,0,NaN,0,0,30,55,21,52,20,59,5,49,11,52,10,37,25,35,20,14,39,11,38,4,65,6,75,13,93,13,77,26,57,99,25,157,76,223,175,245,173,246,357,347,333,228,327,246,254,73,53,51,119,152,113,165,469,561,663,699,1000,887,799,551,520,424,413,284,254,193,177,123,140,87,114,77,115,77,97,62,91,61,75,45,66,38,50,33,41
64,170,1,2,119,0,1953125,12,0,36,1.03,0,0,NaN,0,0,34,60,29,61,34,53,30,50,23,42,12,41,6,38,17,39,30,42,47,48,48,55,52,59,48,48,58,32,107,30,184,101,249,170,316,211,274,248,331,393,291,283,214,314,141,125,86,46,138,159,94,255,409,657,599,836,950,1000,722,649,437,475,349,324,231,211,173,142,131,109,110,103,98,91,105,79,89,75,85,60,64,55,62,45,45
64,170,1,2,119,0,1953125,12,0,61,1.03,0,0,NaN,0,0,60,22,56,26,61,19,53,24,49,18,37,27,27,29,13,37,6,44,17,59,20,67,22,78,17,68,33,55,83,10,156,84,217,159,287,206,251,255,325,399,285,292,229,322,147,133,79,53,144,165,119,266,421,663,616,831,942,1000,727,655,429,488,336,339,205,232,144,164,100,137,78,124,68,117,77,98,63,94,58,69,47,64,40,44,37
64,170,1,2,119,0,1953125,12,0,61,1.03,0,0,NaN,0,0,29,61,15,58,14,63,5,48,10,51,8,32,27,29,25,9,46,6,45,13,75,8,71,18,84,26,57,46,32,125,54,189,104,256,203,281,179,273,345,367,311,237,301,234,206,68,25,67,90,220,90,213,446,618,674,715,1000,928,787,569,516,413,414,253,275,161,196,83,156,57,120,58,121,55,109,51,103,47,84,46,70,39,55,36,40
64,170,1,2,119,0,1953125,12,0,134,1.04,0,0,NaN,0,0,39,47,35,31,43,26,44,9,46,2,46,16,39,26,37,36,20,45,16,52,16,70,26,78,47,94,33,102,25,114,52,107,94,117,199,129,194,156,370,311,346,227,334,275,245,94,46,81,133,128,159,198,490,589,713,723,1000,912,818,591,526,452,409,295,251,192,170,106,156,83,132,75,140,60,110,50,101,39,83,45,70,40,61,44,43
64,170,1,2,119,0,1953125,12,0,86,1.03,0,0,NaN,0,0,43,46,37,36,46,42,36,29,43,33,32,14,41,10,28,11,40,14,33,39,49,45,55,56,73,48,67,28,82,78,76,147,118,227,166,262,141,284,297,386,276,258,271,247,194,76,34,65,90,230,99,236,467,624,675,703,1000,911,810,574,525,404,418,262,270,164,185,96,151,61,124,63,123,57,104,52,93,49,78,39,64,33,48,28,36
64,170,1,2,119,0,1953125,12,0,86,1.03,0,0,NaN,0,0,40,51,28,50,22,58,13,49,4,53,9,38,15,37,15,17,37,19,39,3,71,6,75,3,91,17,69,36,46,109,37,165,84,224,188,242,172,236,353,336,314,207,305,217,211,60,23,61,137,217,123,204,486,597,685,701,1000,888,807,562,525,398,410,261,267,167,188,96,159,67,129,61,129,57,106,45,98,42,78,37,70,30,51,29,38
64,170,1,2,119,0,1953125,12,0,86,1.03,0,0,NaN,0,0,42,47,33,47,27,55,23,47,13,50,14,37,9,38,10,21,32,25,39,13,69,18,71,19,86,29,63,46,31,107,57,157,105,207,214,226,198,211,367,316,328,189,305,206,211,43,47,69,165,218,159,209,513,594,694,702,1000,887,804,560,510,405,392,267,249,184,175,112,150,83,122,76,126,69,97,58,93,52,73,41,69,30,49,29,39
64,170,1,2,119,0,1953125,12,0,86,1.03,0,0,NaN,0,0,42,46,30,47,24,57,19,46,8,51,10,37,11,37,15,17,34,20,37,5,68,11,73,9,86,25,66,43,36,110,49,161,93,215,205,235,184,216,354,320,316,187,296,198,196,52,42,77,162,239,160,217,506,599,692,696,1000,885,796,549,508,393,390,252,252,169,177,99,154,73,125,68,129,59,102,51,96,44,74,36,67,28,51,29,37
64,170,1,2,119,0,1953125,12,0,86,1.03,0,0,NaN,0,0,56,32,51,31,49,32,46,26,39,30,32,31,16,34,9,33,13,40,23,42,45,54,48,61,52,65,38,67,40,78,127,112,180,144,282,171,256,181,385,327,341,214,279,253,181,41,106,54,214,200,211,225,524,645,701,779,1000,982,800,644,480,488,349,341,198,247,120,168,95,139,75,125,83,114,61,93,65,85,50,65,53,54,35,36,35
64,170,1,2,119,0,1953125,12,0,159,1.05,0,0,NaN,0,0,22,60,20,50,23,46,28,29,34,18,37,9,37,12,40,25,36,34,32,43,11,63,3,83,20,101,22,120,42,126,86,115,121,95,203,95,185,153,354,325,330,253,315,310,223,118,53,72,178,143,176,250,526,652,708,795,999,1000,835,684,519,511,386,353,225,242,157,160,140,142,124,117,127,96,94,68,90,56,77,50,74,42,68,52,59
64,170,1,2,119,0,1953125,12,0,86,1.03,0,0,NaN,0,0,46,43,43,29,51,37,41,25,46,29,37,16,42,7,29,10,38,18,33,39,51,45,61,50,74,43,69,27,75,93,64,162,104,238,164,262,147,270,324,363,298,226,293,222,201,73,25,77,163,248,134,203,503,583,675,695,1000,892,812,567,508,404,381,281,239,200,164,142,133,114,109,110,102,98,79,87,70,77,56,62,50,47,40,35,35
64,170,1,2,119,0,1953125,12,0,61,1.03,0,0,NaN,0,0,44,52,39,47,44,52,35,36,41,34,32,12,43,8,34,19,44,24,36,47,57,50,53,56,65,53,48,53,67,122,94,191,140,268,201,298,161,308,303,413,267,272,255,260,145,102,60,96,133,297,112,266,447,663,643,759,1000,982,794,632,502,418,394,269,273,168,199,104,164,86,131,82,123,65,111,60,99,55,82,48,70,45,55,38,40
64,170,1,2,119,0,1953125,12,0,61,1.03,0,0,NaN,0,0,31,59,23,55,18,60,15,46,4,49,1,31,19,33,23,12,43,14,46,6,75,4,69,2,78,29,49,55,12,132,87,194,130,249,234,266,210,243,370,337,332,207,310,207,188,41,26,118,149,290,135,198,472,596,658,678,1000,923,823,588,536,404,411,255,280,171,200,95,169,68,130,60,131,53,107,48,104,41,82,41,74,32,56,33,40
64,170,1,2,119,0,1953125,12,0,86,1.03,0,0,NaN,0,0,49,42,37,42,36,49,30,40,21,45,16,33,3,37,7,21,30,27,34,13,68,22,67,16,84,34,58,50,29,119,61,177,107,232,215,248,199,243,379,350,344,225,332,225,203,30,10,106,130,274,121,196,463,598,663,687,1000,933,836,603,547,421,431,267,291,176,207,93,170,68,131,59,130,49,106,45,100,39,77,40,67,30,48,32,33
64,170,1,2,119,0,1953125,12,0,61,1.03,0,0,NaN,0,0,51,37,48,38,48,35,43,33,34,33,25,31,13,33,6,34,16,38,31,45,42,53,44,60,39,52,43,49,83,53,171,105,231,155,316,186,276,223,373,370,326,258,248,278,133,61,121,65,211,212,208,194,444,623,633,776,937,1000,773,673,451,507,338,362,193,264,124,182,78,149,53,132,52,124,49,101,50,97,41,70,40,65,31,44,34
64,170,1,2,119,0,1953125,12,0,36,1.03,0,0,NaN,0,0,22,65,15,58,10,61,6,45,13,45,11,30,28,30,32,17,51,11,53,11,71,2,65,9,65,36,46,67,42,138,133,196,178,243,280,255,247,225,388,319,340,179,295,191,172,30,60,139,178,280,167,183,488,592,689,693,999,921,834,587,532,422,410,280,269,208,186,131,154,96,115,77,117,78,101,68,98,65,80,52,75,43,55,42,49
64,170,1,2,119,0,1953125,12,0,36,1.03,0,0,NaN,0,0,35,56,36,49,29,53,27,41,9,47,5,33,17,38,22,24,47,26,50,16,72,21,60,14,64,33,53,57,62,122,158,179,199,222,299,234,258,212,395,317,337,175,293,193,163,39,78,142,192,287,173,179,487,588,683,695,1000,921,834,581,535,421,417,275,279,203,196,121,162,86,121,66,125,67,105,59,106,55,85,48,76,36,59,42,47
64,170,1,2,119,0,1953125,12,0,11,1.02,0,0,NaN,0,0,21,67,11,55,17,58,12,41,25,43,23,27,40,26,41,21,56,12,56,21,70,15,55,30,56,55,48,91,62,162,153,221,190,264,280,267,234,228,368,306,311,161,270,164,145,75,81,157,189,307,166,200,478,596,669,695,999,918,817,561,524,401,411,256,282,186,203,111,167,81,129,64,128,68,114,61,112,56,90,52,83,46,66,48,57
64,170,1,2,119,0,1953125,12,0,11,1.02,0,0,NaN,0,0,23,68,13,60,25,58,18,40,36,42,29,20,48,25,44,21,60,19,51,39,69,30,47,55,49,71,19,113,32,184,125,253,158,306,245,317,189,290,336,371,277,223,247,209,117,126,86,147,172,325,127,263,447,670,646,782,997,1000,786,638,506,456,392,295,277,208,202,127,163,106,124,99,118,93,106,89,101,81,79,75,71,62,61,60,55
64,170,1,2,119,0,1953125,12,0,11,1.02,0,0,NaN,0,0,22,65,14,57,14,61,4,45,21,49,18,30,38,36,39,21,61,15,57,20,74,11,58,33,62,55,50,95,61,163,149,228,182,270,274,280,223,245,358,323,301,181,262,169,140,110,85,152,186,315,157,237,465,620,666,731,999,936,793,581,518,412,407,257,286,181,210,101,176,79,136,72,132,67,118,66,110,58,90,60,78,48,66,53,55
64,170,1,2,119,0,1953125,12,0,11,1.02,0,0,NaN,0,0,26,63,20,57,14,60,8,44,15,49,13,32,37,37,37,24,59,18,56,16,73,5,60,27,63,50,57,88,72,155,162,219,195,260,288,272,236,237,370,318,315,175,273,173,152,102,89,147,192,310,164,219,471,610,667,717,1000,929,810,574,528,409,416,260,295,184,217,106,183,78,140,67,137,66,122,65,116,56,92,54,82,49,68,51,58
64,170,1,2,119,0,1953125,12,0,11,1.02,0,0,NaN,0,0,22,68,11,57,15,62,4,44,19,48,19,31,42,34,40,20,62,18,59,24,75,12,59,33,63,55,46,94,57,167,148,234,182,276,276,293,229,260,365,340,319,204,281,190,155,105,72,142,174,309,143,227,447,615,664,740,1000,950,804,586,522,420,416,269,296,190,219,110,182,84,138,74,134,72,120,67,113,63,88,59,83,53,66,53,56
64,170,1,2,119,0,1953125,12,0,11,1.02,0,0,NaN,0,0,22,68,11,57,15,62,4,44,19,48,19,31,42,34,40,20,62,18,59,24,75,12,59,33,63,55,46,94,57,167,148,234,182,276,276,293,229,260,365,340,319,204,281,190,155,105,72,142,174,309,143,227,447,615,664,740,1000,950,804,586,522,420,416,269,296,190,219,110,182,84,138,74,134,72,120,67,113,63,88,59,83,53,66,53,56
64,170,1,2,119,0,1953125,12,0,11,1.02,0,0,NaN,0,0,23,66,19,58,14,61,9,46,13,50,11,33,36,38,37,25,61,22,61,17,77,1,64,25,67,50,60,87,72,155,166,221,198,264,294,277,242,246,382,333,332,198,294,197,179,117,93,117,186,287,145,198,462,603,672,732,1000,926,811,568,526,408,420,264,299,189,225,112,191,87,149,75,145,72,129,65,121,60,94,56,82,46,68,51,60
64,170,1,2,119,0,1953125,12,0,11,1.02,0,0,NaN,0,0,49,54,42,43,49,43,40,22,52,20,42,10,54,16,42,38,51,40,40,58,49,56,30,67,30,80,10,108,51,182,127,255,171,311,237,333,188,325,310,407,277,276,240,253,127,148,85,134,171,306,130,276,426,663,646,809,989,999,780,641,499,455,394,311,283,221,211,143,174,119,137,106,125,98,118,88,106,80,85,70,79,65,63,56,58
64,170,1,2,119,0,1953125,12,0,11,1.02,0,0,NaN,0,0,20,67,13,58,12,62,4,45,20,51,18,31,41,36,40,23,62,17,59,23,75,13,59,35,63,57,53,97,67,168,155,233,190,278,282,293,237,264,369,345,328,217,287,204,179,135,97,133,190,300,158,239,463,613,675,748,1000,941,809,585,523,413,415,273,302,195,223,117,193,93,149,82,143,78,127,72,120,64,93,61,83,57,70,58,60
64,170,1,2,119,0,1953125,12,0,0,1.02,0,0,NaN,0,0,26,62,28,58,32,49,38,42,44,35,47,25,52,25,56,30,62,35,62,45,61,46,50,65,42,89,41,132,73,201,156,271,199,312,275,329,226,278,343,350,311,216,262,201,156,140,91,150,186,327,157,253,458,654,675,747,999,984,813,591,511,426,414,272,298,201,224,114,190,94,147,79,144,82,127,75,125,67,94,66,91,55,73,64,71
64,170,1,2,119,0,1953125,12,0,0,1.02,0,0,NaN,0,0,64,8,71,13,58,10,56,20,52,28,42,37,44,47,27,61,36,63,25,74,22,64,38,73,44,64,98,93,138,141,224,218,255,263,318,294,243,289,298,404,251,271,188,281,128,158,170,79,250,261,199,271,453,668,630,813,927,1000,753,639,439,490,324,357,211,284,137,205,114,172,76,156,83,146,76,135,78,110,66,97,63,80,60,74,59
64,170,1,2,119,0,1953125,12,0,0,1.02,0,0,NaN,0,0,37,50,42,45,43,33,48,25,51,17,52,14,51,28,51,39,48,51,41,62,34,62,13,77,2,91,38,130,80,188,154,269,197,312,254,344,197,315,274,410,248,281,207,269,92,134,105,99,193,285,172,273,402,649,579,766,890,1000,728,643,437,492,336,349,225,275,148,190,122,161,76,143,83,131,67,123,77,102,57,97,57,72,57,76,53
64,170,1,2,119,0,1953125,12,0,11,1.02,0,0,NaN,0,0,34,58,28,52,35,50,31,29,44,29,38,11,51,19,44,34,52,35,45,55,53,51,32,66,30,81,10,109,57,182,132,253,181,315,245,337,203,336,304,414,282,308,249,281,144,163,61,104,164,285,137,285,416,658,583,755,905,1000,751,657,471,493,379,352,262,261,187,177,147,148,108,131,97,119,87,107,81,97,62,82,60,72,52,63,54
64,170,1,2,119,0,1953125,12,0,11,1.02,0,0,NaN,0,0,57,39,56,35,47,41,39,39,26,46,17,40,19,49,23,47,42,48,49,44,56,42,61,28,66,10,101,28,146,95,242,168,296,218,375,250,330,249,410,375,379,256,314,274,218,89,143,46,233,227,219,202,504,604,694,759,1000,983,859,634,546,491,431,352,289,282,202,191,169,156,123,127,128,123,102,100,110,91,83,72,81,64,69,64,62
64,170,1,2,119,0,1953125,12,0,11,1.02,0,0,NaN,0,0,64,9,63,11,59,11,48,18,43,22,33,34,32,39,23,51,22,56,26,63,21,61,30,60,44,48,84,47,141,107,218,179,275,240,330,277,287,300,330,415,309,304,235,303,148,128,126,33,218,231,215,246,454,636,611,769,908,1000,776,666,469,519,369,383,233,300,154,212,116,174,77,146,77,140,67,118,71,108,55,87,63,77,51,66,55
64,170,1,2,119,0,1953125,12,0,11,1.02,0,0,NaN,0,0,62,31,60,29,52,32,45,34,32,39,23,41,18,45,22,51,33,53,45,52,47,48,52,40,61,20,99,19,151,89,242,165,302,218,377,255,334,263,394,391,367,274,290,290,189,81,131,62,238,236,233,208,504,612,665,748,978,1000,846,644,525,510,417,370,268,292,181,201,145,161,100,129,107,129,89,105,94,94,72,76,74,64,61,63,59
64,170,1,2,119,0,1953125,12,0,11,1.02,0,0,NaN,0,0,48,45,49,38,41,43,34,38,16,44,11,39,15,46,24,41,44,43,51,36,58,32,57,20,60,16,90,38,136,109,233,177,286,222,369,253,332,245,410,364,379,247,313,263,189,39,106,115,218,261,233,214,508,580,678,718,999,974,859,624,552,481,440,344,294,267,201,177,165,134,117,105,123,107,103,86,108,77,83,65,84,56,64,56,59
64,170,1,2,119,0,1953125,12,0,11,1.02,0,0,NaN,0,0,61,25,60,24,53,24,45,28,33,34,24,38,18,44,20,48,30,52,38,51,39,55,43,44,51,24,90,10,144,82,233,160,296,217,364,253,326,270,384,404,359,298,289,305,159,78,103,102,220,238,243,206,479,584,631,727,961,1000,830,651,519,523,416,381,261,301,170,201,128,156,80,123,91,124,74,101,86,91,62,78,69,63,54,59,57
64,170,1,2,119,0,1953125,12,0,11,1.02,0,0,NaN,0,0,57,40,59,36,51,36,45,34,30,40,19,38,14,46,22,48,39,50,50,50,54,47,57,39,56,21,92,22,145,92,242,164,301,220,385,256,346,262,419,400,392,277,320,303,199,72,99,105,211,239,219,180,495,590,657,732,1000,999,863,638,543,513,439,370,287,292,192,194,153,153,103,117,111,121,94,99,101,89,76,72,76,58,60,59,59
64,170,1,2,119,0,1953125,12,0,11,1.02,0,0,NaN,0,0,50,46,49,41,38,45,32,38,15,43,10,38,15,42,24,38,43,40,52,34,60,32,60,21,59,22,85,46,125,109,217,172,273,219,358,246,329,241,413,361,387,248,326,269,197,46,72,128,190,247,195,188,485,557,650,696,1000,955,844,604,550,476,448,337,303,266,206,172,169,130,117,98,122,102,102,83,108,72,84,61,83,51,66,57,59
64,170,1,2,119,0,1953125,12,0,11,1.02,0,0,NaN,0,0,49,50,50,43,40,48,35,39,14,47,7,38,15,43,24,38,45,37,55,34,61,31,61,23,58,29,84,47,120,114,221,177,272,227,368,256,334,246,436,376,407,265,361,290,220,62,41,138,163,246,169,169,461,542,635,686,1000,948,848,614,571,486,465,345,318,273,218,177,177,132,121,96,127,99,104,78,113,72,86,62,84,51,71,56,63
64,170,1,2,119,0,1953125,12,0,36,1.03,0,0,NaN,0,0,65,16,67,10,62,11,56,11,45,18,36,25,25,37,12,41,17,51,25,56,35,66,34,61,35,48,67,21,116,55,214,134,280,200,370,243,339,275,435,433,413,328,364,352,226,126,61,95,175,188,172,155,461,558,627,747,1000,996,859,670,568,542,458,395,302,310,199,206,161,159,106,121,114,117,89,91,99,81,76,65,74,50,59,52,53
64,170,1,2,119,0,1953125,12,0,7559,2.32,0,0,NaN,0,0,16,17,15,9,16,10,15,1,13,4,7,1,4,6,7,5,6,4,15,15,15,12,5,26,22,11,16,20,39,28,103,99,125,87,175,117,69,73,207,266,204,114,208,265,152,67,202,267,116,325,199,107,222,304,257,573,1000,962,627,434,198,261,206,160,80,101,64,42,67,8,37,12,61,30,22,25,18,22,16,15,11,20,7,5,8
64,170,1,2,119,0,1953125,12,0,124,1.04,0,0,NaN,0,0,358,373,322,304,322,299,265,226,221,214,182,127,134,150,103,105,170,189,191,215,263,300,306,307,373,414,400,385,456,475,488,465,460,493,565,467,411,493,577,475,439,480,431,493,300,579,284,664,405,317,401,331,632,174,224,1000,224,339,253,853,473,147,560,501,368,399,356,383,430,329,340,342,330,292,238,246,241,223,176,145,136,135,90,45,45
64,170,1,2,119,0,1953125,12,0,61,1.03,0,0,NaN,0,0,55,34,50,21,59,26,48,15,47,20,36,5,34,7,23,20,24,35,23,49,36,57,49,56,59,48,61,33,87,115,105,200,165,284,215,326,214,341,343,424,353,305,346,275,235,50,67,156,97,296,157,296,425,560,629,672,1000,934,850,609,566,458,478,330,314,230,205,145,153,94,109,81,105,80,89,69,81,65,67,51,58,43,41,34,35
64,170,1,2,119,0,1953125,12,0,36,1.03,0,0,NaN,0,0,36,61,26,54,33,59,20,41,31,39,23,16,35,10,34,15,47,22,48,37,66,35,63,33,65,52,33,78,37,165,96,242,162,315,244,341,239,337,371,409,367,290,356,271,228,46,66,154,112,308,165,304,423,586,608,685,1000,967,838,635,573,468,486,319,341,215,236,119,186,74,133,59,129,57,113,51,107,46,85,42,73,33,57,37,47
64,170,1,2,119,0,1953125,12,0,61,1.03,0,0,NaN,0,0,55,23,56,15,58,9,53,6,47,7,36,13,25,21,12,30,0,39,15,54,19,63,20,71,15,59,44,47,97,46,186,114,256,178,337,225,319,269,400,415,384,329,325,354,192,122,77,126,189,221,246,213,464,571,619,720,966,1000,824,687,534,557,425,409,260,307,156,200,111,150,65,118,77,112,57,89,71,80,52,64,58,48,42,42,36
64,170,1,2,119,0,1953125,12,0,61,1.03,0,0,NaN,0,0,51,25,51,17,59,11,51,7,50,1,36,10,32,14,12,28,5,36,9,56,8,64,7,76,15,59,44,41,105,31,178,113,252,188,309,239,288,298,347,437,339,353,279,357,159,134,110,93,182,217,250,242,395,575,544,725,890,1000,760,701,478,549,394,404,245,287,158,184,97,143,64,119,51,113,51,94,47,88,35,67,38,56,27,41,29
64,170,1,2,119,0,1953125,12,0,7539,2.31,0,0,NaN,0,0,15,21,14,14,12,13,15,12,9,9,6,7,1,4,7,6,7,6,12,13,21,13,16,22,30,10,10,25,30,38,90,107,113,93,171,133,71,58,209,257,210,106,212,263,178,63,180,247,111,297,175,91,197,293,218,543,999,932,619,445,182,268,195,184,64,110,48,50,47,30,39,33,59,10,30,24,15,23,16,12,12,14,4,8,4
64,170,1,2,119,0,1953125,12,0,36,1.03,0,0,NaN,0,0,55,38,55,35,50,34,43,32,31,33,22,33,9,37,12,37,30,40,42,43,51,47,52,48,45,37,65,42,109,87,205,155,272,209,364,247,349,259,433,400,420,299,354,324,228,91,65,119,180,237,240,200,472,551,623,707,1000,989,862,679,572,541,456,401,295,307,189,207,144,159,93,123,99,121,80,98,86,86,65,71,70,55,53,53,49
64,170,1,2,119,0,1953125,12,0,36,1.03,0,0,NaN,0,0,55,38,55,35,50,34,43,32,31,33,22,33,9,37,12,37,30,40,42,43,51,47,52,48,45,37,65,42,109,87,205,155,272,209,364,247,349,259,433,400,420,299,354,324,228,91,65,119,180,237,240,200,472,551,623,707,1000,989,862,679,572,541,456,401,295,307,189,207,144,159,93,123,99,121,80,98,86,86,65,71,70,55,53,53,49
64,170,1,2,119,0,1953125,12,0,36,1.03,0,0,NaN,0,0,58,26,59,25,55,24,48,24,39,26,27,29,14,34,10,37,19,44,32,50,37,55,38,56,39,39,65,25,119,59,208,137,277,196,354,240,333,262,400,409,397,314,324,337,209,110,78,77,193,216,241,189,447,550,588,729,969,1000,826,682,536,552,425,410,269,317,169,216,121,169,77,137,81,130,64,106,71,95,54,73,59,62,45,53,46
64,170,1,2,119,0,1953125,12,0,36,1.03,0,0,NaN,0,0,34,63,31,56,27,56,23,45,11,45,4,34,15,33,23,25,42,21,54,18,67,19,67,25,60,36,59,61,80,126,180,189,245,239,343,257,325,248,442,370,426,261,370,292,255,58,62,113,184,248,201,174,470,545,624,693,1000,971,857,644,560,524,457,392,294,299,189,203,140,155,93,124,94,119,75,97,80,90,59,69,68,60,47,51,49
64,170,1,2,119,0,1953125,12,0,36,1.03,0,0,NaN,0,0,59,34,59,30,55,29,46,29,36,34,24,33,12,37,10,39,23,44,37,48,46,50,45,52,42,37,70,31,116,75,214,144,276,200,364,235,334,250,417,397,397,291,328,317,218,77,100,87,206,226,236,199,484,577,635,741,999,1000,841,667,538,536,432,403,277,309,176,209,131,162,83,129,92,126,73,101,80,91,60,74,66,58,48,52,49
64,170,1,2,119,0,1953125,12,0,11,1.02,0,0,NaN,0,0,37,66,25,53,33,55,26,34,39,32,33,13,48,12,43,27,53,26,51,41,62,38,49,48,46,76,5,108,41,194,124,266,180,329,262,350,240,327,360,401,351,271,337,253,211,76,49,144,129,327,173,290,427,612,607,699,1000,986,827,638,561,464,476,328,343,220,247,131,199,84,146,70,137,67,123,62,116,59,94,55,83,51,71,52,59
64,170,1,2,119,0,1953125,12,0,11,1.02,0,0,NaN,0,0,53,41,51,37,45,38,36,36,20,39,12,35,10,42,20,39,39,40,46,38,53,38,53,30,53,24,81,40,131,101,223,167,282,217,365,248,335,239,407,368,392,266,331,295,202,40,73,137,198,266,245,210,488,555,626,682,1000,965,846,623,560,498,454,363,306,279,201,185,162,139,110,107,117,104,98,85,102,74,76,63,76,51,64,54,56
64,170,1,2,119,0,1953125,12,0,36,1.03,0,0,NaN,0,0,62,21,62,15,58,18,51,17,40,22,31,24,15,35,9,37,20,44,28,52,38,57,38,55,35,42,65,33,113,73,214,145,277,202,358,235,332,249,415,394,397,296,338,315,198,63,79,160,210,275,266,218,491,571,640,681,1000,988,857,632,563,521,457,374,300,285,189,178,147,129,96,95,109,93,88,75,95,62,77,57,73,43,59,45,45
64,170,1,2,119,0,1953125,12,0,36,1.03,0,0,NaN,0,0,54,31,54,30,54,26,49,24,38,26,25,27,13,32,6,35,21,43,37,50,42,55,38,57,35,41,61,36,118,74,211,144,279,201,359,242,336,258,402,405,383,310,315,327,173,74,107,148,223,268,290,239,484,577,630,718,970,1000,835,669,527,545,429,406,263,306,161,203,108,150,65,121,77,120,62,99,71,92,52,68,56,57,41,47,40
64,170,1,2,119,0,1953125,12,0,36,1.03,0,0,NaN,0,0,59,21,58,22,58,18,47,22,39,21,26,28,19,34,11,40,14,44,28,56,28,56,32,59,33,39,65,19,125,61,209,133,277,194,343,241,324,268,372,403,360,311,285,317,166,83,107,96,216,234,270,236,473,591,598,714,936,1000,801,667,501,544,402,406,247,306,151,205,101,158,57,124,64,122,52,99,61,94,45,74,54,62,41,51,41
64,170,1,2,119,0,1953125,12,0,11,1.02,0,0,NaN,0,0,22,67,22,57,16,58,11,47,9,45,13,34,29,32,37,24,52,16,60,12,67,6,63,16,53,48,63,83,93,154,188,214,246,258,335,274,315,238,409,341,393,227,338,235,211,12,59,166,188,296,228,237,493,568,646,650,1000,946,852,602,566,476,464,342,317,262,209,168,165,126,114,95,119,97,98,80,105,75,79,61,76,52,61,52,57
64,170,1,2,119,0,1953125,12,0,11,1.02,0,0,NaN,0,0,47,49,47,41,40,45,34,41,14,43,6,37,13,41,24,36,43,35,51,31,56,29,56,23,54,26,82,54,123,115,219,179,275,225,356,247,323,225,402,347,383,237,325,254,197,13,72,139,211,288,243,222,494,566,640,667,1000,949,849,608,572,484,460,345,317,267,211,172,171,127,117,96,124,94,103,79,107,68,83,59,80,48,66,55,58
64,170,1,2,119,0,1953125,12,0,11,1.02,0,0,NaN,0,0,63,27,58,27,54,26,42,31,33,34,22,36,16,43,19,47,25,48,39,50,37,48,43,44,52,20,91,14,150,83,236,156,298,210,360,243,327,245,366,380,353,276,272,283,157,43,126,109,247,266,284,222,493,590,618,714,984,1000,824,643,535,535,416,384,271,304,166,199,126,159,78,123,89,122,72,101,85,92,63,77,70,63,55,59,53
64,170,1,2,119,0,1953125,12,0,36,1.03,0,0,NaN,0,0,60,23,60,18,57,21,49,21,36,26,28,26,14,36,8,38,21,44,33,48,41,51,41,50,40,38,68,35,112,82,208,148,265,200,349,230,323,229,404,365,385,253,319,270,203,32,80,131,211,270,251,221,509,581,650,674,1000,966,853,619,571,503,457,358,313,272,198,166,163,121,106,88,120,88,96,71,103,57,80,57,76,39,61,45,44
64,170,1,2,119,0,1953125,12,0,36,1.03,0,0,NaN,0,0,55,32,56,31,54,28,45,28,34,29,22,31,10,35,13,38,22,41,38,48,41,50,42,51,38,37,67,37,116,80,206,146,271,194,346,230,328,242,392,375,377,274,298,291,190,49,99,125,220,257,276,229,506,598,640,692,972,1000,836,651,540,537,428,390,272,300,166,195,119,151,75,118,88,119,68,93,77,85,56,68,62,54,47,51,46
64,170,1,2,119,0,1953125,12,0,11,1.02,0,0,NaN,0,0,26,65,25,56,18,55,14,44,7,43,10,36,24,36,36,27,48,21,61,18,64,12,61,17,52,42,66,73,101,140,195,201,254,245,336,261,314,228,398,330,380,222,318,233,196,4,71,165,194,290,240,235,494,555,633,653,1000,951,842,607,569,490,454,348,305,271,196,172,152,131,102,100,108,103,91,84,97,77,75,65,74,53,59,54,56
64,170,1,2,119,0,1953125,12,0,11,1.02,0,0,NaN,0,0,65,21,61,23,57,24,48,28,39,30,25,38,20,41,17,49,19,52,35,56,31,54,40,51,51,27,91,6,151,79,234,155,298,216,355,251,321,263,358,399,343,291,269,310,176,85,108,66,219,230,250,204,487,597,580,707,948,1000,803,660,524,547,413,402,269,317,168,213,122,172,75,135,83,133,66,110,76,99,56,80,64,69,52,63,54
64,170,1,2,119,0,1953125,12,0,11,1.02,0,0,NaN,0,0,64,25,61,25,55,24,46,30,34,32,25,39,18,42,17,47,22,50,38,55,36,53,45,47,50,24,91,5,147,78,234,156,296,207,355,246,323,256,364,392,352,283,277,301,179,74,104,75,222,236,258,207,491,594,609,713,964,1000,815,653,532,538,417,393,273,311,173,209,128,169,82,132,92,131,72,107,86,96,62,79,70,68,54,63,57
64,170,1,2,119,0,1953125,12,0,36,1.03,0,0,NaN,0,0,58,27,59,22,56,23,51,22,36,24,29,26,13,33,7,35,24,42,36,46,45,51,43,52,38,42,61,41,102,89,201,152,259,203,345,234,321,234,407,364,391,260,327,275,201,41,61,148,203,271,250,232,510,571,651,655,1000,973,848,616,578,509,462,349,311,267,198,160,160,116,110,83,120,84,99,68,102,57,79,50,71,36,58,42,44
64,170,1,2,119,0,1953125,12,0,36,1.03,0,0,NaN,0,0,55,25,56,24,56,23,48,23,38,21,27,25,16,29,7,34,15,40,32,52,34,54,35,58,29,41,59,31,114,62,203,134,272,191,340,232,318,255,375,392,364,299,287,307,167,82,97,127,207,241,274,232,483,582,616,695,942,1000,809,669,523,554,417,400,257,306,156,198,103,153,60,121,72,121,58,98,68,93,48,68,51,57,39,51,40
64,170,1,2,119,0,1953125,12,0,11,1.02,0,0,NaN,0,0,42,50,42,47,41,44,32,41,19,38,6,37,9,37,25,38,36,39,51,42,51,37,54,38,48,23,80,38,134,92,223,160,290,210,359,243,334,245,382,377,372,276,289,297,177,73,93,140,201,243,270,217,483,575,614,680,955,1000,820,658,531,550,423,401,266,313,169,212,114,164,69,129,74,130,63,108,73,102,52,78,61,68,43,58,52
64,170,1,2,119,0,1953125,12,0,11,1.02,0,0,NaN,0,0,62,26,60,27,55,26,44,30,33,31,22,37,16,43,18,47,26,47,37,51,37,48,44,47,47,24,87,12,138,78,231,155,293,208,359,247,329,257,383,392,371,292,293,311,179,79,82,125,192,227,252,199,474,570,610,677,965,1000,831,659,553,551,439,399,286,315,184,212,134,164,83,124,89,123,73,100,83,92,63,76,70,64,55,61,56
64,170,1,2,119,0,1953125,12,0,36,1.03,0,0,NaN,0,0,60,16,60,12,58,9,53,11,42,14,34,24,23,31,11,38,12,45,22,56,24,60,30,62,27,44,62,25,110,55,205,132,270,191,344,231,320,260,395,401,387,309,324,333,208,104,51,130,169,213,232,191,469,568,606,657,968,999,838,652,564,554,454,394,299,308,191,198,139,150,86,109,98,108,78,85,88,74,68,65,73,50,55,50,48
64,170,1,2,119,0,1953125,12,0,36,1.03,0,0,NaN,0,0,51,41,47,34,52,34,40,20,46,18,34,4,41,7,28,32,31,37,24,58,35,57,28,64,42,56,39,50,87,117,134,193,196,267,239,309,219,344,302,446,308,348,286,329,195,128,94,58,107,230,170,258,358,610,523,675,885,1000,757,676,518,531,440,375,311,260,223,161,161,117,115,96,97,88,92,80,82,76,67,63,58,55,48,47,43
64,170,1,2,119,0,1953125,12,0,11,1.02,0,0,NaN,0,0,67,15,59,12,62,13,49,10,50,11,34,24,34,29,28,49,18,52,20,66,9,65,3,65,33,61,55,56,114,124,169,202,235,272,269,312,243,335,293,442,297,337,259,325,174,125,102,62,121,226,187,237,351,599,498,669,870,999,737,678,502,537,424,382,302,271,221,171,163,126,121,101,100,94,96,82,86,78,71,68,67,62,57,55,54
64,170,1,2,119,0,1953125,12,0,11,1.02,0,0,NaN,0,0,65,24,56,17,59,18,46,7,50,5,37,23,38,25,27,48,22,53,20,66,10,63,4,66,30,58,57,54,116,120,178,192,242,258,283,300,256,323,300,444,302,338,252,337,162,132,90,56,141,204,213,217,369,592,512,684,864,999,736,688,487,555,396,407,268,307,185,209,125,162,88,130,69,124,67,106,62,99,51,79,53,72,45,61,51
64,170,1,2,119,0,1953125,12,0,36,1.03,0,0,NaN,0,0,53,29,54,26,57,23,48,14,49,11,36,5,35,14,22,35,18,44,13,64,14,66,3,74,20,54,49,35,107,71,176,151,242,222,296,267,271,313,329,444,330,348,275,355,177,145,65,69,144,179,208,196,399,590,536,677,878,1000,757,679,504,571,403,414,258,316,167,210,109,168,66,132,63,124,53,104,62,95,44,76,50,61,38,52,41
64,170,1,2,119,0,1953125,12,0,11,1.02,0,0,NaN,0,0,66,17,60,19,60,15,46,24,40,24,26,34,24,38,21,52,15,52,27,62,17,61,25,59,38,42,71,27,133,85,204,164,269,230,315,274,283,306,321,434,320,336,254,338,158,128,88,70,146,188,213,207,376,591,528,687,866,1000,737,687,489,562,397,410,262,304,186,209,127,162,91,128,72,121,72,102,65,96,52,79,54,72,46,57,53
64,170,1,2,119,0,1953125,12,0,11,1.02,0,0,NaN,0,0,65,20,59,16,60,17,49,12,48,10,35,25,36,30,25,48,20,55,19,66,8,63,6,64,35,52,65,46,123,107,190,183,252,252,299,291,264,317,307,440,307,338,253,336,150,125,100,77,154,198,222,210,377,586,518,672,859,1000,740,685,488,564,398,411,258,311,177,213,120,165,79,132,64,127,60,106,60,97,45,78,48,70,43,61,49
64,170,1,2,119,0,1953125,12,0,36,1.03,0,0,NaN,0,0,52,35,49,35,52,31,43,18,44,15,34,5,37,14,25,36,28,41,17,62,22,61,9,68,31,54,47,42,105,88,167,162,231,235,284,277,254,321,318,450,320,353,267,351,167,147,70,61,139,183,201,206,379,597,531,677,862,1000,751,690,500,574,404,418,263,316,174,212,114,167,69,134,61,124,52,104,58,95,42,76,48,65,41,57,42
64,170,1,2,119,0,1953125,12,0,36,1.03,0,0,NaN,0,0,51,43,44,37,51,39,41,22,44,22,35,2,41,5,31,30,34,36,25,56,39,57,30,63,45,58,37,56,81,124,127,203,189,276,234,319,217,344,308,454,321,353,293,325,202,136,79,54,93,226,155,257,350,608,540,674,888,1000,765,686,535,535,450,378,324,261,234,163,175,116,125,95,106,85,95,75,86,71,70,64,66,55,52,48,47
64,170,1,2,119,0,1953125,12,0,36,1.03,0,0,NaN,0,0,58,28,53,23,60,22,47,9,48,8,35,9,37,14,24,36,21,41,14,61,17,61,9,68,32,57,44,41,101,91,159,166,225,241,268,286,245,325,305,450,316,359,270,343,177,144,91,63,125,197,196,231,349,593,509,666,850,999,739,694,501,561,418,402,281,286,201,187,137,139,97,113,77,104,71,89,66,87,54,71,52,62,41,51,43
64,170,1,2,119,0,1953125,12,0,36,1.03,0,0,NaN,0,0,45,57,34,50,42,53,32,32,40,34,29,10,43,6,33,22,43,28,37,47,55,48,49,52,60,58,35,68,60,151,102,231,168,307,228,339,215,354,349,456,361,350,350,319,251,125,84,87,64,248,132,248,355,599,550,638,929,1000,818,674,584,529,504,363,360,245,266,148,202,96,147,73,129,65,114,58,103,55,83,53,75,49,62,47,53
64,170,1,2,119,0,1953125,12,0,36,1.03,0,0,NaN,0,0,57,33,57,30,55,29,47,30,37,32,25,31,13,37,11,37,21,39,36,45,44,48,49,54,42,43,60,35,100,68,200,138,263,191,347,229,331,253,427,408,428,312,357,346,252,130,21,138,127,176,187,145,428,557,605,650,953,1000,848,674,576,574,467,420,304,326,200,223,141,171,89,127,90,123,72,97,84,90,63,71,67,60,53,57,51
64,170,1,2,119,0,1953125,12,0,36,1.03,0,0,NaN,0,0,61,21,59,18,62,15,50,7,51,4,35,14,36,20,22,38,18,44,9,62,9,66,0,73,25,58,47,41,107,69,174,146,243,220,289,267,263,319,326,461,338,366,280,374,199,173,68,79,105,154,177,177,337,581,495,664,842,1000,742,698,500,577,413,418,271,310,191,210,128,161,88,127,67,119,65,98,58,95,46,76,50,70,42,55,44
64,170,1,2,119,0,1953125,12,0,36,1.03,0,0,NaN,0,0,44,61,34,54,41,58,28,37,39,36,30,14,42,8,36,21,45,24,42,43,60,45,55,51,65,57,39,66,53,154,95,237,163,311,226,344,215,357,366,471,381,355,377,339,284,137,96,87,41,229,110,214,346,593,548,636,941,1000,831,675,600,532,515,362,371,248,275,148,208,96,153,68,134,63,120,55,108,55,89,52,79,48,65,46,53
64,170,1,2,119,0,1953125,12,0,61,1.03,0,0,NaN,0,0,48,34,47,29,53,30,46,21,45,18,35,3,36,5,23,24,23,31,9,57,19,60,13,77,30,61,45,43,98,37,163,117,229,187,280,244,263,313,341,468,355,382,312,401,228,194,64,117,90,120,166,153,333,568,504,656,842,999,753,695,503,586,419,429,266,319,181,215,115,165,70,130,56,120,48,97,50,91,34,74,47,62,33,51,38
64,170,1,2,119,0,1953125,12,0,143,1.04,0,0,NaN,0,0,34,48,28,47,25,40,14,40,14,37,20,33,31,28,41,20,48,16,50,17,43,35,43,66,55,81,72,101,109,95,145,91,189,92,221,120,205,221,332,418,369,381,367,441,300,261,99,200,9,30,78,131,347,553,555,674,872,1000,802,727,551,614,456,447,273,313,167,198,99,149,64,107,77,91,55,67,67,57,59,52,58,34,51,40,42
64,170,1,2,119,0,1953125,12,0,7866,2.37,0,0,NaN,0,0,22,24,17,18,24,16,20,5,24,9,16,5,16,12,5,6,15,15,16,15,12,20,19,31,28,37,44,28,72,20,105,94,157,85,162,116,91,103,183,323,209,129,217,259,220,109,172,257,64,256,271,96,230,352,206,444,1000,987,581,453,211,309,242,169,97,77,69,20,53,29,14,4,42,31,9,23,11,11,13,10,13,12,5,10,6
64,170,1,2,119,0,1953125,12,0,154,1.05,0,0,NaN,0,0,458,428,393,399,401,371,315,278,295,269,199,178,188,168,134,176,216,197,242,284,342,365,349,424,487,473,505,517,590,567,583,578,615,621,593,581,571,733,579,508,739,675,437,543,444,774,492,388,584,418,441,584,199,1000,634,175,822,572,527,545,571,775,514,299,626,553,461,379,454,472,453,335,382,397,359,271,264,292,238,181,165,161,146,102,25
64,170,1,2,119,0,1953125,12,0,7699,2.34,0,0,NaN,0,0,21,17,18,14,18,15,10,15,14,13,6,10,9,6,3,12,8,18,5,10,20,17,28,2,53,24,38,15,41,43,67,138,109,126,130,154,49,58,239,285,267,103,263,248,245,44,151,325,41,304,241,111,177,318,239,451,1000,990,610,451,200,333,231,199,69,116,36,57,21,41,42,35,49,6,28,14,16,19,12,11,13,8,6,5,5
64,170,1,2,119,0,1953125,12,0,7833,2.36,0,0,NaN,0,0,47,34,56,61,57,27,55,49,36,26,12,62,25,38,4,49,38,24,69,28,58,6,85,102,35,85,46,125,135,38,129,159,14,134,57,237,145,55,228,376,385,524,371,317,257,470,645,637,646,398,307,477,659,962,997,1000,819,299,403,663,820,764,488,428,410,153,76,71,151,78,131,76,87,78,150,56,38,76,109,29,29,86,66,16,48
64,170,1,2,119,0,1953125,12,0,0,0.96,0,0,NaN,0,0,898,898,899,897,906,927,931,924,921,946,949,945,932,935,941,936,917,906,895,896,887,864,848,841,837,824,796,798,782,788,788,755,774,777,798,774,770,823,814,794,854,841,794,856,803,881,799,904,826,803,849,765,911,642,739,1000,705,679,720,847,725,602,722,767,678,697,676,683,717,702,687,690,712,721,703,697,708,720,717,700,703,703,700,698,677
64,170,1,2,119,0,1953125,12,0,7584,2.32,0,0,NaN,0,0,24,20,20,22,21,23,15,27,13,22,8,19,11,12,8,19,11,20,4,16,29,21,30,8,60,29,50,24,68,39,73,133,135,130,138,146,87,98,201,364,224,163,236,301,218,124,195,294,55,272,318,90,139,378,213,456,955,1000,577,483,194,353,234,214,77,118,39,45,28,42,27,25,32,16,19,4,11,8,7,5,6,2,10,4,7
64,170,2,2,119,0,1953125,12,0,0,0.96,0,0,NaN,0,0,291,300,292,302,298,310,298,310,301,319,307,314,303,317,306,315,296,309,295,303,294,284,293,276,305,246,315,223,360,163,401,85,470,59,505,18,477,129,554,316,600,283,575,409,513,361,309,615,286,640,312,550,42,631,283,537,622,1000,410,691,275,548,229,408,250,282,276,222,295,161,308,173,306,175,284,187,285,189,280,185,275,193,266,194,252
64,170,2,2,119,0,1953125,12,0,0,0.96,0,0,NaN,0,0,291,300,292,302,298,310,298,310,301,319,307,314,303,317,306,315,296,309,295,303,294,284,293,276,305,246,315,223,360,163,401,85,470,59,505,18,477,129,554,316,600,283,575,409,513,361,309,615,286,640,312,550,42,631,283,537,622,1000,410,691,275,548,229,408,250,282,276,222,295,161,308,173,306,175,284,187,285,189,280,185,275,193,266,194,252
64,170,2,2,119,0,1953125,12,0,0,0.96,0,0,NaN,0,0,80,39,72,26,69,32,68,36,50,26,56,38,47,35,62,30,67,35,85,42,106,72,108,93,127,143,99,180,116,249,117,326,228,366,278,384,290,275,469,483,560,336,565,489,538,268,395,594,428,557,426,460,336,532,483,440,949,1000,785,552,528,415,427,213,287,165,170,162,113,184,87,161,58,141,45,107,58,93,69,71,76,57,72,46,66
64,170,2,2,119,0,1953125,12,0,154,1.05,0,0,NaN,0,0,37,62,31,53,26,57,19,37,27,36,31,20,42,13,47,26,50,31,48,41,24,66,11,82,24,119,31,135,51,168,81,177,118,191,201,182,226,216,461,437,512,387,561,471,492,278,267,281,146,136,63,99,354,535,623,602,995,1000,930,724,716,602,616,419,430,269,284,137,205,81,126,81,115,74,83,82,70,79,58,77,39,68,37,51,40
64,170,1,2,119,0,1953125,12,0,154,1.05,0,0,NaN,0,0,60,24,57,20,52,18,44,15,38,19,32,24,28,34,25,44,19,52,8,52,13,56,33,70,53,91,58,124,53,147,58,173,119,158,190,149,231,191,413,410,468,389,465,480,409,314,161,283,69,99,80,91,326,537,550,648,852,999,802,764,562,641,486,486,304,322,191,208,107,150,64,121,43,107,42,88,39,91,39,69,39,63,32,46,42
64,170,1,2,119,0,1953125,12,0,7615,2.33,0,0,NaN,0,0,25,19,19,16,19,15,11,18,15,14,10,9,12,4,4,12,10,17,6,11,22,19,28,8,53,18,43,16,38,35,73,148,109,129,135,160,52,78,266,315,296,122,292,294,300,79,159,357,86,298,299,166,193,383,243,460,1000,992,596,470,210,375,249,231,74,130,37,66,16,57,37,38,30,22,26,3,18,17,6,5,4,4,10,2,2
64,170,1,2,119,0,1953125,12,0,154,1.05,0,0,NaN,0,0,427,390,355,371,370,334,290,293,283,246,192,166,176,156,122,168,173,198,223,278,308,336,334,402,422,451,473,500,568,538,519,585,591,610,512,574,643,480,607,626,353,564,573,454,506,453,625,208,510,462,351,566,14,1000,616,282,781,557,550,127,678,775,294,481,602,455,409,430,443,456,363,318,366,382,313,232,226,272,243,138,132,127,145,84,21
64,170,2,2,119,0,1953125,12,0,6837,2.19,0,0,NaN,0,0,19,15,19,18,13,18,13,20,8,18,5,14,2,7,7,8,6,5,12,14,17,11,15,30,29,17,10,31,34,30,108,115,141,91,174,118,88,121,234,336,271,171,254,320,266,104,203,357,69,269,318,157,193,415,238,416,974,1000,562,477,186,363,239,218,78,113,47,45,32,55,26,25,16,32,17,7,17,8,6,2,4,6,10,3,2
64,170,2,2,119,0,1953125,12,0,7815,2.36,0,0,NaN,0,0,67,41,18,22,60,31,36,14,26,55,19,19,47,24,37,33,48,33,22,58,31,77,46,58,102,75,86,119,78,104,17,60,121,76,132,97,20,168,257,364,520,248,156,301,402,309,415,422,436,285,196,191,507,792,1000,889,675,249,263,598,722,570,446,207,132,113,160,53,56,12,63,68,83,55,42,78,72,18,43,48,49,43,16,42,35
64,170,2,2,119,0,1953125,12,0,6848,2.19,0,0,NaN,0,0,39,87,12,96,91,8,63,16,74,60,32,57,16,32,17,62,41,27,30,50,78,6,88,40,96,125,51,175,99,115,185,79,235,180,161,282,202,385,431,288,349,223,69,200,329,574,561,442,365,115,312,582,762,1000,971,837,662,390,50,344,475,739,755,601,553,375,92,126,95,228,202,71,95,12,141,129,87,109,30,90,96,95,108,59,38
64,170,2,2,119,0,1953125,12,0,154,1.05,0,0,NaN,0,0,486,463,397,397,430,416,302,313,337,294,178,184,230,177,124,167,250,242,230,319,407,365,350,481,537,498,487,605,606,590,570,675,632,715,609,582,640,767,439,510,872,511,606,612,561,590,500,703,475,405,655,556,603,1000,756,340,865,430,499,918,585,287,816,399,567,458,543,518,493,474,444,426,423,399,347,321,319,276,230,213,171,184,142,90,72
64,170,2,2,119,0,1953125,12,0,154,1.05,0,0,NaN,0,0,56,48,51,42,45,44,34,39,17,47,6,39,17,51,26,41,48,48,46,23,62,24,75,8,111,13,137,45,166,81,135,155,149,200,111,235,128,289,394,479,482,425,556,474,521,283,312,292,202,151,106,49,330,495,611,583,1000,979,944,720,707,619,605,460,389,314,248,200,161,123,117,89,114,71,95,60,94,61,82,50,76,42,59,38,53
64,170,2,2,119,0,1953125,12,0,7807,2.36,0,0,NaN,0,0,21,12,20,16,14,15,8,21,2,14,2,14,4,4,5,11,0,11,6,14,18,12,19,24,44,6,20,23,24,30,94,128,126,104,159,135,76,97,235,327,281,150,246,321,281,80,218,385,72,267,319,207,186,369,212,459,1000,961,559,435,209,360,231,221,69,121,35,54,24,58,36,32,21,26,26,4,20,19,9,9,4,5,8,1,5
64,170,2,2,119,0,1953125,12,0,0,0.96,0,0,NaN,0,0,895,889,885,890,912,920,913,910,925,942,944,930,924,935,938,930,905,897,900,897,873,849,850,847,829,818,782,787,788,789,770,745,778,784,791,766,761,818,820,784,825,813,814,848,786,883,797,895,839,795,829,783,921,646,706,1000,686,691,707,835,714,605,720,753,664,697,673,686,710,678,684,695,702,709,686,700,708,709,701,695,700,697,692,683,669
64,170,2,2,119,0,1953125,12,0,0,0.96,0,0,NaN,0,0,345,310,338,313,346,324,349,321,352,330,363,325,357,319,369,321,358,300,361,290,374,263,364,243,383,237,365,223,377,267,345,332,386,373,381,425,319,487,186,743,212,649,166,798,108,573,233,799,323,623,318,555,495,214,621,28,1000,590,879,326,672,169,573,56,462,98,368,175,329,239,293,250,277,259,260,264,250,283,240,281,234,283,227,278,212
64,170,2,2,119,0,1953125,12,0,7665,2.33,0,0,NaN,0,0,21,28,17,19,21,18,21,5,19,10,16,7,9,12,11,6,16,8,22,19,23,21,13,36,36,26,7,31,15,46,88,135,104,132,139,158,57,49,248,310,256,127,281,291,288,83,191,379,123,256,317,175,169,337,204,445,1000,888,591,395,265,317,275,174,126,89,73,20,61,25,4,8,33,39,8,21,26,12,15,9,15,13,12,5,5
64,170,2,2,119,0,1953125,12,0,7609,2.33,0,0,NaN,0,0,35,38,45,43,23,30,54,24,23,20,46,19,4,25,16,29,20,50,33,29,19,28,63,80,31,89,25,91,40,53,98,84,33,49,119,192,86,98,200,213,258,311,214,304,261,464,479,485,406,149,133,252,573,889,949,1000,731,248,269,506,675,578,407,367,256,65,27,69,134,74,32,49,74,76,64,41,36,73,90,54,35,35,60,35,19
64,170,1,2,119,0,1953125,12,0,6862,2.2,0,0,NaN,0,0,78,93,2,64,6,86,65,27,42,33,69,43,67,38,20,21,70,60,4,25,53,66,22,37,49,130,70,69,66,86,168,85,159,88,140,213,241,396,307,207,223,58,194,142,271,317,348,487,349,238,135,375,722,868,969,1000,663,367,100,440,597,677,720,533,282,181,75,220,150,99,60,94,150,79,95,22,100,106,102,101,21,58,70,93,77
64,170,1,2,119,0,1953125,12,0,154,1.05,0,0,NaN,0,0,347,334,315,291,292,286,259,221,217,209,169,132,121,148,116,113,146,185,188,189,244,288,320,291,358,404,419,362,436,492,459,403,455,460,528,471,447,409,592,540,261,482,482,392,391,364,460,352,439,409,260,402,599,361,286,1000,217,470,411,226,562,609,214,531,380,422,322,361,362,369,286,268,317,301,232,203,224,223,175,108,130,125,100,45,22
64,170,1,2,119,0,1953125,12,0,7776,2.35,0,0,NaN,0,0,19,14,17,17,11,16,10,20,4,15,4,13,1,4,5,9,2,8,7,14,16,11,15,26,34,11,13,24,27,28,100,122,128,98,165,127,97,105,233,328,277,154,243,325,269,98,214,368,69,232,278,189,195,392,218,448,1000,947,552,459,205,353,232,219,77,124,46,55,30,49,30,28,15,32,23,6,18,15,9,5,5,6,8,4,4
64,170,1,2,119,0,1953125,12,0,0,0.97,0,0,NaN,0,0,944,939,929,945,966,968,963,960,982,995,989,980,979,991,999,974,955,957,957,953,920,896,900,897,875,852,825,849,832,822,810,802,822,818,821,807,818,886,829,793,930,866,862,861,872,883,853,980,830,873,921,874,959,680,844,1000,687,806,780,890,694,732,817,701,716,742,741,735,725,715,746,741,743,733,742,751,756,745,740,738,757,743,728,723,721
64,170,1,2,119,0,1953125,12,0,0,0.96,0,0,NaN,0,0,51,61,51,48,47,45,52,33,42,30,37,26,35,29,33,39,36,46,33,63,68,66,82,82,132,62,160,69,215,87,247,197,319,254,343,325,266,339,336,603,398,494,448,616,445,341,463,557,520,420,545,359,393,486,417,396,752,999,673,631,412,537,308,338,223,221,174,130,177,72,163,50,145,49,100,51,75,65,59,70,43,57,36,57,31
64,170,1,2,119,0,1953125,12,0,0,0.96,0,0,NaN,0,0,372,396,371,394,378,404,384,407,386,410,392,413,385,416,384,414,377,407,365,416,335,421,310,427,270,438,243,456,190,488,213,539,187,579,237,608,278,475,552,594,619,472,702,531,749,276,772,321,833,133,834,88,657,526,525,555,781,1000,854,605,567,616,474,460,301,447,208,433,182,423,180,403,207,382,230,362,256,357,258,348,263,340,274,320,269
64,170,1,2,119,0,1953125,12,0,7665,2.33,0,0,NaN,0,0,18,16,18,17,15,17,10,23,8,17,1,16,5,7,3,13,2,12,8,9,13,13,19,9,48,26,49,19,64,7,83,117,133,117,156,137,113,95,205,367,210,193,242,350,244,139,254,410,128,226,324,162,95,347,193,493,1000,933,557,424,172,373,257,221,87,150,35,73,36,21,41,28,55,24,24,23,13,14,17,8,10,11,9,0,7
64,170,1,2,119,0,1953125,12,0,0,0.96,0,0,NaN,0,0,917,913,911,913,933,939,940,938,947,960,972,951,951,956,961,950,934,917,920,920,902,870,867,866,850,834,807,810,798,803,790,766,790,790,804,791,784,840,792,780,899,824,835,812,892,811,840,859,818,903,835,840,731,1000,880,537,892,856,774,604,798,831,672,737,737,702,715,709,719,717,709,717,719,726,716,727,729,736,725,722,725,713,716,700,689
64,170,2,2,119,0,1953125,12,0,0,0.96,0,0,NaN,0,0,303,333,304,330,313,341,315,343,317,351,320,350,314,354,312,353,304,349,293,353,265,355,250,359,226,355,221,368,225,360,280,368,313,386,367,394,380,258,574,281,636,180,694,221,696,30,642,258,672,280,667,253,421,583,247,543,466,1000,500,676,264,631,193,485,75,419,123,375,165,327,196,314,224,294,227,277,254,266,254,257,256,252,261,235,252
64,170,2,2,119,0,1953125,12,0,0,0.96,0,0,NaN,0,0,316,325,313,327,323,336,322,335,326,347,329,341,327,346,330,343,319,334,315,330,313,310,310,304,327,271,333,252,381,189,416,103,492,71,539,25,513,128,576,328,627,298,618,462,566,387,369,686,364,656,349,608,26,613,212,437,663,1000,427,718,328,582,275,449,293,318,303,252,324,183,331,188,332,194,310,204,308,208,303,202,296,216,286,215,270
64,170,2,2,119,0,1953125,12,0,0,0.96,0,0,NaN,0,0,76,50,68,42,55,43,57,40,40,23,41,30,36,25,46,11,56,17,68,12,102,41,106,59,141,103,123,147,136,222,110,324,198,369,240,423,235,317,427,537,529,382,585,533,590,280,510,606,544,519,523,478,307,496,359,373,894,1000,741,627,536,477,441,279,338,166,222,112,174,141,126,127,92,123,45,101,29,96,29,85,42,63,40,53,47
64,170,2,2,119,0,1953125,12,0,0,0.96,0,0,NaN,0,0,318,333,315,331,326,342,330,337,330,348,343,340,334,337,342,343,332,323,334,315,349,287,341,262,375,233,369,190,407,179,398,201,457,247,470,305,405,405,286,670,296,599,211,770,126,574,190,791,278,596,330,545,476,122,570,112,1000,533,877,233,679,187,582,90,444,200,320,253,264,312,213,309,200,310,211,302,202,305,208,301,208,287,216,278,219
64,170,1,2,119,0,1953125,12,0,7425,2.29,0,0,NaN,0,0,25,15,20,19,24,17,12,20,20,19,12,13,15,9,1,11,10,18,9,11,13,16,22,21,45,34,53,31,75,16,92,105,148,111,163,126,126,103,197,357,200,184,224,339,239,117,265,399,140,227,318,130,136,352,174,470,1000,890,484,429,180,379,251,225,91,139,41,59,18,41,37,27,29,18,25,0,8,14,3,4,3,4,4,1,4
64,170,2,2,119,0,1953125,12,0,0,0.96,0,0,NaN,0,0,420,398,413,399,422,410,429,409,430,416,439,417,434,411,437,411,433,397,425,396,419,395,391,394,374,409,336,427,282,492,203,579,125,631,54,689,81,614,315,806,379,665,506,768,584,478,697,553,786,268,761,207,724,397,669,529,1000,844,973,483,688,522,578,393,392,422,273,425,223,437,204,421,221,401,248,382,270,375,272,369,277,353,288,332,287
64,170,2,2,119,0,1953125,12,0,0,0.96,0,0,NaN,0,0,322,296,318,293,323,309,328,303,330,313,340,309,333,304,342,305,336,287,336,279,350,254,340,231,359,224,343,200,357,243,323,297,365,342,366,392,320,438,189,674,212,595,164,757,117,548,182,759,252,566,261,509,454,174,564,45,1000,571,833,316,655,178,563,55,451,83,359,158,312,225,281,239,261,252,246,257,232,269,226,270,217,269,214,267,203
64,170,2,2,119,0,1953125,12,0,7807,2.36,0,0,NaN,0,0,23,26,17,18,20,17,18,3,18,8,15,4,10,10,11,4,14,7,23,14,21,19,15,32,28,23,0,32,19,45,85,120,93,115,140,140,71,41,226,271,229,115,246,278,270,85,165,350,138,181,243,141,138,330,207,479,999,793,520,369,234,315,272,166,115,98,60,32,51,19,9,4,40,39,7,20,26,13,15,7,14,12,12,4,6
64,170,2,2,119,0,1953125,12,0,149,1.05,0,0,NaN,0,0,465,428,363,380,412,372,303,278,317,273,192,157,204,182,109,146,243,230,185,291,356,352,360,428,472,527,458,497,586,595,556,547,653,691,562,537,629,557,652,602,299,644,661,431,523,386,706,487,322,497,495,663,630,670,537,1000,317,601,408,839,278,459,658,510,323,572,481,408,450,418,442,413,355,342,345,305,283,253,217,190,137,165,104,83,55
64,170,2,2,119,0,1953125,12,0,143,1.04,0,0,NaN,0,0,45,49,45,43,42,42,32,34,19,41,4,33,21,45,25,36,49,46,43,23,53,25,62,14,99,11,125,42,163,68,144,137,161,192,133,237,128,287,342,457,434,423,519,479,507,298,338,301,242,126,89,91,301,475,582,563,1000,920,883,678,689,598,595,433,385,292,231,168,142,84,107,63,114,59,99,51,93,47,77,41,73,34,56,39,52
64,170,2,2,119,0,1953125,12,0,154,1.05,0,0,NaN,0,0,23,66,10,61,16,57,13,40,27,32,25,17,41,24,44,22,61,19,54,24,55,28,39,70,57,84,79,111,128,88,152,82,202,93,212,159,198,285,314,499,388,492,437,554,429,373,286,298,213,65,118,133,261,562,514,659,961,1000,833,742,664,622,593,437,408,269,269,139,171,80,116,77,102,76,93,67,78,66,69,58,55,54,46,46,45
64,170,2,2,119,0,1953125,12,0,106,1.04,0,0,NaN,0,0,27,64,25,51,27,56,17,47,25,54,20,41,33,39,29,25,46,22,41,3,60,17,75,21,100,14,109,14,111,75,63,165,95,233,149,279,198,306,416,458,488,394,523,436,484,252,266,259,181,94,46,40,342,470,575,588,1000,912,862,670,644,616,551,467,349,350,218,240,121,156,71,123,61,109,52,90,55,88,50,68,48,60,35,41,32
64,170,2,2,119,0,1953125,12,0,118,1.04,0,0,NaN,0,0,64,21,56,20,56,17,48,17,52,18,46,32,46,34,37,49,37,50,23,62,8,66,11,94,15,109,32,128,61,105,108,78,176,78,233,160,245,296,364,524,431,506,443,563,426,383,241,286,190,74,64,169,307,586,563,693,1000,994,859,733,689,596,601,424,424,268,287,155,198,74,142,62,126,48,113,48,100,48,92,45,76,42,63,36,49
64,170,1,2,119,0,1953125,12,0,81,1.03,0,0,NaN,0,0,39,56,34,41,47,45,37,34,48,42,38,25,45,22,33,4,42,12,30,32,47,49,59,60,82,54,89,27,100,66,84,165,147,258,190,321,214,372,389,517,455,446,492,452,450,246,266,220,171,104,67,133,308,509,564,569,1000,935,856,643,669,564,584,400,398,286,265,185,171,104,117,79,106,69,96,65,91,59,77,50,69,43,50,34,38
64,170,1,2,119,0,1953125,12,0,174,1.05,0,0,NaN,0,0,31,59,20,60,14,56,11,46,16,34,24,22,35,14,46,21,53,33,59,37,46,50,33,68,14,98,31,133,74,163,115,177,164,161,215,136,215,164,392,401,453,405,493,523,461,364,253,378,187,142,36,104,328,515,588,686,988,1000,857,765,648,689,544,500,330,353,191,210,109,136,79,97,101,83,84,62,88,53,78,46,69,34,63,40,49
64,170,1,2,119,0,1953125,12,0,154,1.05,0,0,NaN,0,0,51,42,55,35,48,37,39,30,21,39,8,36,11,49,22,47,36,56,33,41,45,35,64,23,96,38,116,71,125,119,84,180,90,206,137,224,192,233,425,415,508,391,545,475,505,317,259,324,172,111,16,64,365,518,616,667,991,1000,862,769,632,683,527,510,317,350,183,222,89,150,55,129,53,118,49,98,43,93,42,76,48,65,38,52,50
