64,170,1,2,119,0,1953125,12,0,1,1.02,0,0,NaN,0,0,43,61,45,62,49,54,48,46,49,35,51,23,56,19,45,21,43,34,35,65,42,75,26,96,28,108,12,141,13,137,50,142,40,137,160,293,201,394,350,547,445,611,521,697,593,752,840,1000,866,738,718,667,515,518,643,762,528,450,267,290,312,149,193,114,82,175,92,146,75,146,93,138,82,143,91,108,61,104,59,67,37,75,41,65,55
64,170,1,2,119,0,1953125,12,0,1,1.02,0,0,NaN,0,0,30,74,24,75,29,69,29,57,37,54,39,34,50,31,41,10,54,17,50,53,72,57,53,88,66,98,51,135,41,145,30,143,25,168,134,312,221,407,377,572,482,629,568,717,644,772,911,1000,944,728,788,662,592,503,715,750,604,440,323,263,351,188,169,129,97,156,136,118,122,116,132,113,123,116,124,88,92,85,87,58,52,67,58,64,61
64,170,1,2,119,0,1953125,12,0,1,1.02,0,0,NaN,0,0,69,35,71,23,74,16,71,7,63,9,63,22,49,32,37,40,17,58,5,71,25,88,28,87,49,96,71,112,95,81,129,93,96,54,245,219,280,328,428,487,508,546,572,652,649,709,864,1000,823,754,656,718,478,538,594,804,519,447,268,350,232,187,198,48,163,147,97,152,74,148,82,138,81,146,72,110,65,106,45,67,52,63,47,61,61
64,170,1,2,119,0,1953125,12,0,26,1.02,0,0,NaN,0,0,34,69,17,74,16,71,5,67,13,59,24,46,39,43,41,16,52,11,53,29,74,36,63,63,77,72,60,117,53,119,20,130,47,133,109,294,220,397,367,555,471,613,549,697,617,756,898,1000,933,720,765,641,566,489,686,748,603,468,331,267,319,149,145,154,124,188,139,143,113,135,124,131,105,127,105,96,72,90,58,58,41,75,43,61,51
64,170,1,2,119,0,1953125,12,0,0,1.02,0,0,NaN,0,0,34,69,40,72,37,65,45,59,42,46,50,35,49,25,50,8,50,25,53,50,68,64,60,84,64,98,57,134,51,146,30,144,33,166,129,317,240,397,384,570,503,609,582,699,653,747,944,999,988,715,802,635,604,466,725,729,637,420,371,260,343,232,130,132,150,127,181,73,154,71,164,69,152,79,148,53,117,59,98,30,75,50,65,54,70
64,170,1,2,119,0,1953125,12,0,1,1.02,0,0,NaN,0,0,42,65,46,64,47,56,49,46,49,35,52,24,56,20,43,19,47,34,37,63,48,76,28,97,28,108,11,143,11,136,49,141,41,136,159,293,196,392,347,553,444,605,510,696,595,754,841,1000,861,721,706,658,513,510,637,767,554,482,289,294,306,138,191,125,91,184,98,152,79,148,94,139,84,142,90,110,64,104,61,68,39,75,41,68,57
64,170,1,2,119,0,1953125,12,0,26,1.02,0,0,NaN,0,0,39,68,20,76,18,73,1,67,9,62,22,48,37,45,41,19,53,12,53,24,75,30,65,60,79,70,63,110,55,115,23,120,57,134,104,287,215,388,366,557,478,620,566,702,637,769,918,1000,941,728,783,647,579,500,709,748,620,468,348,261,325,164,144,151,126,180,145,137,122,132,126,126,114,121,108,93,78,86,63,59,42,73,40,60,53
64,170,1,2,119,0,1953125,12,0,1,1.02,0,0,NaN,0,0,43,77,35,71,28,80,25,64,8,71,12,54,23,58,22,30,49,35,56,17,96,15,93,8,113,14,127,34,135,70,149,48,106,111,249,194,346,280,513,460,614,523,698,621,764,690,999,969,942,757,754,723,583,551,695,802,621,407,335,347,221,266,166,24,203,92,146,129,122,122,125,126,119,132,104,106,86,96,67,67,57,63,60,62,66
64,170,1,2,119,0,1953125,12,0,1,1.02,0,0,NaN,0,0,30,79,26,78,30,72,30,60,36,54,40,38,52,30,46,10,59,18,50,52,73,58,55,89,67,98,50,140,40,148,25,147,25,176,135,320,223,414,380,581,484,631,569,732,657,787,927,1000,919,699,784,676,609,510,731,767,617,456,324,251,341,189,159,140,107,160,138,124,125,117,134,120,126,120,123,91,92,86,82,59,53,71,56,63,58
64,170,1,2,119,0,1953125,12,0,26,1.02,0,0,NaN,0,0,28,71,18,76,20,71,22,66,27,55,38,40,47,35,48,12,56,14,49,41,66,54,53,75,58,88,38,130,26,129,10,135,32,137,122,295,204,401,352,566,456,618,523,703,606,771,871,1000,858,694,708,669,562,536,654,759,587,530,324,281,279,105,147,168,128,214,122,169,94,163,105,152,89,150,88,112,60,105,47,68,33,71,38,63,52
64,170,1,2,119,0,1953125,12,0,26,1.02,0,0,NaN,0,0,44,66,40,62,50,60,43,48,50,46,45,26,60,31,48,13,57,17,41,52,57,56,42,82,57,90,40,130,29,133,11,134,37,151,120,302,220,415,374,575,497,642,586,717,663,788,953,1000,954,701,777,625,617,504,723,716,657,480,401,248,306,196,96,152,201,146,198,99,174,80,171,87,159,72,144,58,110,47,90,31,61,50,71,51,58
64,170,1,2,119,0,1953125,12,0,1,1.02,0,0,NaN,0,0,42,70,37,66,45,65,41,50,48,49,42,29,56,26,41,14,55,19,46,57,67,58,54,88,65,94,51,132,42,144,30,137,25,171,135,315,233,402,382,562,504,625,590,702,668,776,963,1000,973,716,799,632,611,491,739,709,605,405,350,264,361,245,147,132,143,119,166,77,149,63,156,75,145,71,140,60,110,53,97,31,62,46,68,47,59
64,170,1,2,119,0,1953125,12,0,0,1.02,0,0,NaN,0,0,117,140,131,145,135,128,154,133,158,118,174,123,174,112,177,121,173,113,165,122,171,115,142,139,131,133,94,166,71,175,11,172,30,180,133,324,171,386,303,540,393,584,452,660,539,723,760,1000,729,770,554,709,419,543,512,728,463,347,281,365,228,308,153,101,165,14,145,55,129,35,143,26,149,34,148,17,137,21,130,25,111,50,102,64,105
64,170,1,2,119,0,1953125,12,0,1,1.02,0,0,NaN,0,0,30,73,24,75,30,70,29,60,35,51,37,35,49,29,43,11,54,20,47,51,72,60,56,86,68,94,50,135,43,145,35,151,19,168,136,323,236,408,373,571,492,630,572,709,634,764,910,1000,950,722,767,643,609,506,684,691,555,440,321,265,354,183,174,136,107,164,141,117,122,110,132,114,121,114,123,87,91,86,84,54,51,68,55,60,58
64,170,1,2,119,0,1953125,12,0,1,1.02,0,0,NaN,0,0,61,50,63,43,64,38,63,29,61,17,59,17,55,20,42,33,34,52,22,75,17,88,8,102,12,112,37,137,63,129,95,136,78,124,214,283,252,389,389,548,487,611,549,702,625,750,830,1000,817,727,650,705,516,554,592,767,503,496,261,303,246,117,189,112,133,191,87,172,60,167,77,156,69,161,70,120,52,115,44,73,38,74,43,67,60
64,170,1,2,119,0,1953125,12,0,1,1.02,0,0,NaN,0,0,47,72,38,73,32,79,26,67,10,71,14,54,23,57,28,28,55,31,58,14,102,7,91,28,118,29,121,68,139,94,140,86,107,146,232,246,338,309,486,486,591,528,673,630,739,688,1000,929,943,650,737,641,632,490,710,718,671,444,424,266,233,226,100,94,238,99,207,80,176,74,180,79,169,88,150,67,126,62,101,40,75,42,75,58,71
64,170,1,2,119,0,1953125,12,0,1,1.02,0,0,NaN,0,0,25,82,10,83,20,80,18,67,28,61,32,43,49,41,43,9,62,14,57,45,89,48,71,84,86,90,75,136,73,149,60,149,39,185,151,324,255,399,408,575,519,618,606,711,681,779,973,1000,969,689,778,642,625,503,735,737,653,496,401,258,322,180,112,150,168,166,188,116,160,110,165,109,152,105,145,85,115,78,99,52,63,68,68,66,66
64,170,1,2,119,0,1953125,12,0,0,1.02,0,0,NaN,0,0,167,126,178,130,165,144,172,153,159,171,158,182,144,186,142,198,122,195,120,210,89,196,106,192,97,167,121,177,141,114,190,110,160,46,313,185,338,272,512,420,612,475,691,544,774,607,1000,854,947,654,763,602,648,426,760,659,675,336,391,212,336,245,124,129,115,122,154,96,141,106,136,120,126,137,119,127,94,133,92,116,59,128,47,133,31
64,170,1,2,119,0,1953125,12,0,0,1.02,0,0,NaN,0,0,167,126,178,130,165,144,172,153,159,171,158,182,144,186,142,198,122,195,120,210,89,196,106,192,97,167,121,177,141,114,190,110,160,46,313,185,338,272,512,420,612,475,691,544,774,607,1000,854,947,654,763,602,648,426,760,659,675,336,391,212,336,245,124,129,115,122,154,96,141,106,136,120,126,137,119,127,94,133,92,116,59,128,47,133,31
64,170,1,2,119,0,1953125,12,0,0,1.02,0,0,NaN,0,0,166,127,187,129,184,119,201,131,189,134,200,146,188,155,181,178,160,180,141,201,122,194,94,210,75,191,59,221,64,182,129,174,128,126,282,273,285,354,476,493,568,544,662,616,765,688,999,970,924,730,717,678,620,479,743,711,685,325,410,271,339,282,105,132,141,106,172,74,150,89,146,110,137,129,132,123,101,130,100,117,64,127,50,137,34
64,170,1,2,119,0,1953125,12,0,0,1.02,0,0,NaN,0,0,171,129,190,128,188,121,203,132,193,135,205,150,190,155,186,180,160,185,145,204,122,198,98,215,73,198,55,227,60,188,133,180,124,130,279,277,286,354,477,505,575,545,660,615,763,675,1000,966,928,738,728,693,634,478,743,707,708,357,437,255,326,265,95,133,150,116,180,82,157,98,152,116,139,134,133,124,104,133,99,119,65,135,47,139,33
64,170,1,2,119,0,1953125,12,0,0,1.02,0,0,NaN,0,0,130,139,142,142,150,128,164,132,168,121,180,124,185,119,179,127,184,117,176,118,185,116,156,135,148,134,122,159,96,182,48,178,29,207,120,331,172,395,301,569,390,621,456,715,523,779,742,1000,720,751,583,722,416,583,527,802,439,440,218,371,216,234,188,24,168,93,116,127,104,107,124,98,131,99,134,79,130,74,120,59,118,37,121,22,131
64,170,1,2,119,0,1953125,12,0,0,1.02,0,0,NaN,0,0,166,116,183,114,177,120,189,129,177,143,183,155,166,167,161,184,136,185,123,203,91,196,87,200,71,179,87,197,106,144,163,130,148,69,297,210,319,286,491,425,592,472,672,539,761,606,1000,864,936,646,764,605,650,421,763,651,662,352,397,223,358,227,144,128,93,135,142,110,119,122,113,137,96,159,92,143,59,149,59,130,30,136,18,136,19
64,170,1,2,119,0,1953125,12,0,0,1.02,0,0,NaN,0,0,169,114,181,113,177,117,186,129,174,142,180,155,165,166,156,183,133,186,119,204,89,195,84,199,69,180,86,194,106,142,162,132,142,67,296,205,323,286,494,426,598,471,677,543,764,604,1000,870,950,654,767,606,665,426,759,650,664,357,406,237,374,225,157,124,87,135,137,111,119,122,109,138,92,153,87,144,55,149,52,127,27,131,17,132,21
64,170,1,2,119,0,1953125,12,0,0,1.01,0,0,NaN,0,0,59,55,65,62,63,47,64,41,58,31,61,19,59,24,54,38,63,55,57,81,77,89,59,120,67,120,59,164,64,181,67,182,20,224,180,345,258,396,410,572,523,611,614,710,686,757,985,1000,996,722,847,689,666,511,802,766,629,388,356,290,408,288,196,124,80,69,149,35,142,34,153,45,147,66,148,51,123,66,121,49,87,50,78,51,74
64,170,1,2,119,0,1953125,12,0,0,1,0,0,NaN,0,0,85,22,87,17,77,19,75,17,71,32,70,34,58,58,57,76,55,92,47,106,46,120,36,144,31,149,34,181,54,211,82,205,63,257,198,364,223,387,375,575,497,597,576,693,650,736,964,1000,995,717,834,664,640,478,779,727,557,332,310,306,451,362,288,206,43,93,106,49,98,38,113,42,104,39,116,49,98,62,105,64,80,60,62,35,59
64,170,1,2,119,0,1953125,12,0,0,1,0,0,NaN,0,0,85,22,87,17,77,19,75,17,71,32,70,34,58,58,57,76,55,92,47,106,46,120,36,144,31,149,34,181,54,211,82,205,63,257,198,364,223,387,375,575,497,597,576,693,650,736,964,1000,995,717,834,664,640,478,779,727,557,332,310,306,451,362,288,206,43,93,106,49,98,38,113,42,104,39,116,49,98,62,105,64,80,60,62,35,59
64,170,1,2,119,0,1953125,12,0,0,1.01,0,0,NaN,0,0,174,143,169,147,158,168,156,174,142,199,143,199,130,214,125,221,109,223,105,227,84,216,99,212,95,189,118,198,140,157,197,132,187,97,329,233,316,295,486,444,583,483,664,566,762,616,1000,925,939,708,766,690,662,477,786,688,627,274,374,286,397,338,209,166,42,85,135,13,133,39,137,55,128,88,139,80,123,101,134,84,114,94,98,103,85
64,170,1,2,119,0,1953125,12,0,0,1.01,0,0,NaN,0,0,71,36,77,38,72,27,72,20,67,14,63,15,58,31,46,51,47,67,40,95,54,101,32,130,32,132,29,174,44,182,67,181,39,203,174,340,218,405,365,583,465,611,542,711,616,755,909,1000,908,696,777,695,639,539,760,765,572,440,335,295,395,224,220,94,42,102,134,66,126,72,138,70,131,90,136,64,114,78,116,53,83,55,69,56,73
64,170,1,2,119,0,1953125,12,0,0,1.01,0,0,NaN,0,0,67,50,70,54,67,43,67,35,63,27,65,15,61,29,53,45,60,61,53,87,72,95,52,126,58,128,49,170,58,185,62,182,14,210,170,344,240,397,388,578,501,612,587,707,647,751,955,1000,966,712,827,686,666,534,797,770,617,427,376,290,401,251,198,108,70,84,153,49,140,47,150,53,145,74,147,56,122,66,117,50,86,49,72,50,74
64,170,1,2,119,0,1953125,12,0,0,1.01,0,0,NaN,0,0,157,153,152,156,140,177,137,181,128,200,127,200,121,210,121,213,112,216,115,211,100,201,122,187,125,164,147,166,171,118,218,94,195,60,334,192,337,254,501,410,598,445,674,525,750,574,1000,863,968,662,810,634,678,446,814,675,635,327,377,243,409,282,237,136,11,90,127,49,119,69,123,80,110,116,121,103,97,127,111,110,85,114,73,116,51
64,170,1,2,119,0,1953125,12,0,0,1.01,0,0,NaN,0,0,129,169,124,175,116,188,117,189,119,200,122,197,131,193,144,187,152,179,160,174,156,154,172,132,175,105,192,89,215,34,232,11,196,86,320,168,360,218,496,398,598,432,652,542,724,601,1000,855,982,590,843,611,707,454,810,715,583,402,333,278,428,213,289,66,54,94,91,101,79,114,75,119,48,152,60,137,32,156,44,137,16,135,22,124,15
64,170,1,2,119,0,1953125,12,0,0,1.01,0,0,NaN,0,0,114,189,115,185,121,192,127,186,141,191,150,185,162,178,177,166,187,156,198,147,193,129,203,102,203,77,215,55,230,13,242,23,196,109,324,173,362,214,499,397,595,424,657,536,720,587,1000,838,987,581,836,582,700,432,815,690,605,408,365,263,433,216,272,93,28,103,116,88,111,102,107,109,87,145,96,125,72,150,89,126,66,135,61,126,35
64,170,1,2,119,0,1953125,12,0,0,1.01,0,0,NaN,0,0,115,189,119,185,124,187,138,181,149,184,162,176,172,167,190,152,199,143,209,132,207,111,217,78,214,57,219,27,232,37,241,52,188,135,312,198,359,232,491,424,592,457,662,576,712,626,991,863,1000,607,864,600,696,461,825,732,585,426,336,276,436,201,290,68,51,104,101,108,96,116,92,126,70,159,81,143,52,159,68,139,48,142,43,130,16
64,170,1,2,119,0,1953125,12,0,0,1,0,0,NaN,0,0,175,140,180,126,190,127,200,118,212,120,222,114,224,110,240,99,238,94,244,87,231,81,231,75,218,80,213,80,224,133,217,152,164,227,285,267,315,251,439,458,545,478,602,604,664,660,958,903,1000,625,862,609,652,457,808,758,524,417,272,293,469,253,383,118,149,62,110,51,109,73,107,67,76,108,96,98,76,123,95,113,87,110,92,103,71
64,170,1,2,119,0,1953125,12,0,0,1,0,0,NaN,0,0,153,142,161,132,174,130,182,121,193,125,201,120,210,108,223,99,224,90,227,85,217,71,222,53,213,50,211,40,219,85,227,109,182,186,304,214,326,207,445,395,552,423,609,535,680,597,971,856,1000,613,836,560,646,403,810,690,538,324,302,287,497,299,380,159,137,74,122,14,128,28,126,30,100,73,118,59,103,88,122,77,118,78,118,72,98
64,170,1,2,119,0,1953125,12,0,0,0.99,0,0,NaN,0,0,86,27,88,10,82,14,89,13,78,25,83,30,70,59,81,62,73,84,79,79,73,100,84,114,89,125,93,133,135,172,152,178,141,238,283,263,312,222,451,424,574,455,618,557,701,627,973,1000,997,813,775,751,577,549,721,826,493,262,235,426,382,469,357,273,207,112,61,125,73,110,70,94,53,84,58,84,54,83,69,80,67,72,72,52,52
64,170,1,2,119,0,1953125,12,0,0,0.99,0,0,NaN,0,0,21,83,24,82,21,82,17,80,30,77,29,77,41,79,53,85,59,89,71,95,65,98,81,115,92,123,98,138,122,181,148,165,167,224,233,328,182,357,308,543,425,588,492,691,591,730,862,1000,931,743,809,706,628,512,787,765,477,293,238,303,473,346,382,233,148,136,101,87,95,67,101,79,67,45,87,62,69,61,78,66,78,80,58,50,53
64,170,1,2,119,0,1953125,12,0,0,0.99,0,0,NaN,0,0,51,78,53,73,50,76,52,69,51,71,49,72,51,84,52,95,55,104,49,112,41,124,49,149,50,157,57,182,68,223,101,219,111,281,201,356,195,357,345,549,474,566,557,685,657,721,981,1000,998,703,855,702,704,505,840,771,562,287,296,306,450,421,342,289,117,163,62,131,54,107,66,115,39,77,63,96,43,88,62,89,56,94,54,58,44
64,170,1,2,119,0,1953125,12,0,0,1,0,0,NaN,0,0,85,19,91,20,78,10,82,8,74,20,75,24,71,51,72,67,72,87,68,98,78,111,67,138,74,140,68,174,98,198,101,200,70,247,212,331,281,334,419,526,535,535,621,652,698,681,1000,964,990,691,834,703,701,540,826,767,603,330,364,320,385,366,226,197,64,71,102,95,88,82,98,81,92,88,104,90,85,94,91,92,71,79,58,55,60
64,170,1,2,119,0,1953125,12,0,0,1,0,0,NaN,0,0,58,60,70,66,57,50,66,54,62,43,69,37,66,43,80,45,92,61,101,61,119,67,116,86,134,82,136,105,175,133,187,134,155,181,302,246,347,248,490,451,586,475,666,609,732,647,1000,985,944,759,767,751,602,582,750,821,563,372,330,391,308,367,243,158,133,52,36,132,27,126,33,115,41,132,49,116,48,120,62,103,55,84,45,64,53
64,170,1,2,119,0,1953125,12,0,0,1,0,0,NaN,0,0,51,67,57,74,49,59,59,60,57,51,64,42,65,45,82,42,93,52,105,48,121,53,125,70,144,68,147,85,185,109,200,110,172,162,318,225,345,236,494,441,585,481,665,617,738,671,990,1000,918,779,763,787,597,611,754,863,542,379,294,410,306,366,262,144,135,53,8,131,12,127,27,115,32,132,48,116,51,121,63,102,63,83,50,65,53
64,170,1,2,119,0,1953125,12,0,0,1,0,0,NaN,0,0,158,137,146,142,146,158,139,163,137,182,138,183,125,203,124,203,105,213,104,203,91,210,73,211,46,206,30,214,9,229,66,215,97,233,186,331,132,348,276,530,353,558,425,674,520,723,738,1000,694,758,578,765,425,607,597,825,424,343,219,401,268,382,252,194,136,92,20,126,22,115,38,105,60,102,72,102,76,107,88,110,81,110,74,94,80
64,170,1,2,119,0,1953125,12,0,0,1,0,0,NaN,0,0,174,141,179,127,190,131,200,120,211,121,219,117,224,111,238,97,239,94,241,86,231,78,230,70,219,74,213,71,224,120,218,143,172,223,289,258,323,242,441,452,548,461,603,605,681,659,992,911,1000,617,847,601,668,465,823,747,523,383,303,317,492,274,391,129,151,59,117,47,121,58,117,59,84,99,102,85,87,115,104,106,96,104,96,92,79
64,170,1,2,119,0,1953125,12,0,0,1,0,0,NaN,0,0,123,190,117,189,130,193,130,192,143,205,140,196,157,202,154,202,158,207,156,195,145,188,159,176,161,154,171,162,188,140,230,112,226,110,352,238,298,278,462,453,558,498,627,591,736,651,972,1000,925,803,725,763,606,569,757,784,576,234,341,378,376,447,250,266,74,137,82,109,88,91,101,81,102,50,130,68,122,48,147,69,136,63,125,66,117
64,170,1,2,119,0,1953125,12,0,0,1,0,0,NaN,0,0,134,166,138,160,154,163,159,156,175,161,179,151,193,149,202,140,209,135,209,124,200,114,209,93,205,71,215,65,226,38,255,28,227,107,355,170,334,189,483,369,575,403,651,504,740,557,1000,855,973,649,804,627,663,452,822,686,599,249,348,271,432,355,291,221,62,114,112,47,116,28,126,22,112,17,142,2,128,23,153,13,139,10,136,31,120
64,170,1,2,119,0,1953125,12,0,0,1,0,0,NaN,0,0,158,132,146,139,145,155,137,163,133,180,132,180,119,204,114,205,96,215,95,206,80,209,63,214,34,207,24,214,25,223,77,211,105,224,204,330,150,347,294,530,375,555,441,660,535,709,750,1000,719,774,577,755,438,605,600,809,446,335,246,399,277,386,238,204,123,92,31,120,32,111,52,96,69,86,83,89,87,90,98,93,90,94,79,82,87
64,170,1,2,119,0,1953125,12,0,0,0.99,0,0,NaN,0,0,93,15,99,4,90,2,96,19,85,26,88,34,80,59,92,63,86,86,94,80,90,98,99,109,114,119,117,130,158,163,170,173,165,226,303,245,317,217,465,431,572,454,634,588,733,653,985,1000,929,764,734,763,577,587,745,846,503,310,251,430,366,437,343,230,198,87,61,113,74,100,69,83,50,84,56,77,54,82,66,76,73,68,64,44,50
64,170,1,2,119,0,1953125,12,0,0,0.99,0,0,NaN,0,0,79,33,83,31,75,27,83,35,71,29,79,36,71,44,87,46,87,59,102,44,99,59,119,61,128,71,140,69,183,100,199,104,204,152,320,190,306,211,433,416,528,461,565,588,661,657,885,1000,834,761,670,767,525,583,674,833,412,328,181,410,386,373,390,179,218,40,106,71,113,58,104,38,82,47,90,39,84,49,89,47,88,53,73,40,58
64,170,1,2,119,0,1953125,12,0,0,1,0,0,NaN,0,0,193,139,195,126,208,129,216,121,223,130,233,124,233,126,249,114,244,115,252,107,239,107,236,108,218,117,209,117,215,167,205,183,152,255,259,299,313,298,423,513,542,530,597,683,665,720,962,971,999,645,858,688,708,541,829,814,500,416,251,339,476,264,410,101,180,41,112,78,114,89,102,86,72,126,82,117,65,141,81,132,80,133,82,120,62
64,170,1,2,119,0,1953125,12,0,0,1,0,0,NaN,0,0,116,193,114,194,123,198,128,196,142,202,147,196,163,198,167,193,179,189,181,178,177,165,191,145,196,121,204,114,226,87,258,52,243,83,364,166,332,198,487,383,589,409,661,513,759,554,1000,851,961,623,787,611,683,437,840,691,633,303,381,246,434,312,294,193,58,100,128,18,123,17,134,22,110,62,136,46,119,76,140,62,131,63,121,70,110
64,170,1,2,119,0,1953125,12,0,0,0.99,0,0,NaN,0,0,77,39,79,41,74,35,77,46,70,37,76,44,73,49,90,49,90,62,108,45,105,54,122,56,137,62,143,60,185,93,204,92,206,148,327,198,296,211,424,419,512,465,550,584,637,659,861,1000,841,768,664,746,509,577,667,839,430,347,192,409,389,356,384,171,206,28,101,60,108,52,107,32,76,44,87,32,79,46,88,46,84,50,67,35,55
64,170,1,2,119,0,1953125,12,0,0,0.99,0,0,NaN,0,0,74,39,81,40,68,32,78,45,66,37,75,41,69,49,90,48,89,57,107,38,103,53,124,52,136,58,143,52,186,87,208,87,215,135,322,191,295,221,420,426,515,478,548,606,647,669,846,1000,827,763,664,768,532,585,672,844,414,337,172,392,395,349,394,169,212,36,110,52,117,44,113,23,81,36,92,27,85,43,92,43,88,53,72,38,57
64,170,1,2,119,0,1953125,12,0,0,1,0,0,NaN,0,0,193,125,190,114,198,126,203,122,208,132,219,131,214,145,226,137,216,143,225,131,211,138,204,147,182,150,169,157,173,201,153,212,104,269,205,335,263,329,363,552,477,568,526,717,589,744,880,1000,905,681,793,729,633,585,768,850,437,428,199,381,439,287,394,105,191,22,94,104,88,105,75,103,46,132,48,126,36,149,38,145,41,144,52,126,34
64,170,1,2,119,0,1953125,12,0,0,1,0,0,NaN,0,0,180,119,176,116,178,133,182,132,180,150,187,151,177,170,185,166,172,176,177,169,164,173,153,184,129,183,109,194,108,222,75,227,40,269,152,349,182,347,281,551,381,566,434,710,503,739,761,1000,771,698,667,746,519,611,635,843,387,432,171,388,340,304,331,123,175,47,45,125,44,123,25,113,11,133,5,127,16,145,13,142,14,139,22,120,30
64,170,1,2,119,0,1953125,12,0,0,1,0,0,NaN,0,0,19,82,14,80,12,75,6,75,9,71,24,67,32,62,55,67,69,68,87,67,97,73,111,73,122,75,135,96,165,105,190,93,180,120,298,256,252,317,382,505,465,553,516,669,602,719,823,1000,795,714,661,726,548,587,698,815,465,419,256,352,393,243,310,72,90,59,96,61,99,64,107,48,90,79,109,47,95,69,104,49,88,53,64,39,64
64,170,1,2,119,0,1953125,12,0,0,1,0,0,NaN,0,0,18,78,18,79,12,71,6,72,8,68,20,63,31,63,54,66,69,67,84,67,92,70,107,75,120,74,129,95,160,103,186,94,177,114,289,253,248,311,373,496,454,543,506,660,590,712,820,1000,807,729,674,728,546,578,688,806,464,412,260,360,405,253,319,84,94,54,100,57,101,55,112,40,91,72,114,48,96,66,106,53,88,50,64,36,63
64,170,1,2,119,0,1953125,12,0,0,0.99,0,0,NaN,0,0,79,48,79,40,76,43,79,34,72,45,73,46,63,70,68,77,62,98,57,99,51,117,49,138,54,148,52,166,87,205,99,210,91,276,232,310,257,262,407,470,542,473,612,596,709,647,1000,959,984,715,790,704,636,524,797,789,553,256,308,395,395,461,309,284,148,138,5,146,29,126,24,115,13,98,27,101,26,98,51,94,54,90,61,61,47
64,170,1,2,119,0,1953125,12,0,0,0.99,0,0,NaN,0,0,77,38,81,37,72,31,77,43,68,34,77,42,71,47,88,48,87,57,106,42,102,54,120,54,137,60,140,55,184,87,203,91,210,138,322,192,297,213,420,418,515,465,551,594,640,648,851,1000,832,765,679,773,528,594,685,859,432,344,189,403,389,356,387,167,207,33,109,60,115,49,110,30,84,45,95,33,83,47,92,47,88,53,73,39,56
64,170,1,2,119,0,1953125,12,0,0,1,0,0,NaN,0,0,185,117,184,112,188,125,193,122,194,136,205,138,195,152,208,144,200,153,205,149,189,151,181,160,163,164,143,171,147,208,115,217,70,267,171,342,221,330,317,545,427,558,467,699,525,725,800,1000,859,702,742,723,576,596,695,859,425,439,194,401,392,295,369,117,185,40,74,119,76,121,58,115,29,136,28,132,17,148,17,147,19,146,33,127,25
64,170,1,2,119,0,1953125,12,0,0,0.99,0,0,NaN,0,0,84,35,90,22,82,28,88,18,80,35,82,34,75,63,78,67,77,90,81,87,85,101,87,120,101,117,107,132,152,159,169,167,159,218,304,236,307,200,458,417,564,448,629,589,712,637,941,1000,904,792,738,804,571,618,731,887,493,349,216,431,371,400,375,195,211,53,100,87,108,70,105,51,85,58,93,50,87,59,94,57,93,55,76,43,60
64,170,1,2,119,0,1953125,12,0,0,1,0,0,NaN,0,0,13,82,13,85,6,75,5,76,11,67,27,65,38,61,62,60,74,60,93,58,105,63,119,62,132,62,143,79,178,85,200,77,191,103,304,230,266,293,400,493,489,542,536,667,627,709,825,1000,793,745,687,786,571,620,711,878,502,434,261,380,378,250,303,57,93,56,90,77,98,78,104,64,87,90,108,60,94,82,106,60,91,57,68,45,67
64,170,1,2,119,0,1953125,12,0,0,1,0,0,NaN,0,0,25,80,21,80,19,73,10,76,13,68,22,69,32,66,54,71,66,69,85,72,93,80,109,81,122,85,132,104,159,114,189,106,180,127,285,260,239,322,373,519,458,558,506,678,600,727,824,1000,796,721,699,766,586,595,714,845,510,427,275,355,399,237,302,63,75,56,107,56,106,56,115,45,99,73,119,46,102,65,108,50,90,54,70,38,66
64,170,1,2,119,0,1953125,12,0,0,1,0,0,NaN,0,0,169,137,177,125,185,128,196,118,208,121,214,117,219,111,232,101,233,93,238,89,225,79,225,77,210,79,205,79,215,124,207,146,162,225,276,263,304,237,420,445,538,463,582,592,656,646,947,904,1000,628,852,614,676,474,808,758,542,373,308,334,502,271,400,125,155,49,120,52,126,61,123,61,92,100,104,89,89,117,107,106,96,106,103,92,85
64,170,1,2,119,0,1953125,12,0,0,0.99,0,0,NaN,0,0,66,52,67,54,59,52,64,57,57,48,64,51,64,48,83,50,86,50,104,32,103,39,125,35,139,39,146,36,187,75,210,68,219,119,319,206,266,243,383,446,476,501,509,620,593,669,798,1000,824,779,689,756,522,571,669,825,429,356,198,374,411,314,394,157,193,48,116,30,120,23,119,18,88,20,102,23,91,36,93,42,87,59,68,42,58
64,170,1,2,119,0,1953125,12,0,0,0.99,0,0,NaN,0,0,68,56,67,59,63,54,68,61,59,50,68,54,67,54,87,55,88,53,110,39,109,44,131,42,142,42,155,40,189,79,216,72,223,126,326,206,266,245,393,442,475,492,521,633,616,682,814,1000,803,747,669,754,522,578,684,845,438,364,205,376,406,308,380,136,176,36,110,26,113,24,115,10,84,24,100,19,86,35,91,40,86,52,66,38,55
64,170,1,2,119,0,1953125,12,0,0,1,0,0,NaN,0,0,188,125,192,117,197,125,205,121,213,127,221,129,217,134,231,127,226,131,231,125,216,125,209,135,192,138,179,146,183,189,164,203,109,269,214,330,263,315,367,530,477,542,528,688,586,727,889,1000,944,696,823,697,623,562,761,841,471,448,244,392,447,280,393,99,177,30,91,96,95,105,85,100,50,130,59,121,40,146,50,139,49,138,60,121,39
64,170,1,2,119,0,1953125,12,0,0,0.99,0,0,NaN,0,0,76,35,80,37,73,29,79,39,69,33,77,38,68,47,88,47,87,56,105,42,104,53,120,55,135,57,141,54,184,88,202,88,206,141,324,188,288,206,418,418,513,466,559,599,644,649,853,1000,828,769,681,782,528,602,687,852,427,342,185,393,375,345,383,160,205,29,107,57,116,51,112,28,84,46,98,36,88,45,92,47,95,55,75,44,60
64,170,1,2,119,0,1953125,12,0,0,1,0,0,NaN,0,0,14,78,13,81,7,74,3,76,10,70,26,64,35,63,61,62,74,65,92,61,104,66,117,63,131,69,141,85,175,91,194,85,185,104,297,238,266,299,388,489,473,535,525,657,610,703,823,1000,798,733,673,763,562,611,694,848,488,439,271,384,376,247,305,59,87,59,95,78,96,78,108,62,89,89,109,60,95,78,104,59,89,57,67,43,65
64,170,1,2,119,0,1953125,12,0,0,1,0,0,NaN,0,0,14,78,13,81,7,74,3,76,10,70,26,64,35,63,61,62,74,65,92,61,104,66,117,63,131,69,141,85,175,91,194,85,185,104,297,238,266,299,388,489,473,535,525,657,610,703,823,1000,798,733,673,763,562,611,694,848,488,439,271,384,376,247,305,59,87,59,95,78,96,78,108,62,89,89,109,60,95,78,104,59,89,57,67,43,65
64,170,1,2,119,0,1953125,12,0,0,1,0,0,NaN,0,0,199,137,201,126,207,134,217,129,221,139,231,140,226,146,243,141,234,145,240,138,226,140,220,150,201,150,189,158,192,204,165,220,112,282,214,337,259,316,375,551,495,566,545,721,616,749,903,1000,935,687,843,757,662,602,807,900,497,475,239,380,439,266,394,81,176,42,97,102,100,115,86,110,55,145,59,136,48,161,55,152,50,152,61,133,44
64,170,1,2,119,0,1953125,12,0,0,1,0,0,NaN,0,0,194,131,195,119,202,130,208,125,212,134,226,135,218,145,235,134,227,142,232,132,217,138,213,142,193,149,183,154,184,202,160,217,109,283,214,334,261,319,365,542,482,562,534,721,611,756,905,1000,924,679,816,728,646,593,788,881,490,455,248,408,462,287,401,89,175,37,100,106,102,111,88,107,54,136,59,131,45,155,51,148,51,147,60,130,42
64,170,1,2,119,0,1953125,12,0,0,1,0,0,NaN,0,0,193,140,196,124,207,131,216,122,222,131,233,124,231,132,249,119,242,122,250,114,235,113,233,119,214,124,207,129,209,177,188,194,140,266,243,320,294,299,399,517,519,527,562,685,644,727,943,996,1000,679,869,718,700,558,818,859,527,451,282,389,479,272,416,96,175,43,109,93,115,101,102,96,71,134,78,121,65,149,76,141,67,141,76,125,55
64,170,1,2,119,0,1953125,12,0,0,1,0,0,NaN,0,0,191,128,191,118,198,126,205,119,211,128,222,129,216,135,233,129,223,132,233,124,218,128,213,134,194,140,184,143,188,190,166,202,113,269,216,335,269,313,366,530,490,549,532,690,595,722,878,1000,973,712,837,714,648,577,769,855,492,444,236,395,453,284,404,105,186,29,95,99,103,106,92,104,61,136,62,127,50,147,56,148,49,145,62,125,45
64,170,1,2,119,0,1953125,12,0,0,1,0,0,NaN,0,0,185,120,182,116,186,130,191,129,192,145,198,147,189,160,200,157,188,165,195,158,180,163,170,173,149,174,136,183,129,221,101,223,50,272,160,351,194,333,290,537,396,562,450,699,507,728,770,1000,839,737,734,745,535,598,681,884,434,447,187,408,362,301,348,118,171,46,62,118,59,124,47,119,18,138,17,134,6,150,5,150,2,146,23,128,24
64,170,1,2,119,0,1953125,12,0,0,1,0,0,NaN,0,0,156,143,142,152,142,169,133,174,129,192,129,195,117,214,112,213,94,225,91,214,76,218,63,221,38,213,38,218,38,228,91,211,124,214,218,321,153,341,295,516,380,550,455,657,550,692,743,1000,733,804,605,799,463,617,623,849,501,342,282,412,280,393,214,215,100,103,46,128,49,113,65,106,80,90,97,98,100,91,112,98,109,95,94,82,98
64,170,1,2,119,0,1953125,12,0,0,0.99,0,0,NaN,0,0,81,40,85,42,76,38,82,47,74,40,82,45,74,53,94,55,95,64,111,46,108,59,128,58,143,62,150,58,190,96,213,99,214,149,330,196,292,206,420,410,511,457,562,596,652,653,855,1000,842,782,695,798,527,593,689,890,474,376,221,416,373,344,368,151,189,18,99,61,103,57,108,35,80,50,94,38,84,50,88,48,90,52,70,39,55
64,170,1,2,119,0,1953125,12,0,0,1,0,0,NaN,0,0,191,125,191,115,197,124,204,122,209,134,217,134,210,143,225,140,212,146,221,139,206,144,201,149,180,156,169,162,165,203,142,217,91,278,191,338,232,325,336,537,448,558,499,711,570,746,849,1000,893,704,786,746,608,594,745,890,474,457,229,406,418,284,369,86,160,44,81,113,81,118,65,113,38,140,39,134,26,152,33,148,31,147,39,125,30
64,170,1,2,119,0,1953125,12,0,0,1,0,0,NaN,0,0,182,116,178,112,184,125,187,127,188,140,193,142,187,156,196,152,185,163,191,154,177,161,167,169,146,173,131,180,128,214,97,225,57,270,157,343,194,335,289,536,398,558,440,696,510,736,777,1000,823,717,713,746,542,599,668,870,427,438,194,415,372,307,341,115,160,48,55,125,57,123,41,117,16,136,13,134,3,145,5,145,3,143,19,123,25
64,170,1,2,119,0,1953125,12,0,0,1,0,0,NaN,0,0,154,144,134,150,139,164,130,173,127,191,124,189,114,212,107,212,91,223,86,212,72,215,59,217,37,208,33,216,38,221,88,209,119,212,214,316,158,340,294,510,388,546,450,650,550,694,755,1000,737,795,594,792,475,608,612,831,475,328,273,420,294,397,223,215,100,102,45,128,47,115,65,104,77,87,95,96,95,92,111,98,106,94,94,80,97
64,170,1,2,119,0,1953125,12,0,0,1,0,0,NaN,0,0,165,126,154,132,154,148,148,155,145,172,145,173,136,195,133,193,117,207,115,198,102,206,85,209,60,206,41,213,25,232,46,224,70,241,167,337,136,350,261,532,352,559,414,679,499,711,712,1000,712,777,604,796,467,634,610,864,437,375,223,416,274,365,246,182,124,90,15,130,14,121,33,115,52,110,65,114,69,114,78,122,76,116,66,101,74
64,170,1,2,119,0,1953125,12,0,0,1,0,0,NaN,0,0,176,119,169,117,174,133,172,136,171,155,175,155,164,176,172,169,157,185,162,176,147,185,137,188,112,188,96,198,90,225,56,226,34,262,141,346,159,347,261,539,359,562,414,698,484,722,725,1000,754,740,660,779,502,630,635,876,422,435,197,410,304,319,301,140,147,64,29,131,24,129,13,120,14,132,18,128,28,142,31,142,29,140,26,120,36
64,170,1,2,119,0,1953125,12,0,0,1,0,0,NaN,0,0,47,69,58,75,45,61,56,65,53,53,62,49,62,47,83,43,95,55,110,48,124,53,130,65,148,59,157,81,193,103,204,105,178,148,309,215,340,233,476,435,580,471,651,617,728,657,959,1000,911,786,763,831,634,660,789,941,614,446,346,444,318,350,246,139,101,79,29,146,35,137,44,126,45,140,62,122,64,126,73,106,72,88,59,68,59
64,170,1,2,119,0,1953125,12,0,0,1,0,0,NaN,0,0,170,122,158,128,159,145,156,150,153,167,156,169,144,190,146,188,130,202,131,192,117,201,102,203,76,204,62,210,38,232,32,225,55,248,151,339,129,350,250,531,341,561,403,680,483,720,705,1000,718,779,623,800,457,635,619,909,447,405,219,441,287,363,267,181,132,94,10,140,2,133,17,126,37,125,49,129,55,129,64,132,61,129,52,113,64
64,170,1,2,119,0,1953125,12,0,0,1,0,0,NaN,0,0,169,130,155,136,158,153,153,157,150,178,150,178,137,201,137,197,120,211,122,203,107,208,91,213,61,210,47,216,21,232,39,229,72,240,163,335,119,342,244,521,332,547,394,665,479,702,696,1000,707,779,601,799,445,630,606,895,468,404,252,427,260,362,239,184,126,90,20,139,17,133,34,124,54,120,69,121,72,121,80,125,78,123,72,106,80
64,170,1,2,119,0,1953125,12,0,0,1,0,0,NaN,0,0,174,115,164,115,168,134,164,136,163,156,166,157,154,176,158,173,145,188,146,180,133,187,121,194,95,192,80,199,66,225,40,224,37,252,138,337,133,342,245,523,342,554,397,674,468,714,703,1000,743,775,645,771,451,619,617,893,436,424,221,437,297,346,276,164,137,79,16,138,13,133,8,124,23,128,34,129,41,136,47,138,43,137,38,115,51
64,170,1,2,119,0,1953125,12,0,0,0.99,0,0,NaN,0,0,85,24,89,21,85,16,88,29,77,23,82,34,76,47,91,51,90,71,101,56,98,72,115,79,125,82,134,81,174,116,195,121,194,176,314,197,300,188,427,387,526,433,583,575,669,631,898,1000,878,793,728,810,555,612,736,923,505,364,245,434,347,375,355,180,190,50,92,92,102,82,101,65,84,68,92,61,87,67,93,63,97,67,83,51,64
64,170,1,2,119,0,1953125,12,0,0,1,0,0,NaN,0,0,173,115,167,118,170,134,167,138,166,153,169,159,157,176,162,175,147,189,150,179,139,184,125,192,101,190,86,200,73,227,46,227,34,252,137,337,143,343,247,523,339,549,396,678,469,715,708,1000,746,764,657,787,478,629,633,907,440,429,220,438,297,338,285,159,140,78,22,142,21,135,8,126,18,131,28,131,35,138,40,141,40,136,34,115,46
64,170,1,2,119,0,1953125,12,0,0,0.99,0,0,NaN,0,0,94,19,95,19,91,13,94,29,82,30,91,40,82,57,94,60,93,81,105,70,101,85,116,94,128,98,137,103,176,138,196,145,183,195,310,223,312,195,440,394,542,428,602,563,680,616,924,999,936,835,782,821,561,605,756,950,573,392,288,442,342,392,332,199,183,65,71,107,84,100,87,80,69,84,78,74,70,74,84,72,86,66,74,49,59
64,170,1,2,119,0,1953125,12,0,0,0.99,0,0,NaN,0,0,94,19,93,20,88,13,93,30,83,30,91,38,81,57,96,58,93,78,108,66,103,85,118,92,128,99,134,103,175,141,195,143,185,194,310,223,309,199,447,405,554,442,605,566,683,630,923,999,940,842,787,827,574,611,749,941,562,376,285,446,354,397,338,206,184,70,77,106,90,98,92,81,74,81,79,70,76,75,86,72,87,68,75,47,56
64,170,1,2,119,0,1953125,12,0,0,0.99,0,0,NaN,0,0,96,19,95,15,92,13,97,28,88,30,93,40,83,58,99,61,93,86,107,74,103,92,119,99,129,107,138,107,176,148,198,149,183,202,309,222,309,202,456,407,559,447,626,583,707,634,935,1000,928,820,791,849,599,631,785,967,575,374,278,444,338,391,324,197,173,73,73,111,84,100,82,83,67,87,72,78,74,78,81,75,89,69,75,48,59
64,170,1,2,119,0,1953125,12,0,0,0.99,0,0,NaN,0,0,89,33,87,32,85,27,88,41,81,35,87,42,79,52,95,56,97,72,113,59,110,73,128,77,140,83,152,77,183,115,214,117,202,165,317,198,300,199,433,397,521,440,579,581,666,630,881,1000,880,818,748,824,551,617,733,945,554,417,273,435,339,356,337,163,176,39,87,89,98,82,102,64,80,70,91,59,84,64,93,60,92,60,76,43,58
64,170,1,2,119,0,1953125,12,0,0,0.99,0,0,NaN,0,0,86,34,87,36,85,29,87,41,76,35,84,44,76,50,95,56,96,68,112,55,106,68,129,69,137,75,147,69,183,111,207,106,200,158,316,195,299,202,427,400,526,454,575,584,659,643,870,999,875,820,737,811,546,615,727,935,524,385,249,440,362,359,346,164,182,41,95,86,104,75,106,57,84,63,91,54,86,58,93,60,92,56,75,44,59
64,170,1,2,119,0,1953125,12,0,0,0.99,0,0,NaN,0,0,88,23,88,18,84,14,88,29,79,25,85,35,76,50,91,55,89,73,104,61,99,79,117,84,124,92,134,88,168,130,195,130,181,185,308,213,309,195,430,386,534,437,591,560,667,620,900,1000,925,835,759,812,564,610,734,930,536,361,258,458,363,396,346,203,190,71,84,105,98,93,100,75,82,75,88,67,82,71,88,68,89,65,81,48,60
64,170,1,2,119,0,1953125,12,0,0,0.99,0,0,NaN,0,0,81,33,83,31,80,25,83,36,73,30,80,38,70,45,89,49,90,63,105,49,103,60,120,61,133,69,141,62,176,100,204,99,195,150,314,191,291,194,411,387,504,441,555,570,631,622,854,1000,885,825,747,827,553,607,706,917,507,379,237,431,346,348,356,170,196,38,102,79,110,72,113,55,92,58,97,51,95,58,96,57,94,62,84,48,63
64,170,1,2,119,0,1953125,12,0,0,0.99,0,0,NaN,0,0,92,21,94,22,88,17,93,31,82,29,91,41,83,55,95,61,95,77,108,69,104,82,116,91,133,96,137,99,179,136,204,141,189,186,311,221,308,191,437,394,540,436,599,569,679,617,910,1000,931,832,786,841,580,626,761,954,573,396,288,444,333,376,322,189,178,61,75,105,88,98,88,80,74,81,80,70,77,77,84,68,85,67,76,47,60
64,170,1,2,119,0,1953125,12,0,0,0.99,0,0,NaN,0,0,90,27,91,23,86,21,91,35,81,31,89,41,77,55,96,59,94,77,109,62,101,77,119,85,135,90,135,87,176,129,197,130,190,178,310,213,309,199,436,396,542,446,595,572,676,632,905,1000,919,840,774,830,573,619,745,939,538,364,263,464,368,393,345,196,183,65,87,105,96,90,99,72,78,74,86,65,83,70,85,63,85,64,76,46,58
64,170,1,2,119,0,1953125,12,0,0,0.99,0,0,NaN,0,0,67,60,66,61,62,59,66,65,61,53,68,59,69,57,91,60,93,57,114,44,110,48,134,43,143,46,153,45,186,79,213,71,216,116,310,205,269,246,373,425,456,490,503,613,585,660,799,1000,837,803,734,808,560,602,729,918,500,379,242,404,391,299,367,131,172,33,114,37,122,32,122,24,96,24,105,26,95,43,98,43,87,56,73,43,58
64,170,1,2,119,0,1953125,12,0,0,0.99,0,0,NaN,0,0,76,41,77,40,72,35,77,44,68,38,77,42,67,48,88,48,88,56,105,40,104,52,127,52,136,57,145,47,183,85,206,84,205,128,311,191,288,216,394,394,479,456,523,580,605,636,824,1000,862,816,730,811,547,603,703,910,499,380,222,411,367,333,367,158,192,32,112,64,122,55,121,41,100,44,104,39,96,48,98,52,99,61,78,49,66
64,170,1,2,119,0,1953125,12,0,0,0.99,0,0,NaN,0,0,82,31,83,29,79,24,86,35,76,31,83,39,74,51,92,53,90,66,107,52,103,68,121,70,131,74,141,71,174,104,199,105,192,155,311,198,305,198,413,386,517,436,560,565,641,622,876,1000,887,815,737,815,560,609,715,912,499,367,248,437,352,366,358,181,194,45,92,88,107,79,108,62,85,62,93,56,91,64,93,57,90,61,80,47,62
64,170,1,2,119,0,1953125,12,0,0,1,0,0,NaN,0,0,182,113,182,107,185,121,188,120,193,133,199,132,192,148,204,145,192,152,200,145,186,150,177,161,158,164,145,170,139,207,115,218,65,257,155,341,206,329,291,517,394,540,451,678,500,711,776,1000,867,764,783,784,578,610,722,926,475,450,221,428,359,300,341,124,163,55,67,129,67,133,54,125,27,142,27,138,14,153,17,151,10,148,21,128,18
64,170,1,2,119,0,1953125,12,0,0,0.99,0,0,NaN,0,0,51,79,48,75,52,72,52,78,52,64,59,71,66,59,89,66,94,59,116,45,111,48,138,43,149,48,158,40,192,83,218,72,220,115,317,195,277,235,390,419,482,472,525,603,613,647,826,1000,855,833,753,843,555,608,733,955,532,403,250,419,354,332,352,156,182,32,100,79,106,74,111,55,83,65,92,51,84,61,90,59,90,60,72,44,60
64,170,1,2,119,0,1953125,12,0,0,0.99,0,0,NaN,0,0,92,21,94,17,91,13,96,29,85,28,92,38,80,60,99,63,92,80,107,72,100,89,119,96,131,103,137,105,172,140,193,147,184,192,304,226,310,199,443,397,551,437,607,570,693,628,926,1000,946,851,812,855,599,632,789,984,596,378,279,449,355,407,332,205,178,79,79,116,90,102,88,86,74,83,80,75,76,78,86,75,88,70,77,49,58
64,170,1,2,119,0,1953125,12,0,0,0.99,0,0,NaN,0,0,85,37,83,35,81,32,85,43,77,38,84,44,77,52,95,56,93,69,113,54,109,66,129,70,137,73,146,67,181,104,207,104,200,152,314,198,306,207,422,392,515,447,564,577,645,634,866,1000,895,847,766,838,566,619,739,953,539,382,238,438,370,369,358,178,187,48,99,85,109,75,109,58,90,60,96,52,88,56,93,56,89,55,75,45,62
64,170,1,2,119,0,1953125,12,0,0,0.99,0,0,NaN,0,0,77,49,77,52,73,48,76,56,69,48,79,53,75,56,96,57,94,60,115,44,110,53,133,50,145,53,152,45,188,82,212,76,209,122,317,193,282,223,391,399,470,459,523,589,603,644,822,1000,856,823,740,825,549,601,715,935,525,398,232,399,358,317,360,141,179,19,106,56,114,51,119,36,96,43,101,35,94,47,97,49,95,55,73,41,58
64,170,1,2,119,0,1953125,12,0,0,0.99,0,0,NaN,0,0,89,32,86,33,83,28,90,41,79,34,89,45,77,54,96,57,95,70,112,56,105,71,126,72,138,81,145,77,180,111,205,114,195,160,312,202,301,197,423,391,523,443,567,562,646,623,875,1000,908,847,775,840,556,617,746,958,555,390,256,429,353,373,347,181,183,48,91,88,99,81,106,67,86,67,93,58,85,63,91,57,89,58,75,46,60
64,170,1,2,119,0,1953125,12,0,0,0.99,0,0,NaN,0,0,80,34,80,33,76,27,79,39,71,32,77,40,72,47,87,49,87,62,106,47,103,59,120,60,133,66,137,57,177,97,202,94,196,146,309,190,298,206,411,385,503,451,554,573,629,631,850,1000,887,851,760,831,549,604,725,928,497,345,208,434,379,373,376,185,200,51,112,80,122,69,118,54,98,50,101,49,94,50,96,56,98,61,81,49,66
64,170,1,2,119,0,1953125,12,0,0,0.99,0,0,NaN,0,0,92,21,91,3,90,4,92,17,84,27,87,34,75,59,91,66,82,87,95,82,85,101,99,111,107,119,113,124,148,161,168,168,152,219,279,247,308,202,428,389,542,418,603,552,690,606,961,1000,995,824,823,837,632,612,796,937,590,334,294,431,347,427,323,240,173,101,56,132,71,121,72,106,62,96,68,91,67,90,80,85,77,79,77,58,59
64,170,1,2,119,0,1953125,12,0,0,0.99,0,0,NaN,0,0,68,57,67,56,62,55,65,60,62,54,71,57,67,56,88,58,93,56,110,42,107,46,130,44,141,44,150,43,182,76,207,67,205,113,310,202,270,239,370,408,448,470,497,590,569,642,795,1000,856,818,729,788,528,575,694,881,479,370,223,389,385,308,375,145,177,28,109,39,118,36,120,23,93,30,103,29,92,41,94,47,93,56,71,41,57
64,170,1,2,119,0,1953125,12,0,0,0.99,0,0,NaN,0,0,86,34,85,36,81,32,89,44,77,39,86,45,78,53,96,56,95,70,113,53,109,69,130,69,139,71,148,70,182,105,206,104,197,146,312,195,305,202,414,386,509,444,562,570,633,620,863,1000,899,845,774,853,569,626,752,952,521,368,238,423,341,357,350,171,182,45,95,82,105,76,106,59,86,64,96,54,88,58,96,58,92,57,76,46,58
64,170,1,2,119,0,1953125,12,0,0,0.99,0,0,NaN,0,0,29,82,30,81,31,80,29,79,36,76,36,78,43,81,53,90,62,93,66,100,56,106,73,127,79,133,83,148,101,186,129,177,146,225,217,327,167,344,289,507,404,555,478,657,566,699,854,1000,968,787,865,749,661,531,838,860,596,311,322,339,479,337,371,224,126,124,110,96,106,81,114,97,79,65,95,81,77,79,82,77,76,87,65,59,57
64,170,1,2,119,0,1953125,12,0,0,0.99,0,0,NaN,0,0,49,66,47,69,42,65,45,72,42,62,51,64,56,59,75,62,83,58,101,51,97,51,121,51,129,56,138,64,164,94,192,85,196,121,283,237,227,284,319,442,397,501,443,610,526,665,774,1000,862,786,754,760,564,543,726,862,505,338,247,364,435,297,387,169,168,77,118,45,124,40,123,56,97,33,104,52,88,52,89,58,89,74,71,51,57
64,170,1,2,119,0,1953125,12,0,0,0.99,0,0,NaN,0,0,63,55,64,57,59,51,61,61,57,51,64,54,62,50,83,54,85,51,106,39,105,41,126,39,138,41,146,38,178,74,204,65,201,105,302,204,259,246,354,420,439,483,483,597,558,643,782,1000,859,822,751,795,540,580,719,893,491,377,235,381,386,302,382,155,185,44,119,37,124,34,133,33,101,28,112,36,99,47,99,49,90,64,78,49,60
64,170,1,2,119,0,1953125,12,0,0,0.99,0,0,NaN,0,0,35,82,39,77,37,79,42,72,44,76,47,72,51,84,53,91,59,104,54,110,47,121,51,144,47,146,45,168,59,209,94,209,81,252,182,332,190,318,333,481,453,504,550,605,628,644,928,936,1000,750,881,742,675,532,859,853,638,262,338,357,412,409,285,264,92,152,25,144,39,130,36,129,21,103,39,113,35,101,57,99,58,93,67,67,49
64,170,1,2,119,0,1953125,12,0,0,0.99,0,0,NaN,0,0,66,49,69,52,65,47,68,55,61,45,68,49,65,49,87,53,90,54,105,39,105,46,126,39,136,44,145,38,180,76,204,64,200,110,302,190,273,231,370,403,455,462,493,582,576,642,805,1000,852,814,740,813,550,596,720,918,503,376,230,399,381,318,376,152,188,34,118,50,125,40,126,33,101,31,110,36,100,48,102,51,94,62,78,49,65
64,170,1,2,119,0,1953125,12,0,0,0.99,0,0,NaN,0,0,80,31,80,30,76,27,82,36,74,32,79,39,73,48,88,52,90,62,106,49,102,63,120,65,134,69,140,63,175,99,201,98,187,142,307,190,293,199,407,384,502,442,553,566,623,617,855,1000,895,839,757,830,552,618,739,942,527,385,253,422,354,364,361,180,196,48,102,84,114,75,118,58,98,60,101,54,98,61,100,60,95,65,86,50,66
64,170,1,2,119,0,1953125,12,0,0,0.99,0,0,NaN,0,0,93,19,93,17,88,14,96,30,84,30,90,39,80,57,96,64,92,82,105,71,101,88,115,94,126,102,133,104,168,140,190,141,173,186,296,222,309,200,436,388,542,433,604,564,677,613,923,1000,943,830,798,844,587,613,779,961,565,355,271,434,338,399,327,204,172,79,74,112,82,104,85,85,72,82,74,78,78,77,84,75,86,65,75,49,60
64,170,1,2,119,0,1953125,12,0,0,0.99,0,0,NaN,0,0,86,22,88,17,84,11,87,26,76,24,84,35,74,50,90,57,86,71,103,63,97,79,114,84,123,92,130,88,165,125,189,129,178,176,296,205,303,193,424,376,524,428,583,560,659,613,905,1000,922,833,776,839,576,613,759,959,559,370,266,440,352,394,345,207,186,76,89,107,102,96,103,80,87,75,93,73,89,72,91,68,92,68,84,50,65
64,170,1,2,119,0,1953125,12,0,0,0.99,0,0,NaN,0,0,77,43,75,42,70,37,76,45,65,38,76,46,68,48,90,50,88,58,109,41,105,53,125,46,140,55,145,42,180,81,208,78,203,123,305,183,281,214,391,391,478,453,525,581,601,631,827,1000,856,812,741,831,550,608,725,938,508,385,236,406,360,330,364,152,186,30,112,65,121,54,122,41,101,44,109,41,98,48,102,54,98,63,81,49,63
64,170,1,2,119,0,1953125,12,0,0,0.99,0,0,NaN,0,0,93,19,94,8,88,3,93,19,84,25,88,34,80,56,93,62,88,83,100,75,96,93,110,101,119,108,128,111,160,148,183,156,168,201,291,228,306,196,438,389,553,430,610,558,690,616,943,1000,965,838,829,867,624,633,803,982,607,375,295,439,339,415,327,220,172,93,74,127,85,111,86,100,73,93,79,87,80,87,90,81,87,75,83,57,67
64,170,1,2,119,0,1953125,12,0,0,0.99,0,0,NaN,0,0,74,66,55,71,45,87,18,81,27,87,30,78,49,89,55,89,64,109,57,100,59,121,82,114,103,112,134,78,183,105,221,64,235,122,313,226,236,343,313,507,393,597,479,666,585,719,927,960,1000,784,907,785,676,619,819,935,620,390,245,436,364,398,410,138,188,41,149,21,147,53,130,64,102,78,84,92,68,105,61,103,62,98,69,66,55
64,170,1,2,119,0,1953125,12,0,0,0.99,0,0,NaN,0,0,85,38,84,40,81,34,86,48,77,39,83,46,77,54,95,55,95,66,113,52,108,66,129,64,138,70,149,62,183,98,208,99,200,141,310,191,299,206,411,383,504,438,545,562,619,623,855,999,881,820,747,834,561,617,731,943,531,395,255,429,355,353,347,161,182,42,98,83,107,72,107,56,89,57,96,50,88,57,92,55,95,61,75,42,61
64,170,1,2,119,0,1953125,12,0,0,0.99,0,0,NaN,0,0,88,20,87,14,84,12,87,24,81,26,85,36,75,51,91,57,87,75,100,63,95,82,111,87,118,95,126,93,162,133,185,133,171,185,295,218,310,197,423,375,531,433,589,550,660,612,909,1000,946,845,795,839,587,618,755,937,550,356,266,456,366,414,345,220,186,86,84,113,99,101,98,86,87,79,86,76,86,73,86,72,88,69,80,53,63
64,170,1,2,119,0,1953125,12,0,0,0.99,0,0,NaN,0,0,85,22,85,17,84,12,86,24,79,25,82,34,72,50,89,55,86,73,100,62,96,77,112,83,123,89,129,88,162,123,186,125,173,174,292,209,307,194,416,370,520,420,578,550,649,603,902,999,925,833,787,847,586,619,752,938,533,350,259,446,352,404,345,210,188,81,91,108,102,98,101,81,86,75,89,71,86,68,91,71,96,67,81,51,62
64,170,1,2,119,0,1953125,12,0,0,0.99,0,0,NaN,0,0,92,17,94,2,89,6,95,15,83,27,88,36,75,59,89,67,82,89,91,84,85,101,96,113,105,121,113,125,143,158,165,165,145,214,274,244,299,199,429,382,532,412,607,551,679,593,961,999,984,819,835,854,640,627,816,952,596,348,321,430,336,410,306,236,170,106,56,135,72,121,73,108,64,98,71,97,75,91,79,89,85,82,80,60,63
64,170,1,2,119,0,1953125,12,0,0,0.99,0,0,NaN,0,0,91,22,94,19,90,16,96,31,84,33,93,41,80,56,99,65,95,81,109,71,103,87,118,93,128,99,136,101,171,137,193,138,176,183,297,223,313,196,432,384,532,427,591,550,656,595,909,1000,960,852,825,865,602,643,800,982,593,383,296,441,339,392,317,207,169,83,77,118,88,108,90,90,75,89,85,78,80,77,88,75,89,68,75,50,61
64,170,1,2,119,0,1953125,12,0,0,0.99,0,0,NaN,0,0,93,13,92,12,96,9,96,29,89,30,91,43,80,59,94,65,85,82,101,72,87,90,111,93,119,103,125,95,163,135,190,139,189,185,300,207,295,178,404,364,513,425,558,551,636,600,864,1000,928,869,799,855,571,631,752,953,540,368,258,435,357,386,368,217,227,83,125,84,129,71,127,56,106,42,106,48,98,47,98,52,91,59,87,55,66
64,170,1,2,119,0,1953125,12,0,0,0.99,0,0,NaN,0,0,9,93,1,94,12,94,17,95,32,87,34,89,54,84,61,93,70,93,82,96,70,100,95,119,97,122,103,137,118,185,147,177,168,233,225,321,159,337,282,498,396,555,482,658,567,685,849,1000,976,783,883,772,685,552,868,872,598,285,320,338,476,337,377,253,155,163,100,128,95,107,98,123,55,86,68,100,53,91,64,83,60,95,63,69,57
64,170,1,2,119,0,1953125,12,0,0,0.99,0,0,NaN,0,0,80,33,80,32,78,27,81,41,74,33,80,42,72,48,92,53,89,65,107,51,103,63,124,65,131,68,138,63,174,97,198,95,188,144,300,195,302,203,401,375,498,438,547,564,628,620,862,1000,880,813,739,830,573,632,741,924,508,371,261,454,376,371,357,184,186,57,107,93,117,80,116,62,96,61,102,56,94,60,96,61,94,61,80,49,64
64,170,1,2,119,0,1953125,12,0,0,0.99,0,0,NaN,0,0,74,39,78,43,71,35,77,48,69,38,75,47,71,51,91,51,90,59,110,43,105,51,126,50,137,55,144,45,181,80,203,76,198,120,302,192,289,215,386,388,479,459,526,584,597,620,826,1000,866,821,744,832,564,639,746,920,489,379,246,415,363,334,362,161,191,34,114,71,125,62,126,46,101,47,110,44,101,53,101,55,99,63,84,48,67
64,170,1,2,119,0,1953125,12,0,0,0.99,0,0,NaN,0,0,61,56,62,60,57,55,62,63,55,52,63,57,62,53,84,58,88,54,108,41,105,43,126,41,138,41,144,44,174,75,202,65,199,104,295,206,247,255,348,421,425,483,476,602,546,638,783,1000,837,788,742,808,570,611,748,896,493,388,257,378,390,287,371,145,175,41,127,42,128,34,134,35,103,31,115,40,98,46,101,54,95,68,77,51,61
64,170,1,2,119,0,1953125,12,0,0,0.99,0,0,NaN,0,0,81,36,84,34,77,30,84,41,75,38,81,42,76,52,92,54,95,67,108,52,107,62,123,64,137,67,144,65,180,96,203,95,192,138,303,191,296,203,408,384,498,439,555,574,624,612,861,1000,878,819,759,855,589,662,777,956,534,399,269,434,353,358,351,176,180,50,106,92,117,80,119,64,97,63,106,57,98,60,99,62,99,66,83,53,66
64,170,1,2,119,0,1953125,12,0,0,0.99,0,0,NaN,0,0,88,23,91,26,85,21,89,36,82,33,88,42,81,57,95,59,95,77,108,65,106,78,118,81,135,87,137,87,172,118,193,123,179,166,298,210,309,195,418,374,515,426,575,557,647,600,897,1000,921,822,768,839,592,649,776,941,537,372,291,456,349,385,332,202,172,71,86,113,98,98,100,80,81,78,89,68,84,72,88,68,87,63,77,47,61
64,170,1,2,119,0,1953125,12,0,0,0.99,0,0,NaN,0,0,73,48,71,53,70,47,76,58,66,49,75,54,72,55,94,56,94,62,113,47,111,55,130,48,141,51,148,47,181,81,203,72,196,116,303,195,284,223,383,392,475,464,522,584,597,634,815,1000,858,818,734,823,570,636,744,928,513,384,262,434,386,339,365,158,177,34,117,66,124,60,125,44,100,43,107,40,96,50,99,52,93,56,78,45,61
64,170,1,2,119,0,1953125,12,0,0,0.99,0,0,NaN,0,0,80,36,81,41,76,35,81,45,72,38,80,45,74,51,92,54,95,65,110,48,108,61,125,57,136,62,144,57,178,90,200,86,193,130,300,189,299,212,398,377,489,446,546,581,621,626,854,1000,865,811,731,836,581,645,758,943,518,374,246,440,370,359,359,170,183,51,113,84,123,73,121,54,100,55,104,51,97,52,97,58,97,59,80,51,66
64,170,1,2,119,0,1953125,12,0,0,0.99,0,0,NaN,0,0,85,31,84,31,80,25,84,39,73,32,82,40,73,51,92,54,88,63,107,50,105,63,125,64,135,71,145,62,181,97,202,96,192,137,296,181,294,198,404,372,490,434,545,568,619,607,851,1000,884,816,753,860,592,647,768,982,568,410,274,425,334,348,344,168,181,51,104,93,117,83,118,65,101,66,106,60,100,62,104,64,104,68,86,56,70
64,170,1,2,119,0,1953125,12,0,0,0.99,0,0,NaN,0,0,69,47,69,50,66,45,70,54,63,44,71,50,68,52,87,52,88,55,109,40,106,46,128,44,138,44,147,39,179,73,201,67,198,108,298,189,267,228,367,393,449,461,498,578,568,625,797,1000,854,811,737,812,551,615,738,936,532,412,262,413,377,318,366,151,180,28,118,59,132,52,133,41,106,37,114,42,104,49,103,56,101,62,82,50,67
64,170,1,2,119,0,1953125,12,0,0,0.99,0,0,NaN,0,0,84,25,84,23,79,20,87,33,77,30,83,38,74,50,90,56,89,70,104,59,100,71,115,77,127,81,131,80,166,111,188,109,172,162,293,206,302,193,410,371,515,434,579,559,640,607,889,1000,923,838,771,828,572,628,758,941,540,366,270,460,372,399,354,211,182,75,96,109,108,99,111,80,92,73,95,69,91,66,91,68,95,69,80,53,64
64,170,1,2,119,0,1953125,12,0,0,0.99,0,0,NaN,0,0,67,50,68,52,64,45,66,54,59,49,68,52,64,51,86,54,89,55,107,39,103,42,123,38,135,40,143,40,174,68,197,59,193,100,292,189,264,228,357,390,437,454,485,576,554,622,797,999,849,803,733,813,561,609,732,912,502,380,251,406,379,313,373,152,184,31,123,55,130,47,130,36,105,36,110,37,99,48,101,51,96,66,77,50,62
64,170,1,2,119,0,1953125,12,0,0,0.99,0,0,NaN,0,0,92,23,90,18,89,23,93,27,86,40,88,45,77,70,84,77,79,100,83,98,78,116,81,130,90,137,92,148,118,181,132,183,109,225,233,276,276,229,404,406,519,430,595,544,657,575,933,944,1000,797,858,804,655,610,851,923,647,335,357,416,372,421,285,261,125,130,25,148,47,134,49,124,39,108,49,106,49,98,61,93,68,90,69,62,51
64,170,1,2,119,0,1953125,12,0,0,0.99,0,0,NaN,0,0,27,86,23,87,22,84,24,86,33,79,41,81,53,75,73,83,85,79,100,80,95,81,116,92,122,94,126,111,152,140,176,130,178,160,254,277,193,322,299,490,398,546,463,658,545,691,808,999,899,787,831,792,654,590,846,906,605,356,336,362,458,305,365,181,130,95,124,80,121,70,122,83,87,60,101,78,81,76,87,77,77,84,66,59,54
64,170,1,2,119,0,1953125,12,0,0,0.99,0,0,NaN,0,0,40,71,39,74,35,73,35,77,37,67,44,70,52,66,72,69,80,63,99,62,95,63,116,68,126,72,129,82,156,111,181,100,190,136,263,251,203,295,298,451,386,513,438,627,530,676,786,1000,869,770,777,779,624,582,787,890,573,366,317,377,458,301,380,171,149,81,132,71,132,64,129,77,98,52,107,72,89,70,94,74,84,82,71,60,58
64,170,1,2,119,0,1953125,12,0,0,0.99,0,0,NaN,0,0,47,67,45,72,43,66,44,72,43,63,51,66,56,62,77,66,83,60,102,54,98,53,121,54,130,58,138,69,161,97,187,87,190,117,273,234,218,283,307,440,397,505,445,616,526,658,770,1000,866,786,764,782,606,594,769,885,543,371,282,378,438,297,385,165,163,73,129,54,133,47,133,63,100,42,110,63,93,62,97,67,88,75,72,59,59
64,170,1,2,119,0,1953125,12,0,0,0.99,0,0,NaN,0,0,57,70,56,72,50,68,55,75,54,65,62,68,65,62,86,67,93,61,112,54,111,54,132,53,143,52,147,60,177,86,201,77,202,105,287,215,239,265,334,429,419,491,472,619,548,648,777,1000,844,794,758,824,599,621,779,929,549,414,281,391,395,284,368,133,157,41,126,40,129,34,131,34,104,29,110,39,98,50,99,52,95,66,73,49,63
64,170,1,2,119,0,1953125,12,0,0,0.99,0,0,NaN,0,0,29,84,22,85,19,79,20,83,28,76,34,76,47,73,68,79,78,77,92,77,87,80,108,90,114,97,121,115,138,144,166,136,169,167,242,285,172,322,280,485,378,537,450,652,529,677,812,1000,921,776,842,790,678,587,857,900,625,367,346,347,459,306,363,196,124,109,123,97,121,87,118,100,85,72,98,92,77,89,86,88,76,94,69,67,56
64,170,1,2,119,0,1953125,12,0,0,0.99,0,0,NaN,0,0,86,26,87,24,82,16,86,32,78,28,84,38,76,52,92,57,92,71,105,60,104,75,119,77,130,81,139,79,171,111,191,113,178,161,289,189,289,187,413,366,508,422,572,563,648,605,883,991,906,822,784,880,622,677,804,1000,596,415,297,460,350,384,339,194,172,77,100,115,116,101,115,81,99,78,103,71,97,72,100,72,100,69,88,55,71
64,170,1,2,119,0,1953125,12,0,0,0.99,0,0,NaN,0,0,94,23,94,25,89,20,94,36,85,33,90,42,83,57,99,62,97,81,112,67,107,84,124,87,133,94,141,92,172,123,194,126,176,166,288,199,293,183,414,364,510,406,573,555,654,588,893,984,907,811,791,875,631,669,808,1000,620,435,331,463,331,376,308,187,154,77,80,121,96,107,98,92,82,88,91,78,86,77,91,75,90,71,80,52,65
64,170,2,2,119,0,1953125,12,0,0,0.99,0,0,NaN,0,0,53,76,54,74,54,74,56,75,57,77,56,78,56,86,60,98,65,109,65,118,52,127,60,148,58,153,60,172,74,210,100,202,101,236,181,332,166,331,297,497,422,528,504,637,585,660,880,973,1000,777,911,777,723,578,912,918,705,353,413,366,473,349,334,231,95,131,107,125,99,107,101,121,69,86,86,102,65,97,77,92,67,95,65,64,53
64,170,2,2,119,0,1953125,12,0,0,0.99,0,0,NaN,0,0,94,24,90,24,97,22,96,30,89,36,91,48,81,66,91,71,82,92,93,83,80,104,101,110,102,122,113,112,147,155,170,158,167,209,279,214,281,173,405,353,517,410,584,546,670,598,899,977,931,820,793,859,615,656,812,1000,593,366,284,462,359,417,347,229,206,104,109,113,124,95,121,78,103,60,100,61,96,56,96,58,91,64,85,55,67
64,170,2,2,119,0,1953125,12,0,0,0.99,0,0,NaN,0,0,81,38,81,39,77,32,81,45,72,38,80,45,73,50,91,54,92,63,112,48,107,60,127,60,136,64,144,55,176,87,200,85,190,127,296,181,286,201,395,371,488,430,539,573,620,617,850,1000,871,812,750,853,601,663,769,974,558,415,282,460,368,363,356,174,178,53,115,94,128,80,125,62,104,60,108,55,102,61,102,61,101,65,85,53,67
64,170,2,2,119,0,1953125,12,0,0,0.99,0,0,NaN,0,0,68,50,71,52,65,45,71,56,63,47,72,53,69,49,89,54,91,56,110,42,106,46,129,41,138,45,147,39,178,69,200,61,197,103,292,184,265,223,362,388,451,458,496,585,575,627,795,1000,852,808,740,838,590,648,758,951,538,412,268,427,386,325,369,152,181,31,126,65,135,53,136,44,111,39,116,42,102,50,106,55,100,63,84,55,68
64,170,2,2,119,0,1953125,12,0,0,0.99,0,0,NaN,0,0,69,50,69,53,63,48,71,57,62,49,70,53,68,52,87,55,91,55,110,41,109,47,129,39,136,44,146,38,176,72,201,62,197,101,296,187,262,225,359,392,452,465,502,596,581,638,801,1000,847,800,732,822,580,644,766,949,533,407,269,430,396,330,378,155,181,33,129,61,137,54,138,43,109,39,116,41,103,51,104,55,100,70,82,49,64
64,170,2,2,119,0,1953125,12,0,0,0.99,0,0,NaN,0,0,80,39,79,40,78,35,82,45,73,38,79,46,73,51,93,56,93,63,112,50,108,59,128,59,135,61,146,56,177,87,201,84,189,126,298,184,291,198,388,373,488,438,543,573,617,612,846,1000,876,818,746,850,595,661,774,976,546,401,271,455,369,367,362,176,181,51,112,92,124,80,125,61,101,56,107,53,102,59,104,61,98,64,83,50,66
64,170,2,2,119,0,1953125,12,0,0,0.99,0,0,NaN,0,0,78,48,76,50,74,47,77,57,69,47,79,55,75,56,97,58,96,63,117,50,113,55,135,53,142,54,153,50,183,80,205,73,194,109,296,183,277,212,378,380,470,446,518,573,590,608,814,1000,871,819,745,849,591,669,776,977,563,436,292,439,360,330,353,155,172,29,111,78,124,69,127,50,103,52,109,46,99,56,100,53,95,59,82,49,65
64,170,2,2,119,0,1953125,12,0,0,0.99,0,0,NaN,0,0,77,52,65,70,46,79,30,86,27,81,26,80,49,83,50,90,66,99,67,92,90,88,112,70,144,47,151,36,184,105,181,109,182,194,199,304,163,327,317,422,475,473,580,524,658,628,870,1000,895,905,801,848,606,687,844,934,643,386,357,341,477,391,333,258,88,154,54,133,82,126,113,70,109,54,120,47,111,63,100,80,82,96,66,79,51
64,170,2,2,119,0,1953125,12,0,0,0.99,0,0,NaN,0,0,87,31,81,58,54,76,31,89,29,85,40,76,63,81,67,81,84,88,99,62,112,54,134,59,137,98,114,142,97,207,84,201,75,238,231,235,316,209,416,384,493,555,474,666,569,760,853,996,996,820,915,796,675,698,836,1000,615,476,283,433,465,319,434,202,110,140,93,147,57,155,50,132,72,93,96,72,111,55,109,74,97,85,69,72,61
64,170,2,2,119,0,1953125,12,0,0,0.99,0,0,NaN,0,0,16,92,10,84,7,93,20,84,31,85,33,82,49,86,52,98,63,102,57,117,49,120,49,151,41,148,39,177,50,205,87,211,57,252,185,314,221,267,365,425,492,453,596,563,665,599,954,959,1000,800,856,835,676,659,849,972,641,381,334,470,368,433,328,233,166,100,86,129,116,108,111,87,107,71,104,73,107,60,108,70,103,66,90,66,71
64,170,2,2,119,0,1953125,12,0,0,0.99,0,0,NaN,0,0,62,72,49,74,51,77,42,82,47,77,42,78,57,77,74,83,86,76,96,83,92,79,115,107,111,104,117,140,119,164,150,171,146,213,213,320,143,335,283,504,404,547,507,656,592,679,914,985,999,745,907,784,751,604,931,920,717,336,407,383,430,416,283,260,79,155,31,162,53,152,43,144,46,117,49,125,63,106,72,108,79,87,83,72,60
64,170,2,2,119,0,1953125,12,0,0,0.99,0,0,NaN,0,0,67,67,70,62,67,67,73,64,67,68,68,71,61,85,66,99,69,114,60,119,51,132,48,154,47,156,43,178,62,211,84,212,74,252,172,328,187,305,320,479,451,500,539,618,614,632,918,959,1000,734,895,774,735,582,927,922,720,347,419,361,438,362,297,239,61,133,83,137,76,124,77,127,52,102,68,110,52,106,65,97,63,101,62,67,53
64,170,2,2,119,0,1953125,12,0,0,0.99,0,0,NaN,0,0,43,79,49,76,44,79,44,79,48,76,41,82,52,81,56,98,66,95,73,107,62,108,85,127,84,126,92,142,112,173,140,158,154,188,221,290,169,320,273,480,384,533,449,646,532,669,785,1000,901,784,802,791,637,598,821,941,606,411,335,391,429,279,374,151,152,43,135,44,132,41,141,39,107,37,117,37,105,52,98,50,102,67,75,48,66
64,170,2,2,119,0,1953125,12,0,0,0.99,0,0,NaN,0,0,41,79,39,80,36,77,38,83,42,72,51,74,57,67,80,75,89,68,106,66,100,65,125,71,130,72,139,86,163,112,189,102,191,130,270,242,210,289,311,456,404,523,462,639,540,681,778,1000,865,790,788,803,624,606,816,944,604,396,326,389,440,282,365,152,142,67,130,56,134,51,133,62,100,45,111,62,92,63,94,69,88,76,68,57,56
64,170,2,2,119,0,1953125,12,0,0,0.99,0,0,NaN,0,0,39,82,38,82,35,79,37,84,40,74,49,78,58,69,80,79,88,73,107,67,101,68,123,74,129,78,139,91,161,120,190,109,190,136,264,246,204,293,302,459,399,524,451,633,531,672,777,1000,869,785,793,807,638,607,832,961,626,403,333,387,440,286,366,153,140,70,130,62,131,55,132,68,99,47,111,66,89,66,95,71,86,77,68,56,56
64,170,2,2,119,0,1953125,12,0,0,0.99,0,0,NaN,0,0,45,85,39,85,39,87,34,90,39,83,42,80,58,79,73,84,84,79,94,79,89,81,110,98,118,104,120,121,136,162,165,158,182,201,236,303,142,314,263,485,381,537,458,647,544,674,837,1000,972,770,873,770,704,564,887,920,688,350,378,344,460,335,352,251,125,159,83,135,81,125,82,136,44,102,56,114,42,102,54,96,53,98,66,74,52
64,170,2,2,119,0,1953125,12,0,0,0.99,0,0,NaN,0,0,78,50,73,52,71,50,75,58,67,49,78,56,74,58,95,60,96,64,115,49,113,57,135,49,142,54,150,46,181,78,204,73,198,112,297,186,273,219,382,391,475,458,522,581,595,627,809,1000,853,805,741,848,583,644,768,985,574,430,288,445,373,327,348,147,166,33,117,73,126,67,129,46,104,47,110,45,104,51,99,51,100,62,80,47,61
64,170,2,2,119,0,1953125,12,0,0,0.99,0,0,NaN,0,0,64,56,62,59,60,53,61,61,57,52,67,57,65,53,85,56,90,55,109,42,104,45,128,42,136,43,143,39,172,73,196,60,198,105,290,194,255,237,356,401,442,473,491,595,566,647,790,1000,841,799,732,815,577,623,760,952,552,405,285,440,412,320,372,148,171,33,129,60,138,50,139,42,109,36,115,44,102,52,104,55,98,69,81,53,64
64,170,1,2,119,0,1953125,12,0,0,0.99,0,0,NaN,0,0,53,59,53,65,49,58,52,67,47,57,58,62,59,56,80,60,83,56,103,47,100,47,125,43,130,47,140,54,164,80,189,73,194,105,277,214,236,264,320,416,406,481,450,601,531,647,771,1000,840,775,732,791,593,596,759,912,534,376,284,404,421,293,376,148,167,55,132,50,136,43,136,52,104,34,112,52,95,58,101,60,90,71,75,57,64
64,170,1,2,119,0,1953125,12,0,0,0.99,0,0,NaN,0,0,52,63,50,69,47,64,50,69,45,60,56,61,56,57,79,61,86,58,106,49,102,51,123,48,133,52,140,58,166,91,193,80,191,106,277,222,228,268,313,430,409,499,448,609,525,641,755,1000,860,790,758,798,597,602,777,929,563,394,292,392,415,282,370,149,162,57,127,47,136,42,136,52,106,37,116,56,100,58,99,63,91,76,74,56,65
64,170,1,2,119,0,1953125,12,0,0,0.99,0,0,NaN,0,0,85,35,82,38,80,41,80,51,72,47,79,54,73,54,91,59,92,58,110,42,101,46,127,43,140,48,144,35,176,79,204,65,212,117,300,197,247,236,334,402,425,478,471,593,544,635,765,1000,853,806,740,798,566,595,750,930,535,380,254,395,405,297,390,172,202,76,130,46,132,45,133,60,99,37,105,56,88,54,84,59,84,73,71,62,61
64,170,1,2,119,0,1953125,12,0,0,0.99,0,0,NaN,0,0,90,21,88,24,88,24,88,39,82,36,85,49,79,52,92,56,90,64,108,49,99,60,125,54,135,62,143,48,173,85,203,79,207,129,303,182,266,205,358,373,450,449,503,577,580,621,794,1000,854,813,741,833,567,627,761,966,531,382,251,419,370,318,380,167,209,58,132,48,135,38,134,43,105,25,109,41,95,44,94,47,89,67,79,60,64
64,170,1,2,119,0,1953125,12,0,0,0.99,0,0,NaN,0,0,43,70,42,72,38,69,42,76,40,66,47,67,53,61,79,66,83,62,102,57,97,55,119,62,126,64,134,75,159,105,184,92,187,120,267,242,212,285,303,447,393,509,441,617,523,656,766,1000,866,778,767,782,613,587,791,923,586,383,308,378,431,282,368,161,153,73,129,59,132,52,133,66,100,44,110,65,90,66,95,72,89,80,74,59,61
64,170,1,2,119,0,1953125,12,0,0,0.99,0,0,NaN,0,0,40,79,37,81,35,77,37,82,40,74,50,76,59,71,79,77,87,70,105,68,101,66,121,71,130,77,138,89,159,114,182,108,186,135,265,254,211,295,299,456,398,516,448,636,534,664,778,1000,862,756,757,770,616,579,789,900,571,382,320,379,423,274,361,154,135,67,122,54,124,47,127,62,94,43,105,61,87,64,93,68,84,77,68,53,54
64,170,1,2,119,0,1953125,12,0,0,0.99,0,0,NaN,0,0,69,60,71,61,67,57,71,65,66,57,76,60,72,59,93,62,96,61,117,48,117,52,136,46,145,47,154,46,186,76,207,67,202,102,298,192,264,229,362,403,457,468,506,602,582,630,795,1000,835,777,719,831,585,638,772,968,549,420,284,415,356,286,347,128,158,10,112,56,124,49,128,34,103,41,113,36,100,51,102,49,98,62,80,45,62
64,170,1,2,119,0,1953125,12,0,0,0.99,0,0,NaN,0,0,65,60,63,64,61,58,64,67,59,58,69,62,69,59,90,61,95,60,113,48,114,52,132,47,142,50,150,49,181,80,206,72,201,103,294,203,257,244,355,410,439,476,491,600,562,634,778,1000,840,790,727,810,572,626,764,954,565,426,284,407,375,287,351,133,158,18,118,51,127,44,130,33,103,36,113,39,101,48,101,51,94,63,75,48,64
64,170,1,2,119,0,1953125,12,0,0,0.99,0,0,NaN,0,0,62,61,60,63,60,60,61,67,60,60,69,63,68,60,87,61,93,62,112,48,110,50,131,47,142,50,148,48,177,79,200,70,201,104,291,203,259,249,357,413,443,484,494,602,559,643,781,1000,848,805,734,806,580,623,752,939,554,411,284,412,390,296,362,142,161,25,122,50,130,45,131,37,104,34,110,37,99,48,98,50,96,64,76,49,61
64,170,1,2,119,0,1953125,12,0,0,0.99,0,0,NaN,0,0,63,62,63,65,59,59,63,68,59,60,65,63,67,60,88,62,94,61,111,50,112,52,131,47,141,50,148,52,177,78,201,70,199,104,290,203,250,247,350,409,431,476,488,606,560,644,781,1000,837,783,724,808,579,619,757,942,546,399,277,405,382,286,354,129,153,24,119,44,128,41,129,32,105,33,111,38,100,49,98,53,92,63,73,46,60
64,170,1,2,119,0,1953125,12,0,0,0.99,0,0,NaN,0,0,52,72,51,75,46,72,51,76,49,69,60,70,62,66,85,70,92,63,111,57,109,59,131,57,138,59,146,70,174,95,196,87,195,111,282,226,229,275,326,437,412,501,462,623,544,660,768,1000,847,780,750,804,597,602,772,943,586,423,306,386,400,267,358,131,139,43,125,40,128,34,130,41,102,34,115,47,97,54,97,55,94,69,72,48,59
64,170,1,2,119,0,1953125,12,0,0,0.99,0,0,NaN,0,0,17,93,20,91,22,92,29,89,38,87,41,87,51,91,63,100,72,106,75,114,68,121,79,142,79,145,79,168,89,201,120,200,120,237,196,333,161,339,300,505,423,547,519,657,604,687,910,996,1000,756,894,778,732,562,910,936,732,350,410,355,441,356,305,230,59,131,80,129,78,122,75,127,51,100,65,111,46,103,65,104,60,98,63,67,48
64,170,1,2,119,0,1953125,12,0,0,0.99,0,0,NaN,0,0,43,75,42,79,39,74,42,82,43,72,55,73,59,68,83,74,90,68,109,60,104,64,126,66,134,71,143,79,167,108,192,98,196,126,273,239,215,284,311,446,400,511,456,633,541,672,774,1000,852,771,755,786,607,589,779,934,601,415,321,378,412,266,353,137,132,54,125,46,131,39,129,50,99,36,112,54,93,58,97,62,83,74,71,52,56
64,170,1,2,119,0,1953125,12,0,0,0.99,0,0,NaN,0,0,59,66,59,67,56,63,58,72,54,61,63,66,68,61,89,64,92,64,114,51,109,51,131,48,141,50,149,55,176,82,201,71,200,106,289,206,239,250,338,415,426,479,473,603,548,642,771,1000,846,795,738,811,574,598,746,952,576,422,292,399,382,273,351,124,150,26,120,43,128,38,131,34,106,32,112,36,99,50,100,53,96,65,77,49,63
64,170,1,2,119,0,1953125,12,0,0,0.99,0,0,NaN,0,0,58,63,58,66,56,61,59,71,55,59,63,62,64,59,87,62,91,60,112,48,107,50,129,47,138,50,145,50,172,81,198,71,199,108,289,208,251,254,344,412,430,482,479,597,547,644,772,1000,854,814,742,792,561,587,739,939,566,402,284,410,401,293,364,142,162,31,122,47,129,38,130,39,104,31,110,38,95,48,98,51,92,65,73,49,60
64,170,1,2,119,0,1953125,12,0,0,0.99,0,0,NaN,0,0,58,63,58,66,56,61,59,71,55,59,63,62,64,59,87,62,91,60,112,48,107,50,129,47,138,50,145,50,172,81,198,71,199,108,289,208,251,254,344,412,430,482,479,597,547,644,772,1000,854,814,742,792,561,587,739,939,566,402,284,410,401,293,364,142,162,31,122,47,129,38,130,39,104,31,110,38,95,48,98,51,92,65,73,49,60
64,170,1,2,119,0,1953125,12,0,0,0.99,0,0,NaN,0,0,71,53,70,53,68,49,71,60,65,49,74,56,71,55,91,59,94,60,111,45,108,53,130,47,141,52,146,42,177,80,203,72,198,110,293,189,273,221,369,386,459,454,504,573,579,626,796,1000,863,819,733,816,554,615,747,974,572,411,277,430,377,319,353,147,165,27,116,65,126,60,125,42,102,44,109,42,97,49,99,51,99,61,79,45,61
64,170,1,2,119,0,1953125,12,0,0,0.99,0,0,NaN,0,0,81,44,78,46,75,48,74,58,67,50,72,59,71,53,88,58,88,55,108,44,100,43,127,39,138,44,144,36,172,82,203,71,215,121,290,206,226,240,310,405,396,474,436,589,526,641,753,1000,863,802,747,776,560,565,742,922,563,385,276,378,408,287,387,174,185,82,126,57,128,52,129,70,94,47,99,63,85,62,82,60,77,80,65,64,58
64,170,1,2,119,0,1953125,12,0,0,0.99,0,0,NaN,0,0,79,45,75,47,76,48,75,58,66,49,73,60,71,56,90,62,90,57,112,45,104,44,129,40,137,45,144,37,175,84,204,68,216,121,288,201,225,246,314,410,405,486,448,604,534,644,756,1000,853,796,746,794,585,581,765,930,552,371,269,371,404,282,385,167,183,88,130,58,127,51,123,69,92,47,98,64,85,64,84,64,76,79,69,63,59
64,170,1,2,119,0,1953125,12,0,0,0.99,0,0,NaN,0,0,72,54,72,55,68,52,72,60,67,51,75,55,73,56,91,60,96,60,117,48,114,53,133,48,141,48,151,45,179,76,209,71,199,106,295,186,268,219,367,385,446,447,500,587,581,626,801,1000,841,785,718,831,579,623,740,962,567,431,279,418,347,293,335,122,148,14,113,65,120,56,124,40,102,47,110,40,99,50,100,55,98,62,77,47,63
64,170,1,2,119,0,1953125,12,0,0,0.99,0,0,NaN,0,0,56,71,52,73,51,68,54,77,52,66,60,68,64,64,88,67,93,64,112,55,109,57,131,56,141,57,146,64,173,91,199,80,199,111,285,217,229,264,326,427,415,493,464,615,546,660,776,1000,838,772,731,800,590,598,755,937,574,419,292,387,390,264,349,122,138,36,124,39,129,33,129,37,102,30,111,40,95,49,99,58,95,67,74,49,60
64,170,1,2,119,0,1953125,12,0,0,0.99,0,0,NaN,0,0,77,47,78,48,73,45,79,53,70,45,79,52,75,55,95,56,96,62,115,50,114,59,132,54,144,57,151,51,183,82,206,77,198,118,299,181,276,200,376,374,467,434,517,569,592,614,820,1000,858,810,735,844,579,627,748,989,587,442,291,434,341,310,335,140,154,27,104,81,115,70,119,51,100,59,107,48,100,56,103,56,95,61,79,46,63
64,170,1,2,119,0,1953125,12,0,0,0.99,0,0,NaN,0,0,42,74,42,77,40,74,42,75,42,68,51,71,57,66,81,70,86,65,104,61,102,61,123,63,130,68,137,73,162,104,187,89,190,123,274,238,221,282,308,435,400,505,449,612,528,666,770,1000,870,799,757,770,594,572,751,895,563,376,303,389,434,289,373,159,149,62,125,50,130,45,126,56,98,35,107,53,89,58,94,61,85,73,70,51,56
64,170,1,2,119,0,1953125,12,0,0,0.99,0,0,NaN,0,0,82,38,82,40,81,38,83,44,75,40,83,49,77,54,95,58,94,68,113,55,112,67,129,63,139,68,147,59,176,93,200,90,190,136,296,188,290,197,395,365,490,430,545,563,623,613,847,1000,884,813,736,843,589,631,739,969,559,397,276,447,350,346,340,166,166,47,98,89,109,80,111,59,96,61,98,55,94,59,96,58,92,58,77,47,61
64,170,1,2,119,0,1953125,12,0,0,1,0,0,NaN,0,0,181,101,176,97,181,113,179,116,182,131,187,135,177,154,186,151,175,163,178,157,168,166,156,172,136,173,124,179,112,212,89,217,37,242,124,327,159,320,246,490,338,522,401,652,453,684,714,1000,801,773,711,809,546,639,690,977,534,497,271,465,302,310,275,145,115,91,35,150,36,148,31,136,8,146,19,142,17,149,21,149,19,145,18,124,31
64,170,1,2,119,0,1953125,12,0,0,0.99,0,0,NaN,0,0,86,32,86,36,81,31,85,43,76,38,87,47,77,53,94,59,95,72,112,56,108,71,127,70,136,74,142,69,174,104,196,102,184,146,297,198,299,192,400,364,500,428,556,552,624,602,856,1000,919,847,768,837,572,629,752,974,578,411,302,464,362,377,343,194,170,61,96,100,109,90,108,70,91,68,97,62,92,62,95,64,90,63,80,49,62
64,170,1,2,119,0,1953125,12,0,0,0.99,0,0,NaN,0,0,80,43,75,45,75,48,74,57,70,49,73,58,70,54,88,60,88,57,108,42,99,45,128,38,134,47,143,36,172,83,199,63,212,122,292,206,233,249,321,404,408,486,452,591,532,645,759,1000,862,808,751,787,580,572,738,898,523,352,258,382,421,295,394,179,192,93,132,63,129,51,127,70,91,47,98,65,80,59,81,62,74,78,66,62,55
64,170,1,2,119,0,1953125,12,0,0,0.99,0,0,NaN,0,0,53,64,53,66,48,61,49,69,47,59,54,65,58,56,79,63,86,57,104,49,102,48,121,48,132,50,139,59,166,88,192,75,193,109,278,217,226,265,321,421,402,491,459,613,539,654,772,1000,850,782,747,801,607,604,771,928,561,388,289,393,412,282,371,148,158,55,134,52,135,43,134,53,105,37,114,54,99,58,99,66,97,76,78,59,63
64,170,1,2,119,0,1953125,12,0,0,0.99,0,0,NaN,0,0,59,68,55,70,51,68,55,73,52,65,63,67,66,64,88,64,91,61,111,49,111,52,130,50,140,53,149,58,175,85,201,75,200,105,286,211,235,251,326,413,406,473,457,608,546,645,777,1000,826,758,717,807,593,598,743,924,550,421,291,394,376,259,348,120,141,30,121,39,128,33,127,30,102,29,111,39,98,50,101,53,90,65,72,50,62
64,170,1,2,119,0,1953125,12,0,0,0.99,0,0,NaN,0,0,82,42,81,43,75,40,82,50,73,41,82,51,74,54,93,58,94,66,114,49,111,61,129,56,141,62,150,54,181,87,203,83,191,126,299,186,283,198,384,365,472,424,521,558,602,605,829,1000,869,794,726,831,572,626,733,955,552,417,292,435,338,323,332,153,160,32,99,84,110,74,113,55,94,60,102,52,96,58,98,55,98,62,79,46,61
64,170,1,2,119,0,1953125,12,0,0,0.99,0,0,NaN,0,0,65,58,65,61,58,56,66,64,59,56,69,58,68,57,88,58,90,58,110,45,110,50,129,43,140,48,147,45,176,77,199,62,195,106,292,193,255,232,351,394,436,464,488,584,558,630,780,1000,847,798,730,810,566,603,725,928,537,405,277,412,378,295,355,137,160,23,120,50,124,45,127,34,102,37,109,37,98,46,98,49,96,62,73,46,60
64,170,1,2,119,0,1953125,12,0,0,0.99,0,0,NaN,0,0,81,34,83,40,79,32,83,44,74,40,83,48,77,54,94,59,95,69,110,56,112,66,126,66,136,67,143,66,177,98,199,91,186,140,294,186,291,198,400,369,494,430,550,565,625,609,857,1000,885,806,743,840,592,636,750,963,557,397,280,451,353,354,336,173,162,54,100,94,111,85,110,64,91,66,99,58,94,61,95,65,94,62,79,49,62
64,170,1,2,119,0,1953125,12,0,0,0.99,0,0,NaN,0,0,51,71,49,74,47,71,49,76,47,66,57,70,63,64,82,68,90,63,108,56,108,56,127,55,135,61,144,68,168,93,194,83,194,109,275,219,225,263,314,420,397,479,443,607,535,649,768,1000,841,758,726,789,603,587,737,898,544,404,301,386,393,258,352,129,140,40,123,41,125,31,128,40,99,31,109,44,93,53,94,58,91,70,69,48,58
64,170,1,2,119,0,1953125,12,0,0,0.99,0,0,NaN,0,0,63,59,64,64,60,57,65,65,60,58,68,61,67,59,89,62,95,59,114,48,110,50,132,46,143,49,149,47,178,77,204,64,198,103,294,196,254,234,350,398,433,464,484,598,569,640,787,1000,833,777,722,811,576,615,741,937,542,424,279,404,368,278,345,123,149,16,117,49,122,43,126,32,102,35,110,35,100,49,99,53,95,61,75,46,62
64,170,1,2,119,0,1953125,12,0,0,0.99,0,0,NaN,0,0,16,92,11,89,15,90,18,88,29,83,37,83,53,80,70,88,81,87,92,89,89,92,107,107,114,112,118,130,136,162,161,149,163,178,232,296,171,323,280,487,383,534,455,649,544,684,824,1000,923,761,835,767,672,558,839,893,636,376,361,346,445,294,339,186,97,99,112,88,106,78,110,92,79,69,94,85,71,81,80,81,70,89,62,61,51
64,170,1,2,119,0,1953125,12,0,0,0.99,0,0,NaN,0,0,42,76,38,80,37,76,41,80,42,72,49,74,58,69,80,73,87,68,106,65,103,64,123,69,132,72,138,84,161,110,187,99,190,131,269,246,211,289,309,445,393,513,459,635,541,676,782,1000,859,772,759,777,610,579,772,903,567,385,306,379,428,278,359,145,133,61,126,49,124,43,127,55,97,39,108,56,91,60,92,65,89,75,68,52,57
64,170,1,2,119,0,1953125,12,0,0,0.99,0,0,NaN,0,0,50,73,48,75,45,72,47,78,48,68,55,70,60,64,82,68,89,62,107,55,104,56,126,57,132,61,141,71,167,96,192,82,193,116,278,227,218,269,312,428,396,486,443,613,536,656,772,1000,844,759,735,785,593,581,741,893,542,398,295,385,409,265,351,129,132,45,122,37,122,31,128,42,99,31,109,46,94,53,96,56,86,69,68,48,56
64,170,1,2,119,0,1953125,12,0,0,0.99,0,0,NaN,0,0,54,71,49,73,49,69,51,74,50,65,59,69,61,63,85,67,89,62,109,55,106,55,130,55,138,60,145,67,170,94,197,80,195,112,280,223,226,265,318,424,403,481,452,613,540,650,772,999,834,760,727,787,584,586,744,897,529,395,288,387,396,265,352,127,138,43,122,37,122,29,127,36,99,28,110,42,94,48,96,55,89,69,70,49,59
64,170,1,2,119,0,1953125,12,0,0,0.99,0,0,NaN,0,0,70,55,68,59,66,53,66,63,63,55,72,59,71,56,91,60,96,60,111,46,111,50,133,46,143,47,148,42,180,76,202,63,197,104,295,190,259,224,358,390,443,449,493,585,569,625,793,1000,837,783,712,806,559,603,723,925,522,413,278,416,358,291,344,128,151,11,114,54,120,50,124,34,99,41,108,38,100,49,99,53,99,62,76,45,61
64,170,1,2,119,0,1953125,12,0,0,0.99,0,0,NaN,0,0,33,83,31,81,27,82,31,85,36,76,47,78,57,72,77,77,83,74,103,74,96,73,119,83,124,86,129,100,151,129,178,118,180,146,255,260,188,300,292,459,377,510,439,631,528,668,781,1000,877,756,782,769,623,567,797,895,587,380,334,365,433,270,342,155,117,73,121,61,118,52,122,68,92,52,104,68,84,68,89,72,83,81,65,55,54
64,170,1,2,119,0,1953125,12,0,0,0.99,0,0,NaN,0,0,77,42,76,44,74,40,78,50,71,42,77,49,74,53,93,58,96,64,111,50,109,59,128,57,138,59,145,53,174,87,198,76,187,127,297,189,288,208,387,368,475,436,530,562,604,620,827,999,873,816,728,817,562,614,726,938,531,382,265,455,380,347,349,167,168,39,106,80,116,72,119,53,98,54,104,48,93,54,97,56,96,58,77,44,59
64,170,1,2,119,0,1953125,12,0,0,0.99,0,0,NaN,0,0,51,69,51,70,48,67,52,73,49,64,59,67,60,60,82,67,89,63,108,55,105,55,127,54,136,57,141,61,167,92,195,80,192,109,278,223,239,267,326,419,409,487,462,607,540,648,770,1000,846,782,742,791,589,592,748,900,527,370,286,400,413,286,362,140,152,46,124,41,127,37,129,42,97,30,110,45,94,50,95,56,92,68,70,48,58
64,170,1,2,119,0,1953125,12,0,0,0.99,0,0,NaN,0,0,92,25,89,27,86,23,89,37,81,35,87,44,81,58,97,60,96,77,110,65,113,78,126,79,137,85,143,80,177,111,196,107,179,153,291,189,297,186,409,363,506,411,562,562,651,595,880,1000,889,783,740,855,612,633,753,966,573,409,309,445,320,350,316,169,152,53,80,105,91,94,97,78,80,80,89,69,86,72,90,70,93,63,75,49,62
64,170,1,2,119,0,1953125,12,0,0,1,0,0,NaN,0,0,140,158,146,148,164,146,172,137,189,137,197,127,208,120,220,107,229,96,231,91,226,74,230,51,225,32,225,24,232,40,249,49,197,127,302,173,324,178,445,336,540,376,625,510,697,535,959,843,1000,623,887,678,760,484,908,819,701,354,434,320,458,230,316,110,87,45,147,33,148,36,148,35,130,67,144,53,132,75,146,64,132,65,132,60,113
64,170,1,2,119,0,1953125,12,0,0,0.99,0,0,NaN,0,0,77,47,77,49,74,45,77,55,71,46,77,51,74,54,94,57,98,65,114,48,114,60,130,53,143,59,151,50,182,85,205,74,193,118,297,187,282,209,387,384,477,440,523,578,606,613,809,1000,863,818,752,853,581,638,763,985,564,416,280,437,361,326,342,150,163,32,112,75,117,67,118,49,100,55,108,46,97,54,102,53,93,60,80,48,64
64,170,1,2,119,0,1953125,12,0,0,0.99,0,0,NaN,0,0,93,11,92,11,94,9,95,26,86,29,89,44,79,58,91,64,85,78,98,68,90,85,109,87,116,98,124,84,157,122,184,117,179,177,292,193,290,176,395,347,495,411,546,539,628,589,847,1000,910,839,756,835,569,608,735,955,531,352,247,452,368,384,376,214,216,72,122,82,129,67,127,54,106,40,106,45,98,43,94,48,89,58,83,54,66
64,170,1,2,119,0,1953125,12,0,0,0.99,0,0,NaN,0,0,90,7,92,10,89,11,93,29,82,31,88,41,79,55,91,58,87,71,100,61,94,70,109,73,124,79,127,69,162,102,191,95,183,157,297,186,280,175,375,340,469,409,515,541,601,591,817,1000,895,826,736,825,564,598,696,925,502,337,222,423,357,353,373,190,221,61,123,65,131,52,123,43,106,28,103,38,93,37,95,50,89,59,82,54,60
64,170,1,2,119,0,1953125,12,0,0,0.99,0,0,NaN,0,0,86,32,87,36,82,30,87,45,78,39,86,49,78,54,96,60,96,71,112,59,109,69,125,71,137,73,144,67,176,97,197,98,183,142,291,194,293,187,394,360,491,414,544,559,627,591,841,1000,904,812,758,859,597,635,753,974,571,408,289,439,336,344,326,175,164,49,91,92,99,87,105,69,86,71,97,62,92,66,91,62,94,62,78,48,62
64,170,1,2,119,0,1953125,12,0,0,0.99,0,0,NaN,0,0,87,24,89,27,86,22,88,37,81,36,87,44,78,57,95,64,96,76,109,64,106,78,119,82,132,86,136,82,171,116,192,116,172,163,289,205,300,194,415,370,513,426,580,564,654,600,880,1000,933,834,776,846,592,625,769,978,581,389,289,462,364,389,332,208,164,74,90,108,98,100,103,82,84,80,90,70,84,71,90,70,91,66,75,49,60
64,170,1,2,119,0,1953125,12,0,0,0.99,0,0,NaN,0,0,86,33,89,32,80,31,87,43,77,37,84,48,78,55,96,60,97,71,113,62,111,69,125,70,137,71,142,69,174,100,195,95,180,146,292,192,294,192,404,365,498,423,560,566,641,609,861,1000,893,809,753,849,585,623,758,979,550,378,269,457,359,369,341,185,167,57,97,97,106,87,106,66,89,68,95,60,91,63,95,65,93,62,78,46,61
64,170,1,2,119,0,1953125,12,0,0,0.99,0,0,NaN,0,0,88,28,91,32,85,26,91,39,81,35,87,46,79,55,96,58,95,75,110,62,108,75,124,76,136,82,144,78,177,112,196,111,181,156,292,196,293,182,409,365,503,411,560,555,644,589,869,999,913,813,774,866,595,619,764,999,598,412,302,452,332,363,328,185,159,55,86,106,97,97,101,77,83,78,93,69,86,71,90,66,93,66,78,48,63
64,170,1,2,119,0,1953125,12,0,0,0.99,0,0,NaN,0,0,86,32,87,32,82,28,87,40,79,36,86,45,80,56,96,59,96,72,110,59,109,71,125,73,138,75,145,71,175,104,200,101,179,150,295,193,289,185,406,364,491,411,556,560,635,592,860,1000,905,821,772,860,583,613,752,994,588,413,299,453,334,355,326,177,157,54,88,98,101,93,105,72,87,76,95,64,91,69,97,68,95,65,79,49,62
64,170,1,2,119,0,1953125,12,0,0,0.99,0,0,NaN,0,0,181,124,176,134,184,136,180,147,191,151,189,159,193,161,201,155,202,158,202,147,188,152,189,148,169,155,166,141,156,192,168,192,110,273,213,286,231,247,349,421,457,461,527,588,593,615,866,915,1000,706,919,703,697,500,861,894,602,355,287,358,481,273,428,152,226,69,159,33,162,23,155,28,137,41,139,37,131,60,140,56,134,58,150,38,133
64,170,1,2,119,0,1953125,12,0,0,0.99,0,0,NaN,0,0,90,26,90,27,86,25,90,35,81,34,87,43,79,53,97,62,95,76,111,65,106,78,124,82,133,89,143,79,167,116,196,113,174,164,293,201,302,193,420,359,510,415,573,559,660,600,881,999,925,829,790,861,607,629,779,1000,592,386,283,462,354,388,326,193,157,73,90,112,99,98,98,82,86,78,89,72,87,73,91,69,91,63,79,53,63
64,170,1,2,119,0,1953125,12,0,0,0.99,0,0,NaN,0,0,86,27,88,27,84,23,87,36,79,34,85,43,78,54,94,60,95,74,109,62,104,74,122,77,133,83,139,77,169,111,193,108,172,161,292,202,300,192,411,359,503,415,556,546,639,592,866,1000,923,828,775,848,589,607,740,970,572,379,273,459,363,387,337,198,165,67,89,109,99,95,102,77,84,73,89,66,87,68,90,68,95,65,78,48,62
64,170,1,2,119,0,1953125,12,0,0,0.99,0,0,NaN,0,0,76,42,76,45,70,43,77,53,69,45,77,52,75,52,92,55,93,63,111,47,109,55,127,51,140,55,145,44,176,78,200,72,190,120,295,186,280,200,373,366,459,422,506,565,600,605,812,1000,857,792,715,813,561,599,711,931,518,385,257,442,367,332,354,156,164,25,103,72,112,64,116,43,93,50,103,43,94,50,96,52,90,60,76,42,60
64,170,1,2,119,0,1953125,12,0,0,0.99,0,0,NaN,0,0,88,24,88,25,87,20,89,36,82,34,87,42,80,55,94,59,92,76,108,64,104,76,122,82,131,82,136,79,168,114,189,111,171,161,287,200,292,177,398,354,500,404,560,551,645,584,875,1000,919,807,763,842,597,617,750,946,551,378,291,450,343,376,328,198,164,64,80,107,92,99,97,80,80,80,88,70,84,73,89,69,90,63,77,47,59
64,170,2,2,119,0,1953125,12,0,0,0.99,0,0,NaN,0,0,89,25,90,28,85,24,90,36,80,35,89,42,79,56,95,59,94,76,111,65,110,78,121,80,136,82,142,80,173,112,195,113,175,159,289,199,296,181,408,366,511,419,574,567,653,587,873,1000,918,828,784,870,607,638,780,993,589,399,298,463,347,379,332,200,161,69,91,109,99,97,104,80,84,79,94,70,89,72,93,68,94,67,81,51,61
64,170,2,2,119,0,1953125,12,0,0,0.99,0,0,NaN,0,0,69,51,70,54,67,50,70,58,62,50,71,54,69,56,89,56,93,60,112,45,109,49,129,45,138,47,145,41,176,76,197,60,190,109,292,189,268,216,365,377,451,444,502,575,582,618,796,1000,858,804,728,822,562,597,714,936,520,370,252,439,391,326,364,156,167,28,116,59,122,51,122,36,98,39,105,38,96,44,98,49,92,59,75,44,60
64,170,2,2,119,0,1953125,12,0,0,0.99,0,0,NaN,0,0,91,20,90,23,87,18,93,31,81,32,89,40,82,58,95,63,95,79,108,70,104,81,117,88,130,88,134,91,166,121,184,121,166,172,283,209,294,172,403,358,511,397,568,549,654,584,890,1000,942,817,784,865,619,621,763,976,587,385,300,462,346,382,323,209,160,72,77,113,88,104,91,86,76,86,85,75,82,77,90,71,88,68,78,52,60
64,170,2,2,119,0,1953125,12,0,0,0.99,0,0,NaN,0,0,84,30,86,31,83,27,87,38,78,37,86,44,78,55,96,59,95,70,109,60,110,72,122,73,132,73,140,71,171,104,193,98,176,152,293,196,291,183,398,360,502,421,564,567,644,603,865,1000,910,825,767,853,582,618,749,967,555,382,277,462,360,377,344,195,164,61,97,98,105,91,109,70,89,71,95,65,91,66,92,64,96,63,78,50,62
64,170,2,2,119,0,1953125,12,0,0,0.99,0,0,NaN,0,0,63,61,61,63,58,58,61,65,57,57,65,60,67,57,87,59,92,57,109,46,108,49,129,43,137,47,146,45,172,75,199,63,194,101,287,194,250,229,343,390,429,453,477,590,563,629,777,1000,841,784,725,812,570,593,724,923,518,378,262,415,395,300,367,141,159,27,123,46,123,37,125,31,101,32,109,34,96,44,98,49,92,59,72,47,61
64,170,1,2,119,0,1953125,12,0,0,0.99,0,0,NaN,0,0,87,32,87,36,83,30,88,42,79,37,88,44,77,54,97,59,96,71,112,60,110,72,125,70,138,72,143,70,178,101,195,98,182,145,289,187,288,177,393,354,491,404,544,552,629,587,855,1000,903,819,765,861,589,620,758,989,579,405,289,456,346,360,336,183,163,52,94,98,101,87,106,70,87,74,95,62,90,67,94,62,95,65,78,46,61
64,170,1,2,119,0,1953125,12,0,0,0.99,0,0,NaN,0,0,89,20,90,19,90,18,91,30,81,31,87,40,80,58,96,62,94,81,105,69,103,83,117,89,128,92,135,91,164,128,185,124,158,174,283,215,297,185,413,362,514,409,580,549,655,587,893,1000,955,845,809,860,597,619,774,987,595,374,299,471,364,407,331,224,164,83,82,116,92,108,95,90,78,83,84,76,83,75,87,77,89,67,78,52,60
64,170,1,2,119,0,1953125,12,0,0,0.99,0,0,NaN,0,0,91,22,90,22,86,19,90,30,80,32,86,40,78,55,93,60,92,77,106,67,103,82,118,85,126,90,134,85,162,122,184,119,162,172,280,206,292,182,409,355,511,408,573,545,656,593,887,1000,938,832,794,865,603,618,769,987,591,374,292,471,365,399,331,214,161,82,84,113,93,103,95,87,81,82,86,75,82,73,87,73,91,69,80,51,60
64,170,1,2,119,0,1953125,12,0,0,0.99,0,0,NaN,0,0,84,35,83,37,79,33,83,46,75,38,82,47,76,53,94,57,95,68,111,54,108,66,127,62,138,66,144,57,174,95,198,88,183,137,286,179,282,180,387,358,480,407,530,554,620,595,840,1000,886,810,755,858,585,620,745,982,567,400,277,453,347,350,340,174,163,47,102,87,107,78,110,60,92,66,98,56,93,62,97,58,94,60,78,46,63
64,170,1,2,119,0,1953125,12,0,0,0.99,0,0,NaN,0,0,89,25,91,25,86,22,91,34,80,32,87,41,80,56,96,62,94,77,108,66,107,81,120,83,131,88,136,81,164,122,189,116,165,166,279,200,289,179,405,355,505,406,570,547,642,582,876,992,925,828,792,860,597,621,778,1000,602,391,299,463,348,385,322,204,157,78,85,110,95,101,96,82,82,82,88,75,84,72,87,72,93,68,79,49,60
64,170,2,2,119,0,1953125,12,0,0,0.99,0,0,NaN,0,0,89,22,90,24,85,20,91,33,81,32,85,40,79,57,94,61,93,76,108,67,105,80,118,82,129,87,136,82,165,119,188,119,164,167,281,206,291,181,406,354,501,404,562,543,644,586,877,1000,945,834,804,869,604,626,777,998,604,392,295,467,358,393,323,209,161,81,90,111,98,102,96,83,85,82,88,73,86,71,88,74,90,67,77,50,61
64,170,1,2,119,0,1953125,12,0,0,0.99,0,0,NaN,0,0,93,13,92,13,91,10,94,25,88,31,89,44,79,61,93,65,84,84,97,71,87,92,108,92,114,102,121,89,154,134,183,128,175,191,288,196,279,162,393,345,499,403,553,540,641,590,866,1000,927,848,793,872,592,621,768,995,567,361,250,455,362,390,367,225,212,85,128,85,126,71,124,59,107,44,104,46,95,47,95,51,97,62,86,53,67
64,170,1,2,119,0,1953125,12,0,0,0.99,0,0,NaN,0,0,84,33,85,33,81,31,86,40,77,38,84,47,77,55,95,57,94,72,111,58,108,70,126,72,137,75,142,65,172,103,195,96,179,145,290,190,296,188,397,354,489,414,550,561,639,609,862,1000,895,817,756,850,596,637,761,971,556,383,272,468,364,374,344,191,169,64,102,96,106,83,107,65,89,65,95,58,88,63,94,63,93,58,79,48,60
64,170,2,2,119,0,1953125,12,0,0,0.99,0,0,NaN,0,0,71,56,68,55,64,53,69,60,64,51,72,55,69,54,89,58,95,59,114,46,109,49,129,44,142,48,149,42,176,74,203,64,194,105,288,182,260,219,359,384,443,441,484,578,576,619,790,1000,843,786,721,826,580,612,726,926,519,394,257,417,370,306,356,143,163,21,118,54,116,46,123,32,99,40,108,34,96,47,98,47,94,60,77,44,62
64,170,2,2,119,0,1953125,12,0,0,0.99,0,0,NaN,0,0,93,17,95,18,91,12,95,31,86,31,90,41,82,60,97,62,93,82,108,72,104,89,117,94,127,100,136,96,166,131,184,130,162,183,278,208,295,179,411,358,513,397,582,556,672,589,914,999,933,801,787,869,639,639,796,989,605,394,315,467,343,391,316,211,155,81,72,123,85,106,86,92,74,89,80,80,78,80,87,77,86,70,78,54,60
64,170,2,2,119,0,1953125,12,0,0,0.99,0,0,NaN,0,0,83,40,82,41,79,36,84,47,73,40,82,49,76,52,95,56,96,64,114,53,110,63,130,62,143,66,148,59,179,92,203,85,187,131,291,177,283,190,388,364,483,413,534,566,617,601,840,1000,868,803,748,858,592,633,748,976,548,398,272,449,344,343,342,167,165,41,106,85,108,73,109,55,90,61,100,53,94,59,96,56,91,59,79,45,60
64,170,2,2,119,0,1953125,12,0,0,0.99,0,0,NaN,0,0,75,49,74,51,71,46,73,57,68,48,78,53,71,54,91,57,94,61,113,46,111,53,131,49,141,52,148,43,177,80,204,70,190,113,291,181,269,204,371,369,453,427,500,566,584,609,805,1000,866,816,753,856,581,619,734,963,551,409,276,445,370,322,349,158,169,27,114,70,119,59,121,44,98,46,107,40,98,50,99,51,94,59,77,46,64
64,170,2,2,119,0,1953125,12,0,0,0.99,0,0,NaN,0,0,93,22,90,21,92,17,92,25,84,31,90,46,77,63,87,71,83,86,90,77,80,98,100,101,105,113,114,107,142,146,168,145,164,208,276,211,276,160,386,339,498,388,558,530,649,583,887,1000,949,847,806,867,592,604,755,977,573,355,276,462,358,403,357,240,211,94,113,98,120,86,115,72,100,55,99,56,93,49,91,54,93,64,85,54,69
