34928	35048	35167	35286	35405	35524	35644	35763	35882	36001	36120	36240	36359	36478	36597	36716	36836	36955	37074	37193	37313	37432	37551	37670	37789	37909	38028	38147	38266	38385	38505	38624	38743	38862	38981	39101	39220	39339	39458	39577	39697	39816	39935	40054	40174	40293	40412	40531	40650	40770	40889	41008	41127	41246	41366	41485	41604	41723	41842	41962	42081	42200	42319	42439	42558	42677	42796	42915	43035	43154	43273	43392	43511	43631	43750	43869	43988	44107	44227	44346	44465	44584	44703	44823	44942
64	170	1	2	119	0	1953125	12	0.0	0	0.97	0	0	V0.2	0	0	32	36	62	25	39	27	37	50	10	34	8	39	32	10	13	26	40	9	19	19	70	33	52	56	46	111	32	99	79	83	166	69	238	191	274	410	279	448	506	552	668	506	385	333	252	228	286	96	282	335	705	301	400	329	296	777	921	1000	825	444	358	285	167	256	148	89	121	55	111	89	27	61	45	91	51	28	34	27	54	12	33	33	26	31	5
64	170	1	2	119	0	1953125	12	0.0	0	0.97	0	0	V0.2	0	0	32	36	62	25	39	27	37	50	10	34	8	39	32	10	13	26	40	9	19	19	70	33	52	56	46	111	32	99	79	83	166	69	238	191	274	410	279	448	506	552	668	506	385	333	252	228	286	96	282	335	705	301	400	329	296	777	921	1000	825	444	358	285	167	256	148	89	121	55	111	89	27	61	45	91	51	28	34	27	54	12	33	33	26	31	5
64	170	1	2	119	0	1953125	12	0.0	0	0.97	0	0	V0.2	0	0	238	266	238	268	245	267	241	269	252	271	252	266	254	275	253	266	249	269	248	272	223	274	241	255	229	259	231	245	239	231	240	246	283	267	359	277	452	143	586	244	654	286	405	217	310	316	107	214	428	55	790	276	358	304	534	700	837	1000	371	515	138	413	145	325	117	267	136	259	181	199	163	244	178	213	177	213	198	214	179	209	195	216	192	196	189
64	170	1	2	119	0	1953125	12	0.0	0	0.97	0	0	V0.2	0	0	47	15	47	23	36	19	37	28	26	23	27	24	20	16	29	13	27	9	34	2	62	30	62	27	70	50	85	69	73	92	106	157	141	203	199	359	250	344	353	478	498	346	302	202	240	104	111	92	257	261	629	327	375	201	485	892	972	1000	572	379	330	254	198	145	152	70	110	56	101	31	71	39	86	32	63	42	29	17	45	41	19	29	27	28	9
64	170	1	2	119	0	1953125	12	0.0	0	0.90	0	0	V0.2	0	0	285	271	290	251	289	263	297	282	283	284	265	297	270	318	271	290	269	274	295	274	302	242	296	225	285	269	270	270	205	279	190	311	269	280	345	207	444	58	530	377	464	425	252	433	127	376	248	328	579	68	696	256	168	274	663	932	718	1000	278	514	454	211	335	130	296	218	237	206	217	223	180	284	175	251	197	217	226	213	250	191	246	184	240	207	228
64	170	1	2	119	0	1953125	12	0.0	0	0.96	0	0	V0.2	0	0	37	39	48	29	44	26	39	19	43	9	34	12	30	17	31	22	19	33	28	46	53	66	81	39	81	69	137	51	140	63	195	124	219	154	260	267	301	342	352	602	498	541	337	450	399	332	278	109	35	216	567	436	1000	565	222	465	792	855	479	237	231	304	149	303	201	221	154	185	188	84	97	73	129	32	90	43	69	14	62	45	35	20	52	45	11
64	170	2	2	119	0	1953125	12	0.0	0	0.97	0	0	V0.2	0	0	300	303	299	305	310	310	298	310	311	318	311	306	316	319	317	308	303	318	302	324	286	302	320	284	308	265	323	247	326	215	369	166	439	123	497	84	560	66	610	374	637	449	440	353	435	462	209	453	269	404	374	741	532	662	643	506	442	1000	151	603	109	527	243	443	284	331	305	223	348	150	278	209	288	208	255	216	270	230	256	212	259	237	259	218	243
64	170	2	2	119	0	1953125	12	0.0	0	0.96	0	0	V0.2	0	0	41	38	31	35	23	32	25	44	6	28	13	34	6	25	26	28	25	32	38	40	50	79	31	59	38	110	50	129	61	153	108	169	150	176	213	266	303	259	392	433	510	381	306	308	286	277	106	143	75	143	324	240	426	138	294	786	826	1000	661	391	431	364	284	234	184	174	116	150	91	130	35	98	50	66	28	63	46	35	36	39	39	22	41	24	23
64	170	1	2	119	0	1953125	12	0.0	0	0.96	0	0	V0.2	0	0	59	15	55	17	42	12	50	32	32	23	35	28	26	34	40	23	48	38	54	42	76	92	48	72	58	135	60	150	63	139	98	156	161	201	287	343	424	321	446	515	509	428	165	223	160	213	40	174	173	378	510	561	710	424	87	465	1000	924	737	431	329	397	183	231	159	237	149	182	189	126	125	36	105	32	77	37	88	42	55	53	52	45	37	58	36
64	170	2	2	119	0	1953125	12	0.0	0	0.96	0	0	V0.2	0	0	233	228	234	225	240	223	252	216	254	217	261	216	262	206	272	207	273	204	263	214	250	239	216	234	214	264	161	279	151	281	108	325	76	383	194	410	349	246	419	109	441	123	208	210	416	52	378	29	391	88	630	408	428	539	374	517	695	1000	339	617	278	387	276	261	233	208	276	113	306	72	238	131	246	122	234	124	236	168	206	166	192	191	187	201	154
64	170	2	2	119	0	1953125	12	0.0	0	0.95	0	0	V0.2	0	0	21	52	16	57	2	53	11	49	20	43	27	47	35	50	45	55	43	66	54	66	64	62	77	47	91	73	134	49	141	91	190	177	208	267	227	310	162	183	115	177	119	82	173	361	380	247	204	223	357	428	739	700	812	690	342	556	820	1000	488	461	373	303	284	150	207	157	142	109	140	129	38	88	71	97	50	110	69	70	47	73	65	40	61	56	56
64	170	2	2	119	0	1953125	12	0.0	0	0.95	0	0	V0.2	0	0	6	53	17	57	21	46	18	49	36	34	34	46	43	40	51	53	41	55	62	57	65	55	85	38	94	78	156	67	152	117	180	190	150	218	143	209	51	143	47	246	199	176	168	318	288	156	92	263	520	647	944	913	981	829	372	498	730	1000	463	443	408	309	280	145	180	108	116	63	138	99	61	79	91	87	58	107	56	70	37	74	45	46	53	58	52
64	170	2	2	119	0	1953125	12	0.0	0	0.95	0	0	V0.2	0	0	36	22	30	30	46	9	40	13	46	6	41	25	39	19	46	29	46	28	67	35	67	42	72	41	75	94	82	106	52	136	72	142	86	148	139	173	134	150	184	207	281	135	88	112	200	98	281	383	607	813	900	1000	955	775	441	331	583	662	373	257	267	233	154	135	95	116	49	109	68	102	25	91	56	66	53	66	70	30	60	39	54	27	57	46	43
64	170	2	2	119	0	1953125	12	0.0	0	0.95	0	0	V0.2	0	0	37	12	32	17	48	3	39	13	40	13	36	28	33	21	43	33	41	30	61	43	55	53	51	49	52	95	56	99	39	124	88	122	115	130	158	142	149	90	157	155	196	85	128	193	326	280	324	522	562	791	811	880	1000	714	432	63	320	392	244	121	126	162	121	143	87	120	33	94	70	81	40	83	72	50	65	47	71	22	57	38	50	33	47	46	32
64	170	2	2	119	0	1953125	12	0.0	0	0.95	0	0	V0.2	0	0	43	17	38	22	57	4	45	14	45	13	45	33	43	28	54	40	52	39	74	48	65	55	64	51	75	112	79	122	65	157	108	152	130	161	176	162	167	108	170	158	221	51	226	330	447	420	411	618	656	858	858	906	1000	670	245	184	519	529	381	198	216	234	192	183	93	123	40	114	75	111	52	116	92	71	79	64	85	33	71	47	60	37	57	50	36
64	170	1	2	119	0	1953125	12	0.0	0	0.95	0	0	V0.2	0	0	35	38	38	40	60	15	50	18	55	10	55	34	56	33	67	43	60	39	85	41	82	44	97	46	117	121	129	140	97	178	112	178	89	183	131	188	120	169	187	221	314	225	414	533	677	608	575	704	616	751	689	855	999	744	282	330	595	753	410	281	260	219	151	89	67	68	114	136	119	169	68	145	88	100	68	89	90	46	69	51	67	31	65	50	48
64	170	1	2	119	0	1953125	12	0.0	0	0.95	0	0	V0.2	0	0	45	19	40	19	58	5	45	12	44	14	44	33	43	28	55	42	49	32	66	45	58	52	63	60	78	130	83	141	56	150	115	117	101	114	131	115	136	136	220	198	315	231	418	515	624	625	518	728	555	699	599	752	1000	719	392	199	382	466	217	190	126	174	72	73	64	76	86	147	102	151	80	116	106	64	81	55	86	28	64	43	56	36	51	50	36
64	170	1	2	119	0	1953125	12	0.0	0	0.89	0	0	V0.2	0	0	31	15	34	12	45	22	29	31	17	31	7	39	22	20	18	34	24	27	41	24	40	5	55	17	56	68	54	83	22	121	90	111	141	93	117	35	130	123	20	32	33	136	216	222	363	351	288	413	521	715	608	748	1000	906	665	283	146	125	123	189	123	171	106	57	129	94	142	69	68	114	44	83	46	64	54	31	65	23	37	26	32	32	17	39	20
64	170	1	2	119	0	1953125	12	0.0	0	0.89	0	0	V0.2	0	0	38	8	27	10	36	30	17	36	9	24	8	32	26	12	22	27	27	19	46	19	32	9	43	32	40	82	34	70	18	102	117	68	153	71	106	25	91	108	47	112	55	79	150	118	292	290	215	417	497	760	613	719	1000	842	635	233	134	101	119	259	168	153	126	36	140	102	110	81	35	106	47	61	58	37	55	19	55	34	23	34	17	31	15	33	26
64	170	1	2	119	0	1953125	12	0.0	0	0.89	0	0	V0.2	0	0	34	9	30	11	39	25	24	32	9	26	6	36	19	19	20	31	22	24	45	19	35	0	48	23	50	73	30	67	8	112	98	92	148	68	118	29	106	87	53	116	110	99	78	86	260	205	220	395	561	822	667	813	1000	885	643	162	128	153	121	296	194	206	127	45	148	93	125	68	49	102	34	75	50	49	52	25	61	24	33	30	22	28	18	36	23
64	170	1	2	119	0	1953125	12	0.0	0	0.90	0	0	V0.2	0	0	55	25	31	27	28	40	14	46	18	21	10	33	29	10	24	26	27	24	52	15	38	12	54	32	54	81	31	73	13	137	98	135	164	86	125	38	133	112	49	102	121	87	60	95	230	167	272	416	678	892	744	877	1000	923	591	96	409	409	238	367	289	297	145	126	175	128	157	41	113	97	62	82	50	88	27	57	52	22	38	27	53	17	43	41	30
64	170	1	2	119	0	1953125	12	0.0	0	0.90	0	0	V0.2	0	0	251	241	263	244	276	244	268	238	266	263	267	276	242	269	241	284	254	278	245	243	259	240	277	236	263	179	268	217	258	255	184	305	125	339	141	292	206	150	243	322	231	210	190	231	235	303	217	511	293	862	493	682	1000	528	612	129	707	353	397	474	216	448	54	296	197	231	280	164	276	119	251	161	233	218	185	228	161	224	177	239	180	217	190	197	219
64	170	1	2	119	0	1953125	12	0.0	0	0.91	0	0	V0.2	0	0	25	56	20	49	30	30	28	29	49	1	32	23	40	11	39	34	34	4	48	41	22	48	31	69	31	63	24	38	24	77	22	151	134	99	123	82	188	162	53	7	26	72	173	100	228	151	143	315	641	763	793	864	1000	913	454	408	752	826	424	437	386	370	224	179	154	201	123	121	149	72	109	39	106	78	40	62	34	61	26	81	47	45	54	51	50
64	170	1	2	119	0	1953125	12	0.0	0	0.94	0	0	V0.2	0	0	63	57	29	51	23	63	4	65	31	50	25	62	46	37	35	63	46	52	57	68	61	43	91	48	97	31	111	53	109	96	87	156	51	180	142	139	84	97	118	78	104	70	274	255	432	294	262	426	608	809	779	918	1000	859	419	466	922	934	585	490	366	409	266	218	131	223	85	167	146	117	102	65	104	31	82	49	105	55	71	73	55	54	40	63	34
64	170	1	2	119	0	1953125	12	0.0	0	0.95	0	0	V0.2	0	0	184	222	183	224	171	227	180	235	174	231	175	239	190	224	195	213	217	203	228	172	236	163	244	142	259	96	274	126	250	146	223	210	198	229	171	293	132	314	26	367	83	276	45	378	105	332	82	434	236	582	420	375	596	98	366	544	1000	632	709	284	389	332	237	273	165	270	115	256	58	250	79	236	81	219	94	224	129	191	141	183	167	165	174	143	186
64	170	1	2	119	0	1953125	12	0.0	0	0.95	0	0	V0.2	0	0	257	222	248	220	243	243	240	243	229	256	228	276	205	279	195	299	188	296	175	289	199	271	200	265	198	257	255	207	261	163	348	61	368	32	402	138	348	189	255	313	167	264	288	244	320	296	308	438	465	701	376	707	402	410	107	873	795	1000	631	357	506	193	471	57	378	79	304	126	277	173	230	162	220	194	201	220	158	231	152	247	129	238	126	246	133
64	170	1	2	119	0	1953125	12	0.0	0	0.95	0	0	V0.2	0	0	0	49	9	55	27	42	24	44	39	31	38	41	42	39	49	52	48	62	69	63	74	56	88	39	100	68	129	52	135	102	165	161	183	251	218	314	211	279	231	297	251	135	96	191	209	166	211	370	564	548	632	586	543	391	283	682	916	999	532	423	315	334	307	225	241	161	160	106	152	106	86	98	87	90	68	108	62	77	52	83	56	57	61	58	50
64	170	1	2	119	0	1953125	12	0.0	0	0.95	0	0	V0.2	0	0	53	8	48	11	54	30	42	34	39	38	38	47	40	43	48	53	53	57	67	78	59	91	54	94	55	139	81	128	76	142	153	141	206	181	276	219	284	210	285	323	219	210	101	201	184	194	214	487	548	695	683	698	773	507	296	553	1000	908	569	390	254	378	228	267	179	216	122	153	167	106	115	88	124	54	106	73	102	55	82	77	63	61	64	74	47
64	170	1	2	119	0	1953125	12	0.0	0	0.95	0	0	V0.2	0	0	252	206	252	201	265	204	262	202	263	214	266	218	253	231	248	249	228	255	211	280	184	282	161	284	142	313	132	284	146	279	214	227	251	231	330	176	341	102	396	82	346	188	261	105	333	132	436	230	768	499	807	782	599	774	217	732	721	1000	341	492	272	409	253	274	264	171	240	150	291	93	255	103	271	107	255	99	249	141	238	148	211	164	211	195	177
64	170	1	2	119	0	1953125	12	0.0	0	0.91	0	0	V0.2	0	0	54	31	35	36	16	33	16	47	19	25	15	25	19	22	28	16	17	29	50	2	42	15	38	18	71	82	20	76	23	107	51	147	142	89	126	150	152	27	230	260	244	205	85	170	130	187	369	446	668	643	636	703	800	552	239	784	1000	784	455	227	308	207	99	183	111	122	83	105	137	35	79	63	73	61	39	77	17	50	40	54	42	34	63	32	32
64	170	1	2	119	0	1953125	12	0.0	0	0.95	0	0	V0.2	0	0	12	50	7	52	13	45	12	49	29	38	31	47	38	43	44	53	40	61	52	65	58	70	76	64	101	92	145	72	150	98	176	143	162	181	148	199	131	194	136	292	162	170	140	240	195	83	124	357	442	531	662	625	734	448	423	788	982	1000	528	413	332	348	269	233	217	132	152	89	152	76	101	84	112	80	88	105	70	76	55	85	48	64	57	63	47
64	170	1	2	119	0	1953125	12	0.0	0	0.95	0	0	V0.2	0	0	56	15	50	14	67	11	52	18	55	22	52	41	53	37	62	51	62	47	84	63	75	72	77	79	85	147	93	161	84	198	159	205	199	215	235	175	210	145	236	218	226	161	240	263	261	144	124	316	368	572	537	703	763	403	347	745	999	914	542	282	338	313	241	274	202	237	125	182	135	129	75	121	108	78	99	86	108	46	95	67	73	52	74	68	48
64	170	1	2	119	0	1953125	12	0.0	0	0.96	0	0	V0.2	0	0	307	262	302	269	317	262	314	258	326	267	328	256	329	262	341	260	331	251	337	266	317	279	285	284	286	311	229	332	225	390	102	451	28	506	142	485	176	437	296	396	420	247	330	329	475	202	234	386	546	419	847	479	935	511	554	361	1000	736	468	326	268	443	154	439	125	437	62	355	150	294	174	302	184	266	189	263	237	235	229	222	256	214	264	182	260
64	170	1	2	119	0	1953125	12	0.0	0	0.96	0	0	V0.2	0	0	55	42	52	36	59	25	60	18	56	14	54	21	51	31	57	36	55	52	76	56	104	66	118	28	127	74	169	80	180	142	254	255	298	362	311	437	279	379	302	492	364	321	323	419	450	149	104	296	482	609	835	925	928	672	293	675	976	1000	382	235	89	253	203	295	295	235	254	127	206	93	116	73	123	63	99	91	67	60	66	93	37	62	52	67	26
64	170	1	2	119	0	1953125	12	0.0	0	0.96	0	0	V0.2	0	0	60	38	44	29	42	36	39	45	20	31	29	42	18	33	41	40	38	45	58	60	66	98	45	73	51	142	53	141	57	185	148	226	248	286	342	319	371	230	355	344	311	216	240	309	331	214	139	338	377	597	626	835	770	471	224	613	1000	876	541	195	138	190	129	173	199	223	147	193	112	136	55	109	71	74	63	75	75	36	66	46	64	31	63	39	37
64	170	1	2	119	0	1953125	12	0.0	0	0.96	0	0	V0.2	0	0	69	17	52	10	60	18	54	19	46	16	47	27	33	19	52	25	51	29	76	31	96	64	94	45	104	110	103	117	106	173	136	253	204	365	295	447	356	341	381	373	390	164	246	297	436	215	243	342	466	517	622	788	686	581	172	624	1000	987	624	226	257	183	153	74	209	138	196	146	141	151	48	109	52	89	28	94	37	50	27	65	43	41	43	37	30
64	170	1	2	119	0	1953125	12	0.0	0	0.95	0	0	V0.2	0	0	42	33	42	34	61	10	51	18	59	11	53	33	52	29	64	45	62	42	88	51	89	58	98	59	100	120	103	126	72	158	97	192	155	304	270	353	315	276	357	302	318	154	126	183	327	184	186	335	414	455	510	595	604	456	292	703	1000	938	670	335	370	328	201	128	110	131	113	164	117	150	65	124	72	82	71	87	89	44	75	51	70	39	70	53	51
64	170	1	2	119	0	1953125	12	0.0	0	0.96	0	0	V0.2	0	0	265	255	258	256	263	262	259	265	257	276	259	277	251	284	247	295	232	295	219	310	203	311	194	298	185	322	189	290	205	276	245	263	272	300	369	259	422	145	505	124	459	208	293	66	434	142	302	75	508	204	605	467	403	570	335	607	684	1000	271	506	169	435	222	292	145	283	194	240	272	159	243	183	255	168	242	152	262	167	249	148	248	166	255	162	230
64	170	1	2	119	0	1953125	12	0.0	0	0.96	0	0	V0.2	0	0	57	7	46	5	50	16	44	23	39	19	35	25	27	18	42	27	37	22	59	28	69	52	73	45	79	95	92	113	71	147	95	188	142	263	209	317	249	264	325	326	386	204	145	157	282	150	20	76	242	230	476	417	514	336	227	722	871	1000	589	331	316	246	223	106	186	124	147	113	113	115	45	86	57	84	37	88	41	53	31	62	41	37	45	42	35
64	170	1	2	119	0	1953125	12	0.0	0	0.96	0	0	V0.2	0	0	57	27	44	23	42	28	39	35	27	29	27	34	18	21	37	26	31	22	50	27	62	58	62	54	69	99	82	122	63	154	94	203	157	287	235	355	294	309	393	395	463	273	246	245	375	256	117	125	133	139	400	334	495	324	168	685	814	1000	594	308	287	225	234	127	214	132	164	111	116	115	45	74	58	79	38	78	29	54	25	65	32	41	35	42	28
