34928	35048	35167	35286	35405	35524	35644	35763	35882	36001	36120	36240	36359	36478	36597	36716	36836	36955	37074	37193	37313	37432	37551	37670	37789	37909	38028	38147	38266	38385	38505	38624	38743	38862	38981	39101	39220	39339	39458	39577	39697	39816	39935	40054	40174	40293	40412	40531	40650	40770	40889	41008	41127	41246	41366	41485	41604	41723	41842	41962	42081	42200	42319	42439	42558	42677	42796	42915	43035	43154	43273	43392	43511	43631	43750	43869	43988	44107	44227	44346	44465	44584	44703	44823	44942
64	170	2	2	119	0	1953125	12	0.0	0	0.96	0	0	V0.2	0	0	442	444	444	385	360	365	375	325	270	231	216	214	166	130	145	178	187	187	217	303	333	369	387	407	451	521	540	555	575	573	625	665	683	541	724	665	649	715	614	458	819	630	488	587	1000	378	617	848	290	894	505	260	744	915	317	147	720	943	443	542	494	499	561	571	419	536	503	502	518	412	400	397	444	377	347	269	298	289	255	185	175	135	158	162	101
64	170	2	2	119	0	1953125	12	0.0	7720	2.34	0	0	V0.2	0	0	22	13	10	25	23	20	10	16	13	13	3	10	6	12	7	17	19	20	5	17	33	9	22	19	38	24	47	25	25	96	71	78	94	109	77	242	91	147	180	284	317	228	188	228	175	424	132	500	456	429	745	320	1000	394	335	349	166	754	437	164	256	142	44	45	118	79	101	27	72	78	37	62	32	25	31	24	10	26	8	17	9	9	9	14	15
64	170	2	2	119	0	1953125	12	0.0	7793	2.36	0	0	V0.2	0	0	47	57	21	35	37	36	34	13	39	29	22	10	27	19	34	23	37	20	19	15	51	74	18	56	38	58	59	57	103	124	13	48	70	27	145	113	148	56	306	393	420	374	307	452	776	880	929	1000	884	832	611	360	271	194	155	237	354	354	296	239	58	109	246	240	184	214	147	193	65	43	43	71	17	27	36	15	56	20	58	29	61	39	14	4	25
64	170	2	2	119	0	1953125	12	0.0	7735	2.35	0	0	V0.2	0	0	38	26	48	18	56	11	45	10	50	13	39	4	41	15	23	22	10	34	11	68	45	44	26	64	22	80	40	137	115	41	63	71	32	109	66	151	111	111	159	318	319	169	283	549	661	713	796	787	971	999	941	825	513	214	108	353	372	439	385	173	80	129	204	169	235	128	191	128	110	71	54	43	67	57	26	33	15	36	37	15	44	25	45	22	15
64	170	2	2	119	0	1953125	12	0.0	7868	2.37	0	0	V0.2	0	0	44	10	60	20	40	10	34	31	29	11	21	35	13	23	14	43	20	37	27	27	38	44	71	23	54	58	65	100	131	59	67	79	64	88	86	227	164	42	119	309	281	111	259	457	435	406	413	514	771	900	1000	948	689	546	386	462	375	439	331	218	102	208	221	262	167	74	105	77	144	79	33	16	73	54	26	6	37	31	46	17	25	45	68	37	9
64	170	2	2	119	0	1953125	12	0.0	0	0.95	0	0	V0.2	0	0	36	52	28	68	59	40	56	36	57	27	69	39	56	49	81	49	70	66	103	46	107	51	110	24	144	107	131	96	123	138	110	188	159	301	200	383	260	284	300	242	204	86	301	402	455	432	643	543	564	629	944	999	1000	718	230	486	660	941	623	498	436	299	259	231	252	187	169	199	126	139	56	150	46	121	81	129	73	94	94	74	72	66	92	55	71
64	170	2	2	119	0	1953125	12	0.0	0	0.95	0	0	V0.2	0	0	20	55	25	75	9	56	11	63	24	54	37	58	37	66	58	64	41	82	63	75	66	83	80	69	107	98	150	45	155	71	200	126	225	203	187	245	112	156	46	152	63	261	385	563	440	471	444	405	368	487	946	875	1000	636	328	511	616	945	459	518	306	276	198	225	203	99	140	82	140	37	106	83	108	74	117	113	56	85	63	87	38	76	59	59	50
64	170	2	2	119	0	1953125	12	0.0	0	0.95	0	0	V0.2	0	0	18	39	10	53	34	34	34	36	39	29	50	34	40	37	55	36	42	50	67	37	71	40	81	18	105	71	113	64	112	115	111	151	95	157	55	142	28	114	27	158	191	228	365	389	331	229	288	228	382	554	914	1000	993	787	437	454	448	637	281	250	258	153	107	95	134	68	107	87	74	74	75	114	61	95	63	105	47	69	55	58	43	50	62	41	50
64	170	2	2	119	0	1953125	12	0.0	0	0.95	0	0	V0.2	0	0	29	25	22	34	38	18	39	17	40	12	43	22	36	25	48	26	41	33	60	28	66	38	66	26	78	77	71	74	68	115	68	130	74	126	65	127	60	113	79	123	202	132	251	240	221	135	278	271	380	596	815	948	1000	750	551	369	357	420	182	96	147	100	100	109	124	94	75	95	49	78	43	107	51	80	59	78	56	45	58	42	47	37	58	38	41
64	170	2	2	119	0	1953125	12	0.0	0	0.95	0	0	V0.2	0	0	5	35	7	46	22	32	21	35	31	24	34	30	29	29	41	33	31	45	51	39	55	40	67	18	74	48	90	35	93	76	105	100	96	126	60	155	67	129	52	157	147	140	156	233	224	218	305	353	412	562	815	829	1000	688	487	308	187	338	110	79	120	96	120	114	144	64	89	52	76	48	72	84	60	69	51	82	31	52	38	54	34	46	48	38	37
64	170	2	2	119	0	1953125	12	0.0	0	0.95	0	0	V0.2	0	0	41	30	38	36	29	40	22	46	11	39	21	46	22	45	36	49	28	57	35	64	30	73	25	66	30	105	75	83	88	83	151	68	155	70	136	100	164	97	112	182	143	156	203	310	261	396	336	522	414	546	794	723	1000	588	292	102	262	268	331	190	153	223	131	218	111	84	36	100	82	76	97	94	106	42	99	54	60	31	71	54	40	52	50	47	33
64	170	2	2	119	0	1953125	12	0.0	0	0.96	0	0	V0.2	0	0	9	54	20	54	12	45	12	51	28	32	20	40	21	40	35	50	23	57	36	62	36	78	59	54	44	103	112	85	130	84	198	98	203	99	182	158	215	169	175	282	198	209	224	382	288	456	420	621	484	557	797	771	1000	653	160	98	437	413	414	266	172	230	119	210	65	74	63	152	90	111	107	96	98	38	87	30	48	23	72	33	41	30	41	27	23
64	170	1	2	119	0	1953125	12	0.0	0	0.94	0	0	V0.2	0	0	24	34	18	38	2	30	5	34	16	20	12	27	19	19	22	27	15	33	30	30	29	28	43	24	55	31	78	28	75	50	76	82	21	74	21	88	55	116	48	134	138	143	189	264	298	274	325	437	450	552	657	750	1000	830	654	284	212	137	91	109	181	100	23	33	76	72	33	58	46	59	19	77	28	49	32	54	52	15	37	17	28	10	36	21	22
64	170	1	2	119	0	1953125	12	0.0	0	0.94	0	0	V0.2	0	0	24	34	18	38	2	30	5	34	16	20	12	27	19	19	22	27	15	33	30	30	29	28	43	24	55	31	78	28	75	50	76	82	21	74	21	88	55	116	48	134	138	143	189	264	298	274	325	437	450	552	657	750	1000	830	654	284	212	137	91	109	181	100	23	33	76	72	33	58	46	59	19	77	28	49	32	54	52	15	37	17	28	10	36	21	22
64	170	1	2	119	0	1953125	12	0.0	0	0.89	0	0	V0.2	0	0	14	23	19	26	38	9	33	14	24	14	23	34	7	21	21	31	5	38	30	28	20	30	47	14	60	40	59	51	51	97	34	120	101	74	70	74	122	51	56	100	90	36	47	101	181	175	212	343	405	457	592	703	1000	778	609	223	350	137	117	178	260	209	99	58	87	64	88	13	76	58	48	66	48	63	19	57	50	16	34	18	33	10	32	27	13
64	170	1	2	119	0	1953125	12	0.0	0	0.92	0	0	V0.2	0	0	51	51	36	54	3	43	9	59	38	22	27	37	36	21	49	34	29	23	65	21	43	29	68	63	50	52	37	40	45	87	66	183	94	120	86	166	253	93	186	78	139	215	191	375	353	231	160	279	380	359	663	758	1000	849	475	495	651	781	452	631	601	384	241	179	219	215	68	151	97	76	72	66	122	24	67	40	48	25	65	76	21	57	51	62	38
64	170	1	2	119	0	1953125	12	0.0	0	0.90	0	0	V0.2	0	0	292	316	297	326	281	315	279	326	312	315	321	281	328	291	347	302	320	284	300	318	296	333	266	295	238	343	265	307	267	243	285	226	412	165	404	64	412	290	385	422	121	429	279	372	602	70	486	136	652	383	699	752	746	1000	119	585	337	825	159	685	590	168	369	89	394	269	217	275	171	298	179	312	201	249	230	220	281	217	277	186	263	200	269	237	241
64	170	1	2	119	0	1953125	12	0.0	0	0.91	0	0	V0.2	0	0	67	23	49	24	36	31	38	58	7	34	21	43	17	34	38	28	11	52	54	13	45	22	62	29	102	75	78	93	76	151	24	189	119	65	63	171	172	70	278	261	274	150	117	276	308	236	370	418	570	436	648	846	999	862	355	571	677	696	535	544	587	326	198	237	201	198	88	160	122	37	89	56	114	49	74	85	15	52	39	74	31	57	65	37	48
64	170	1	2	119	0	1953125	12	0.0	0	0.95	0	0	V0.2	0	0	37	45	41	65	10	56	12	64	6	55	30	52	29	66	51	63	39	82	49	72	55	82	65	78	94	118	163	95	196	121	225	179	206	167	129	217	85	189	91	271	118	109	218	421	358	410	416	527	581	460	736	686	1000	715	273	398	529	856	577	563	485	341	290	260	275	151	147	96	168	103	93	109	88	92	75	126	60	85	50	90	54	60	64	60	58
64	170	1	2	119	0	1953125	12	0.0	0	0.95	0	0	V0.2	0	0	9	53	13	66	36	43	33	47	45	30	47	39	42	43	60	49	51	63	79	52	85	54	101	15	110	66	144	59	145	124	159	196	166	221	149	292	162	250	229	266	248	12	119	322	352	394	528	598	684	652	823	887	999	847	420	417	510	818	466	518	477	312	272	204	246	143	129	120	155	123	84	135	68	97	62	121	57	76	56	81	56	61	70	53	60
64	170	1	2	119	0	1953125	12	0.0	0	0.95	0	0	V0.2	0	0	10	49	14	54	31	41	35	40	44	30	46	36	44	39	53	45	51	54	71	52	83	52	94	29	110	74	141	78	131	124	133	170	109	163	112	242	138	231	215	307	274	96	63	211	221	286	453	497	622	612	812	903	1000	883	564	558	635	820	500	499	434	264	198	177	223	107	129	130	151	112	93	137	70	93	71	119	58	75	62	74	48	64	76	56	59
64	170	1	2	119	0	1953125	12	0.0	0	0.95	0	0	V0.2	0	0	2	55	7	70	31	49	31	55	43	40	54	49	48	52	65	55	51	74	80	65	89	73	103	47	131	98	173	91	184	154	188	196	138	165	90	227	132	249	196	381	294	215	225	341	301	218	346	391	500	479	733	799	936	779	522	635	699	1000	584	560	464	290	226	230	247	117	172	141	174	113	115	131	91	102	91	136	66	95	67	88	57	77	76	65	67
64	170	1	2	119	0	1953125	12	0.0	0	0.95	0	0	V0.2	0	0	12	61	10	76	44	53	43	57	53	41	63	49	53	56	74	60	63	80	95	69	107	74	120	34	134	88	171	95	212	193	248	277	221	289	178	306	168	212	189	294	229	132	252	424	386	323	437	428	565	496	775	964	983	980	612	569	771	1000	568	561	439	253	215	228	256	143	215	181	198	142	121	153	87	114	94	146	69	105	79	98	65	82	87	70	79
64	170	2	2	119	0	1953125	12	0.0	0	0.92	0	0	V0.2	0	0	44	44	50	67	19	36	9	48	36	41	37	15	16	31	48	4	18	27	47	26	67	36	36	42	70	56	76	89	33	106	98	240	98	159	151	253	181	133	355	261	331	194	174	345	244	348	450	442	515	423	854	894	999	898	532	727	654	965	694	707	637	290	213	164	120	111	50	179	66	116	95	94	111	25	109	48	56	48	74	71	28	84	54	50	39
64	170	2	2	119	0	1953125	12	0.0	0	0.96	0	0	V0.2	0	0	288	337	301	348	294	343	290	356	307	350	297	353	308	363	307	343	308	347	323	323	331	287	353	290	336	244	383	193	412	126	477	118	487	199	435	273	382	371	296	532	126	405	350	363	318	300	455	527	348	578	451	1000	797	866	542	659	495	912	618	467	688	24	404	101	455	103	389	118	365	208	327	210	286	222	294	264	244	254	246	286	233	280	211	292	208
64	170	1	2	119	0	1953125	12	0.0	0	0.96	0	0	V0.2	0	0	279	319	290	333	284	325	279	340	296	334	287	333	298	345	297	326	297	333	313	304	325	266	346	269	323	234	359	195	385	128	457	100	474	189	431	265	386	379	290	545	131	423	310	363	280	316	402	555	259	624	460	999	914	769	621	509	459	697	525	326	655	71	361	73	399	144	346	135	325	215	299	218	258	227	264	266	218	250	226	279	216	273	196	283	200
64	170	2	2	119	0	1953125	12	0.0	0	0.96	0	0	V0.2	0	0	350	310	348	329	366	310	356	311	379	321	370	303	381	317	394	290	385	287	412	278	393	272	372	302	368	256	368	274	378	313	363	396	310	453	233	550	173	584	51	684	218	480	152	513	127	442	218	658	41	630	473	835	1000	423	599	626	680	743	754	280	707	159	435	80	407	186	382	196	318	234	328	246	290	228	297	283	262	268	250	286	258	294	230	288	230
64	170	2	2	119	0	1953125	12	0.0	0	0.96	0	0	V0.2	0	0	285	305	284	315	291	313	287	310	304	315	304	304	304	316	314	306	301	302	319	289	338	235	344	250	333	214	345	194	354	155	415	109	434	151	456	278	418	413	302	630	118	455	228	398	214	273	354	542	151	512	289	703	462	370	185	842	473	1000	677	455	648	41	439	35	411	125	353	123	303	203	289	187	267	184	288	231	236	217	246	249	233	238	217	252	221
64	170	2	2	119	0	1953125	12	0.0	0	0.97	0	0	V0.2	0	0	51	38	49	27	49	30	56	7	43	14	49	3	30	26	39	17	38	39	41	54	88	55	89	30	101	32	127	54	140	68	213	166	231	185	276	365	247	342	288	473	308	198	155	256	124	256	248	330	307	346	669	484	574	300	473	659	727	1000	728	605	313	258	161	294	182	158	161	138	142	21	91	46	88	45	110	41	50	29	70	37	39	44	38	27	22
64	170	2	2	119	0	1953125	12	0.0	0	0.97	0	0	V0.2	0	0	55	22	64	39	41	25	48	38	37	37	34	28	31	31	27	7	39	17	29	15	82	25	85	34	85	32	126	76	101	93	209	222	201	255	286	430	249	381	351	492	342	194	250	266	216	240	254	274	351	360	687	481	542	338	502	682	694	1000	643	486	176	169	160	273	189	153	178	97	111	23	73	15	71	32	83	12	46	17	54	10	44	26	23	0	32
64	170	2	2	119	0	1953125	12	0.0	7690	2.34	0	0	V0.2	0	0	28	16	15	22	24	24	19	22	19	16	2	11	9	12	4	17	18	26	5	26	31	1	23	17	30	30	49	9	26	76	84	89	125	126	139	261	36	205	223	407	206	255	249	152	186	256	150	209	383	118	577	76	524	351	662	654	321	1000	264	166	263	127	54	130	63	59	68	16	55	39	27	24	28	14	20	11	18	27	10	14	8	11	5	12	15
64	170	2	2	119	0	1953125	12	0.0	0	0.96	0	0	V0.2	0	0	948	944	962	969	962	955	962	980	984	986	972	986	1000	992	985	975	977	988	982	958	940	948	941	928	896	884	894	881	861	845	830	864	844	818	829	805	863	829	824	799	900	831	786	892	785	927	863	762	958	762	917	885	796	907	824	816	833	860	843	811	767	748	807	755	740	754	750	756	721	733	745	741	743	736	745	744	754	742	752	750	765	754	749	745	747
64	170	2	2	119	0	1953125	12	0.0	0	0.97	0	0	V0.2	0	0	45	45	46	30	42	38	53	15	40	23	48	7	32	30	34	27	33	37	25	67	81	62	79	54	99	46	130	64	139	61	224	152	236	171	320	351	281	363	340	539	325	203	62	158	64	377	346	485	527	616	863	695	758	453	506	534	793	999	704	578	313	240	95	219	79	141	113	140	106	80	116	60	83	50	105	20	51	27	68	21	53	39	40	22	25
64	170	2	2	119	0	1953125	12	0.0	0	0.96	0	0	V0.2	0	0	241	275	242	282	252	282	242	284	256	290	253	281	253	293	262	284	247	289	251	291	256	253	277	250	274	220	290	200	293	187	334	117	384	85	452	66	439	197	409	464	224	370	263	260	233	94	445	262	521	494	626	815	339	680	261	680	420	1000	498	507	513	133	292	178	287	188	289	114	279	153	286	125	257	144	280	170	232	164	248	184	241	175	227	195	225
64	170	2	2	119	0	1953125	12	0.0	6380	2.11	0	0	V0.2	0	0	23	21	16	23	20	25	19	15	14	14	8	6	8	12	8	10	15	16	14	7	35	19	14	17	21	54	21	40	15	78	25	92	86	142	129	257	41	134	225	381	284	272	266	86	179	113	226	199	457	50	633	76	389	292	549	560	517	1000	209	155	208	135	51	101	106	27	50	40	20	49	3	30	16	26	15	11	26	17	4	7	16	11	13	7	13
64	170	2	2	119	0	1953125	12	0.0	7696	2.34	0	0	V0.2	0	0	23	35	42	9	37	39	11	23	25	23	10	19	20	6	24	37	28	40	54	34	46	59	2	38	36	53	21	90	28	30	90	87	89	140	105	137	86	134	100	293	426	464	342	313	712	1000	660	761	939	656	294	599	403	339	554	199	350	831	658	193	92	187	175	180	139	170	113	207	98	37	59	63	39	39	39	34	28	3	35	6	56	38	17	37	17
64	170	2	2	119	0	1953125	12	0.0	7721	2.34	0	0	V0.2	0	0	54	30	42	34	47	19	40	21	41	17	32	14	29	3	30	27	58	36	59	32	68	34	53	59	64	76	75	123	138	35	42	120	69	128	116	243	189	138	180	333	393	267	394	685	809	962	1000	900	885	692	504	489	366	160	54	269	374	429	452	339	349	158	45	161	194	159	240	163	199	65	49	23	84	21	45	9	42	30	21	15	10	20	9	19	18
64	170	2	2	119	0	1953125	12	0.0	7596	2.32	0	0	V0.2	0	0	50	31	46	24	36	30	29	32	24	39	28	29	17	45	23	57	41	75	25	61	17	71	17	42	33	75	37	116	31	66	66	62	50	81	107	202	71	118	135	332	301	266	324	378	474	680	743	928	1000	855	670	290	106	310	487	536	398	339	169	146	211	136	170	147	74	135	120	140	185	83	90	12	87	25	58	15	74	27	45	24	54	28	4	11	19
64	170	2	2	119	0	1953125	12	0.0	6898	2.20	0	0	V0.2	0	0	17	103	21	104	75	52	79	38	104	40	61	25	56	48	52	48	25	23	62	77	14	58	44	109	4	134	71	181	217	98	210	54	239	204	230	305	64	170	173	513	590	668	815	653	738	725	764	1000	955	955	827	411	120	283	661	711	759	695	367	182	75	338	425	304	343	175	255	264	207	251	72	123	71	142	129	45	94	68	141	78	65	53	82	106	85
64	170	2	2	119	0	1953125	12	0.0	7700	2.34	0	0	V0.2	0	0	12	51	16	39	24	15	41	24	9	41	5	33	18	17	15	21	31	45	41	44	50	24	83	12	14	62	38	87	36	36	76	46	12	62	46	189	113	82	167	176	172	208	203	307	203	261	420	682	631	649	773	828	444	298	844	1000	542	140	414	301	78	101	63	143	178	114	120	176	55	58	33	56	62	23	20	39	30	61	15	33	69	20	30	26	23
