34928	35048	35167	35286	35405	35524	35644	35763	35882	36001	36120	36240	36359	36478	36597	36716	36836	36955	37074	37193	37313	37432	37551	37670	37789	37909	38028	38147	38266	38385	38505	38624	38743	38862	38981	39101	39220	39339	39458	39577	39697	39816	39935	40054	40174	40293	40412	40531	40650	40770	40889	41008	41127	41246	41366	41485	41604	41723	41842	41962	42081	42200	42319	42439	42558	42677	42796	42915	43035	43154	43273	43392	43511	43631	43750	43869	43988	44107	44227	44346	44465	44584	44703	44823	44942
64	170	2	2	119	0	1953125	12	0.0	0	0.63	0	0	V0.2	0	0	14	15	20	8	15	12	16	13	21	16	16	23	24	22	20	23	25	26	23	18	18	22	26	28	24	42	42	32	66	66	82	74	68	80	134	60	133	98	84	59	136	66	155	56	252	218	309	170	127	137	292	679	1000	404	551	505	708	468	897	235	340	168	401	237	125	122	128	105	118	106	56	85	81	68	55	56	53	56	50	48	47	47	48	42	33
64	170	2	2	119	0	1953125	12	0.0	0	0.62	0	0	V0.2	0	0	26	29	21	16	29	33	25	20	31	37	26	23	37	39	27	27	45	50	34	33	54	63	44	51	77	83	73	53	84	103	124	154	180	214	228	198	169	194	229	303	408	399	353	329	362	263	592	755	892	784	516	204	294	562	641	981	1000	620	414	684	476	186	179	232	295	167	94	174	193	144	66	124	140	99	22	80	108	77	11	60	90	67	6	62	86
64	170	2	2	119	0	1953125	12	0.0	0	0.63	0	0	V0.2	0	0	9	19	22	12	10	21	23	12	13	23	25	12	17	28	27	11	19	31	28	17	31	49	44	20	36	57	62	36	51	89	120	113	95	145	191	136	75	107	190	252	277	220	262	248	172	176	494	596	574	506	275	121	333	246	392	1000	880	379	108	466	335	31	38	155	252	183	53	86	141	130	43	53	87	82	32	31	67	65	24	33	59	52	18	35	59
64	170	2	2	119	0	1953125	12	0.0	0	0.78	0	0	V0.2	0	0	246	270	246	256	267	238	264	261	235	266	247	236	268	232	243	268	224	248	257	219	278	261	211	291	261	234	287	231	264	354	203	283	377	289	263	226	274	348	209	271	436	222	292	232	361	235	408	110	529	623	207	675	852	591	1000	959	486	575	274	189	583	366	183	470	230	235	399	239	249	375	235	289	343	234	312	310	226	316	283	235	319	261	258	315	251
64	170	2	2	119	0	1953125	12	0.0	0	0.81	0	0	V0.2	0	0	207	195	190	206	181	193	196	183	206	191	196	201	177	197	177	175	199	177	204	198	174	213	184	182	199	172	208	217	216	185	216	236	208	113	260	233	218	223	145	247	319	222	146	221	307	331	121	491	446	33	248	185	446	871	764	1000	811	58	32	382	171	318	186	214	384	176	179	251	205	251	210	212	252	207	226	208	204	235	199	230	222	205	235	200	211
64	170	2	2	119	0	1953125	12	0.0	0	0.86	0	0	V0.2	0	0	194	189	203	189	209	190	200	199	182	207	176	204	193	183	205	168	204	177	191	203	178	216	163	214	193	196	216	164	285	181	191	242	181	261	219	140	278	248	196	81	488	414	51	270	207	332	191	170	241	341	300	184	686	1000	759	859	326	350	408	119	507	403	33	288	163	281	208	196	275	165	269	181	225	243	193	260	178	233	221	196	243	185	237	198	211
64	170	2	2	119	0	1953125	12	0.0	0	0.77	0	0	V0.2	0	0	48	21	39	47	11	32	38	6	34	33	16	39	32	28	47	33	37	39	36	64	46	33	74	56	32	99	43	74	131	77	85	193	133	224	320	244	191	219	219	285	493	367	351	395	204	341	638	734	434	476	501	623	653	659	924	1000	889	397	154	286	323	182	121	85	123	120	100	19	68	71	16	84	54	35	77	65	21	60	56	27	53	52	29	43	39
64	170	2	2	119	0	1953125	12	0.0	0	0.97	0	0	V0.2	0	0	276	294	276	297	275	295	281	285	285	280	279	281	279	273	280	276	272	279	277	269	289	282	280	283	299	280	328	256	329	272	362	261	442	151	533	157	415	283	394	103	668	348	519	534	261	222	458	378	370	614	192	190	816	800	753	998	440	1000	343	707	134	507	199	501	367	326	316	329	336	323	343	303	326	314	348	300	337	289	339	299	332	293	321	295	341
64	170	1	2	119	0	1953125	12	0.0	0	0.95	0	0	V0.2	0	0	36	17	39	2	37	1	44	18	37	25	35	25	28	27	33	23	50	43	51	45	57	64	44	70	46	84	30	110	65	132	98	74	29	125	131	203	237	146	145	91	213	237	292	275	119	107	149	342	425	572	569	459	552	687	1000	863	669	323	197	220	134	119	162	137	119	119	27	59	47	114	90	99	96	59	67	28	63	36	48	31	52	43	36	40	35
64	170	1	2	119	0	1953125	12	0.0	0	0.84	0	0	V0.2	0	0	44	11	45	23	29	40	8	42	26	20	35	12	28	13	36	32	27	38	29	54	23	47	60	8	82	59	50	110	29	116	130	72	151	87	96	128	88	97	49	54	133	100	137	295	156	86	201	458	400	449	564	850	668	872	986	999	973	713	631	577	484	495	420	249	253	195	69	119	90	77	59	49	95	64	41	77	46	45	57	37	53	35	37	52	14
64	170	2	2	119	0	1953125	12	0.0	7690	2.34	0	0	V0.2	0	0	47	37	11	38	39	29	15	23	31	29	12	12	28	33	12	17	30	18	6	10	51	54	28	42	85	67	46	112	15	129	166	120	129	161	116	211	254	153	375	413	318	423	412	260	496	640	545	454	238	35	99	342	804	1000	953	982	892	840	430	541	436	613	424	345	205	194	91	95	22	96	54	133	32	48	58	56	33	24	65	40	26	17	28	24	19
64	170	2	2	119	0	1953125	12	0.0	0	0.78	0	0	V0.2	0	0	209	199	194	191	199	173	178	143	126	110	75	43	25	31	39	61	74	88	80	93	97	117	148	174	203	231	257	294	347	316	352	307	361	342	323	374	462	311	272	356	412	349	566	457	313	554	766	486	597	91	58	131	103	526	801	1000	728	676	425	45	169	167	166	255	244	294	255	218	216	245	223	219	209	183	175	151	145	130	121	123	112	106	103	97	95
64	170	2	2	119	0	1953125	12	0.0	0	0.78	0	0	V0.2	0	0	276	257	248	274	251	261	268	238	266	263	234	265	246	244	275	230	248	269	229	265	266	216	278	265	224	290	259	268	283	267	286	338	254	279	237	327	341	166	271	495	474	167	230	220	605	445	274	415	797	181	752	812	489	901	1000	359	683	196	754	765	278	407	651	310	217	388	211	304	384	242	288	358	221	310	307	253	334	262	250	332	262	279	314	241	304
64	170	2	2	119	0	1953125	12	0.0	8107	2.41	0	0	V0.2	0	0	43	45	32	21	42	35	28	13	34	35	18	2	23	30	18	13	43	36	2	33	22	59	18	40	57	93	42	86	121	69	132	13	68	153	216	219	224	309	204	65	42	113	184	591	77	315	130	249	182	746	487	711	473	482	1000	799	747	763	331	515	197	266	356	215	230	228	107	65	33	69	11	88	52	35	54	44	21	2	11	18	22	28	35	17	30
64	170	2	2	119	0	1953125	12	0.0	7948	2.38	0	0	V0.2	0	0	70	74	33	54	62	66	26	40	37	60	19	16	32	38	15	7	59	55	9	41	95	56	35	39	109	80	47	53	135	37	147	83	128	138	175	133	259	242	54	151	217	313	181	146	296	339	211	571	732	1000	806	444	171	425	577	490	518	439	688	540	368	155	228	278	190	165	111	156	76	110	88	99	27	60	62	88	3	30	39	59	23	22	53	51	16
64	170	2	2	119	0	1953125	12	0.0	0	0.55	0	0	V0.2	0	0	23	15	25	25	21	38	3	26	47	40	21	41	19	35	23	27	12	35	33	49	13	53	58	23	77	23	36	61	80	137	137	35	60	40	68	185	245	326	305	158	428	516	602	378	457	127	505	441	238	529	1000	949	309	542	732	959	722	877	908	835	753	522	347	277	257	107	70	18	35	34	35	45	85	50	3	44	35	83	50	21	44	48	41	11	55
64	170	2	2	119	0	1953125	12	0.0	0	0.45	0	0	V0.2	0	0	17	24	28	28	22	13	4	7	20	27	31	31	25	16	7	9	24	30	26	33	20	17	34	37	40	67	45	9	40	66	111	150	76	147	161	126	49	211	205	80	296	516	287	391	687	624	582	500	685	999	859	439	976	726	486	592	605	155	659	862	508	668	637	299	142	122	23	75	87	88	117	94	87	74	61	43	45	53	64	73	71	62	48	39	38
64	170	2	2	119	0	1953125	12	0.0	0	0.47	0	0	V0.2	0	0	14	9	5	10	16	19	21	18	10	4	9	16	21	24	20	13	9	13	21	28	29	27	22	6	17	28	19	34	6	30	43	51	126	154	78	222	136	133	69	110	141	213	174	138	288	286	240	261	393	506	461	458	201	76	364	690	727	872	966	1000	574	518	533	239	221	224	217	212	206	178	107	52	14	32	73	73	71	58	41	39	49	60	61	54	42
64	170	2	2	119	0	1953125	12	0.0	0	0.40	0	0	V0.2	0	0	7	6	7	11	12	14	13	10	9	5	2	5	10	13	14	17	15	12	6	9	7	17	24	20	38	44	33	53	31	39	52	56	23	78	72	57	129	64	65	149	83	170	306	185	296	497	429	709	733	513	942	1000	654	352	771	873	681	634	751	604	477	305	220	127	53	10	37	52	81	99	77	75	72	49	32	30	13	9	16	26	34	41	45	47	44
64	170	2	2	119	0	1953125	12	0.0	0	0.35	0	0	V0.2	0	0	19	21	23	24	26	26	24	22	19	16	13	8	9	12	16	19	25	27	27	28	25	21	24	14	25	37	34	38	33	60	78	99	111	74	170	176	304	353	355	378	573	597	469	391	579	623	590	708	591	432	528	671	999	493	693	978	978	993	776	821	708	504	384	397	259	209	180	126	70	92	50	30	29	21	1	6	15	18	19	21	27	29	30	28	32
64	170	2	2	119	0	1953125	12	0.0	7656	2.33	0	0	V0.2	0	0	35	38	11	23	24	23	17	15	29	16	14	19	21	17	6	28	49	13	0	46	45	27	9	42	51	69	66	79	88	58	18	24	28	95	199	250	273	128	137	513	203	342	340	180	355	675	345	435	99	1000	691	412	174	596	448	478	812	757	127	480	314	570	209	414	107	108	177	140	108	15	108	74	102	31	82	85	64	24	46	65	63	34	43	43	38
64	170	2	2	119	0	1953125	12	0.0	0	0.31	0	0	V0.2	0	0	32	54	14	33	14	62	24	4	27	39	19	17	32	22	22	26	42	50	53	36	52	21	65	77	63	67	67	72	111	93	140	94	105	100	85	126	177	121	186	340	110	112	184	169	98	526	591	534	321	409	33	126	472	1000	998	402	752	708	283	388	589	319	276	85	24	116	97	46	104	96	67	65	21	39	28	54	50	31	53	58	24	11	37	33	24
64	170	2	2	119	0	1953125	12	0.0	0	0.35	0	0	V0.2	0	0	14	13	15	18	17	14	18	15	14	15	14	14	13	14	17	13	13	19	19	16	26	29	43	21	18	18	28	29	13	52	10	17	154	182	64	173	193	199	216	70	217	90	283	433	719	159	586	694	333	925	654	224	524	683	175	657	1000	192	532	582	662	281	85	193	212	108	149	117	38	84	49	64	64	36	43	52	52	49	52	53	53	48	47	47	47
64	170	2	2	119	0	1953125	12	0.0	0	0.36	0	0	V0.2	0	0	9	9	9	10	10	10	12	14	17	17	17	21	20	21	22	23	19	21	14	22	22	33	21	44	34	50	64	57	53	49	91	40	96	85	119	75	176	76	197	208	124	211	209	446	127	395	525	233	520	436	577	237	594	305	1000	413	605	720	277	450	163	239	191	99	59	71	109	37	62	68	67	75	60	46	56	47	47	38	43	41	42	44	44	45	45
64	170	2	2	119	0	1953125	12	0.0	0	0.42	0	0	V0.2	0	0	14	18	20	17	13	6	4	10	18	24	28	28	26	19	14	3	10	18	28	34	33	34	29	4	4	24	45	34	62	88	94	84	66	150	129	77	140	164	195	281	202	291	340	401	302	37	400	656	514	482	659	999	913	450	858	782	266	621	402	467	539	259	391	300	174	166	105	55	19	31	61	86	97	100	85	71	52	19	22	35	53	67	71	74	67
64	170	2	2	119	0	1953125	12	0.0	0	0.43	0	0	V0.2	0	0	10	5	4	7	11	15	16	18	15	11	5	2	9	16	22	27	20	23	16	4	13	13	31	35	27	27	33	17	37	48	37	95	128	186	111	97	250	254	178	138	410	546	305	221	442	541	517	238	212	370	463	121	237	906	717	788	1000	811	767	274	297	239	215	257	152	222	204	168	109	98	45	14	14	49	75	76	77	69	53	34	18	28	43	58	63
64	170	2	2	119	0	1953125	12	0.0	0	0.40	0	0	V0.2	0	0	20	19	15	13	9	10	18	20	23	23	23	20	18	11	14	21	30	32	46	48	47	43	42	21	10	38	72	69	107	164	151	175	255	195	198	326	326	192	467	322	557	442	567	712	387	682	795	689	440	576	938	555	410	888	770	560	596	805	340	1000	583	358	284	101	29	108	141	203	169	213	192	178	138	108	89	62	66	65	79	87	92	95	91	81	77
64	170	2	2	119	0	1953125	12	0.0	0	0.84	0	0	V0.2	0	0	37	41	33	66	43	36	59	18	21	12	35	40	18	50	38	12	17	51	60	28	79	63	11	40	37	95	50	103	141	26	157	178	201	240	131	302	294	181	455	530	483	462	496	536	501	324	553	1000	831	597	665	747	952	100	587	754	552	194	54	421	434	439	155	189	191	158	133	59	76	71	18	46	32	56	73	29	29	39	40	54	11	58	69	19	38
64	170	2	2	119	0	1953125	12	0.0	0	0.84	0	0	V0.2	0	0	327	380	347	346	367	312	367	330	340	377	321	377	328	320	350	287	374	337	351	378	290	379	296	345	388	316	444	361	311	444	238	502	365	361	658	228	536	549	188	813	225	596	788	161	609	424	238	623	35	1000	973	335	741	137	654	417	459	768	422	746	374	486	760	372	415	641	205	461	438	330	505	344	438	421	334	441	318	415	418	364	446	351	398	373	340
64	170	2	2	119	0	1953125	12	0.0	0	0.81	0	0	V0.2	0	0	25	48	29	41	64	40	28	51	35	10	20	29	44	23	27	60	43	8	29	43	55	22	52	88	69	58	72	42	23	56	21	45	46	82	154	140	74	238	256	92	43	111	150	182	155	115	395	412	434	184	419	690	807	771	965	977	1000	279	237	686	457	322	167	206	294	238	105	189	236	141	44	148	146	81	43	78	100	80	15	67	97	59	22	79	74
64	170	2	2	119	0	1953125	12	0.0	0	0.80	0	0	V0.2	0	0	29	52	24	25	49	27	19	33	27	31	24	33	42	19	38	49	31	30	48	63	46	29	84	71	35	101	105	43	70	100	120	97	61	159	209	137	118	210	208	99	199	271	258	270	232	325	196	125	482	617	464	161	511	870	1000	408	535	922	588	214	163	291	258	168	93	117	121	79	111	140	85	57	103	82	56	74	62	64	59	41	60	50	23	57	53
64	170	2	2	119	0	1953125	12	0.0	0	0.86	0	0	V0.2	0	0	28	19	45	15	39	35	9	32	13	39	21	28	40	23	31	40	47	19	48	54	41	46	30	92	56	44	100	57	75	56	79	134	55	73	91	133	118	155	385	331	205	120	173	328	306	91	363	423	321	237	383	1000	904	664	289	655	758	748	574	403	400	455	484	242	217	262	159	122	52	89	97	6	92	64	63	67	45	84	45	59	73	40	50	52	58
64	170	2	2	119	0	1953125	12	0.0	0	0.95	0	0	V0.2	0	0	355	355	380	360	379	332	386	337	405	312	393	301	408	317	389	299	389	318	404	324	367	352	368	393	355	408	300	569	203	500	327	404	386	509	167	728	308	611	579	368	712	161	635	317	714	57	736	93	848	326	606	583	856	925	696	826	762	1000	341	841	169	563	314	420	282	591	339	492	407	421	501	367	492	308	509	319	520	306	477	326	481	348	450	347	433
64	170	2	2	119	0	1953125	12	0.0	0	0.47	0	0	V0.2	0	0	4	8	13	19	20	17	11	3	8	14	20	21	18	15	4	9	14	23	27	28	18	19	12	21	21	12	26	12	23	44	65	16	80	87	43	80	76	90	29	161	230	259	104	216	431	346	92	516	637	438	574	302	493	877	496	700	1000	356	889	537	343	339	205	164	221	216	149	148	88	59	26	57	69	93	92	66	44	23	29	46	61	66	56	40	25
64	170	2	2	119	0	1953125	12	0.0	0	0.84	0	0	V0.2	0	0	25	69	66	41	62	41	5	20	31	44	20	57	69	30	27	53	64	31	63	89	40	61	77	65	32	83	175	104	110	256	224	114	27	257	436	318	128	536	599	279	177	454	457	404	195	430	667	718	614	474	219	366	752	667	840	907	483	928	999	350	310	540	522	399	155	83	174	157	85	94	157	87	75	129	89	33	63	55	42	20	71	83	39	52	69
64	170	2	2	119	0	1953125	12	0.0	0	0.50	0	0	V0.2	0	0	7	12	14	12	7	2	6	13	14	12	8	0	10	15	18	19	12	6	7	14	19	25	17	10	19	28	39	32	19	21	48	72	111	80	137	155	91	72	235	252	165	228	243	188	245	154	296	512	247	346	696	715	225	463	1000	572	230	246	449	570	339	88	254	174	55	52	14	45	95	94	62	71	24	27	45	57	58	45	31	26	38	47	51	42	32
64	170	2	2	119	0	1953125	12	0.0	0	0.95	0	0	V0.2	0	0	274	269	283	274	269	272	271	281	261	278	252	288	246	289	232	293	229	303	217	309	212	326	204	334	206	359	188	372	241	349	299	311	319	316	383	256	462	217	621	90	634	165	573	373	401	135	481	448	370	500	532	875	81	508	595	999	173	636	303	519	320	298	107	524	306	371	313	313	405	280	371	226	399	245	392	222	360	247	368	254	344	246	345	275	329
64	170	2	2	119	0	1953125	12	0.0	0	0.86	0	0	V0.2	0	0	28	33	10	40	19	48	50	11	40	28	21	10	41	49	7	38	47	47	3	67	75	6	66	61	51	41	67	138	99	72	145	150	123	61	262	271	108	278	302	143	147	290	373	280	111	246	555	842	767	803	1000	732	409	723	435	644	802	324	532	652	379	288	345	413	262	56	175	138	51	53	69	104	64	70	127	54	42	67	58	47	29	90	67	10	59
64	170	2	2	119	0	1953125	12	0.0	0	0.83	0	0	V0.2	0	0	30	26	52	17	33	38	14	37	17	35	39	12	43	36	28	26	46	48	17	66	52	40	60	49	90	70	66	137	85	115	181	145	191	164	204	236	123	140	262	267	311	336	413	536	264	239	426	225	186	342	563	671	808	885	1000	553	462	571	350	224	195	209	292	235	177	203	170	162	166	115	133	117	71	118	99	51	90	68	55	60	41	61	44	36	60
64	170	2	2	119	0	1953125	12	0.0	0	0.85	0	0	V0.2	0	0	317	274	298	277	296	327	304	336	292	280	285	256	316	290	325	321	269	299	234	287	309	289	378	289	318	292	227	337	281	415	367	350	359	223	298	345	310	729	409	375	528	331	716	140	644	786	269	376	396	377	895	46	999	839	533	296	476	494	782	53	445	135	531	433	288	514	272	334	350	248	383	330	352	395	307	370	295	315	335	310	383	322	349	329	284
