34928	35048	35167	35286	35405	35524	35644	35763	35882	36001	36120	36240	36359	36478	36597	36716	36836	36955	37074	37193	37313	37432	37551	37670	37789	37909	38028	38147	38266	38385	38505	38624	38743	38862	38981	39101	39220	39339	39458	39577	39697	39816	39935	40054	40174	40293	40412	40531	40650	40770	40889	41008	41127	41246	41366	41485	41604	41723	41842	41962	42081	42200	42319	42439	42558	42677	42796	42915	43035	43154	43273	43392	43511	43631	43750	43869	43988	44107	44227	44346	44465	44584	44703	44823	44942
64	170	2	2	119	0	1953125	12	0.0	0	0.96	0	0	V0.2	0	0	192	170	198	172	204	163	204	170	201	170	193	165	199	161	195	153	198	157	193	159	190	158	213	139	220	144	252	125	271	201	219	230	207	199	270	349	137	401	73	399	34	479	98	441	142	250	297	400	463	119	392	501	401	899	842	798	1000	441	616	41	385	48	444	130	340	196	289	184	270	242	230	245	211	253	193	257	191	242	194	244	191	237	189	239	181
64	170	2	2	119	0	1953125	12	0.0	0	0.96	0	0	V0.2	0	0	180	190	184	193	188	187	196	182	196	180	189	180	191	174	188	172	192	167	190	167	188	181	188	168	213	169	234	139	295	90	295	168	227	132	381	117	399	254	334	279	279	416	269	464	142	316	80	535	185	450	485	134	524	799	554	1000	692	740	466	259	305	317	346	196	353	137	308	135	337	117	309	156	290	166	271	197	252	197	243	198	241	206	228	198	227
64	170	2	2	119	0	1953125	12	0.0	0	0.96	0	0	V0.2	0	0	180	196	177	210	181	208	175	205	177	216	163	212	157	218	158	215	147	211	157	221	151	221	152	227	195	212	202	215	298	130	293	155	236	169	446	45	463	161	405	225	323	301	365	330	308	285	287	573	160	490	306	56	474	881	647	999	643	680	461	199	320	270	273	201	309	170	307	154	324	120	329	153	309	163	278	206	262	213	236	212	236	237	218	221	208
64	170	2	2	119	0	1953125	12	0.0	0	0.95	0	0	V0.2	0	0	37	36	56	7	42	16	55	3	53	33	48	25	57	46	48	37	71	41	59	47	91	58	92	89	86	98	119	195	120	161	75	123	41	206	265	267	297	192	331	237	237	222	311	198	238	243	402	502	402	383	265	163	619	920	1000	850	892	764	599	357	206	172	232	155	109	171	92	123	96	183	95	107	95	131	106	73	106	67	71	52	96	55	52	60	72
64	170	2	2	119	0	1953125	12	0.0	0	0.96	0	0	V0.2	0	0	213	232	219	233	219	227	231	224	228	217	223	226	223	213	211	218	222	210	213	212	216	232	215	215	235	237	275	196	369	93	396	177	284	139	462	127	475	217	485	304	421	475	355	379	260	437	214	713	259	601	765	237	700	857	574	915	730	1000	529	467	319	432	426	251	408	169	385	172	385	139	372	192	359	179	324	232	312	235	282	233	290	251	271	226	278
64	170	2	2	119	0	1953125	12	0.0	0	0.96	0	0	V0.2	0	0	176	222	176	221	179	218	189	215	182	213	186	210	192	197	192	195	208	178	213	171	228	162	251	135	274	128	321	53	383	116	350	211	273	204	353	318	312	358	313	494	236	618	161	520	58	567	345	857	724	695	806	150	168	585	616	648	1000	579	646	142	460	165	581	120	440	221	330	227	318	276	229	284	230	315	168	312	162	314	166	294	160	288	185	274	172
64	170	2	2	119	0	1953125	12	0.0	0	0.95	0	0	V0.2	0	0	56	9	61	12	57	21	53	31	51	42	51	50	49	53	61	59	72	69	70	70	78	98	79	112	74	138	99	208	165	228	193	160	187	162	255	195	265	150	343	306	406	427	383	405	303	407	612	886	928	1000	800	427	180	284	531	648	826	510	337	152	230	329	341	334	256	260	137	192	166	185	164	112	136	103	137	85	126	84	95	76	91	84	62	68	64
64	170	1	2	119	0	1953125	12	0.0	0	0.95	0	0	V0.2	0	0	175	151	180	147	191	142	189	139	191	135	200	124	196	120	203	114	205	111	204	121	207	124	211	146	209	162	224	205	224	312	136	330	76	351	35	404	42	343	45	477	204	539	296	475	334	450	652	735	1000	675	815	281	330	154	662	467	858	331	472	111	392	173	457	323	283	333	199	324	141	344	78	311	97	306	96	290	122	271	143	254	155	232	175	220	174
64	170	2	2	119	0	1953125	12	0.0	0	0.94	0	0	V0.2	0	0	51	35	60	12	62	14	57	26	62	44	46	47	53	53	55	63	64	66	57	85	61	98	60	117	68	128	122	166	187	116	186	88	163	122	190	191	99	122	212	345	326	448	355	391	345	432	760	849	1000	970	745	518	189	362	645	801	766	639	250	159	188	324	302	246	268	178	148	149	154	188	118	140	78	113	98	93	103	73	95	61	91	69	74	59	56
64	170	2	2	119	0	1953125	12	0.0	0	0.94	0	0	V0.2	0	0	55	34	54	53	29	53	33	57	26	69	38	53	42	74	48	63	58	85	43	89	71	103	70	106	108	102	146	145	218	119	177	105	164	149	183	225	113	135	211	368	329	433	356	404	346	439	753	852	1000	962	773	506	179	399	742	773	758	663	250	159	176	364	258	251	246	164	166	100	191	161	148	114	98	128	79	112	82	110	63	86	85	77	68	57	69
64	170	2	2	119	0	1953125	12	0.0	0	0.95	0	0	V0.2	0	0	152	198	153	197	164	192	171	184	173	182	185	167	191	158	201	144	219	123	228	112	246	84	268	68	285	65	320	73	365	205	325	269	271	326	261	432	160	393	188	529	226	643	230	620	238	661	612	975	1000	840	873	204	396	406	888	644	985	499	583	57	497	214	558	275	383	294	294	304	239	360	136	327	131	341	89	323	97	312	125	291	137	268	168	257	170
64	170	2	2	119	0	1953125	12	0.0	0	0.95	0	0	V0.2	0	0	57	26	54	37	46	52	33	49	40	65	36	61	49	65	49	76	67	84	59	98	65	109	74	130	84	139	137	193	214	176	231	118	202	158	284	235	245	191	291	359	379	475	389	472	367	522	729	878	1000	963	788	395	74	290	645	647	757	584	268	156	244	419	284	311	229	227	187	169	220	169	188	98	151	121	133	109	112	114	77	99	88	97	60	77	74
64	170	2	2	119	0	1953125	12	0.0	0	0.96	0	0	V0.2	0	0	185	232	190	228	193	223	206	220	204	210	212	203	223	189	222	179	245	160	252	144	267	130	293	111	298	106	352	91	393	220	339	292	270	328	267	456	165	419	132	543	143	664	198	593	137	608	548	952	999	797	906	186	222	260	702	456	925	394	508	168	525	205	597	239	401	290	325	313	275	385	162	350	176	367	141	347	154	335	175	316	181	294	209	288	205
64	170	2	2	119	0	1953125	12	0.0	0	0.96	0	0	V0.2	0	0	24	57	11	56	1	57	17	44	15	43	16	44	25	39	25	54	32	61	31	69	29	86	55	100	69	113	132	154	211	153	229	65	157	132	296	238	293	228	241	331	269	435	328	321	194	305	523	673	683	530	408	427	733	674	999	778	993	917	532	344	382	506	362	346	184	205	154	175	184	151	153	86	140	87	118	63	91	67	72	65	65	60	42	63	56
64	170	2	2	119	0	1953125	12	0.0	0	0.96	0	0	V0.2	0	0	49	11	52	4	51	18	41	18	32	18	33	24	28	21	38	25	42	25	47	19	55	39	75	60	74	87	94	151	114	196	99	125	60	213	209	226	271	143	235	165	244	233	308	139	204	185	406	540	364	331	382	557	891	997	999	879	954	815	566	227	348	393	354	267	165	177	143	176	121	180	78	114	71	115	76	63	63	57	63	44	64	32	40	37	56
64	170	1	2	119	0	1953125	12	0.0	0	0.95	0	0	V0.2	0	0	46	19	42	29	33	35	20	30	28	46	20	40	26	37	26	47	34	47	32	63	35	80	42	94	43	102	80	122	120	84	115	55	142	132	245	141	173	114	84	142	111	167	156	133	107	253	276	416	299	63	262	641	867	978	1000	801	897	762	460	239	176	371	212	250	149	173	138	136	161	123	131	61	115	76	89	62	72	64	47	63	50	58	34	56	51
64	170	2	2	119	0	1953125	12	0.0	0	0.93	0	0	V0.2	0	0	33	32	27	42	16	52	17	34	16	40	24	30	37	39	29	37	46	39	35	43	67	19	45	23	69	24	55	55	25	16	51	101	53	126	117	94	113	28	91	51	104	29	72	95	117	112	230	328	263	329	202	455	757	991	1000	727	856	656	516	293	76	224	189	192	128	200	130	88	105	100	125	45	98	85	80	62	70	86	34	50	49	56	31	42	50
64	170	1	2	119	0	1953125	12	0.0	0	0.94	0	0	V0.2	0	0	4	51	12	44	17	49	42	29	39	34	44	18	44	39	43	34	59	44	52	38	83	42	62	40	74	54	55	97	33	65	8	120	80	170	179	155	173	20	124	74	126	67	105	123	141	161	312	458	348	520	346	465	776	987	1000	735	810	607	433	208	192	335	310	292	201	276	167	145	124	150	151	66	124	94	111	55	88	79	42	53	64	71	32	60	56
64	170	1	2	119	0	1953125	12	0.0	0	0.94	0	0	V0.2	0	0	5	55	27	40	29	45	50	23	50	31	46	18	52	41	45	36	67	44	56	43	85	52	62	57	65	65	48	112	35	67	16	119	97	163	205	154	184	31	137	68	118	96	103	158	131	185	316	485	389	558	372	451	789	973	1000	747	820	663	437	206	214	364	304	308	209	285	191	136	141	146	161	67	128	105	105	65	83	91	37	59	63	72	32	61	61
64	170	1	2	119	0	1953125	12	0.0	0	0.94	0	0	V0.2	0	0	24	40	23	49	9	57	24	39	19	50	36	26	37	51	37	42	51	55	41	56	79	41	61	37	90	20	75	66	68	66	48	102	76	167	124	193	133	52	100	102	104	48	141	98	134	124	349	402	339	447	294	434	758	1000	901	723	781	603	441	118	236	357	338	254	251	261	159	159	114	184	118	100	109	107	107	51	102	58	58	43	79	57	44	59	53
64	170	1	2	119	0	1953125	12	0.0	0	0.95	0	0	V0.2	0	0	33	30	49	11	37	19	51	14	48	37	48	28	47	43	43	35	63	47	54	51	81	71	68	83	64	87	61	130	74	103	60	112	112	170	209	186	203	89	148	84	152	139	185	176	63	128	250	337	286	288	150	475	735	984	1000	792	943	694	531	230	198	331	307	302	226	274	176	184	155	177	152	102	134	104	122	66	105	73	74	66	83	73	56	73	68
64	170	1	2	119	0	1953125	12	0.0	0	0.95	0	0	V0.2	0	0	125	167	113	162	119	176	116	170	108	173	128	160	129	146	139	145	157	121	159	116	191	87	200	69	207	84	223	92	204	153	190	154	218	210	178	330	36	290	43	286	72	275	237	225	138	236	238	283	323	162	134	541	651	777	988	611	1000	564	560	210	306	199	346	285	210	321	93	306	50	317	71	263	101	254	163	204	174	179	190	166	203	132	202	129	218
64	170	1	2	119	0	1953125	12	0.0	0	0.95	0	0	V0.2	0	0	15	44	32	27	30	25	33	17	39	23	40	23	42	27	39	32	50	29	50	35	71	39	84	53	79	64	94	114	84	123	48	114	81	181	171	207	203	138	177	120	190	177	243	112	88	94	198	256	150	73	257	591	768	1000	896	849	907	682	515	159	208	306	272	235	186	197	142	170	123	173	113	115	104	109	103	62	91	57	71	48	79	53	51	54	66
64	170	1	2	119	0	1953125	12	0.0	0	0.95	0	0	V0.2	0	0	141	172	147	155	148	165	162	153	159	138	180	135	180	113	179	115	195	105	183	92	205	111	199	118	187	151	189	201	125	227	130	229	130	275	23	328	147	245	192	229	213	152	325	134	182	207	336	138	316	144	175	617	830	738	1000	645	918	649	473	226	297	261	244	327	141	336	49	305	47	316	117	265	136	242	187	209	202	173	201	174	219	147	209	141	226
64	170	1	2	119	0	1953125	12	0.0	0	0.96	0	0	V0.2	0	0	145	178	155	169	159	162	168	163	166	155	171	148	180	136	176	129	191	121	188	113	200	104	220	96	220	103	248	130	240	197	193	200	210	240	172	351	57	355	56	364	71	370	221	256	103	320	278	353	360	27	124	657	618	852	1000	682	999	535	586	78	420	139	396	236	270	259	211	270	173	310	107	284	103	293	116	256	128	248	147	237	151	218	162	219	172
64	170	1	2	119	0	1953125	12	0.0	0	0.96	0	0	V0.2	0	0	38	34	31	39	27	49	10	40	10	36	13	40	22	36	23	41	31	46	29	51	27	65	39	87	39	101	67	144	122	146	143	73	100	107	202	160	267	158	230	188	236	300	240	180	119	209	302	412	343	289	290	506	706	879	1000	899	955	761	476	195	290	316	287	271	147	193	114	159	111	162	98	100	95	93	88	46	75	43	62	35	64	32	42	44	55
64	170	1	2	119	0	1953125	12	0.0	0	0.96	0	0	V0.2	0	0	186	156	190	164	197	150	198	153	199	157	189	147	198	151	190	139	196	141	198	140	192	134	217	135	218	134	250	141	265	239	198	261	168	266	181	388	136	425	51	443	86	552	244	376	150	367	307	473	573	291	573	555	412	795	841	712	1000	530	608	31	448	134	480	151	327	202	277	204	253	241	199	245	194	262	163	243	179	242	176	232	175	228	180	234	160
64	170	1	2	119	0	1953125	12	0.0	0	0.95	0	0	V0.2	0	0	197	241	197	243	205	237	217	230	216	225	223	216	229	203	233	193	254	172	264	157	280	142	302	122	319	118	366	90	412	224	349	292	285	336	307	497	253	552	161	613	182	766	275	631	218	664	517	801	884	705	986	492	358	545	641	591	999	533	683	40	474	86	541	214	395	307	296	317	271	357	181	341	198	371	162	339	173	339	203	310	198	294	225	295	214
64	170	2	2	119	0	1953125	12	0.0	0	0.95	0	0	V0.2	0	0	195	247	193	251	198	247	208	239	209	236	216	227	222	213	229	206	248	184	260	171	278	152	301	126	320	121	368	49	439	169	408	263	350	322	364	479	320	544	255	624	255	780	260	641	130	678	433	916	864	862	1000	342	385	466	535	585	864	558	619	63	492	185	588	174	461	261	348	283	320	344	213	336	221	363	173	336	175	348	196	320	183	307	218	303	201
64	170	2	2	119	0	1953125	12	0.0	0	0.96	0	0	V0.2	0	0	193	221	204	214	207	203	223	202	223	186	228	180	242	165	236	152	261	139	262	126	268	129	287	132	285	140	330	186	335	315	256	361	185	415	141	525	78	533	104	577	230	676	435	471	328	534	596	661	999	694	932	523	108	363	699	412	907	408	544	119	494	199	496	374	311	410	187	369	163	410	105	359	137	361	174	319	186	302	218	283	224	252	235	261	242
64	170	2	2	119	0	1953125	12	0.0	0	0.95	0	0	V0.2	0	0	55	36	53	47	46	64	26	53	37	69	32	66	51	68	51	84	73	88	61	104	68	111	80	135	98	131	151	194	230	179	254	136	223	170	291	272	288	289	308	367	387	552	420	394	285	477	618	763	925	1000	835	544	149	335	737	743	823	710	330	214	274	460	328	362	292	267	223	150	213	170	202	103	157	129	130	105	112	120	72	95	86	92	55	73	75
64	170	2	2	119	0	1953125	12	0.0	0	0.95	0	0	V0.2	0	0	47	55	36	61	30	73	16	58	32	72	35	67	54	69	49	87	75	89	61	106	79	107	96	122	122	113	180	174	247	168	253	151	205	195	271	303	247	294	274	384	368	529	428	372	336	482	677	753	921	1000	768	504	126	380	766	816	823	770	340	234	244	464	354	334	308	234	230	133	218	173	189	124	145	153	115	125	103	128	72	100	87	86	61	71	80
64	170	1	2	119	0	1953125	12	0.0	0	0.95	0	0	V0.2	0	0	56	36	53	48	45	64	28	53	37	69	32	66	50	70	52	85	75	89	63	110	72	118	87	141	102	141	163	199	235	174	253	139	227	178	304	273	281	269	318	387	394	535	415	410	340	547	714	837	962	1000	770	445	90	392	822	766	783	692	331	246	267	463	337	350	271	245	208	156	217	174	206	113	163	137	137	115	119	127	81	102	87	96	59	78	81
64	170	1	2	119	0	1953125	12	0.0	0	0.95	0	0	V0.2	0	0	56	32	54	45	46	60	28	53	39	70	35	64	50	67	50	82	73	88	62	105	71	119	84	139	97	141	161	206	235	177	246	134	225	171	306	262	271	247	323	383	404	521	412	430	362	574	752	875	974	1000	771	447	62	419	896	815	773	625	288	226	243	439	312	341	248	222	193	154	210	169	206	110	162	135	146	115	117	126	84	97	86	99	61	76	79
64	170	2	2	119	0	1953125	12	0.0	0	0.95	0	0	V0.2	0	0	204	199	184	218	179	232	163	233	152	251	143	244	132	250	139	248	154	230	175	224	205	200	234	175	272	149	332	74	395	71	364	143	341	171	368	320	287	332	324	452	284	601	177	587	188	737	540	1000	886	898	865	209	250	423	835	568	801	363	428	119	365	182	495	165	367	242	286	260	267	345	153	331	151	358	115	333	127	327	175	294	189	262	222	250	230
64	170	2	2	119	0	1953125	12	0.0	0	0.95	0	0	V0.2	0	0	56	13	61	30	54	44	43	44	45	60	40	58	49	64	58	76	76	84	69	97	74	115	80	136	81	147	134	219	206	201	229	156	230	180	315	252	300	248	376	384	453	501	427	462	374	602	766	904	996	1000	814	477	133	330	752	594	584	415	198	147	248	366	274	313	194	220	158	177	191	176	192	98	146	111	145	90	120	108	86	86	83	88	54	71	72
64	170	2	2	119	0	1953125	12	0.0	0	0.95	0	0	V0.2	0	0	57	24	58	39	48	54	33	50	38	64	32	60	46	65	53	79	71	86	59	98	65	114	73	130	80	143	145	207	224	186	243	132	223	170	306	244	278	256	367	422	457	557	440	462	337	554	778	894	999	996	814	532	157	222	677	679	655	532	275	226	313	427	301	325	219	216	172	168	206	164	194	100	151	120	141	107	115	117	82	96	80	89	54	72	72
64	170	2	2	119	0	1953125	12	0.0	0	0.95	0	0	V0.2	0	0	67	23	68	43	59	57	42	56	48	72	41	69	56	74	62	88	80	96	70	110	75	131	86	155	93	171	160	235	243	201	251	129	223	180	340	257	329	283	443	506	527	649	513	548	417	641	868	1000	981	949	727	501	254	420	829	878	874	705	450	328	402	499	364	364	221	237	179	204	232	193	216	121	184	137	169	119	136	128	98	106	94	102	63	85	85
64	170	2	2	119	0	1953125	12	0.0	0	0.95	0	0	V0.2	0	0	50	18	45	26	42	36	31	38	37	51	32	52	40	52	42	59	50	63	51	81	56	98	65	114	71	128	117	159	145	110	143	80	157	164	280	227	290	237	327	377	329	419	344	320	235	352	439	507	401	285	89	287	604	755	1000	805	712	534	246	182	162	260	216	214	124	161	134	150	163	134	150	99	142	107	121	88	92	88	69	79	64	73	50	68	66
64	170	2	2	119	0	1953125	12	0.0	0	0.95	0	0	V0.2	0	0	172	166	153	174	160	189	143	188	129	209	125	203	108	201	118	208	123	192	126	203	163	178	184	157	221	142	275	61	272	98	267	79	307	96	381	278	282	267	249	404	203	482	172	439	47	498	299	522	306	182	89	501	567	876	999	655	723	322	342	136	292	71	415	114	289	192	265	218	232	274	152	270	134	302	107	272	118	262	147	249	152	225	171	220	188
