34928	35048	35167	35286	35405	35524	35644	35763	35882	36001	36120	36240	36359	36478	36597	36716	36836	36955	37074	37193	37313	37432	37551	37670	37789	37909	38028	38147	38266	38385	38505	38624	38743	38862	38981	39101	39220	39339	39458	39577	39697	39816	39935	40054	40174	40293	40412	40531	40650	40770	40889	41008	41127	41246	41366	41485	41604	41723	41842	41962	42081	42200	42319	42439	42558	42677	42796	42915	43035	43154	43273	43392	43511	43631	43750	43869	43988	44107	44227	44346	44465	44584	44703	44823	44942
64	170	2	2	119	0	1953125	12	0.0	0	0.92	0	0	V0.2	0	0	201	171	211	171	214	172	205	178	191	188	180	189	171	192	156	199	143	212	147	201	170	179	222	146	214	199	187	233	157	256	294	154	405	95	381	317	246	240	213	527	156	587	581	500	798	596	1000	832	939	593	153	304	345	700	466	816	590	887	344	676	540	379	542	129	312	159	366	200	285	302	201	283	199	321	181	279	210	272	213	260	231	231	251	209	268
64	170	2	2	119	0	1953125	12	0.0	0	0.91	0	0	V0.2	0	0	32	57	48	37	58	14	63	8	61	34	41	39	44	50	29	49	34	60	13	69	20	56	14	77	39	110	120	66	182	91	245	163	208	259	160	206	69	314	261	325	507	378	635	639	600	835	779	874	909	209	226	623	956	921	999	942	1000	858	547	552	529	513	514	281	175	50	142	148	150	202	94	115	73	98	103	56	96	33	77	56	61	65	46	70	45
64	170	2	2	119	0	1953125	12	0.0	0	0.89	0	0	V0.2	0	0	144	171	123	174	128	174	145	149	157	124	174	113	173	120	154	137	135	158	112	183	99	182	108	188	186	116	225	94	233	111	228	182	199	270	82	274	22	428	262	238	413	64	422	352	283	468	343	661	485	111	140	697	855	908	1000	718	936	424	467	317	197	427	153	364	315	93	229	186	253	87	296	180	199	219	155	241	132	240	148	210	176	180	48	35	26
64	170	2	2	119	0	1953125	12	0.0	0	0.87	0	0	V0.2	0	0	6	46	30	29	44	7	44	19	33	35	18	34	22	37	20	37	29	42	37	36	56	20	72	52	42	64	15	81	29	96	104	109	197	151	182	174	156	291	218	194	213	79	192	228	150	303	322	452	503	233	300	623	1000	952	744	645	339	314	357	269	216	127	150	229	177	185	129	51	70	9	81	55	63	79	30	59	33	39	52	20	43	22	38	37	18
64	170	2	2	119	0	1953125	12	0.0	0	0.88	0	0	V0.2	0	0	150	112	148	127	136	149	113	152	107	144	126	127	141	101	148	95	145	111	130	138	103	158	80	178	135	126	166	117	182	91	219	124	221	288	57	302	83	332	333	80	347	170	198	359	35	307	234	604	503	332	328	610	1000	804	878	520	377	464	240	428	354	100	232	66	323	163	183	225	143	177	149	232	127	197	175	152	188	140	202	141	180	156	154	180	141
64	170	2	2	119	0	1953125	12	0.0	0	0.88	0	0	V0.2	0	0	45	3	46	20	38	39	15	42	13	42	24	29	33	29	36	28	42	19	47	23	48	34	56	81	38	98	50	63	67	44	101	67	172	145	171	167	142	295	260	266	290	152	261	296	219	244	283	435	462	231	276	618	985	1000	785	662	303	241	218	157	137	35	157	176	142	131	47	15	12	78	93	51	78	34	52	44	29	61	26	41	28	34	40	16	41
64	170	2	2	119	0	1953125	12	0.0	0	0.89	0	0	V0.2	0	0	118	162	119	149	132	140	155	118	161	104	156	119	140	138	114	154	92	160	99	155	122	134	148	115	207	66	206	136	161	167	139	216	94	302	82	238	159	281	378	102	371	197	195	411	138	432	221	480	494	196	296	504	1000	795	892	577	548	317	159	286	52	297	259	138	344	155	171	170	238	132	208	236	123	227	125	218	148	190	186	151	196	130	206	136	197
64	170	2	2	119	0	1953125	12	0.0	0	0.89	0	0	V0.2	0	0	43	48	20	56	5	54	32	37	44	25	49	19	48	29	43	30	51	34	47	58	37	70	31	104	62	114	121	65	130	36	148	85	150	181	104	146	89	299	275	303	351	247	323	383	388	463	477	511	569	152	174	530	952	1000	921	897	643	565	310	296	305	225	335	266	168	130	40	72	68	146	130	80	106	41	89	60	60	71	33	64	34	59	48	42	57
64	170	2	2	119	0	1953125	12	0.0	0	0.90	0	0	V0.2	0	0	26	59	38	37	48	22	55	6	51	23	37	33	37	42	28	40	30	50	17	68	24	62	15	75	61	85	121	38	145	64	190	175	188	291	148	145	48	329	324	339	496	430	533	608	653	889	914	938	999	306	322	503	764	832	679	654	826	888	519	528	479	336	458	349	202	154	107	82	68	144	84	75	93	50	102	48	77	57	49	67	37	66	38	49	47
64	170	2	2	119	0	1953125	12	0.0	0	0.90	0	0	V0.2	0	0	156	177	171	157	175	150	185	145	185	145	168	159	148	178	131	183	124	170	137	169	168	147	164	154	209	111	243	127	240	153	229	279	128	398	111	247	90	419	277	283	494	185	553	362	479	838	601	1000	781	365	590	590	899	636	673	156	730	339	493	241	319	457	170	328	377	93	238	212	235	162	268	177	248	187	220	236	172	254	162	242	168	227	196	202	218
64	170	2	2	119	0	1953125	12	0.0	0	0.89	0	0	V0.2	0	0	142	166	132	165	131	164	152	143	162	121	165	122	159	135	139	147	124	152	121	159	125	159	116	171	172	121	212	104	233	96	236	231	154	346	65	237	54	382	237	219	358	118	403	132	293	635	468	866	630	344	552	585	1000	707	659	145	533	87	284	152	175	311	159	246	360	79	235	171	215	161	215	209	175	204	166	222	150	220	173	193	182	167	206	156	213
64	170	2	2	119	0	1953125	12	0.0	0	0.95	0	0	V0.2	0	0	102	139	105	133	99	138	99	139	97	132	98	129	104	123	102	118	112	115	130	95	142	87	142	101	164	72	191	57	224	35	244	126	256	247	92	176	106	262	49	220	62	192	114	250	116	370	327	740	502	419	417	731	1000	833	767	337	659	227	506	146	367	234	98	124	270	156	213	240	112	211	121	227	76	216	98	204	96	199	104	188	112	181	129	165	144
64	170	2	2	119	0	1953125	12	0.0	0	0.94	0	0	V0.2	0	0	56	9	52	17	51	33	41	40	34	45	33	48	37	48	44	58	48	71	48	80	35	81	20	95	60	138	87	123	126	116	184	167	268	158	134	58	123	160	71	117	47	107	114	259	242	382	429	676	661	267	443	662	1000	846	612	573	806	657	605	457	447	301	193	89	148	209	230	146	171	75	115	87	105	95	74	98	57	88	45	80	45	79	61	67	62
64	170	2	2	119	0	1953125	12	0.0	0	0.95	0	0	V0.2	0	0	42	56	29	57	21	61	3	57	6	45	5	40	14	48	26	57	33	78	37	91	44	98	41	70	35	122	79	134	157	133	239	202	346	234	207	107	209	195	70	144	122	176	272	478	469	548	672	1000	902	512	439	484	837	939	383	162	726	764	782	646	554	386	114	214	261	354	298	195	205	86	153	80	130	50	105	88	101	81	70	90	51	76	51	73	42
64	170	2	2	119	0	1953125	12	0.0	0	0.96	0	0	V0.2	0	0	155	130	158	128	162	127	162	119	161	125	152	125	145	122	151	112	158	101	165	109	167	129	136	148	166	126	180	120	217	191	179	305	113	388	67	274	93	275	209	199	100	315	114	519	357	612	668	879	1000	523	628	209	755	716	419	318	536	370	685	315	486	361	160	131	302	382	101	325	70	272	106	261	126	218	136	248	146	208	152	203	173	183	169	173	180
64	170	2	2	119	0	1953125	12	0.0	0	0.95	0	0	V0.2	0	0	23	52	13	55	5	56	11	47	21	38	20	33	16	41	26	49	33	72	42	79	61	83	60	47	55	78	77	95	160	110	228	197	314	261	192	185	196	221	82	113	82	207	285	472	491	615	782	1000	988	697	578	534	845	989	408	88	494	603	579	542	443	355	152	197	261	272	257	132	187	100	147	94	114	77	79	99	75	88	52	95	47	68	45	61	40
64	170	2	2	119	0	1953125	12	0.0	0	0.95	0	0	V0.2	0	0	19	54	11	58	10	52	17	46	26	34	21	29	16	41	29	49	37	70	44	73	63	74	61	46	62	77	92	93	178	109	239	205	294	264	158	163	161	207	72	134	67	198	275	463	473	571	762	999	973	680	520	473	745	907	318	119	597	768	702	632	530	357	164	187	272	265	268	137	187	105	142	101	108	85	79	112	76	96	50	94	47	68	49	64	43
64	170	2	2	119	0	1953125	12	0.0	0	0.96	0	0	V0.2	0	0	128	104	131	106	128	106	129	101	130	102	124	101	118	101	120	97	122	89	130	91	131	103	110	117	144	88	153	106	173	147	146	254	103	327	97	224	141	206	232	78	183	193	91	277	98	486	291	628	591	290	524	529	1000	680	605	205	365	164	453	205	309	227	127	125	223	281	59	233	80	216	82	212	101	176	110	193	112	172	118	168	134	151	139	137	148
64	170	2	2	119	0	1953125	12	0.0	0	0.95	0	0	V0.2	0	0	135	163	132	162	132	166	135	155	136	155	133	154	128	149	135	143	148	124	162	115	174	110	157	137	211	71	244	66	279	119	246	256	166	353	102	191	174	215	269	31	348	279	349	448	346	828	556	1000	904	551	741	572	952	527	418	297	638	558	767	319	543	281	183	145	294	290	142	300	111	261	120	254	134	230	127	256	124	235	146	216	163	199	182	174	191
64	170	2	2	119	0	1953125	12	0.0	0	0.91	0	0	V0.2	0	0	54	29	47	50	23	53	2	43	6	44	23	29	26	40	32	33	43	43	47	30	74	22	50	42	36	29	87	48	87	82	99	171	108	255	235	176	158	143	323	276	402	367	428	574	529	784	853	764	921	274	226	489	698	694	283	373	739	1000	761	618	535	290	267	136	45	76	166	190	98	149	79	92	92	74	93	18	65	33	67	50	51	57	31	53	35
64	170	2	2	119	0	1953125	12	0.0	0	0.90	0	0	V0.2	0	0	25	54	39	35	49	16	60	11	51	35	44	41	35	48	32	43	31	58	14	63	30	58	22	84	89	84	145	63	156	92	152	161	136	228	145	169	95	238	337	301	401	344	396	558	471	568	635	580	691	109	113	556	1000	971	717	695	771	869	663	579	502	302	316	243	58	12	125	198	127	167	146	82	113	52	116	68	66	68	54	79	44	80	53	54	58
64	170	2	2	119	0	1953125	12	0.0	0	0.89	0	0	V0.2	0	0	32	48	8	53	14	48	37	29	44	20	46	21	42	30	41	30	44	37	37	55	28	65	24	97	71	99	111	50	119	36	135	95	144	174	95	151	108	274	290	268	335	253	298	402	310	389	417	466	497	126	268	609	1000	980	789	691	583	554	393	358	343	222	267	246	114	55	49	127	94	121	136	73	97	38	87	72	46	69	32	61	35	58	52	35	55
64	170	2	2	119	0	1953125	12	0.0	0	0.88	0	0	V0.2	0	0	122	128	107	139	95	142	108	122	126	100	138	88	138	93	121	117	99	135	78	143	85	136	114	116	171	63	171	100	160	116	151	199	73	274	79	217	143	220	323	86	280	245	93	381	107	341	194	452	519	152	326	470	1000	778	790	536	329	214	6	299	195	156	303	52	286	208	124	145	160	181	98	233	120	167	154	137	179	115	185	122	160	135	140	163	124
64	170	2	2	119	0	1953125	12	0.0	0	0.88	0	0	V0.2	0	0	98	112	113	104	129	90	130	98	112	114	94	128	84	126	87	109	108	93	131	74	129	85	127	116	97	163	72	150	98	148	126	149	206	47	218	90	174	158	133	254	118	171	328	135	329	17	348	257	349	292	218	646	778	1000	657	619	374	79	344	179	150	240	72	296	131	141	161	139	148	120	204	66	184	152	127	161	105	168	103	156	129	134	148	109	154
64	170	2	2	119	0	1953125	12	0.0	0	0.89	0	0	V0.2	0	0	111	113	125	100	131	97	136	103	118	115	99	132	87	134	82	121	102	108	127	81	145	73	148	86	142	147	92	176	65	171	100	184	118	152	196	102	194	33	247	217	110	293	146	349	315	193	331	219	470	125	297	445	1000	961	762	806	310	314	200	154	206	50	298	172	139	195	161	134	111	227	55	208	162	129	166	109	183	99	174	122	148	142	122	160	108
64	170	2	2	119	0	1953125	12	0.0	0	0.89	0	0	V0.2	0	0	30	26	43	5	43	10	40	33	19	35	18	39	16	35	30	36	24	39	38	37	55	28	72	34	93	89	69	108	53	111	69	90	93	68	117	5	109	99	178	228	155	258	281	309	351	203	377	376	359	75	256	683	965	1000	868	709	630	323	268	242	188	271	232	182	158	42	81	58	128	110	106	123	48	66	48	58	64	36	57	31	48	47	34	45	35
64	170	2	2	119	0	1953125	12	0.0	0	0.91	0	0	V0.2	0	0	64	21	59	43	33	49	16	56	6	49	24	41	32	40	38	35	46	37	52	26	74	15	62	4	101	67	103	133	80	173	93	191	157	161	246	86	104	35	220	160	269	427	385	532	456	662	955	868	920	352	100	694	870	1000	759	645	684	656	501	448	569	437	334	278	136	40	52	125	135	91	142	62	103	83	80	99	29	81	39	69	60	49	59	38	57
64	170	2	2	119	0	1953125	12	0.0	0	0.95	0	0	V0.2	0	0	147	131	142	130	151	131	154	118	148	121	157	114	148	105	153	110	154	108	145	121	148	144	141	122	159	202	108	226	58	240	89	272	163	164	229	181	162	199	137	219	132	268	214	179	328	433	604	499	813	254	594	652	939	1000	450	514	399	489	274	583	292	328	243	225	101	269	235	168	229	145	225	128	241	131	215	116	232	123	215	127	209	137	196	159	174
64	170	2	2	119	0	1953125	12	0.0	0	0.95	0	0	V0.2	0	0	169	144	166	144	174	146	176	132	167	135	178	126	169	118	172	132	168	131	157	147	156	173	150	145	172	230	114	262	50	282	107	313	212	181	282	178	227	191	165	243	176	287	334	194	472	267	535	347	705	117	449	604	956	1000	496	579	434	620	376	645	403	356	308	240	125	289	295	151	267	148	255	133	273	141	247	126	257	145	235	153	221	164	211	185	187
64	170	2	2	119	0	1953125	12	0.0	0	0.95	0	0	V0.2	0	0	224	191	222	187	236	189	234	173	224	180	238	164	229	152	236	172	223	175	208	202	205	232	193	192	237	293	167	352	78	396	121	442	286	269	393	211	330	231	215	332	254	394	487	353	748	260	752	592	908	503	169	393	886	987	498	553	721	1000	723	936	555	593	384	316	131	423	389	220	361	192	320	197	362	178	330	159	350	183	315	193	295	215	285	234	261
64	170	2	2	119	0	1953125	12	0.0	0	0.96	0	0	V0.2	0	0	170	198	182	200	162	197	168	218	156	190	159	195	170	187	141	189	149	215	132	199	133	223	185	177	138	251	142	282	156	265	284	274	485	83	433	171	351	183	200	169	288	198	528	276	727	318	761	999	827	863	326	539	413	919	319	319	358	953	611	762	701	314	378	301	335	222	445	66	345	150	299	146	308	190	283	157	280	215	249	209	223	222	225	235	201
64	170	2	2	119	0	1953125	12	0.0	0	0.96	0	0	V0.2	0	0	45	47	28	38	26	42	26	47	9	37	6	40	8	12	18	29	16	24	37	35	44	71	18	50	51	63	39	86	75	148	101	269	262	289	254	89	225	48	136	48	93	113	327	369	538	423	725	992	974	814	637	569	812	1000	520	311	307	702	707	549	612	292	116	116	312	265	200	177	99	132	38	103	36	59	25	103	63	51	35	52	47	23	38	27	18
64	170	2	2	119	0	1953125	12	0.0	0	0.87	0	0	V0.2	0	0	150	143	146	157	134	153	136	152	140	142	149	126	156	122	143	133	133	152	117	156	108	166	149	123	196	103	192	140	179	206	68	306	153	249	304	52	285	83	327	192	110	276	117	293	332	290	502	446	724	487	360	381	584	1000	364	524	579	519	644	498	172	280	207	253	26	273	198	158	239	129	201	154	187	219	141	210	165	174	173	166	198	155	186	158	171
64	170	2	2	119	0	1953125	12	0.0	0	0.86	0	0	V0.2	0	0	138	121	149	122	139	132	125	150	108	149	119	126	144	99	147	101	139	131	111	150	84	173	118	130	183	85	182	116	179	180	72	283	139	225	282	62	214	97	316	142	135	276	125	293	411	152	376	355	678	518	429	398	577	1000	484	592	646	596	611	509	186	301	180	216	56	229	233	94	227	144	162	173	134	225	123	191	190	127	187	124	190	149	157	181	125
64	170	2	2	119	0	1953125	12	0.0	0	0.95	0	0	V0.2	0	0	16	44	28	35	29	28	34	20	39	3	21	17	28	19	35	33	38	40	60	38	64	34	68	14	67	47	114	59	131	103	144	191	199	280	146	95	95	138	117	93	54	133	220	448	601	395	549	699	834	703	601	524	728	999	525	382	417	747	658	555	569	313	228	46	216	192	190	146	108	134	56	98	38	72	25	98	63	71	50	55	54	38	52	36	38
64	170	2	2	119	0	1953125	12	0.0	7078	2.23	0	0	V0.2	0	0	41	47	35	31	29	40	37	31	21	42	35	11	20	33	33	11	26	39	35	28	27	64	61	23	65	80	49	104	50	35	136	141	190	82	347	153	349	45	201	87	51	209	56	457	750	437	254	450	501	208	633	350	949	831	952	132	464	392	1000	154	487	6	62	90	167	50	83	101	27	41	59	28	28	33	44	5	40	40	30	16	21	40	30	19	12
64	170	2	2	119	0	1953125	12	0.0	7526	2.31	0	0	V0.2	0	0	27	47	24	57	19	37	35	52	23	12	50	7	22	35	13	33	16	12	42	12	31	36	43	59	43	74	23	103	29	39	76	6	145	146	194	68	133	80	153	311	239	111	209	332	143	186	269	401	593	478	253	372	634	364	355	839	1000	625	193	318	410	184	165	230	123	85	67	51	77	103	10	5	54	71	73	35	25	83	29	37	75	65	25	70	61
64	170	2	2	119	0	1953125	12	0.0	0	0.95	0	0	V0.2	0	0	333	286	286	316	328	296	241	204	201	234	185	114	91	116	143	105	81	153	202	247	243	210	290	366	406	379	332	378	485	481	500	461	408	550	526	545	498	455	396	590	655	525	270	601	514	341	825	189	410	732	596	579	253	555	228	1000	270	121	704	364	515	335	490	404	451	389	355	344	363	355	358	303	297	289	269	243	243	211	175	170	134	152	113	70	61
64	170	2	2	119	0	1953125	12	0.0	0	0.90	0	0	V0.2	0	0	33	39	42	17	46	8	48	17	38	31	28	38	25	43	22	36	22	49	13	45	32	36	24	54	64	57	120	51	116	67	145	186	150	236	185	166	105	166	303	197	367	258	412	556	548	756	712	717	1000	515	431	278	461	735	272	134	439	731	586	586	564	453	478	348	171	113	27	106	70	105	110	54	103	46	99	76	52	68	21	55	24	49	37	30	41
64	170	2	2	119	0	1953125	12	0.0	0	0.89	0	0	V0.2	0	0	22	66	9	59	35	45	60	20	58	23	54	36	40	41	41	40	40	51	29	69	25	75	32	99	105	88	150	62	131	72	151	179	152	239	136	146	99	282	418	325	464	408	441	659	604	671	734	686	964	524	274	378	734	1000	577	430	562	839	723	583	579	485	504	439	249	120	49	103	115	108	178	95	123	93	94	121	55	98	56	59	59	49	73	38	62
