34928	35048	35167	35286	35405	35524	35644	35763	35882	36001	36120	36240	36359	36478	36597	36716	36836	36955	37074	37193	37313	37432	37551	37670	37789	37909	38028	38147	38266	38385	38505	38624	38743	38862	38981	39101	39220	39339	39458	39577	39697	39816	39935	40054	40174	40293	40412	40531	40650	40770	40889	41008	41127	41246	41366	41485	41604	41723	41842	41962	42081	42200	42319	42439	42558	42677	42796	42915	43035	43154	43273	43392	43511	43631	43750	43869	43988	44107	44227	44346	44465	44584	44703	44823	44942
64	170	2	2	119	0	1953125	12	0.0	7696	2.34	0	0	V0.2	0	0	43	24	11	36	39	25	12	21	30	21	6	18	34	11	4	26	32	10	17	38	31	32	23	65	49	21	47	32	60	29	32	27	112	65	149	63	285	207	222	353	295	297	217	165	103	274	466	349	258	496	739	510	1000	248	533	882	565	196	646	685	715	348	386	305	276	159	24	79	103	69	52	60	70	35	53	50	53	29	41	33	43	19	31	31	24
64	170	2	2	119	0	1953125	12	0.0	0	0.87	0	0	V0.2	0	0	586	599	604	630	636	648	644	628	618	609	605	611	604	601	569	557	535	541	542	562	542	548	541	555	574	614	610	628	653	673	691	731	744	731	803	800	779	778	749	825	744	949	829	757	655	815	792	873	647	711	798	570	878	806	695	683	769	1000	701	755	658	793	752	812	815	818	770	801	829	848	881	851	833	837	825	833	845	831	821	795	789	759	762	780	782
64	170	2	2	119	0	1953125	12	0.0	0	0.98	0	0	V0.2	0	0	49	85	40	64	42	89	51	71	25	87	58	74	34	70	47	87	49	56	38	86	62	53	16	105	75	56	22	114	66	112	121	97	150	107	48	104	115	146	253	91	162	65	348	283	233	44	206	94	72	181	496	278	339	685	1000	779	701	539	431	510	245	168	205	223	96	156	54	179	30	101	29	142	62	115	16	119	65	119	33	96	53	114	56	80	45
64	170	2	2	119	0	1953125	12	0.0	0	0.99	0	0	V0.2	0	0	51	2	46	8	53	6	43	11	46	13	47	23	37	21	42	29	34	33	40	32	35	53	53	53	60	46	41	85	106	146	197	153	188	115	48	102	125	31	90	150	331	268	297	129	166	189	438	577	542	420	170	224	447	692	918	1000	765	336	210	566	641	530	337	101	94	73	55	104	116	66	74	87	101	24	66	69	83	23	61	48	50	34	61	39	28
64	170	2	2	119	0	1953125	12	0.0	0	0.97	0	0	V0.2	0	0	8	37	9	34	11	35	21	28	20	19	17	20	18	27	19	27	18	29	14	32	20	36	15	45	42	34	31	57	68	60	105	65	132	77	106	75	187	209	163	59	181	306	259	195	63	161	120	176	308	443	438	254	157	328	633	898	999	792	633	396	247	143	45	39	79	142	74	97	53	105	52	65	45	60	52	34	41	14	24	22	34	12	23	14	19
64	170	2	2	119	0	1953125	12	0.0	0	0.90	0	0	V0.2	0	0	119	118	141	92	141	96	154	106	141	126	100	134	97	152	78	137	69	132	101	121	132	79	135	65	175	79	169	64	188	132	146	228	73	362	147	300	182	295	195	257	619	309	600	568	302	552	688	1000	407	419	156	466	658	538	711	123	191	609	892	694	618	628	337	508	206	293	280	112	248	100	258	93	203	106	198	163	156	181	129	164	121	190	118	178	114
64	170	2	2	119	0	1953125	12	0.0	134	1.04	0	0	V0.2	0	0	397	368	351	326	348	319	282	243	251	213	180	153	160	143	126	144	180	208	205	243	289	334	338	364	418	426	466	420	475	499	537	501	510	546	510	498	518	437	593	484	420	479	475	539	402	421	608	654	44	745	499	115	452	822	438	1000	596	412	448	431	479	322	293	508	390	424	363	405	438	359	353	344	350	349	292	240	228	259	192	158	159	142	99	62	41
64	170	2	2	119	0	1953125	12	0.0	0	0.88	0	0	V0.2	0	0	87	139	120	108	137	85	148	103	128	144	81	141	79	131	115	100	141	55	130	75	131	112	86	166	34	159	124	113	152	112	170	54	282	209	132	413	120	278	139	262	273	109	389	472	380	784	581	482	499	289	608	472	894	706	900	1000	986	982	518	470	511	279	405	294	146	234	70	289	80	242	234	95	246	79	209	147	154	213	93	194	111	166	165	119	187
64	170	2	2	119	0	1953125	12	0.0	7686	2.34	0	0	V0.2	0	0	38	35	35	29	29	22	26	24	27	19	19	9	19	10	9	18	5	28	16	37	23	63	32	35	33	24	51	91	65	84	92	96	176	98	127	56	196	81	345	433	419	490	421	298	323	435	268	801	481	627	580	665	559	834	924	563	999	572	279	145	403	334	147	215	107	147	107	81	116	121	64	31	53	34	52	34	41	32	28	6	21	17	9	2	3
64	170	2	2	119	0	1953125	12	0.0	7316	2.28	0	0	V0.2	0	0	35	38	25	57	46	19	18	44	51	9	12	42	36	3	10	43	28	9	26	88	66	16	51	120	77	63	37	130	183	92	106	76	159	83	116	21	246	281	267	244	169	180	290	359	254	151	220	297	338	473	440	313	120	309	675	870	1000	817	492	226	170	354	266	200	41	160	146	117	77	77	87	55	53	56	101	38	32	38	80	38	36	30	76	61	27
64	170	2	2	119	0	1953125	12	0.0	0	0.98	0	0	V0.2	0	0	424	405	375	362	362	346	308	260	238	225	210	169	127	128	146	142	149	186	235	293	278	333	363	397	421	455	475	498	532	487	575	613	474	539	643	701	476	459	759	654	419	736	496	540	473	573	646	761	71	601	1000	358	160	862	819	593	847	606	923	855	286	357	418	420	545	462	439	347	434	481	406	361	331	351	357	313	245	209	193	249	186	153	92	93	79
64	170	2	2	119	0	1953125	12	0.0	7676	2.34	0	0	V0.2	0	0	34	34	38	41	37	33	35	35	29	16	35	21	18	28	7	31	22	12	24	26	34	40	45	35	24	80	53	101	55	81	77	48	209	286	344	83	392	266	512	129	465	459	574	316	257	496	671	825	364	115	415	43	596	920	928	1000	491	401	632	237	759	670	344	286	304	171	188	171	41	90	47	41	24	56	17	36	19	22	11	13	15	8	13	22	17
64	170	2	2	119	0	1953125	12	0.0	0	0.87	0	0	V0.2	0	0	39	24	49	18	29	23	23	40	7	40	25	13	19	33	31	12	41	26	27	6	48	40	36	69	31	53	26	81	93	49	166	130	154	153	84	135	159	103	74	9	167	284	490	572	419	347	476	385	243	215	161	84	109	695	1000	887	751	550	461	514	389	242	158	145	117	95	47	27	28	48	77	89	25	89	91	35	63	53	53	35	32	59	22	30	46
64	170	2	2	119	0	1953125	12	0.0	0	0.86	0	0	V0.2	0	0	18	37	4	36	21	31	43	9	31	20	25	18	29	44	15	25	25	39	11	43	55	15	64	35	49	33	51	89	28	102	140	142	152	61	76	95	145	61	56	228	284	405	520	455	428	286	216	132	200	101	175	86	283	940	1000	865	684	736	662	498	372	291	264	214	55	67	100	44	82	82	110	95	47	106	77	52	83	61	63	45	51	65	23	46	50
64	170	2	2	119	0	1953125	12	0.0	0	0.87	0	0	V0.2	0	0	29	37	45	3	36	6	42	36	19	43	16	17	16	39	24	23	38	30	31	17	54	25	49	41	15	44	22	83	52	89	132	105	121	108	107	209	178	53	59	120	125	225	411	424	389	279	176	105	72	145	374	228	342	959	1000	686	487	641	557	490	349	223	187	164	53	81	79	40	82	76	136	98	59	116	72	62	65	62	65	20	57	54	17	41	40
64	170	2	2	119	0	1953125	12	0.0	0	0.97	0	0	V0.2	0	0	103	91	122	76	109	91	125	81	122	64	131	75	119	54	118	68	119	55	109	66	145	41	109	67	160	35	158	33	180	32	263	58	183	98	360	235	524	295	317	145	260	240	520	566	367	333	239	445	500	795	598	574	51	320	676	939	882	1000	533	656	266	279	132	289	182	205	181	132	93	209	140	148	144	153	151	130	113	151	122	146	112	134	114	149	109
64	170	2	2	119	0	1953125	12	0.0	7540	2.31	0	0	V0.2	0	0	32	36	28	23	36	20	28	26	16	24	27	13	17	19	20	8	24	19	20	17	7	54	39	38	22	71	55	27	123	31	65	80	127	61	57	91	497	337	533	73	66	242	394	211	337	73	171	503	515	530	566	489	125	1000	991	73	552	617	335	485	249	114	92	142	110	35	68	26	53	17	27	86	43	60	12	51	9	24	5	14	7	11	10	9	2
64	170	2	2	119	0	1953125	12	0.0	7680	2.34	0	0	V0.2	0	0	39	28	28	34	35	20	31	7	43	15	24	5	30	6	19	24	20	24	15	64	34	32	29	33	44	35	41	64	41	36	106	31	99	45	40	65	78	84	153	67	91	266	267	253	274	309	400	333	373	411	534	820	986	1000	837	380	59	354	525	342	200	133	175	80	63	78	88	24	45	20	51	70	19	40	39	68	14	13	46	47	17	15	38	27	17
64	170	2	2	119	0	1953125	12	0.0	7821	2.36	0	0	V0.2	0	0	60	71	13	37	68	77	16	20	68	73	9	16	57	44	19	38	37	52	26	47	52	102	38	76	133	48	74	103	218	33	162	120	223	146	168	178	232	136	162	175	445	766	884	1000	831	474	367	463	410	484	493	841	979	913	630	284	557	750	912	763	472	191	266	422	268	164	121	231	100	83	93	140	21	15	82	65	69	41	47	56	96	61	32	29	69
64	170	2	2	119	0	1953125	12	0.0	6957	2.21	0	0	V0.2	0	0	45	53	31	45	67	23	44	9	61	53	19	42	7	54	35	62	59	15	35	33	83	30	71	70	39	72	22	127	84	74	118	25	152	90	183	246	140	189	137	84	189	208	423	451	426	451	323	209	247	279	396	412	400	548	565	749	890	902	1000	926	719	587	389	97	98	98	230	182	99	123	31	145	126	90	110	24	64	51	80	97	39	49	38	59	65
64	170	2	2	119	0	1953125	12	0.0	0	0.87	0	0	V0.2	0	0	63	88	63	95	80	87	90	70	91	61	95	75	81	93	53	88	48	90	70	77	89	47	91	43	101	92	77	110	53	83	101	105	109	77	212	78	200	183	203	321	106	288	137	180	160	104	37	357	241	118	377	765	825	999	609	450	624	604	736	522	241	121	117	155	56	207	209	59	227	65	182	158	79	185	49	148	112	96	147	67	146	73	121	110	80
64	170	2	2	119	0	1953125	12	0.0	0	0.95	0	0	V0.2	0	0	44	16	46	19	41	9	45	23	41	34	32	28	34	36	35	33	43	37	46	45	54	63	55	95	49	104	25	119	52	154	93	132	60	124	108	140	252	146	353	316	369	308	279	190	263	455	647	830	612	412	321	415	549	692	1000	944	936	768	675	457	95	30	170	174	91	115	59	128	64	96	70	75	63	38	61	16	41	21	56	19	48	32	33	23	30
64	170	2	2	119	0	1953125	12	0.0	7501	2.31	0	0	V0.2	0	0	20	18	13	15	10	13	16	8	11	7	8	7	3	7	1	8	4	9	10	7	14	5	22	5	15	20	40	44	36	37	101	5	85	13	96	121	160	143	198	124	343	339	379	210	326	245	133	487	123	467	208	1000	440	516	90	660	710	258	367	299	235	178	105	83	54	83	51	51	5	63	10	56	39	27	28	9	26	11	14	5	10	7	12	7	14
64	170	2	2	119	0	1953125	12	0.0	7858	2.37	0	0	V0.2	0	0	85	76	43	76	63	81	22	38	66	84	15	2	82	42	9	45	59	45	12	57	109	136	100	136	67	175	61	165	156	135	74	276	192	133	98	217	69	340	447	910	974	966	759	197	286	720	611	175	156	539	383	400	634	933	1000	656	646	478	365	494	262	258	313	254	194	192	110	93	55	48	115	169	57	104	44	83	53	14	60	61	22	26	51	40	18
64	170	2	2	119	0	1953125	12	0.0	7654	2.33	0	0	V0.2	0	0	28	27	28	23	28	24	27	18	21	23	11	13	6	6	13	8	21	30	18	25	13	34	23	49	25	67	28	104	98	98	89	76	107	137	171	140	103	158	90	82	179	201	364	228	555	502	254	310	394	200	537	107	508	468	471	825	667	615	869	862	1000	559	335	240	174	150	40	85	74	14	50	40	11	33	27	32	6	41	14	9	6	7	14	0	2
64	170	2	2	119	0	1953125	12	0.0	0	0.86	0	0	V0.2	0	0	308	295	262	243	240	264	239	235	194	163	135	99	89	90	86	77	65	120	159	204	213	245	272	276	298	346	408	408	419	408	465	421	469	517	527	531	527	397	573	661	341	418	662	311	394	689	618	246	614	695	319	367	759	412	226	1000	517	178	672	467	405	486	408	348	393	394	374	302	278	280	301	324	285	278	246	217	180	150	165	207	200	160	126	106	62
64	170	2	2	119	0	1953125	12	0.0	7521	2.31	0	0	V0.2	0	0	31	39	39	36	34	35	30	31	25	23	28	18	25	25	19	23	25	18	21	18	35	38	39	41	41	62	69	105	57	100	76	92	172	230	230	57	376	170	126	205	645	569	341	433	462	937	659	345	236	341	699	363	564	465	573	602	1000	695	509	23	300	52	123	230	167	112	23	59	10	40	33	52	20	19	24	11	22	6	24	14	8	19	26	14	7
64	170	2	2	119	0	1953125	12	0.0	7783	2.36	0	0	V0.2	0	0	52	21	25	36	34	34	21	47	17	49	30	43	9	47	27	22	36	17	18	44	51	46	45	55	44	60	34	78	76	19	60	27	114	13	85	55	162	193	331	254	214	17	196	179	179	47	172	192	177	49	367	743	1000	985	634	223	550	742	532	316	129	277	149	135	81	127	32	72	49	71	101	33	27	54	79	8	50	40	33	35	48	23	19	30	11
64	170	2	2	119	0	1953125	12	0.0	0	0.98	0	0	V0.2	0	0	623	644	656	650	654	673	677	674	652	654	661	649	625	604	602	602	586	578	560	566	581	576	574	610	606	622	635	691	677	708	747	770	781	763	828	884	834	847	824	811	878	872	914	723	971	815	619	901	827	788	694	822	883	724	482	947	1000	600	888	879	707	776	882	782	799	871	914	882	818	886	923	917	876	870	887	919	880	841	844	877	860	820	800	815	829
64	170	2	2	119	0	1953125	12	0.0	0	1.00	0	0	V0.2	0	0	39	18	37	14	44	15	41	12	46	19	36	16	41	17	31	32	46	24	30	39	39	40	36	61	43	70	52	85	41	108	76	83	69	56	64	181	240	311	342	231	215	62	31	130	288	459	523	442	478	352	175	283	767	887	1000	625	326	260	380	385	325	241	70	49	146	190	146	137	82	120	71	96	41	70	35	65	34	55	39	58	32	39	33	47	41
64	170	2	2	119	0	1953125	12	0.0	0	0.88	0	0	V0.2	0	0	80	115	101	91	106	76	118	87	121	97	92	103	70	118	75	112	76	89	84	76	115	70	114	66	97	102	94	117	119	81	97	115	90	188	186	198	399	202	436	368	247	312	37	197	122	130	240	86	360	158	301	131	281	366	588	525	612	882	827	948	1000	536	500	211	216	216	70	230	31	231	176	122	168	88	183	64	189	111	138	134	98	145	92	155	97
64	170	2	2	119	0	1953125	12	0.0	0	0.86	0	0	V0.2	0	0	33	72	56	40	68	5	66	40	46	66	11	59	41	52	41	57	67	37	80	40	100	56	109	139	64	183	127	139	157	61	229	204	230	406	306	407	380	462	764	639	578	392	269	294	331	576	718	637	772	681	692	816	259	264	755	885	1000	911	667	518	443	445	559	494	571	387	305	209	67	170	110	132	148	51	106	77	71	112	49	110	83	65	93	53	73
64	170	2	2	119	0	1953125	12	0.0	0	0.99	0	0	V0.2	0	0	33	34	41	24	34	25	32	26	34	32	33	31	34	36	29	44	31	45	23	66	34	62	22	79	35	82	37	112	57	150	126	186	144	132	129	82	117	62	41	216	282	295	321	260	283	185	366	420	555	365	235	286	626	816	1000	828	537	197	135	194	129	73	115	38	113	168	120	173	95	123	61	113	63	86	50	87	65	62	48	57	50	49	45	45	39
64	170	2	2	119	0	1953125	12	0.0	7546	2.31	0	0	V0.2	0	0	27	47	37	26	34	32	29	25	26	11	23	11	8	14	27	16	54	22	45	20	48	5	70	22	23	63	31	96	77	65	159	229	269	245	219	250	153	415	469	547	446	413	466	162	447	123	283	599	764	1000	633	876	729	906	573	389	709	287	414	363	255	77	541	305	450	230	154	111	112	142	75	63	71	70	18	44	44	31	32	22	38	21	27	14	23
64	170	2	2	119	0	1953125	12	0.0	0	1.01	0	0	V0.2	0	0	462	419	407	400	397	365	315	288	309	246	198	191	187	148	137	167	192	206	248	283	321	352	368	434	461	489	505	538	554	594	586	593	644	648	672	575	666	585	589	641	767	420	746	638	538	587	626	501	302	747	451	656	413	982	491	92	999	529	493	639	434	534	517	549	411	536	565	463	419	432	494	419	374	325	359	360	276	202	259	238	158	115	84	82	89
64	170	2	2	119	0	1953125	12	0.0	0	0.83	0	0	V0.2	0	0	31	7	33	20	21	40	13	25	29	11	32	21	21	24	15	24	14	26	20	19	35	15	54	40	11	32	16	46	40	11	24	39	88	149	45	60	87	121	154	168	111	161	212	254	250	195	54	350	510	660	474	572	830	1000	953	690	390	520	665	494	370	190	90	133	126	53	143	104	86	93	23	53	54	20	42	32	25	52	29	42	47	26	41	44	31
64	170	2	2	119	0	1953125	12	0.0	0	0.87	0	0	V0.2	0	0	84	63	96	63	81	74	64	90	68	101	62	78	71	57	93	47	98	62	66	72	47	101	39	103	66	80	57	103	127	51	206	145	124	155	81	280	128	160	152	202	397	217	288	405	279	567	426	313	139	41	490	402	252	247	868	1000	996	891	605	449	257	196	247	131	114	139	117	229	15	209	130	107	145	59	188	68	140	118	71	130	48	139	77	112	110
64	170	2	2	119	0	1953125	12	0.0	474	1.10	0	0	V0.2	0	0	44	31	44	41	18	48	17	44	15	23	41	12	30	28	36	20	7	30	36	15	49	7	55	64	68	128	56	143	59	137	128	240	166	188	58	166	239	173	232	110	205	108	167	290	298	519	878	1000	605	532	794	866	660	582	197	195	446	455	486	544	620	283	272	424	406	175	119	26	125	201	102	80	97	93	33	25	56	39	71	45	14	67	37	18	43
64	170	2	2	119	0	1953125	12	0.0	0	0.97	0	0	V0.2	0	0	48	34	55	27	58	28	57	27	64	30	61	46	68	41	57	56	71	59	77	70	83	66	109	84	119	53	118	68	138	75	32	28	177	139	123	70	181	249	349	329	395	404	233	79	303	628	581	351	84	291	370	336	290	476	790	886	853	783	1000	809	697	380	97	67	201	123	147	167	207	189	165	201	145	151	101	140	81	75	57	85	58	72	69	61	49
64	170	2	2	119	0	1953125	12	0.0	0	0.98	0	0	V0.2	0	0	46	57	38	56	46	72	26	51	38	66	24	45	62	66	49	55	78	56	81	71	78	42	103	90	111	114	178	214	175	259	173	188	85	298	380	412	146	103	199	252	125	130	45	218	351	756	958	919	785	541	472	781	1000	935	577	147	844	846	643	555	808	685	473	273	303	426	248	142	73	212	94	131	117	191	98	111	101	98	51	75	77	56	44	63	61
