34928	35048	35167	35286	35405	35524	35644	35763	35882	36001	36120	36240	36359	36478	36597	36716	36836	36955	37074	37193	37313	37432	37551	37670	37789	37909	38028	38147	38266	38385	38505	38624	38743	38862	38981	39101	39220	39339	39458	39577	39697	39816	39935	40054	40174	40293	40412	40531	40650	40770	40889	41008	41127	41246	41366	41485	41604	41723	41842	41962	42081	42200	42319	42439	42558	42677	42796	42915	43035	43154	43273	43392	43511	43631	43750	43869	43988	44107	44227	44346	44465	44584	44703	44823	44942
64	170	2	2	119	0	1953125	12	0.0	0	0.86	0	0	V0.2	0	0	191	175	167	196	150	198	163	179	188	149	199	140	188	166	152	201	130	192	157	165	191	136	228	136	202	190	189	228	130	295	146	254	327	44	384	230	220	375	92	526	473	427	669	235	658	263	377	521	250	350	741	310	546	424	1000	696	872	439	477	363	125	285	296	74	411	156	284	257	148	305	119	293	234	174	274	151	247	191	208	240	161	248	171	215	213
64	170	2	2	119	0	1953125	12	0.0	0	0.89	0	0	V0.2	0	0	15	37	34	17	38	2	37	12	34	28	19	31	19	32	21	39	26	37	19	46	38	45	71	31	67	20	85	70	90	161	85	162	138	114	204	76	100	88	80	28	223	135	136	120	18	8	41	91	556	651	1000	837	713	575	388	599	710	366	217	129	207	245	206	295	268	290	247	150	184	111	99	92	67	86	23	61	46	37	47	32	46	20	41	42	30
64	170	2	2	119	0	1953125	12	0.0	0	0.91	0	0	V0.2	0	0	22	67	33	57	48	38	58	13	55	1	53	19	51	35	51	42	50	48	30	63	37	94	21	101	45	60	36	72	75	81	91	66	218	92	216	244	225	320	289	466	513	516	607	354	337	262	389	391	410	652	587	1000	806	633	881	284	236	493	814	875	604	529	326	330	137	59	142	71	91	32	121	80	76	119	45	82	29	83	68	33	63	37	55	21	44
64	170	2	2	119	0	1953125	12	0.0	0	0.92	0	0	V0.2	0	0	17	51	6	46	21	36	31	22	37	15	38	16	41	21	40	25	43	28	53	41	42	60	10	50	13	72	15	63	5	121	95	139	194	167	233	164	241	246	164	290	261	232	309	100	131	46	163	210	381	675	753	731	501	567	878	1000	791	456	406	236	396	322	267	274	198	171	128	20	62	33	68	13	65	33	56	64	46	61	27	62	42	38	41	36	40
64	170	2	2	119	0	1953125	12	0.0	0	0.86	0	0	V0.2	0	0	152	134	161	130	150	148	133	161	125	156	133	134	148	118	158	115	150	139	118	160	113	166	119	161	165	112	183	117	191	140	188	217	77	349	73	279	269	74	361	141	254	382	32	361	248	213	360	164	546	802	634	1000	387	495	263	733	260	277	372	173	407	357	250	386	41	342	240	153	317	89	229	206	149	261	101	232	173	159	217	111	223	143	184	193	130
64	170	2	2	119	0	1953125	12	0.0	7440	2.30	0	0	V0.2	0	0	25	27	17	30	20	23	20	18	17	11	12	16	15	10	13	19	20	17	42	5	21	20	48	30	18	61	37	77	37	69	84	55	192	137	124	302	97	210	354	65	344	54	203	99	418	499	359	509	462	929	241	999	568	156	66	161	158	107	162	405	312	227	164	77	44	86	107	74	66	47	54	9	27	40	21	25	13	28	21	4	14	23	8	8	20
64	170	2	2	119	0	1953125	12	0.0	0	0.85	0	0	V0.2	0	0	718	718	714	727	716	716	717	710	703	693	688	680	675	673	669	666	669	668	673	675	687	687	693	706	733	748	750	764	749	796	788	791	865	821	853	769	804	890	747	922	781	843	966	671	734	909	834	612	880	792	836	931	772	468	976	1000	867	884	690	836	820	848	842	896	859	802	864	867	891	908	916	914	872	857	856	869	877	890	871	860	830	830	839	838	856
64	170	2	2	119	0	1953125	12	0.0	0	0.97	0	0	V0.2	0	0	165	234	169	234	174	223	175	225	172	220	159	225	165	220	162	206	180	205	161	228	140	253	171	239	177	251	231	217	201	248	193	307	87	408	233	563	514	392	682	213	638	91	550	42	500	252	790	367	850	534	975	711	42	441	909	500	918	443	999	776	831	693	239	469	134	214	295	292	244	335	182	380	144	329	159	306	199	268	209	261	207	280	192	280	176
64	170	2	2	119	0	1953125	12	0.0	0	0.86	0	0	V0.2	0	0	36	17	42	21	36	35	10	40	12	29	27	17	34	15	25	20	39	23	44	49	25	68	30	36	34	47	81	2	74	38	82	118	89	199	203	178	261	232	276	322	117	208	136	84	303	410	510	519	393	658	624	660	549	672	923	1000	708	649	441	511	445	222	265	177	77	176	116	127	151	89	169	127	95	126	75	98	87	70	93	57	64	74	49	62	60
64	170	2	2	119	0	1953125	12	0.0	0	0.86	0	0	V0.2	0	0	180	188	198	173	209	168	206	185	173	206	150	205	158	187	193	145	211	134	205	171	174	232	114	248	163	203	236	114	330	137	251	297	97	407	28	413	228	351	508	151	429	454	213	694	354	658	655	426	581	249	322	279	267	461	471	1000	520	505	634	602	726	104	394	455	18	401	244	233	325	156	341	161	269	264	193	288	174	279	212	222	264	173	267	194	237
64	170	2	2	119	0	1953125	12	0.0	0	0.97	0	0	V0.2	0	0	57	37	70	14	66	16	68	17	69	30	60	30	53	33	53	32	53	24	61	43	96	38	80	26	101	47	86	38	117	61	110	157	98	164	161	294	144	166	65	279	353	691	639	678	725	649	791	581	737	962	1000	899	485	43	358	523	402	548	800	787	506	398	238	292	269	273	346	247	266	132	226	159	165	104	121	115	81	86	79	91	59	88	74	79	64
64	170	2	2	119	0	1953125	12	0.0	0	0.89	0	0	V0.2	0	0	46	7	46	11	46	39	22	48	15	39	20	40	34	34	44	45	55	28	59	30	51	36	67	86	35	102	53	93	113	106	166	101	142	182	96	168	138	290	221	220	233	315	157	154	49	150	153	465	529	894	1000	779	773	575	183	126	335	502	447	358	200	253	265	206	191	255	214	193	163	91	104	55	75	85	37	61	32	62	43	35	60	29	41	32	41
64	170	2	2	119	0	1953125	12	0.0	0	0.98	0	0	V0.2	0	0	207	228	202	246	199	242	189	241	193	248	168	245	174	245	169	239	151	259	178	223	174	254	181	241	176	292	135	321	194	262	218	274	284	232	344	532	157	623	238	452	210	747	471	941	654	681	641	705	669	944	1000	357	593	401	452	584	619	90	385	344	476	290	272	282	367	259	446	131	445	141	422	158	323	241	320	222	305	225	320	222	297	220	296	236	283
64	170	2	2	119	0	1953125	12	0.0	0	0.86	0	0	V0.2	0	0	196	171	194	172	184	188	178	199	162	192	166	173	184	152	205	153	177	181	150	193	140	219	159	184	219	154	207	156	272	168	186	322	100	337	117	276	227	264	364	234	304	535	103	444	468	261	604	234	580	501	490	856	595	878	857	1000	608	215	571	218	510	271	81	417	243	239	346	102	337	184	267	266	163	304	182	253	239	199	271	172	264	204	216	247	179
64	170	2	2	119	0	1953125	12	0.0	0	0.86	0	0	V0.2	0	0	35	28	20	37	5	35	25	18	35	8	31	22	24	24	22	28	17	41	24	44	42	19	46	15	55	38	50	79	47	82	97	77	136	60	129	139	103	171	66	28	21	115	132	226	187	397	406	496	501	686	978	1000	881	515	339	534	311	78	284	243	166	125	73	66	124	29	78	76	68	128	77	97	87	37	74	38	53	63	25	53	34	40	43	26	44
64	170	2	2	119	0	1953125	12	0.0	0	0.86	0	0	V0.2	0	0	33	17	39	12	34	29	15	40	10	31	28	21	30	20	38	25	40	29	42	46	19	61	20	48	52	29	74	36	80	97	57	126	75	147	126	135	284	202	121	182	126	122	192	239	266	290	353	594	675	907	999	785	888	664	469	63	308	400	400	176	141	46	105	164	127	212	134	120	136	85	105	99	59	101	61	68	78	37	62	40	49	53	28	54	43
64	170	2	2	119	0	1953125	12	0.0	0	0.93	0	0	V0.2	0	0	196	228	200	236	191	226	198	222	207	208	206	191	214	182	229	168	216	171	225	189	212	207	186	213	239	221	199	257	189	306	149	343	221	269	297	280	137	450	201	268	282	171	412	49	529	430	367	634	322	652	595	721	368	751	596	888	810	520	858	635	1000	326	535	435	184	433	167	368	167	322	241	306	208	315	241	270	280	244	294	207	303	206	297	214	280
64	170	2	2	119	0	1953125	12	0.0	0	0.86	0	0	V0.2	0	0	24	22	34	10	35	20	21	33	6	31	20	24	32	18	29	18	30	17	40	33	32	57	19	53	39	49	82	14	86	82	54	126	23	129	127	177	234	195	249	326	203	302	220	212	350	299	402	310	150	162	170	312	243	457	999	956	542	423	290	318	325	211	297	224	163	192	124	122	109	75	130	76	73	82	39	66	45	47	63	33	54	51	33	46	38
64	170	2	2	119	0	1953125	12	0.0	7385	2.29	0	0	V0.2	0	0	30	40	19	38	31	21	15	33	24	16	16	24	18	9	28	17	48	18	71	31	43	31	58	49	51	65	82	71	32	27	86	56	54	176	428	228	280	16	175	170	243	324	73	339	329	376	508	665	668	920	809	984	74	460	618	890	1000	136	625	455	703	236	47	81	127	79	68	26	21	81	58	73	18	42	46	5	34	22	28	33	12	25	20	13	8
64	170	2	2	119	0	1953125	12	0.0	0	0.98	0	0	V0.2	0	0	630	642	650	634	630	636	639	629	617	612	616	615	599	588	590	608	595	580	590	599	613	609	610	621	647	664	650	663	695	698	714	713	704	759	727	756	747	724	796	713	776	622	773	770	695	708	707	685	802	681	651	463	999	741	490	753	915	711	517	828	808	656	744	793	764	788	783	762	782	788	793	782	764	781	789	772	753	754	763	764	745	735	748	750	749
64	170	2	2	119	0	1953125	12	0.0	0	0.95	0	0	V0.2	0	0	56	31	45	31	35	35	30	37	26	35	30	45	25	42	28	36	31	49	35	50	26	68	42	114	53	122	63	142	149	103	126	64	53	199	283	250	317	180	247	264	384	509	501	509	360	191	164	200	372	617	866	751	592	526	850	979	1000	545	147	197	313	277	218	164	131	12	55	147	176	101	143	79	137	70	94	62	67	66	66	78	50	74	50	68	44
64	170	2	2	119	0	1953125	12	0.0	0	0.93	0	0	V0.2	0	0	36	59	23	57	20	45	16	44	31	25	27	21	24	26	41	32	47	16	49	10	45	12	63	41	52	27	75	34	81	77	143	272	269	383	288	195	231	34	131	85	183	389	341	378	209	303	226	252	299	526	955	874	975	570	180	463	1000	908	601	387	158	322	235	234	358	222	223	141	111	130	57	85	10	55	6	73	38	47	33	39	56	13	47	20	38
64	170	1	2	119	0	1953125	12	0.0	7606	2.32	0	0	V0.2	0	0	41	44	33	43	44	32	21	37	40	21	23	24	32	17	26	25	58	16	44	47	64	30	80	41	36	60	41	55	93	10	68	104	250	301	357	210	439	281	403	506	602	548	505	609	817	366	634	295	170	497	839	168	1000	448	676	644	551	668	848	533	528	174	235	13	128	44	52	75	44	80	32	48	43	16	79	27	22	23	35	42	13	19	23	33	24
64	170	1	2	119	0	1953125	12	0.0	0	0.88	0	0	V0.2	0	0	764	768	777	792	798	781	765	755	750	761	761	757	738	722	716	721	730	742	734	725	724	743	762	788	806	807	791	807	841	863	892	911	871	836	926	894	922	929	850	923	871	911	886	905	843	967	899	857	733	982	922	751	635	809	932	944	1000	723	929	875	903	930	973	924	929	934	953	968	979	963	961	958	957	956	955	965	954	935	926	929	909	928	916	918	905
64	170	1	2	119	0	1953125	12	0.0	0	0.85	0	0	V0.2	0	0	192	139	182	171	148	196	140	182	165	145	186	125	182	149	148	192	104	194	145	146	196	111	201	145	173	204	117	212	182	159	205	173	209	178	196	306	48	329	247	115	195	207	232	125	211	366	281	557	436	554	878	607	1000	707	796	953	471	857	498	466	506	33	449	280	144	324	111	287	239	166	334	120	264	253	139	288	149	238	230	154	258	150	221	203	178
64	170	2	2	119	0	1953125	12	0.0	0	0.99	0	0	V0.2	0	0	4	49	11	52	6	50	11	56	9	46	19	41	10	36	20	27	39	54	44	47	39	56	30	44	53	50	99	134	116	172	128	213	127	81	122	204	180	297	269	257	148	42	115	200	123	200	313	267	293	189	523	330	273	452	841	975	999	988	909	852	780	489	261	246	146	192	162	228	116	160	115	168	87	84	51	70	30	66	47	59	40	59	43	36	36
64	170	2	2	119	0	1953125	12	0.0	0	0.95	0	0	V0.2	0	0	145	200	151	203	152	198	149	197	156	187	154	177	154	178	163	161	165	162	174	158	179	156	181	168	202	158	204	152	276	106	243	167	232	139	323	168	293	186	220	242	241	109	219	247	222	539	218	495	141	540	592	1000	584	499	371	805	434	557	521	690	759	320	555	97	294	158	329	84	335	149	307	165	284	226	232	247	206	245	189	249	183	246	168	252	165
64	170	2	2	119	0	1953125	12	0.0	0	0.95	0	0	V0.2	0	0	35	19	45	5	38	6	37	18	31	23	28	22	27	28	28	25	43	37	27	35	43	52	26	63	7	53	4	86	42	77	77	110	99	77	142	53	48	39	116	29	116	103	113	130	257	396	532	521	471	749	999	850	576	301	600	569	288	336	323	289	155	94	55	42	55	98	95	75	74	42	84	29	79	49	72	47	48	58	30	44	30	51	20	38	31
64	170	2	2	119	0	1953125	12	0.0	4203	1.74	0	0	V0.2	0	0	24	12	6	18	21	5	3	11	10	1	14	15	6	6	22	19	15	12	22	21	28	16	24	42	20	15	35	35	76	62	40	59	61	53	88	134	66	121	136	96	209	187	372	400	451	311	210	65	192	506	265	196	521	557	1000	302	709	659	358	172	317	92	160	25	87	97	25	110	110	85	83	38	55	51	55	58	43	42	41	41	36	21	32	28	23
64	170	2	2	119	0	1953125	12	0.0	0	0.88	0	0	V0.2	0	0	34	44	20	56	23	39	36	18	42	6	41	25	22	27	25	23	27	44	16	43	4	54	35	55	100	42	118	80	90	118	41	166	135	60	98	30	92	163	100	108	67	51	79	124	53	390	759	783	807	493	211	433	534	706	811	1000	942	649	422	568	574	478	431	211	235	137	117	120	84	122	50	122	114	49	80	44	59	45	31	57	13	35	32	23	28
64	170	2	2	119	0	1953125	12	0.0	7505	2.31	0	0	V0.2	0	0	39	21	26	20	37	28	22	14	19	29	15	13	5	27	6	8	6	27	23	31	15	25	50	7	71	50	12	69	80	45	113	113	108	156	193	163	183	315	215	408	301	368	584	581	533	522	269	282	659	613	997	771	623	932	356	504	530	500	1000	764	415	325	109	240	238	182	84	95	91	25	48	85	30	56	27	38	21	16	16	16	4	7	13	7	10
64	170	2	2	119	0	1953125	12	0.0	0	0.87	0	0	V0.2	0	0	651	668	670	675	664	651	646	646	649	649	641	634	620	610	603	614	623	620	620	618	614	629	644	661	680	689	676	692	716	730	733	760	753	750	782	738	722	775	792	798	689	789	810	704	660	843	796	559	698	839	647	613	917	554	700	1000	693	695	748	876	646	768	753	798	790	812	802	791	798	804	803	809	819	799	793	786	783	776	790	785	772	769	762	762	766
64	170	2	2	119	0	1953125	12	0.0	0	0.96	0	0	V0.2	0	0	49	8	48	15	38	13	46	31	33	29	27	23	30	31	26	16	34	27	33	19	40	22	61	53	76	78	52	100	43	120	41	107	20	95	65	132	79	77	49	148	170	317	378	307	335	322	462	465	218	322	597	622	432	325	706	913	1000	895	690	656	530	357	369	231	213	139	161	138	95	79	92	113	77	118	69	95	41	77	55	61	46	56	53	36	40
64	170	2	2	119	0	1953125	12	0.0	7561	2.32	0	0	V0.2	0	0	28	19	17	11	24	24	14	4	11	22	13	4	4	15	21	8	6	14	12	18	15	37	11	6	35	51	16	9	22	82	113	41	88	94	78	257	221	14	370	132	209	54	217	208	300	570	471	396	187	266	381	669	188	225	894	1000	111	479	553	173	150	190	100	149	217	130	135	60	153	15	131	33	19	30	33	56	32	9	33	27	13	8	13	21	9
64	170	2	2	119	0	1953125	12	0.0	0	0.86	0	0	V0.2	0	0	359	335	297	281	257	225	237	230	218	200	162	90	61	61	71	119	116	110	139	172	222	273	329	340	329	362	337	397	412	501	514	487	466	482	548	501	331	701	503	512	693	384	782	587	235	401	881	764	610	265	555	790	370	854	696	1000	172	395	648	407	267	758	235	476	344	267	367	404	394	379	321	294	265	246	256	269	242	250	226	208	141	125	101	136	103
64	170	2	2	119	0	1953125	12	0.0	0	0.86	0	0	V0.2	0	0	117	111	111	113	102	122	102	114	113	100	117	94	109	99	103	116	88	117	88	111	110	94	128	90	125	113	105	117	122	132	88	171	169	64	201	47	235	185	90	315	124	287	164	242	212	30	118	287	102	479	495	906	1000	515	494	360	25	233	40	248	124	405	166	148	187	71	243	138	141	200	72	182	129	133	179	99	165	116	140	149	106	163	104	150	143
64	170	2	2	119	0	1953125	12	0.0	0	0.86	0	0	V0.2	0	0	57	23	67	17	57	40	41	71	15	58	55	51	53	60	76	53	74	69	88	66	98	142	85	146	129	122	172	144	280	249	272	447	378	304	316	352	577	360	438	640	678	716	677	796	1000	652	362	566	816	856	467	346	725	434	439	648	686	947	389	296	248	181	245	325	178	152	83	202	111	104	133	80	128	75	114	137	44	93	82	65	73	43	78	58	46
64	170	2	2	119	0	1953125	12	0.0	0	0.85	0	0	V0.2	0	0	44	26	32	48	10	36	30	24	34	10	44	30	19	38	32	26	19	54	33	28	55	40	66	31	60	83	15	72	80	85	119	71	132	168	118	221	148	164	186	186	312	349	369	430	331	280	432	267	226	399	550	714	332	532	853	1000	896	600	477	279	67	98	227	197	162	103	117	190	136	47	106	80	82	67	69	95	52	52	78	35	46	52	42	48	31
64	170	2	2	119	0	1953125	12	0.0	0	0.86	0	0	V0.2	0	0	172	145	167	167	146	175	136	169	36	19	47	18	33	25	32	32	27	49	26	56	44	42	66	10	90	65	87	137	41	111	120	52	63	27	235	245	146	214	192	153	186	127	98	268	320	409	431	445	461	297	52	471	418	853	1000	965	877	775	829	487	406	221	78	58	127	73	108	136	95	118	101	67	100	61	72	78	47	82	59	41	71	41	50	46	28
64	170	2	2	119	0	1953125	12	0.0	0	0.85	0	0	V0.2	0	0	30	48	9	43	33	24	47	20	41	36	30	43	34	46	38	43	40	42	50	33	65	56	59	88	38	84	82	96	141	89	140	159	92	157	106	143	175	145	240	251	267	328	411	485	500	314	441	437	683	782	1000	970	821	432	690	853	544	313	415	507	319	203	246	236	199	208	139	115	159	86	114	105	71	103	70	57	74	46	66	54	46	69	47	49	55
