34928	35048	35167	35286	35405	35524	35644	35763	35882	36001	36120	36240	36359	36478	36597	36716	36836	36955	37074	37193	37313	37432	37551	37670	37789	37909	38028	38147	38266	38385	38505	38624	38743	38862	38981	39101	39220	39339	39458	39577	39697	39816	39935	40054	40174	40293	40412	40531	40650	40770	40889	41008	41127	41246	41366	41485	41604	41723	41842	41962	42081	42200	42319	42439	42558	42677	42796	42915	43035	43154	43273	43392	43511	43631	43750	43869	43988	44107	44227	44346	44465	44584	44703	44823	44942
64	170	2	2	119	0	1953125	12	0.0	0	0.95	0	0	V0.2	0	0	66	25	69	14	54	16	68	37	39	31	65	52	37	51	61	42	58	70	64	50	75	103	57	105	83	170	49	147	97	158	103	145	131	69	90	102	168	178	332	261	387	371	541	723	496	404	481	797	781	798	743	554	295	269	570	824	1000	561	700	572	453	172	52	244	142	91	19	139	83	122	132	115	108	84	165	91	104	62	103	71	64	80	65	52	47
64	170	2	2	119	0	1953125	12	0.0	0	0.96	0	0	V0.2	0	0	28	20	43	46	18	37	21	38	16	43	18	27	30	52	22	28	42	54	16	46	42	59	40	107	74	121	81	167	123	102	99	147	154	144	255	229	223	156	284	231	241	238	414	514	393	317	290	347	268	304	211	115	387	920	1000	846	721	717	739	530	353	212	322	332	149	138	151	194	64	136	124	108	53	122	126	56	56	73	88	22	65	62	52	26	66
64	170	2	2	119	0	1953125	12	0.0	0	0.95	0	0	V0.2	0	0	51	27	67	6	45	10	68	20	50	38	63	35	56	55	53	32	71	60	62	49	98	86	79	105	102	136	62	149	78	97	12	116	55	167	175	273	337	415	572	486	519	417	531	524	396	259	163	213	148	314	169	153	158	630	713	721	961	999	998	700	460	237	240	287	117	145	125	127	22	137	120	105	79	121	137	66	102	79	88	34	80	71	50	47	70
64	170	2	2	119	0	1953125	12	0.0	0	0.43	0	0	V0.2	0	0	11	12	11	10	8	11	9	11	10	11	9	5	9	10	18	20	22	19	14	12	6	18	26	34	31	35	41	13	26	39	69	78	135	113	156	83	160	77	74	150	150	76	423	232	334	356	344	369	287	227	422	439	214	241	518	927	460	1000	832	464	259	190	77	120	170	134	118	157	148	124	98	71	28	31	37	69	60	76	71	59	48	32	32	40	52
64	170	2	2	119	0	1953125	12	0.0	0	0.96	0	0	V0.2	0	0	216	229	223	256	220	246	208	251	220	256	204	240	205	255	208	242	186	251	217	240	222	215	237	234	263	198	275	200	337	183	342	128	419	93	454	196	417	283	392	509	143	354	363	484	266	585	457	1000	452	898	458	471	668	118	172	487	790	527	741	289	590	273	233	187	366	213	385	165	339	189	374	278	278	255	286	323	253	290	235	302	249	311	217	286	238
64	170	2	2	119	0	1953125	12	0.0	0	0.95	0	0	V0.2	0	0	65	40	84	20	65	15	96	40	56	41	78	42	61	70	79	46	103	99	97	71	129	131	87	125	119	166	63	176	85	155	82	243	188	149	134	172	280	245	508	452	472	308	512	527	461	484	738	895	815	865	977	1000	868	400	539	569	581	708	956	582	391	311	476	454	316	319	284	327	175	202	191	168	108	123	171	99	122	109	143	75	117	119	103	80	94
64	170	2	2	119	0	1953125	12	0.0	0	0.96	0	0	V0.2	0	0	71	30	96	33	67	10	75	31	73	48	44	15	73	56	33	29	96	42	70	64	126	74	108	114	97	92	147	210	68	145	167	338	187	340	298	397	314	422	651	671	776	527	680	505	548	485	570	471	556	691	535	755	510	477	1000	916	593	690	810	597	464	96	357	257	270	234	270	269	105	210	145	186	50	158	130	99	77	109	121	41	88	85	90	26	75
64	170	2	2	119	0	1953125	12	0.0	144	1.04	0	0	V0.2	0	0	27	48	15	46	19	40	26	35	30	27	31	10	31	8	32	36	36	52	31	51	9	70	12	66	42	72	101	112	97	77	155	150	237	210	210	158	150	129	83	79	236	284	456	421	647	586	671	729	928	823	499	93	657	812	1000	712	645	600	439	419	382	287	304	361	405	227	164	60	114	87	95	82	79	52	37	64	24	73	40	60	33	55	23	22	26
64	170	2	2	119	0	1953125	12	0.0	169	1.05	0	0	V0.2	0	0	40	19	40	15	52	13	31	14	42	6	16	19	24	12	10	36	9	40	21	41	32	31	45	33	66	35	89	43	152	102	170	144	199	178	68	44	107	37	245	329	469	373	267	244	371	328	545	814	980	999	702	484	488	417	349	170	307	372	663	596	488	352	249	360	341	340	139	170	106	136	10	84	54	74	45	79	44	44	49	61	31	21	32	25	22
64	170	2	2	119	0	1953125	12	0.0	8117	2.41	0	0	V0.2	0	0	25	29	13	18	33	25	20	6	24	32	10	12	14	25	10	9	7	30	10	4	30	16	4	12	51	33	96	72	98	86	70	126	108	146	11	128	34	243	133	259	435	340	730	304	503	398	713	726	736	901	396	109	636	479	275	512	1000	178	518	453	446	196	103	146	171	214	95	97	35	94	77	41	34	39	28	68	13	31	35	26	11	25	13	19	7
64	170	2	2	119	0	1953125	12	0.0	0	0.96	0	0	V0.2	0	0	463	494	469	420	374	364	382	363	276	230	230	210	190	141	123	175	219	206	231	290	348	402	411	423	475	529	583	585	575	638	637	688	686	658	722	662	777	636	719	713	619	601	764	698	554	517	691	505	744	652	525	330	898	759	520	389	534	599	1000	464	540	599	603	618	489	496	538	520	526	482	421	407	411	433	376	326	282	256	276	253	231	132	120	146	106
64	170	2	2	119	0	1953125	12	0.0	0	0.96	0	0	V0.2	0	0	175	180	172	181	182	179	182	174	182	172	190	160	189	151	194	152	194	139	199	138	211	128	216	123	238	127	239	163	217	177	231	183	226	272	165	357	40	362	88	468	250	336	236	271	216	288	73	510	334	635	432	115	254	238	668	513	1000	489	924	510	515	288	221	223	205	253	189	273	167	246	153	309	144	273	129	275	177	256	175	228	181	241	202	204	193
64	170	2	2	119	0	1953125	12	0.0	99	1.04	0	0	V0.2	0	0	17	58	9	48	15	57	16	42	43	51	36	39	53	29	46	35	53	24	48	57	44	85	67	110	60	129	72	109	41	168	77	129	46	142	175	293	281	357	389	560	523	548	480	533	347	304	317	450	375	198	235	357	338	294	515	725	1000	819	779	756	448	252	109	231	109	132	159	214	82	71	79	85	83	82	109	79	78	62	67	33	70	44	46	38	60
64	170	2	2	119	0	1953125	12	0.0	0	0.97	0	0	V0.2	0	0	190	233	199	233	194	230	200	233	199	223	192	228	199	215	195	207	204	213	192	209	199	223	209	204	232	193	265	173	254	205	298	131	445	91	528	356	464	530	366	676	122	520	143	242	339	267	342	643	408	649	678	425	590	558	1000	288	809	105	326	231	155	261	452	129	320	297	261	320	173	332	198	322	205	280	213	303	227	276	205	283	244	257	228	246	243
64	170	2	2	119	0	1953125	12	0.0	0	0.98	0	0	V0.2	0	0	67	34	92	28	78	6	75	15	74	17	48	5	66	19	40	19	61	18	31	43	47	70	61	69	89	74	117	11	67	140	187	235	405	407	625	528	738	782	949	1000	909	978	857	820	526	707	482	536	692	605	973	866	634	99	769	305	560	906	788	358	232	361	649	456	238	237	201	231	29	100	10	63	73	138	31	59	45	120	46	49	40	77	30	55	62
64	170	2	2	119	0	1953125	12	0.0	0	0.42	0	0	V0.2	0	0	3	3	2	7	8	9	11	13	12	12	12	12	10	13	16	18	21	29	23	29	27	22	31	27	21	42	50	43	84	65	106	145	51	123	135	101	146	178	92	335	253	208	491	141	539	411	392	608	168	481	469	65	179	546	490	799	925	533	999	430	337	325	91	152	137	9	51	54	66	85	57	67	74	58	40	37	16	7	13	24	36	41	43	49	42
64	170	2	2	119	0	1953125	12	0.0	0	0.94	0	0	V0.2	0	0	258	227	265	209	267	215	284	210	262	208	266	228	256	218	233	242	227	272	188	266	182	295	189	292	175	279	231	291	241	264	218	302	341	228	347	124	432	272	277	340	208	449	321	311	301	311	529	742	681	999	400	743	237	712	548	1000	966	809	920	364	558	180	387	118	404	193	346	304	295	243	305	365	232	366	178	355	224	360	233	299	232	325	269	292	251
64	170	2	2	119	0	1953125	12	0.0	0	0.96	0	0	V0.2	0	0	41	45	32	51	43	40	41	27	42	22	52	15	41	14	46	18	48	38	88	34	86	42	104	62	88	91	96	114	92	201	111	270	187	343	322	226	312	227	443	417	520	559	697	687	607	659	456	597	723	923	977	1000	666	547	476	637	508	177	154	223	290	316	437	483	327	248	224	145	211	70	152	111	74	50	65	92	17	40	40	89	40	42	48	51	35
64	170	2	2	119	0	1953125	12	0.0	0	0.89	0	0	V0.2	0	0	59	23	39	8	45	33	37	60	13	32	26	46	23	37	55	35	21	42	73	32	38	40	52	33	75	102	30	78	41	54	48	153	162	26	179	200	243	153	112	162	153	180	376	528	773	546	441	722	803	638	670	1000	926	325	118	312	253	481	305	197	347	474	340	255	387	247	89	115	127	131	10	116	115	23	44	41	69	26	53	66	12	30	31	33	10
64	170	2	2	119	0	1953125	12	0.0	0	0.93	0	0	V0.2	0	0	234	237	221	220	199	242	213	263	185	232	180	260	206	241	177	216	219	229	237	178	210	202	272	192	254	146	272	216	279	222	223	250	223	353	211	236	237	233	328	235	286	218	131	535	407	371	439	626	810	429	898	411	670	162	965	780	1000	589	491	805	340	541	272	302	268	217	214	294	298	290	220	246	278	270	340	191	289	189	335	244	287	204	261	248	288
64	170	2	2	119	0	1953125	12	0.0	7645	2.33	0	0	V0.2	0	0	44	52	43	46	45	43	31	28	31	17	23	15	31	19	23	13	47	8	28	33	61	27	64	63	51	110	51	180	82	88	175	124	149	191	143	208	396	395	435	241	464	492	769	910	658	632	620	790	772	842	417	1000	630	797	515	228	620	561	783	515	418	361	122	261	305	195	290	27	114	115	103	49	76	104	75	43	70	29	54	53	26	24	24	35	20
64	170	2	2	119	0	1953125	12	0.0	0	0.96	0	0	V0.2	0	0	227	194	237	195	225	195	231	211	219	206	208	223	202	227	178	228	182	248	158	250	143	289	122	295	119	301	170	289	198	265	211	305	268	297	366	231	437	179	629	202	663	340	423	319	233	359	283	142	741	635	733	857	389	761	385	729	555	1000	390	778	404	444	298	309	329	231	319	226	337	193	389	121	362	155	358	158	330	189	307	210	290	217	269	243	253
64	170	2	2	119	0	1953125	12	0.0	0	0.94	0	0	V0.2	0	0	27	36	15	54	49	28	48	24	36	22	58	24	16	33	61	18	41	51	75	12	72	56	61	30	68	68	31	22	80	94	65	190	148	172	116	201	221	143	265	255	298	186	104	131	78	205	437	633	677	868	985	999	710	327	527	713	626	249	553	604	503	311	16	204	167	84	29	139	107	57	105	110	99	22	111	64	44	38	82	57	25	60	50	27	39
64	170	2	2	119	0	1953125	12	0.0	7828	2.36	0	0	V0.2	0	0	44	33	27	27	33	24	20	22	24	28	16	20	17	19	12	21	24	31	21	32	40	36	23	31	58	42	52	49	70	75	45	71	107	87	27	105	104	105	53	169	253	380	272	427	412	198	270	584	590	695	400	889	168	386	909	222	1000	809	185	159	215	86	43	167	161	81	87	84	61	53	71	44	47	19	11	32	11	8	6	8	12	10	14	2	21
64	170	2	2	119	0	1953125	12	0.0	0	0.95	0	0	V0.2	0	0	189	208	210	218	186	212	193	233	186	217	172	229	181	233	153	225	152	257	145	239	134	253	166	255	147	261	169	283	223	227	229	256	314	159	356	54	414	125	415	126	350	129	543	284	684	352	757	585	552	598	367	686	120	285	332	1000	568	933	550	899	430	390	138	465	341	258	343	180	346	209	341	137	324	177	356	147	312	158	321	194	294	180	278	216	273
64	170	2	2	119	0	1953125	12	0.0	0	0.95	0	0	V0.2	0	0	161	199	172	220	166	204	161	217	170	215	150	208	158	220	159	197	146	219	170	205	162	199	199	201	218	163	241	166	270	148	226	165	277	159	292	71	380	112	438	348	326	320	392	458	432	479	332	553	194	487	33	344	120	501	489	1000	754	946	684	703	659	165	348	169	428	66	387	78	327	142	327	168	276	173	284	223	243	215	224	238	221	245	185	243	193
64	170	2	2	119	0	1953125	12	0.0	7721	2.34	0	0	V0.2	0	0	29	32	27	31	29	20	24	25	17	10	15	10	20	4	22	19	19	11	21	22	20	25	23	30	40	37	47	70	12	76	26	78	25	85	74	71	109	65	293	232	482	234	207	277	649	459	661	1000	721	379	239	354	367	217	311	222	784	836	405	478	279	206	207	118	278	137	33	53	56	49	32	21	35	62	27	13	16	35	34	9	11	16	29	15	14
64	170	2	2	119	0	1953125	12	0.0	7928	2.38	0	0	V0.2	0	0	89	98	74	88	68	75	75	52	57	43	60	18	38	35	26	52	31	72	60	93	74	80	128	87	120	101	133	55	204	43	306	113	254	241	202	405	166	359	201	574	451	473	279	113	103	413	571	950	1000	791	717	268	396	401	441	208	388	549	773	666	172	42	378	353	221	259	44	99	146	69	114	91	153	38	88	68	51	104	64	67	30	119	62	21	31
64	170	2	2	119	0	1953125	12	0.0	0	0.95	0	0	V0.2	0	0	767	764	766	782	785	784	772	768	778	777	768	755	750	754	759	748	732	735	747	751	747	736	749	771	783	775	781	804	821	848	826	829	862	865	868	884	863	910	895	879	887	894	898	879	869	820	909	847	895	823	826	884	835	801	969	789	732	1000	819	799	934	901	882	889	912	907	919	918	925	934	941	925	931	931	933	929	921	921	910	910	915	891	890	894	895
64	170	2	2	119	0	1953125	12	0.0	7655	2.33	0	0	V0.2	0	0	44	27	29	42	37	27	26	22	36	18	6	18	26	11	19	13	17	15	26	28	44	26	55	73	40	41	45	90	76	96	34	168	167	142	354	75	74	168	90	395	175	707	239	321	566	402	451	565	173	502	340	106	359	514	1000	766	798	102	654	404	608	434	173	234	243	68	48	47	80	93	58	20	35	34	65	30	29	37	40	36	16	16	19	26	15
64	170	2	2	119	0	1953125	12	0.0	0	0.40	0	0	V0.2	0	0	17	36	8	5	1	9	16	39	14	24	28	33	26	32	35	25	37	23	29	36	23	28	9	9	34	44	9	17	31	55	25	141	122	131	31	45	37	66	225	216	328	229	484	206	127	233	103	181	269	319	580	502	850	320	332	571	487	1000	949	316	150	263	222	173	39	78	56	61	42	87	47	42	27	19	44	46	12	36	31	22	65	30	27	16	38
64	170	2	2	119	0	1953125	12	0.0	0	0.88	0	0	V0.2	0	0	212	173	205	180	176	194	175	225	164	208	169	177	198	163	218	155	202	153	178	194	170	236	140	209	146	205	218	190	249	141	242	109	320	232	236	366	48	338	267	150	278	285	219	127	418	295	497	843	398	621	197	671	462	335	381	827	1000	470	379	523	318	586	162	338	234	217	282	160	391	153	281	228	186	295	157	298	193	226	225	192	246	187	257	182	230
64	170	2	2	119	0	1953125	12	0.0	0	0.88	0	0	V0.2	0	0	156	181	187	155	184	137	183	170	180	182	147	178	131	184	159	176	182	134	174	122	192	161	188	176	130	176	140	218	171	224	166	153	158	214	255	190	257	174	237	500	141	537	507	143	224	77	423	270	356	404	474	663	116	636	1000	702	656	384	618	207	354	90	428	413	73	296	150	186	257	177	302	165	210	183	191	247	175	253	161	212	183	184	229	178	231
64	170	1	2	119	0	1953125	12	0.0	0	0.87	0	0	V0.2	0	0	239	208	221	242	206	263	199	241	222	210	245	190	262	193	236	220	187	256	168	267	190	233	245	177	288	147	290	247	233	314	140	325	157	355	394	167	483	214	288	394	243	408	132	423	342	623	875	460	1000	925	725	696	363	775	258	283	197	606	867	118	511	294	372	538	109	408	261	227	320	173	381	237	288	281	224	322	201	321	240	267	299	204	305	214	284
64	170	1	2	119	0	1953125	12	0.0	7646	2.33	0	0	V0.2	0	0	29	29	33	15	27	23	33	9	15	19	20	5	9	15	16	4	16	24	6	18	13	44	20	27	44	53	26	58	47	54	116	15	134	106	162	281	197	185	148	175	85	266	158	90	398	340	228	600	489	606	504	833	562	801	697	765	1000	393	219	119	411	286	226	229	61	141	45	84	57	56	43	45	62	17	23	13	32	28	15	2	19	27	9	8	9
64	170	2	2	119	0	1953125	12	0.0	0	0.96	0	0	V0.2	0	0	472	520	491	425	397	392	418	360	311	224	228	237	205	146	118	191	224	224	228	315	378	441	433	430	483	602	598	611	609	621	698	743	761	652	728	655	798	823	608	667	540	1000	628	555	719	547	670	947	743	369	406	950	673	652	300	751	993	523	453	728	708	404	689	594	639	456	504	568	546	525	461	408	429	451	405	348	295	278	275	290	195	175	115	140	102
64	170	2	2	119	0	1953125	12	0.0	0	0.96	0	0	V0.2	0	0	205	220	191	230	207	238	195	216	203	241	196	220	183	229	201	225	176	211	199	237	176	230	153	286	175	261	158	277	257	221	205	275	234	284	367	160	360	295	513	176	610	288	416	331	333	79	426	225	502	390	347	366	399	888	809	1000	154	303	350	315	79	521	272	405	389	242	222	265	272	294	307	198	315	208	331	220	269	216	303	235	274	210	269	237	284
64	170	2	2	119	0	1953125	12	0.0	0	0.98	0	0	V0.2	0	0	287	252	296	266	290	250	299	259	298	248	286	256	293	251	271	247	288	244	284	232	290	264	278	248	291	251	362	178	392	214	363	220	450	102	515	237	488	239	514	453	709	942	583	765	568	1000	434	965	315	854	734	358	858	898	462	649	135	766	257	656	353	496	436	266	317	426	343	298	351	318	389	279	359	274	371	321	321	299	326	335	322	302	309	311	340
64	170	2	2	119	0	1953125	12	0.0	0	0.96	0	0	V0.2	0	0	151	197	147	195	157	199	157	192	156	191	169	180	165	173	174	171	181	154	181	157	204	137	212	121	226	134	252	75	266	131	291	128	301	227	262	317	199	235	289	444	138	486	214	261	325	117	215	236	92	418	93	496	486	989	1000	715	399	646	604	475	677	287	579	176	320	131	317	165	275	192	259	221	242	252	181	246	197	272	153	255	151	268	158	248	140
64	170	2	2	119	0	1953125	12	0.0	7651	2.33	0	0	V0.2	0	0	43	36	20	42	51	35	30	22	43	37	16	14	39	20	17	17	45	1	20	26	41	55	31	61	21	128	41	159	49	83	79	206	111	126	167	103	56	126	125	515	554	853	855	721	334	436	771	773	701	822	148	567	288	999	1000	677	493	672	660	326	207	437	161	359	226	122	214	69	34	114	43	8	9	17	97	47	14	17	33	24	13	7	27	21	16
