34928	35048	35167	35286	35405	35524	35644	35763	35882	36001	36120	36240	36359	36478	36597	36716	36836	36955	37074	37193	37313	37432	37551	37670	37789	37909	38028	38147	38266	38385	38505	38624	38743	38862	38981	39101	39220	39339	39458	39577	39697	39816	39935	40054	40174	40293	40412	40531	40650	40770	40889	41008	41127	41246	41366	41485	41604	41723	41842	41962	42081	42200	42319	42439	42558	42677	42796	42915	43035	43154	43273	43392	43511	43631	43750	43869	43988	44107	44227	44346	44465	44584	44703	44823	44942
64	170	1	2	119	0	1953125	12	0.0	0	0.92	0	0	V0.2	0	0	170	136	145	151	160	173	146	152	132	168	148	176	133	145	132	158	164	142	150	116	158	149	180	135	151	121	172	173	195	147	139	191	153	209	184	167	136	253	164	222	244	53	192	184	360	124	87	315	81	521	331	214	309	771	349	868	1000	912	659	196	510	149	274	152	268	265	82	177	159	264	145	226	146	178	182	209	217	143	193	129	230	158	212	136	179
64	170	1	2	119	0	1953125	12	0.0	0	0.92	0	0	V0.2	0	0	19	24	37	9	37	18	18	7	28	26	9	24	24	19	15	33	20	17	18	46	20	19	14	32	28	39	52	10	10	43	68	34	47	28	20	41	65	62	5	104	78	117	88	21	178	24	150	169	228	388	211	188	390	578	464	718	1000	847	520	293	365	308	145	92	111	154	95	39	82	76	70	27	92	55	26	48	66	51	25	72	50	27	34	61	49
64	170	1	2	119	0	1953125	12	0.0	0	0.93	0	0	V0.2	0	0	37	31	23	30	25	50	10	38	28	39	17	36	40	28	20	43	41	25	33	53	56	15	59	37	51	9	78	69	14	29	39	81	9	79	85	63	75	48	82	56	140	145	129	64	179	105	211	300	365	534	288	55	414	613	512	689	1000	868	538	304	353	349	176	118	113	161	108	47	104	97	89	33	105	66	42	59	85	67	28	78	60	37	37	69	54
64	170	1	2	119	0	1953125	12	0.0	0	0.93	0	0	V0.2	0	0	152	177	167	162	163	151	189	150	196	121	183	132	202	140	174	129	172	165	168	174	122	188	131	225	115	196	94	237	172	191	160	185	189	163	288	91	252	133	269	127	333	158	242	235	317	214	166	439	243	721	239	191	317	889	436	912	902	1000	655	259	488	192	409	101	323	165	184	162	283	251	146	223	142	270	153	265	102	236	153	248	186	187	170	184	225
64	170	1	2	119	0	1953125	12	0.0	0	0.92	0	0	V0.2	0	0	19	39	54	4	33	18	39	14	39	37	15	16	39	42	8	31	41	38	14	54	28	22	8	60	48	33	52	27	35	57	80	44	30	7	29	66	57	93	56	101	83	158	168	85	149	84	146	212	275	516	277	29	441	809	583	716	1000	923	599	249	297	285	178	91	74	169	125	5	55	85	85	26	102	67	29	40	81	69	23	79	57	37	27	68	58
64	170	1	2	119	0	1953125	12	0.0	0	0.92	0	0	V0.2	0	0	167	133	181	167	174	160	143	168	157	196	138	174	119	178	158	176	157	133	152	148	190	149	172	113	181	153	197	179	160	120	201	222	176	205	124	190	187	271	213	147	249	41	287	261	283	74	251	301	381	678	234	286	272	1000	514	796	772	959	684	130	303	69	315	222	228	197	120	229	203	261	137	221	121	236	202	227	189	157	202	171	255	150	207	127	217
64	170	1	2	119	0	1953125	12	0.0	0	0.91	0	0	V0.2	0	0	180	149	204	173	188	160	162	183	174	211	144	183	134	195	172	190	158	148	163	169	210	151	190	114	201	168	218	179	183	128	213	275	157	244	126	196	239	249	244	108	247	123	288	259	330	104	307	514	408	863	516	466	249	1000	745	626	768	790	739	166	179	119	180	326	221	255	79	226	200	273	215	203	188	175	251	213	260	136	220	152	256	215	202	190	166
64	170	1	2	119	0	1953125	12	0.0	0	0.92	0	0	V0.2	0	0	28	41	73	16	54	33	46	22	53	65	19	39	54	64	16	46	50	51	4	74	54	25	25	67	83	28	80	37	29	50	125	132	60	133	75	168	109	105	108	86	161	207	318	129	182	276	421	624	744	999	917	534	425	941	925	772	871	834	683	436	120	71	138	97	84	111	200	92	37	63	113	81	59	121	45	46	64	114	72	43	90	66	33	42	81
64	170	1	2	119	0	1953125	12	0.0	0	0.92	0	0	V0.2	0	0	193	219	211	187	207	183	239	184	233	159	221	174	236	200	186	193	172	232	180	228	138	218	164	254	191	204	180	210	248	239	233	148	317	106	366	251	258	229	266	283	265	518	133	488	65	550	433	666	742	811	1000	330	477	426	834	342	769	499	530	533	301	177	193	201	333	325	242	176	211	283	317	221	265	165	281	228	326	208	232	205	259	281	234	239	177
64	170	1	2	119	0	1953125	12	0.0	0	0.95	0	0	V0.2	0	0	42	25	52	16	64	16	43	13	62	32	39	44	53	30	47	53	60	34	77	71	62	56	90	109	57	119	89	144	57	160	83	124	102	274	228	233	277	230	247	245	489	562	607	544	487	611	618	770	832	999	621	364	437	605	645	463	512	570	273	207	270	272	242	194	213	242	92	121	131	202	126	95	140	124	114	54	123	66	70	63	106	67	50	69	67
64	170	1	2	119	0	1953125	12	0.0	0	0.95	0	0	V0.2	0	0	65	44	42	36	53	68	18	52	38	69	16	68	45	52	42	92	60	72	58	114	47	104	76	148	86	127	143	111	132	93	185	132	272	287	401	277	347	303	338	426	616	853	729	722	523	573	637	663	866	1000	710	252	530	787	603	648	382	575	217	91	330	483	265	276	261	256	177	78	214	176	173	63	189	162	107	92	116	120	42	102	96	89	43	85	76
64	170	1	2	119	0	1953125	12	0.0	0	0.95	0	0	V0.2	0	0	87	40	64	32	82	79	35	65	63	88	31	87	68	75	61	117	85	92	71	141	68	130	105	171	113	127	158	116	142	132	274	204	375	372	474	365	378	390	394	533	681	945	858	756	604	542	599	565	923	1000	794	339	599	922	547	558	456	458	201	171	443	575	341	260	310	239	179	59	260	209	176	120	192	207	101	142	122	139	60	133	125	95	83	101	103
64	170	1	2	119	0	1953125	12	0.0	0	0.95	0	0	V0.2	0	0	25	71	65	34	61	44	70	24	89	51	60	43	90	58	66	78	111	59	96	88	119	73	137	141	101	107	108	159	66	187	171	313	255	422	395	330	339	315	427	417	718	774	849	723	470	533	403	557	777	1000	670	381	535	842	593	380	522	379	198	126	519	456	330	230	242	286	68	131	179	259	140	146	187	151	135	99	165	81	95	101	126	80	86	107	77
64	170	1	2	119	0	1953125	12	0.0	0	0.95	0	0	V0.2	0	0	13	80	48	42	37	61	57	40	71	50	53	48	81	45	56	82	100	56	87	89	119	58	154	105	140	67	164	109	118	130	219	258	290	442	356	396	287	405	362	522	692	819	887	649	565	503	475	525	878	1000	662	417	566	952	509	416	450	404	104	272	518	529	416	213	325	237	147	104	265	264	128	164	156	199	78	139	117	106	69	120	121	64	84	85	81
64	170	1	2	119	0	1953125	12	0.0	0	0.95	0	0	V0.2	0	0	30	70	69	32	70	45	74	24	94	54	64	50	92	61	73	85	116	64	102	98	120	81	139	152	100	122	114	177	60	187	174	333	284	444	428	347	385	334	453	439	732	829	859	739	501	597	496	642	793	1000	621	349	596	953	615	425	550	310	109	224	531	460	336	248	284	325	86	164	209	268	154	157	213	155	145	105	178	85	100	110	126	80	90	116	79
64	170	1	2	119	0	1953125	12	0.0	0	0.95	0	0	V0.2	0	0	48	42	76	16	74	21	60	12	85	49	53	46	75	46	64	77	99	53	101	86	99	74	131	148	91	140	113	179	51	187	131	295	264	470	417	364	403	321	395	394	719	863	874	799	592	684	598	673	734	982	496	221	560	1000	599	571	594	317	171	320	437	344	299	225	316	299	53	176	213	264	113	181	192	153	120	106	158	55	89	95	121	52	88	93	66
64	170	2	2	119	0	1953125	12	0.0	0	0.95	0	0	V0.2	0	0	41	56	80	21	67	21	63	10	85	44	50	37	79	44	57	70	103	44	96	80	106	57	133	142	99	128	122	181	36	156	101	263	229	475	394	382	371	319	359	363	690	863	929	871	673	750	682	688	703	1000	356	128	411	860	508	620	585	485	317	326	339	279	279	171	311	288	48	138	195	260	99	170	164	164	115	101	150	53	76	81	116	43	75	81	62
64	170	1	2	119	0	1953125	12	0.0	0	0.95	0	0	V0.2	0	0	59	11	78	21	69	35	49	22	68	60	37	49	64	56	47	71	82	64	75	95	73	90	86	165	64	148	93	185	87	142	104	219	217	397	427	326	415	276	346	256	584	749	762	848	590	785	812	752	796	1000	476	214	380	723	627	661	672	709	426	343	243	275	175	147	207	287	102	115	160	225	157	108	191	145	136	62	157	90	60	78	111	77	49	88	68
64	170	1	2	119	0	1953125	12	0.0	0	0.93	0	0	V0.2	0	0	232	223	254	201	237	191	267	212	258	189	228	211	252	235	198	219	187	269	195	251	150	255	191	287	207	217	206	252	287	239	215	274	315	202	463	100	387	179	365	212	434	493	410	749	129	746	419	823	573	1000	801	362	258	366	754	191	675	500	769	438	168	246	210	338	320	293	117	324	278	343	222	263	223	322	272	301	249	233	297	262	313	214	271	213	319
64	170	1	2	119	0	1953125	12	0.0	0	0.93	0	0	V0.2	0	0	35	28	53	67	17	65	32	53	9	69	51	28	44	69	51	37	65	67	46	50	90	36	53	38	116	64	67	79	41	56	112	157	81	176	127	229	153	94	119	87	221	307	497	406	271	426	587	704	767	1000	852	611	154	542	797	609	777	811	730	466	63	86	65	67	87	189	205	71	51	87	147	44	87	81	64	37	95	122	35	61	66	67	15	68	83
64	170	2	2	119	0	1953125	12	0.0	0	0.92	0	0	V0.2	0	0	47	24	83	40	35	35	53	52	31	73	40	32	37	73	38	26	45	63	21	65	72	28	32	64	110	31	70	50	44	15	158	199	76	149	107	191	182	59	137	83	148	167	343	323	45	287	442	640	694	946	997	649	317	797	962	821	914	1000	797	478	139	92	201	134	106	91	189	115	44	101	105	95	47	142	80	35	76	101	74	44	110	82	31	50	80
64	170	2	2	119	0	1953125	12	0.0	0	0.92	0	0	V0.2	0	0	47	17	78	44	33	37	48	48	28	70	36	31	41	73	39	30	48	66	23	58	65	31	27	60	105	24	68	50	49	41	128	146	59	109	85	185	167	81	129	99	163	169	326	228	78	167	305	499	572	862	804	431	324	929	972	900	1000	982	852	563	136	132	180	119	95	136	187	63	48	70	134	75	77	119	40	43	74	124	57	65	96	71	32	51	85
64	170	2	2	119	0	1953125	12	0.0	0	0.92	0	0	V0.2	0	0	36	19	66	35	31	29	36	34	29	58	24	24	34	59	26	26	39	49	14	51	46	16	16	53	81	21	63	34	30	36	122	113	50	88	59	134	106	97	111	90	145	158	255	182	107	112	183	375	446	708	542	186	376	896	837	806	1000	942	792	533	142	174	183	104	59	124	160	44	53	64	111	54	76	103	26	47	71	105	42	64	87	56	27	50	72
64	170	2	2	119	0	1953125	12	0.0	0	0.92	0	0	V0.2	0	0	172	201	146	202	175	216	183	179	173	181	208	178	205	134	202	154	224	165	177	150	184	206	186	195	136	202	167	250	195	172	165	254	183	247	224	143	271	203	302	103	313	183	289	343	276	118	170	420	273	764	289	258	171	1000	694	833	999	888	950	296	342	128	274	307	233	210	152	252	231	304	142	244	161	269	223	254	208	185	249	196	282	161	228	155	259
64	170	2	2	119	0	1953125	12	0.0	0	0.92	0	0	V0.2	0	0	175	146	176	179	177	178	146	175	155	203	151	181	138	171	169	173	178	137	163	142	195	158	187	128	174	162	194	194	180	136	188	230	182	216	165	156	223	240	229	150	223	129	236	323	270	90	143	287	251	619	99	232	339	1000	574	814	930	958	831	193	381	61	291	245	243	216	112	213	201	279	162	222	152	214	217	230	224	146	222	153	268	171	216	149	205
64	170	2	2	119	0	1953125	12	0.0	0	0.91	0	0	V0.2	0	0	166	144	185	159	178	144	162	160	173	185	142	169	128	185	152	181	141	149	145	166	181	154	171	116	190	146	210	153	190	113	215	230	172	211	133	181	203	274	199	141	232	97	278	290	273	64	164	266	240	541	38	176	388	1000	571	830	934	980	846	196	361	58	282	252	221	215	100	207	183	270	167	212	163	188	215	213	230	137	212	137	253	177	208	163	177
64	170	2	2	119	0	1953125	12	0.0	0	0.91	0	0	V0.2	0	0	17	39	9	26	2	40	37	11	35	24	26	4	37	27	8	21	42	23	26	38	34	25	39	79	23	49	37	66	44	91	139	53	63	49	93	35	78	139	41	84	41	46	155	126	143	137	144	218	233	425	209	132	479	881	800	746	1000	947	680	324	84	156	139	67	29	96	118	44	49	56	61	34	61	94	25	40	46	57	24	55	74	30	32	45	51
64	170	2	2	119	0	1953125	12	0.0	0	0.91	0	0	V0.2	0	0	23	47	11	37	7	60	49	13	37	35	41	6	47	35	12	27	61	32	32	43	60	40	51	101	28	56	44	110	57	121	173	93	91	26	118	76	94	140	106	123	39	71	212	40	212	274	465	517	564	765	519	149	325	910	886	804	1000	925	739	361	53	70	129	100	105	132	149	44	53	61	95	50	76	116	34	35	51	83	35	59	87	47	32	43	62
64	170	2	2	119	0	1953125	12	0.0	0	0.93	0	0	V0.2	0	0	32	27	49	62	25	72	27	41	13	70	42	32	54	67	39	41	67	52	26	62	93	18	53	41	98	46	81	63	6	23	125	181	60	177	107	170	81	159	180	186	314	384	512	363	324	494	723	780	791	1000	646	266	232	652	906	680	863	878	625	415	143	137	60	30	102	191	211	33	63	103	142	31	107	90	55	47	101	120	18	69	70	57	12	77	83
64	170	2	2	119	0	1953125	12	0.0	0	0.95	0	0	V0.2	0	0	46	4	68	32	55	41	38	30	51	62	24	40	52	56	27	54	69	61	50	83	57	69	61	137	55	118	74	155	98	114	86	125	103	267	282	199	239	197	321	305	580	736	755	691	498	686	712	789	782	1000	573	129	273	631	726	729	567	664	434	300	223	329	288	242	197	274	118	98	104	215	145	84	132	131	123	39	124	65	64	55	105	65	47	65	66
64	170	2	2	119	0	1953125	12	0.0	0	0.95	0	0	V0.2	0	0	245	244	215	263	241	280	210	261	208	297	212	272	184	278	208	293	189	258	205	283	239	251	231	243	319	201	320	171	330	202	389	163	469	40	592	226	482	225	533	359	695	919	592	953	236	790	359	751	368	1000	584	177	122	690	592	297	434	212	453	292	345	400	589	65	487	95	360	245	435	250	304	290	330	377	219	329	229	368	242	341	193	338	239	341	236
64	170	2	2	119	0	1953125	12	0.0	0	0.95	0	0	V0.2	0	0	234	211	228	246	240	245	205	243	219	278	193	253	176	278	190	281	144	273	173	298	172	275	166	301	260	234	252	233	293	243	364	243	447	163	607	87	487	62	600	231	774	728	723	889	211	754	186	633	347	999	371	382	124	760	422	389	232	564	298	333	280	572	545	172	419	130	408	210	433	87	391	220	384	272	277	270	296	326	247	291	223	331	234	318	199
64	170	2	2	119	0	1953125	12	0.0	0	0.95	0	0	V0.2	0	0	263	217	294	253	281	227	267	254	289	261	237	250	254	290	231	267	200	304	216	313	159	317	164	384	176	318	173	366	211	392	229	469	349	426	576	201	443	255	627	226	888	508	1000	779	343	657	273	405	744	933	427	528	416	827	182	700	156	837	114	537	163	826	374	388	265	388	391	334	359	250	479	229	443	150	404	230	427	247	346	234	369	303	323	280	294
64	170	2	2	119	0	1953125	12	0.0	0	0.95	0	0	V0.2	0	0	46	57	93	12	64	29	79	3	86	55	55	31	88	62	53	65	114	56	86	84	124	72	142	157	97	112	111	175	80	238	234	403	302	477	465	362	299	314	517	450	752	860	914	800	437	465	237	460	771	1000	655	332	538	900	559	459	532	670	560	281	578	636	486	323	236	283	130	163	216	341	185	147	158	187	148	90	171	98	96	82	148	82	73	91	94
64	170	2	2	119	0	1953125	12	0.0	0	0.95	0	0	V0.2	0	0	55	27	93	25	65	27	67	25	73	66	46	38	72	69	45	61	101	69	70	90	100	91	102	170	75	128	55	163	48	202	202	345	309	408	480	329	333	223	446	367	673	856	859	826	462	480	287	403	673	1000	743	309	407	737	566	540	633	670	564	278	465	624	462	391	213	306	142	141	180	312	220	110	177	164	166	61	168	106	84	78	136	100	59	95	90
64	170	2	2	119	0	1953125	12	0.0	0	0.95	0	0	V0.2	0	0	50	28	81	11	71	29	61	15	75	61	46	43	74	60	50	68	98	63	83	91	93	79	112	156	78	130	80	161	58	217	207	339	310	421	449	322	357	248	393	288	585	771	773	700	389	456	277	387	704	1000	702	406	450	608	326	268	723	704	502	147	528	626	459	344	296	331	131	162	204	302	181	133	184	158	140	85	165	89	81	91	134	81	68	99	79
64	170	2	2	119	0	1953125	12	0.0	0	0.95	0	0	V0.2	0	0	47	98	6	68	19	92	27	75	63	69	39	81	79	56	58	107	89	80	87	120	102	98	162	118	158	72	205	76	182	155	332	315	405	527	441	474	308	432	351	475	628	928	949	675	542	467	392	372	886	1000	699	404	578	737	259	376	641	747	387	201	521	731	560	314	406	267	208	107	309	320	179	166	168	243	108	140	129	134	73	123	149	82	79	92	107
64	170	2	2	119	0	1953125	12	0.0	0	0.95	0	0	V0.2	0	0	43	43	83	9	65	25	69	8	80	57	49	33	79	58	51	66	101	60	80	84	101	72	117	149	81	116	82	161	44	193	192	345	273	428	447	348	332	264	459	380	681	844	873	797	460	499	321	423	663	1000	741	365	371	621	314	247	447	444	332	40	476	570	449	312	256	285	103	144	197	306	173	134	163	164	136	76	150	83	81	81	130	76	64	85	76
64	170	2	2	119	0	1953125	12	0.0	0	0.96	0	0	V0.2	0	0	45	20	45	27	48	40	24	24	36	41	18	36	33	29	29	38	42	23	60	59	44	49	78	101	27	84	51	101	74	218	164	274	231	329	276	232	283	324	457	413	677	771	704	569	266	282	182	570	856	1000	756	441	104	64	216	321	389	422	223	118	412	358	333	139	272	230	165	188	224	255	91	105	100	133	58	82	91	54	37	64	85	21	34	45	46
64	170	2	2	119	0	1953125	12	0.0	0	0.95	0	0	V0.2	0	0	195	224	184	223	188	238	187	229	172	240	180	236	167	226	170	244	166	229	159	235	190	231	194	209	229	210	241	214	261	223	411	118	500	74	506	131	472	182	522	343	588	824	434	685	219	389	125	609	588	1000	474	510	98	395	165	283	259	573	339	354	293	463	444	228	414	175	383	152	489	92	349	173	366	233	267	214	285	273	256	243	218	276	239	271	198
