34928	35048	35167	35286	35405	35524	35644	35763	35882	36001	36120	36240	36359	36478	36597	36716	36836	36955	37074	37193	37313	37432	37551	37670	37789	37909	38028	38147	38266	38385	38505	38624	38743	38862	38981	39101	39220	39339	39458	39577	39697	39816	39935	40054	40174	40293	40412	40531	40650	40770	40889	41008	41127	41246	41366	41485	41604	41723	41842	41962	42081	42200	42319	42439	42558	42677	42796	42915	43035	43154	43273	43392	43511	43631	43750	43869	43988	44107	44227	44346	44465	44584	44703	44823	44942
64	170	2	2	119	0	1953125	12	0.0	0	0.96	0	0	V0.2	0	0	38	50	49	37	45	34	59	12	43	23	47	14	44	39	45	24	49	41	51	37	73	16	50	37	86	5	106	71	160	83	108	95	52	19	98	98	101	170	179	228	98	223	334	430	296	93	194	200	268	394	613	479	498	516	966	999	810	755	490	392	226	284	253	209	86	125	162	159	153	109	162	71	127	89	136	70	86	83	74	57	59	74	44	48	47
64	170	2	2	119	0	1953125	12	0.0	0	0.97	0	0	V0.2	0	0	11	49	12	48	19	51	35	36	28	39	37	27	30	44	35	41	39	48	25	54	40	50	29	77	72	73	84	114	141	94	177	98	138	56	84	23	147	178	335	359	258	321	325	316	201	175	146	48	184	419	554	498	535	741	976	1000	779	521	458	302	284	235	142	156	11	55	90	142	83	144	87	97	51	78	55	39	43	60	52	37	56	43	43	30	46
64	170	2	2	119	0	1953125	12	0.0	0	0.95	0	0	V0.2	0	0	51	20	47	27	39	36	34	43	24	42	24	43	23	41	29	42	36	59	44	75	34	85	29	78	33	75	48	80	67	47	81	45	45	107	169	93	190	112	122	169	138	90	243	194	154	417	451	452	384	728	1000	983	848	555	926	747	583	498	222	157	65	168	123	184	101	72	116	127	117	85	136	56	103	64	110	57	68	71	69	63	57	79	46	54	48
64	170	2	2	119	0	1953125	12	0.0	0	0.95	0	0	V0.2	0	0	24	44	36	26	31	30	44	14	40	22	44	20	49	32	38	24	49	25	49	28	67	23	87	48	90	57	87	114	61	110	54	131	54	112	122	119	116	41	103	106	32	139	376	190	233	143	150	121	372	632	828	1000	805	848	843	762	620	449	508	284	148	105	184	170	31	33	60	104	58	137	91	101	63	90	90	48	67	56	80	38	68	54	58	47	58
64	170	2	2	119	0	1953125	12	0.0	7878	2.37	0	0	V0.2	0	0	24	26	18	40	29	32	14	22	29	20	17	15	22	19	7	7	24	14	14	14	46	27	52	22	37	13	40	48	57	65	143	46	179	60	152	271	130	265	137	272	535	127	559	368	736	619	326	180	342	743	596	853	998	893	1000	318	198	466	336	427	397	260	306	181	201	105	185	122	110	116	21	43	29	39	39	14	19	19	10	8	9	10	17	10	17
64	170	2	2	119	0	1953125	12	0.0	0	0.88	0	0	V0.2	0	0	779	786	800	819	823	824	818	805	805	810	813	811	795	784	775	773	766	786	771	770	753	760	765	788	804	810	805	808	835	860	885	895	896	882	913	938	967	929	954	890	965	976	937	907	994	934	950	857	923	973	887	902	916	891	911	769	968	870	900	907	907	945	900	939	956	945	971	973	984	983	973	997	991	999	995	982	977	965	969	969	971	951	939	940	932
64	170	2	2	119	0	1953125	12	0.0	0	0.90	0	0	V0.2	0	0	179	182	172	198	180	205	172	191	172	190	195	178	196	152	192	152	204	174	177	176	150	194	160	218	163	184	163	204	198	196	252	97	256	181	272	296	151	291	150	352	69	314	350	149	255	78	501	140	437	346	711	1000	618	836	284	593	479	483	649	285	518	387	168	348	134	355	89	307	177	232	258	193	252	177	236	202	237	213	220	208	199	223	198	234	179
64	170	2	2	119	0	1953125	12	0.0	0	0.47	0	0	V0.2	0	0	10	17	24	25	23	17	10	8	13	21	23	22	17	13	12	19	21	27	22	16	9	18	23	33	35	28	38	16	24	21	72	86	50	116	43	38	71	38	79	152	94	168	152	194	362	448	17	566	403	403	692	468	355	757	434	1000	483	580	543	77	354	95	35	98	148	120	152	94	70	41	26	19	40	45	40	32	30	33	40	45	45	42	30	19	17
64	170	2	2	119	0	1953125	12	0.0	7690	2.34	0	0	V0.2	0	0	40	47	39	26	28	44	45	22	15	28	44	20	17	17	36	22	16	43	41	21	11	42	90	17	55	143	17	133	76	106	106	51	126	69	69	243	125	192	49	259	641	592	865	741	1000	614	709	460	822	684	377	881	461	410	441	806	287	475	678	477	915	381	277	94	79	67	52	63	171	59	44	33	69	39	17	33	53	47	9	31	32	22	26	24	17
64	170	2	2	119	0	1953125	12	0.0	0	0.87	0	0	V0.2	0	0	781	802	807	813	800	795	807	814	818	819	806	798	779	777	771	787	784	773	755	746	755	766	783	798	791	792	797	812	843	875	876	878	864	910	912	934	967	939	941	920	930	971	959	964	928	923	842	976	1000	850	842	869	938	944	952	701	954	989	981	885	870	838	924	982	958	952	965	952	952	986	992	996	997	984	979	980	972	985	979	974	957	951	938	933	944
64	170	2	2	119	0	1953125	12	0.0	7621	2.33	0	0	V0.2	0	0	25	20	21	12	23	24	21	7	10	10	12	5	12	11	9	5	13	27	13	12	8	17	43	26	22	42	22	25	19	50	28	39	41	77	93	76	36	76	93	178	219	139	264	369	189	432	146	71	269	242	526	180	566	1000	433	616	352	167	371	508	443	263	133	83	160	91	54	32	59	17	30	32	60	49	1	31	21	30	21	13	18	29	15	7	9
64	170	2	2	119	0	1953125	12	0.0	0	0.97	0	0	V0.2	0	0	738	739	740	759	768	766	756	753	762	763	747	737	738	739	737	723	710	708	726	715	706	708	719	731	740	744	746	768	796	789	805	821	842	837	851	856	884	829	919	881	874	861	894	826	869	938	873	822	794	939	767	943	774	999	797	821	859	804	852	787	924	869	840	873	868	899	903	888	904	912	926	919	918	910	925	925	911	901	899	902	904	873	867	874	875
64	170	2	2	119	0	1953125	12	0.0	0	0.86	0	0	V0.2	0	0	127	164	143	144	173	131	186	138	162	162	123	186	115	183	148	138	177	94	191	113	172	181	98	217	89	196	147	160	266	45	286	195	161	286	64	356	280	184	329	81	328	133	367	530	220	509	253	541	399	231	343	72	586	470	673	999	507	645	311	350	300	34	366	228	147	265	66	295	186	202	209	134	252	110	245	202	164	235	118	223	157	187	209	142	217
64	170	2	2	119	0	1953125	12	0.0	0	0.96	0	0	V0.2	0	0	149	213	149	218	147	216	154	221	147	212	148	220	144	215	133	216	145	212	136	203	141	227	125	226	135	263	184	225	208	211	257	177	229	194	246	209	302	187	531	165	511	55	663	459	818	464	356	177	605	373	886	866	1000	841	67	137	385	617	200	302	352	405	105	221	168	385	43	377	137	308	169	287	184	272	175	273	212	246	205	230	225	225	225	199	216
64	170	2	2	119	0	1953125	12	0.0	0	0.96	0	0	V0.2	0	0	170	220	142	202	165	232	162	201	144	225	175	212	132	205	162	226	147	187	133	235	163	200	116	235	181	230	174	213	199	252	274	154	181	307	281	186	295	153	459	150	391	124	327	120	666	373	545	178	615	464	869	647	811	1000	532	508	729	690	254	247	346	390	110	198	230	347	136	306	68	350	234	272	160	250	237	280	208	208	208	262	245	200	200	218	246
64	170	2	2	119	0	1953125	12	0.0	0	0.96	0	0	V0.2	0	0	41	35	49	26	52	22	58	20	50	17	46	22	45	34	51	31	51	38	60	23	62	30	76	21	88	38	109	78	157	142	154	173	104	153	62	130	27	72	45	10	86	339	456	508	549	359	542	595	523	282	118	224	470	247	534	1000	892	657	423	437	328	302	299	281	227	58	92	110	151	63	136	106	146	93	113	101	68	63	66	77	40	59	51	57	40
64	170	2	2	119	0	1953125	12	0.0	0	0.44	0	0	V0.2	0	0	18	22	27	27	22	15	10	10	16	24	26	25	22	15	10	12	22	33	30	32	17	20	5	27	48	39	64	55	46	81	66	38	69	181	205	97	246	274	99	250	363	230	189	374	224	154	373	652	300	626	918	525	502	950	439	926	999	553	183	415	263	134	210	328	276	156	237	144	84	78	45	21	21	53	80	68	72	63	40	25	12	24	36	45	47
64	170	2	2	119	0	1953125	12	0.0	0	0.98	0	0	V0.2	0	0	42	68	61	40	40	57	61	34	53	53	53	37	57	48	28	61	59	59	22	87	68	46	21	81	39	108	79	149	85	149	175	144	137	72	197	48	92	254	395	381	639	637	943	701	362	405	477	272	365	738	891	892	501	242	544	993	1000	925	810	503	341	220	183	171	282	294	370	196	244	108	127	21	157	86	99	45	114	71	73	65	78	50	50	66	59
64	170	2	2	119	0	1953125	12	0.0	7747	2.35	0	0	V0.2	0	0	36	27	24	21	27	29	21	17	17	21	11	14	16	16	15	17	13	35	24	17	30	31	46	31	60	34	55	57	54	68	28	32	30	93	15	107	151	127	156	180	168	206	385	468	279	365	210	353	403	917	1000	267	545	316	243	296	320	188	65	452	339	114	228	89	38	56	89	54	78	49	22	42	25	36	17	23	23	22	25	13	12	23	19	12	11
64	170	2	2	119	0	1953125	12	0.0	0	0.86	0	0	V0.2	0	0	253	246	246	240	238	238	217	183	150	123	123	94	100	87	53	55	78	113	162	189	184	197	213	255	289	330	337	346	385	400	296	417	369	483	457	454	481	328	482	316	572	491	601	443	102	536	442	614	285	596	999	373	698	881	926	345	360	611	469	279	294	331	569	382	292	288	252	258	280	323	308	296	267	212	181	169	187	197	194	200	170	114	86	62	56
64	170	2	2	119	0	1953125	12	0.0	0	0.87	0	0	V0.2	0	0	15	57	21	42	42	18	47	14	42	32	25	41	25	38	25	43	23	46	38	44	56	15	66	33	53	69	18	82	44	99	107	63	161	118	202	254	188	227	167	77	146	84	83	44	78	101	84	138	420	618	1000	872	874	860	891	747	724	586	445	227	249	204	167	236	145	140	139	107	152	106	148	141	72	112	70	88	83	47	86	46	58	62	41	54	28
64	170	2	2	119	0	1953125	12	0.0	7872	2.37	0	0	V0.2	0	0	14	16	11	13	1	16	9	5	6	3	13	3	2	2	7	12	1	15	15	12	23	12	23	9	12	22	21	36	9	41	18	43	54	67	102	83	182	115	134	292	173	247	180	116	238	226	479	494	166	397	671	623	390	1000	625	67	70	503	482	449	34	173	62	25	159	57	90	95	83	84	41	53	41	46	27	35	31	24	19	19	18	17	15	14	21
64	170	2	2	119	0	1953125	12	0.0	0	0.97	0	0	V0.2	0	0	374	357	387	410	369	327	272	272	284	247	173	160	169	156	117	125	172	225	238	263	266	349	416	398	405	453	488	527	542	521	560	580	588	557	692	563	538	698	658	436	557	711	490	654	735	100	435	515	733	489	334	588	1000	675	366	378	713	378	580	663	328	587	577	323	379	581	463	410	374	417	414	387	324	309	334	311	259	236	195	206	159	156	109	76	67
64	170	2	2	119	0	1953125	12	0.0	0	0.35	0	0	V0.2	0	0	9	11	13	14	16	17	17	17	15	15	11	9	5	2	4	4	12	13	17	17	23	20	21	29	29	39	52	63	86	102	110	156	208	240	240	295	398	429	488	494	668	681	758	951	529	890	810	988	886	610	1000	887	924	995	753	963	768	244	565	494	168	376	171	166	146	159	148	99	120	132	104	94	73	74	60	50	40	32	24	31	34	40	45	49	55
64	170	2	2	119	0	1953125	12	0.0	0	0.45	0	0	V0.2	0	0	19	25	26	24	15	5	7	21	28	33	32	26	14	2	16	26	39	43	36	27	6	10	30	43	69	78	73	57	67	71	110	70	95	200	201	176	291	197	234	258	254	141	217	161	180	245	347	329	586	818	459	987	948	838	1000	907	396	834	711	623	485	293	323	187	103	42	14	30	81	102	77	72	70	49	8	18	39	58	58	60	47	30	15	22	37
64	170	2	2	119	0	1953125	12	0.0	6235	2.09	0	0	V0.2	0	0	46	28	25	38	43	15	14	22	26	21	5	25	33	15	31	47	35	29	26	47	41	41	23	65	60	20	24	57	158	28	57	124	91	118	127	133	215	231	172	193	102	130	277	222	285	93	962	329	816	561	473	347	636	515	999	191	641	677	341	496	425	388	194	279	96	159	121	68	23	77	100	97	37	39	52	77	54	21	53	74	53	24	49	48	28
64	170	2	2	119	0	1953125	12	0.0	0	0.97	0	0	V0.2	0	0	295	266	303	307	284	234	215	225	215	191	132	128	133	120	97	88	155	188	164	168	214	297	291	286	344	323	402	411	390	371	394	482	491	406	408	539	366	579	556	225	298	681	614	280	300	582	498	563	187	363	88	1000	433	166	249	716	529	308	497	487	473	389	275	286	292	408	353	305	284	347	325	288	250	236	253	246	207	183	159	147	160	95	86	63	68
64	170	2	2	119	0	1953125	12	0.0	7475	2.30	0	0	V0.2	0	0	34	22	38	27	23	15	19	30	19	18	12	14	17	15	24	29	9	32	28	39	30	34	50	34	26	51	51	85	112	57	108	108	158	61	267	127	96	217	391	297	208	423	580	352	355	424	463	468	614	781	738	914	423	1000	817	712	880	134	655	184	650	389	166	147	25	80	98	60	79	48	36	44	11	62	62	24	39	27	25	17	10	22	35	5	20
64	170	1	2	119	0	1953125	12	0.0	7705	2.34	0	0	V0.2	0	0	44	62	61	77	67	58	72	31	98	48	74	21	87	46	31	87	51	74	59	147	53	86	67	36	182	154	207	140	80	33	57	250	352	367	426	153	165	456	465	244	166	247	219	120	165	709	891	1000	936	480	464	467	636	511	912	989	976	639	44	260	578	401	362	218	71	158	286	140	132	154	115	100	46	153	62	123	85	145	29	124	88	86	29	72	42
64	170	1	2	119	0	1953125	12	0.0	7651	2.33	0	0	V0.2	0	0	56	21	79	57	71	38	59	31	92	54	56	27	103	73	52	55	96	72	40	97	121	77	87	104	20	96	81	256	148	157	80	223	140	186	196	279	234	77	198	286	381	167	108	232	592	889	828	709	254	264	453	542	261	636	1000	977	819	117	406	654	718	397	22	151	295	126	108	81	113	82	126	47	26	105	170	66	44	74	140	53	21	80	93	9	67
64	170	1	2	119	0	1953125	12	0.0	0	0.88	0	0	V0.2	0	0	715	718	727	736	758	755	752	743	729	737	746	746	736	723	703	701	705	713	712	708	690	694	703	716	739	748	742	741	745	788	807	854	839	787	817	847	879	837	956	877	765	929	796	905	957	802	904	698	1000	860	930	749	703	932	895	992	850	794	806	926	792	838	855	879	823	851	922	898	893	879	881	894	923	921	916	888	879	883	892	900	891	863	857	845	856
64	170	2	2	119	0	1953125	12	0.0	7506	2.31	0	0	V0.2	0	0	25	16	18	15	13	22	15	11	13	17	18	12	9	3	18	6	16	18	14	13	20	14	16	16	30	15	33	56	100	37	52	149	37	116	117	135	94	115	133	187	165	110	342	229	515	271	650	680	442	873	1000	482	478	414	452	255	194	109	159	199	46	388	70	162	159	72	79	27	84	49	31	40	43	36	25	13	23	14	12	16	2	11	9	23	5
64	170	2	2	119	0	1953125	12	0.0	0	0.89	0	0	V0.2	0	0	685	686	703	704	702	707	709	716	707	706	699	691	693	681	686	676	671	667	660	664	667	667	675	680	690	694	695	724	725	743	755	762	793	790	783	826	823	834	802	836	824	811	806	907	709	821	856	749	891	679	1000	515	894	570	988	920	691	765	917	859	874	770	771	815	826	872	847	845	843	842	850	881	886	873	856	843	842	863	855	855	840	814	820	826	824
64	170	2	2	119	0	1953125	12	0.0	0	0.83	0	0	V0.2	0	0	27	14	33	22	19	29	5	20	19	10	21	6	18	18	9	17	14	23	10	26	29	12	39	28	16	42	11	47	26	50	74	43	87	114	89	141	144	160	151	82	114	104	46	21	214	257	309	215	57	260	54	248	323	527	880	1000	719	470	343	24	129	151	140	148	91	41	80	49	36	75	42	33	36	5	41	34	23	45	22	30	39	18	31	29	17
64	170	2	2	119	0	1953125	12	0.0	0	0.44	0	0	V0.2	0	0	21	20	16	10	8	11	18	23	24	24	17	11	5	13	20	28	26	27	19	13	8	17	18	31	41	26	31	16	35	9	60	88	37	16	32	24	20	129	71	152	39	234	103	146	186	117	230	374	371	722	373	517	1000	378	705	687	413	169	564	582	429	252	333	151	75	113	54	59	80	101	90	67	66	63	38	11	13	32	40	45	44	35	27	18	20
64	170	2	2	119	0	1953125	12	0.0	7576	2.32	0	0	V0.2	0	0	33	31	21	25	33	28	25	19	34	25	23	14	23	33	13	8	30	19	17	4	33	20	29	22	38	59	47	109	45	38	84	67	144	99	300	170	290	231	459	337	452	306	206	147	604	245	627	577	628	292	930	409	564	306	348	290	921	1000	523	93	430	223	268	135	134	98	190	88	130	69	100	101	18	62	20	28	19	9	24	26	10	11	15	6	11
64	170	2	2	119	0	1953125	12	0.0	7655	2.33	0	0	V0.2	0	0	41	35	40	29	33	34	15	39	7	34	10	25	27	32	26	9	44	23	58	11	36	22	35	59	75	63	106	43	12	99	93	51	126	280	254	276	255	115	73	137	140	214	320	547	719	657	577	284	316	640	1000	952	660	384	369	566	410	161	138	364	367	351	164	134	71	34	91	104	52	76	25	47	37	10	58	20	59	30	52	17	37	22	25	11	15
64	170	2	2	119	0	1953125	12	0.0	0	0.49	0	0	V0.2	0	0	17	32	27	14	16	30	28	3	12	8	7	8	12	16	9	10	25	22	28	33	15	15	27	17	29	24	13	66	47	61	14	8	82	25	89	132	69	143	139	171	236	241	138	149	425	70	377	292	327	90	316	411	496	524	1000	259	392	304	873	334	463	264	152	55	139	95	106	21	40	13	8	7	26	32	21	25	21	25	35	19	10	28	14	24	19
64	170	2	2	119	0	1953125	12	0.0	0	0.40	0	0	V0.2	0	0	21	19	16	15	15	16	21	22	25	28	24	22	16	14	10	22	20	30	31	39	34	39	26	19	13	15	24	51	38	88	95	71	120	80	49	36	115	174	125	180	303	337	183	443	490	409	466	216	660	680	296	1000	566	531	921	795	377	722	514	74	120	321	96	185	173	101	137	118	66	109	75	24	42	29	32	38	43	49	51	49	47	42	32	28	30
64	170	2	2	119	0	1953125	12	0.0	7595	2.32	0	0	V0.2	0	0	25	29	22	20	18	21	17	17	15	16	21	15	12	10	17	9	17	10	36	16	25	23	62	35	4	25	53	88	91	5	72	98	16	145	133	193	238	225	237	45	180	337	366	192	478	334	519	368	495	617	651	1000	477	310	418	981	774	552	437	392	626	184	203	325	131	251	27	55	155	89	44	46	71	50	14	47	20	34	12	30	14	12	3	11	13
