34928	35048	35167	35286	35405	35524	35644	35763	35882	36001	36120	36240	36359	36478	36597	36716	36836	36955	37074	37193	37313	37432	37551	37670	37789	37909	38028	38147	38266	38385	38505	38624	38743	38862	38981	39101	39220	39339	39458	39577	39697	39816	39935	40054	40174	40293	40412	40531	40650	40770	40889	41008	41127	41246	41366	41485	41604	41723	41842	41962	42081	42200	42319	42439	42558	42677	42796	42915	43035	43154	43273	43392	43511	43631	43750	43869	43988	44107	44227	44346	44465	44584	44703	44823	44942
64	170	2	2	119	0	1953125	12	0.0	0	0.88	0	0	V0.2	0	0	266	251	255	257	246	266	237	266	236	251	253	230	262	221	252	232	244	238	241	250	234	259	239	260	267	264	233	266	311	206	370	213	303	468	45	470	376	167	306	358	434	329	959	372	693	390	442	508	364	60	456	109	541	379	314	314	915	891	722	1000	259	661	612	201	598	230	356	357	238	326	263	374	263	303	307	273	319	264	318	280	292	274	286	291	280
64	170	2	2	119	0	1953125	12	0.0	0	0.87	0	0	V0.2	0	0	246	270	264	250	276	238	274	247	253	258	238	267	225	265	229	250	260	213	285	208	282	240	256	285	223	326	175	325	344	182	413	197	323	457	98	439	438	178	314	389	381	291	999	427	737	532	565	853	453	303	620	209	772	721	351	538	510	803	437	847	337	475	650	75	552	379	247	452	186	370	300	318	352	222	378	250	331	302	270	345	239	331	274	294	309
64	170	2	2	119	0	1953125	12	0.0	0	0.79	0	0	V0.2	0	0	32	35	58	17	45	54	3	51	46	9	48	33	22	39	33	46	18	41	58	11	61	82	23	86	74	42	163	80	106	206	80	139	221	195	289	441	372	512	436	225	227	684	956	764	806	397	618	799	589	967	795	511	770	1000	777	482	438	487	665	728	579	441	489	404	324	269	111	114	179	143	88	117	66	36	81	51	35	71	39	37	55	15	41	48	8
64	170	2	2	119	0	1953125	12	0.0	0	0.86	0	0	V0.2	0	0	54	11	54	39	26	51	5	49	25	37	48	24	49	36	48	39	60	60	51	77	54	99	65	69	109	43	145	85	107	156	53	160	122	114	183	95	129	149	224	382	421	864	1000	883	842	493	598	755	715	834	714	472	599	812	607	316	229	482	666	672	519	428	524	433	376	365	216	202	207	122	136	71	93	123	64	101	80	72	89	58	90	74	49	70	53
64	170	2	2	119	0	1953125	12	0.0	0	0.86	0	0	V0.2	0	0	55	22	71	31	45	53	22	60	19	52	50	35	57	48	55	46	77	65	74	76	75	109	55	101	104	58	146	60	165	142	104	205	122	259	307	173	139	98	178	377	414	892	942	911	791	411	522	750	811	1000	605	443	523	792	928	376	419	689	820	892	639	512	592	444	478	403	249	274	222	175	182	57	151	123	115	145	89	122	100	84	117	73	82	76	65
64	170	2	2	119	0	1953125	12	0.0	0	0.86	0	0	V0.2	0	0	247	236	232	266	217	259	225	232	249	214	260	209	249	225	215	253	193	272	208	242	245	206	279	201	281	242	277	269	178	353	201	318	327	144	514	220	244	475	219	378	154	561	267	538	582	315	396	514	430	956	356	475	340	625	1000	229	759	203	685	398	383	491	14	443	344	175	463	177	326	319	205	341	196	349	246	264	332	191	331	227	284	288	221	313	216
64	170	2	2	119	0	1953125	12	0.0	0	0.86	0	0	V0.2	0	0	259	233	252	259	228	266	219	257	239	231	258	211	262	210	240	242	213	273	192	266	224	237	265	209	301	207	305	240	247	339	188	358	243	284	479	67	388	489	147	334	351	482	276	711	474	330	587	357	675	908	280	773	208	809	950	443	1000	125	639	152	459	351	225	413	149	341	435	147	390	217	316	331	234	363	190	337	293	241	343	215	324	245	273	303	232
64	170	2	2	119	0	1953125	12	0.0	0	0.87	0	0	V0.2	0	0	228	251	224	262	232	246	245	220	255	211	251	226	233	241	204	256	200	256	226	227	258	203	272	206	278	248	262	281	182	341	231	278	325	164	474	204	272	508	213	313	277	509	142	623	593	463	660	590	538	965	405	749	370	534	1000	329	919	190	476	259	400	358	137	412	223	262	436	150	370	257	261	344	203	349	217	295	307	215	327	217	304	251	254	298	228
64	170	2	2	119	0	1953125	12	0.0	7545	2.31	0	0	V0.2	0	0	12	10	4	12	9	7	5	10	3	18	14	14	6	4	12	21	8	4	26	12	18	14	25	28	21	28	80	19	35	57	65	50	37	23	165	90	93	292	107	235	354	271	396	264	299	920	301	750	331	750	507	859	621	274	923	132	1000	393	352	243	536	305	401	104	149	79	22	95	101	92	102	57	68	40	68	53	36	31	35	39	36	21	36	33	25
64	170	2	2	119	0	1953125	12	0.0	6468	2.13	0	0	V0.2	0	0	72	67	20	40	16	71	66	24	57	28	33	32	41	64	28	21	10	62	58	51	85	33	51	46	57	117	48	69	56	112	238	199	212	267	134	120	134	158	294	276	195	224	223	297	337	542	663	585	590	574	434	615	710	801	980	1000	917	844	666	416	347	280	222	338	260	177	168	53	82	71	118	157	68	30	19	64	89	43	51	27	43	83	79	95	80
64	170	2	2	119	0	1953125	12	0.0	6141	2.07	0	0	V0.2	0	0	50	69	48	55	56	49	70	36	58	28	69	46	58	15	55	62	78	15	37	53	98	36	30	40	74	48	89	33	112	35	223	180	236	184	90	148	214	267	85	191	109	290	322	703	820	902	861	425	44	364	578	542	103	239	778	1000	892	641	256	371	461	378	268	137	314	353	380	142	144	146	203	133	66	111	150	132	26	92	107	114	21	69	94	96	30
64	170	2	2	119	0	1953125	12	0.0	0	0.89	0	0	V0.2	0	0	643	643	642	642	646	645	638	632	624	622	624	620	621	611	606	604	608	608	620	618	620	620	632	638	656	664	676	682	673	667	720	714	711	721	719	688	731	752	792	642	638	714	831	705	681	589	701	769	715	672	557	401	835	828	650	501	1000	788	582	592	788	779	728	737	674	704	739	770	754	724	727	729	745	753	753	727	714	719	729	726	730	716	700	702	711
64	170	2	2	119	0	1953125	12	0.0	0	0.88	0	0	V0.2	0	0	70	28	49	42	28	55	8	53	31	31	39	20	41	8	41	15	36	12	48	46	23	70	10	68	24	82	62	28	110	12	101	104	105	222	180	296	346	326	280	92	228	255	579	570	324	714	474	571	747	798	472	556	442	762	1000	593	833	376	461	468	544	366	357	328	310	202	205	134	140	176	95	123	83	99	119	42	86	57	53	66	34	72	29	48	50
64	170	2	2	119	0	1953125	12	0.0	0	0.86	0	0	V0.2	0	0	50	33	26	64	35	24	55	25	32	44	16	49	46	30	43	44	64	59	37	75	58	56	85	41	70	109	42	98	165	105	147	156	94	264	344	202	99	173	74	166	287	488	788	633	360	333	238	440	598	743	402	436	581	783	1000	572	402	467	617	540	543	306	324	366	335	154	181	166	100	157	123	56	129	121	72	106	100	68	93	68	53	90	70	40	55
64	170	1	2	119	0	1953125	12	0.0	0	0.86	0	0	V0.2	0	0	13	57	45	22	53	8	51	37	30	48	20	45	42	49	38	51	62	52	72	45	90	69	62	98	39	90	91	95	176	104	183	178	138	288	253	229	148	176	70	183	378	649	786	831	594	222	237	410	501	796	359	459	656	809	1000	434	344	579	709	719	568	452	511	352	414	297	171	195	113	146	136	43	137	94	111	124	64	108	74	71	92	54	70	57	52
64	170	1	2	119	0	1953125	12	0.0	0	0.86	0	0	V0.2	0	0	61	8	65	45	33	58	9	56	25	47	55	29	59	42	59	49	77	72	66	86	60	113	68	80	109	39	163	78	144	195	108	236	171	216	322	208	93	143	155	364	376	811	996	884	788	274	316	580	454	704	349	472	791	846	1000	559	453	849	869	875	723	483	628	480	440	390	226	188	180	119	145	58	138	149	96	134	99	97	101	67	104	83	60	79	61
64	170	2	2	119	0	1953125	12	0.0	0	0.86	0	0	V0.2	0	0	64	34	42	58	7	58	25	45	48	22	57	29	53	43	54	59	58	80	50	91	65	91	105	40	113	67	127	124	76	192	108	174	205	144	242	240	66	92	118	382	425	714	1000	841	741	351	281	558	509	529	302	419	694	843	794	541	486	809	918	798	723	515	586	542	432	378	279	149	179	134	95	96	86	153	109	96	124	75	98	79	80	98	51	71	73
64	170	2	2	119	0	1953125	12	0.0	0	0.86	0	0	V0.2	0	0	58	18	50	47	19	54	11	45	33	32	52	27	51	38	52	45	59	68	46	83	52	97	84	51	107	47	132	102	72	167	67	155	151	84	165	175	137	173	212	407	419	758	1000	849	773	385	338	511	397	405	304	367	542	704	546	388	610	804	920	782	697	538	653	573	448	421	272	170	191	110	99	75	86	144	84	102	104	73	95	69	86	91	48	72	62
64	170	2	2	119	0	1953125	12	0.0	0	0.87	0	0	V0.2	0	0	23	48	14	46	35	24	44	3	34	18	21	21	13	23	14	28	20	48	20	53	41	50	75	22	90	71	93	122	67	151	98	83	150	105	136	230	178	199	179	368	386	708	999	810	741	449	374	518	396	429	333	206	489	627	358	256	527	630	820	656	618	523	600	556	415	360	234	151	163	85	61	60	62	112	46	76	66	49	72	33	57	49	25	45	23
64	170	2	2	119	0	1953125	12	0.0	0	0.87	0	0	V0.2	0	0	42	39	30	59	22	43	38	18	40	7	34	13	22	18	18	18	32	46	12	52	12	68	36	59	99	28	141	89	120	191	69	181	161	121	246	251	164	334	239	293	347	802	1000	894	832	410	566	608	412	658	338	248	694	740	647	379	388	515	656	555	469	492	577	470	442	359	188	222	159	97	109	31	107	104	53	81	37	67	50	43	70	30	42	38	25
64	170	2	2	119	0	1953125	12	0.0	0	0.86	0	0	V0.2	0	0	58	33	37	52	9	49	22	33	36	19	46	22	42	30	44	42	46	61	30	74	42	86	87	54	122	68	147	145	96	199	136	142	194	138	172	278	248	267	226	349	346	686	1000	783	769	469	529	602	379	487	248	231	660	765	631	577	356	638	676	435	505	429	504	501	380	334	257	167	187	148	92	111	78	148	102	69	104	47	81	66	61	84	36	63	62
64	170	1	2	119	0	1953125	12	0.0	0	0.86	0	0	V0.2	0	0	61	16	69	33	47	53	15	58	13	50	42	36	51	31	58	38	71	52	62	73	57	115	42	119	101	97	199	94	200	227	143	276	175	170	321	269	181	389	282	279	318	822	995	851	873	576	781	550	246	440	193	403	811	815	805	824	660	1000	827	676	581	562	681	507	493	403	219	253	185	136	157	81	173	161	105	126	82	97	95	67	108	75	62	79	59
64	170	2	2	119	0	1953125	12	0.0	0	0.86	0	0	V0.2	0	0	65	35	40	52	16	57	25	39	41	21	47	22	49	29	48	46	49	60	28	81	39	89	84	57	119	56	167	148	96	216	147	177	205	153	196	279	232	249	200	330	274	657	947	635	696	525	603	450	149	258	152	183	625	640	512	849	595	1000	849	631	604	505	568	518	398	322	240	149	181	112	99	129	104	167	113	83	112	52	97	72	66	88	42	70	60
64	170	2	2	119	0	1953125	12	0.0	0	0.86	0	0	V0.2	0	0	60	21	67	29	46	51	18	54	10	51	39	38	50	30	58	37	68	46	60	69	54	110	40	118	98	104	209	100	200	222	122	242	137	139	271	250	151	381	270	315	326	808	1000	826	889	624	896	642	277	397	40	226	678	598	667	627	541	991	873	737	606	545	653	437	476	364	199	247	178	118	130	59	164	153	101	123	78	90	88	59	101	69	56	76	56
64	170	2	2	119	0	1953125	12	0.0	0	0.86	0	0	V0.2	0	0	55	14	51	43	23	48	5	43	24	33	44	24	45	30	46	35	57	57	42	74	41	98	63	78	118	61	168	123	122	198	87	153	131	77	156	191	140	230	250	382	355	751	1000	857	907	597	634	776	524	652	381	135	582	692	624	397	193	600	702	521	504	410	545	424	391	361	224	196	200	129	121	73	88	141	73	97	91	58	85	56	85	79	40	71	55
64	170	2	2	119	0	1953125	12	0.0	0	0.86	0	0	V0.2	0	0	28	42	58	5	51	28	32	44	11	52	27	43	45	43	46	42	69	48	72	59	78	94	52	109	85	91	149	72	165	142	107	167	58	175	184	93	43	156	224	367	424	842	945	1000	897	546	524	680	591	793	518	237	444	731	798	366	327	604	837	692	572	491	608	467	466	417	243	233	207	127	154	62	115	133	87	126	87	92	95	63	99	77	63	78	63
64	170	2	2	119	0	1953125	12	0.0	0	0.86	0	0	V0.2	0	0	62	43	33	67	7	57	38	34	56	14	59	34	49	49	47	62	53	82	51	87	69	78	109	39	116	86	120	140	85	189	117	154	204	161	299	280	47	64	42	408	401	696	924	844	745	606	361	626	659	703	464	217	533	790	959	562	523	716	1000	740	740	533	592	543	439	399	338	187	213	166	120	115	84	154	130	108	134	93	103	93	82	106	69	70	86
64	170	2	2	119	0	1953125	12	0.0	0	0.86	0	0	V0.2	0	0	51	5	57	39	27	47	11	49	24	37	45	24	46	38	44	38	58	54	55	65	48	84	46	72	88	38	121	54	135	145	83	186	125	210	309	208	159	179	24	271	241	590	653	623	557	424	285	522	449	697	378	268	519	621	1000	524	543	709	786	683	577	416	521	346	372	333	225	192	169	112	155	60	125	125	97	134	88	103	94	64	97	72	69	70	60
64	170	2	2	119	0	1953125	12	0.0	0	0.86	0	0	V0.2	0	0	35	34	55	5	45	24	33	45	7	42	26	31	33	38	37	34	50	36	61	34	61	62	32	81	40	74	86	60	147	78	122	137	98	244	253	219	194	198	32	121	241	465	582	586	382	381	271	451	453	639	218	225	381	626	1000	526	629	616	705	649	477	386	401	254	349	233	178	202	111	146	139	62	130	80	129	122	71	116	64	75	83	55	80	50	62
64	170	2	2	119	0	1953125	12	0.0	0	0.88	0	0	V0.2	0	0	55	21	60	17	51	39	31	56	2	51	28	40	35	25	42	16	38	9	45	19	51	57	22	63	16	77	62	53	37	85	82	13	146	120	272	312	237	385	312	62	40	273	561	446	382	776	409	591	611	730	483	328	316	666	1000	681	824	573	600	500	563	295	451	322	281	281	211	131	170	104	141	93	104	134	85	92	78	49	65	35	61	55	28	54	37
64	170	2	2	119	0	1953125	12	0.0	3557	1.63	0	0	V0.2	0	0	21	15	15	5	3	12	22	26	17	26	29	30	16	21	28	33	24	36	31	40	33	31	25	5	27	21	60	39	36	59	3	73	70	113	198	129	90	310	174	209	196	256	435	224	467	684	111	572	423	467	281	488	318	187	746	199	1000	651	287	352	396	233	315	183	128	121	86	61	105	69	50	48	49	48	17	49	15	13	24	24	25	26	38	28	27
64	170	2	2	119	0	1953125	12	0.0	3557	1.63	0	0	V0.2	0	0	51	57	56	59	50	59	42	64	37	60	16	66	29	35	41	78	42	24	86	78	72	25	105	48	84	14	140	30	133	21	116	83	227	167	214	44	234	245	379	322	442	321	523	678	1000	878	574	15	519	793	732	564	461	677	952	998	911	674	342	36	325	408	360	241	217	283	224	188	127	153	56	63	119	96	66	74	102	58	60	72	81	28	74	72	60
64	170	2	2	119	0	1953125	12	0.0	3507	1.62	0	0	V0.2	0	0	63	2	47	20	61	5	33	33	48	16	33	37	25	37	42	60	10	45	48	74	2	52	46	66	45	72	81	89	68	84	83	81	171	177	83	72	180	204	219	296	299	305	320	500	609	655	366	99	296	618	568	491	475	590	747	1000	819	680	400	94	104	288	236	213	166	188	149	131	121	121	82	64	61	76	38	75	63	60	19	61	46	43	26	56	45
64	170	2	2	119	0	1953125	12	0.0	0	0.87	0	0	V0.2	0	0	530	534	528	513	505	508	519	525	522	508	490	482	487	498	512	504	490	480	477	487	506	525	533	517	504	513	525	553	619	581	510	542	540	608	662	575	569	576	539	663	533	704	515	628	313	701	563	577	569	717	429	523	639	693	509	1000	542	776	586	510	678	466	581	613	600	608	586	606	592	587	600	600	611	607	590	589	585	577	588	587	586	579	571	572	576
64	170	2	2	119	0	1953125	12	0.0	0	0.87	0	0	V0.2	0	0	35	35	47	19	57	23	41	39	16	44	6	37	18	32	30	33	33	31	64	13	56	39	48	75	22	107	18	79	108	76	124	44	164	219	239	346	283	257	217	9	295	360	668	669	401	622	415	546	725	834	509	581	421	735	1000	521	686	331	368	378	437	267	321	329	308	240	241	166	132	160	90	111	81	96	131	65	88	77	49	75	39	74	54	31	57
64	170	2	2	119	0	1953125	12	0.0	0	0.86	0	0	V0.2	0	0	217	246	208	248	230	225	246	201	244	207	234	228	207	248	185	242	202	217	254	184	265	192	246	242	201	288	175	301	236	259	311	155	372	258	277	490	187	203	341	308	265	382	745	281	561	487	137	634	353	669	538	107	655	437	999	540	224	500	216	631	148	392	406	172	502	221	252	384	154	370	236	273	289	206	352	198	303	275	224	307	194	306	238	256	283
64	170	2	2	119	0	1953125	12	0.0	0	0.86	0	0	V0.2	0	0	224	268	228	252	258	227	272	212	257	227	236	257	201	270	202	251	236	202	285	185	283	219	240	284	188	312	189	308	308	204	376	146	375	370	152	533	288	103	310	319	444	260	893	429	533	526	107	633	498	551	619	84	784	669	1000	777	169	673	232	702	415	311	591	36	529	413	136	440	210	358	323	251	357	178	374	270	282	339	215	338	223	303	296	246	326
64	170	2	2	119	0	1953125	12	0.0	0	0.86	0	0	V0.2	0	0	60	6	56	42	28	57	11	52	36	38	59	32	56	41	54	53	59	71	48	81	51	86	85	52	105	46	123	105	79	184	96	171	197	143	261	278	75	123	107	238	289	525	729	598	536	305	153	419	411	572	370	325	641	775	1000	660	404	606	660	543	540	329	414	375	319	321	266	148	159	136	105	101	75	138	112	88	115	82	84	78	66	91	62	61	75
64	170	2	2	119	0	1953125	12	0.0	0	0.86	0	0	V0.2	0	0	61	55	23	64	16	59	51	26	63	31	60	51	57	62	50	73	59	84	61	79	103	56	119	69	86	110	79	157	114	146	191	127	229	233	175	276	98	134	54	237	460	645	822	790	535	344	224	335	449	539	237	474	629	814	1000	585	604	728	917	737	605	516	490	460	471	333	286	230	132	189	113	88	128	96	155	112	101	130	68	103	88	76	96	55	81
64	170	2	2	119	0	1953125	12	0.0	0	0.86	0	0	V0.2	0	0	65	34	45	55	9	61	24	44	44	23	59	30	52	42	53	56	58	77	48	92	67	97	108	54	126	65	138	128	73	192	107	195	227	151	217	272	22	83	114	412	458	730	909	770	672	370	316	471	407	362	207	471	727	736	774	563	672	870	1000	823	773	563	638	608	471	455	324	184	213	150	108	102	92	163	117	103	126	80	101	83	85	101	57	74	79
