34928	35048	35167	35286	35405	35524	35644	35763	35882	36001	36120	36240	36359	36478	36597	36716	36836	36955	37074	37193	37313	37432	37551	37670	37789	37909	38028	38147	38266	38385	38505	38624	38743	38862	38981	39101	39220	39339	39458	39577	39697	39816	39935	40054	40174	40293	40412	40531	40650	40770	40889	41008	41127	41246	41366	41485	41604	41723	41842	41962	42081	42200	42319	42439	42558	42677	42796	42915	43035	43154	43273	43392	43511	43631	43750	43869	43988	44107	44227	44346	44465	44584	44703	44823	44942
64	170	2	2	119	0	1953125	12	0.0	0	0.96	0	0	V0.2	0	0	288	300	303	299	310	329	332	330	323	327	333	336	328	314	308	321	319	291	271	274	279	278	250	231	256	269	251	231	234	279	305	222	274	339	351	305	236	449	339	300	282	445	495	202	161	602	396	200	358	443	451	681	342	332	814	460	389	454	1000	636	273	371	405	424	233	146	372	347	370	240	265	336	387	333	263	275	337	351	319	261	255	312	316	275	225
64	170	2	2	119	0	1953125	12	0.0	0	0.66	0	0	V0.2	0	0	23	9	12	25	18	4	20	23	12	11	24	19	3	23	30	17	11	36	30	4	22	33	18	21	45	25	6	63	80	43	25	89	136	28	105	89	205	143	165	296	232	226	235	175	173	161	267	243	275	175	611	717	655	338	244	1000	906	170	213	594	464	151	80	174	183	98	33	89	108	76	14	65	54	15	32	60	46	7	46	56	34	13	43	44	16
64	170	2	2	119	0	1953125	12	0.0	0	0.59	0	0	V0.2	0	0	21	20	16	19	25	26	21	22	28	32	27	25	30	35	32	31	39	48	45	38	46	59	65	60	55	68	67	69	72	83	125	106	193	175	157	188	282	281	267	189	256	315	98	173	348	345	362	417	938	1000	572	594	478	731	509	322	414	512	380	292	207	47	73	48	140	122	67	46	98	108	67	17	55	81	70	31	30	65	70	45	10	45	63	50	14
64	170	2	2	119	0	1953125	12	0.0	0	0.62	0	0	V0.2	0	0	11	8	16	18	11	7	17	19	11	12	21	20	12	16	25	25	13	14	32	33	20	20	34	33	24	28	40	41	35	23	60	51	62	52	94	163	187	196	231	177	127	186	335	265	138	20	143	283	163	223	400	455	553	371	704	1000	657	210	202	290	287	119	170	62	92	84	96	58	45	82	78	61	31	58	64	42	16	44	52	30	10	37	46	28	4
64	170	2	2	119	0	1953125	12	0.0	0	0.69	0	0	V0.2	0	0	86	56	73	94	67	60	92	76	48	83	88	46	68	89	55	49	88	68	32	81	76	14	75	105	55	48	92	73	14	67	96	14	40	145	129	59	134	120	93	218	344	180	291	199	293	278	360	401	159	251	477	837	1000	716	517	394	464	755	503	268	306	239	190	201	176	89	96	158	129	47	74	96	48	88	113	53	47	105	83	2	77	80	19	56	81
64	170	2	2	119	0	1953125	12	0.0	0	0.63	0	0	V0.2	0	0	15	10	27	29	16	10	26	24	8	17	34	28	5	21	33	24	8	32	39	28	11	44	54	30	17	63	89	48	61	88	121	48	33	165	288	202	99	167	272	328	257	358	295	636	350	89	235	391	241	166	352	540	632	894	719	1000	984	310	272	372	327	91	45	115	200	178	58	58	133	128	53	25	70	80	32	19	49	49	19	20	48	43	15	26	43
64	170	2	2	119	0	1953125	12	0.0	0	0.62	0	0	V0.2	0	0	12	30	32	18	12	30	33	17	19	36	35	20	29	44	42	26	37	57	54	37	52	76	70	44	58	92	91	50	36	81	115	109	76	165	271	271	251	313	410	384	284	195	249	282	61	86	178	355	456	261	287	553	676	973	989	1000	817	563	565	544	346	147	119	199	210	143	80	97	130	113	74	78	98	91	56	53	71	63	36	31	55	51	29	27	45
64	170	2	2	119	0	1953125	12	0.0	0	0.65	0	0	V0.2	0	0	17	16	9	9	12	13	12	16	17	10	13	18	15	10	21	26	22	20	34	33	16	20	38	46	40	46	47	49	60	86	111	78	68	138	215	180	209	267	347	366	312	344	225	309	241	218	125	412	644	303	144	196	532	1000	978	331	109	769	823	372	194	242	337	269	71	115	153	114	68	114	123	96	41	73	85	45	11	60	64	24	33	66	58	13	37
64	170	2	2	119	0	1953125	12	0.0	0	0.49	0	0	V0.2	0	0	20	19	13	8	8	13	17	17	12	5	10	17	22	23	17	7	10	21	24	29	25	11	1	34	50	55	60	33	28	59	86	106	144	124	90	177	132	102	70	120	86	52	170	258	50	367	362	497	522	593	178	579	760	516	1000	411	322	481	238	412	497	363	193	114	44	37	124	151	111	105	64	28	15	38	49	50	42	23	12	17	33	36	34	23	10
64	170	2	2	119	0	1953125	12	0.0	7510	2.31	0	0	V0.2	0	0	44	43	15	27	39	35	21	18	35	26	12	18	24	27	6	15	35	23	10	14	44	56	38	50	34	90	78	44	133	95	108	209	57	106	130	113	137	365	153	193	396	512	391	339	409	576	848	519	398	437	623	1000	955	692	468	378	957	154	538	498	536	369	22	274	41	46	124	67	115	55	74	29	58	34	45	61	35	29	17	39	23	16	18	22	22
64	170	2	2	119	0	1953125	12	0.0	0	0.42	0	0	V0.2	0	0	27	30	25	13	30	31	13	30	13	17	18	17	10	16	15	25	19	18	34	10	12	5	40	37	70	13	9	24	43	32	49	54	40	57	70	157	170	252	325	195	64	98	316	430	747	524	263	227	182	210	425	229	426	539	329	637	1000	540	98	636	203	180	178	43	6	68	71	78	21	69	59	37	12	34	38	3	20	19	20	21	3	44	30	15	23
64	170	2	2	119	0	1953125	12	0.0	0	0.42	0	0	V0.2	0	0	15	17	15	12	6	7	10	18	21	24	24	26	22	15	11	12	21	31	38	42	42	37	12	21	14	8	70	65	85	86	82	134	124	52	129	167	58	182	344	498	527	166	698	824	707	586	401	912	875	524	784	1000	925	732	773	923	552	379	858	700	740	435	209	416	448	285	181	148	145	79	25	65	93	94	114	110	111	90	47	26	26	37	66	79	82
64	170	2	2	119	0	1953125	12	0.0	0	0.42	0	0	V0.2	0	0	9	11	10	10	8	6	5	7	11	14	17	16	15	11	11	9	11	20	21	19	22	28	33	33	21	8	26	56	79	98	37	66	69	101	125	118	36	99	183	277	299	301	594	614	594	368	295	668	760	669	479	162	1000	789	551	578	297	500	653	669	481	218	114	388	319	182	74	137	154	87	24	8	17	41	72	75	70	56	46	33	14	11	27	37	49
64	170	2	2	119	0	1953125	12	0.0	0	0.95	0	0	V0.2	0	0	44	49	32	54	19	52	15	55	13	54	18	54	30	50	27	51	44	75	30	55	47	128	79	78	51	159	155	108	122	98	199	155	254	107	230	237	224	154	410	558	594	473	120	332	475	321	196	647	979	1000	721	405	860	854	874	737	24	229	491	756	643	535	208	118	162	243	145	128	176	114	152	104	172	60	106	94	105	63	81	94	63	68	66	74	32
64	170	2	2	119	0	1953125	12	0.0	0	0.45	0	0	V0.2	0	0	10	5	2	6	10	12	14	12	7	1	6	11	14	15	14	10	4	8	16	17	25	24	16	14	10	20	38	37	58	57	43	94	78	32	70	104	155	181	123	58	222	209	156	202	138	253	212	130	410	408	412	52	444	608	1000	738	72	225	169	257	358	285	77	128	78	107	67	14	8	6	15	51	67	48	37	24	14	7	19	28	32	29	22	12	6
64	170	2	2	119	0	1953125	12	0.0	0	0.45	0	0	V0.2	0	0	10	17	21	22	19	11	3	6	15	23	26	24	18	10	9	20	28	35	37	36	29	18	20	26	57	68	62	53	63	87	82	35	57	150	212	188	74	222	314	159	139	306	389	335	189	236	687	717	341	314	654	851	961	720	485	952	1000	876	697	578	451	341	140	148	108	121	68	77	88	117	101	58	45	42	31	41	49	50	53	47	30	14	8	22	32
64	170	2	2	119	0	1953125	12	0.0	0	0.51	0	0	V0.2	0	0	14	10	9	11	14	16	14	6	5	15	20	19	13	1	9	25	30	29	18	3	18	36	48	31	26	22	39	66	76	85	49	37	40	114	179	148	115	131	219	242	281	266	244	410	345	422	505	474	344	434	105	231	253	793	1000	660	363	259	198	172	354	225	240	204	77	21	23	85	115	118	63	32	38	22	42	42	32	11	33	47	52	39	26	19	25
64	170	1	2	119	0	1953125	12	0.0	0	0.51	0	0	V0.2	0	0	19	13	4	5	15	20	19	13	5	12	22	26	24	15	12	22	34	41	36	24	16	28	46	60	61	50	25	49	75	74	108	84	23	59	104	137	59	92	87	84	127	213	33	131	224	248	114	292	159	295	656	645	644	624	1000	733	793	536	350	263	396	377	265	166	146	131	109	124	123	108	81	57	31	47	69	70	63	40	16	25	46	53	49	34	14
64	170	2	2	119	0	1953125	12	0.0	0	0.51	0	0	V0.2	0	0	15	13	9	5	10	17	16	11	2	10	18	23	21	10	5	19	28	35	28	11	14	41	47	25	33	25	59	81	100	72	96	156	149	128	217	209	160	298	395	164	64	316	425	322	282	96	427	981	827	317	507	488	135	665	1000	366	819	835	109	261	226	146	381	423	118	92	25	113	129	146	122	59	8	23	72	82	76	43	13	30	53	63	59	36	15
64	170	2	2	119	0	1953125	12	0.0	0	0.48	0	0	V0.2	0	0	22	14	2	10	21	27	27	19	8	8	20	29	31	27	14	6	20	36	40	40	33	11	13	43	55	51	62	58	51	56	126	119	150	144	100	183	237	266	263	348	224	261	526	486	491	765	503	313	712	695	579	870	693	246	1000	606	362	527	582	392	351	206	131	173	50	19	52	98	95	111	90	31	15	23	43	53	56	40	24	5	11	29	38	34	24
64	170	2	2	119	0	1953125	12	0.0	0	0.51	0	0	V0.2	0	0	6	14	19	17	11	4	10	19	24	21	11	4	17	26	27	24	12	10	26	36	37	16	6	24	53	64	72	70	47	44	156	110	107	179	126	99	242	286	168	228	304	106	276	409	347	242	374	155	438	675	953	676	681	282	448	775	1000	397	739	578	349	389	125	103	280	218	174	167	93	19	31	99	88	42	33	23	44	57	73	55	25	13	41	50	58
64	170	2	2	119	0	1953125	12	0.0	0	0.48	0	0	V0.2	0	0	14	7	11	18	22	22	15	9	7	16	21	26	20	13	3	15	23	33	28	23	17	18	20	29	41	26	6	20	46	69	120	146	62	56	108	46	186	189	108	262	296	65	265	251	95	321	353	256	564	749	617	112	620	222	964	1000	339	286	366	302	641	496	153	99	80	61	144	166	103	78	60	44	28	17	40	42	43	25	16	13	27	35	40	33	20
64	170	2	2	119	0	1953125	12	0.0	0	0.68	0	0	V0.2	0	0	16	14	31	30	13	25	33	19	19	39	38	19	33	45	27	27	55	54	37	43	58	47	54	74	72	41	63	99	114	132	112	120	144	171	213	238	288	289	312	170	211	266	381	411	420	334	39	118	526	999	938	777	366	394	916	924	752	721	498	83	261	293	353	309	160	150	186	121	59	109	114	39	56	110	93	31	62	76	37	36	79	68	22	47	61
64	170	2	2	119	0	1953125	12	0.0	0	0.67	0	0	V0.2	0	0	19	42	34	8	39	50	26	21	51	46	10	39	58	36	20	59	66	19	39	77	65	27	65	81	58	42	99	122	49	21	138	133	190	296	281	170	155	325	414	453	447	786	837	768	754	1000	681	666	898	906	289	84	351	345	780	166	732	760	555	202	194	471	507	383	164	136	194	180	102	124	131	71	13	92	107	55	34	70	61	14	49	69	42	29	66
64	170	2	2	119	0	1953125	12	0.0	7802	2.36	0	0	V0.2	0	0	71	80	68	69	73	72	61	23	84	43	45	6	51	24	38	20	38	73	18	71	56	109	6	108	103	62	109	76	115	129	94	56	173	121	133	188	30	200	302	137	219	226	271	415	799	885	941	1000	654	365	512	884	919	780	638	571	820	967	776	276	434	587	651	240	191	186	314	68	183	108	191	25	92	57	54	96	70	47	6	87	38	64	37	66	20
64	170	2	2	119	0	1953125	12	0.0	0	0.61	0	0	V0.2	0	0	25	13	16	29	29	20	18	26	29	18	19	32	37	24	20	40	46	36	31	53	66	59	35	52	79	70	49	56	84	121	98	136	163	215	276	182	104	183	285	410	322	410	451	423	280	352	435	518	513	464	583	311	371	471	564	390	1000	780	388	615	605	534	454	292	216	259	240	151	10	108	163	140	70	70	124	123	68	21	76	96	67	8	51	78	59
64	170	2	2	119	0	1953125	12	0.0	0	0.50	0	0	V0.2	0	0	4	10	14	13	8	6	7	12	15	14	9	5	8	15	18	14	9	6	20	29	35	30	23	20	25	33	44	42	34	42	50	95	152	131	196	181	105	78	125	142	136	153	95	211	257	194	394	513	577	636	879	203	913	775	747	999	935	511	402	351	167	57	96	114	73	114	83	89	76	71	59	16	21	40	60	63	52	28	24	36	44	47	37	21	20
64	170	2	2	119	0	1953125	12	0.0	7721	2.34	0	0	V0.2	0	0	43	30	27	25	40	30	29	20	33	23	20	10	29	15	8	12	17	25	24	27	19	50	23	49	49	69	30	67	34	69	75	57	15	7	121	172	225	32	214	390	107	601	338	152	715	1000	160	531	410	635	540	97	545	999	578	507	626	741	371	271	201	145	171	6	55	98	53	29	35	58	81	4	30	16	32	35	8	8	30	24	23	11	17	19	22
64	170	2	2	119	0	1953125	12	0.0	0	0.70	0	0	V0.2	0	0	613	617	616	609	596	592	594	587	580	579	571	580	566	562	575	575	572	568	570	574	555	578	574	570	578	565	566	573	584	573	581	606	653	590	631	579	646	639	687	684	632	735	559	647	680	643	632	521	468	521	433	369	661	1000	820	699	818	908	510	536	441	591	587	635	584	522	565	555	597	606	615	592	594	582	578	584	586	585	578	561	569	566	558	544	550
64	170	2	2	119	0	1953125	12	0.0	7753	2.35	0	0	V0.2	0	0	22	24	28	26	22	18	25	19	24	13	18	31	11	11	14	18	8	15	24	31	3	10	35	25	35	17	51	30	75	57	118	48	118	55	86	161	189	119	65	337	146	184	169	145	531	584	330	50	81	392	337	824	545	98	395	219	1000	737	775	134	526	690	128	488	214	105	45	158	111	75	79	51	57	62	41	12	4	28	11	4	13	9	31	10	18
64	170	2	2	119	0	1953125	12	0.0	0	0.62	0	0	V0.2	0	0	31	2	28	43	35	5	26	42	33	6	35	48	35	9	40	54	36	10	52	68	43	32	72	89	79	52	100	130	117	103	105	160	188	190	267	338	357	262	114	70	46	41	306	401	416	581	560	592	443	681	820	657	570	630	775	829	1000	867	859	244	81	138	310	184	107	138	226	204	81	32	105	152	111	52	74	87	63	8	57	77	62	12	43	68	56
64	170	2	2	119	0	1953125	12	0.0	0	0.70	0	0	V0.2	0	0	48	68	51	40	60	50	36	65	61	36	64	69	36	59	79	48	56	91	62	45	89	79	42	87	97	41	75	96	53	51	146	101	28	97	180	175	241	186	155	90	105	284	202	35	202	155	105	272	293	505	158	209	247	930	1000	487	466	677	646	596	496	348	193	194	183	115	111	122	38	108	164	92	48	112	97	9	88	96	28	66	93	47	50	91	61
64	170	2	2	119	0	1953125	12	0.0	0	0.40	0	0	V0.2	0	0	7	7	6	9	13	15	15	15	13	13	8	5	7	9	13	22	19	21	18	19	10	12	8	13	16	29	23	27	31	42	61	56	62	65	18	109	216	172	109	173	195	314	145	242	308	245	429	256	296	528	411	932	980	585	1000	146	969	619	487	497	142	166	218	250	233	119	88	126	93	87	27	32	21	19	12	26	36	38	35	34	36	29	24	19	18
64	170	2	2	119	0	1953125	12	0.0	0	0.64	0	0	V0.2	0	0	33	31	9	21	34	28	12	27	33	19	14	37	38	18	31	50	40	15	37	61	45	37	62	76	56	34	81	90	84	78	111	52	32	56	222	270	206	290	321	111	81	224	467	729	573	301	192	645	804	595	617	607	612	1000	559	758	793	194	518	130	258	309	373	313	253	131	133	184	144	106	83	115	89	39	72	106	88	28	44	77	61	10	44	65	43
64	170	2	2	119	0	1953125	12	0.0	0	0.65	0	0	V0.2	0	0	4	27	33	16	13	34	31	9	22	37	26	7	33	40	20	18	37	38	13	41	54	40	7	63	85	65	38	73	93	110	114	138	181	127	202	150	114	101	85	47	70	95	294	454	205	317	283	329	335	343	551	890	888	772	735	1000	876	833	559	522	156	170	235	243	160	134	42	83	103	93	61	79	77	45	47	77	64	31	37	56	48	25	39	51	39
64	170	2	2	119	0	1953125	12	0.0	0	0.66	0	0	V0.2	0	0	15	27	20	13	26	30	22	17	28	30	18	27	32	24	16	37	43	40	18	31	32	20	53	80	51	19	52	97	98	69	125	146	150	231	180	233	170	410	473	564	416	228	630	777	625	589	597	720	824	1000	880	681	432	517	529	389	985	963	765	450	450	494	497	205	185	121	361	346	117	62	143	144	47	92	114	82	65	105	102	55	78	100	78	62	95
64	170	2	2	119	0	1953125	12	0.0	0	0.43	0	0	V0.2	0	0	20	23	24	22	17	10	8	10	17	20	21	20	19	12	11	18	20	24	22	24	18	10	16	46	33	41	40	42	38	53	56	87	160	131	116	97	202	253	160	31	37	200	465	488	106	90	387	841	744	542	427	279	369	966	781	999	823	156	571	217	300	325	149	77	123	120	181	164	120	103	60	38	20	18	32	49	49	46	37	31	19	10	15	22	23
64	170	2	2	119	0	1953125	12	0.0	0	0.42	0	0	V0.2	0	0	3	2	4	9	10	9	10	9	5	1	4	9	12	13	16	15	11	7	2	6	16	22	24	29	25	27	22	18	6	11	16	68	73	42	70	60	114	167	79	12	116	182	322	264	88	153	189	476	492	377	210	234	568	999	487	120	428	274	382	225	37	76	43	94	94	80	57	37	42	46	22	4	15	15	18	29	33	33	26	21	15	7	2	11	18
64	170	2	2	119	0	1953125	12	0.0	0	0.66	0	0	V0.2	0	0	26	6	22	35	27	5	31	38	21	12	39	35	10	29	49	34	2	41	58	39	28	70	78	44	51	100	94	78	108	169	184	131	125	205	198	248	311	395	351	298	255	253	340	460	365	289	98	306	765	871	799	827	795	381	150	603	842	1000	620	295	263	236	142	90	234	240	205	117	100	120	88	68	75	89	49	18	52	53	24	29	44	26	9	38	39
64	170	2	2	119	0	1953125	12	0.0	0	0.65	0	0	V0.2	0	0	9	15	27	20	7	25	32	19	12	30	31	16	19	34	28	9	27	38	22	14	46	53	26	29	57	63	37	60	84	78	57	91	97	108	134	124	153	128	105	103	251	172	214	282	350	339	266	354	501	409	388	672	838	987	993	1000	798	596	429	274	118	168	170	37	103	188	147	93	83	90	37	30	87	88	42	25	62	64	27	36	63	53	13	37	58
