34928	35048	35167	35286	35405	35524	35644	35763	35882	36001	36120	36240	36359	36478	36597	36716	36836	36955	37074	37193	37313	37432	37551	37670	37789	37909	38028	38147	38266	38385	38505	38624	38743	38862	38981	39101	39220	39339	39458	39577	39697	39816	39935	40054	40174	40293	40412	40531	40650	40770	40889	41008	41127	41246	41366	41485	41604	41723	41842	41962	42081	42200	42319	42439	42558	42677	42796	42915	43035	43154	43273	43392	43511	43631	43750	43869	43988	44107	44227	44346	44465	44584	44703	44823	44942
64	170	2	2	119	0	1953125	12	0.0	0	0.89	0	0	V0.2	0	0	17	37	27	29	43	5	42	18	33	24	22	34	16	22	23	44	22	36	19	37	32	20	52	8	44	10	38	45	73	50	61	29	85	149	151	188	206	177	319	317	223	127	144	70	118	102	198	436	872	904	811	656	491	590	445	558	692	1000	837	619	400	289	80	92	118	129	134	112	165	76	87	96	95	117	52	89	61	45	58	36	57	29	60	56	32
64	170	2	2	119	0	1953125	12	0.0	7376	2.29	0	0	V0.2	0	0	36	32	27	32	45	38	31	34	30	16	27	19	22	28	6	21	19	26	12	32	22	27	49	19	73	44	102	18	79	97	196	81	113	106	177	63	155	91	204	253	308	144	667	354	259	514	409	464	522	262	701	1000	401	784	651	700	705	560	760	556	446	376	161	213	184	139	149	52	63	45	6	5	56	16	40	18	6	16	12	10	15	12	27	8	29
64	170	2	2	119	0	1953125	12	0.0	0	0.73	0	0	V0.2	0	0	711	715	715	721	719	715	718	720	721	717	710	705	687	686	678	677	666	664	669	669	678	684	695	707	731	745	754	779	809	801	787	846	846	865	816	787	847	862	802	841	821	724	741	952	864	875	775	854	666	999	843	823	706	970	437	836	740	939	691	772	906	961	980	905	818	840	833	860	860	868	883	880	869	878	880	884	879	875	873	876	852	846	849	847	841
64	170	2	2	119	0	1953125	12	0.0	7738	2.35	0	0	V0.2	0	0	25	22	27	20	22	25	16	12	16	23	13	18	17	17	9	16	10	20	22	19	21	33	34	44	16	35	66	39	72	57	52	84	15	41	54	80	43	121	63	114	148	23	112	142	216	180	304	74	274	444	515	538	327	346	483	558	636	496	1000	58	427	174	117	202	32	79	87	40	75	50	19	33	22	17	38	3	16	18	11	10	9	12	13	21	2
64	170	2	2	119	0	1953125	12	0.0	0	0.86	0	0	V0.2	0	0	351	359	348	349	317	251	233	212	214	211	179	153	102	45	80	112	143	146	159	181	221	282	341	388	392	352	393	418	452	534	532	685	562	527	429	635	538	766	541	741	499	480	578	564	786	569	712	912	467	200	598	766	33	843	858	1000	270	152	301	642	463	779	668	417	191	266	415	497	502	475	404	302	222	232	258	322	353	313	272	197	146	101	104	129	163
64	170	2	2	119	0	1953125	12	0.0	7580	2.32	0	0	V0.2	0	0	42	31	26	24	30	36	23	27	22	24	25	18	10	25	13	11	21	35	10	16	33	30	29	21	73	33	75	82	51	79	78	96	227	283	141	289	77	481	502	614	341	449	35	355	155	264	411	351	291	1000	795	592	480	503	623	191	579	405	744	385	430	365	111	175	160	95	83	81	133	46	61	98	12	43	46	8	25	17	7	14	17	3	16	6	17
64	170	2	2	119	0	1953125	12	0.0	0	0.73	0	0	V0.2	0	0	31	36	12	20	36	22	11	33	27	10	30	25	16	26	25	21	33	27	29	43	33	27	55	59	33	51	68	28	64	78	66	42	76	54	94	92	92	137	73	234	204	121	219	377	344	360	378	247	361	465	375	215	386	382	703	693	1000	792	692	252	158	119	213	323	267	168	196	190	130	76	110	78	23	46	75	46	18	54	57	25	37	55	35	21	34
64	170	2	2	119	0	1953125	12	0.0	7626	2.33	0	0	V0.2	0	0	28	20	15	21	29	19	18	21	22	12	11	10	14	22	6	14	18	17	21	29	18	7	24	35	11	30	56	28	21	52	72	17	54	163	232	50	228	233	222	317	311	71	298	278	505	196	375	175	226	109	791	823	1000	863	534	483	129	455	299	447	284	104	230	80	143	34	71	84	88	86	94	19	41	20	37	17	34	12	3	7	10	10	4	19	7
64	170	2	2	119	0	1953125	12	0.0	7506	2.31	0	0	V0.2	0	0	14	8	11	8	13	24	18	18	8	22	15	16	8	16	14	9	8	0	14	15	12	23	19	35	12	35	54	24	87	9	56	125	128	206	159	65	351	265	175	262	238	122	116	266	273	146	243	104	427	793	613	711	700	202	1000	296	779	775	660	342	220	138	77	201	109	226	44	48	114	29	55	105	27	63	51	27	36	22	28	20	13	21	19	31	5
64	170	2	2	119	0	1953125	12	0.0	5727	2.00	0	0	V0.2	0	0	54	62	124	105	21	65	77	36	38	35	22	78	93	79	118	134	104	123	147	98	58	109	74	34	113	78	76	211	233	161	249	341	291	205	307	338	237	155	255	169	19	136	126	135	326	398	411	500	732	706	742	840	1000	978	883	937	974	855	795	798	806	673	524	515	494	339	205	213	163	52	74	55	95	194	206	161	189	231	197	144	143	135	85	42	30
64	170	2	2	119	0	1953125	12	0.0	0	0.95	0	0	V0.2	0	0	342	316	266	252	270	288	262	198	171	155	176	161	101	57	106	134	139	110	128	236	282	264	226	316	321	409	412	379	289	464	563	445	404	431	495	583	399	550	525	271	333	814	734	453	285	857	729	507	103	545	177	1000	456	479	692	874	723	580	515	251	505	742	485	315	380	287	492	390	348	230	244	365	360	246	196	159	220	238	225	137	59	82	120	134	81
64	170	2	2	119	0	1953125	12	0.0	7496	2.31	0	0	V0.2	0	0	20	20	13	17	5	12	14	19	2	7	11	16	11	8	2	5	5	20	10	25	13	13	35	10	34	56	45	82	35	71	73	113	86	169	93	48	302	122	75	300	36	359	422	223	519	623	680	482	784	512	694	619	503	539	1000	535	958	403	180	515	272	369	106	235	102	180	43	113	92	86	102	78	33	109	44	39	35	51	32	27	35	23	10	14	16
64	170	2	2	119	0	1953125	12	0.0	0	0.88	0	0	V0.2	0	0	286	279	264	241	224	220	211	194	173	131	120	108	75	78	67	70	82	103	151	193	203	209	242	247	270	332	400	382	307	325	384	429	473	508	402	322	500	449	374	643	703	221	147	670	734	404	430	616	329	800	434	233	304	999	866	308	214	229	346	553	379	484	452	252	204	275	317	348	344	317	243	226	208	186	246	245	237	194	159	119	112	103	117	126	114
64	170	2	2	119	0	1953125	12	0.0	0	0.86	0	0	V0.2	0	0	172	189	156	200	163	181	188	157	197	145	189	159	168	194	126	207	133	180	193	128	217	131	208	156	184	236	102	291	169	194	286	85	334	155	276	370	113	302	175	159	197	372	443	332	662	520	787	1000	589	694	945	671	854	152	818	695	808	406	167	814	683	496	580	247	228	180	265	188	172	315	170	276	221	181	253	151	274	202	210	247	159	242	175	222	214
64	170	2	2	119	0	1953125	12	0.0	0	0.86	0	0	V0.2	0	0	147	156	137	159	134	153	146	141	165	125	156	134	133	153	122	159	120	155	140	117	174	114	166	161	127	172	144	166	137	169	203	175	159	132	216	180	154	235	96	261	243	109	196	277	150	268	408	228	573	925	952	835	876	696	1000	580	415	449	162	322	59	340	427	140	362	251	103	226	151	236	129	194	239	120	226	150	190	190	153	210	134	208	165	158	207
64	170	2	2	119	0	1953125	12	0.0	0	0.85	0	0	V0.2	0	0	29	46	11	38	33	12	36	9	30	23	19	35	22	28	28	35	32	25	40	15	41	28	50	63	33	91	92	79	135	82	79	113	95	116	182	99	206	115	108	171	136	111	149	348	325	401	689	800	1000	978	965	798	611	564	206	292	295	379	269	277	438	479	417	384	216	139	107	12	66	33	49	74	19	56	52	18	48	15	43	44	22	51	34	39	46
64	170	2	2	119	0	1953125	12	0.0	0	0.72	0	0	V0.2	0	0	47	45	14	39	48	21	24	46	28	15	41	32	12	29	30	25	35	25	41	47	28	42	76	46	42	93	63	48	112	115	55	39	107	63	122	269	321	77	173	254	236	302	377	508	428	442	590	590	544	690	900	894	965	1000	642	242	514	558	732	229	486	259	211	378	257	106	180	190	112	31	93	95	27	58	103	68	29	70	64	29	46	51	38	39	37
64	170	2	2	119	0	1953125	12	0.0	0	0.95	0	0	V0.2	0	0	62	21	19	20	68	43	32	36	46	30	45	65	36	11	58	74	22	26	75	82	13	84	79	93	11	129	113	25	30	148	174	36	92	153	208	71	226	200	121	87	173	139	153	352	465	514	178	380	465	492	280	572	844	878	435	346	1000	915	700	505	341	405	310	48	106	157	117	99	171	113	67	29	114	59	57	92	92	66	27	78	44	24	46	70	34
64	170	2	2	119	0	1953125	12	0.0	0	0.80	0	0	V0.2	0	0	34	12	32	20	17	35	14	16	22	4	27	25	16	23	14	23	24	31	38	9	35	34	29	60	47	24	67	35	31	46	14	79	82	71	119	74	89	235	236	184	174	86	166	279	213	197	385	230	383	836	897	975	532	327	476	706	1000	795	535	296	176	205	80	127	148	70	125	96	72	102	81	41	76	54	28	42	19	33	47	19	24	28	11	38	36
64	170	2	2	119	0	1953125	12	0.0	0	0.85	0	0	V0.2	0	0	32	13	25	28	7	36	20	18	29	7	23	15	17	20	13	27	17	28	16	36	37	21	52	27	53	71	36	74	51	66	129	66	50	92	47	112	52	66	83	81	155	163	187	262	293	245	215	157	331	405	525	632	885	1000	914	606	469	274	470	483	274	133	159	108	108	59	42	97	79	38	56	22	64	58	42	62	34	43	52	16	34	30	17	23	13
64	170	2	2	119	0	1953125	12	0.0	0	0.86	0	0	V0.2	0	0	4	40	23	27	41	2	39	25	27	37	24	44	31	42	44	39	44	33	50	26	51	51	39	72	37	82	81	42	115	55	96	126	108	181	105	59	160	76	78	102	244	377	370	500	453	467	490	575	420	372	258	226	263	426	748	950	1000	779	540	368	87	75	136	121	146	167	156	164	134	84	121	77	89	101	75	94	64	66	78	42	57	55	40	49	35
64	170	2	2	119	0	1953125	12	0.0	0	0.99	0	0	V0.2	0	0	21	31	22	26	17	33	33	16	20	22	20	17	17	20	8	24	17	37	9	36	6	42	19	74	37	75	42	81	76	27	51	33	39	56	7	98	70	104	139	33	26	120	178	134	196	119	64	209	312	414	416	190	408	717	1000	958	829	609	445	416	296	185	18	106	130	219	199	179	145	43	59	35	51	16	38	22	38	23	40	13	29	22	34	14	24
64	170	2	2	119	0	1953125	12	0.0	0	0.84	0	0	V0.2	0	0	112	137	119	131	133	119	141	111	130	129	106	141	107	126	134	96	140	107	120	129	106	145	104	139	138	95	165	122	125	163	124	173	118	139	176	96	233	256	55	307	133	242	189	132	300	99	422	421	554	1000	772	739	641	252	484	627	313	284	89	234	209	152	274	110	169	218	92	173	177	145	174	122	196	138	148	180	116	175	150	142	172	125	160	138	148
64	170	2	2	119	0	1953125	12	0.0	0	0.87	0	0	V0.2	0	0	18	31	41	18	37	20	16	18	15	27	6	27	21	8	5	26	26	16	36	24	42	16	52	71	5	63	32	74	57	66	152	107	10	78	120	191	68	123	253	227	205	52	73	213	140	99	226	378	551	708	973	1000	901	666	487	187	464	525	243	108	189	300	149	8	88	101	61	53	148	141	48	47	59	54	51	13	72	60	10	43	31	37	23	22	35
64	170	2	2	119	0	1953125	12	0.0	0	0.74	0	0	V0.2	0	0	168	165	146	169	169	149	172	171	141	163	167	135	157	164	128	152	156	124	159	167	126	163	172	137	180	207	142	180	212	144	174	243	166	130	237	194	169	336	264	131	391	219	48	247	403	161	380	348	306	696	711	249	315	1000	784	694	562	358	132	243	324	137	327	262	45	226	257	107	192	256	191	182	235	180	193	241	178	193	216	167	177	204	165	168	200
64	170	2	2	119	0	1953125	12	0.0	0	0.79	0	0	V0.2	0	0	253	288	264	271	292	253	278	282	245	277	265	241	269	250	251	262	246	269	250	251	281	254	256	311	221	321	290	254	385	198	356	450	210	298	418	312	344	453	62	613	385	257	795	614	717	928	420	389	700	765	638	1000	507	586	886	351	769	775	317	694	529	160	558	358	312	551	232	325	487	196	353	399	250	373	379	266	377	322	277	354	282	302	339	279	339
64	170	2	2	119	0	1953125	12	0.0	0	0.96	0	0	V0.2	0	0	35	51	43	44	37	40	41	28	41	19	38	13	30	17	25	30	27	40	45	26	48	43	28	73	85	38	124	17	134	71	107	75	206	227	427	365	235	218	135	198	19	295	310	365	338	633	727	736	767	967	1000	659	249	160	646	795	307	189	715	916	641	562	431	383	392	180	28	103	181	52	109	97	98	73	51	75	45	81	44	72	16	47	27	34	21
64	170	2	2	119	0	1953125	12	0.0	0	0.83	0	0	V0.2	0	0	45	16	33	41	5	42	31	23	42	16	33	29	25	34	22	40	23	41	44	35	66	39	61	90	36	87	82	60	115	78	85	147	87	103	103	24	23	75	185	111	127	233	224	268	465	359	490	472	681	697	630	382	370	578	740	1000	599	678	481	311	394	380	191	211	123	80	73	35	32	77	44	54	59	30	76	57	42	70	42	53	58	29	58	50	36
64	170	2	2	119	0	1953125	12	0.0	4428	1.78	0	0	V0.2	0	0	26	29	34	33	15	16	31	25	12	27	18	6	4	24	21	8	3	39	36	17	17	68	44	3	30	43	71	66	74	156	24	164	179	64	158	133	250	465	137	213	455	99	835	476	957	719	942	65	385	1000	535	717	984	532	468	490	997	891	304	368	336	444	178	230	142	116	94	55	75	59	50	40	81	74	46	18	37	69	33	6	17	41	40	9	27
64	170	2	2	119	0	1953125	12	0.0	0	0.73	0	0	V0.2	0	0	450	452	455	460	463	464	462	463	460	456	453	448	444	438	434	428	424	417	421	417	428	431	440	447	471	482	495	492	502	523	481	548	539	573	534	523	527	487	432	557	572	580	510	410	492	583	560	613	504	655	579	426	241	269	624	1000	574	596	557	572	411	339	510	549	575	588	581	582	562	569	569	558	554	564	565	553	548	541	550	541	539	541	537	533	531
64	170	2	2	119	0	1953125	12	0.0	4686	1.82	0	0	V0.2	0	0	31	26	17	19	23	28	24	22	22	12	13	11	9	24	9	17	22	29	17	21	28	14	19	42	29	36	41	38	65	25	69	57	98	112	29	107	137	145	70	299	196	369	343	152	287	295	324	103	99	258	1000	712	267	429	807	644	966	403	405	344	105	258	50	122	121	65	83	58	107	28	29	9	64	24	30	40	18	11	19	21	18	19	13	20	15
64	170	2	2	119	0	1953125	12	0.0	0	0.86	0	0	V0.2	0	0	160	159	173	167	153	130	106	84	95	88	95	78	60	28	20	44	73	81	80	81	101	102	134	158	187	209	225	228	210	197	220	252	230	353	286	185	372	430	103	206	428	446	224	267	303	634	244	263	374	279	1000	438	94	359	680	553	323	496	667	375	218	15	244	365	302	224	169	170	156	132	129	139	159	157	157	130	111	83	66	79	96	83	82	77	60
64	170	2	2	119	0	1953125	12	0.0	0	0.72	0	0	V0.2	0	0	19	39	29	6	34	34	7	25	34	15	22	33	22	23	30	24	37	37	25	42	50	25	47	70	41	29	75	44	40	95	103	83	97	122	63	94	248	135	52	128	140	100	306	435	461	318	386	405	413	658	1000	946	614	621	401	443	383	278	168	199	407	272	80	128	169	104	50	103	108	49	45	81	66	8	57	68	30	32	63	43	10	43	47	21	26
64	170	2	2	119	0	1953125	12	0.0	0	0.72	0	0	V0.2	0	0	31	37	13	24	38	21	14	38	29	5	30	29	11	26	27	23	33	30	33	38	30	24	53	45	24	64	53	8	60	79	54	45	167	148	85	235	275	67	26	142	109	126	194	231	374	493	583	522	523	702	749	715	285	424	810	1000	696	133	113	255	360	132	65	115	122	66	52	93	87	32	85	70	38	27	60	45	13	41	43	22	25	39	33	25	27
64	170	2	2	119	0	1953125	12	0.0	7695	2.34	0	0	V0.2	0	0	23	19	27	32	23	6	21	25	16	4	17	18	15	9	23	24	16	15	33	26	27	38	36	43	24	23	37	48	11	63	54	75	68	171	53	198	239	205	99	337	202	324	57	358	808	824	764	294	246	468	240	698	583	1000	805	411	362	254	45	357	174	497	103	158	37	14	67	35	67	49	79	77	21	35	59	54	11	36	30	33	16	16	23	28	19
64	170	2	2	119	0	1953125	12	0.0	0	0.73	0	0	V0.2	0	0	149	153	147	138	132	133	110	110	100	87	90	82	66	57	50	36	27	40	52	66	92	97	126	156	178	180	209	248	276	333	340	341	372	379	463	467	340	323	272	357	383	373	616	457	492	434	121	422	477	288	245	187	331	284	1000	377	346	472	224	474	318	203	257	367	200	239	212	236	203	180	199	168	174	162	144	141	135	135	120	132	119	121	115	102	92
64	170	2	2	119	0	1953125	12	0.0	7491	2.31	0	0	V0.2	0	0	21	16	9	15	12	18	18	4	11	12	8	4	6	7	7	4	0	8	15	17	12	22	22	31	15	32	8	24	53	29	63	67	106	152	162	181	32	153	125	233	264	40	405	255	317	235	177	255	269	636	371	954	384	1000	339	698	649	583	413	125	212	83	153	111	91	130	44	58	81	38	6	21	51	29	15	32	23	9	14	15	11	4	7	7	19
64	170	2	2	119	0	1953125	12	0.0	0	1.01	0	0	V0.2	0	0	765	776	776	765	767	775	766	754	748	750	750	727	721	730	719	717	714	720	728	728	726	745	759	761	781	789	814	824	826	826	880	849	869	891	896	879	868	921	857	915	886	907	925	839	894	849	898	813	706	954	876	823	861	860	848	732	781	1000	691	923	838	880	917	861	944	905	926	921	943	950	918	926	941	940	929	909	918	926	909	889	899	901	896	887	887
64	170	2	2	119	0	1953125	12	0.0	0	0.74	0	0	V0.2	0	0	168	151	162	169	146	152	162	137	143	157	134	139	153	133	144	159	137	155	164	144	160	172	134	157	184	128	158	186	131	160	213	154	120	272	200	132	394	268	77	311	262	83	342	340	92	331	241	123	188	546	373	395	438	562	717	1000	878	264	352	274	134	336	286	103	207	262	183	165	237	208	163	204	201	169	201	175	166	203	167	173	198	169	174	199	178
64	170	2	2	119	0	1953125	12	0.0	0	0.85	0	0	V0.2	0	0	8	32	29	13	37	13	27	28	9	29	12	30	23	22	33	23	30	15	37	28	27	45	24	60	33	56	88	7	88	64	54	119	82	151	169	64	109	77	100	181	72	139	286	247	192	192	332	516	498	526	482	541	466	173	777	1000	748	590	365	369	518	429	260	161	90	108	68	80	154	120	101	97	52	78	70	46	72	49	54	64	31	51	41	33	41
