34928	35048	35167	35286	35405	35524	35644	35763	35882	36001	36120	36240	36359	36478	36597	36716	36836	36955	37074	37193	37313	37432	37551	37670	37789	37909	38028	38147	38266	38385	38505	38624	38743	38862	38981	39101	39220	39339	39458	39577	39697	39816	39935	40054	40174	40293	40412	40531	40650	40770	40889	41008	41127	41246	41366	41485	41604	41723	41842	41962	42081	42200	42319	42439	42558	42677	42796	42915	43035	43154	43273	43392	43511	43631	43750	43869	43988	44107	44227	44346	44465	44584	44703	44823	44942
64	170	2	2	119	0	1953125	12	0.0	0	0.96	0	0	V0.2	0	0	60	6	58	15	54	16	48	20	47	28	33	23	46	31	44	28	53	23	54	26	68	31	81	50	81	74	113	140	83	154	55	160	129	262	181	313	307	402	429	479	461	348	521	625	686	677	312	123	336	463	426	520	489	635	227	274	494	1000	707	671	564	332	324	244	85	94	94	69	161	149	152	156	68	113	57	98	31	76	44	64	39	58	49	37	39
64	170	2	2	119	0	1953125	12	0.0	0	0.86	0	0	V0.2	0	0	8	42	29	22	42	8	40	28	27	43	20	38	30	39	34	40	49	37	53	33	59	53	31	61	14	46	33	66	96	48	108	117	74	138	108	87	196	128	256	220	129	170	124	316	354	427	540	371	619	760	660	805	757	999	786	341	333	51	145	285	215	175	176	58	151	114	76	124	97	127	117	76	107	64	56	70	39	66	45	48	61	32	54	47	35
64	170	2	2	119	0	1953125	12	0.0	0	0.96	0	0	V0.2	0	0	48	8	49	23	37	23	36	27	30	32	23	26	30	28	28	26	42	25	44	34	57	50	62	59	53	80	105	155	82	160	83	159	141	231	230	225	309	252	225	115	134	170	213	216	223	116	160	220	531	515	534	648	713	1000	698	41	447	860	706	405	384	408	405	246	181	173	205	179	154	211	129	114	30	110	51	78	57	92	57	66	73	57	48	45	53
64	170	2	2	119	0	1953125	12	0.0	0	0.78	0	0	V0.2	0	0	169	156	178	166	160	171	152	160	166	147	166	159	149	173	153	152	167	140	167	159	128	186	160	139	208	173	150	204	152	188	245	113	201	181	126	326	301	155	439	256	121	207	225	68	443	236	137	227	275	379	275	203	523	1000	484	651	450	254	636	390	233	328	155	168	236	184	147	280	157	195	261	161	199	232	166	207	204	159	217	181	175	217	169	188	216
64	170	2	2	119	0	1953125	12	0.0	0	0.95	0	0	V0.2	0	0	149	146	147	153	140	151	136	155	135	151	131	151	128	153	119	160	111	164	115	162	113	176	107	176	127	184	99	214	154	186	167	188	301	35	194	253	236	223	390	67	285	136	213	14	431	304	558	658	335	391	110	309	218	529	16	357	507	1000	487	506	444	33	170	267	127	245	207	172	241	133	220	135	228	120	235	111	219	136	204	137	196	145	192	151	182
64	170	2	2	119	0	1953125	12	0.0	0	0.64	0	0	V0.2	0	0	8	23	44	32	5	31	42	27	8	38	42	19	17	47	41	6	32	54	32	17	42	59	38	26	78	109	70	92	154	144	48	84	246	244	131	133	250	219	129	127	322	371	329	325	218	524	491	508	363	776	759	801	1000	550	703	910	888	658	926	662	624	454	263	174	273	285	196	132	97	179	166	87	52	131	129	47	39	95	93	33	45	88	74	16	55
64	170	2	2	119	0	1953125	12	0.0	0	0.95	0	0	V0.2	0	0	57	19	48	22	62	3	53	14	53	12	55	38	48	30	58	39	50	37	83	50	83	68	81	62	92	123	93	150	79	182	84	92	68	216	151	201	220	176	242	108	223	264	454	505	612	627	358	476	197	124	377	690	974	1000	836	650	569	339	308	46	69	81	291	277	299	226	43	120	89	130	93	192	129	101	107	115	111	31	86	62	71	44	80	59	49
64	170	2	2	119	0	1953125	12	0.0	0	0.86	0	0	V0.2	0	0	2	37	30	34	53	22	23	24	28	25	14	46	31	8	31	44	26	31	63	35	37	40	62	59	30	84	46	45	93	100	120	48	76	149	57	147	240	235	206	71	156	137	110	220	184	230	295	371	535	345	427	639	999	951	582	814	809	306	128	289	374	302	141	164	295	190	14	106	165	138	4	130	129	22	71	85	80	35	63	108	54	34	77	61	25
64	170	2	2	119	0	1953125	12	0.0	0	0.98	0	0	V0.2	0	0	276	242	285	251	278	243	276	250	271	238	271	232	274	230	267	232	264	239	266	222	287	235	278	232	315	217	318	262	308	244	321	255	480	30	608	371	553	485	477	434	365	530	142	289	559	606	546	878	426	1000	261	773	109	617	110	545	405	806	643	855	253	517	256	465	245	383	257	381	245	398	292	323	300	341	296	309	288	335	274	326	264	335	268	333	264
64	170	2	2	119	0	1953125	12	0.0	0	0.93	0	0	V0.2	0	0	187	221	187	209	206	206	216	183	216	173	237	163	228	147	227	170	222	173	207	190	202	230	181	237	155	297	128	273	254	152	240	210	254	235	234	209	301	208	250	310	207	378	680	341	802	644	804	830	410	726	366	879	510	808	588	1000	483	538	347	134	482	286	114	321	246	169	306	210	295	196	275	290	203	289	195	293	181	302	191	274	194	268	219	251	229
64	170	2	2	119	0	1953125	12	0.0	0	0.96	0	0	V0.2	0	0	265	216	257	221	277	215	258	204	274	208	270	184	260	207	263	194	252	185	282	209	254	177	302	196	293	211	288	195	361	259	318	279	379	462	146	274	376	465	282	810	273	552	421	296	174	632	330	1000	957	731	679	254	628	324	317	946	748	812	574	379	737	238	557	60	557	193	407	182	433	319	277	262	337	299	295	320	238	324	265	318	226	297	257	317	236
64	170	2	2	119	0	1953125	12	0.0	0	0.60	0	0	V0.2	0	0	5	17	25	20	5	14	26	26	9	11	27	30	14	7	28	35	24	8	34	51	39	17	43	63	66	47	44	77	88	79	46	54	80	77	30	77	44	49	68	150	118	188	208	132	310	435	454	139	368	544	454	584	827	999	804	587	459	222	57	220	365	303	139	95	156	170	143	110	37	76	81	67	22	30	61	59	27	19	54	66	39	4	40	60	48
64	170	2	2	119	0	1953125	12	0.0	0	0.80	0	0	V0.2	0	0	33	29	48	21	28	37	3	32	26	14	37	16	24	33	18	22	11	32	28	20	55	28	45	72	22	69	80	4	62	48	70	192	169	171	259	147	227	379	295	342	437	441	416	402	304	479	313	135	360	436	249	640	410	241	281	678	1000	991	861	540	419	266	184	206	184	79	92	67	71	107	57	74	104	51	53	80	34	47	62	20	46	45	28	49	33
64	170	2	2	119	0	1953125	12	0.0	0	0.98	0	0	V0.2	0	0	65	17	46	7	53	20	48	15	42	6	52	30	31	9	51	27	21	16	59	8	47	4	55	41	68	13	54	58	102	26	95	93	252	133	134	57	145	100	293	380	334	387	156	399	446	550	399	437	455	306	295	168	90	213	532	737	1000	739	744	411	351	281	138	213	153	167	52	160	109	141	76	84	55	64	66	57	55	32	55	35	38	34	56	32	36
64	170	2	2	119	0	1953125	12	0.0	0	0.87	0	0	V0.2	0	0	182	237	194	217	218	193	240	177	234	184	210	211	179	234	165	233	163	220	205	179	253	156	256	159	248	225	199	309	129	302	181	314	368	117	485	198	326	376	158	415	34	438	333	216	605	228	593	501	770	889	526	905	446	999	515	576	383	441	231	79	412	357	284	528	25	459	268	269	325	180	396	141	329	278	216	323	163	315	208	266	269	207	287	189	288
64	170	2	2	119	0	1953125	12	0.0	0	0.95	0	0	V0.2	0	0	251	218	240	226	241	234	229	232	222	243	213	249	189	255	187	264	167	276	158	284	160	307	124	336	129	360	130	370	229	286	259	334	253	361	384	318	390	333	632	383	891	440	906	620	978	649	488	609	625	656	243	660	552	999	240	417	422	568	595	678	308	717	147	705	269	569	406	316	391	256	354	224	366	210	361	178	366	185	357	176	339	188	336	209	311
64	170	2	2	119	0	1953125	12	0.0	0	0.86	0	0	V0.2	0	0	189	207	176	219	179	206	196	173	214	159	215	180	185	203	150	216	150	207	195	159	225	152	221	179	196	239	144	255	217	175	235	181	293	104	369	215	191	270	169	297	150	207	260	234	334	263	377	888	619	1000	672	899	791	693	465	235	325	685	460	712	193	431	290	225	245	154	374	201	231	321	139	299	212	235	286	163	284	183	252	230	201	267	170	264	204
64	170	2	2	119	0	1953125	12	0.0	0	0.86	0	0	V0.2	0	0	54	36	37	57	10	59	31	37	45	26	57	29	51	44	44	42	53	62	38	85	47	84	84	65	127	75	183	198	148	225	157	222	207	234	331	167	237	225	200	310	288	331	429	403	630	489	608	879	704	816	1000	602	759	215	225	500	556	699	945	527	314	159	37	142	84	144	81	119	157	80	139	111	82	127	65	107	73	58	91	36	79	59	57	68	36
64	170	2	2	119	0	1953125	12	0.0	0	0.83	0	0	V0.2	0	0	30	37	2	40	32	12	35	17	22	27	14	35	25	23	26	23	26	18	41	28	24	49	24	53	52	6	35	23	104	107	45	75	96	66	176	184	178	180	86	68	90	78	171	360	508	500	338	381	535	692	999	791	737	693	554	134	460	695	732	410	257	97	145	92	135	188	106	104	83	39	83	61	51	67	25	35	47	27	57	50	30	47	34	31	38
64	170	2	2	119	0	1953125	12	0.0	0	0.83	0	0	V0.2	0	0	30	37	2	40	32	12	35	17	22	27	14	35	25	23	26	23	26	18	41	28	24	49	24	53	52	6	35	23	104	107	45	75	96	66	176	184	178	180	86	68	90	78	171	360	508	500	338	381	535	692	999	791	737	693	554	134	460	695	732	410	257	97	145	92	135	188	106	104	83	39	83	61	51	67	25	35	47	27	57	50	30	47	34	31	38
64	170	2	2	119	0	1953125	12	0.0	0	0.86	0	0	V0.2	0	0	176	206	181	197	203	182	210	171	201	179	181	209	159	210	165	188	190	156	215	161	208	193	169	215	167	235	175	208	249	186	244	102	398	250	283	415	49	309	208	255	236	54	446	456	341	613	303	660	511	283	417	162	422	148	302	615	414	1000	651	657	466	68	240	321	261	127	243	329	157	270	269	175	292	157	283	228	202	269	178	258	194	232	229	198	254
64	170	2	2	119	0	1953125	12	0.0	0	0.96	0	0	V0.2	0	0	11	42	15	32	17	31	15	28	18	26	19	24	23	24	17	25	17	29	15	46	29	53	48	58	64	40	84	65	115	60	125	68	153	156	139	156	133	191	112	150	76	198	199	304	289	239	108	311	533	604	690	587	870	999	849	613	265	122	98	163	238	262	112	126	90	212	196	89	94	70	126	38	58	40	58	22	59	56	26	35	46	52	16	32	31
64	170	2	2	119	0	1953125	12	0.0	0	0.95	0	0	V0.2	0	0	69	9	66	11	65	18	63	35	45	31	57	48	48	50	65	51	69	68	76	64	80	96	62	92	79	146	77	187	121	175	107	168	193	182	201	190	302	200	178	80	210	309	471	556	537	523	439	720	461	553	578	588	435	420	803	1000	841	525	466	308	269	201	173	189	158	260	248	320	198	159	134	137	123	97	150	96	119	71	113	67	75	72	76	65	58
64	170	2	2	119	0	1953125	12	0.0	0	0.57	0	0	V0.2	0	0	23	10	9	23	28	20	4	15	29	29	16	5	24	36	29	12	11	40	43	33	10	26	45	46	34	7	37	54	67	60	40	68	170	187	40	38	178	248	237	209	286	280	194	299	406	367	429	689	502	215	433	830	999	513	731	408	326	520	781	294	124	123	84	127	213	186	39	23	39	97	92	44	13	55	71	49	27	19	55	63	46	15	28	53	55
64	170	2	2	119	0	1953125	12	0.0	0	0.64	0	0	V0.2	0	0	31	15	14	29	30	11	19	32	24	7	24	34	19	11	30	35	14	27	42	42	10	39	59	36	8	45	62	32	38	63	63	44	69	115	72	129	75	49	107	277	289	383	314	116	316	517	558	81	350	801	1000	413	300	908	997	445	507	529	670	154	364	296	28	145	169	226	45	105	99	31	59	107	91	25	39	73	68	23	47	67	48	21	53	68	44
64	170	2	2	119	0	1953125	12	0.0	0	0.95	0	0	V0.2	0	0	49	19	56	8	44	8	57	32	31	28	39	30	38	42	36	29	64	58	44	41	73	86	59	99	38	83	57	157	68	90	64	189	200	201	295	188	184	66	123	150	218	106	248	333	246	214	257	547	536	734	624	803	829	939	833	583	326	640	1000	647	355	139	220	310	148	117	112	200	116	100	119	113	91	55	109	67	97	65	89	49	62	68	57	47	41
64	170	2	2	119	0	1953125	12	0.0	0	0.96	0	0	V0.2	0	0	45	34	39	36	33	34	29	38	20	40	9	30	15	26	14	24	25	23	38	41	41	63	48	78	20	79	41	127	50	116	50	123	111	176	153	145	243	267	398	236	136	99	192	237	381	374	485	639	924	1000	746	776	732	586	594	29	541	697	851	517	363	388	156	85	135	183	166	180	121	182	95	97	44	83	57	86	90	59	63	38	59	24	36	23	28
64	170	2	2	119	0	1953125	12	0.0	0	0.84	0	0	V0.2	0	0	251	220	257	220	239	244	217	255	219	240	231	211	244	197	240	226	210	256	195	251	212	227	259	204	276	222	274	221	257	343	156	315	362	151	364	247	320	408	156	517	194	347	351	286	161	337	202	881	523	940	870	625	1000	562	649	787	474	916	651	395	432	238	203	320	307	194	314	305	238	307	309	213	342	231	284	330	206	326	255	262	295	235	297	242	281
64	170	2	2	119	0	1953125	12	0.0	0	0.96	0	0	V0.2	0	0	212	187	207	187	208	187	208	179	205	180	201	178	199	170	204	167	209	155	213	168	207	172	220	163	236	170	257	136	298	250	218	226	285	303	214	381	192	327	221	614	227	739	309	694	439	737	760	778	999	641	866	461	478	117	259	310	320	479	693	234	610	275	138	238	342	161	266	225	267	196	273	241	229	282	192	285	176	263	205	251	200	245	204	249	200
64	170	2	2	119	0	1953125	12	0.0	0	0.86	0	0	V0.2	0	0	21	25	34	15	43	22	26	31	12	31	13	41	33	18	29	34	30	20	61	44	44	52	37	68	25	80	94	55	121	69	109	79	132	162	98	154	40	25	107	90	227	379	274	423	662	619	590	469	717	734	704	856	505	166	717	408	570	999	939	368	20	140	96	51	119	91	89	120	95	162	123	46	99	66	75	59	38	58	21	57	57	28	49	43	46
64	170	2	2	119	0	1953125	12	0.0	0	0.95	0	0	V0.2	0	0	17	68	11	82	29	59	36	62	46	55	68	55	57	65	84	67	71	78	95	56	96	80	137	53	120	48	113	62	202	190	216	312	264	363	225	306	222	261	207	218	242	107	225	176	280	199	398	702	803	831	658	794	624	482	510	800	999	968	882	667	616	422	356	330	207	173	92	175	78	112	105	195	120	93	125	130	122	67	133	91	90	77	108	83	47
64	170	1	2	119	0	1953125	12	0.0	0	0.95	0	0	V0.2	0	0	23	44	51	20	46	27	54	11	58	36	42	22	55	35	41	47	76	42	65	63	86	60	94	109	70	78	46	100	18	101	91	189	136	156	189	165	171	142	225	160	215	211	205	223	137	113	248	528	926	1000	831	675	681	648	681	354	414	449	290	243	81	103	77	45	101	189	99	87	79	137	105	79	115	80	81	41	93	48	50	56	76	55	50	69	48
64	170	1	2	119	0	1953125	12	0.0	0	0.89	0	0	V0.2	0	0	60	25	41	26	24	29	27	53	15	34	22	34	20	31	45	19	25	35	63	16	50	43	31	39	43	92	40	51	12	80	51	45	127	94	54	140	76	186	80	270	236	201	297	412	465	306	312	136	134	305	447	515	297	299	754	947	1000	855	671	683	425	300	198	160	157	16	129	165	81	71	56	110	94	18	82	50	30	30	63	66	4	56	50	20	24
64	170	1	2	119	0	1953125	12	0.0	0	0.95	0	0	V0.2	0	0	244	265	259	257	262	245	262	251	266	232	259	222	285	208	273	193	289	202	294	191	283	198	335	185	328	181	355	264	309	309	280	374	254	451	146	322	361	558	114	639	213	984	677	740	741	400	617	269	383	586	649	307	319	483	943	203	915	580	1000	492	312	272	403	428	282	311	277	402	246	447	141	415	200	420	223	354	235	355	268	329	263	305	292	303	298
64	170	1	2	119	0	1953125	12	0.0	0	0.96	0	0	V0.2	0	0	36	68	29	59	38	66	58	32	37	44	54	24	48	56	46	38	56	58	39	70	89	32	55	110	151	51	187	155	247	94	200	170	241	195	153	190	319	445	500	664	263	329	605	893	919	736	568	192	446	700	1000	941	904	526	413	412	622	876	823	751	285	210	193	221	144	291	422	254	218	101	244	145	112	99	148	119	87	139	83	72	55	112	55	49	66
64	170	2	2	119	0	1953125	12	0.0	0	0.96	0	0	V0.2	0	0	23	56	25	52	33	54	47	33	38	34	43	24	41	44	43	38	46	49	42	63	68	65	94	94	131	36	135	80	167	65	196	134	224	177	241	281	390	549	536	600	358	524	601	597	634	550	721	537	185	346	735	999	726	245	637	881	825	977	881	604	202	189	270	335	219	225	329	210	156	57	190	104	92	98	150	112	53	97	75	69	50	93	51	35	47
64	170	2	2	119	0	1953125	12	0.0	0	0.95	0	0	V0.2	0	0	22	36	9	33	6	36	5	31	11	28	15	34	27	29	25	39	28	35	26	45	31	50	50	47	52	49	87	47	94	45	92	52	109	118	82	108	132	205	123	166	104	156	95	78	180	258	307	255	168	61	97	20	238	261	374	631	887	1000	770	455	224	23	142	175	224	185	195	86	82	75	102	83	66	84	58	77	43	68	37	56	46	48	40	39	43
64	170	2	2	119	0	1953125	12	0.0	0	0.96	0	0	V0.2	0	0	28	28	13	46	32	33	35	25	33	19	37	12	18	25	32	19	32	52	52	24	46	35	54	34	86	12	45	49	139	49	152	170	264	250	118	155	81	125	84	226	168	201	143	251	280	231	375	694	975	1000	959	952	520	241	248	494	615	775	695	482	276	101	98	201	174	146	195	111	120	50	136	95	95	72	91	90	42	67	54	69	35	61	40	27	25
64	170	2	2	119	0	1953125	12	0.0	0	0.95	0	0	V0.2	0	0	59	44	51	61	34	58	28	66	19	58	34	65	34	65	56	78	61	96	60	92	55	113	71	114	92	113	117	142	184	92	191	158	327	264	311	250	220	204	89	212	56	44	181	342	437	583	713	998	999	805	530	321	533	790	963	916	999	971	624	422	234	275	228	270	204	204	258	141	148	68	184	133	163	129	143	128	90	113	84	110	78	104	72	70	65
64	170	2	2	119	0	1953125	12	0.0	0	0.87	0	0	V0.2	0	0	23	56	12	43	36	22	46	1	42	25	26	29	27	43	23	44	30	51	28	50	58	44	96	47	88	72	63	140	73	141	86	90	134	46	102	70	169	330	253	413	413	351	526	519	498	438	358	363	201	71	141	298	572	1000	976	819	505	599	480	347	193	146	79	44	81	75	72	73	149	107	122	117	55	86	34	69	62	24	58	23	39	32	31	44	21
