34928	35048	35167	35286	35405	35524	35644	35763	35882	36001	36120	36240	36359	36478	36597	36716	36836	36955	37074	37193	37313	37432	37551	37670	37789	37909	38028	38147	38266	38385	38505	38624	38743	38862	38981	39101	39220	39339	39458	39577	39697	39816	39935	40054	40174	40293	40412	40531	40650	40770	40889	41008	41127	41246	41366	41485	41604	41723	41842	41962	42081	42200	42319	42439	42558	42677	42796	42915	43035	43154	43273	43392	43511	43631	43750	43869	43988	44107	44227	44346	44465	44584	44703	44823	44942
64	170	2	2	119	0	1953125	12	0.0	0	0.94	0	0	V0.2	0	0	197	183	139	65	96	160	179	145	70	25	103	132	117	56	54	118	135	114	49	72	185	219	172	90	96	155	205	267	286	202	25	265	362	478	348	158	223	722	572	207	338	354	548	799	754	234	377	645	52	499	971	395	492	626	1000	729	856	287	343	238	399	279	213	96	166	384	345	286	107	95	195	264	268	163	58	78	154	188	168	110	49	50	104	120	106
64	170	2	2	119	0	1953125	12	0.0	0	0.93	0	0	V0.2	0	0	106	102	96	111	90	126	84	125	83	130	89	133	91	124	96	124	112	109	124	81	140	64	146	42	133	75	117	72	124	94	105	108	110	134	72	181	107	307	251	153	136	83	93	100	238	208	384	151	423	388	539	492	635	872	1000	866	657	617	424	331	292	182	169	57	166	56	138	39	82	27	79	17	100	32	98	58	79	77	61	90	38	80	35	91	40
64	170	2	2	119	0	1953125	12	0.0	0	0.88	0	0	V0.2	0	0	70	29	91	45	45	50	44	77	3	81	69	31	42	60	70	17	72	56	62	24	87	95	29	127	92	111	79	77	133	76	61	105	54	134	64	228	139	227	216	193	126	156	550	422	457	703	769	594	286	569	1000	999	497	675	474	877	598	785	970	725	685	642	563	513	204	166	262	169	161	98	186	165	12	135	108	80	76	99	117	40	80	94	33	45	62
64	170	2	2	119	0	1953125	12	0.0	7671	2.34	0	0	V0.2	0	0	27	39	30	25	28	33	19	22	17	22	33	8	23	7	22	6	27	19	28	22	32	23	44	30	23	54	27	101	80	158	91	169	57	84	133	41	104	238	232	119	60	249	486	842	460	711	419	522	678	699	267	757	1000	788	382	311	217	802	514	681	758	188	213	244	85	48	49	88	73	49	63	56	80	7	28	14	54	27	30	24	26	22	7	4	20
64	170	2	2	119	0	1953125	12	0.0	7251	2.26	0	0	V0.2	0	0	14	59	16	66	34	43	23	49	39	21	17	45	42	11	7	47	33	36	20	57	41	63	49	90	121	66	127	29	158	83	183	125	84	87	84	102	172	258	142	96	197	277	266	400	355	464	537	437	393	179	363	442	516	392	296	613	792	1000	963	673	484	147	113	112	138	95	162	136	182	98	59	64	91	77	53	102	73	88	0	77	64	78	27	52	74
64	170	2	2	119	0	1953125	12	0.0	0	0.77	0	0	V0.2	0	0	787	778	803	819	826	856	861	868	872	882	873	868	869	857	863	865	867	880	874	862	848	825	795	760	722	698	695	646	627	619	536	572	679	601	653	585	509	608	631	579	602	496	582	707	639	793	822	837	503	729	333	799	575	962	324	605	1000	358	570	648	765	465	341	540	459	457	444	460	424	448	458	451	441	441	443	446	438	445	452	456	476	473	479	497	501
64	170	2	2	119	0	1953125	12	0.0	0	0.83	0	0	V0.2	0	0	123	118	140	115	139	132	120	142	114	142	140	126	158	125	144	140	115	151	111	138	145	110	151	86	134	143	47	161	92	102	174	42	109	61	144	175	268	423	341	344	292	126	290	358	246	486	470	571	503	264	546	1000	565	511	572	686	650	417	356	112	104	94	178	272	141	53	158	109	80	106	34	144	67	84	138	20	104	78	55	109	52	87	83	62	95
64	170	2	2	119	0	1953125	12	0.0	0	0.98	0	0	V0.2	0	0	57	44	63	35	56	39	69	22	50	44	70	31	57	53	56	44	61	69	53	68	70	68	42	98	107	91	88	73	66	86	118	123	175	61	160	189	395	295	379	180	272	421	627	458	288	226	319	547	774	843	658	448	292	510	532	616	707	999	773	482	235	57	143	124	190	103	187	30	112	105	168	76	91	80	99	53	81	83	65	58	71	72	41	58	62
64	170	2	2	119	0	1953125	12	0.0	0	0.88	0	0	V0.2	0	0	61	54	29	75	16	58	40	42	57	13	59	29	46	32	45	38	43	53	34	63	24	94	59	70	93	65	130	61	106	117	73	215	47	164	134	289	427	251	317	111	230	289	192	350	423	588	746	691	768	912	998	976	673	861	889	1000	910	59	194	288	348	336	160	213	264	170	175	127	102	115	59	144	109	64	87	63	99	42	77	72	26	69	36	52	37
64	170	2	2	119	0	1953125	12	0.0	0	0.87	0	0	V0.2	0	0	85	116	82	120	98	106	115	85	127	85	131	107	111	128	78	139	80	132	126	82	134	61	130	79	103	149	29	136	38	135	76	99	135	32	240	206	234	147	50	140	51	197	303	271	504	389	441	643	743	1000	558	535	323	597	528	355	313	342	156	137	169	46	130	76	180	90	125	64	82	86	35	99	11	79	32	74	62	59	83	26	75	50	64	75	46
64	170	2	2	119	0	1953125	12	0.0	0	0.92	0	0	V0.2	0	0	91	101	88	109	89	110	85	112	96	111	99	105	111	99	118	87	119	88	124	86	102	90	107	103	74	97	66	122	18	122	42	95	100	47	113	94	183	204	345	131	226	109	242	110	400	388	148	138	36	405	430	205	118	269	1000	848	393	674	841	503	342	390	193	241	112	43	20	95	96	44	88	22	83	20	80	43	78	43	68	61	56	85	37	76	34
64	170	2	2	119	0	1953125	12	0.0	7430	2.29	0	0	V0.2	0	0	26	31	24	26	28	27	26	26	30	28	20	30	7	19	13	14	28	14	22	10	20	15	18	58	38	67	63	51	68	61	64	173	63	94	124	270	57	196	197	382	244	446	920	841	1000	671	174	91	191	623	307	536	834	427	591	521	749	650	428	286	207	16	386	197	213	184	132	150	76	58	26	36	92	21	29	30	4	16	15	5	8	6	9	12	21
64	170	2	2	119	0	1953125	12	0.0	0	0.73	0	0	V0.2	0	0	606	604	613	616	622	628	634	644	650	663	674	666	675	676	671	660	662	654	647	645	612	604	593	581	554	558	512	506	481	451	430	493	437	462	500	431	383	412	467	587	396	478	527	527	526	369	453	725	805	515	614	604	410	258	371	203	620	766	1000	678	470	460	408	320	364	264	263	263	280	301	298	310	332	337	344	367	366	367	368	373	394	386	372	373	351
64	170	2	2	119	0	1953125	12	0.0	0	0.86	0	0	V0.2	0	0	39	32	23	47	12	38	35	16	40	7	33	22	28	34	25	41	26	55	36	44	67	27	66	40	40	45	42	83	36	81	53	35	73	37	79	170	212	340	267	338	253	191	397	608	702	829	885	805	456	435	664	1000	970	870	740	337	246	491	436	440	462	335	255	283	217	103	79	60	34	48	50	67	23	46	60	26	67	60	46	59	33	53	51	17	45
64	170	2	2	119	0	1953125	12	0.0	0	0.83	0	0	V0.2	0	0	34	59	8	48	42	19	54	21	42	49	20	44	35	42	40	42	56	34	61	37	48	66	15	83	45	56	116	82	126	164	87	118	149	118	217	172	198	329	356	438	198	220	465	730	693	553	263	407	276	345	543	902	835	424	642	1000	671	321	337	219	193	80	42	134	219	148	207	194	131	147	103	86	125	62	79	99	45	74	60	39	59	27	45	46	24
64	170	2	2	119	0	1953125	12	0.0	0	0.99	0	0	V0.2	0	0	46	23	52	11	44	13	45	9	36	16	45	17	45	28	40	18	31	24	22	45	37	64	61	66	81	54	73	34	2	134	93	158	177	106	147	144	238	235	295	266	559	702	1000	883	748	774	592	369	9	190	367	538	544	537	691	659	461	406	199	211	151	36	26	152	196	126	142	50	86	13	73	20	73	14	59	3	48	22	52	10	27	12	27	14	29
64	170	2	2	119	0	1953125	12	0.0	0	0.81	0	0	V0.2	0	0	159	132	121	170	110	160	163	110	186	130	141	185	104	179	160	123	198	113	154	182	72	201	141	108	206	55	185	191	110	258	129	199	334	154	287	205	142	374	377	304	361	179	379	688	529	879	773	519	694	927	879	999	631	741	984	954	873	326	721	531	341	299	227	263	356	203	222	273	110	188	146	91	210	94	135	184	44	146	130	44	158	78	93	148	25
64	170	2	2	119	0	1953125	12	0.0	84	1.03	0	0	V0.2	0	0	21	41	15	48	7	38	17	40	18	31	27	29	31	21	44	15	39	35	57	33	45	51	42	50	25	76	5	109	69	156	73	147	90	253	217	239	100	132	269	391	181	67	164	169	283	352	210	46	410	534	726	658	367	295	284	573	768	1000	629	478	169	288	344	310	87	95	85	126	92	127	51	42	55	55	51	36	60	34	53	45	47	20	46	43	33
64	170	2	2	119	0	1953125	12	0.0	0	0.68	0	0	V0.2	0	0	19	7	29	30	6	26	36	22	13	38	38	2	30	48	27	12	50	41	3	31	40	22	25	53	47	34	54	86	66	71	97	110	52	124	159	68	118	192	159	279	289	234	346	495	644	501	464	443	895	717	375	345	735	913	858	441	508	1000	632	502	185	248	417	311	133	144	193	159	51	96	145	107	12	86	94	30	48	83	54	10	69	68	32	30	64
64	170	2	2	119	0	1953125	12	0.0	0	0.96	0	0	V0.2	0	0	49	14	58	5	46	6	46	14	40	19	35	16	38	24	35	19	50	25	40	14	69	36	66	44	53	41	65	57	86	113	142	230	115	64	114	205	149	192	112	262	389	498	622	556	328	131	457	397	166	152	638	877	1000	879	254	176	692	846	610	632	564	321	255	212	250	136	69	21	111	89	99	83	50	74	41	62	31	70	34	52	27	49	37	37	33
64	170	2	2	119	0	1953125	12	0.0	0	0.82	0	0	V0.2	0	0	160	96	162	138	118	176	100	160	151	111	187	113	163	177	97	196	119	145	181	74	205	139	104	198	63	164	111	94	216	19	186	225	59	155	249	118	157	175	98	182	237	476	501	758	588	388	616	708	816	1000	891	939	991	774	743	161	497	579	398	320	266	220	169	75	159	187	114	190	58	147	158	30	166	85	95	137	5	138	95	73	137	34	111	108	43
64	170	2	2	119	0	1953125	12	0.0	0	0.89	0	0	V0.2	0	0	11	39	14	33	25	20	35	1	34	12	25	17	25	26	20	25	23	35	12	42	15	49	25	41	48	41	99	39	91	100	104	146	66	144	144	211	226	90	166	218	188	213	338	302	204	169	301	198	300	179	473	718	809	1000	680	498	277	277	309	300	291	286	267	289	130	113	59	48	74	21	71	24	55	51	42	74	29	56	39	33	40	25	44	27	40
64	170	2	2	119	0	1953125	12	0.0	11	1.02	0	0	V0.2	0	0	72	13	68	16	80	14	70	23	55	34	53	55	50	57	42	56	20	67	47	83	53	91	55	83	84	78	95	83	205	211	171	126	89	11	189	142	420	520	736	613	434	155	361	524	715	611	731	919	484	577	45	362	518	616	797	1000	853	472	15	191	400	456	557	440	226	181	192	200	171	177	130	125	74	65	100	82	80	52	74	53	72	57	64	49	59
64	170	2	2	119	0	1953125	12	0.0	0	0.86	0	0	V0.2	0	0	49	25	37	52	3	50	32	23	40	16	43	23	36	42	31	36	34	59	28	51	52	40	70	23	73	73	16	70	35	81	32	118	153	73	193	277	124	130	29	77	142	267	432	292	396	439	280	263	426	490	844	916	996	1000	556	523	475	202	274	112	215	298	238	314	223	176	221	160	153	150	98	146	104	78	101	45	74	61	52	76	46	67	69	50	68
64	170	2	2	119	0	1953125	12	0.0	0	0.92	0	0	V0.2	0	0	18	33	33	16	34	8	35	2	35	15	25	18	26	24	25	25	31	29	27	39	23	54	17	56	26	56	51	12	51	64	22	79	149	105	174	178	178	227	212	249	180	205	268	151	229	201	228	196	43	220	501	706	984	1000	836	587	410	105	317	456	520	491	410	265	109	54	14	86	48	25	26	48	64	51	85	44	43	35	43	52	39	56	41	37	28
64	170	2	2	119	0	1953125	12	0.0	7441	2.30	0	0	V0.2	0	0	41	38	47	40	36	42	28	34	31	33	23	30	31	34	24	31	37	26	38	39	60	30	44	53	62	67	74	76	73	67	57	116	54	235	84	266	114	247	369	431	171	159	656	950	253	493	816	362	589	501	893	1000	552	298	146	655	385	259	258	21	240	255	316	169	202	205	170	97	32	19	7	24	75	16	19	30	24	13	33	19	22	17	25	11	20
64	170	2	2	119	0	1953125	12	0.0	0	0.97	0	0	V0.2	0	0	879	879	913	916	911	892	928	950	967	955	942	974	999	991	955	955	967	973	943	898	890	909	879	817	798	785	785	755	697	658	662	660	665	626	594	711	665	569	696	668	783	657	665	740	639	645	763	728	840	596	814	598	781	837	962	531	280	954	790	270	738	709	551	423	547	511	500	475	454	488	502	468	457	479	499	498	488	482	506	529	537	501	510	531	530
64	170	2	2	119	0	1953125	12	0.0	0	1.01	0	0	V0.2	0	0	26	47	13	41	10	55	15	37	5	48	10	25	23	41	13	16	40	27	38	19	60	18	67	29	75	22	83	37	96	38	93	34	92	36	91	82	89	199	319	192	61	113	500	522	457	181	435	737	1000	721	479	489	578	764	466	101	301	600	438	427	251	92	134	168	87	63	21	78	49	108	35	91	46	89	16	66	39	69	10	51	32	40	12	41	27
64	170	2	2	119	0	1953125	12	0.0	7486	2.30	0	0	V0.2	0	0	23	21	11	28	22	19	19	24	24	17	12	17	20	20	13	7	22	11	22	12	36	10	32	24	30	34	65	52	39	44	74	84	51	94	49	110	99	297	266	262	408	356	283	255	421	444	396	170	223	24	261	925	1000	134	59	139	905	709	538	361	259	441	153	176	92	50	124	28	94	38	20	19	27	10	15	15	17	8	11	13	14	12	5	13	28
64	170	2	2	119	0	1953125	12	0.0	4926	1.86	0	0	V0.2	0	0	29	20	20	12	21	24	20	12	18	17	14	16	18	8	19	14	8	8	7	29	18	20	48	23	2	65	2	71	76	68	16	106	150	121	78	33	129	34	224	387	417	643	469	615	824	768	554	740	450	184	843	223	1000	317	397	944	510	237	502	909	438	371	218	306	140	182	113	117	73	104	55	59	101	37	78	49	56	36	37	37	38	34	31	43	29
64	170	2	2	119	0	1953125	12	0.0	0	0.81	0	0	V0.2	0	0	564	576	586	611	598	597	586	583	588	600	623	646	653	657	637	629	597	586	585	600	595	596	590	562	541	487	463	443	468	487	479	447	390	450	430	366	349	461	532	367	378	440	626	619	457	522	333	342	999	938	729	630	302	356	732	227	619	818	684	331	466	18	485	331	456	469	397	330	247	254	274	288	351	360	374	360	339	316	295	303	327	347	371	375	372
64	170	2	2	119	0	1953125	12	0.0	0	0.77	0	0	V0.2	0	0	136	132	118	142	125	126	148	126	137	147	117	141	146	119	158	145	122	155	130	119	156	126	130	150	84	116	138	54	132	160	58	151	177	63	167	123	133	183	282	92	444	259	51	296	171	175	378	259	230	65	550	952	677	277	75	539	728	1000	837	552	767	723	389	268	233	141	238	251	69	146	173	47	107	127	23	114	124	15	131	112	28	127	97	37	125
64	170	2	2	119	0	1953125	12	0.0	0	0.95	0	0	V0.2	0	0	140	117	149	120	147	109	162	113	165	116	158	117	175	110	179	101	171	110	183	96	163	130	135	127	125	127	127	115	141	163	40	86	142	125	159	216	88	239	310	178	167	372	241	650	670	742	646	631	544	450	782	999	737	773	291	680	899	530	512	178	233	168	165	206	187	303	94	162	26	115	67	167	56	160	25	146	56	112	49	120	85	100	79	86	95
64	170	2	2	119	0	1953125	12	0.0	469	1.10	0	0	V0.2	0	0	36	30	40	8	38	23	36	33	21	42	1	33	30	19	43	24	38	35	33	24	20	55	28	24	62	14	60	44	87	58	42	118	117	144	41	176	53	57	309	420	341	239	117	96	66	305	394	416	298	582	889	991	524	423	599	661	742	920	1000	889	520	209	176	195	325	200	44	127	186	63	35	106	58	64	18	43	55	62	34	27	52	26	44	20	26
64	170	2	2	119	0	1953125	12	0.0	0	0.65	0	0	V0.2	0	0	11	12	18	19	18	13	15	19	20	18	14	17	23	18	14	13	23	22	17	15	35	48	51	50	44	53	63	66	77	62	58	100	84	142	197	247	238	269	234	96	54	224	419	492	323	449	672	602	248	331	630	276	722	818	1000	852	734	404	36	152	210	174	280	259	210	122	68	81	96	70	55	40	45	49	41	37	40	46	43	31	16	20	30	27	18
64	170	2	2	119	0	1953125	12	0.0	0	0.60	0	0	V0.2	0	0	12	23	32	25	11	20	34	32	17	18	32	28	12	25	43	43	17	21	54	71	46	12	24	53	12	36	121	145	103	88	136	144	163	93	101	55	298	229	95	73	130	189	400	273	200	334	458	479	343	356	983	484	200	711	544	399	1000	792	980	928	695	580	367	210	323	363	240	59	42	77	57	27	72	111	106	69	14	57	79	68	25	34	64	57	29
64	170	2	2	119	0	1953125	12	0.0	0	0.51	0	0	V0.2	0	0	17	25	26	18	6	12	26	34	32	22	9	19	34	43	41	27	13	24	46	57	61	58	33	18	41	60	57	75	57	42	31	41	47	33	70	102	188	249	218	139	205	228	299	668	387	184	408	403	435	665	779	756	458	710	1000	703	588	337	389	680	451	322	205	105	102	120	98	44	27	63	75	85	88	56	21	17	44	63	60	48	23	13	34	52	54
64	170	2	2	119	0	1953125	12	0.0	0	0.34	0	0	V0.2	0	0	13	13	13	13	12	12	14	14	14	13	12	13	12	14	15	16	17	13	12	17	25	36	34	37	24	8	38	82	132	115	115	92	80	106	65	27	196	215	455	546	352	215	380	376	490	725	759	558	381	722	464	360	552	839	941	1000	302	607	432	236	453	444	361	194	48	50	40	104	80	67	62	50	33	2	25	14	23	27	16	16	27	26	25	27	22
64	170	2	2	119	0	1953125	12	0.0	0	0.98	0	0	V0.2	0	0	46	25	31	20	35	29	48	10	20	27	46	5	29	47	50	4	35	59	53	20	41	48	41	58	66	24	5	95	114	13	27	111	151	43	100	164	201	120	81	98	268	264	161	122	423	670	650	630	118	467	937	1000	498	84	321	373	374	503	682	683	644	324	116	192	236	47	112	105	103	25	104	90	45	19	61	60	12	30	46	33	21	44	25	18	36
64	170	2	2	119	0	1953125	12	0.0	0	0.58	0	0	V0.2	0	0	21	28	22	8	16	27	30	18	9	20	27	20	10	20	30	28	13	8	33	47	37	23	7	37	36	26	17	50	81	60	26	14	96	121	94	156	187	306	287	240	461	507	300	363	398	65	220	183	366	161	520	783	1000	429	947	841	739	846	638	693	301	198	212	70	139	96	62	143	151	80	40	12	51	60	44	13	23	52	60	46	12	23	41	45	28
