34928	35048	35167	35286	35405	35524	35644	35763	35882	36001	36120	36240	36359	36478	36597	36716	36836	36955	37074	37193	37313	37432	37551	37670	37789	37909	38028	38147	38266	38385	38505	38624	38743	38862	38981	39101	39220	39339	39458	39577	39697	39816	39935	40054	40174	40293	40412	40531	40650	40770	40889	41008	41127	41246	41366	41485	41604	41723	41842	41962	42081	42200	42319	42439	42558	42677	42796	42915	43035	43154	43273	43392	43511	43631	43750	43869	43988	44107	44227	44346	44465	44584	44703	44823	44942
64	170	2	2	119	0	1953125	12	0.0	0	0.95	0	0	V0.2	0	0	128	110	136	113	135	104	135	102	142	99	130	93	139	90	141	81	136	93	145	91	138	108	136	127	143	121	141	203	83	155	98	233	44	221	70	206	75	328	53	369	184	416	434	401	501	218	370	64	390	206	502	469	643	677	567	314	228	572	999	796	697	659	201	394	65	296	115	226	116	207	121	206	156	167	140	182	178	133	187	121	186	111	186	100	187
64	170	1	2	119	0	1953125	12	0.0	0	0.95	0	0	V0.2	0	0	45	5	38	5	43	16	38	27	26	23	30	36	28	36	40	45	31	37	43	56	35	66	29	65	32	115	80	91	60	77	87	95	135	42	111	39	118	147	241	221	327	372	425	475	374	395	267	209	228	214	288	458	503	673	559	292	207	784	1000	924	750	576	305	263	214	201	207	114	122	25	97	59	96	42	70	66	86	83	57	71	48	59	48	58	51
64	170	1	2	119	0	1953125	12	0.0	0	0.95	0	0	V0.2	0	0	108	141	106	140	100	146	103	141	104	133	101	139	108	127	113	114	132	103	140	86	155	81	162	84	170	49	218	110	155	90	192	162	148	210	70	163	175	169	164	254	165	432	249	505	344	407	390	183	335	137	265	218	436	391	479	196	284	676	1000	716	685	478	235	342	132	351	53	284	120	184	97	216	132	179	126	187	166	144	182	120	184	109	188	97	187
64	170	1	2	119	0	1953125	12	0.0	0	0.95	0	0	V0.2	0	0	134	157	128	159	121	165	117	166	117	156	113	164	111	157	114	149	135	137	147	122	167	109	179	111	181	89	253	95	191	113	222	133	209	200	146	198	177	138	222	203	288	444	277	620	311	565	385	400	450	236	359	293	514	514	688	350	63	729	999	704	749	392	316	271	235	338	93	340	72	219	94	255	119	211	113	231	145	199	174	167	181	154	197	132	199
64	170	1	2	119	0	1953125	12	0.0	0	0.95	0	0	V0.2	0	0	21	50	11	48	9	48	16	47	28	29	18	32	25	35	32	49	36	48	46	59	63	48	72	26	62	67	148	64	114	26	107	103	124	143	118	146	47	12	138	195	278	460	524	612	588	544	540	428	508	374	356	420	371	798	644	511	300	826	937	1000	701	480	353	250	298	203	266	210	138	80	87	118	54	72	63	106	68	86	76	62	60	56	69	44	53
64	170	1	2	119	0	1953125	12	0.0	0	0.95	0	0	V0.2	0	0	122	155	124	152	128	150	135	137	139	130	139	124	148	107	159	93	164	87	171	87	169	102	166	107	187	104	191	193	118	178	126	254	51	241	113	195	196	190	167	415	184	535	502	477	588	256	431	98	478	159	381	328	507	744	627	639	303	490	999	825	598	661	170	429	125	317	199	231	246	152	201	158	239	136	208	129	235	105	233	112	212	124	208	142	187
64	170	1	2	119	0	1953125	12	0.0	0	0.91	0	0	V0.2	0	0	55	14	60	14	51	31	37	45	21	47	14	45	22	45	25	44	29	51	40	44	57	22	56	17	65	17	117	89	122	127	37	115	48	155	98	111	203	73	156	97	201	152	107	152	50	278	417	645	803	774	539	671	564	1000	929	825	546	618	504	616	556	429	353	295	202	163	53	143	111	146	129	81	119	62	105	84	57	61	43	79	38	63	54	45	45
64	170	1	2	119	0	1953125	12	0.0	0	0.91	0	0	V0.2	0	0	30	35	44	17	54	9	45	25	30	26	24	36	13	32	24	38	18	51	26	51	24	49	43	34	49	39	85	40	133	88	55	31	85	111	67	162	168	141	162	57	233	100	127	171	190	301	484	780	852	1000	805	932	799	944	837	664	312	227	440	424	298	345	261	217	232	144	55	80	72	143	80	98	83	75	100	55	76	39	54	51	39	57	36	47	34
64	170	1	2	119	0	1953125	12	0.0	0	0.91	0	0	V0.2	0	0	51	8	54	12	47	35	28	42	13	38	9	38	15	34	23	40	24	46	38	36	48	26	62	3	64	13	83	69	78	103	22	71	34	126	62	99	213	129	145	70	152	143	66	234	289	436	573	817	924	1000	796	938	724	887	729	570	278	235	336	332	323	265	267	271	192	171	57	91	66	110	119	58	105	51	92	77	45	58	27	64	29	54	43	36	39
64	170	2	2	119	0	1953125	12	0.0	0	0.92	0	0	V0.2	0	0	176	157	165	173	143	182	139	192	132	180	134	168	151	158	159	132	173	118	193	115	183	120	181	147	179	181	149	190	147	231	165	179	132	229	199	172	326	44	247	187	295	18	392	227	616	566	516	1000	674	937	747	317	301	713	838	679	784	256	449	48	500	318	214	414	38	279	150	328	104	292	278	157	253	164	245	165	240	162	239	169	220	187	203	207	179
64	170	2	2	119	0	1953125	12	0.0	0	0.92	0	0	V0.2	0	0	176	157	165	173	143	182	139	192	132	180	134	168	151	158	159	132	173	118	193	115	183	120	181	147	179	181	149	190	147	231	165	179	132	229	199	172	326	44	247	187	295	18	392	227	616	566	516	1000	674	937	747	317	301	713	838	679	784	256	449	48	500	318	214	414	38	279	150	328	104	292	278	157	253	164	245	165	240	162	239	169	220	187	203	207	179
64	170	2	2	119	0	1953125	12	0.0	0	0.91	0	0	V0.2	0	0	149	181	167	161	178	151	190	137	189	135	183	144	172	155	153	172	132	189	120	188	126	192	134	190	166	163	197	166	224	132	220	178	236	195	175	272	107	323	174	180	120	373	118	450	496	604	710	589	962	697	587	493	379	676	942	1000	580	477	41	353	336	304	451	72	393	163	244	102	323	265	165	310	138	256	156	254	171	232	180	214	207	191	221	168	230
64	170	2	2	119	0	1953125	12	0.0	0	0.91	0	0	V0.2	0	0	199	145	193	155	178	174	167	188	141	191	132	195	137	184	141	164	163	150	188	128	191	121	205	133	211	160	186	175	184	250	156	191	143	242	197	198	298	87	286	200	277	34	398	156	663	575	570	1000	650	944	790	404	295	744	836	792	851	228	483	68	598	386	288	500	6	328	165	317	116	315	315	146	292	151	268	166	256	179	241	190	217	218	194	234	170
64	170	2	2	119	0	1953125	12	0.0	0	0.90	0	0	V0.2	0	0	162	135	169	131	179	133	170	140	150	154	138	168	117	172	107	168	125	154	145	135	160	121	184	110	199	117	194	146	170	208	158	178	122	223	151	175	268	66	201	239	232	65	311	149	581	658	534	1000	653	795	711	296	471	559	905	566	732	182	545	186	544	505	202	510	212	235	239	226	215	154	336	92	266	166	223	208	175	223	155	234	138	229	151	215	177
64	170	2	2	119	0	1953125	12	0.0	0	0.90	0	0	V0.2	0	0	30	55	10	55	20	43	33	31	44	13	46	23	42	24	48	33	44	33	43	50	31	69	22	85	35	84	78	62	116	4	108	60	145	93	51	86	91	72	60	120	100	70	145	201	555	710	737	1000	875	852	672	502	563	600	916	735	504	294	398	346	419	370	406	308	291	200	75	66	66	158	111	119	103	65	101	51	84	52	56	64	38	62	34	50	41
64	170	2	2	119	0	1953125	12	0.0	0	0.90	0	0	V0.2	0	0	137	179	139	182	145	165	155	150	174	135	180	120	172	130	158	157	135	168	113	184	113	189	131	178	167	151	226	95	239	145	237	109	225	208	170	211	189	119	189	281	156	248	158	157	599	429	687	841	494	822	323	555	662	847	1000	616	584	251	443	160	560	343	254	498	116	312	243	205	224	163	301	115	264	152	238	211	179	239	148	238	148	229	167	207	198
64	170	2	2	119	0	1953125	12	0.0	0	0.89	0	0	V0.2	0	0	157	132	149	143	135	150	127	161	121	151	128	133	145	119	158	106	151	113	140	141	124	163	99	179	104	181	177	111	203	139	192	90	227	122	220	144	170	114	185	250	121	318	20	310	380	204	582	517	401	691	152	635	594	940	1000	659	585	205	283	200	458	250	224	426	98	287	225	156	226	111	265	118	210	164	184	201	132	218	125	202	147	182	170	154	195
64	170	2	2	119	0	1953125	12	0.0	0	0.90	0	0	V0.2	0	0	125	147	120	157	117	145	123	137	139	123	147	106	144	106	145	119	128	130	109	147	104	160	100	165	105	171	173	97	233	107	188	96	200	143	193	176	102	149	180	147	177	253	91	294	248	157	513	398	358	550	63	668	542	1000	891	649	493	418	376	388	554	243	346	405	81	305	121	213	148	186	233	99	221	109	218	131	180	175	144	186	127	195	116	191	139
64	170	2	2	119	0	1953125	12	0.0	0	0.91	0	0	V0.2	0	0	27	34	37	24	50	2	46	18	38	25	35	40	25	37	32	41	24	50	27	52	15	58	37	25	28	46	23	82	138	47	105	24	107	98	75	153	138	188	174	115	219	210	163	170	94	205	341	498	362	484	169	495	656	941	1000	718	563	707	817	827	661	640	435	347	291	91	134	102	186	157	103	111	50	110	57	80	50	52	63	47	62	44	62	45	39
64	170	1	2	119	0	1953125	12	0.0	0	0.92	0	0	V0.2	0	0	47	32	33	43	16	44	2	45	18	34	24	30	27	29	33	31	35	38	47	26	57	26	69	40	49	71	18	15	73	64	49	60	41	111	36	141	202	164	236	198	226	260	158	195	28	135	115	296	270	178	119	224	500	669	706	534	544	956	995	1000	756	630	447	280	230	73	144	149	159	148	60	95	46	79	49	52	42	49	69	48	61	46	55	47	35
64	170	2	2	119	0	1953125	12	0.0	0	0.86	0	0	V0.2	0	0	32	15	36	11	27	25	12	34	6	30	26	21	29	22	32	19	37	31	36	39	27	60	29	58	74	36	81	36	53	74	63	154	115	135	185	95	173	161	113	204	204	177	249	102	77	82	256	386	544	519	570	354	279	337	242	338	469	921	1000	773	627	425	281	231	104	94	74	72	104	72	81	71	38	78	44	65	70	40	59	33	43	53	23	44	33
64	170	2	2	119	0	1953125	12	0.0	0	0.86	0	0	V0.2	0	0	40	14	40	25	22	34	4	33	11	28	27	16	29	21	33	18	42	32	37	41	27	65	31	65	78	33	82	31	61	70	87	180	127	182	230	135	215	181	173	259	242	221	314	162	142	72	262	408	579	556	560	433	377	620	482	471	547	926	1000	769	611	407	276	190	99	139	98	136	134	89	99	55	60	84	40	83	61	47	62	28	58	45	32	51	29
64	170	2	2	119	0	1953125	12	0.0	0	0.87	0	0	V0.2	0	0	202	228	197	236	203	215	219	197	222	188	225	187	208	207	178	223	161	234	180	207	211	180	256	142	269	257	156	273	208	292	157	321	310	151	530	131	364	388	218	545	225	511	567	361	757	398	606	607	651	809	456	346	76	1000	357	511	618	994	910	988	215	506	162	369	268	283	476	120	390	351	209	323	208	345	256	265	310	215	305	219	289	264	249	284	216
64	170	2	2	119	0	1953125	12	0.0	0	0.87	0	0	V0.2	0	0	16	54	40	31	57	11	38	25	25	31	10	31	12	23	19	35	22	41	35	23	44	15	81	58	76	134	58	67	51	114	124	106	241	215	310	308	218	284	271	293	527	391	480	644	550	752	552	601	801	448	511	205	538	1000	631	715	435	920	956	686	332	286	130	240	228	246	299	184	194	161	25	98	30	100	86	34	73	22	55	43	25	47	17	41	36
64	170	2	2	119	0	1953125	12	0.0	0	0.87	0	0	V0.2	0	0	44	24	35	42	12	40	15	27	21	18	27	6	27	11	29	12	36	28	27	37	16	55	14	77	80	37	96	37	68	60	111	201	131	242	293	192	283	163	204	257	256	313	319	357	409	393	344	377	390	304	255	515	508	1000	678	569	404	793	731	486	344	176	178	115	201	185	147	172	105	64	46	24	77	46	43	54	12	40	16	38	37	4	34	19	24
64	170	2	2	119	0	1953125	12	0.0	0	0.92	0	0	V0.2	0	0	30	31	35	20	44	5	49	20	34	22	27	26	16	21	23	23	28	41	24	39	24	70	28	74	67	36	76	44	39	26	11	108	91	129	253	162	267	231	163	267	231	276	333	326	413	392	410	409	408	341	183	467	382	604	409	79	326	881	1000	797	720	488	307	266	104	103	94	167	148	87	95	48	97	60	64	48	40	55	36	63	32	56	37	38	35
64	170	2	2	119	0	1953125	12	0.0	0	0.91	0	0	V0.2	0	0	132	143	126	157	118	155	117	146	126	140	137	118	146	102	155	100	149	113	136	127	125	150	117	140	134	161	98	226	102	184	131	219	227	152	377	70	370	269	194	310	65	278	128	331	287	342	453	254	526	205	338	538	706	1000	692	607	61	390	526	645	277	455	368	124	343	128	211	106	235	207	141	218	136	227	101	231	149	184	172	156	187	138	204	122	195
64	170	2	2	119	0	1953125	12	0.0	0	0.91	0	0	V0.2	0	0	198	182	187	201	170	209	159	211	160	204	162	191	181	163	205	138	215	132	210	150	198	177	184	186	202	184	202	291	90	282	113	359	187	337	414	131	534	226	373	329	255	322	85	541	202	684	599	735	1000	579	703	645	930	945	943	579	144	289	876	702	452	750	325	406	473	76	293	171	345	154	288	244	241	256	191	328	156	280	184	255	217	234	243	192	256
64	170	2	2	119	0	1953125	12	0.0	0	0.91	0	0	V0.2	0	0	196	172	182	187	167	199	155	202	149	201	152	190	167	164	191	136	206	124	205	138	195	159	184	171	200	173	194	279	86	271	104	343	161	328	354	108	464	187	344	215	266	312	184	569	317	714	625	884	1000	731	782	583	708	476	739	317	436	452	921	720	540	798	394	467	512	31	283	199	325	106	319	218	242	258	184	308	155	269	170	259	191	238	223	198	240
64	170	2	2	119	0	1953125	12	0.0	0	0.90	0	0	V0.2	0	0	207	155	213	160	202	176	181	199	156	213	138	210	146	193	172	165	192	142	209	128	220	134	221	157	220	213	165	322	82	274	148	321	210	254	328	89	369	217	294	190	215	399	108	552	391	597	527	679	886	578	648	473	722	740	1000	788	524	517	516	596	348	635	563	299	580	199	253	213	280	235	211	348	118	314	152	287	233	215	265	175	266	161	274	178	252
64	170	2	2	119	0	1953125	12	0.0	0	0.89	0	0	V0.2	0	0	6	54	22	42	41	24	50	10	49	27	39	38	34	38	31	41	32	44	28	63	33	65	56	61	92	71	145	98	105	84	52	142	73	175	111	116	161	20	160	119	215	272	219	347	403	363	303	454	540	494	376	441	630	950	999	890	679	389	202	218	453	331	352	386	238	208	125	59	89	95	165	109	116	88	68	107	50	80	58	53	55	42	63	41	49
64	170	2	2	119	0	1953125	12	0.0	0	0.89	0	0	V0.2	0	0	13	46	33	29	48	7	49	17	43	35	30	42	26	41	27	41	26	45	26	55	43	49	64	33	85	45	121	104	68	75	24	146	66	154	126	102	175	58	179	176	215	321	265	343	434	322	280	408	557	540	446	474	570	948	999	878	704	244	24	77	298	246	232	305	188	145	115	27	83	72	145	117	90	87	41	91	53	62	65	39	55	37	55	45	39
64	170	2	2	119	0	1953125	12	0.0	0	0.89	0	0	V0.2	0	0	35	28	47	8	51	17	43	36	27	42	20	44	19	39	28	40	26	42	41	36	56	23	72	15	83	61	85	118	37	58	20	147	92	129	160	72	174	113	164	238	216	333	323	296	450	274	227	367	512	580	456	507	576	928	1000	834	748	334	155	185	172	205	182	229	182	95	89	7	90	90	113	136	71	81	46	63	72	35	70	40	50	44	40	54	32
64	170	2	2	119	0	1953125	12	0.0	0	0.90	0	0	V0.2	0	0	144	168	137	179	124	169	135	162	158	138	170	111	170	116	168	129	147	145	126	168	114	184	105	183	111	205	171	129	252	130	195	107	266	123	245	190	102	265	45	365	268	226	466	116	547	207	356	452	466	688	300	515	347	1000	814	831	695	139	170	67	483	218	294	410	26	298	180	225	119	272	250	131	284	124	241	151	217	194	180	213	145	224	136	220	157
64	170	2	2	119	0	1953125	12	0.0	0	0.90	0	0	V0.2	0	0	164	122	164	132	150	150	131	164	115	167	113	157	127	139	145	118	158	105	165	100	168	119	160	142	148	193	86	246	121	167	155	213	175	162	215	129	244	136	241	219	137	345	70	308	274	422	362	349	626	347	357	185	664	877	1000	941	473	450	141	373	341	337	467	131	384	211	166	153	210	251	95	290	113	226	160	188	206	144	216	123	213	130	204	157	177
64	170	2	2	119	0	1953125	12	0.0	0	0.89	0	0	V0.2	0	0	17	40	37	20	43	3	44	20	33	32	23	36	19	34	22	36	22	41	25	48	41	39	63	34	94	59	108	108	49	80	20	123	59	86	78	54	93	20	124	115	102	142	73	149	266	274	257	349	361	351	89	204	590	1000	956	853	628	368	380	299	508	394	344	372	251	164	120	35	110	87	130	117	78	88	46	89	64	50	63	37	51	33	48	43	33
64	170	2	2	119	0	1953125	12	0.0	0	0.90	0	0	V0.2	0	0	47	14	52	11	47	30	32	42	15	44	20	41	23	37	30	34	25	35	36	33	50	24	62	12	85	53	107	122	71	115	57	152	114	107	113	28	106	68	108	92	120	177	91	205	328	340	398	443	446	419	108	146	614	1000	948	907	690	589	570	471	626	461	394	405	242	169	97	91	130	100	142	82	92	76	61	93	43	61	42	54	47	38	57	39	47
64	170	1	2	119	0	1953125	12	0.0	0	0.91	0	0	V0.2	0	0	166	177	160	191	148	195	144	186	155	175	170	152	181	129	192	127	187	138	172	153	165	178	154	180	158	210	114	271	130	233	163	266	312	92	323	181	225	262	252	152	193	328	60	412	281	482	594	430	788	441	224	239	753	784	1000	869	596	796	628	846	491	624	559	228	475	136	275	122	294	251	182	280	147	275	139	273	180	229	198	207	219	186	238	160	242
64	170	1	2	119	0	1953125	12	0.0	0	0.93	0	0	V0.2	0	0	157	154	173	137	183	137	176	144	159	167	132	177	118	170	129	161	142	147	155	127	186	113	197	125	167	215	116	196	148	189	226	95	247	286	36	296	282	98	333	126	328	239	191	361	102	515	316	565	753	303	451	268	601	622	605	284	458	923	802	1000	557	631	547	106	359	112	294	191	210	265	151	248	134	272	171	207	183	203	229	150	237	133	232	166	210
64	170	1	2	119	0	1953125	12	0.0	0	0.93	0	0	V0.2	0	0	54	12	49	16	43	26	38	42	26	43	25	47	20	40	23	40	15	44	14	49	16	67	46	76	94	57	113	13	85	66	82	148	85	143	192	118	189	174	89	206	175	230	264	234	356	323	444	434	548	423	297	456	400	717	527	318	450	1000	879	814	686	442	271	230	140	165	104	183	122	84	56	78	102	47	77	30	73	42	72	60	46	58	43	57	35
