34928	35048	35167	35286	35405	35524	35644	35763	35882	36001	36120	36240	36359	36478	36597	36716	36836	36955	37074	37193	37313	37432	37551	37670	37789	37909	38028	38147	38266	38385	38505	38624	38743	38862	38981	39101	39220	39339	39458	39577	39697	39816	39935	40054	40174	40293	40412	40531	40650	40770	40889	41008	41127	41246	41366	41485	41604	41723	41842	41962	42081	42200	42319	42439	42558	42677	42796	42915	43035	43154	43273	43392	43511	43631	43750	43869	43988	44107	44227	44346	44465	44584	44703	44823	44942
64	170	2	2	119	0	1953125	12	0.0	0	0.95	0	0	V0.2	0	0	31	37	22	39	22	46	9	34	7	45	7	39	20	38	12	44	24	50	25	75	31	64	38	87	48	86	93	84	104	90	174	111	210	188	329	241	264	296	241	352	205	309	424	552	461	258	199	123	249	382	423	254	211	153	260	402	852	999	547	385	65	123	108	83	67	165	162	83	125	75	127	55	94	69	73	65	49	66	19	45	25	51	23	43	30
64	170	1	2	119	0	1953125	12	0.0	0	0.95	0	0	V0.2	0	0	259	227	269	223	273	222	272	225	272	223	264	227	252	237	242	245	229	257	211	286	187	294	181	305	199	311	160	355	161	386	195	361	307	347	386	260	412	193	556	75	523	41	732	390	526	350	358	254	596	794	524	846	381	488	301	612	408	1000	458	236	211	457	281	274	281	275	428	172	386	154	408	211	368	228	329	268	316	292	277	284	278	315	249	313	230
64	170	2	2	119	0	1953125	12	0.0	4498	1.79	0	0	V0.2	0	0	29	47	43	31	33	31	43	21	26	17	39	17	17	15	28	23	26	21	37	48	17	62	27	67	26	89	28	117	58	94	135	117	216	274	182	142	235	220	276	638	349	376	473	453	411	158	33	364	382	679	725	227	786	284	748	507	818	999	504	557	410	253	281	124	141	63	96	109	70	49	62	52	63	10	21	25	21	31	27	18	12	29	16	16	11
64	170	2	2	119	0	1953125	12	0.0	0	0.95	0	0	V0.2	0	0	52	46	53	40	59	28	65	14	63	19	62	28	61	34	61	42	78	50	106	66	122	58	132	86	128	115	182	202	132	200	156	298	201	366	325	366	330	299	417	385	250	90	427	442	479	155	294	426	757	912	1000	993	806	636	429	527	779	976	592	237	91	171	230	169	307	307	289	265	122	230	130	152	85	136	106	76	93	69	80	49	103	62	75	52	72
64	170	2	2	119	0	1953125	12	0.0	0	0.95	0	0	V0.2	0	0	202	238	188	242	184	256	185	247	179	248	189	242	191	226	199	223	222	199	241	170	270	155	283	129	297	126	340	143	304	186	326	267	272	349	202	425	101	393	140	351	241	397	124	637	338	483	192	690	656	787	1000	553	914	332	570	96	722	484	492	290	322	215	323	306	297	398	109	410	133	385	160	340	204	314	246	280	252	260	274	243	286	208	299	196	303
64	170	2	2	119	0	1953125	12	0.0	0	0.95	0	0	V0.2	0	0	22	59	13	63	12	68	29	54	34	58	44	54	54	62	54	72	71	81	77	88	93	74	107	81	130	78	174	110	159	103	193	187	193	261	209	262	134	210	171	182	22	272	465	488	485	355	439	565	899	924	999	864	677	544	296	458	568	742	382	174	152	231	238	150	229	200	231	162	154	162	122	134	80	130	67	104	73	102	67	81	87	75	78	63	73
64	170	2	2	119	0	1953125	12	0.0	0	0.95	0	0	V0.2	0	0	251	190	258	187	264	191	257	199	250	205	243	215	228	231	211	249	184	270	158	292	144	297	125	320	129	337	143	327	217	307	271	287	374	226	483	77	435	77	395	245	365	64	725	440	586	462	540	543	760	1000	658	998	340	568	97	694	377	891	322	368	169	430	325	289	356	217	452	98	409	102	395	180	359	206	318	237	305	273	258	277	241	308	212	308	194
64	170	2	2	119	0	1953125	12	0.0	0	0.94	0	0	V0.2	0	0	262	193	270	208	265	211	252	219	252	236	225	248	205	269	185	273	167	279	172	278	179	275	192	274	231	250	286	197	309	192	362	133	386	173	366	287	279	245	275	298	374	385	449	821	185	615	126	757	514	1000	849	719	812	181	412	465	914	543	774	3	408	102	390	264	329	336	217	400	178	397	163	363	203	353	235	320	251	294	290	267	296	237	312	222	320
64	170	2	2	119	0	1953125	12	0.0	0	0.94	0	0	V0.2	0	0	243	202	264	200	263	196	262	198	266	199	253	211	238	231	216	244	193	258	180	273	167	281	156	298	172	295	208	266	254	250	321	168	378	108	390	196	310	166	337	237	441	236	657	725	359	589	226	716	399	1000	523	781	521	334	198	555	687	708	661	200	362	123	461	113	399	170	344	308	274	324	218	340	211	352	189	336	194	333	227	304	232	285	259	267	277
64	170	2	2	119	0	1953125	12	0.0	0	0.95	0	0	V0.2	0	0	27	63	49	51	55	45	68	29	66	42	73	47	82	63	81	66	98	72	105	74	120	77	137	111	140	137	156	187	119	198	161	263	206	289	250	201	159	153	184	103	273	416	753	731	666	477	465	654	819	1000	875	790	600	350	199	484	866	910	684	379	335	349	362	304	265	324	199	229	137	217	152	163	139	139	144	108	145	93	116	80	111	85	91	84	78
64	170	2	2	119	0	1953125	12	0.0	0	0.95	0	0	V0.2	0	0	253	200	263	190	272	188	271	190	267	188	267	193	258	207	244	226	223	249	199	276	173	296	145	334	118	357	96	370	160	359	224	342	356	288	444	149	392	160	365	171	368	176	780	371	720	301	640	484	892	918	759	869	309	528	167	587	428	999	279	542	58	559	271	417	309	342	425	176	403	136	428	139	394	157	369	192	354	231	310	240	297	278	262	288	234
64	170	2	2	119	0	1953125	12	0.0	0	0.95	0	0	V0.2	0	0	7	75	7	73	24	73	45	60	53	55	57	57	70	63	68	79	83	87	102	98	121	88	159	104	177	107	224	164	207	184	248	304	279	403	337	413	287	322	325	332	255	252	577	586	605	351	340	462	833	1000	962	971	743	587	298	451	626	800	461	157	204	261	306	184	269	264	259	211	154	234	146	184	98	164	101	117	103	99	92	69	107	72	83	57	76
64	170	2	2	119	0	1953125	12	0.0	0	0.95	0	0	V0.2	0	0	193	262	191	259	197	257	216	242	224	227	239	211	255	183	268	165	290	140	300	127	304	146	314	168	299	209	295	293	236	324	216	439	104	528	79	535	218	453	348	348	348	404	514	507	684	184	433	267	830	507	999	638	784	606	411	347	673	808	314	380	313	336	172	376	145	464	154	367	228	359	302	278	320	237	351	205	357	180	341	192	342	191	324	211	304
64	170	2	2	119	0	1953125	12	0.0	0	0.95	0	0	V0.2	0	0	242	212	249	197	261	192	273	180	270	171	279	172	272	166	269	174	273	181	259	207	247	238	232	263	214	295	184	351	144	366	111	463	19	528	182	520	307	415	437	291	464	360	614	416	782	110	391	188	738	422	1000	585	840	573	440	353	727	761	503	319	346	341	216	367	178	465	92	400	157	403	206	352	236	316	281	288	298	247	307	237	320	210	320	193	325
64	170	2	2	119	0	1953125	12	0.0	0	0.95	0	0	V0.2	0	0	32	69	27	77	20	84	32	73	43	76	56	70	65	76	65	89	81	102	91	113	107	105	130	113	154	103	198	124	202	128	260	223	288	333	369	429	305	408	340	396	324	386	521	620	651	360	249	289	578	705	891	830	879	756	580	694	798	1000	538	256	171	278	246	187	235	213	273	172	178	179	166	168	124	168	101	140	98	134	92	104	100	97	98	85	96
64	170	2	2	119	0	1953125	12	0.0	0	0.95	0	0	V0.2	0	0	28	72	48	61	58	60	79	41	78	53	85	51	85	68	85	72	109	85	122	91	139	86	152	114	155	129	179	197	148	199	189	308	239	404	398	434	391	375	461	377	417	306	619	640	637	423	217	342	527	823	770	847	901	757	680	750	920	1000	605	195	252	223	264	228	230	295	221	235	136	228	148	184	145	151	149	114	145	95	124	85	124	90	105	94	93
64	170	2	2	119	0	1953125	12	0.0	0	0.95	0	0	V0.2	0	0	226	181	234	173	241	167	245	167	243	167	238	177	226	186	216	198	205	214	185	246	155	260	136	285	125	301	92	327	122	325	135	352	207	370	370	318	459	199	541	131	533	30	642	314	555	341	265	202	531	588	593	749	384	597	218	730	471	1000	224	345	125	346	215	311	217	301	351	161	344	148	366	135	349	140	327	179	308	209	270	214	265	242	238	252	211
64	170	2	2	119	0	1953125	12	0.0	0	0.95	0	0	V0.2	0	0	286	251	277	260	274	283	256	287	238	306	221	317	198	313	197	326	185	328	180	332	222	310	247	296	286	280	339	226	372	221	439	143	499	12	652	196	571	398	494	630	376	546	451	889	277	664	229	459	164	987	474	847	672	483	489	798	999	861	778	49	364	164	477	159	463	164	446	340	356	343	300	389	266	413	209	407	209	402	227	373	225	373	248	353	267
64	170	2	2	119	0	1953125	12	0.0	0	0.95	0	0	V0.2	0	0	14	68	9	66	17	71	37	60	47	63	57	59	64	61	59	70	74	82	88	94	110	80	130	84	137	74	175	104	161	106	196	195	205	299	317	392	286	434	343	436	400	352	586	601	642	394	228	146	425	585	644	669	622	577	475	690	848	1000	530	275	131	144	227	106	213	211	234	188	152	177	132	163	98	157	98	125	96	103	86	73	88	72	86	69	83
64	170	2	2	119	0	1953125	12	0.0	0	0.95	0	0	V0.2	0	0	10	66	26	58	35	57	52	44	60	48	66	45	67	54	65	61	83	70	96	78	117	67	131	82	127	84	156	134	131	134	152	217	159	298	285	357	283	375	346	353	391	294	577	567	601	378	166	201	435	629	629	684	611	603	542	722	913	1000	595	285	205	192	262	151	211	247	206	216	131	199	127	164	110	147	118	109	117	86	99	66	100	68	89	75	82
64	170	2	2	119	0	1953125	12	0.0	0	0.95	0	0	V0.2	0	0	5	62	23	57	32	55	49	41	54	48	61	44	66	53	61	59	78	69	92	76	112	64	126	76	121	78	151	125	126	123	141	201	146	279	266	338	264	352	310	318	350	279	548	539	587	360	186	206	428	599	608	640	574	576	494	696	905	1000	630	317	214	194	246	136	195	223	198	203	122	189	121	158	103	141	110	106	112	83	91	64	92	64	82	68	76
64	170	2	2	119	0	1953125	12	0.0	0	0.95	0	0	V0.2	0	0	28	52	43	39	48	37	61	23	58	35	65	37	65	47	62	48	79	58	92	68	107	68	114	90	100	103	120	147	89	142	110	213	136	269	279	291	284	286	308	259	320	254	545	555	533	355	130	252	413	639	607	628	579	523	521	678	968	1000	663	356	200	218	201	158	164	251	173	202	114	182	137	142	128	118	129	86	123	74	92	62	89	69	73	75	68
64	170	1	2	119	0	1953125	12	0.0	0	0.95	0	0	V0.2	0	0	18	57	30	48	37	45	52	31	54	39	61	37	62	44	57	49	72	57	89	66	106	58	117	75	105	80	129	127	99	123	124	206	130	276	252	294	249	287	266	243	282	229	532	533	549	323	67	189	440	620	622	632	580	544	459	663	942	1000	658	335	198	193	196	122	175	227	174	191	97	175	112	146	108	126	114	89	112	67	87	54	86	58	76	66	66
64	170	1	2	119	0	1953125	12	0.0	0	0.95	0	0	V0.2	0	0	194	240	188	242	191	250	195	240	192	240	204	227	211	209	220	205	232	187	248	164	275	146	290	128	289	142	318	154	301	160	342	211	313	328	320	420	171	470	65	496	43	471	181	717	431	375	323	342	187	598	521	443	733	298	657	317	1000	658	757	333	328	242	318	282	312	314	216	373	184	363	146	361	153	358	180	325	202	300	232	282	234	264	248	250	266
64	170	1	2	119	0	1953125	12	0.0	0	0.95	0	0	V0.2	0	0	215	192	219	186	226	181	230	178	229	172	230	174	224	179	215	184	210	190	200	214	179	236	158	260	151	267	133	288	145	286	116	335	169	349	260	287	347	228	376	24	362	150	553	180	583	269	218	112	488	290	587	445	354	556	218	665	499	1000	286	454	166	345	247	254	195	294	322	187	296	185	333	164	327	150	312	179	299	204	262	209	262	227	245	233	224
64	170	1	2	119	0	1953125	12	0.0	0	0.95	0	0	V0.2	0	0	40	38	41	29	43	25	52	6	40	15	54	18	39	26	53	20	44	43	83	37	85	48	110	56	85	74	109	108	85	110	107	187	118	289	228	286	253	276	248	239	215	109	414	431	505	265	13	145	451	598	663	626	513	465	371	680	929	999	701	382	237	197	217	143	124	162	159	173	57	151	101	156	76	118	99	87	81	54	78	38	61	40	71	48	51
64	170	1	2	119	0	1953125	12	0.0	0	0.95	0	0	V0.2	0	0	209	184	212	179	219	174	222	172	221	169	220	172	210	180	202	184	196	190	186	217	163	233	144	249	148	259	121	280	139	280	126	318	176	320	293	264	385	169	403	108	361	128	458	150	447	282	166	129	507	299	620	471	312	489	241	708	511	999	349	449	198	311	315	178	227	240	316	171	284	165	323	154	316	152	292	187	277	213	242	212	240	228	227	230	207
64	170	1	2	119	0	1953125	12	0.0	0	0.95	0	0	V0.2	0	0	37	57	26	57	23	74	11	64	19	64	24	62	43	62	38	75	50	85	62	117	71	111	87	131	104	138	183	156	195	120	259	179	319	281	421	387	352	428	344	485	193	130	257	516	453	309	57	280	461	691	937	862	903	653	477	567	822	1000	551	351	192	308	169	202	165	288	286	182	219	160	204	109	152	103	111	83	90	97	59	79	61	87	56	79	63
64	170	1	2	119	0	1953125	12	0.0	0	0.95	0	0	V0.2	0	0	57	18	56	8	64	11	62	23	55	32	54	43	55	46	61	56	75	62	95	86	93	97	101	131	90	163	126	217	115	203	168	253	254	281	369	277	342	232	346	318	173	150	499	616	629	486	199	345	437	671	818	926	999	726	538	427	793	833	570	255	228	328	228	236	212	328	246	251	162	206	184	122	145	102	136	62	124	80	93	63	95	83	73	81	73
64	170	1	2	119	0	1953125	12	0.0	0	0.95	0	0	V0.2	0	0	215	248	206	253	197	266	200	260	193	258	197	257	203	239	212	230	236	210	253	180	279	170	298	139	311	136	355	158	323	207	329	285	268	353	197	430	122	365	137	406	178	459	198	826	541	588	331	421	390	529	762	461	1000	487	584	100	668	447	546	308	329	299	297	356	276	417	100	440	148	396	187	345	231	321	270	282	279	263	302	240	306	218	316	205	323
64	170	1	2	119	0	1953125	12	0.0	0	0.95	0	0	V0.2	0	0	30	69	19	74	9	79	28	66	34	67	45	65	60	72	58	80	74	91	83	100	102	86	120	91	148	81	200	121	193	102	206	193	193	234	197	256	105	189	125	267	146	367	612	830	882	665	488	434	716	761	953	977	1000	972	608	288	434	796	520	233	115	261	296	157	207	209	283	202	153	165	136	152	78	142	72	112	71	113	78	76	85	74	84	65	86
64	170	1	2	119	0	1953125	12	0.0	0	0.94	0	0	V0.2	0	0	8	66	12	64	35	47	44	37	49	37	61	34	59	43	63	41	65	46	77	32	83	40	104	64	96	95	93	131	43	126	52	172	109	155	161	124	110	118	164	109	277	305	703	855	851	751	455	569	623	889	866	922	1000	811	685	180	413	597	510	161	63	253	181	207	37	215	182	174	141	100	156	55	122	65	109	59	89	87	57	71	51	76	36	69	65
64	170	2	2	119	0	1953125	12	0.0	0	0.95	0	0	V0.2	0	0	63	20	65	8	68	15	62	27	52	33	52	45	55	51	60	58	68	57	79	80	75	90	86	133	60	151	87	195	99	174	138	194	222	177	244	138	170	93	256	234	408	411	771	1000	988	885	437	510	610	914	953	960	987	747	534	142	486	693	523	298	119	323	234	243	55	263	165	171	104	135	154	85	118	70	130	41	110	66	79	52	75	72	51	62	54
64	170	2	2	119	0	1953125	12	0.0	0	0.95	0	0	V0.2	0	0	59	33	61	19	68	6	70	13	58	22	59	37	65	52	68	51	74	46	88	62	98	79	105	118	89	136	105	203	91	201	112	205	159	205	192	202	196	236	338	358	596	481	789	966	1000	991	564	381	299	725	757	930	881	655	485	313	285	747	471	401	229	299	285	270	16	212	110	165	52	169	122	115	104	99	131	51	112	57	87	35	83	54	55	56	55
64	170	2	2	119	0	1953125	12	0.0	0	0.95	0	0	V0.2	0	0	37	53	29	56	21	65	2	53	6	59	19	59	40	61	36	65	39	67	41	96	55	92	77	115	103	99	156	107	169	51	187	79	152	79	250	182	260	275	344	491	480	643	728	1000	892	683	497	205	370	548	743	776	736	441	201	346	528	918	391	434	128	270	236	175	76	140	186	69	111	77	157	74	118	95	102	89	70	96	43	69	43	75	45	58	49
64	170	2	2	119	0	1953125	12	0.0	0	0.95	0	0	V0.2	0	0	17	71	19	64	21	68	43	48	40	53	50	51	67	57	57	63	68	64	72	86	105	71	129	84	152	63	202	113	171	112	178	171	127	182	220	297	238	411	352	534	550	673	852	987	1000	689	471	193	419	643	781	829	676	385	176	380	459	926	431	364	238	258	271	118	156	143	204	108	131	133	135	135	94	143	67	115	63	104	50	73	63	65	60	50	59
64	170	2	2	119	0	1953125	12	0.0	0	0.95	0	0	V0.2	0	0	220	258	222	249	230	246	245	234	247	218	264	203	276	181	277	176	282	171	287	163	289	182	295	204	272	237	272	299	209	321	187	375	156	385	124	451	89	515	97	555	385	647	708	765	1000	361	640	55	543	300	885	522	760	570	100	137	599	684	381	520	295	420	102	396	221	427	161	364	227	373	246	334	274	307	317	269	332	234	335	234	335	219	333	217	331
64	170	2	2	119	0	1953125	12	0.0	0	0.95	0	0	V0.2	0	0	63	22	69	11	71	20	69	34	62	46	63	58	65	68	69	64	72	72	83	88	83	109	87	142	77	160	102	178	111	146	154	161	194	142	241	163	267	225	366	373	511	568	778	1000	902	818	521	342	337	643	773	804	769	484	160	140	527	769	465	411	221	310	217	209	67	221	181	122	129	117	162	80	136	86	120	81	109	101	66	78	68	82	56	76	66
64	170	2	2	119	0	1953125	12	0.0	0	0.95	0	0	V0.2	0	0	55	55	45	64	34	75	21	72	27	75	38	78	56	79	58	86	60	93	63	113	72	118	102	136	127	121	180	109	178	73	211	124	206	160	244	194	226	265	281	408	415	621	744	999	954	757	587	336	523	705	889	832	703	526	101	144	601	918	502	463	220	345	300	192	152	200	235	117	159	118	169	114	129	130	96	116	90	123	64	94	74	88	70	77	80
64	170	2	2	119	0	1953125	12	0.0	0	0.95	0	0	V0.2	0	0	42	70	29	76	18	86	22	71	31	77	46	76	63	81	62	85	68	93	73	111	94	107	126	122	156	107	206	110	189	79	205	152	189	200	224	230	183	290	228	384	405	617	777	999	1000	793	656	377	595	764	912	875	731	663	254	166	642	973	558	474	272	391	374	230	239	233	273	177	164	153	163	154	114	161	91	136	89	132	82	97	90	84	84	74	90
